2 11151   沓形            45 10.6  141  8.3   14
             1.05  1.95  3.21  4.17  4.76  5.09  4.70  4.07  3.66  2.26  1.15  0.80     3.07  1.27  4.05  4.62  2.36
             1.39  2.45  3.83  4.74  5.54  5.95  6.33  4.75  4.33  2.57  1.52  0.91     3.30  1.52  4.35  5.19  2.60
             0.84  1.51  2.44  3.48  3.71  4.03  3.30  2.89  2.85  1.77  0.85  0.64     2.56  1.04  3.29  3.41  1.95
  0   10     1.15  2.15  3.49  4.37  4.84  5.12  4.74  4.18  3.96  2.54  1.29  0.88     3.23  1.39  4.24  4.68  2.60
  0   20     1.24  2.34  3.73  4.50  4.85  5.06  4.70  4.23  4.17  2.78  1.42  0.94     3.33  1.51  4.36  4.66  2.79
  0   30     1.32  2.50  3.91  4.53  4.75  4.91  4.58  4.19  4.28  2.95  1.51  0.99     3.37  1.60  4.40  4.56  2.91
  0   40     1.38  2.62  4.03  4.48  4.55  4.66  4.37  4.06  4.30  3.05  1.58  1.02     3.34  1.67  4.35  4.36  2.98
  0   50     1.42  2.70  4.09  4.34  4.27  4.33  4.08  3.86  4.21  3.08  1.61  1.04     3.25  1.72  4.23  4.09  2.97
  0   60     1.44  2.73  4.08  4.12  3.92  3.93  3.72  3.59  4.04  3.05  1.61  1.05     3.11  1.74  4.04  3.74  2.90
  0   70     1.44  2.73  4.00  3.82  3.49  3.46  3.30  3.24  3.77  2.94  1.58  1.04     2.90  1.74  3.77  3.33  2.76
  0   80     1.42  2.67  3.86  3.45  3.00  2.95  2.84  2.85  3.42  2.77  1.51  1.01     2.65  1.70  3.44  2.88  2.56
  0   90     1.38  2.58  3.66  3.02  2.50  2.42  2.35  2.41  3.00  2.53  1.41  0.97     2.35  1.64  3.06  2.40  2.31
 15   10     1.15  2.15  3.48  4.36  4.84  5.12  4.74  4.18  3.95  2.54  1.28  0.87     3.22  1.39  4.23  4.68  2.59
 15   20     1.24  2.33  3.71  4.48  4.84  5.06  4.70  4.22  4.15  2.76  1.41  0.93     3.32  1.50  4.35  4.66  2.77
 15   30     1.31  2.48  3.89  4.52  4.74  4.90  4.58  4.18  4.26  2.92  1.50  0.98     3.35  1.59  4.38  4.55  2.89
 15   40     1.37  2.59  4.00  4.47  4.55  4.66  4.37  4.06  4.28  3.02  1.56  1.01     3.33  1.66  4.34  4.36  2.95
 15   50     1.41  2.66  4.05  4.33  4.28  4.33  4.08  3.85  4.19  3.04  1.59  1.03     3.24  1.70  4.22  4.09  2.94
 15   60     1.43  2.69  4.04  4.11  3.92  3.94  3.73  3.58  4.01  3.00  1.59  1.03     3.09  1.72  4.02  3.75  2.87
 15   70     1.43  2.68  3.96  3.81  3.51  3.49  3.32  3.25  3.75  2.89  1.55  1.02     2.89  1.71  3.76  3.35  2.73
 15   80     1.41  2.63  3.82  3.45  3.04  2.99  2.87  2.86  3.41  2.71  1.48  1.00     2.64  1.68  3.44  2.91  2.54
 15   90     1.37  2.53  3.62  3.04  2.54  2.47  2.39  2.44  3.00  2.48  1.38  0.96     2.35  1.62  3.07  2.43  2.29
 30   10     1.14  2.13  3.46  4.34  4.84  5.11  4.73  4.17  3.92  2.51  1.27  0.86     3.21  1.38  4.21  4.67  2.56
 30   20     1.22  2.28  3.66  4.44  4.82  5.05  4.69  4.20  4.10  2.70  1.37  0.92     3.29  1.47  4.31  4.65  2.72
 30   30     1.28  2.41  3.81  4.46  4.73  4.90  4.57  4.16  4.18  2.84  1.45  0.96     3.31  1.55  4.34  4.54  2.83
 30   40     1.33  2.51  3.91  4.41  4.54  4.67  4.37  4.04  4.19  2.91  1.50  0.98     3.28  1.61  4.29  4.36  2.87
 30   50     1.36  2.56  3.94  4.27  4.29  4.36  4.09  3.84  4.11  2.92  1.52  1.00     3.19  1.64  4.17  4.10  2.85
 30   60     1.38  2.58  3.92  4.05  3.94  3.98  3.75  3.57  3.93  2.87  1.51  1.00     3.04  1.65  3.97  3.77  2.77
 30   70     1.37  2.56  3.84  3.77  3.56  3.56  3.37  3.26  3.67  2.75  1.46  0.98     2.85  1.64  3.72  3.40  2.63
 30   80     1.35  2.50  3.70  3.43  3.11  3.09  2.95  2.89  3.35  2.57  1.39  0.95     2.61  1.60  3.42  2.98  2.44
 30   90     1.31  2.41  3.51  3.05  2.66  2.61  2.50  2.50  2.95  2.34  1.29  0.91     2.34  1.54  3.07  2.54  2.19
 45   10     1.12  2.09  3.41  4.30  4.82  5.10  4.71  4.14  3.87  2.46  1.24  0.85     3.18  1.35  4.18  4.65  2.52
 45   20     1.18  2.21  3.57  4.37  4.80  5.03  4.67  4.16  4.00  2.61  1.32  0.89     3.24  1.43  4.25  4.62  2.65
 45   30     1.23  2.31  3.69  4.37  4.69  4.88  4.54  4.11  4.07  2.71  1.38  0.92     3.24  1.49  4.25  4.51  2.72
 45   40     1.27  2.38  3.76  4.30  4.52  4.67  4.35  3.98  4.05  2.75  1.41  0.94     3.20  1.53  4.19  4.33  2.74
 45   50     1.29  2.42  3.78  4.16  4.27  4.37  4.09  3.79  3.95  2.74  1.41  0.94     3.10  1.55  4.07  4.08  2.70
 45   60     1.29  2.42  3.74  3.95  3.96  4.02  3.77  3.54  3.78  2.67  1.39  0.93     2.96  1.55  3.88  3.78  2.61
 45   70     1.28  2.38  3.65  3.68  3.59  3.63  3.41  3.24  3.52  2.55  1.33  0.91     2.77  1.52  3.64  3.43  2.47
 45   80     1.25  2.32  3.53  3.37  3.19  3.19  3.01  2.90  3.23  2.37  1.26  0.88     2.54  1.49  3.36  3.03  2.28
 45   90     1.21  2.23  3.36  3.02  2.77  2.76  2.61  2.54  2.87  2.15  1.16  0.84     2.29  1.43  3.05  2.64  2.06
 60   10     1.10  2.04  3.35  4.25  4.79  5.08  4.70  4.11  3.80  2.40  1.21  0.84     3.14  1.33  4.13  4.63  2.47
 60   20     1.14  2.13  3.46  4.28  4.75  5.00  4.63  4.10  3.89  2.50  1.26  0.86     3.17  1.37  4.16  4.58  2.55
 60   30     1.17  2.19  3.53  4.25  4.64  4.85  4.50  4.03  3.90  2.55  1.29  0.87     3.15  1.41  4.14  4.46  2.58
 60   40     1.18  2.22  3.56  4.16  4.45  4.63  4.30  3.90  3.86  2.56  1.29  0.88     3.08  1.43  4.06  4.28  2.57
 60   50     1.19  2.23  3.56  4.00  4.22  4.36  4.05  3.71  3.74  2.52  1.28  0.87     2.98  1.43  3.93  4.04  2.51
 60   60     1.18  2.22  3.52  3.80  3.92  4.03  3.75  3.47  3.57  2.43  1.24  0.85     2.83  1.42  3.75  3.75  2.41
 60   70     1.16  2.17  3.43  3.55  3.59  3.65  3.41  3.18  3.34  2.30  1.18  0.83     2.65  1.39  3.52  3.41  2.27
 60   80     1.13  2.12  3.32  3.27  3.22  3.27  3.05  2.87  3.05  2.13  1.10  0.79     2.44  1.35  3.27  3.06  2.09
 60   90     1.09  2.04  3.17  2.95  2.82  2.85  2.67  2.53  2.73  1.93  1.00  0.75     2.21  1.29  2.98  2.69  1.89
 75   10     1.07  1.99  3.28  4.19  4.76  5.06  4.67  4.07  3.73  2.33  1.17  0.82     3.10  1.29  4.08  4.60  2.41
 75   20     1.09  2.02  3.32  4.17  4.69  4.96  4.59  4.03  3.74  2.36  1.19  0.82     3.08  1.31  4.06  4.53  2.43
 75   30     1.09  2.04  3.34  4.09  4.56  4.80  4.44  3.93  3.71  2.36  1.19  0.82     3.03  1.32  4.00  4.39  2.42
 75   40     1.09  2.04  3.34  3.98  4.37  4.58  4.24  3.78  3.62  2.32  1.17  0.81     2.94  1.31  3.89  4.20  2.37
 75   50     1.08  2.03  3.31  3.81  4.12  4.30  3.98  3.59  3.49  2.27  1.14  0.79     2.83  1.30  3.75  3.96  2.30
 75   60     1.07  2.00  3.25  3.61  3.85  3.99  3.70  3.35  3.30  2.16  1.08  0.77     2.68  1.28  3.57  3.68  2.18
 75   70     1.04  1.96  3.18  3.38  3.53  3.64  3.38  3.09  3.09  2.03  1.02  0.74     2.51  1.25  3.36  3.37  2.05
 75   80     1.01  1.90  3.07  3.11  3.18  3.26  3.03  2.79  2.82  1.88  0.94  0.70     2.31  1.21  3.12  3.03  1.88
 75   90     0.98  1.84  2.96  2.84  2.83  2.89  2.69  2.49  2.54  1.69  0.85  0.66     2.11  1.16  2.88  2.69  1.70
 90   10     1.04  1.93  3.20  4.13  4.72  5.04  4.64  4.03  3.64  2.25  1.13  0.80     3.05  1.26  4.02  4.57  2.34
 90   20     1.03  1.91  3.17  4.04  4.62  4.91  4.53  3.94  3.58  2.21  1.11  0.78     2.99  1.24  3.94  4.46  2.30
 90   30     1.01  1.89  3.13  3.92  4.45  4.72  4.36  3.81  3.48  2.16  1.08  0.76     2.90  1.22  3.83  4.30  2.24
 90   40     1.00  1.86  3.09  3.76  4.24  4.49  4.14  3.63  3.35  2.09  1.04  0.74     2.79  1.20  3.70  4.09  2.16
 90   50     0.98  1.83  3.04  3.58  3.99  4.21  3.88  3.43  3.19  1.99  0.99  0.72     2.65  1.18  3.54  3.84  2.06
 90   60     0.96  1.79  2.97  3.38  3.71  3.89  3.59  3.20  3.01  1.89  0.94  0.69     2.50  1.15  3.35  3.56  1.94
 90   70     0.94  1.75  2.90  3.14  3.41  3.56  3.29  2.93  2.78  1.75  0.87  0.66     2.33  1.12  3.15  3.26  1.80
 90   80     0.91  1.70  2.82  2.92  3.09  3.21  2.97  2.67  2.56  1.62  0.80  0.63     2.16  1.08  2.94  2.95  1.66
 90   90     0.88  1.66  2.73  2.66  2.75  2.85  2.64  2.38  2.29  1.46  0.72  0.59     1.97  1.04  2.71  2.62  1.49
105   10     1.01  1.87  3.12  4.06  4.68  5.01  4.62  3.98  3.55  2.17  1.09  0.78     3.00  1.22  3.96  4.54  2.27
105   20     0.98  1.80  3.02  3.91  4.54  4.86  4.47  3.85  3.40  2.06  1.03  0.75     2.89  1.18  3.82  4.39  2.17
105   30     0.94  1.73  2.92  3.73  4.33  4.63  4.27  3.67  3.24  1.95  0.97  0.71     2.76  1.13  3.66  4.19  2.05
105   40     0.92  1.68  2.83  3.53  4.09  4.37  4.02  3.46  3.06  1.83  0.92  0.68     2.62  1.09  3.48  3.95  1.94
105   50     0.89  1.64  2.75  3.31  3.81  4.07  3.74  3.24  2.86  1.72  0.86  0.66     2.46  1.06  3.29  3.68  1.82
105   60     0.87  1.59  2.69  3.10  3.53  3.75  3.45  3.00  2.66  1.61  0.81  0.63     2.31  1.03  3.11  3.40  1.69
105   70     0.85  1.56  2.61  2.89  3.23  3.42  3.15  2.75  2.47  1.49  0.74  0.60     2.15  1.01  2.91  3.11  1.56
105   80     0.83  1.53  2.56  2.67  2.92  3.09  2.84  2.49  2.25  1.36  0.68  0.58     1.98  0.98  2.72  2.81  1.43
105   90     0.81  1.50  2.50  2.46  2.63  2.76  2.54  2.24  2.04  1.24  0.62  0.55     1.82  0.95  2.53  2.51  1.30
120   10     0.99  1.82  3.05  4.00  4.65  4.99  4.59  3.94  3.47  2.10  1.05  0.76     2.95  1.19  3.90  4.51  2.21
120   20     0.93  1.70  2.87  3.78  4.45  4.80  4.41  3.76  3.23  1.92  0.96  0.71     2.79  1.11  3.70  4.32  2.04
120   30     0.88  1.60  2.71  3.53  4.20  4.54  4.17  3.53  2.98  1.75  0.88  0.67     2.62  1.05  3.48  4.08  1.87
120   40     0.85  1.52  2.58  3.28  3.90  4.22  3.88  3.28  2.74  1.60  0.82  0.64     2.44  1.00  3.25  3.79  1.72
120   50     0.83  1.47  2.47  3.04  3.60  3.89  3.57  3.02  2.52  1.47  0.76  0.62     2.27  0.97  3.04  3.50  1.58
120   60     0.81  1.43  2.40  2.81  3.29  3.56  3.27  2.77  2.31  1.35  0.70  0.59     2.11  0.94  2.84  3.20  1.46
120   70     0.80  1.41  2.35  2.60  3.00  3.23  2.96  2.52  2.12  1.24  0.65  0.57     1.96  0.93  2.65  2.91  1.34
120   80     0.78  1.40  2.32  2.41  2.71  2.91  2.67  2.29  1.93  1.14  0.60  0.55     1.81  0.91  2.48  2.62  1.22
120   90     0.78  1.38  2.29  2.23  2.43  2.60  2.38  2.06  1.76  1.04  0.55  0.53     1.67  0.90  2.31  2.35  1.12
135   10     0.97  1.77  2.98  3.94  4.61  4.97  4.57  3.90  3.39  2.03  1.02  0.74     2.91  1.16  3.85  4.48  2.15
135   20     0.89  1.61  2.74  3.66  4.38  4.75  4.36  3.68  3.08  1.78  0.90  0.68     2.71  1.06  3.59  4.27  1.92
135   30     0.83  1.47  2.51  3.34  4.08  4.45  4.08  3.40  2.74  1.55  0.80  0.64     2.49  0.98  3.31  3.98  1.70
135   40     0.80  1.38  2.33  3.02  3.72  4.09  3.74  3.09  2.43  1.37  0.73  0.61     2.28  0.93  3.02  3.64  1.51
135   50     0.79  1.33  2.20  2.74  3.36  3.69  3.38  2.79  2.17  1.24  0.68  0.60     2.08  0.91  2.77  3.29  1.36
135   60     0.78  1.31  2.14  2.50  3.02  3.32  3.05  2.52  1.96  1.13  0.64  0.58     1.91  0.89  2.56  2.96  1.24
135   70     0.77  1.31  2.12  2.31  2.72  2.98  2.74  2.29  1.78  1.04  0.59  0.56     1.77  0.88  2.38  2.67  1.14
135   80     0.77  1.31  2.11  2.14  2.46  2.68  2.46  2.07  1.64  0.96  0.55  0.55     1.64  0.87  2.24  2.40  1.05
135   90     0.76  1.31  2.11  1.99  2.22  2.40  2.21  1.86  1.49  0.89  0.51  0.53     1.52  0.87  2.11  2.16  0.96
150   10     0.95  1.74  2.93  3.90  4.59  4.96  4.55  3.88  3.33  1.98  1.00  0.73     2.88  1.14  3.81  4.46  2.10
150   20     0.85  1.53  2.63  3.57  4.33  4.73  4.33  3.62  2.95  1.67  0.85  0.66     2.64  1.01  3.51  4.22  1.82
150   30     0.80  1.36  2.34  3.19  3.99  4.40  4.02  3.30  2.53  1.39  0.74  0.62     2.39  0.93  3.17  3.91  1.55
150   40     0.79  1.27  2.10  2.80  3.57  4.00  3.64  2.93  2.14  1.18  0.68  0.61     2.14  0.89  2.82  3.52  1.33
150   50     0.78  1.25  1.97  2.45  3.12  3.52  3.21  2.56  1.83  1.05  0.65  0.60     1.92  0.88  2.51  3.10  1.18
150   60     0.78  1.25  1.93  2.20  2.73  3.06  2.81  2.26  1.63  0.98  0.61  0.58     1.74  0.87  2.29  2.71  1.07
150   70     0.77  1.26  1.93  2.03  2.43  2.70  2.49  2.03  1.49  0.91  0.58  0.57     1.60  0.87  2.13  2.41  0.99
150   80     0.77  1.27  1.96  1.90  2.19  2.42  2.23  1.84  1.38  0.85  0.54  0.55     1.49  0.86  2.02  2.17  0.92
150   90     0.76  1.28  1.99  1.78  1.99  2.17  2.01  1.68  1.27  0.79  0.50  0.53     1.40  0.86  1.92  1.95  0.85
165   10     0.94  1.71  2.90  3.88  4.58  4.95  4.55  3.86  3.30  1.94  0.98  0.72     2.86  1.13  3.78  4.45  2.07
165   20     0.83  1.48  2.56  3.52  4.31  4.71  4.32  3.58  2.87  1.59  0.81  0.64     2.60  0.98  3.46  4.20  1.76
165   30     0.79  1.27  2.21  3.11  3.95  4.38  4.00  3.24  2.38  1.25  0.70  0.62     2.33  0.89  3.09  3.87  1.45
165   40     0.79  1.22  1.90  2.65  3.52  3.97  3.61  2.84  1.89  1.02  0.68  0.61     2.06  0.87  2.69  3.47  1.20
165   50     0.78  1.23  1.79  2.18  3.02  3.49  3.16  2.39  1.52  0.95  0.65  0.60     1.81  0.87  2.33  3.01  1.04
165   60     0.78  1.24  1.79  1.92  2.48  2.95  2.67  2.01  1.36  0.91  0.61  0.58     1.61  0.87  2.07  2.54  0.96
165   70     0.77  1.25  1.83  1.79  2.17  2.48  2.27  1.80  1.27  0.86  0.58  0.57     1.47  0.86  1.93  2.18  0.90
165   80     0.77  1.27  1.87  1.71  1.96  2.21  2.04  1.65  1.19  0.81  0.54  0.55     1.38  0.86  1.85  1.97  0.84
165   90     0.76  1.28  1.92  1.63  1.79  1.99  1.85  1.51  1.13  0.75  0.50  0.53     1.30  0.86  1.78  1.79  0.79
180   10     0.93  1.70  2.88  3.87  4.58  4.95  4.54  3.85  3.29  1.93  0.97  0.72     2.85  1.12  3.78  4.45  2.06
180   20     0.82  1.46  2.53  3.51  4.30  4.71  4.31  3.56  2.84  1.56  0.80  0.64     2.59  0.97  3.44  4.19  1.73
180   30     0.79  1.23  2.16  3.09  3.94  4.38  4.00  3.21  2.34  1.19  0.70  0.62     2.30  0.88  3.06  3.86  1.41
180   40     0.79  1.22  1.78  2.62  3.50  3.96  3.61  2.80  1.80  0.98  0.68  0.61     2.03  0.87  2.63  3.46  1.16
180   50     0.78  1.23  1.72  2.12  3.00  3.48  3.16  2.35  1.30  0.95  0.65  0.60     1.78  0.87  2.28  3.00  0.96
180   60     0.78  1.24  1.76  1.77  2.46  2.94  2.66  1.88  1.23  0.90  0.61  0.58     1.57  0.87  2.00  2.49  0.92
180   70     0.77  1.25  1.81  1.69  2.05  2.39  2.20  1.69  1.17  0.86  0.58  0.57     1.42  0.86  1.85  2.09  0.87
180   80     0.77  1.27  1.86  1.63  1.86  2.12  1.97  1.56  1.12  0.81  0.54  0.55     1.34  0.86  1.78  1.89  0.82
180   90     0.76  1.28  1.90  1.58  1.72  1.93  1.80  1.44  1.06  0.75  0.50  0.53     1.27  0.86  1.73  1.72  0.77
             65.5  63.1  53.4  29.0  15.3   8.2  11.0  20.4  36.6  49.8  54.9  58.4     30.9  62.8  29.7  13.2  44.3
             1.45  2.74  4.09  4.53  4.86  5.12  4.74  4.23  4.30  3.08  1.62  1.05     3.48  1.74  4.40  4.68  2.98
             1.33  2.51  3.93  4.53  4.73  4.89  4.56  4.18  4.29  2.96  1.52  0.99     3.37  1.61  4.40  4.54  2.92
             1.09  1.09  1.04  1.00  1.03  1.05  1.04  1.01  1.00  1.04  1.07  1.06     1.04  1.08  1.02  1.03  1.04
             1.27  1.29  1.22  1.09  0.99  0.96  0.97  1.03  1.17  1.31  1.32  1.24     1.15  1.26  1.10  0.99  1.27
temperature  -4.3  -4.1  -0.6   4.6   9.1  13.4  17.6  19.8  16.8  11.2   3.8  -1.8      7.1  -3.4   4.4  16.9  10.6
diffusedrad  0.85  1.37  1.97  2.25  2.57  2.84  2.72  2.32  1.78  1.27  0.81  0.66     1.78  0.96  2.27  2.63  1.29
snow10cm     1.00  1.00  0.96  0.22  0.00  0.00  0.00  0.00  0.00  0.00  0.06  0.68     0.33  0.89  0.39  0.00  0.02
