2 11121   沼川            45 14.9  141 51.1   23
             1.17  2.19  3.42  4.19  4.69  4.95  4.44  3.87  3.54  2.29  1.16  0.86     3.06  1.41  4.10  4.42  2.33
             1.54  2.88  4.21  4.90  5.59  5.84  6.15  4.53  4.39  2.67  1.38  1.03     3.49  1.78  4.54  5.16  2.62
             0.90  1.68  2.79  3.20  3.82  3.92  3.15  2.64  2.60  1.78  0.87  0.72     2.52  1.17  3.51  3.24  1.85
  0   10     1.32  2.48  3.75  4.39  4.77  4.98  4.48  3.97  3.82  2.58  1.30  0.96     3.23  1.59  4.30  4.48  2.57
  0   20     1.46  2.76  4.03  4.52  4.77  4.92  4.45  4.01  4.02  2.82  1.42  1.05     3.35  1.76  4.44  4.46  2.75
  0   30     1.59  2.99  4.25  4.57  4.67  4.77  4.33  3.97  4.12  3.00  1.52  1.12     3.41  1.90  4.50  4.36  2.88
  0   40     1.69  3.17  4.40  4.53  4.48  4.53  4.13  3.85  4.14  3.11  1.59  1.17     3.40  2.01  4.47  4.17  2.95
  0   50     1.76  3.29  4.48  4.42  4.21  4.21  3.87  3.66  4.05  3.15  1.63  1.21     3.33  2.09  4.37  3.91  2.94
  0   60     1.80  3.36  4.48  4.23  3.86  3.83  3.54  3.40  3.88  3.11  1.64  1.23     3.20  2.13  4.19  3.59  2.88
  0   70     1.81  3.36  4.41  3.96  3.44  3.38  3.15  3.08  3.62  3.00  1.61  1.23     3.01  2.14  3.94  3.21  2.75
  0   80     1.80  3.31  4.25  3.63  2.97  2.89  2.72  2.71  3.29  2.83  1.55  1.21     2.76  2.10  3.62  2.77  2.55
  0   90     1.75  3.19  4.04  3.24  2.47  2.39  2.27  2.30  2.88  2.59  1.46  1.17     2.48  2.04  3.25  2.32  2.31
 15   10     1.32  2.48  3.74  4.38  4.77  4.97  4.48  3.97  3.81  2.57  1.29  0.96     3.23  1.58  4.30  4.48  2.56
 15   20     1.45  2.74  4.01  4.51  4.76  4.92  4.45  4.00  4.00  2.80  1.41  1.04     3.34  1.74  4.43  4.46  2.74
 15   30     1.57  2.96  4.23  4.56  4.67  4.77  4.33  3.96  4.11  2.97  1.51  1.11     3.40  1.88  4.48  4.35  2.86
 15   40     1.67  3.13  4.37  4.52  4.48  4.54  4.13  3.85  4.12  3.07  1.58  1.16     3.38  1.99  4.46  4.17  2.92
 15   50     1.73  3.25  4.44  4.41  4.21  4.22  3.87  3.65  4.03  3.11  1.61  1.20     3.31  2.06  4.35  3.91  2.92
 15   60     1.77  3.31  4.44  4.21  3.87  3.85  3.54  3.40  3.86  3.07  1.61  1.21     3.18  2.10  4.17  3.60  2.85
 15   70     1.78  3.31  4.36  3.96  3.46  3.41  3.16  3.08  3.61  2.96  1.58  1.21     2.99  2.10  3.93  3.22  2.71
 15   80     1.76  3.25  4.21  3.63  3.00  2.93  2.75  2.72  3.28  2.78  1.52  1.19     2.75  2.07  3.61  2.80  2.53
 15   90     1.72  3.13  4.00  3.25  2.51  2.43  2.31  2.33  2.89  2.54  1.43  1.15     2.47  2.00  3.25  2.36  2.28
 30   10     1.30  2.44  3.71  4.36  4.76  4.97  4.47  3.96  3.79  2.54  1.28  0.95     3.21  1.56  4.28  4.47  2.53
 30   20     1.42  2.68  3.95  4.47  4.75  4.91  4.43  3.99  3.96  2.74  1.38  1.02     3.31  1.71  4.39  4.44  2.69
 30   30     1.52  2.87  4.14  4.50  4.66  4.77  4.32  3.94  4.04  2.89  1.46  1.08     3.35  1.83  4.43  4.34  2.79
 30   40     1.61  3.02  4.27  4.46  4.47  4.54  4.13  3.82  4.04  2.97  1.52  1.12     3.33  1.92  4.40  4.16  2.84
 30   50     1.66  3.12  4.32  4.35  4.22  4.25  3.88  3.63  3.95  2.98  1.54  1.15     3.25  1.98  4.30  3.92  2.83
 30   60     1.69  3.16  4.31  4.16  3.89  3.88  3.56  3.38  3.78  2.93  1.53  1.16     3.12  2.00  4.12  3.61  2.75
 30   70     1.70  3.14  4.23  3.91  3.51  3.47  3.20  3.09  3.53  2.81  1.50  1.16     2.94  2.00  3.88  3.25  2.61
 30   80     1.67  3.08  4.09  3.61  3.07  3.02  2.81  2.74  3.22  2.63  1.43  1.13     2.71  1.96  3.59  2.86  2.43
 30   90     1.62  2.96  3.88  3.26  2.63  2.56  2.39  2.37  2.84  2.39  1.34  1.09     2.44  1.89  3.26  2.44  2.19
 45   10     1.27  2.40  3.65  4.32  4.74  4.96  4.46  3.94  3.74  2.49  1.25  0.93     3.18  1.53  4.24  4.45  2.50
 45   20     1.37  2.58  3.86  4.40  4.72  4.89  4.41  3.95  3.87  2.65  1.33  0.99     3.25  1.65  4.33  4.42  2.62
 45   30     1.45  2.73  4.00  4.41  4.62  4.75  4.29  3.89  3.93  2.76  1.39  1.03     3.27  1.74  4.34  4.31  2.69
 45   40     1.51  2.85  4.09  4.36  4.45  4.54  4.11  3.77  3.90  2.81  1.42  1.06     3.24  1.81  4.30  4.14  2.71
 45   50     1.55  2.91  4.13  4.24  4.20  4.25  3.86  3.58  3.80  2.79  1.43  1.08     3.15  1.85  4.19  3.90  2.68
 45   60     1.56  2.93  4.11  4.06  3.90  3.92  3.56  3.35  3.64  2.73  1.41  1.08     3.02  1.86  4.02  3.61  2.59
 45   70     1.56  2.90  4.02  3.82  3.54  3.53  3.23  3.06  3.39  2.60  1.37  1.07     2.84  1.84  3.79  3.27  2.46
 45   80     1.53  2.84  3.90  3.55  3.14  3.11  2.86  2.74  3.10  2.42  1.29  1.04     2.63  1.80  3.53  2.90  2.27
 45   90     1.48  2.72  3.71  3.23  2.73  2.69  2.48  2.40  2.76  2.20  1.20  1.00     2.38  1.73  3.22  2.52  2.05
 60   10     1.24  2.33  3.58  4.27  4.72  4.94  4.44  3.91  3.68  2.43  1.22  0.91     3.14  1.49  4.19  4.43  2.44
 60   20     1.30  2.46  3.72  4.30  4.68  4.87  4.38  3.89  3.76  2.54  1.27  0.95     3.18  1.57  4.24  4.38  2.52
 60   30     1.35  2.56  3.82  4.29  4.57  4.72  4.25  3.82  3.77  2.59  1.30  0.97     3.17  1.63  4.23  4.26  2.55
 60   40     1.39  2.62  3.88  4.21  4.39  4.50  4.06  3.69  3.72  2.61  1.31  0.98     3.11  1.66  4.16  4.09  2.55
 60   50     1.41  2.66  3.88  4.09  4.16  4.24  3.83  3.50  3.61  2.57  1.30  0.99     3.02  1.69  4.04  3.86  2.49
 60   60     1.41  2.66  3.86  3.91  3.86  3.92  3.55  3.27  3.44  2.48  1.26  0.98     2.88  1.68  3.88  3.58  2.39
 60   70     1.39  2.62  3.77  3.69  3.53  3.56  3.22  3.00  3.21  2.35  1.21  0.96     2.71  1.66  3.67  3.26  2.26
 60   80     1.36  2.56  3.66  3.44  3.17  3.18  2.88  2.71  2.93  2.18  1.14  0.93     2.51  1.61  3.42  2.92  2.08
 60   90     1.31  2.46  3.51  3.16  2.78  2.78  2.53  2.38  2.63  1.97  1.05  0.89     2.29  1.55  3.15  2.56  1.88
 75   10     1.20  2.25  3.50  4.21  4.69  4.92  4.42  3.87  3.61  2.36  1.18  0.89     3.09  1.45  4.13  4.41  2.38
 75   20     1.23  2.31  3.56  4.20  4.62  4.83  4.34  3.83  3.62  2.39  1.20  0.90     3.09  1.48  4.13  4.33  2.40
 75   30     1.25  2.35  3.61  4.13  4.49  4.67  4.20  3.73  3.58  2.40  1.20  0.90     3.04  1.50  4.08  4.20  2.39
 75   40     1.25  2.38  3.61  4.04  4.30  4.45  4.00  3.58  3.50  2.36  1.18  0.90     2.96  1.51  3.98  4.01  2.35
 75   50     1.25  2.38  3.60  3.90  4.06  4.18  3.76  3.39  3.37  2.31  1.16  0.89     2.85  1.51  3.85  3.78  2.28
 75   60     1.24  2.37  3.55  3.72  3.79  3.88  3.49  3.17  3.19  2.20  1.11  0.87     2.71  1.49  3.69  3.51  2.17
 75   70     1.22  2.33  3.49  3.52  3.47  3.54  3.19  2.91  2.98  2.08  1.05  0.85     2.55  1.47  3.49  3.21  2.03
 75   80     1.18  2.26  3.38  3.28  3.13  3.17  2.86  2.63  2.72  1.92  0.98  0.82     2.36  1.42  3.26  2.88  1.88
 75   90     1.15  2.19  3.27  3.05  2.78  2.81  2.53  2.34  2.45  1.73  0.90  0.78     2.17  1.37  3.03  2.56  1.69
 90   10     1.16  2.17  3.41  4.15  4.65  4.90  4.40  3.83  3.52  2.27  1.14  0.86     3.04  1.40  4.07  4.38  2.31
 90   20     1.15  2.16  3.39  4.07  4.55  4.78  4.29  3.75  3.47  2.24  1.12  0.85     2.98  1.39  4.00  4.27  2.27
 90   30     1.13  2.15  3.36  3.96  4.39  4.60  4.13  3.62  3.37  2.19  1.09  0.83     2.90  1.37  3.90  4.11  2.22
 90   40     1.12  2.12  3.33  3.82  4.18  4.36  3.92  3.45  3.24  2.12  1.05  0.82     2.79  1.35  3.78  3.91  2.14
 90   50     1.10  2.10  3.28  3.67  3.93  4.09  3.67  3.25  3.09  2.02  1.01  0.80     2.67  1.33  3.63  3.67  2.04
 90   60     1.09  2.07  3.23  3.49  3.65  3.78  3.40  3.03  2.91  1.92  0.96  0.77     2.52  1.31  3.46  3.40  1.93
 90   70     1.06  2.04  3.16  3.29  3.36  3.46  3.11  2.77  2.69  1.78  0.90  0.75     2.37  1.28  3.27  3.11  1.79
 90   80     1.03  1.98  3.09  3.10  3.04  3.12  2.80  2.52  2.47  1.65  0.84  0.72     2.20  1.25  3.07  2.81  1.65
 90   90     1.01  1.94  3.00  2.87  2.71  2.77  2.49  2.25  2.22  1.49  0.77  0.69     2.02  1.21  2.86  2.50  1.49
105   10     1.12  2.09  3.32  4.08  4.61  4.87  4.37  3.79  3.44  2.19  1.10  0.83     2.99  1.35  4.01  4.35  2.25
105   20     1.07  2.00  3.21  3.94  4.47  4.72  4.24  3.67  3.30  2.09  1.04  0.80     2.88  1.29  3.88  4.21  2.14
105   30     1.03  1.93  3.11  3.77  4.27  4.51  4.04  3.50  3.14  1.97  0.99  0.77     2.75  1.24  3.72  4.02  2.03
105   40     1.00  1.87  3.02  3.59  4.03  4.25  3.81  3.30  2.96  1.86  0.94  0.74     2.61  1.20  3.55  3.79  1.92
105   50     0.98  1.83  2.95  3.40  3.76  3.96  3.55  3.08  2.78  1.75  0.88  0.72     2.47  1.18  3.37  3.53  1.80
105   60     0.95  1.79  2.89  3.23  3.48  3.65  3.27  2.85  2.58  1.63  0.83  0.69     2.32  1.15  3.20  3.26  1.68
105   70     0.94  1.76  2.83  3.04  3.18  3.32  2.98  2.61  2.39  1.51  0.77  0.67     2.17  1.13  3.02  2.97  1.56
105   80     0.92  1.73  2.79  2.85  2.88  3.01  2.69  2.36  2.18  1.39  0.72  0.65     2.01  1.10  2.84  2.68  1.43
105   90     0.90  1.71  2.72  2.68  2.59  2.69  2.40  2.12  1.98  1.26  0.67  0.63     1.86  1.08  2.66  2.40  1.30
120   10     1.08  2.01  3.23  4.02  4.58  4.85  4.35  3.75  3.36  2.12  1.06  0.81     2.94  1.30  3.94  4.32  2.18
120   20     1.00  1.85  3.04  3.81  4.39  4.67  4.18  3.59  3.14  1.94  0.97  0.75     2.78  1.20  3.75  4.15  2.02
120   30     0.94  1.73  2.86  3.58  4.14  4.42  3.96  3.37  2.90  1.76  0.90  0.71     2.61  1.13  3.53  3.92  1.85
120   40     0.90  1.64  2.72  3.35  3.85  4.12  3.69  3.13  2.67  1.61  0.83  0.68     2.43  1.07  3.31  3.65  1.71
120   50     0.88  1.58  2.62  3.13  3.55  3.80  3.40  2.89  2.45  1.48  0.78  0.66     2.27  1.04  3.10  3.36  1.57
120   60     0.86  1.55  2.55  2.94  3.25  3.47  3.11  2.65  2.26  1.36  0.73  0.64     2.11  1.02  2.91  3.08  1.45
120   70     0.85  1.54  2.51  2.75  2.96  3.15  2.82  2.41  2.07  1.26  0.68  0.63     1.97  1.00  2.74  2.79  1.34
120   80     0.84  1.53  2.49  2.60  2.68  2.84  2.54  2.19  1.89  1.15  0.64  0.61     1.83  0.99  2.59  2.52  1.22
120   90     0.84  1.52  2.47  2.45  2.40  2.53  2.27  1.96  1.72  1.05  0.59  0.60     1.70  0.98  2.44  2.25  1.12
135   10     1.04  1.94  3.15  3.97  4.55  4.83  4.33  3.72  3.29  2.05  1.03  0.79     2.89  1.26  3.89  4.29  2.12
135   20     0.94  1.72  2.88  3.70  4.32  4.63  4.14  3.52  2.99  1.80  0.91  0.72     2.69  1.12  3.63  4.10  1.90
135   30     0.86  1.54  2.62  3.40  4.02  4.34  3.88  3.26  2.68  1.56  0.81  0.67     2.47  1.02  3.35  3.83  1.68
135   40     0.82  1.43  2.42  3.10  3.67  3.99  3.57  2.97  2.37  1.38  0.75  0.65     2.26  0.97  3.07  3.51  1.50
135   50     0.81  1.38  2.30  2.85  3.32  3.61  3.24  2.69  2.12  1.24  0.70  0.63     2.07  0.94  2.82  3.18  1.36
135   60     0.81  1.36  2.24  2.64  2.99  3.25  2.92  2.43  1.92  1.13  0.66  0.62     1.92  0.93  2.62  2.87  1.24
135   70     0.81  1.37  2.23  2.47  2.70  2.92  2.63  2.20  1.75  1.05  0.63  0.61     1.78  0.93  2.47  2.58  1.14
135   80     0.81  1.38  2.23  2.34  2.44  2.63  2.36  1.99  1.61  0.97  0.59  0.60     1.66  0.93  2.34  2.33  1.05
135   90     0.81  1.40  2.25  2.22  2.19  2.35  2.11  1.79  1.46  0.89  0.55  0.59     1.55  0.93  2.22  2.09  0.97
150   10     1.02  1.89  3.09  3.93  4.53  4.82  4.32  3.70  3.23  1.99  1.00  0.77     2.86  1.23  3.85  4.28  2.08
150   20     0.88  1.61  2.74  3.61  4.27  4.60  4.11  3.46  2.87  1.68  0.86  0.69     2.62  1.06  3.54  4.06  1.80
150   30     0.80  1.38  2.41  3.25  3.94  4.29  3.83  3.17  2.48  1.39  0.75  0.64     2.36  0.94  3.20  3.76  1.54
150   40     0.80  1.26  2.15  2.88  3.53  3.91  3.48  2.82  2.10  1.17  0.70  0.64     2.12  0.90  2.85  3.40  1.32
150   50     0.80  1.24  2.02  2.56  3.09  3.45  3.08  2.48  1.81  1.05  0.67  0.63     1.91  0.89  2.56  3.01  1.18
150   60     0.80  1.26  1.98  2.34  2.71  3.01  2.71  2.20  1.61  0.97  0.64  0.62     1.74  0.89  2.34  2.64  1.08
150   70     0.80  1.28  2.00  2.20  2.42  2.66  2.41  1.98  1.47  0.91  0.61  0.61     1.61  0.90  2.21  2.35  1.00
150   80     0.80  1.31  2.04  2.10  2.18  2.39  2.17  1.79  1.36  0.85  0.58  0.60     1.51  0.91  2.11  2.12  0.93
150   90     0.80  1.35  2.09  2.02  1.97  2.14  1.95  1.63  1.26  0.79  0.55  0.59     1.43  0.91  2.03  1.91  0.86
165   10     1.00  1.85  3.05  3.90  4.51  4.81  4.31  3.68  3.20  1.95  0.98  0.76     2.84  1.21  3.82  4.27  2.05
165   20     0.85  1.53  2.66  3.56  4.25  4.59  4.10  3.43  2.79  1.60  0.82  0.67     2.57  1.01  3.49  4.04  1.74
165   30     0.79  1.25  2.26  3.17  3.90  4.27  3.81  3.11  2.34  1.25  0.71  0.64     2.29  0.90  3.11  3.73  1.43
165   40     0.80  1.18  1.91  2.73  3.48  3.88  3.45  2.74  1.87  1.01  0.69  0.64     2.03  0.87  2.71  3.36  1.19
165   50     0.80  1.21  1.79  2.30  2.99  3.42  3.04  2.34  1.52  0.94  0.67  0.63     1.80  0.88  2.36  2.93  1.04
165   60     0.80  1.24  1.81  2.07  2.47  2.90  2.59  1.98  1.36  0.90  0.64  0.62     1.62  0.89  2.12  2.49  0.97
165   70     0.80  1.27  1.87  1.97  2.16  2.45  2.23  1.78  1.27  0.85  0.61  0.61     1.49  0.89  2.00  2.15  0.91
165   80     0.80  1.30  1.93  1.92  1.95  2.18  2.00  1.63  1.19  0.80  0.58  0.60     1.41  0.90  1.93  1.94  0.86
165   90     0.80  1.34  2.00  1.88  1.78  1.97  1.81  1.49  1.12  0.75  0.55  0.59     1.34  0.91  1.89  1.76  0.81
180   10     0.99  1.84  3.03  3.89  4.51  4.81  4.31  3.67  3.19  1.94  0.98  0.76     2.83  1.20  3.81  4.26  2.04
180   20     0.83  1.50  2.62  3.55  4.24  4.58  4.09  3.41  2.77  1.57  0.81  0.66     2.55  1.00  3.47  4.03  1.71
180   30     0.79  1.20  2.19  3.15  3.88  4.26  3.80  3.09  2.30  1.18  0.71  0.64     2.27  0.88  3.07  3.72  1.40
180   40     0.80  1.18  1.76  2.70  3.46  3.87  3.45  2.72  1.78  0.97  0.69  0.64     2.00  0.87  2.64  3.34  1.15
180   50     0.80  1.21  1.71  2.23  2.97  3.40  3.03  2.30  1.31  0.94  0.67  0.63     1.77  0.88  2.30  2.91  0.97
180   60     0.80  1.24  1.77  1.92  2.44  2.89  2.58  1.87  1.24  0.90  0.64  0.62     1.58  0.89  2.04  2.45  0.93
180   70     0.80  1.27  1.83  1.87  2.04  2.37  2.15  1.68  1.18  0.85  0.61  0.61     1.44  0.89  1.92  2.07  0.88
180   80     0.80  1.30  1.90  1.84  1.86  2.11  1.94  1.55  1.12  0.80  0.58  0.60     1.37  0.90  1.87  1.87  0.83
180   90     0.80  1.34  1.97  1.82  1.71  1.91  1.76  1.43  1.05  0.75  0.55  0.59     1.31  0.91  1.84  1.70  0.78
             69.2  65.6  55.1  30.8  15.2   8.3  10.9  19.8  36.3  50.2  56.6  64.8     33.6  66.4  31.9  12.6  44.7
             1.81  3.37  4.49  4.57  4.78  4.98  4.48  4.01  4.14  3.14  1.64  1.23     3.56  2.14  4.50  4.48  2.95
             1.63  3.06  4.31  4.57  4.62  4.70  4.27  3.94  4.14  3.05  1.55  1.14     3.41  1.94  4.50  4.30  2.91
             1.11  1.10  1.04  1.00  1.03  1.06  1.05  1.02  1.00  1.03  1.06  1.08     1.05  1.10  1.03  1.04  1.03
             1.39  1.40  1.26  1.09  0.99  0.95  0.96  1.02  1.17  1.33  1.34  1.31     1.18  1.37  1.11  0.98  1.28
temperature  -7.4  -7.7  -3.1   3.5   8.7  12.6  16.7  18.7  14.4   8.4   1.7  -4.1      5.2  -6.4   3.0  16.0   8.2
diffusedrad  0.87  1.37  1.97  2.33  2.58  2.86  2.73  2.32  1.78  1.27  0.82  0.69     1.80  0.98  2.29  2.64  1.29
snow10cm     1.00  1.00  1.00  0.42  0.00  0.00  0.00  0.00  0.00  0.00  0.20  0.83     0.37  0.94  0.47  0.00  0.07
