2 12512   志比内          43 38.6  142 34.9  310
             1.38  2.37  3.47  4.17  4.76  5.21  4.82  4.25  3.42  2.32  1.23  1.00     3.20  1.58  4.13  4.76  2.33
             1.61  2.89  3.99  4.65  5.42  5.75  5.96  5.05  3.93  2.68  1.50  1.23     3.43  1.82  4.58  5.49  2.63
             1.11  1.90  2.86  3.79  4.06  4.20  4.00  3.58  2.97  1.86  0.96  0.83     2.93  1.43  3.79  4.14  2.04
  0   10     1.58  2.69  3.78  4.36  4.83  5.23  4.86  4.37  3.66  2.59  1.38  1.12     3.37  1.79  4.32  4.82  2.54
  0   20     1.77  2.98  4.04  4.47  4.82  5.16  4.82  4.41  3.82  2.81  1.51  1.23     3.48  1.99  4.44  4.79  2.71
  0   30     1.94  3.23  4.24  4.49  4.71  4.99  4.68  4.36  3.90  2.96  1.60  1.32     3.53  2.16  4.48  4.67  2.82
  0   40     2.07  3.42  4.38  4.42  4.50  4.71  4.45  4.21  3.88  3.05  1.67  1.39     3.51  2.29  4.43  4.46  2.87
  0   50     2.17  3.54  4.44  4.27  4.21  4.37  4.14  3.99  3.79  3.07  1.70  1.44     3.43  2.38  4.31  4.17  2.86
  0   60     2.23  3.61  4.42  4.04  3.85  3.94  3.76  3.70  3.61  3.02  1.70  1.47     3.28  2.43  4.11  3.80  2.78
  0   70     2.25  3.61  4.34  3.73  3.42  3.45  3.32  3.33  3.36  2.91  1.67  1.47     3.07  2.44  3.83  3.37  2.64
  0   80     2.22  3.54  4.18  3.36  2.93  2.92  2.83  2.90  3.03  2.73  1.60  1.45     2.81  2.40  3.49  2.88  2.45
  0   90     2.16  3.41  3.95  2.93  2.42  2.37  2.33  2.43  2.65  2.49  1.50  1.40     2.50  2.32  3.10  2.38  2.21
 15   10     1.57  2.68  3.77  4.35  4.83  5.23  4.86  4.36  3.65  2.58  1.38  1.11     3.36  1.79  4.32  4.82  2.54
 15   20     1.75  2.96  4.03  4.46  4.81  5.15  4.81  4.40  3.81  2.79  1.50  1.22     3.47  1.98  4.43  4.79  2.70
 15   30     1.91  3.20  4.22  4.48  4.70  4.98  4.67  4.35  3.88  2.94  1.59  1.30     3.52  2.14  4.47  4.67  2.80
 15   40     2.04  3.38  4.35  4.41  4.51  4.73  4.45  4.21  3.87  3.02  1.65  1.37     3.50  2.26  4.42  4.46  2.85
 15   50     2.13  3.50  4.40  4.26  4.22  4.38  4.14  3.99  3.77  3.04  1.68  1.42     3.41  2.35  4.29  4.17  2.83
 15   60     2.19  3.56  4.39  4.03  3.86  3.96  3.77  3.70  3.60  2.99  1.67  1.44     3.26  2.40  4.09  3.81  2.75
 15   70     2.20  3.56  4.30  3.73  3.44  3.48  3.34  3.34  3.34  2.87  1.64  1.44     3.06  2.40  3.82  3.39  2.62
 15   80     2.18  3.48  4.14  3.37  2.96  2.97  2.87  2.92  3.03  2.68  1.57  1.42     2.80  2.36  3.49  2.92  2.43
 15   90     2.12  3.35  3.92  2.95  2.47  2.43  2.37  2.48  2.65  2.44  1.47  1.37     2.50  2.28  3.11  2.43  2.19
 30   10     1.55  2.65  3.74  4.33  4.82  5.22  4.86  4.35  3.63  2.55  1.36  1.10     3.35  1.76  4.30  4.81  2.51
 30   20     1.71  2.90  3.97  4.42  4.80  5.15  4.80  4.38  3.76  2.74  1.46  1.19     3.44  1.93  4.40  4.78  2.65
 30   30     1.85  3.10  4.14  4.43  4.70  4.99  4.67  4.33  3.82  2.86  1.54  1.27     3.48  2.07  4.42  4.66  2.74
 30   40     1.96  3.26  4.25  4.36  4.50  4.74  4.45  4.20  3.80  2.92  1.59  1.33     3.45  2.18  4.37  4.46  2.77
 30   50     2.04  3.36  4.29  4.21  4.24  4.42  4.17  3.99  3.70  2.92  1.61  1.36     3.36  2.25  4.25  4.19  2.74
 30   60     2.08  3.40  4.27  3.98  3.89  4.01  3.81  3.70  3.52  2.86  1.59  1.38     3.21  2.29  4.05  3.84  2.66
 30   70     2.08  3.38  4.17  3.70  3.50  3.57  3.41  3.37  3.27  2.73  1.55  1.37     3.01  2.28  3.79  3.45  2.52
 30   80     2.06  3.30  4.02  3.35  3.05  3.09  2.96  2.97  2.98  2.55  1.48  1.35     2.76  2.23  3.48  3.01  2.33
 30   90     1.99  3.17  3.81  2.97  2.60  2.59  2.50  2.56  2.62  2.31  1.38  1.30     2.48  2.15  3.13  2.55  2.10
 45   10     1.51  2.59  3.69  4.29  4.81  5.21  4.84  4.33  3.59  2.51  1.33  1.08     3.32  1.73  4.26  4.79  2.48
 45   20     1.64  2.79  3.88  4.36  4.78  5.14  4.79  4.35  3.69  2.65  1.41  1.15     3.38  1.86  4.34  4.76  2.59
 45   30     1.75  2.95  4.01  4.34  4.67  4.98  4.65  4.29  3.72  2.74  1.47  1.21     3.40  1.97  4.34  4.64  2.65
 45   40     1.83  3.07  4.09  4.26  4.49  4.75  4.45  4.15  3.69  2.78  1.50  1.25     3.36  2.05  4.28  4.45  2.65
 45   50     1.89  3.14  4.12  4.11  4.23  4.44  4.17  3.95  3.57  2.75  1.50  1.27     3.26  2.10  4.15  4.19  2.61
 45   60     1.91  3.16  4.08  3.90  3.92  4.08  3.84  3.69  3.40  2.67  1.47  1.28     3.12  2.12  3.97  3.87  2.52
 45   70     1.90  3.12  3.98  3.62  3.55  3.67  3.47  3.37  3.16  2.54  1.42  1.26     2.92  2.10  3.72  3.50  2.37
 45   80     1.87  3.04  3.85  3.31  3.15  3.22  3.05  3.01  2.88  2.36  1.34  1.23     2.69  2.05  3.44  3.09  2.19
 45   90     1.80  2.92  3.66  2.96  2.73  2.77  2.64  2.63  2.55  2.13  1.24  1.19     2.43  1.97  3.11  2.68  1.97
 60   10     1.47  2.52  3.62  4.25  4.79  5.20  4.83  4.30  3.54  2.45  1.30  1.05     3.27  1.68  4.22  4.77  2.43
 60   20     1.56  2.66  3.75  4.27  4.74  5.12  4.76  4.29  3.59  2.54  1.35  1.10     3.31  1.77  4.25  4.72  2.49
 60   30     1.63  2.77  3.84  4.23  4.63  4.96  4.62  4.21  3.59  2.58  1.38  1.13     3.30  1.84  4.23  4.60  2.52
 60   40     1.67  2.83  3.88  4.13  4.44  4.73  4.41  4.07  3.53  2.59  1.38  1.15     3.23  1.89  4.15  4.40  2.50
 60   50     1.70  2.87  3.87  3.97  4.20  4.44  4.15  3.88  3.41  2.54  1.37  1.16     3.13  1.91  4.02  4.16  2.44
 60   60     1.71  2.87  3.84  3.76  3.90  4.10  3.84  3.62  3.23  2.44  1.32  1.15     2.98  1.91  3.83  3.85  2.33
 60   70     1.69  2.83  3.75  3.51  3.56  3.72  3.48  3.32  3.01  2.31  1.27  1.13     2.80  1.88  3.61  3.51  2.19
 60   80     1.65  2.75  3.63  3.22  3.19  3.31  3.11  3.00  2.73  2.13  1.19  1.10     2.58  1.83  3.34  3.14  2.02
 60   90     1.59  2.65  3.47  2.90  2.79  2.89  2.72  2.64  2.45  1.92  1.09  1.05     2.35  1.76  3.06  2.75  1.82
 75   10     1.42  2.44  3.54  4.19  4.76  5.18  4.80  4.26  3.47  2.38  1.26  1.02     3.23  1.63  4.16  4.75  2.37
 75   20     1.46  2.50  3.60  4.16  4.69  5.08  4.71  4.21  3.48  2.41  1.28  1.04     3.22  1.67  4.15  4.67  2.39
 75   30     1.49  2.54  3.63  4.08  4.55  4.91  4.56  4.12  3.42  2.41  1.28  1.05     3.17  1.69  4.09  4.53  2.37
 75   40     1.50  2.58  3.63  3.96  4.36  4.68  4.35  3.96  3.34  2.36  1.26  1.05     3.09  1.71  3.98  4.33  2.32
 75   50     1.50  2.57  3.61  3.79  4.12  4.40  4.09  3.76  3.20  2.29  1.22  1.04     2.96  1.70  3.84  4.08  2.24
 75   60     1.49  2.56  3.55  3.59  3.84  4.08  3.79  3.51  3.02  2.19  1.17  1.02     2.82  1.69  3.66  3.79  2.13
 75   70     1.47  2.51  3.48  3.35  3.51  3.72  3.46  3.24  2.80  2.05  1.11  1.00     2.64  1.66  3.45  3.47  1.99
 75   80     1.43  2.44  3.36  3.08  3.17  3.33  3.10  2.92  2.56  1.89  1.03  0.96     2.44  1.61  3.20  3.12  1.83
 75   90     1.38  2.37  3.25  2.80  2.81  2.95  2.75  2.61  2.29  1.70  0.95  0.92     2.23  1.55  2.96  2.77  1.65
 90   10     1.36  2.35  3.46  4.13  4.72  5.16  4.78  4.21  3.40  2.31  1.22  0.99     3.17  1.57  4.10  4.72  2.31
 90   20     1.35  2.34  3.43  4.05  4.62  5.03  4.66  4.13  3.34  2.27  1.20  0.98     3.12  1.56  4.03  4.61  2.27
 90   30     1.34  2.32  3.40  3.92  4.46  4.84  4.49  3.99  3.24  2.21  1.17  0.96     3.03  1.54  3.93  4.44  2.21
 90   40     1.33  2.29  3.36  3.76  4.25  4.60  4.26  3.82  3.11  2.13  1.13  0.94     2.92  1.52  3.79  4.23  2.12
 90   50     1.31  2.27  3.30  3.58  4.00  4.31  4.00  3.60  2.95  2.03  1.08  0.93     2.78  1.50  3.63  3.97  2.02
 90   60     1.29  2.23  3.24  3.37  3.71  3.99  3.69  3.36  2.77  1.92  1.02  0.90     2.62  1.47  3.44  3.68  1.90
 90   70     1.27  2.20  3.17  3.13  3.41  3.65  3.38  3.09  2.56  1.78  0.96  0.87     2.46  1.45  3.24  3.38  1.76
 90   80     1.23  2.14  3.09  2.90  3.09  3.29  3.05  2.81  2.34  1.64  0.89  0.84     2.28  1.41  3.02  3.05  1.62
 90   90     1.20  2.09  2.99  2.63  2.75  2.92  2.71  2.51  2.10  1.48  0.82  0.81     2.08  1.37  2.79  2.71  1.46
105   10     1.31  2.26  3.37  4.07  4.69  5.13  4.75  4.17  3.33  2.23  1.18  0.96     3.12  1.51  4.04  4.68  2.25
105   20     1.25  2.17  3.26  3.92  4.55  4.98  4.61  4.04  3.20  2.12  1.12  0.92     3.01  1.44  3.91  4.54  2.15
105   30     1.20  2.09  3.15  3.74  4.35  4.76  4.40  3.85  3.04  2.00  1.07  0.88     2.88  1.39  3.75  4.34  2.04
105   40     1.16  2.03  3.06  3.54  4.10  4.48  4.14  3.64  2.87  1.89  1.01  0.85     2.73  1.35  3.57  4.09  1.92
105   50     1.14  1.98  2.99  3.32  3.83  4.18  3.86  3.41  2.68  1.77  0.95  0.82     2.58  1.31  3.38  3.81  1.80
105   60     1.11  1.93  2.92  3.11  3.54  3.85  3.56  3.16  2.49  1.65  0.89  0.80     2.42  1.28  3.19  3.52  1.68
105   70     1.09  1.90  2.85  2.89  3.24  3.51  3.24  2.90  2.30  1.52  0.83  0.78     2.25  1.26  2.99  3.22  1.55
105   80     1.07  1.87  2.79  2.66  2.94  3.18  2.93  2.62  2.09  1.39  0.77  0.75     2.09  1.23  2.80  2.91  1.42
105   90     1.05  1.84  2.73  2.45  2.63  2.84  2.62  2.37  1.89  1.26  0.71  0.73     1.93  1.21  2.61  2.61  1.29
120   10     1.26  2.18  3.28  4.01  4.66  5.11  4.73  4.13  3.26  2.16  1.14  0.93     3.07  1.45  3.98  4.65  2.19
120   20     1.15  2.01  3.09  3.80  4.47  4.93  4.55  3.94  3.06  1.98  1.05  0.86     2.91  1.34  3.79  4.47  2.03
120   30     1.07  1.87  2.92  3.55  4.22  4.66  4.30  3.71  2.84  1.81  0.97  0.81     2.73  1.25  3.56  4.22  1.87
120   40     1.02  1.77  2.77  3.30  3.93  4.34  4.00  3.45  2.62  1.66  0.90  0.77     2.54  1.19  3.33  3.93  1.72
120   50     1.00  1.70  2.66  3.05  3.63  4.00  3.69  3.18  2.40  1.52  0.84  0.75     2.37  1.15  3.11  3.62  1.59
120   60     0.98  1.67  2.58  2.82  3.32  3.66  3.37  2.91  2.20  1.39  0.79  0.72     2.20  1.12  2.91  3.31  1.46
120   70     0.97  1.65  2.54  2.61  3.02  3.32  3.06  2.66  2.01  1.28  0.73  0.71     2.05  1.11  2.72  3.01  1.34
120   80     0.96  1.65  2.50  2.42  2.73  2.98  2.75  2.41  1.83  1.17  0.69  0.70     1.90  1.10  2.55  2.72  1.23
120   90     0.96  1.64  2.48  2.23  2.45  2.67  2.45  2.17  1.66  1.07  0.64  0.68     1.76  1.09  2.39  2.43  1.12
135   10     1.21  2.10  3.21  3.96  4.62  5.09  4.71  4.09  3.20  2.09  1.11  0.90     3.02  1.40  3.93  4.63  2.14
135   20     1.07  1.86  2.94  3.69  4.41  4.88  4.50  3.86  2.94  1.85  0.99  0.81     2.82  1.25  3.68  4.41  1.93
135   30     0.97  1.67  2.69  3.38  4.11  4.58  4.21  3.57  2.65  1.62  0.89  0.75     2.59  1.13  3.39  4.12  1.72
135   40     0.92  1.53  2.48  3.06  3.76  4.21  3.87  3.25  2.36  1.43  0.81  0.71     2.37  1.05  3.10  3.77  1.54
135   50     0.90  1.47  2.35  2.77  3.40  3.80  3.49  2.93  2.11  1.28  0.76  0.70     2.16  1.02  2.84  3.41  1.39
135   60     0.90  1.46  2.28  2.53  3.06  3.41  3.14  2.64  1.90  1.18  0.72  0.69     1.99  1.01  2.62  3.07  1.27
135   70     0.90  1.46  2.25  2.33  2.75  3.06  2.82  2.39  1.73  1.08  0.68  0.68     1.85  1.01  2.44  2.76  1.17
135   80     0.91  1.48  2.24  2.15  2.48  2.75  2.53  2.16  1.59  0.99  0.64  0.67     1.72  1.02  2.29  2.48  1.07
135   90     0.91  1.50  2.26  2.00  2.24  2.46  2.27  1.95  1.44  0.92  0.60  0.67     1.60  1.02  2.17  2.23  0.98
150   10     1.18  2.05  3.15  3.92  4.60  5.08  4.69  4.06  3.15  2.04  1.09  0.88     2.99  1.37  3.89  4.61  2.09
150   20     1.00  1.74  2.81  3.61  4.36  4.86  4.47  3.79  2.83  1.74  0.94  0.77     2.74  1.17  3.59  4.37  1.84
150   30     0.88  1.49  2.48  3.24  4.02  4.53  4.16  3.46  2.48  1.46  0.82  0.71     2.48  1.03  3.25  4.05  1.59
150   40     0.86  1.34  2.22  2.85  3.62  4.12  3.77  3.07  2.13  1.24  0.76  0.70     2.22  0.97  2.89  3.65  1.37
150   50     0.87  1.31  2.06  2.49  3.17  3.63  3.32  2.68  1.84  1.10  0.72  0.69     1.99  0.96  2.58  3.21  1.22
150   60     0.88  1.32  2.02  2.23  2.77  3.15  2.89  2.36  1.63  1.01  0.69  0.69     1.80  0.96  2.34  2.80  1.11
150   70     0.88  1.35  2.02  2.05  2.46  2.77  2.55  2.11  1.49  0.94  0.66  0.68     1.66  0.97  2.18  2.48  1.03
150   80     0.89  1.39  2.05  1.91  2.21  2.46  2.28  1.91  1.37  0.88  0.62  0.67     1.55  0.98  2.06  2.22  0.96
150   90     0.90  1.43  2.10  1.79  2.00  2.21  2.05  1.74  1.26  0.82  0.59  0.67     1.46  1.00  1.96  2.00  0.89
165   10     1.15  2.01  3.11  3.90  4.59  5.08  4.68  4.03  3.13  2.01  1.07  0.87     2.97  1.34  3.87  4.60  2.07
165   20     0.95  1.66  2.73  3.56  4.33  4.84  4.45  3.75  2.77  1.67  0.90  0.74     2.69  1.12  3.54  4.35  1.78
165   30     0.85  1.35  2.34  3.16  3.98  4.51  4.13  3.39  2.36  1.33  0.77  0.70     2.41  0.97  3.16  4.01  1.49
165   40     0.86  1.23  1.99  2.71  3.56  4.09  3.74  2.97  1.93  1.07  0.75  0.70     2.13  0.93  2.75  3.60  1.25
165   50     0.87  1.26  1.83  2.24  3.08  3.60  3.27  2.50  1.58  0.99  0.72  0.69     1.89  0.94  2.38  3.13  1.10
165   60     0.88  1.29  1.83  1.95  2.54  3.04  2.76  2.08  1.40  0.94  0.69  0.69     1.67  0.95  2.11  2.63  1.01
165   70     0.88  1.33  1.88  1.81  2.18  2.51  2.32  1.84  1.30  0.89  0.66  0.68     1.52  0.96  1.96  2.23  0.95
165   80     0.89  1.37  1.94  1.72  1.97  2.22  2.07  1.68  1.22  0.83  0.62  0.67     1.44  0.98  1.88  1.99  0.89
165   90     0.90  1.42  2.00  1.64  1.79  2.00  1.87  1.55  1.14  0.78  0.59  0.67     1.36  1.00  1.81  1.81  0.83
180   10     1.14  2.00  3.09  3.89  4.59  5.07  4.68  4.02  3.11  2.00  1.06  0.86     2.96  1.33  3.86  4.59  2.06
180   20     0.93  1.63  2.69  3.54  4.32  4.84  4.45  3.73  2.74  1.64  0.89  0.73     2.68  1.10  3.52  4.34  1.76
180   30     0.85  1.28  2.28  3.13  3.97  4.50  4.13  3.36  2.32  1.27  0.77  0.70     2.38  0.95  3.13  4.00  1.46
180   40     0.86  1.23  1.85  2.68  3.54  4.08  3.73  2.93  1.86  1.02  0.75  0.70     2.10  0.93  2.69  3.58  1.21
180   50     0.87  1.26  1.73  2.19  3.05  3.58  3.27  2.46  1.38  0.98  0.72  0.69     1.85  0.94  2.32  3.10  1.03
180   60     0.88  1.29  1.78  1.78  2.52  3.03  2.75  1.95  1.28  0.94  0.69  0.69     1.63  0.95  2.03  2.58  0.97
180   70     0.88  1.33  1.85  1.69  2.07  2.43  2.24  1.71  1.22  0.89  0.66  0.68     1.47  0.96  1.87  2.12  0.92
180   80     0.89  1.37  1.91  1.62  1.86  2.13  1.99  1.57  1.15  0.83  0.62  0.67     1.39  0.98  1.80  1.90  0.87
180   90     0.90  1.42  1.98  1.58  1.72  1.93  1.81  1.45  1.08  0.78  0.59  0.67     1.33  1.00  1.76  1.73  0.82
             69.8  64.7  53.1  27.4  14.0   7.0  10.0  19.5  33.8  48.0  54.8  65.9     32.0  66.5  29.4  12.2  42.8
             2.25  3.62  4.44  4.49  4.84  5.23  4.86  4.41  3.90  3.08  1.71  1.47     3.69  2.44  4.48  4.82  2.87
             1.96  3.27  4.28  4.48  4.68  4.94  4.64  4.34  3.90  2.99  1.62  1.33     3.53  2.19  4.48  4.64  2.83
             1.15  1.11  1.04  1.00  1.03  1.06  1.05  1.02  1.00  1.03  1.06  1.11     1.05  1.12  1.02  1.04  1.03
             1.42  1.38  1.23  1.07  0.98  0.95  0.96  1.02  1.14  1.29  1.32  1.33     1.17  1.38  1.10  0.98  1.25
temperature  -8.7  -8.1  -3.5   3.7  10.2  14.8  18.6  19.4  14.2   7.6   0.9  -5.4      5.3  -7.4   3.5  17.6   7.6
diffusedrad  0.96  1.44  1.99  2.26  2.55  2.77  2.69  2.32  1.82  1.31  0.87  0.76     1.81  1.05  2.27  2.59  1.34
snow10cm     1.00  1.00  0.97  0.22  0.00  0.00  0.00  0.00  0.00  0.00  0.21  0.85     0.35  0.95  0.40  0.00  0.07
