2 12691   幾寅            43 10.1  142 34.1  350
             1.56  2.46  3.45  4.24  4.76  5.04  4.60  4.11  3.30  2.45  1.40  1.17     3.21  1.73  4.15  4.58  2.39
             1.78  2.98  4.06  5.05  5.52  5.86  5.58  4.69  4.00  3.22  1.97  1.39     3.40  1.97  4.67  5.03  2.84
             1.31  1.94  2.85  3.78  4.00  4.09  3.41  3.06  2.74  2.12  1.16  1.01     2.88  1.49  3.70  3.97  2.09
  0   10     1.85  2.79  3.75  4.43  4.83  5.06  4.63  4.20  3.52  2.75  1.61  1.36     3.40  2.00  4.34  4.63  2.62
  0   20     2.11  3.10  4.01  4.54  4.82  4.99  4.59  4.23  3.65  2.99  1.78  1.53     3.53  2.25  4.46  4.60  2.81
  0   30     2.34  3.36  4.20  4.57  4.70  4.82  4.45  4.18  3.72  3.16  1.93  1.68     3.59  2.46  4.49  4.48  2.94
  0   40     2.52  3.56  4.33  4.50  4.49  4.56  4.23  4.04  3.70  3.27  2.03  1.80     3.59  2.63  4.44  4.28  3.00
  0   50     2.66  3.69  4.38  4.36  4.20  4.22  3.94  3.82  3.60  3.29  2.09  1.89     3.51  2.75  4.31  4.00  2.99
  0   60     2.75  3.76  4.36  4.14  3.84  3.81  3.58  3.54  3.42  3.24  2.10  1.94     3.37  2.82  4.11  3.65  2.92
  0   70     2.78  3.76  4.27  3.84  3.40  3.34  3.17  3.19  3.18  3.12  2.06  1.96     3.17  2.83  3.84  3.23  2.79
  0   80     2.76  3.69  4.11  3.48  2.91  2.83  2.71  2.78  2.87  2.92  1.99  1.93     2.92  2.79  3.50  2.77  2.59
  0   90     2.69  3.54  3.88  3.06  2.40  2.31  2.24  2.34  2.51  2.67  1.87  1.87     2.61  2.70  3.11  2.29  2.35
 15   10     1.84  2.78  3.75  4.42  4.83  5.06  4.63  4.19  3.51  2.74  1.60  1.35     3.39  1.99  4.33  4.63  2.62
 15   20     2.09  3.08  4.00  4.53  4.81  4.99  4.58  4.22  3.64  2.97  1.77  1.52     3.52  2.23  4.44  4.60  2.79
 15   30     2.31  3.33  4.18  4.56  4.70  4.82  4.45  4.17  3.70  3.14  1.90  1.67     3.58  2.43  4.48  4.48  2.91
 15   40     2.48  3.52  4.30  4.50  4.50  4.57  4.24  4.03  3.68  3.23  2.00  1.78     3.57  2.59  4.43  4.28  2.97
 15   50     2.61  3.65  4.35  4.35  4.21  4.23  3.94  3.82  3.58  3.26  2.05  1.86     3.49  2.71  4.30  4.00  2.96
 15   60     2.69  3.71  4.32  4.13  3.85  3.83  3.60  3.54  3.41  3.20  2.05  1.91     3.35  2.77  4.10  3.66  2.89
 15   70     2.72  3.70  4.23  3.84  3.42  3.37  3.19  3.19  3.17  3.07  2.02  1.92     3.15  2.78  3.83  3.25  2.75
 15   80     2.70  3.63  4.07  3.48  2.94  2.88  2.75  2.79  2.86  2.88  1.94  1.90     2.90  2.74  3.50  2.81  2.56
 15   90     2.62  3.49  3.85  3.08  2.45  2.36  2.28  2.37  2.51  2.62  1.82  1.84     2.61  2.65  3.12  2.34  2.31
 30   10     1.80  2.75  3.72  4.40  4.82  5.06  4.63  4.17  3.48  2.71  1.58  1.33     3.37  1.96  4.31  4.62  2.59
 30   20     2.03  3.01  3.94  4.49  4.80  4.98  4.58  4.20  3.60  2.91  1.72  1.48     3.48  2.17  4.41  4.58  2.75
 30   30     2.22  3.23  4.10  4.50  4.69  4.83  4.45  4.13  3.65  3.05  1.84  1.61     3.52  2.35  4.43  4.47  2.85
 30   40     2.37  3.39  4.21  4.44  4.49  4.58  4.24  4.00  3.62  3.13  1.91  1.71     3.51  2.49  4.38  4.27  2.88
 30   50     2.48  3.50  4.24  4.30  4.23  4.27  3.96  3.79  3.52  3.13  1.95  1.78     3.43  2.58  4.26  4.01  2.86
 30   60     2.54  3.54  4.21  4.08  3.88  3.88  3.62  3.51  3.34  3.07  1.94  1.81     3.29  2.63  4.05  3.67  2.78
 30   70     2.56  3.52  4.11  3.81  3.49  3.45  3.24  3.19  3.10  2.93  1.89  1.81     3.09  2.63  3.80  3.30  2.64
 30   80     2.53  3.44  3.96  3.47  3.04  2.99  2.83  2.81  2.81  2.73  1.81  1.78     2.85  2.58  3.49  2.88  2.45
 30   90     2.45  3.30  3.75  3.10  2.58  2.51  2.39  2.42  2.47  2.47  1.69  1.72     2.57  2.49  3.14  2.44  2.21
 45   10     1.76  2.69  3.67  4.36  4.81  5.05  4.62  4.15  3.45  2.66  1.54  1.30     3.34  1.92  4.28  4.60  2.55
 45   20     1.93  2.90  3.85  4.43  4.78  4.97  4.56  4.15  3.54  2.82  1.66  1.42     3.42  2.09  4.35  4.56  2.67
 45   30     2.08  3.07  3.98  4.42  4.67  4.81  4.42  4.08  3.56  2.92  1.74  1.52     3.44  2.22  4.36  4.44  2.74
 45   40     2.20  3.20  4.04  4.35  4.49  4.59  4.23  3.94  3.51  2.96  1.79  1.59     3.41  2.33  4.29  4.25  2.75
 45   50     2.28  3.27  4.07  4.20  4.22  4.29  3.96  3.73  3.40  2.94  1.80  1.64     3.32  2.40  4.16  4.00  2.71
 45   60     2.31  3.29  4.03  4.00  3.91  3.94  3.65  3.47  3.23  2.86  1.78  1.66     3.18  2.42  3.98  3.69  2.62
 45   70     2.31  3.25  3.92  3.73  3.54  3.54  3.29  3.16  3.00  2.72  1.72  1.65     2.99  2.40  3.73  3.33  2.48
 45   80     2.27  3.17  3.79  3.43  3.13  3.11  2.90  2.82  2.72  2.53  1.63  1.61     2.76  2.35  3.45  2.94  2.29
 45   90     2.19  3.04  3.60  3.09  2.71  2.68  2.51  2.45  2.41  2.28  1.51  1.55     2.50  2.26  3.13  2.55  2.07
 60   10     1.69  2.62  3.60  4.32  4.79  5.03  4.60  4.12  3.40  2.59  1.50  1.26     3.29  1.86  4.24  4.58  2.50
 60   20     1.82  2.76  3.73  4.34  4.74  4.95  4.53  4.09  3.45  2.70  1.57  1.34     3.33  1.97  4.27  4.52  2.57
 60   30     1.91  2.88  3.80  4.31  4.62  4.79  4.39  4.00  3.44  2.75  1.62  1.40     3.33  2.06  4.25  4.40  2.60
 60   40     1.98  2.95  3.85  4.21  4.44  4.57  4.19  3.85  3.37  2.76  1.64  1.45     3.27  2.13  4.17  4.20  2.59
 60   50     2.03  2.99  3.83  4.07  4.20  4.29  3.94  3.65  3.24  2.71  1.62  1.47     3.17  2.16  4.03  3.96  2.53
 60   60     2.05  2.99  3.79  3.86  3.89  3.96  3.65  3.39  3.07  2.61  1.58  1.47     3.02  2.17  3.85  3.67  2.42
 60   70     2.03  2.94  3.70  3.62  3.55  3.59  3.31  3.10  2.85  2.47  1.52  1.45     2.84  2.14  3.62  3.33  2.28
 60   80     1.98  2.86  3.57  3.34  3.18  3.20  2.96  2.78  2.59  2.29  1.43  1.41     2.63  2.08  3.37  2.98  2.10
 60   90     1.91  2.75  3.42  3.04  2.78  2.79  2.59  2.44  2.31  2.06  1.31  1.35     2.40  2.00  3.08  2.60  1.90
 75   10     1.63  2.53  3.53  4.26  4.76  5.02  4.58  4.08  3.35  2.52  1.45  1.21     3.24  1.79  4.18  4.56  2.44
 75   20     1.68  2.60  3.58  4.24  4.69  4.92  4.49  4.01  3.34  2.56  1.47  1.25     3.24  1.84  4.17  4.47  2.46
 75   30     1.73  2.64  3.61  4.16  4.56  4.75  4.34  3.90  3.28  2.56  1.48  1.27     3.19  1.88  4.11  4.33  2.44
 75   40     1.76  2.68  3.60  4.05  4.36  4.52  4.14  3.74  3.19  2.52  1.47  1.29     3.11  1.91  4.00  4.13  2.39
 75   50     1.76  2.67  3.58  3.88  4.12  4.25  3.89  3.52  3.05  2.44  1.43  1.29     2.99  1.91  3.86  3.89  2.31
 75   60     1.76  2.66  3.51  3.69  3.84  3.94  3.61  3.28  2.88  2.33  1.38  1.27     2.84  1.90  3.68  3.61  2.20
 75   70     1.74  2.62  3.44  3.46  3.51  3.59  3.29  3.00  2.67  2.19  1.31  1.25     2.67  1.87  3.47  3.29  2.05
 75   80     1.69  2.54  3.32  3.20  3.16  3.21  2.94  2.69  2.43  2.02  1.22  1.21     2.47  1.81  3.23  2.95  1.89
 75   90     1.64  2.46  3.20  2.94  2.81  2.85  2.61  2.40  2.17  1.82  1.12  1.15     2.26  1.75  2.98  2.62  1.70
 90   10     1.55  2.44  3.44  4.20  4.73  5.00  4.56  4.04  3.28  2.44  1.39  1.16     3.19  1.72  4.12  4.53  2.37
 90   20     1.54  2.42  3.42  4.12  4.63  4.88  4.45  3.93  3.22  2.40  1.37  1.15     3.13  1.71  4.05  4.42  2.33
 90   30     1.53  2.41  3.38  4.00  4.46  4.69  4.28  3.78  3.12  2.34  1.34  1.14     3.04  1.69  3.95  4.25  2.27
 90   40     1.52  2.38  3.34  3.84  4.25  4.45  4.06  3.60  2.98  2.26  1.29  1.13     2.92  1.68  3.81  4.04  2.18
 90   50     1.51  2.36  3.27  3.67  4.00  4.17  3.81  3.37  2.83  2.15  1.24  1.11     2.79  1.66  3.65  3.78  2.08
 90   60     1.49  2.32  3.21  3.47  3.71  3.86  3.51  3.12  2.65  2.04  1.18  1.08     2.64  1.63  3.46  3.50  1.96
 90   70     1.47  2.28  3.13  3.25  3.41  3.53  3.21  2.85  2.44  1.89  1.10  1.06     2.47  1.60  3.27  3.20  1.81
 90   80     1.43  2.23  3.05  3.02  3.09  3.18  2.90  2.58  2.23  1.75  1.03  1.02     2.29  1.56  3.05  2.89  1.67
 90   90     1.39  2.17  2.95  2.77  2.75  2.82  2.57  2.29  2.00  1.58  0.94  0.98     2.10  1.51  2.83  2.56  1.51
105   10     1.48  2.34  3.36  4.14  4.69  4.97  4.53  3.99  3.22  2.35  1.33  1.11     3.13  1.64  4.06  4.50  2.30
105   20     1.40  2.24  3.25  3.99  4.55  4.83  4.40  3.85  3.09  2.24  1.26  1.06     3.01  1.57  3.93  4.36  2.20
105   30     1.35  2.16  3.14  3.82  4.35  4.61  4.20  3.65  2.94  2.11  1.20  1.01     2.88  1.51  3.77  4.15  2.08
105   40     1.30  2.10  3.05  3.62  4.11  4.35  3.96  3.43  2.77  1.99  1.13  0.98     2.73  1.46  3.59  3.91  1.96
105   50     1.27  2.04  2.97  3.41  3.84  4.05  3.68  3.19  2.59  1.87  1.06  0.95     2.58  1.42  3.41  3.64  1.84
105   60     1.25  2.00  2.89  3.21  3.55  3.73  3.39  2.94  2.40  1.74  1.00  0.92     2.42  1.39  3.22  3.35  1.71
105   70     1.23  1.97  2.82  3.00  3.24  3.40  3.09  2.68  2.21  1.61  0.93  0.90     2.26  1.37  3.02  3.05  1.58
105   80     1.21  1.94  2.77  2.79  2.94  3.07  2.79  2.41  2.00  1.47  0.87  0.88     2.09  1.34  2.83  2.75  1.45
105   90     1.19  1.90  2.70  2.59  2.64  2.74  2.49  2.15  1.81  1.34  0.80  0.85     1.93  1.32  2.64  2.46  1.31
120   10     1.41  2.25  3.27  4.08  4.66  4.95  4.51  3.95  3.16  2.27  1.28  1.06     3.07  1.57  4.00  4.47  2.24
120   20     1.27  2.07  3.09  3.87  4.48  4.78  4.34  3.77  2.97  2.08  1.17  0.97     2.90  1.44  3.81  4.30  2.07
120   30     1.17  1.93  2.91  3.63  4.23  4.53  4.11  3.53  2.76  1.90  1.06  0.90     2.72  1.33  3.59  4.05  1.91
120   40     1.11  1.82  2.76  3.38  3.94  4.22  3.83  3.26  2.54  1.73  0.98  0.85     2.54  1.26  3.36  3.77  1.75
120   50     1.08  1.75  2.65  3.14  3.63  3.89  3.53  2.98  2.33  1.59  0.91  0.82     2.36  1.22  3.14  3.47  1.61
120   60     1.06  1.72  2.57  2.92  3.33  3.55  3.23  2.72  2.14  1.46  0.85  0.80     2.19  1.19  2.94  3.16  1.48
120   70     1.06  1.70  2.52  2.72  3.03  3.22  2.92  2.46  1.95  1.34  0.79  0.79     2.04  1.18  2.76  2.87  1.36
120   80     1.05  1.70  2.48  2.54  2.73  2.89  2.63  2.22  1.77  1.22  0.74  0.78     1.90  1.17  2.58  2.58  1.25
120   90     1.06  1.69  2.46  2.36  2.45  2.59  2.34  1.98  1.60  1.12  0.69  0.76     1.76  1.17  2.42  2.30  1.14
135   10     1.34  2.17  3.20  4.03  4.63  4.94  4.49  3.92  3.10  2.20  1.24  1.02     3.02  1.51  3.95  4.45  2.18
135   20     1.15  1.92  2.94  3.76  4.41  4.74  4.30  3.69  2.85  1.94  1.08  0.89     2.81  1.32  3.70  4.25  1.96
135   30     1.02  1.71  2.69  3.46  4.12  4.45  4.04  3.40  2.58  1.69  0.95  0.80     2.58  1.18  3.42  3.96  1.74
135   40     0.96  1.58  2.48  3.14  3.77  4.09  3.71  3.09  2.31  1.49  0.85  0.76     2.35  1.10  3.13  3.63  1.55
135   50     0.94  1.51  2.35  2.86  3.40  3.71  3.36  2.77  2.07  1.33  0.79  0.74     2.15  1.06  2.87  3.28  1.40
135   60     0.94  1.49  2.27  2.63  3.07  3.33  3.03  2.48  1.87  1.21  0.75  0.73     1.98  1.05  2.65  2.94  1.27
135   70     0.95  1.50  2.24  2.43  2.76  2.99  2.72  2.23  1.70  1.12  0.70  0.73     1.84  1.06  2.48  2.64  1.17
135   80     0.96  1.51  2.23  2.27  2.49  2.68  2.44  2.00  1.55  1.02  0.66  0.72     1.71  1.07  2.33  2.37  1.08
135   90     0.98  1.54  2.24  2.13  2.24  2.39  2.18  1.79  1.40  0.95  0.62  0.72     1.60  1.08  2.20  2.12  0.99
150   10     1.29  2.12  3.14  3.99  4.61  4.93  4.48  3.90  3.06  2.14  1.20  0.99     2.99  1.47  3.91  4.43  2.13
150   20     1.06  1.79  2.82  3.68  4.37  4.71  4.28  3.64  2.76  1.82  1.01  0.83     2.73  1.23  3.62  4.21  1.86
150   30     0.91  1.52  2.49  3.31  4.03  4.41  3.99  3.31  2.43  1.51  0.85  0.73     2.46  1.05  3.28  3.90  1.60
150   40     0.87  1.37  2.23  2.93  3.63  4.01  3.63  2.94  2.10  1.26  0.77  0.72     2.20  0.99  2.93  3.53  1.38
150   50     0.89  1.33  2.07  2.58  3.18  3.55  3.21  2.56  1.82  1.11  0.73  0.72     1.98  0.98  2.61  3.11  1.22
150   60     0.90  1.34  2.01  2.32  2.78  3.09  2.81  2.24  1.62  1.02  0.70  0.72     1.80  0.99  2.37  2.71  1.12
150   70     0.92  1.38  2.02  2.15  2.46  2.71  2.48  1.99  1.47  0.95  0.67  0.71     1.66  1.01  2.21  2.39  1.03
150   80     0.94  1.42  2.04  2.02  2.21  2.41  2.22  1.79  1.35  0.89  0.64  0.71     1.55  1.02  2.09  2.14  0.96
150   90     0.97  1.46  2.08  1.92  2.00  2.16  1.99  1.62  1.24  0.83  0.60  0.71     1.47  1.05  2.00  1.92  0.89
165   10     1.26  2.08  3.11  3.96  4.60  4.92  4.47  3.88  3.03  2.11  1.18  0.97     2.96  1.44  3.89  4.42  2.11
165   20     0.99  1.71  2.73  3.63  4.34  4.70  4.26  3.61  2.70  1.74  0.95  0.78     2.68  1.16  3.57  4.19  1.80
165   30     0.86  1.37  2.35  3.23  4.00  4.39  3.97  3.27  2.33  1.36  0.78  0.72     2.38  0.98  3.19  3.87  1.49
165   40     0.87  1.24  2.00  2.79  3.58  3.99  3.60  2.87  1.93  1.08  0.75  0.72     2.12  0.94  2.79  3.48  1.25
165   50     0.89  1.27  1.83  2.33  3.09  3.52  3.17  2.42  1.59  0.98  0.73  0.72     1.88  0.96  2.42  3.04  1.10
165   60     0.90  1.31  1.83  2.03  2.56  2.99  2.69  2.00  1.41  0.93  0.70  0.72     1.67  0.98  2.14  2.56  1.02
165   70     0.92  1.35  1.88  1.90  2.19  2.48  2.27  1.77  1.31  0.89  0.67  0.71     1.53  1.00  1.99  2.17  0.95
165   80     0.94  1.40  1.93  1.83  1.97  2.19  2.02  1.60  1.22  0.84  0.64  0.71     1.44  1.02  1.91  1.94  0.90
165   90     0.97  1.45  1.99  1.76  1.79  1.98  1.83  1.47  1.13  0.78  0.60  0.71     1.37  1.04  1.85  1.76  0.84
180   10     1.25  2.06  3.09  3.96  4.59  4.92  4.47  3.88  3.02  2.09  1.17  0.96     2.96  1.42  3.88  4.42  2.10
180   20     0.96  1.67  2.70  3.61  4.33  4.70  4.26  3.60  2.68  1.71  0.94  0.77     2.66  1.13  3.55  4.18  1.77
180   30     0.86  1.31  2.29  3.21  3.98  4.38  3.96  3.25  2.29  1.30  0.77  0.72     2.36  0.96  3.16  3.86  1.46
180   40     0.87  1.24  1.88  2.76  3.56  3.98  3.59  2.85  1.87  1.01  0.75  0.72     2.09  0.94  2.73  3.47  1.21
180   50     0.89  1.27  1.73  2.27  3.07  3.51  3.16  2.40  1.42  0.97  0.73  0.72     1.85  0.96  2.36  3.02  1.04
180   60     0.90  1.31  1.78  1.86  2.54  2.98  2.69  1.92  1.30  0.93  0.70  0.72     1.64  0.98  2.06  2.53  0.98
180   70     0.92  1.35  1.84  1.78  2.07  2.41  2.20  1.66  1.24  0.88  0.67  0.71     1.48  1.00  1.90  2.09  0.93
180   80     0.94  1.40  1.90  1.73  1.86  2.10  1.95  1.53  1.16  0.83  0.64  0.71     1.40  1.02  1.83  1.86  0.88
180   90     0.97  1.45  1.97  1.70  1.72  1.90  1.77  1.41  1.09  0.78  0.60  0.71     1.34  1.04  1.79  1.70  0.82
             71.1  64.6  52.3  27.9  13.7   6.7   8.7  18.8  32.7  48.6  57.7  68.7     34.0  67.8  29.1  11.7  44.3
             2.78  3.77  4.38  4.57  4.84  5.06  4.63  4.23  3.72  3.29  2.10  1.96     3.78  2.83  4.49  4.63  3.00
             2.42  3.44  4.26  4.55  4.63  4.73  4.37  4.13  3.72  3.21  1.97  1.74     3.60  2.53  4.48  4.41  2.97
             1.15  1.10  1.03  1.00  1.05  1.07  1.06  1.02  1.00  1.02  1.07  1.13     1.06  1.12  1.03  1.05  1.03
             1.54  1.40  1.23  1.07  0.97  0.94  0.95  1.00  1.13  1.31  1.41  1.49     1.20  1.48  1.09  0.96  1.28
temperature  -8.8  -8.3  -3.5   3.7   9.9  14.4  18.1  19.1  14.2   7.7   1.2  -5.4      5.2  -7.5   3.4  17.2   7.7
diffusedrad  1.00  1.46  2.00  2.29  2.54  2.77  2.68  2.32  1.83  1.33  0.91  0.81     1.83  1.09  2.28  2.59  1.35
snow10cm     1.00  1.00  0.95  0.31  0.00  0.00  0.00  0.00  0.00  0.00  0.17  0.81     0.35  0.94  0.42  0.00  0.06
