2 13121   初山別          44 31.4  141 46.2   27
             1.20  2.13  3.38  4.29  5.01  5.35  4.95  4.35  3.72  2.29  1.11  0.85     3.22  1.39  4.23  4.88  2.37
             1.47  2.77  3.98  4.85  5.85  6.12  6.42  5.11  4.50  2.69  1.37  1.12     3.40  1.66  4.56  5.53  2.64
             0.90  1.66  2.76  3.74  4.26  4.43  3.78  3.42  3.12  1.91  0.88  0.74     2.88  1.22  3.86  4.19  2.06
  0   10     1.35  2.38  3.69  4.50  5.10  5.37  5.00  4.48  4.02  2.57  1.22  0.93     3.38  1.55  4.43  4.95  2.60
  0   20     1.50  2.61  3.96  4.63  5.10  5.31  4.96  4.54  4.22  2.79  1.32  1.00     3.49  1.70  4.56  4.93  2.78
  0   30     1.62  2.80  4.16  4.66  4.99  5.14  4.82  4.49  4.33  2.96  1.39  1.05     3.53  1.82  4.60  4.82  2.89
  0   40     1.71  2.95  4.29  4.59  4.78  4.86  4.59  4.36  4.34  3.05  1.44  1.09     3.50  1.92  4.55  4.60  2.94
  0   50     1.78  3.05  4.35  4.44  4.47  4.50  4.27  4.13  4.25  3.08  1.46  1.12     3.41  1.98  4.42  4.30  2.93
  0   60     1.82  3.10  4.33  4.19  4.09  4.07  3.89  3.83  4.07  3.04  1.45  1.13     3.25  2.02  4.21  3.93  2.85
  0   70     1.83  3.10  4.25  3.87  3.63  3.57  3.43  3.46  3.79  2.93  1.41  1.12     3.03  2.02  3.92  3.48  2.71
  0   80     1.81  3.04  4.09  3.47  3.11  3.02  2.93  3.02  3.43  2.75  1.35  1.09     2.76  1.98  3.56  2.99  2.51
  0   90     1.76  2.93  3.86  3.01  2.56  2.45  2.41  2.53  3.00  2.51  1.26  1.05     2.44  1.91  3.15  2.46  2.26
 15   10     1.35  2.37  3.69  4.49  5.10  5.37  5.00  4.48  4.01  2.56  1.22  0.92     3.38  1.55  4.43  4.95  2.59
 15   20     1.48  2.59  3.94  4.61  5.09  5.30  4.95  4.53  4.21  2.77  1.31  0.99     3.48  1.69  4.55  4.93  2.76
 15   30     1.60  2.78  4.13  4.65  4.98  5.13  4.82  4.49  4.32  2.93  1.38  1.04     3.52  1.81  4.59  4.81  2.88
 15   40     1.69  2.92  4.26  4.58  4.78  4.87  4.59  4.35  4.33  3.02  1.42  1.08     3.49  1.90  4.54  4.61  2.92
 15   50     1.76  3.01  4.31  4.42  4.48  4.52  4.28  4.13  4.24  3.04  1.44  1.10     3.39  1.96  4.41  4.31  2.90
 15   60     1.79  3.06  4.29  4.18  4.11  4.09  3.90  3.83  4.05  3.00  1.43  1.11     3.24  1.99  4.19  3.94  2.82
 15   70     1.80  3.05  4.21  3.87  3.66  3.60  3.46  3.46  3.78  2.88  1.39  1.10     3.02  1.98  3.91  3.51  2.68
 15   80     1.78  2.99  4.05  3.48  3.15  3.07  2.97  3.03  3.43  2.70  1.32  1.08     2.75  1.95  3.56  3.02  2.48
 15   90     1.73  2.88  3.83  3.03  2.62  2.51  2.45  2.57  3.01  2.46  1.23  1.03     2.45  1.88  3.16  2.51  2.23
 30   10     1.33  2.34  3.65  4.46  5.09  5.37  4.99  4.47  3.98  2.53  1.20  0.92     3.36  1.53  4.40  4.94  2.57
 30   20     1.45  2.54  3.88  4.57  5.08  5.29  4.94  4.51  4.16  2.72  1.28  0.97     3.45  1.66  4.51  4.92  2.72
 30   30     1.55  2.70  4.05  4.59  4.98  5.14  4.81  4.46  4.24  2.85  1.34  1.02     3.48  1.76  4.54  4.81  2.81
 30   40     1.63  2.82  4.16  4.52  4.78  4.88  4.59  4.34  4.24  2.92  1.38  1.05     3.44  1.83  4.49  4.61  2.85
 30   50     1.69  2.90  4.20  4.37  4.50  4.56  4.30  4.13  4.15  2.92  1.38  1.07     3.35  1.88  4.36  4.33  2.82
 30   60     1.71  2.92  4.17  4.13  4.14  4.15  3.94  3.84  3.97  2.87  1.36  1.07     3.19  1.90  4.14  3.97  2.73
 30   70     1.72  2.90  4.08  3.83  3.73  3.69  3.52  3.50  3.70  2.74  1.32  1.05     2.98  1.89  3.88  3.57  2.59
 30   80     1.69  2.84  3.93  3.46  3.25  3.19  3.07  3.09  3.37  2.56  1.25  1.03     2.73  1.85  3.54  3.12  2.39
 30   90     1.64  2.73  3.71  3.05  2.76  2.68  2.59  2.66  2.97  2.32  1.16  0.98     2.44  1.78  3.17  2.64  2.15
 45   10     1.31  2.30  3.60  4.43  5.08  5.36  4.98  4.44  3.93  2.48  1.18  0.90     3.33  1.50  4.37  4.92  2.53
 45   20     1.40  2.45  3.79  4.50  5.05  5.28  4.92  4.47  4.06  2.63  1.24  0.95     3.40  1.60  4.45  4.89  2.65
 45   30     1.48  2.58  3.92  4.50  4.94  5.13  4.79  4.42  4.13  2.73  1.28  0.98     3.40  1.68  4.45  4.78  2.71
 45   40     1.54  2.67  3.99  4.42  4.76  4.89  4.58  4.28  4.10  2.77  1.30  1.00     3.36  1.74  4.39  4.59  2.72
 45   50     1.57  2.72  4.02  4.26  4.49  4.58  4.31  4.08  4.00  2.74  1.29  1.01     3.26  1.77  4.26  4.32  2.68
 45   60     1.59  2.73  3.98  4.04  4.17  4.21  3.97  3.81  3.82  2.67  1.26  1.00     3.10  1.77  4.06  4.00  2.59
 45   70     1.58  2.69  3.88  3.74  3.78  3.79  3.58  3.49  3.56  2.54  1.21  0.98     2.90  1.75  3.80  3.62  2.44
 45   80     1.54  2.63  3.75  3.41  3.35  3.32  3.15  3.12  3.25  2.36  1.14  0.95     2.67  1.71  3.50  3.20  2.25
 45   90     1.49  2.52  3.56  3.03  2.90  2.86  2.73  2.73  2.89  2.14  1.05  0.91     2.40  1.64  3.16  2.77  2.02
 60   10     1.27  2.24  3.54  4.38  5.05  5.34  4.96  4.41  3.87  2.42  1.16  0.88     3.29  1.47  4.32  4.90  2.48
 60   20     1.34  2.35  3.66  4.40  5.01  5.26  4.89  4.40  3.95  2.52  1.19  0.91     3.32  1.53  4.36  4.85  2.55
 60   30     1.38  2.43  3.75  4.37  4.89  5.10  4.75  4.34  3.96  2.56  1.21  0.93     3.31  1.58  4.34  4.73  2.58
 60   40     1.42  2.47  3.79  4.27  4.70  4.86  4.54  4.20  3.92  2.57  1.21  0.93     3.24  1.61  4.25  4.53  2.56
 60   50     1.43  2.50  3.78  4.11  4.46  4.58  4.28  4.00  3.80  2.53  1.18  0.93     3.13  1.62  4.11  4.29  2.50
 60   60     1.43  2.49  3.74  3.89  4.14  4.23  3.96  3.74  3.61  2.43  1.14  0.91     2.98  1.61  3.92  3.98  2.40
 60   70     1.41  2.45  3.65  3.62  3.79  3.83  3.60  3.44  3.38  2.31  1.08  0.89     2.79  1.58  3.68  3.62  2.25
 60   80     1.37  2.38  3.52  3.31  3.40  3.42  3.22  3.10  3.08  2.13  1.01  0.85     2.57  1.53  3.41  3.25  2.07
 60   90     1.33  2.29  3.37  2.97  2.97  2.98  2.81  2.73  2.76  1.93  0.92  0.81     2.32  1.48  3.10  2.84  1.87
 75   10     1.24  2.18  3.46  4.31  5.01  5.32  4.93  4.37  3.79  2.35  1.12  0.86     3.25  1.43  4.26  4.87  2.42
 75   20     1.26  2.22  3.51  4.29  4.95  5.22  4.84  4.32  3.81  2.38  1.13  0.87     3.23  1.45  4.25  4.79  2.44
 75   30     1.28  2.25  3.54  4.21  4.81  5.04  4.69  4.22  3.76  2.38  1.12  0.87     3.18  1.47  4.19  4.65  2.42
 75   40     1.28  2.27  3.54  4.08  4.61  4.81  4.48  4.08  3.68  2.34  1.10  0.86     3.09  1.47  4.08  4.45  2.37
 75   50     1.28  2.25  3.51  3.91  4.36  4.52  4.21  3.87  3.54  2.28  1.06  0.84     2.97  1.46  3.92  4.20  2.30
 75   60     1.27  2.23  3.45  3.69  4.07  4.20  3.91  3.62  3.35  2.17  1.01  0.82     2.82  1.44  3.74  3.91  2.18
 75   70     1.24  2.19  3.37  3.44  3.73  3.83  3.57  3.34  3.13  2.04  0.95  0.79     2.64  1.41  3.52  3.58  2.04
 75   80     1.21  2.13  3.25  3.15  3.37  3.43  3.20  3.02  2.86  1.88  0.88  0.76     2.43  1.36  3.26  3.22  1.88
 75   90     1.17  2.06  3.14  2.86  3.00  3.04  2.84  2.70  2.58  1.69  0.80  0.72     2.21  1.31  3.00  2.86  1.69
 90   10     1.19  2.11  3.37  4.25  4.97  5.29  4.90  4.32  3.70  2.27  1.09  0.84     3.19  1.38  4.20  4.84  2.36
 90   20     1.18  2.09  3.35  4.16  4.87  5.16  4.78  4.23  3.64  2.24  1.07  0.83     3.13  1.37  4.12  4.72  2.32
 90   30     1.17  2.07  3.31  4.02  4.70  4.97  4.60  4.09  3.54  2.18  1.04  0.81     3.04  1.35  4.01  4.55  2.25
 90   40     1.15  2.04  3.27  3.85  4.48  4.72  4.38  3.91  3.40  2.11  1.00  0.79     2.92  1.33  3.87  4.34  2.17
 90   50     1.13  2.01  3.21  3.67  4.22  4.42  4.11  3.70  3.24  2.01  0.95  0.76     2.79  1.30  3.70  4.08  2.07
 90   60     1.11  1.98  3.15  3.45  3.92  4.10  3.80  3.45  3.06  1.90  0.89  0.73     2.63  1.27  3.50  3.78  1.95
 90   70     1.09  1.94  3.07  3.20  3.61  3.75  3.48  3.17  2.83  1.76  0.83  0.71     2.45  1.25  3.29  3.47  1.81
 90   80     1.06  1.89  2.98  2.95  3.27  3.39  3.14  2.89  2.60  1.63  0.76  0.68     2.27  1.21  3.07  3.14  1.66
 90   90     1.03  1.84  2.89  2.67  2.92  3.00  2.79  2.59  2.33  1.47  0.69  0.64     2.07  1.17  2.82  2.79  1.50
105   10     1.15  2.04  3.29  4.18  4.93  5.26  4.87  4.27  3.61  2.20  1.06  0.82     3.14  1.34  4.13  4.80  2.29
105   20     1.10  1.95  3.18  4.02  4.78  5.10  4.72  4.13  3.47  2.09  1.01  0.79     3.03  1.28  3.99  4.65  2.19
105   30     1.06  1.88  3.07  3.83  4.57  4.87  4.50  3.94  3.30  1.98  0.95  0.75     2.89  1.23  3.82  4.44  2.08
105   40     1.03  1.83  2.97  3.61  4.31  4.59  4.24  3.72  3.11  1.86  0.90  0.72     2.74  1.19  3.63  4.18  1.96
105   50     1.00  1.78  2.90  3.38  4.03  4.28  3.95  3.48  2.92  1.75  0.84  0.70     2.58  1.16  3.44  3.90  1.84
105   60     0.98  1.74  2.83  3.16  3.73  3.94  3.65  3.23  2.71  1.63  0.79  0.67     2.42  1.13  3.24  3.61  1.71
105   70     0.96  1.71  2.75  2.93  3.41  3.60  3.33  2.97  2.51  1.50  0.72  0.64     2.25  1.11  3.03  3.30  1.58
105   80     0.94  1.67  2.70  2.69  3.10  3.26  3.00  2.69  2.29  1.38  0.67  0.62     2.08  1.08  2.83  2.98  1.44
105   90     0.92  1.64  2.62  2.46  2.79  2.91  2.69  2.43  2.08  1.25  0.61  0.59     1.92  1.05  2.62  2.68  1.31
120   10     1.11  1.97  3.20  4.11  4.89  5.24  4.84  4.22  3.53  2.12  1.03  0.80     3.09  1.29  4.07  4.77  2.23
120   20     1.03  1.83  3.01  3.88  4.69  5.04  4.65  4.03  3.30  1.95  0.95  0.75     2.93  1.20  3.86  4.57  2.06
120   30     0.97  1.71  2.84  3.62  4.42  4.77  4.39  3.78  3.04  1.78  0.88  0.70     2.74  1.13  3.63  4.31  1.90
120   40     0.93  1.62  2.69  3.35  4.12  4.43  4.09  3.51  2.80  1.63  0.81  0.67     2.55  1.07  3.38  4.01  1.75
120   50     0.90  1.56  2.58  3.09  3.79  4.08  3.77  3.23  2.57  1.49  0.75  0.65     2.37  1.04  3.15  3.69  1.61
120   60     0.89  1.53  2.50  2.85  3.48  3.73  3.44  2.96  2.36  1.37  0.70  0.63     2.20  1.01  2.94  3.38  1.48
120   70     0.88  1.51  2.45  2.62  3.17  3.39  3.12  2.71  2.16  1.26  0.65  0.61     2.04  1.00  2.75  3.07  1.36
120   80     0.86  1.50  2.41  2.42  2.87  3.05  2.81  2.46  1.97  1.15  0.60  0.59     1.89  0.98  2.56  2.78  1.24
120   90     0.86  1.49  2.39  2.21  2.57  2.73  2.51  2.22  1.79  1.05  0.55  0.57     1.75  0.97  2.39  2.49  1.13
135   10     1.08  1.91  3.13  4.05  4.86  5.22  4.82  4.18  3.46  2.06  1.00  0.78     3.04  1.26  4.01  4.74  2.17
135   20     0.97  1.71  2.86  3.76  4.62  5.00  4.60  3.93  3.14  1.82  0.90  0.72     2.84  1.13  3.75  4.51  1.95
135   30     0.89  1.55  2.61  3.42  4.29  4.67  4.30  3.63  2.80  1.59  0.81  0.67     2.60  1.04  3.44  4.20  1.73
135   40     0.85  1.44  2.41  3.08  3.91  4.28  3.94  3.29  2.48  1.40  0.74  0.64     2.37  0.98  3.13  3.84  1.54
135   50     0.84  1.39  2.28  2.78  3.53  3.86  3.55  2.97  2.21  1.26  0.70  0.63     2.17  0.95  2.86  3.46  1.39
135   60     0.83  1.37  2.21  2.52  3.17  3.47  3.19  2.68  2.00  1.15  0.65  0.61     1.99  0.94  2.63  3.11  1.27
135   70     0.83  1.37  2.18  2.31  2.86  3.12  2.87  2.42  1.81  1.06  0.61  0.59     1.84  0.93  2.45  2.80  1.16
135   80     0.83  1.38  2.17  2.13  2.58  2.80  2.57  2.19  1.67  0.97  0.57  0.58     1.70  0.93  2.29  2.52  1.07
135   90     0.83  1.39  2.18  1.96  2.33  2.51  2.31  1.98  1.52  0.90  0.52  0.56     1.58  0.93  2.15  2.27  0.98
150   10     1.05  1.86  3.07  4.01  4.84  5.21  4.81  4.14  3.40  2.00  0.98  0.77     3.01  1.23  3.97  4.72  2.13
150   20     0.92  1.62  2.74  3.67  4.56  4.97  4.57  3.86  3.01  1.71  0.86  0.69     2.76  1.08  3.65  4.46  1.86
150   30     0.83  1.41  2.41  3.26  4.19  4.62  4.24  3.50  2.59  1.42  0.76  0.65     2.49  0.96  3.29  4.12  1.59
150   40     0.82  1.30  2.15  2.84  3.74  4.19  3.83  3.10  2.19  1.21  0.70  0.64     2.23  0.92  2.91  3.70  1.37
150   50     0.82  1.28  2.01  2.47  3.26  3.67  3.36  2.70  1.88  1.08  0.67  0.63     1.98  0.91  2.58  3.24  1.21
150   60     0.82  1.28  1.96  2.19  2.84  3.18  2.92  2.37  1.66  0.99  0.64  0.61     1.79  0.91  2.33  2.82  1.10
150   70     0.82  1.30  1.96  2.00  2.53  2.79  2.58  2.12  1.51  0.93  0.60  0.60     1.65  0.91  2.16  2.50  1.01
150   80     0.82  1.32  1.99  1.86  2.27  2.50  2.31  1.92  1.40  0.87  0.56  0.58     1.53  0.91  2.04  2.24  0.94
150   90     0.83  1.35  2.02  1.73  2.06  2.24  2.08  1.76  1.29  0.81  0.52  0.57     1.44  0.91  1.94  2.03  0.87
165   10     1.04  1.84  3.03  3.98  4.82  5.20  4.80  4.12  3.36  1.97  0.97  0.76     2.99  1.21  3.95  4.71  2.10
165   20     0.88  1.55  2.66  3.61  4.53  4.95  4.55  3.81  2.93  1.63  0.83  0.67     2.72  1.04  3.60  4.44  1.79
165   30     0.82  1.30  2.27  3.17  4.15  4.60  4.21  3.43  2.44  1.29  0.72  0.65     2.42  0.92  3.20  4.08  1.49
165   40     0.82  1.23  1.93  2.68  3.69  4.16  3.79  2.99  1.95  1.04  0.70  0.64     2.13  0.89  2.77  3.65  1.23
165   50     0.82  1.24  1.78  2.18  3.15  3.64  3.31  2.50  1.56  0.97  0.67  0.63     1.87  0.90  2.37  3.15  1.06
165   60     0.82  1.26  1.79  1.89  2.57  3.06  2.77  2.06  1.39  0.92  0.64  0.61     1.65  0.90  2.08  2.63  0.98
165   70     0.82  1.29  1.83  1.74  2.22  2.53  2.34  1.84  1.29  0.87  0.60  0.60     1.50  0.90  1.93  2.24  0.92
165   80     0.82  1.31  1.88  1.65  2.00  2.25  2.09  1.69  1.21  0.82  0.56  0.58     1.41  0.91  1.85  2.01  0.86
165   90     0.83  1.34  1.94  1.56  1.83  2.03  1.90  1.56  1.14  0.77  0.52  0.57     1.33  0.91  1.78  1.83  0.81
180   10     1.03  1.83  3.02  3.98  4.82  5.20  4.80  4.11  3.35  1.96  0.96  0.76     2.98  1.20  3.94  4.70  2.09
180   20     0.87  1.53  2.62  3.59  4.52  4.94  4.55  3.79  2.90  1.60  0.82  0.67     2.70  1.02  3.58  4.43  1.77
180   30     0.82  1.25  2.21  3.15  4.13  4.59  4.21  3.40  2.40  1.23  0.72  0.65     2.40  0.91  3.16  4.07  1.45
180   40     0.82  1.23  1.79  2.65  3.67  4.15  3.79  2.95  1.86  1.00  0.70  0.64     2.10  0.89  2.70  3.63  1.19
180   50     0.82  1.24  1.70  2.11  3.13  3.63  3.30  2.45  1.32  0.96  0.67  0.63     1.83  0.90  2.32  3.13  0.99
180   60     0.82  1.26  1.75  1.72  2.55  3.04  2.76  1.92  1.24  0.92  0.64  0.61     1.60  0.90  2.00  2.57  0.93
180   70     0.82  1.29  1.80  1.62  2.09  2.44  2.25  1.70  1.19  0.87  0.60  0.60     1.44  0.90  1.84  2.13  0.89
180   80     0.82  1.31  1.86  1.55  1.89  2.15  2.01  1.57  1.13  0.82  0.56  0.58     1.36  0.91  1.77  1.91  0.84
180   90     0.83  1.34  1.92  1.50  1.75  1.95  1.83  1.46  1.07  0.77  0.52  0.57     1.29  0.91  1.72  1.75  0.79
             68.4  64.0  53.1  28.2  15.1   7.7  10.7  20.6  36.0  49.0  51.9  59.9     30.8  64.6  29.5  13.1  42.9
             1.83  3.11  4.35  4.66  5.11  5.37  5.00  4.54  4.35  3.08  1.46  1.13     3.67  2.02  4.60  4.95  2.95
             1.62  2.82  4.17  4.66  4.98  5.12  4.81  4.49  4.34  2.97  1.40  1.06     3.53  1.83  4.60  4.80  2.90
             1.13  1.10  1.04  1.00  1.03  1.05  1.04  1.01  1.00  1.04  1.04  1.07     1.05  1.10  1.02  1.03  1.03
             1.35  1.32  1.23  1.09  0.99  0.96  0.97  1.03  1.17  1.30  1.26  1.25     1.16  1.31  1.10  0.99  1.24
temperature  -5.0  -4.9  -1.0   5.2  10.2  14.6  18.6  20.2  16.3  10.6   4.1  -1.8      7.3  -3.9   4.8  17.8  10.3
diffusedrad  0.90  1.40  1.97  2.22  2.55  2.78  2.69  2.31  1.81  1.29  0.82  0.69     1.79  1.00  2.25  2.59  1.31
snow10cm     0.99  1.00  0.93  0.16  0.00  0.00  0.00  0.00  0.00  0.00  0.11  0.72     0.33  0.90  0.36  0.00  0.04
