2 13321   幌糠            43 51.3  141 45.5   20
             1.19  2.08  3.29  4.40  5.03  5.18  4.83  4.24  3.50  2.32  1.20  0.90     3.18  1.39  4.24  4.75  2.34
             1.39  2.51  3.99  4.95  5.95  5.95  6.09  4.93  4.02  2.70  1.37  1.10     3.36  1.53  4.64  5.41  2.56
             0.97  1.60  2.82  3.97  4.01  4.09  3.79  3.23  2.99  1.96  0.91  0.77     2.74  1.24  3.70  3.70  2.05
  0   10     1.32  2.30  3.56  4.61  5.12  5.20  4.87  4.36  3.75  2.60  1.33  0.99     3.33  1.53  4.43  4.81  2.56
  0   20     1.44  2.50  3.79  4.75  5.11  5.13  4.82  4.40  3.92  2.82  1.45  1.06     3.43  1.67  4.55  4.79  2.73
  0   30     1.55  2.67  3.97  4.81  5.00  4.96  4.68  4.35  4.01  2.98  1.54  1.12     3.47  1.78  4.59  4.67  2.84
  0   40     1.63  2.79  4.08  4.79  4.78  4.70  4.45  4.21  4.00  3.07  1.60  1.17     3.44  1.86  4.55  4.45  2.89
  0   50     1.69  2.87  4.13  4.69  4.48  4.35  4.14  3.99  3.91  3.09  1.63  1.20     3.35  1.92  4.43  4.16  2.88
  0   60     1.72  2.91  4.12  4.51  4.09  3.93  3.77  3.70  3.73  3.05  1.64  1.21     3.20  1.95  4.24  3.80  2.80
  0   70     1.72  2.90  4.04  4.27  3.63  3.44  3.33  3.33  3.47  2.93  1.60  1.21     2.99  1.94  3.98  3.37  2.67
  0   80     1.70  2.84  3.90  3.95  3.10  2.92  2.84  2.91  3.13  2.75  1.54  1.19     2.73  1.91  3.65  2.89  2.48
  0   90     1.65  2.73  3.70  3.58  2.56  2.38  2.34  2.44  2.74  2.51  1.45  1.15     2.44  1.85  3.28  2.39  2.23
 15   10     1.32  2.29  3.55  4.60  5.12  5.20  4.87  4.36  3.74  2.59  1.33  0.98     3.33  1.53  4.42  4.81  2.55
 15   20     1.44  2.48  3.77  4.74  5.11  5.13  4.82  4.39  3.91  2.80  1.44  1.05     3.42  1.66  4.54  4.78  2.72
 15   30     1.53  2.64  3.94  4.80  4.99  4.96  4.68  4.35  3.99  2.95  1.52  1.11     3.46  1.76  4.58  4.66  2.82
 15   40     1.61  2.76  4.05  4.78  4.79  4.71  4.46  4.21  3.98  3.04  1.58  1.16     3.43  1.84  4.54  4.46  2.87
 15   50     1.67  2.84  4.10  4.67  4.49  4.36  4.15  3.99  3.89  3.06  1.61  1.19     3.33  1.90  4.42  4.17  2.85
 15   60     1.69  2.87  4.08  4.50  4.11  3.95  3.79  3.70  3.71  3.00  1.61  1.20     3.18  1.92  4.23  3.81  2.77
 15   70     1.70  2.86  4.00  4.26  3.66  3.48  3.35  3.34  3.45  2.88  1.58  1.19     2.98  1.92  3.97  3.39  2.64
 15   80     1.67  2.79  3.86  3.96  3.15  2.97  2.88  2.92  3.13  2.70  1.51  1.17     2.73  1.88  3.66  2.92  2.45
 15   90     1.63  2.69  3.66  3.60  2.62  2.43  2.38  2.48  2.74  2.46  1.42  1.13     2.44  1.82  3.29  2.43  2.21
 30   10     1.30  2.26  3.52  4.58  5.11  5.20  4.86  4.34  3.72  2.56  1.31  0.97     3.31  1.51  4.40  4.80  2.53
 30   20     1.41  2.44  3.72  4.70  5.09  5.12  4.81  4.38  3.87  2.75  1.41  1.04     3.39  1.63  4.50  4.77  2.67
 30   30     1.49  2.57  3.87  4.74  4.99  4.97  4.68  4.32  3.93  2.87  1.48  1.09     3.42  1.72  4.53  4.66  2.76
 30   40     1.56  2.67  3.96  4.72  4.79  4.72  4.46  4.19  3.91  2.94  1.53  1.12     3.38  1.79  4.49  4.46  2.79
 30   50     1.60  2.73  4.00  4.62  4.51  4.40  4.17  3.98  3.81  2.94  1.55  1.15     3.29  1.83  4.38  4.18  2.77
 30   60     1.63  2.75  3.97  4.45  4.14  4.00  3.82  3.70  3.63  2.88  1.54  1.15     3.14  1.84  4.19  3.84  2.68
 30   70     1.62  2.73  3.88  4.22  3.73  3.56  3.42  3.37  3.38  2.75  1.50  1.14     2.94  1.83  3.95  3.45  2.54
 30   80     1.60  2.66  3.75  3.94  3.25  3.08  2.97  2.97  3.07  2.56  1.43  1.12     2.70  1.79  3.65  3.01  2.36
 30   90     1.55  2.56  3.56  3.62  2.77  2.59  2.51  2.56  2.71  2.32  1.34  1.08     2.43  1.73  3.32  2.55  2.12
 45   10     1.28  2.23  3.48  4.54  5.09  5.18  4.85  4.32  3.68  2.51  1.29  0.96     3.28  1.49  4.37  4.78  2.49
 45   20     1.36  2.36  3.64  4.63  5.07  5.11  4.79  4.34  3.79  2.66  1.36  1.01     3.34  1.58  4.45  4.75  2.60
 45   30     1.43  2.46  3.75  4.65  4.96  4.95  4.66  4.28  3.83  2.75  1.41  1.05     3.35  1.65  4.45  4.63  2.67
 45   40     1.48  2.54  3.81  4.61  4.78  4.72  4.45  4.14  3.79  2.79  1.44  1.07     3.30  1.70  4.40  4.44  2.67
 45   50     1.51  2.58  3.83  4.51  4.51  4.42  4.18  3.94  3.68  2.76  1.44  1.08     3.20  1.72  4.28  4.18  2.63
 45   60     1.51  2.58  3.79  4.36  4.18  4.06  3.85  3.68  3.51  2.69  1.42  1.08     3.06  1.72  4.11  3.86  2.54
 45   70     1.50  2.54  3.71  4.14  3.79  3.65  3.47  3.36  3.26  2.55  1.38  1.06     2.87  1.70  3.88  3.50  2.40
 45   80     1.47  2.47  3.58  3.89  3.36  3.20  3.06  3.00  2.97  2.37  1.30  1.04     2.64  1.66  3.61  3.09  2.21
 45   90     1.42  2.37  3.41  3.60  2.92  2.76  2.65  2.62  2.63  2.14  1.21  1.00     2.39  1.60  3.31  2.68  2.00
 60   10     1.25  2.18  3.42  4.49  5.07  5.17  4.83  4.29  3.62  2.45  1.26  0.94     3.25  1.46  4.33  4.76  2.44
 60   20     1.31  2.27  3.52  4.53  5.03  5.09  4.76  4.28  3.68  2.55  1.30  0.97     3.27  1.51  4.36  4.71  2.51
 60   30     1.35  2.33  3.59  4.53  4.91  4.93  4.62  4.21  3.69  2.59  1.33  0.99     3.25  1.56  4.34  4.59  2.54
 60   40     1.37  2.37  3.63  4.47  4.72  4.70  4.41  4.06  3.63  2.60  1.34  1.00     3.19  1.58  4.27  4.39  2.52
 60   50     1.38  2.38  3.62  4.36  4.47  4.42  4.16  3.87  3.50  2.55  1.32  1.00     3.09  1.59  4.15  4.15  2.46
 60   60     1.38  2.37  3.58  4.21  4.16  4.08  3.84  3.62  3.32  2.45  1.28  0.99     2.94  1.58  3.98  3.85  2.35
 60   70     1.36  2.32  3.49  4.01  3.80  3.69  3.49  3.31  3.10  2.32  1.23  0.97     2.76  1.55  3.77  3.50  2.21
 60   80     1.32  2.25  3.38  3.79  3.42  3.30  3.12  2.99  2.82  2.14  1.16  0.94     2.55  1.50  3.53  3.13  2.04
 60   90     1.27  2.17  3.24  3.54  3.00  2.88  2.73  2.63  2.52  1.93  1.07  0.90     2.32  1.45  3.26  2.75  1.84
 75   10     1.22  2.12  3.35  4.43  5.04  5.15  4.80  4.25  3.56  2.38  1.22  0.92     3.20  1.42  4.27  4.74  2.39
 75   20     1.24  2.16  3.39  4.42  4.97  5.05  4.72  4.20  3.56  2.41  1.23  0.93     3.19  1.44  4.26  4.66  2.40
 75   30     1.25  2.17  3.41  4.37  4.83  4.88  4.56  4.10  3.51  2.41  1.23  0.93     3.14  1.45  4.21  4.52  2.38
 75   40     1.25  2.18  3.40  4.29  4.63  4.65  4.35  3.95  3.42  2.37  1.22  0.92     3.05  1.45  4.11  4.32  2.33
 75   50     1.25  2.16  3.38  4.17  4.38  4.37  4.09  3.75  3.28  2.30  1.18  0.91     2.93  1.44  3.98  4.07  2.25
 75   60     1.23  2.14  3.32  4.02  4.09  4.05  3.79  3.50  3.10  2.19  1.14  0.89     2.79  1.42  3.81  3.78  2.14
 75   70     1.21  2.09  3.25  3.84  3.76  3.69  3.47  3.23  2.88  2.05  1.08  0.87     2.62  1.39  3.62  3.46  2.00
 75   80     1.17  2.03  3.14  3.63  3.39  3.31  3.11  2.91  2.63  1.90  1.01  0.83     2.42  1.34  3.39  3.11  1.85
 75   90     1.13  1.96  3.04  3.43  3.02  2.93  2.75  2.60  2.36  1.70  0.93  0.80     2.22  1.30  3.16  2.76  1.66
 90   10     1.18  2.06  3.27  4.37  5.00  5.13  4.78  4.21  3.48  2.31  1.18  0.90     3.15  1.38  4.21  4.70  2.32
 90   20     1.17  2.04  3.25  4.30  4.89  5.00  4.66  4.12  3.42  2.27  1.16  0.88     3.10  1.36  4.14  4.59  2.28
 90   30     1.15  2.01  3.21  4.20  4.72  4.81  4.49  3.98  3.32  2.21  1.13  0.87     3.01  1.34  4.04  4.43  2.22
 90   40     1.14  1.98  3.16  4.07  4.51  4.57  4.26  3.80  3.18  2.13  1.09  0.85     2.90  1.32  3.91  4.21  2.14
 90   50     1.12  1.95  3.11  3.94  4.25  4.28  4.00  3.59  3.02  2.03  1.05  0.83     2.76  1.30  3.76  3.96  2.03
 90   60     1.10  1.91  3.04  3.79  3.95  3.96  3.69  3.35  2.84  1.92  1.00  0.80     2.61  1.27  3.59  3.67  1.92
 90   70     1.07  1.87  2.98  3.61  3.64  3.63  3.38  3.07  2.62  1.78  0.94  0.78     2.45  1.24  3.41  3.36  1.78
 90   80     1.04  1.81  2.90  3.44  3.31  3.27  3.05  2.80  2.40  1.64  0.88  0.75     2.27  1.20  3.22  3.04  1.64
 90   90     1.01  1.77  2.81  3.25  2.95  2.90  2.71  2.50  2.15  1.48  0.81  0.72     2.09  1.17  3.00  2.70  1.48
105   10     1.15  1.99  3.19  4.30  4.96  5.10  4.75  4.16  3.41  2.23  1.14  0.87     3.11  1.34  4.15  4.67  2.26
105   20     1.10  1.92  3.10  4.16  4.81  4.95  4.61  4.02  3.27  2.12  1.09  0.84     3.00  1.29  4.02  4.53  2.16
105   30     1.06  1.85  2.99  4.00  4.60  4.72  4.39  3.84  3.11  2.01  1.03  0.81     2.87  1.24  3.87  4.32  2.05
105   40     1.03  1.79  2.90  3.84  4.34  4.45  4.14  3.62  2.93  1.88  0.98  0.78     2.72  1.20  3.69  4.07  1.93
105   50     1.00  1.74  2.83  3.67  4.06  4.15  3.86  3.39  2.74  1.77  0.93  0.76     2.57  1.17  3.52  3.80  1.81
105   60     0.98  1.70  2.76  3.51  3.76  3.82  3.56  3.14  2.54  1.65  0.88  0.73     2.42  1.13  3.34  3.51  1.69
105   70     0.96  1.66  2.69  3.36  3.45  3.48  3.24  2.88  2.35  1.52  0.82  0.71     2.26  1.11  3.16  3.20  1.56
105   80     0.94  1.63  2.64  3.19  3.14  3.15  2.92  2.61  2.13  1.39  0.77  0.69     2.10  1.09  2.99  2.89  1.43
105   90     0.92  1.60  2.58  3.05  2.82  2.81  2.61  2.35  1.93  1.26  0.71  0.67     1.94  1.06  2.82  2.59  1.30
120   10     1.11  1.94  3.12  4.24  4.92  5.08  4.73  4.11  3.33  2.16  1.11  0.85     3.06  1.30  4.09  4.64  2.20
120   20     1.04  1.81  2.95  4.03  4.72  4.90  4.54  3.93  3.12  1.98  1.02  0.80     2.90  1.21  3.90  4.46  2.04
120   30     0.98  1.70  2.79  3.81  4.46  4.63  4.29  3.69  2.89  1.81  0.94  0.76     2.73  1.14  3.68  4.21  1.88
120   40     0.94  1.61  2.65  3.59  4.15  4.31  4.00  3.43  2.66  1.65  0.88  0.72     2.55  1.09  3.46  3.91  1.73
120   50     0.91  1.55  2.55  3.38  3.83  3.97  3.68  3.16  2.44  1.51  0.82  0.70     2.38  1.06  3.25  3.61  1.59
120   60     0.89  1.52  2.47  3.21  3.51  3.63  3.37  2.90  2.24  1.39  0.78  0.68     2.21  1.03  3.06  3.30  1.47
120   70     0.88  1.49  2.43  3.05  3.20  3.29  3.05  2.64  2.05  1.28  0.73  0.67     2.06  1.01  2.90  3.00  1.35
120   80     0.87  1.48  2.40  2.93  2.90  2.96  2.75  2.40  1.86  1.16  0.69  0.65     1.92  1.00  2.74  2.70  1.24
120   90     0.86  1.46  2.37  2.82  2.61  2.65  2.45  2.16  1.69  1.07  0.64  0.64     1.78  0.99  2.60  2.42  1.13
135   10     1.08  1.89  3.06  4.18  4.88  5.06  4.71  4.08  3.27  2.09  1.08  0.83     3.02  1.27  4.04  4.62  2.15
135   20     0.98  1.71  2.81  3.92  4.65  4.85  4.50  3.85  2.99  1.85  0.96  0.77     2.82  1.15  3.79  4.40  1.93
135   30     0.91  1.55  2.59  3.62  4.32  4.55  4.21  3.56  2.69  1.62  0.87  0.72     2.60  1.06  3.51  4.10  1.72
135   40     0.87  1.45  2.40  3.33  3.95  4.18  3.86  3.23  2.39  1.43  0.80  0.69     2.38  1.00  3.23  3.76  1.54
135   50     0.85  1.40  2.28  3.09  3.56  3.77  3.49  2.91  2.13  1.28  0.75  0.68     2.18  0.98  2.98  3.39  1.39
135   60     0.85  1.38  2.21  2.90  3.21  3.39  3.14  2.63  1.93  1.17  0.71  0.67     2.02  0.96  2.77  3.05  1.27
135   70     0.84  1.37  2.19  2.76  2.90  3.04  2.81  2.38  1.75  1.08  0.68  0.66     1.87  0.96  2.61  2.75  1.17
135   80     0.84  1.38  2.18  2.66  2.62  2.73  2.52  2.15  1.60  0.99  0.64  0.65     1.75  0.95  2.48  2.47  1.08
135   90     0.84  1.38  2.19  2.57  2.37  2.44  2.26  1.94  1.46  0.91  0.61  0.64     1.63  0.95  2.38  2.21  0.99
150   10     1.06  1.85  3.00  4.14  4.86  5.05  4.69  4.04  3.22  2.04  1.05  0.82     2.99  1.24  4.00  4.60  2.10
150   20     0.94  1.62  2.71  3.83  4.59  4.83  4.47  3.78  2.88  1.74  0.92  0.74     2.75  1.10  3.71  4.36  1.85
150   30     0.86  1.44  2.41  3.47  4.23  4.50  4.15  3.44  2.50  1.46  0.80  0.69     2.50  0.99  3.37  4.03  1.59
150   40     0.84  1.33  2.18  3.11  3.78  4.09  3.76  3.06  2.14  1.23  0.75  0.68     2.25  0.95  3.02  3.64  1.37
150   50     0.84  1.30  2.04  2.79  3.30  3.60  3.31  2.67  1.85  1.09  0.72  0.67     2.02  0.94  2.71  3.19  1.22
150   60     0.84  1.30  1.99  2.58  2.88  3.12  2.89  2.35  1.64  1.01  0.69  0.67     1.83  0.94  2.48  2.79  1.11
150   70     0.84  1.31  2.00  2.46  2.56  2.75  2.55  2.10  1.49  0.94  0.66  0.66     1.69  0.94  2.34  2.46  1.03
150   80     0.84  1.33  2.02  2.40  2.31  2.45  2.28  1.90  1.38  0.88  0.63  0.65     1.59  0.94  2.24  2.21  0.96
150   90     0.84  1.35  2.06  2.36  2.10  2.20  2.05  1.73  1.26  0.82  0.60  0.64     1.50  0.94  2.17  1.99  0.89
165   10     1.04  1.82  2.97  4.11  4.85  5.04  4.68  4.02  3.19  2.01  1.04  0.81     2.97  1.23  3.98  4.58  2.08
165   20     0.91  1.57  2.64  3.77  4.56  4.81  4.45  3.74  2.81  1.67  0.88  0.72     2.71  1.06  3.66  4.33  1.79
165   30     0.84  1.34  2.29  3.38  4.18  4.48  4.13  3.38  2.38  1.32  0.76  0.69     2.43  0.96  3.29  4.00  1.49
165   40     0.84  1.25  1.98  2.96  3.73  4.06  3.73  2.96  1.94  1.07  0.74  0.68     2.16  0.93  2.89  3.59  1.25
165   50     0.84  1.27  1.84  2.52  3.20  3.57  3.27  2.49  1.58  0.98  0.72  0.67     1.91  0.93  2.52  3.11  1.09
165   60     0.84  1.28  1.85  2.28  2.62  3.02  2.75  2.06  1.40  0.94  0.69  0.67     1.70  0.93  2.25  2.61  1.01
165   70     0.84  1.30  1.89  2.21  2.24  2.50  2.32  1.83  1.30  0.88  0.66  0.66     1.55  0.93  2.12  2.22  0.95
165   80     0.84  1.32  1.94  2.20  2.03  2.21  2.07  1.68  1.21  0.83  0.63  0.65     1.47  0.94  2.06  1.99  0.89
165   90     0.84  1.34  1.99  2.20  1.86  2.00  1.87  1.55  1.14  0.78  0.60  0.64     1.40  0.94  2.02  1.81  0.84
180   10     1.04  1.81  2.96  4.11  4.84  5.04  4.68  4.01  3.18  2.00  1.03  0.81     2.96  1.22  3.97  4.58  2.07
180   20     0.89  1.55  2.61  3.76  4.55  4.81  4.45  3.72  2.79  1.64  0.87  0.71     2.69  1.05  3.64  4.32  1.76
180   30     0.84  1.30  2.24  3.36  4.17  4.47  4.13  3.35  2.35  1.26  0.76  0.69     2.41  0.94  3.26  3.98  1.46
180   40     0.84  1.25  1.87  2.92  3.71  4.05  3.73  2.92  1.87  1.01  0.74  0.68     2.13  0.93  2.83  3.57  1.21
180   50     0.84  1.27  1.76  2.46  3.18  3.56  3.26  2.45  1.37  0.98  0.72  0.67     1.88  0.93  2.47  3.09  1.02
180   60     0.84  1.28  1.81  2.12  2.60  3.01  2.75  1.94  1.27  0.93  0.69  0.67     1.66  0.93  2.17  2.56  0.97
180   70     0.84  1.30  1.86  2.10  2.12  2.42  2.23  1.70  1.21  0.88  0.66  0.66     1.50  0.93  2.03  2.12  0.92
180   80     0.84  1.32  1.92  2.11  1.92  2.13  1.99  1.57  1.15  0.83  0.63  0.65     1.42  0.94  1.98  1.90  0.87
180   90     0.84  1.34  1.97  2.14  1.78  1.93  1.81  1.45  1.08  0.78  0.60  0.64     1.36  0.94  1.96  1.73  0.82
             66.8  62.6  52.9  32.3  14.7   7.2  10.1  19.7  34.4  48.3  55.3  62.9     30.5  63.9  30.0  12.4  43.0
             1.72  2.91  4.14  4.81  5.13  5.20  4.87  4.40  4.02  3.09  1.64  1.21     3.60  1.95  4.59  4.81  2.89
             1.55  2.67  3.97  4.81  4.99  4.95  4.68  4.35  4.01  2.98  1.54  1.12     3.47  1.78  4.59  4.66  2.85
             1.11  1.09  1.04  1.00  1.03  1.05  1.04  1.01  1.00  1.04  1.06  1.08     1.05  1.09  1.02  1.03  1.03
             1.30  1.28  1.21  1.09  0.99  0.96  0.97  1.03  1.15  1.28  1.28  1.24     1.15  1.28  1.10  0.98  1.24
temperature  -7.1  -6.6  -2.2   4.0  10.4  15.2  19.2  20.4  15.2   8.8   2.4  -3.7      6.3  -5.8   4.1  18.3   8.8
diffusedrad  0.92  1.42  2.00  2.41  2.54  2.78  2.69  2.32  1.82  1.31  0.87  0.73     1.82  1.02  2.32  2.60  1.33
snow10cm     1.00  1.00  1.00  0.65  0.02  0.00  0.00  0.00  0.00  0.00  0.28  0.89     0.40  0.96  0.56  0.00  0.09
