2 14121   石狩            43 11.6  141 22.2    5
             1.38  2.25  3.54  4.41  5.05  5.19  4.82  4.42  3.69  2.54  1.41  1.12     3.32  1.58  4.33  4.81  2.55
             1.67  2.65  4.14  4.98  6.20  5.73  5.85  5.18  4.21  2.94  1.67  1.41     3.52  1.76  4.90  5.29  2.84
             1.18  1.92  3.05  3.87  4.35  4.41  3.91  3.65  3.01  2.27  1.02  0.84     3.03  1.41  3.97  4.20  2.27
  0   10     1.57  2.50  3.86  4.62  5.13  5.20  4.85  4.55  3.96  2.86  1.60  1.29     3.50  1.79  4.53  4.87  2.81
  0   20     1.75  2.74  4.13  4.74  5.12  5.13  4.80  4.59  4.14  3.13  1.78  1.45     3.63  1.98  4.66  4.84  3.02
  0   30     1.91  2.94  4.34  4.76  5.00  4.96  4.66  4.54  4.24  3.32  1.92  1.58     3.68  2.14  4.70  4.72  3.16
  0   40     2.03  3.09  4.47  4.69  4.77  4.68  4.43  4.39  4.23  3.44  2.02  1.68     3.66  2.27  4.64  4.50  3.23
  0   50     2.13  3.19  4.53  4.53  4.46  4.33  4.12  4.16  4.13  3.47  2.08  1.76     3.57  2.36  4.50  4.20  3.23
  0   60     2.18  3.24  4.51  4.28  4.06  3.91  3.74  3.84  3.94  3.42  2.09  1.79     3.42  2.40  4.28  3.83  3.15
  0   70     2.19  3.23  4.42  3.94  3.59  3.42  3.29  3.45  3.65  3.30  2.05  1.80     3.19  2.41  3.98  3.39  3.00
  0   80     2.17  3.16  4.25  3.53  3.05  2.89  2.81  3.00  3.30  3.09  1.96  1.77     2.92  2.37  3.61  2.90  2.79
  0   90     2.11  3.04  4.01  3.06  2.51  2.34  2.30  2.50  2.88  2.82  1.84  1.70     2.59  2.29  3.19  2.38  2.51
 15   10     1.56  2.50  3.85  4.61  5.13  5.21  4.85  4.54  3.95  2.85  1.60  1.29     3.50  1.78  4.53  4.87  2.80
 15   20     1.74  2.73  4.11  4.73  5.11  5.13  4.80  4.58  4.13  3.11  1.77  1.44     3.61  1.97  4.65  4.84  3.00
 15   30     1.89  2.92  4.31  4.75  4.99  4.96  4.66  4.53  4.22  3.29  1.90  1.56     3.67  2.12  4.69  4.72  3.14
 15   40     2.01  3.06  4.44  4.68  4.78  4.70  4.43  4.39  4.21  3.40  2.00  1.66     3.65  2.24  4.63  4.50  3.20
 15   50     2.09  3.15  4.49  4.52  4.47  4.34  4.12  4.15  4.11  3.43  2.05  1.73     3.55  2.33  4.49  4.21  3.19
 15   60     2.14  3.19  4.47  4.27  4.08  3.93  3.75  3.84  3.92  3.37  2.05  1.76     3.40  2.37  4.27  3.84  3.11
 15   70     2.15  3.18  4.38  3.94  3.62  3.45  3.32  3.46  3.64  3.24  2.01  1.77     3.18  2.37  3.98  3.41  2.97
 15   80     2.13  3.11  4.21  3.54  3.11  2.94  2.85  3.02  3.30  3.04  1.93  1.73     2.91  2.32  3.62  2.94  2.75
 15   90     2.07  2.99  3.98  3.08  2.56  2.40  2.35  2.55  2.88  2.76  1.80  1.67     2.59  2.24  3.21  2.44  2.48
 30   10     1.54  2.47  3.82  4.58  5.13  5.20  4.84  4.53  3.92  2.82  1.58  1.27     3.48  1.76  4.51  4.86  2.77
 30   20     1.70  2.67  4.05  4.69  5.10  5.12  4.79  4.57  4.08  3.04  1.73  1.40     3.58  1.92  4.61  4.83  2.95
 30   30     1.83  2.84  4.23  4.70  4.99  4.96  4.66  4.51  4.15  3.19  1.84  1.51     3.62  2.06  4.64  4.71  3.06
 30   40     1.93  2.96  4.34  4.62  4.78  4.71  4.44  4.38  4.13  3.28  1.92  1.59     3.59  2.16  4.58  4.51  3.11
 30   50     2.00  3.03  4.38  4.46  4.50  4.38  4.14  4.16  4.03  3.29  1.95  1.65     3.50  2.23  4.45  4.23  3.09
 30   60     2.04  3.05  4.35  4.21  4.12  3.99  3.79  3.86  3.84  3.23  1.94  1.67     3.34  2.25  4.23  3.88  3.00
 30   70     2.04  3.03  4.25  3.91  3.70  3.54  3.38  3.50  3.57  3.09  1.89  1.67     3.13  2.25  3.95  3.48  2.85
 30   80     2.01  2.96  4.09  3.53  3.22  3.06  2.94  3.09  3.24  2.88  1.80  1.63     2.87  2.20  3.61  3.03  2.64
 30   90     1.95  2.84  3.87  3.12  2.72  2.56  2.48  2.65  2.85  2.61  1.67  1.56     2.57  2.12  3.24  2.57  2.38
 45   10     1.51  2.42  3.76  4.54  5.11  5.19  4.83  4.51  3.88  2.76  1.54  1.24     3.44  1.72  4.47  4.84  2.73
 45   20     1.63  2.58  3.96  4.61  5.08  5.12  4.78  4.53  4.00  2.94  1.66  1.34     3.52  1.85  4.55  4.81  2.87
 45   30     1.73  2.71  4.09  4.61  4.96  4.95  4.64  4.47  4.04  3.06  1.74  1.43     3.54  1.96  4.55  4.68  2.95
 45   40     1.81  2.80  4.17  4.52  4.77  4.72  4.43  4.33  4.00  3.10  1.79  1.49     3.50  2.03  4.49  4.49  2.97
 45   50     1.86  2.85  4.20  4.36  4.50  4.41  4.15  4.12  3.89  3.08  1.80  1.52     3.40  2.08  4.35  4.23  2.93
 45   60     1.88  2.85  4.16  4.13  4.16  4.05  3.82  3.84  3.71  3.01  1.78  1.53     3.24  2.09  4.15  3.90  2.83
 45   70     1.87  2.81  4.06  3.83  3.76  3.64  3.45  3.51  3.44  2.86  1.72  1.51     3.04  2.06  3.88  3.53  2.67
 45   80     1.83  2.74  3.92  3.49  3.33  3.19  3.03  3.13  3.14  2.66  1.62  1.47     2.79  2.01  3.58  3.12  2.47
 45   90     1.76  2.63  3.72  3.11  2.88  2.74  2.62  2.73  2.78  2.40  1.49  1.40     2.52  1.93  3.23  2.70  2.22
 60   10     1.47  2.36  3.69  4.49  5.08  5.18  4.81  4.47  3.82  2.69  1.50  1.20     3.40  1.68  4.42  4.82  2.67
 60   20     1.55  2.47  3.83  4.51  5.04  5.09  4.74  4.47  3.89  2.81  1.57  1.27     3.44  1.76  4.46  4.77  2.75
 60   30     1.61  2.55  3.91  4.48  4.92  4.93  4.60  4.39  3.89  2.87  1.62  1.32     3.42  1.83  4.44  4.64  2.79
 60   40     1.66  2.60  3.96  4.38  4.72  4.70  4.39  4.25  3.83  2.88  1.63  1.36     3.36  1.87  4.35  4.45  2.78
 60   50     1.68  2.62  3.95  4.21  4.47  4.42  4.13  4.04  3.70  2.84  1.62  1.37     3.25  1.89  4.21  4.20  2.72
 60   60     1.68  2.61  3.91  3.99  4.15  4.07  3.82  3.78  3.52  2.73  1.58  1.36     3.10  1.88  4.01  3.89  2.61
 60   70     1.66  2.56  3.81  3.71  3.78  3.69  3.46  3.46  3.27  2.59  1.51  1.33     2.90  1.85  3.77  3.54  2.46
 60   80     1.62  2.49  3.69  3.40  3.39  3.29  3.10  3.13  2.98  2.40  1.41  1.28     2.68  1.80  3.49  3.17  2.26
 60   90     1.56  2.39  3.53  3.06  2.97  2.87  2.71  2.75  2.67  2.17  1.29  1.22     2.43  1.72  3.18  2.77  2.04
 75   10     1.42  2.30  3.62  4.43  5.05  5.16  4.79  4.43  3.75  2.61  1.44  1.16     3.35  1.62  4.37  4.80  2.60
 75   20     1.45  2.34  3.67  4.40  4.98  5.06  4.70  4.39  3.75  2.65  1.47  1.19     3.34  1.66  4.35  4.72  2.63
 75   30     1.48  2.37  3.70  4.32  4.84  4.89  4.55  4.29  3.71  2.66  1.47  1.21     3.29  1.69  4.29  4.58  2.61
 75   40     1.49  2.38  3.70  4.19  4.64  4.66  4.34  4.13  3.61  2.62  1.46  1.21     3.20  1.70  4.18  4.38  2.56
 75   50     1.49  2.37  3.68  4.01  4.38  4.37  4.07  3.92  3.47  2.55  1.42  1.20     3.08  1.69  4.02  4.12  2.48
 75   60     1.48  2.35  3.62  3.79  4.08  4.05  3.78  3.66  3.27  2.43  1.36  1.18     2.92  1.67  3.83  3.83  2.36
 75   70     1.45  2.30  3.54  3.54  3.74  3.69  3.45  3.38  3.05  2.29  1.29  1.15     2.74  1.63  3.61  3.51  2.21
 75   80     1.41  2.23  3.42  3.24  3.37  3.30  3.09  3.05  2.78  2.11  1.20  1.10     2.52  1.58  3.34  3.15  2.03
 75   90     1.37  2.16  3.30  2.95  3.00  2.92  2.73  2.72  2.50  1.90  1.09  1.04     2.31  1.52  3.08  2.79  1.83
 90   10     1.37  2.22  3.53  4.36  5.01  5.14  4.77  4.39  3.67  2.52  1.38  1.11     3.29  1.57  4.30  4.76  2.52
 90   20     1.36  2.20  3.50  4.27  4.91  5.01  4.65  4.30  3.60  2.48  1.36  1.10     3.23  1.55  4.23  4.66  2.48
 90   30     1.34  2.18  3.46  4.14  4.74  4.82  4.48  4.16  3.50  2.42  1.33  1.09     3.14  1.53  4.11  4.49  2.42
 90   40     1.33  2.15  3.42  3.96  4.52  4.58  4.25  3.97  3.36  2.35  1.28  1.06     3.02  1.51  3.97  4.27  2.33
 90   50     1.30  2.12  3.36  3.77  4.25  4.29  3.98  3.75  3.19  2.23  1.23  1.04     2.88  1.49  3.80  4.01  2.22
 90   60     1.28  2.08  3.30  3.55  3.94  3.96  3.68  3.50  3.00  2.12  1.16  1.01     2.71  1.46  3.60  3.72  2.09
 90   70     1.26  2.04  3.22  3.30  3.63  3.63  3.37  3.22  2.77  1.97  1.08  0.97     2.54  1.42  3.38  3.40  1.94
 90   80     1.22  1.98  3.13  3.05  3.29  3.27  3.04  2.93  2.54  1.82  1.00  0.94     2.35  1.38  3.16  3.08  1.79
 90   90     1.19  1.93  3.04  2.77  2.93  2.90  2.70  2.62  2.27  1.64  0.91  0.89     2.15  1.34  2.91  2.74  1.61
105   10     1.31  2.15  3.44  4.29  4.98  5.12  4.74  4.34  3.59  2.43  1.33  1.07     3.23  1.51  4.24  4.73  2.45
105   20     1.26  2.06  3.33  4.13  4.83  4.96  4.60  4.20  3.44  2.31  1.25  1.01     3.12  1.45  4.09  4.59  2.34
105   30     1.21  1.99  3.21  3.94  4.61  4.74  4.39  4.01  3.27  2.18  1.18  0.97     2.98  1.39  3.92  4.38  2.21
105   40     1.17  1.93  3.11  3.72  4.35  4.46  4.13  3.78  3.08  2.05  1.11  0.93     2.82  1.34  3.73  4.13  2.08
105   50     1.14  1.87  3.04  3.49  4.07  4.16  3.85  3.54  2.88  1.93  1.04  0.90     2.66  1.30  3.53  3.85  1.95
105   60     1.11  1.83  2.96  3.26  3.76  3.83  3.55  3.29  2.67  1.79  0.97  0.86     2.49  1.27  3.33  3.55  1.81
105   70     1.10  1.79  2.89  3.03  3.44  3.49  3.23  3.02  2.47  1.66  0.90  0.83     2.32  1.24  3.12  3.24  1.68
105   80     1.07  1.76  2.84  2.78  3.12  3.15  2.91  2.73  2.25  1.52  0.83  0.80     2.15  1.21  2.91  2.93  1.53
105   90     1.06  1.73  2.76  2.56  2.80  2.82  2.60  2.46  2.04  1.38  0.76  0.77     1.98  1.18  2.71  2.63  1.39
120   10     1.26  2.08  3.35  4.23  4.94  5.09  4.72  4.29  3.51  2.35  1.27  1.02     3.18  1.46  4.17  4.70  2.38
120   20     1.16  1.93  3.15  4.00  4.74  4.91  4.54  4.10  3.28  2.14  1.15  0.93     3.00  1.34  3.96  4.52  2.19
120   30     1.08  1.81  2.97  3.73  4.47  4.65  4.29  3.85  3.04  1.95  1.05  0.86     2.81  1.25  3.72  4.26  2.01
120   40     1.03  1.71  2.82  3.45  4.16  4.33  4.00  3.58  2.79  1.78  0.96  0.81     2.62  1.19  3.48  3.97  1.84
120   50     1.00  1.65  2.70  3.19  3.84  3.98  3.68  3.29  2.56  1.62  0.88  0.78     2.43  1.14  3.24  3.65  1.69
120   60     0.98  1.61  2.61  2.94  3.51  3.64  3.36  3.02  2.35  1.49  0.82  0.75     2.26  1.12  3.02  3.34  1.55
120   70     0.98  1.59  2.57  2.71  3.20  3.30  3.05  2.75  2.14  1.37  0.75  0.73     2.10  1.10  2.83  3.03  1.42
120   80     0.97  1.58  2.53  2.51  2.89  2.96  2.74  2.50  1.95  1.25  0.70  0.71     1.94  1.08  2.64  2.74  1.30
120   90     0.96  1.56  2.51  2.31  2.59  2.65  2.44  2.25  1.77  1.15  0.64  0.69     1.79  1.07  2.47  2.45  1.19
135   10     1.22  2.02  3.27  4.17  4.91  5.08  4.70  4.25  3.44  2.27  1.23  0.98     3.13  1.41  4.12  4.67  2.31
135   20     1.08  1.81  2.99  3.87  4.67  4.87  4.49  4.01  3.14  1.99  1.06  0.86     2.90  1.25  3.85  4.46  2.06
135   30     0.98  1.64  2.73  3.53  4.34  4.57  4.21  3.70  2.81  1.73  0.93  0.78     2.66  1.13  3.54  4.16  1.82
135   40     0.93  1.52  2.52  3.18  3.96  4.19  3.86  3.36  2.50  1.51  0.83  0.73     2.42  1.06  3.22  3.81  1.61
135   50     0.91  1.46  2.38  2.87  3.58  3.79  3.49  3.02  2.22  1.34  0.76  0.71     2.21  1.03  2.94  3.43  1.44
135   60     0.91  1.44  2.30  2.61  3.21  3.40  3.14  2.73  2.00  1.22  0.71  0.69     2.03  1.01  2.71  3.09  1.31
135   70     0.91  1.44  2.27  2.39  2.89  3.05  2.81  2.46  1.82  1.13  0.67  0.68     1.88  1.01  2.52  2.77  1.20
135   80     0.92  1.45  2.27  2.21  2.60  2.73  2.52  2.23  1.66  1.03  0.62  0.67     1.74  1.01  2.36  2.49  1.11
135   90     0.92  1.46  2.28  2.04  2.35  2.44  2.26  2.01  1.51  0.96  0.57  0.66     1.62  1.01  2.22  2.24  1.01
150   10     1.19  1.97  3.21  4.13  4.88  5.07  4.69  4.22  3.38  2.21  1.19  0.95     3.09  1.37  4.07  4.66  2.26
150   20     1.01  1.72  2.87  3.78  4.61  4.84  4.46  3.94  3.02  1.86  0.99  0.81     2.83  1.18  3.75  4.41  1.96
150   30     0.90  1.50  2.52  3.37  4.25  4.52  4.15  3.58  2.62  1.53  0.82  0.71     2.54  1.04  3.38  4.09  1.66
150   40     0.88  1.37  2.25  2.94  3.81  4.11  3.77  3.17  2.23  1.27  0.74  0.70     2.27  0.98  3.00  3.68  1.41
150   50     0.88  1.33  2.08  2.55  3.32  3.62  3.32  2.76  1.91  1.11  0.70  0.69     2.02  0.97  2.65  3.23  1.24
150   60     0.89  1.34  2.03  2.26  2.88  3.14  2.89  2.42  1.68  1.02  0.67  0.68     1.82  0.97  2.39  2.81  1.12
150   70     0.90  1.36  2.03  2.07  2.55  2.75  2.54  2.15  1.53  0.95  0.63  0.67     1.68  0.97  2.22  2.48  1.03
150   80     0.91  1.38  2.07  1.92  2.29  2.45  2.27  1.95  1.41  0.89  0.59  0.66     1.56  0.98  2.09  2.22  0.96
150   90     0.91  1.41  2.11  1.80  2.07  2.19  2.04  1.77  1.30  0.83  0.55  0.65     1.47  0.99  2.00  2.00  0.89
165   10     1.17  1.95  3.17  4.10  4.87  5.06  4.68  4.20  3.35  2.17  1.17  0.94     3.07  1.35  4.05  4.64  2.23
165   20     0.97  1.65  2.78  3.73  4.59  4.83  4.45  3.89  2.94  1.77  0.93  0.76     2.77  1.13  3.70  4.39  1.88
165   30     0.87  1.38  2.37  3.28  4.21  4.50  4.13  3.51  2.48  1.37  0.75  0.70     2.46  0.98  3.29  4.05  1.54
165   40     0.88  1.27  2.01  2.78  3.75  4.09  3.74  3.07  2.00  1.07  0.72  0.70     2.17  0.95  2.85  3.63  1.26
165   50     0.88  1.29  1.83  2.27  3.22  3.59  3.28  2.57  1.61  0.97  0.70  0.69     1.91  0.95  2.44  3.15  1.09
165   60     0.89  1.31  1.84  1.94  2.64  3.04  2.77  2.10  1.41  0.92  0.66  0.68     1.68  0.96  2.14  2.64  1.00
165   70     0.90  1.34  1.89  1.79  2.23  2.51  2.32  1.86  1.31  0.88  0.63  0.67     1.53  0.97  1.97  2.23  0.94
165   80     0.91  1.37  1.95  1.70  2.01  2.21  2.06  1.70  1.22  0.83  0.59  0.66     1.43  0.98  1.89  1.99  0.88
165   90     0.91  1.40  2.01  1.62  1.84  1.99  1.87  1.57  1.15  0.78  0.55  0.65     1.36  0.99  1.82  1.81  0.83
180   10     1.16  1.94  3.15  4.09  4.87  5.06  4.68  4.18  3.34  2.15  1.16  0.93     3.06  1.34  4.04  4.64  2.22
180   20     0.95  1.63  2.74  3.71  4.58  4.83  4.45  3.87  2.92  1.74  0.92  0.75     2.76  1.11  3.68  4.38  1.86
180   30     0.87  1.33  2.31  3.26  4.20  4.50  4.13  3.48  2.44  1.30  0.75  0.70     2.44  0.97  3.26  4.04  1.50
180   40     0.88  1.27  1.87  2.75  3.73  4.08  3.74  3.03  1.93  0.99  0.72  0.70     2.14  0.95  2.79  3.61  1.22
180   50     0.88  1.29  1.72  2.21  3.20  3.59  3.27  2.52  1.38  0.96  0.70  0.69     1.87  0.95  2.38  3.13  1.01
180   60     0.89  1.31  1.78  1.75  2.62  3.03  2.76  1.98  1.26  0.92  0.66  0.68     1.64  0.96  2.05  2.59  0.95
180   70     0.90  1.34  1.85  1.66  2.11  2.44  2.24  1.71  1.21  0.88  0.63  0.67     1.47  0.97  1.87  2.13  0.91
180   80     0.91  1.37  1.92  1.60  1.90  2.12  1.99  1.58  1.15  0.83  0.59  0.66     1.38  0.98  1.80  1.90  0.86
180   90     0.91  1.40  1.99  1.55  1.75  1.92  1.81  1.46  1.08  0.78  0.55  0.65     1.32  0.99  1.76  1.73  0.81
             69.1  63.1  52.8  27.5  14.0   6.7   9.6  19.6  34.5  49.3  56.8  66.1     32.3  65.7  29.0  12.2  44.5
             2.20  3.24  4.53  4.77  5.14  5.21  4.85  4.59  4.24  3.47  2.09  1.80     3.84  2.41  4.70  4.87  3.24
             1.94  2.98  4.37  4.76  4.96  4.90  4.61  4.51  4.24  3.35  1.95  1.61     3.68  2.18  4.69  4.68  3.18
             1.13  1.09  1.04  1.00  1.04  1.06  1.05  1.02  1.00  1.04  1.07  1.12     1.05  1.11  1.03  1.04  1.04
             1.41  1.32  1.23  1.08  0.98  0.94  0.96  1.02  1.15  1.32  1.38  1.44     1.19  1.39  1.10  0.97  1.28
temperature  -4.9  -4.4  -0.6   5.7  10.9  15.2  19.1  20.9  16.8  10.8   4.1  -1.8      7.7  -3.7   5.3  18.4  10.6
diffusedrad  0.98  1.46  2.00  2.22  2.53  2.75  2.67  2.30  1.83  1.32  0.90  0.79     1.81  1.07  2.25  2.57  1.35
snow10cm     1.00  1.00  0.96  0.19  0.00  0.00  0.00  0.00  0.00  0.00  0.06  0.66     0.32  0.88  0.39  0.00  0.02
