2 15041   朱鞠内          44 16.9  142  9.7  255
             1.21  2.14  3.20  4.35  4.80  5.04  4.53  3.91  3.19  2.15  1.11  0.86     3.04  1.40  4.12  4.49  2.15
             1.68  2.67  3.86  4.95  5.65  5.58  5.78  4.61  3.79  2.56  1.30  1.04     3.24  1.68  4.50  5.29  2.35
             0.93  1.64  2.61  3.94  3.89  3.86  3.51  3.21  2.62  1.90  0.90  0.75     2.85  1.11  3.76  3.84  1.88
  0   10     1.35  2.38  3.46  4.54  4.88  5.06  4.56  4.00  3.40  2.37  1.20  0.93     3.18  1.55  4.30  4.54  2.32
  0   20     1.49  2.62  3.68  4.69  4.89  5.00  4.53  4.04  3.54  2.56  1.29  0.99     3.27  1.70  4.42  4.52  2.46
  0   30     1.61  2.81  3.85  4.77  4.80  4.84  4.40  3.99  3.60  2.69  1.36  1.04     3.31  1.82  4.47  4.41  2.55
  0   40     1.70  2.96  3.96  4.77  4.62  4.59  4.19  3.86  3.59  2.76  1.40  1.08     3.29  1.91  4.45  4.21  2.58
  0   50     1.77  3.05  4.01  4.71  4.37  4.25  3.91  3.66  3.50  2.77  1.43  1.11     3.21  1.98  4.37  3.94  2.56
  0   60     1.81  3.10  4.00  4.59  4.05  3.86  3.57  3.40  3.34  2.72  1.43  1.12     3.08  2.01  4.21  3.61  2.49
  0   70     1.82  3.10  3.92  4.39  3.66  3.39  3.17  3.07  3.10  2.61  1.41  1.12     2.90  2.01  3.99  3.21  2.37
  0   80     1.80  3.04  3.79  4.14  3.21  2.89  2.72  2.70  2.81  2.45  1.36  1.10     2.67  1.98  3.71  2.77  2.21
  0   90     1.75  2.92  3.60  3.84  2.75  2.37  2.26  2.28  2.46  2.24  1.29  1.07     2.40  1.91  3.40  2.31  2.00
 15   10     1.35  2.38  3.45  4.54  4.88  5.06  4.56  4.00  3.39  2.37  1.20  0.92     3.17  1.55  4.29  4.54  2.32
 15   20     1.48  2.60  3.67  4.68  4.88  5.00  4.52  4.03  3.52  2.54  1.28  0.98     3.27  1.69  4.41  4.51  2.45
 15   30     1.59  2.78  3.83  4.75  4.79  4.83  4.39  3.98  3.59  2.66  1.34  1.03     3.30  1.80  4.46  4.40  2.53
 15   40     1.68  2.92  3.93  4.76  4.63  4.59  4.19  3.86  3.57  2.73  1.39  1.07     3.28  1.89  4.44  4.21  2.56
 15   50     1.75  3.02  3.98  4.70  4.38  4.26  3.91  3.66  3.48  2.74  1.41  1.09     3.20  1.95  4.35  3.94  2.54
 15   60     1.78  3.06  3.96  4.57  4.06  3.87  3.58  3.40  3.32  2.68  1.41  1.10     3.06  1.98  4.20  3.62  2.47
 15   70     1.79  3.05  3.88  4.38  3.68  3.42  3.18  3.08  3.09  2.57  1.38  1.10     2.88  1.98  3.98  3.23  2.35
 15   80     1.77  2.99  3.75  4.14  3.25  2.93  2.75  2.71  2.80  2.41  1.34  1.08     2.66  1.95  3.71  2.80  2.18
 15   90     1.72  2.88  3.56  3.85  2.79  2.42  2.30  2.31  2.46  2.19  1.27  1.05     2.40  1.88  3.40  2.34  1.97
 30   10     1.33  2.35  3.43  4.51  4.87  5.05  4.56  3.99  3.37  2.34  1.18  0.92     3.16  1.53  4.27  4.53  2.30
 30   20     1.45  2.55  3.62  4.64  4.87  4.99  4.51  4.01  3.49  2.49  1.26  0.97     3.24  1.66  4.37  4.50  2.41
 30   30     1.55  2.71  3.76  4.70  4.79  4.84  4.39  3.96  3.53  2.60  1.31  1.01     3.26  1.75  4.42  4.39  2.48
 30   40     1.62  2.83  3.85  4.70  4.62  4.60  4.19  3.83  3.50  2.64  1.35  1.04     3.23  1.83  4.39  4.21  2.50
 30   50     1.68  2.90  3.88  4.64  4.39  4.29  3.93  3.64  3.41  2.64  1.36  1.06     3.15  1.88  4.30  3.95  2.47
 30   60     1.70  2.93  3.85  4.51  4.08  3.91  3.60  3.38  3.25  2.57  1.35  1.07     3.02  1.90  4.15  3.63  2.39
 30   70     1.70  2.90  3.77  4.34  3.73  3.49  3.23  3.08  3.02  2.46  1.32  1.06     2.84  1.89  3.95  3.27  2.27
 30   80     1.68  2.84  3.64  4.12  3.33  3.03  2.82  2.73  2.74  2.29  1.27  1.04     2.63  1.85  3.69  2.86  2.10
 30   90     1.63  2.73  3.46  3.85  2.92  2.55  2.40  2.36  2.42  2.07  1.20  1.01     2.38  1.79  3.41  2.44  1.90
 45   10     1.31  2.31  3.38  4.48  4.86  5.04  4.54  3.97  3.33  2.30  1.17  0.91     3.13  1.51  4.24  4.52  2.27
 45   20     1.40  2.46  3.54  4.57  4.84  4.97  4.49  3.98  3.42  2.42  1.22  0.94     3.19  1.60  4.32  4.48  2.35
 45   30     1.48  2.59  3.64  4.61  4.75  4.82  4.36  3.91  3.44  2.49  1.26  0.98     3.19  1.68  4.34  4.37  2.40
 45   40     1.53  2.67  3.70  4.60  4.60  4.60  4.17  3.79  3.40  2.51  1.28  1.00     3.15  1.73  4.30  4.19  2.40
 45   50     1.57  2.72  3.72  4.53  4.38  4.31  3.92  3.60  3.29  2.48  1.28  1.01     3.07  1.76  4.21  3.94  2.35
 45   60     1.58  2.73  3.68  4.42  4.10  3.96  3.61  3.35  3.13  2.41  1.26  1.00     2.94  1.77  4.07  3.64  2.27
 45   70     1.57  2.70  3.59  4.25  3.77  3.57  3.27  3.06  2.91  2.29  1.23  0.99     2.77  1.75  3.87  3.30  2.14
 45   80     1.54  2.63  3.48  4.06  3.41  3.14  2.88  2.74  2.65  2.12  1.17  0.97     2.56  1.71  3.65  2.92  1.98
 45   90     1.48  2.52  3.31  3.83  3.04  2.71  2.50  2.40  2.35  1.92  1.10  0.93     2.34  1.65  3.39  2.54  1.79
 60   10     1.27  2.25  3.33  4.43  4.83  5.03  4.53  3.94  3.29  2.25  1.14  0.89     3.10  1.47  4.20  4.50  2.23
 60   20     1.34  2.36  3.43  4.48  4.80  4.95  4.46  3.92  3.33  2.33  1.18  0.91     3.12  1.53  4.24  4.45  2.28
 60   30     1.38  2.43  3.49  4.49  4.71  4.79  4.33  3.85  3.32  2.35  1.19  0.93     3.11  1.58  4.23  4.32  2.29
 60   40     1.41  2.48  3.52  4.46  4.54  4.58  4.13  3.71  3.26  2.35  1.20  0.94     3.05  1.61  4.18  4.14  2.27
 60   50     1.43  2.50  3.51  4.39  4.34  4.30  3.89  3.52  3.14  2.30  1.18  0.93     2.95  1.62  4.08  3.90  2.21
 60   60     1.43  2.50  3.47  4.28  4.07  3.97  3.60  3.29  2.97  2.20  1.15  0.92     2.82  1.62  3.94  3.62  2.11
 60   70     1.41  2.45  3.39  4.13  3.77  3.60  3.27  3.01  2.76  2.08  1.11  0.91     2.66  1.59  3.76  3.29  1.99
 60   80     1.37  2.38  3.28  3.96  3.45  3.21  2.92  2.71  2.51  1.92  1.06  0.88     2.47  1.54  3.56  2.95  1.83
 60   90     1.32  2.29  3.14  3.76  3.09  2.81  2.56  2.39  2.24  1.73  0.99  0.84     2.27  1.49  3.33  2.59  1.66
 75   10     1.24  2.18  3.26  4.38  4.80  5.01  4.50  3.91  3.23  2.19  1.12  0.87     3.06  1.43  4.15  4.47  2.18
 75   20     1.26  2.23  3.30  4.38  4.75  4.91  4.42  3.86  3.23  2.21  1.12  0.88     3.04  1.46  4.14  4.40  2.19
 75   30     1.28  2.26  3.32  4.34  4.63  4.75  4.28  3.76  3.17  2.20  1.12  0.88     3.00  1.47  4.10  4.26  2.17
 75   40     1.28  2.27  3.31  4.29  4.46  4.52  4.08  3.61  3.08  2.16  1.10  0.87     2.92  1.48  4.02  4.07  2.11
 75   50     1.28  2.26  3.28  4.20  4.25  4.25  3.83  3.41  2.95  2.09  1.08  0.86     2.81  1.47  3.91  3.83  2.04
 75   60     1.27  2.24  3.22  4.09  4.01  3.94  3.55  3.18  2.78  1.98  1.04  0.84     2.68  1.45  3.77  3.56  1.93
 75   70     1.24  2.20  3.15  3.96  3.72  3.59  3.24  2.93  2.58  1.86  0.99  0.82     2.52  1.42  3.61  3.25  1.81
 75   80     1.21  2.13  3.04  3.81  3.42  3.22  2.91  2.64  2.35  1.71  0.94  0.79     2.35  1.38  3.42  2.92  1.67
 75   90     1.17  2.06  2.95  3.65  3.11  2.85  2.58  2.35  2.10  1.54  0.88  0.76     2.17  1.33  3.24  2.59  1.51
 90   10     1.20  2.11  3.19  4.31  4.77  4.99  4.48  3.87  3.17  2.13  1.09  0.85     3.01  1.39  4.09  4.45  2.13
 90   20     1.19  2.10  3.16  4.26  4.67  4.87  4.37  3.78  3.11  2.09  1.07  0.84     2.96  1.37  4.03  4.34  2.09
 90   30     1.17  2.08  3.12  4.18  4.53  4.68  4.21  3.65  3.01  2.03  1.04  0.82     2.88  1.36  3.94  4.18  2.03
 90   40     1.16  2.05  3.08  4.08  4.34  4.44  3.99  3.48  2.88  1.96  1.01  0.80     2.77  1.34  3.83  3.97  1.95
 90   50     1.14  2.02  3.02  3.98  4.12  4.16  3.74  3.28  2.73  1.86  0.97  0.79     2.65  1.31  3.71  3.73  1.86
 90   60     1.12  1.98  2.96  3.87  3.87  3.85  3.46  3.05  2.56  1.76  0.93  0.76     2.51  1.29  3.57  3.45  1.75
 90   70     1.09  1.95  2.89  3.74  3.61  3.53  3.16  2.79  2.36  1.63  0.89  0.74     2.36  1.26  3.42  3.16  1.62
 90   80     1.06  1.89  2.81  3.62  3.33  3.18  2.85  2.54  2.15  1.50  0.84  0.72     2.21  1.22  3.26  2.86  1.50
 90   90     1.03  1.84  2.73  3.48  3.04  2.82  2.53  2.26  1.93  1.35  0.79  0.69     2.04  1.19  3.08  2.54  1.35
105   10     1.16  2.04  3.11  4.25  4.73  4.96  4.46  3.83  3.11  2.06  1.06  0.83     2.97  1.34  4.03  4.42  2.08
105   20     1.11  1.96  3.02  4.13  4.60  4.81  4.32  3.70  2.98  1.97  1.01  0.80     2.87  1.29  3.92  4.28  1.99
105   30     1.07  1.89  2.92  4.00  4.41  4.60  4.13  3.53  2.84  1.86  0.97  0.77     2.75  1.24  3.78  4.09  1.89
105   40     1.03  1.83  2.83  3.86  4.19  4.33  3.89  3.33  2.67  1.75  0.93  0.75     2.62  1.20  3.63  3.85  1.78
105   50     1.01  1.79  2.75  3.73  3.95  4.04  3.62  3.11  2.50  1.64  0.88  0.72     2.48  1.17  3.48  3.59  1.67
105   60     0.98  1.74  2.69  3.61  3.70  3.72  3.34  2.88  2.31  1.53  0.84  0.70     2.34  1.14  3.33  3.31  1.56
105   70     0.97  1.71  2.62  3.50  3.43  3.39  3.04  2.63  2.13  1.41  0.80  0.69     2.19  1.12  3.19  3.02  1.45
105   80     0.95  1.68  2.57  3.39  3.18  3.06  2.74  2.38  1.93  1.29  0.76  0.67     2.05  1.10  3.05  2.73  1.33
105   90     0.93  1.65  2.51  3.30  2.92  2.74  2.45  2.14  1.74  1.17  0.72  0.65     1.91  1.08  2.91  2.44  1.21
120   10     1.12  1.98  3.04  4.19  4.70  4.94  4.43  3.79  3.04  2.00  1.03  0.81     2.92  1.30  3.98  4.39  2.03
120   20     1.04  1.84  2.88  4.01  4.52  4.76  4.27  3.63  2.86  1.85  0.96  0.77     2.78  1.21  3.80  4.22  1.89
120   30     0.97  1.72  2.72  3.81  4.29  4.51  4.04  3.41  2.66  1.70  0.90  0.73     2.62  1.14  3.61  3.99  1.75
120   40     0.93  1.63  2.59  3.62  4.02  4.20  3.76  3.17  2.45  1.55  0.85  0.70     2.46  1.09  3.41  3.71  1.62
120   50     0.91  1.57  2.49  3.46  3.75  3.87  3.47  2.92  2.25  1.43  0.81  0.68     2.30  1.05  3.23  3.42  1.50
120   60     0.89  1.54  2.41  3.33  3.48  3.54  3.17  2.67  2.06  1.31  0.77  0.67     2.15  1.03  3.07  3.13  1.38
120   70     0.88  1.52  2.37  3.22  3.22  3.21  2.88  2.44  1.88  1.21  0.73  0.66     2.02  1.02  2.94  2.84  1.27
120   80     0.87  1.51  2.34  3.15  2.97  2.89  2.59  2.21  1.71  1.10  0.70  0.64     1.89  1.01  2.82  2.56  1.17
120   90     0.86  1.50  2.32  3.08  2.73  2.58  2.31  1.98  1.55  1.01  0.67  0.63     1.77  1.00  2.71  2.29  1.08
135   10     1.08  1.92  2.98  4.14  4.67  4.92  4.42  3.76  2.99  1.95  1.01  0.80     2.89  1.27  3.93  4.37  1.98
135   20     0.97  1.72  2.75  3.90  4.45  4.72  4.23  3.56  2.75  1.74  0.92  0.74     2.70  1.15  3.70  4.17  1.80
135   30     0.90  1.56  2.53  3.64  4.17  4.43  3.96  3.30  2.49  1.54  0.84  0.70     2.50  1.05  3.45  3.90  1.62
135   40     0.86  1.45  2.36  3.39  3.84  4.07  3.64  3.01  2.23  1.37  0.79  0.68     2.31  1.00  3.19  3.57  1.46
135   50     0.84  1.40  2.24  3.18  3.51  3.68  3.30  2.72  2.00  1.24  0.76  0.66     2.13  0.97  2.98  3.23  1.33
135   60     0.84  1.38  2.17  3.04  3.21  3.31  2.97  2.46  1.81  1.14  0.73  0.66     1.98  0.96  2.81  2.92  1.22
135   70     0.84  1.38  2.15  2.95  2.95  2.98  2.67  2.23  1.64  1.05  0.70  0.65     1.85  0.95  2.68  2.62  1.13
135   80     0.84  1.39  2.14  2.89  2.72  2.67  2.40  2.01  1.50  0.96  0.68  0.64     1.74  0.95  2.58  2.36  1.05
135   90     0.84  1.40  2.15  2.85  2.52  2.39  2.15  1.81  1.36  0.89  0.65  0.63     1.64  0.96  2.51  2.12  0.97
150   10     1.06  1.87  2.93  4.10  4.64  4.91  4.40  3.73  2.95  1.91  0.99  0.79     2.86  1.24  3.89  4.35  1.95
150   20     0.93  1.63  2.65  3.82  4.40  4.69  4.20  3.50  2.66  1.65  0.88  0.72     2.64  1.09  3.62  4.13  1.73
150   30     0.84  1.42  2.37  3.50  4.08  4.38  3.91  3.21  2.34  1.40  0.80  0.68     2.41  0.98  3.32  3.83  1.51
150   40     0.83  1.31  2.14  3.18  3.70  3.99  3.56  2.87  2.02  1.21  0.76  0.67     2.19  0.94  3.00  3.47  1.33
150   50     0.83  1.28  2.01  2.91  3.28  3.52  3.15  2.52  1.76  1.09  0.74  0.67     1.98  0.93  2.73  3.06  1.20
150   60     0.83  1.29  1.97  2.75  2.92  3.06  2.76  2.23  1.58  1.01  0.72  0.66     1.81  0.93  2.55  2.69  1.10
150   70     0.83  1.31  1.97  2.68  2.65  2.70  2.45  2.00  1.44  0.94  0.70  0.65     1.69  0.93  2.44  2.38  1.02
150   80     0.83  1.33  2.00  2.66  2.45  2.41  2.19  1.81  1.32  0.88  0.67  0.65     1.60  0.94  2.37  2.14  0.96
150   90     0.83  1.35  2.03  2.66  2.28  2.16  1.97  1.65  1.21  0.81  0.65  0.64     1.52  0.94  2.33  1.93  0.89
165   10     1.04  1.85  2.90  4.08  4.63  4.91  4.39  3.72  2.92  1.88  0.98  0.78     2.84  1.22  3.87  4.34  1.93
165   20     0.89  1.56  2.58  3.77  4.38  4.68  4.18  3.47  2.60  1.59  0.86  0.70     2.61  1.05  3.58  4.11  1.68
165   30     0.82  1.31  2.25  3.42  4.04  4.36  3.89  3.16  2.24  1.29  0.77  0.68     2.35  0.94  3.24  3.80  1.44
165   40     0.83  1.23  1.96  3.04  3.64  3.96  3.53  2.79  1.86  1.08  0.76  0.67     2.11  0.91  2.88  3.43  1.23
165   50     0.83  1.25  1.83  2.66  3.19  3.49  3.11  2.38  1.54  1.00  0.74  0.67     1.89  0.91  2.56  2.99  1.10
165   60     0.83  1.27  1.84  2.48  2.69  2.96  2.64  2.01  1.39  0.95  0.72  0.66     1.70  0.92  2.34  2.54  1.02
165   70     0.83  1.29  1.88  2.46  2.38  2.47  2.25  1.80  1.29  0.90  0.70  0.65     1.58  0.93  2.24  2.17  0.96
165   80     0.83  1.32  1.92  2.48  2.21  2.19  2.02  1.64  1.20  0.84  0.67  0.65     1.50  0.93  2.20  1.95  0.91
165   90     0.83  1.35  1.97  2.52  2.09  1.98  1.82  1.51  1.12  0.79  0.65  0.64     1.44  0.94  2.19  1.77  0.85
180   10     1.04  1.84  2.89  4.07  4.63  4.90  4.39  3.71  2.92  1.87  0.98  0.78     2.83  1.22  3.86  4.34  1.92
180   20     0.88  1.54  2.56  3.75  4.37  4.67  4.18  3.45  2.59  1.56  0.85  0.69     2.59  1.04  3.56  4.10  1.67
180   30     0.82  1.27  2.21  3.39  4.03  4.35  3.88  3.13  2.21  1.25  0.77  0.68     2.33  0.92  3.21  3.79  1.41
180   40     0.83  1.23  1.85  3.01  3.62  3.95  3.52  2.76  1.80  1.04  0.76  0.67     2.09  0.91  2.83  3.41  1.20
180   50     0.83  1.25  1.77  2.60  3.16  3.48  3.10  2.35  1.38  1.00  0.74  0.67     1.86  0.91  2.51  2.97  1.04
180   60     0.83  1.27  1.81  2.33  2.66  2.95  2.63  1.91  1.29  0.95  0.72  0.66     1.67  0.92  2.27  2.49  0.99
180   70     0.83  1.29  1.85  2.35  2.27  2.40  2.17  1.70  1.23  0.90  0.70  0.65     1.53  0.93  2.16  2.09  0.94
180   80     0.83  1.32  1.90  2.40  2.11  2.11  1.95  1.56  1.15  0.84  0.67  0.65     1.46  0.93  2.14  1.88  0.89
180   90     0.83  1.35  1.95  2.46  2.01  1.92  1.77  1.44  1.07  0.79  0.65  0.64     1.41  0.94  2.14  1.71  0.84
             68.2  63.8  52.9  35.9  15.7   7.6  10.3  19.0  33.3  47.0  55.3  63.0     31.3  65.0  32.2  11.8  41.6
             1.82  3.11  4.01  4.78  4.90  5.06  4.56  4.04  3.61  2.77  1.43  1.12     3.43  2.01  4.48  4.54  2.58
             1.62  2.83  3.87  4.77  4.78  4.81  4.38  3.98  3.60  2.70  1.36  1.05     3.31  1.83  4.47  4.39  2.55
             1.12  1.10  1.04  1.00  1.03  1.05  1.04  1.02  1.00  1.03  1.05  1.07     1.05  1.10  1.02  1.04  1.03
             1.34  1.32  1.21  1.10  1.00  0.95  0.97  1.02  1.13  1.26  1.23  1.22     1.14  1.29  1.10  0.98  1.20
temperature  -9.6  -9.2  -4.3   2.4   8.5  13.9  17.9  18.8  13.4   6.9   0.3  -5.9      4.4  -8.2   2.2  16.9   6.9
diffusedrad  0.91  1.41  2.00  2.52  2.62  2.82  2.71  2.34  1.80  1.31  0.85  0.71     1.83  1.01  2.38  2.62  1.32
snow10cm     1.00  1.00  1.00  0.91  0.22  0.00  0.00  0.00  0.00  0.02  0.52  0.99     0.47  1.00  0.71  0.00  0.18
