2 15251   芦別            43   31  142 11.4   90
             1.39  2.28  3.34  4.21  4.89  5.19  4.79  4.21  3.39  2.37  1.30  1.04     3.20  1.57  4.15  4.73  2.35
             1.70  2.67  4.10  4.77  5.60  5.92  5.80  4.97  3.99  2.76  1.63  1.23     3.49  1.78  4.63  5.48  2.61
             1.11  1.73  2.89  3.76  4.19  4.36  3.67  2.67  2.09  2.07  1.02  0.86     2.86  1.36  3.75  4.06  1.78
  0   10     1.60  2.56  3.63  4.40  4.97  5.21  4.83  4.32  3.62  2.64  1.48  1.18     3.37  1.78  4.33  4.78  2.58
  0   20     1.79  2.82  3.87  4.51  4.96  5.14  4.78  4.36  3.77  2.87  1.62  1.30     3.48  1.97  4.45  4.76  2.75
  0   30     1.96  3.04  4.05  4.53  4.84  4.97  4.64  4.31  3.84  3.03  1.74  1.41     3.53  2.14  4.47  4.64  2.87
  0   40     2.09  3.21  4.16  4.45  4.63  4.70  4.41  4.17  3.83  3.12  1.82  1.49     3.51  2.26  4.41  4.42  2.92
  0   50     2.19  3.32  4.20  4.29  4.33  4.35  4.10  3.95  3.73  3.15  1.87  1.55     3.42  2.36  4.27  4.13  2.92
  0   60     2.25  3.37  4.17  4.04  3.95  3.92  3.73  3.65  3.56  3.10  1.87  1.58     3.27  2.40  4.05  3.77  2.84
  0   70     2.27  3.37  4.07  3.71  3.50  3.43  3.29  3.29  3.31  2.98  1.84  1.59     3.05  2.41  3.76  3.34  2.71
  0   80     2.25  3.30  3.90  3.32  2.99  2.91  2.81  2.87  2.99  2.79  1.77  1.56     2.79  2.37  3.40  2.86  2.52
  0   90     2.19  3.18  3.68  2.86  2.46  2.36  2.31  2.41  2.61  2.55  1.66  1.51     2.48  2.29  3.00  2.36  2.27
 15   10     1.59  2.56  3.62  4.39  4.97  5.21  4.83  4.32  3.61  2.63  1.47  1.17     3.36  1.77  4.33  4.78  2.57
 15   20     1.78  2.81  3.85  4.50  4.95  5.13  4.78  4.35  3.76  2.85  1.61  1.29     3.47  1.96  4.43  4.75  2.74
 15   30     1.94  3.01  4.02  4.52  4.84  4.96  4.64  4.30  3.83  3.01  1.72  1.39     3.52  2.12  4.46  4.63  2.85
 15   40     2.06  3.17  4.13  4.44  4.63  4.71  4.42  4.17  3.81  3.09  1.80  1.47     3.49  2.24  4.40  4.43  2.90
 15   50     2.16  3.28  4.17  4.28  4.34  4.36  4.11  3.94  3.72  3.11  1.84  1.53     3.40  2.32  4.26  4.14  2.89
 15   60     2.21  3.33  4.13  4.03  3.96  3.95  3.75  3.65  3.54  3.06  1.84  1.56     3.25  2.37  4.04  3.78  2.81
 15   70     2.23  3.32  4.03  3.71  3.53  3.47  3.31  3.30  3.29  2.93  1.80  1.56     3.04  2.37  3.76  3.36  2.68
 15   80     2.21  3.25  3.87  3.32  3.03  2.95  2.85  2.89  2.98  2.75  1.73  1.53     2.78  2.33  3.41  2.90  2.48
 15   90     2.14  3.12  3.64  2.88  2.52  2.42  2.36  2.45  2.61  2.50  1.62  1.48     2.48  2.25  3.01  2.41  2.24
 30   10     1.57  2.52  3.59  4.37  4.96  5.21  4.82  4.30  3.59  2.60  1.45  1.16     3.35  1.75  4.31  4.78  2.55
 30   20     1.73  2.75  3.80  4.46  4.94  5.13  4.77  4.34  3.72  2.79  1.57  1.26     3.44  1.91  4.40  4.74  2.69
 30   30     1.87  2.93  3.95  4.46  4.83  4.97  4.63  4.28  3.77  2.92  1.67  1.35     3.47  2.05  4.42  4.63  2.79
 30   40     1.98  3.06  4.04  4.38  4.63  4.72  4.42  4.15  3.75  2.99  1.73  1.42     3.44  2.15  4.35  4.43  2.82
 30   50     2.06  3.15  4.06  4.23  4.36  4.40  4.13  3.94  3.65  2.99  1.75  1.46     3.35  2.22  4.21  4.16  2.80
 30   60     2.10  3.18  4.02  3.98  4.00  4.00  3.78  3.66  3.47  2.93  1.74  1.49     3.19  2.26  4.00  3.81  2.71
 30   70     2.11  3.16  3.92  3.68  3.59  3.56  3.38  3.33  3.22  2.80  1.70  1.48     2.99  2.25  3.73  3.42  2.57
 30   80     2.08  3.08  3.76  3.31  3.13  3.08  2.94  2.94  2.93  2.61  1.62  1.45     2.74  2.21  3.40  2.98  2.38
 30   90     2.01  2.96  3.54  2.91  2.66  2.58  2.48  2.53  2.58  2.36  1.51  1.40     2.46  2.13  3.04  2.53  2.15
 45   10     1.53  2.48  3.54  4.33  4.94  5.20  4.81  4.28  3.55  2.56  1.42  1.14     3.31  1.71  4.27  4.76  2.51
 45   20     1.66  2.65  3.71  4.39  4.92  5.12  4.75  4.30  3.64  2.71  1.52  1.22     3.38  1.84  4.34  4.72  2.62
 45   30     1.77  2.79  3.83  4.38  4.80  4.96  4.61  4.24  3.67  2.80  1.58  1.29     3.39  1.95  4.34  4.60  2.69
 45   40     1.85  2.90  3.88  4.29  4.62  4.73  4.41  4.10  3.63  2.84  1.62  1.33     3.35  2.03  4.26  4.42  2.70
 45   50     1.91  2.95  3.89  4.12  4.35  4.42  4.14  3.90  3.52  2.81  1.63  1.36     3.25  2.07  4.12  4.15  2.65
 45   60     1.93  2.96  3.84  3.90  4.03  4.06  3.81  3.64  3.35  2.73  1.60  1.37     3.10  2.09  3.92  3.84  2.56
 45   70     1.92  2.93  3.73  3.60  3.65  3.65  3.44  3.32  3.11  2.60  1.55  1.36     2.90  2.07  3.66  3.47  2.42
 45   80     1.89  2.85  3.59  3.27  3.23  3.20  3.02  2.97  2.83  2.41  1.47  1.32     2.67  2.02  3.37  3.06  2.24
 45   90     1.82  2.73  3.40  2.90  2.80  2.76  2.62  2.59  2.51  2.18  1.36  1.27     2.41  1.94  3.03  2.65  2.02
 60   10     1.49  2.41  3.48  4.29  4.92  5.18  4.79  4.25  3.50  2.50  1.38  1.11     3.27  1.67  4.23  4.74  2.46
 60   20     1.57  2.53  3.60  4.30  4.88  5.10  4.72  4.24  3.55  2.59  1.44  1.16     3.31  1.76  4.26  4.69  2.53
 60   30     1.64  2.63  3.66  4.26  4.76  4.94  4.58  4.17  3.54  2.64  1.48  1.20     3.29  1.82  4.23  4.56  2.55
 60   40     1.69  2.68  3.69  4.15  4.57  4.71  4.37  4.03  3.48  2.64  1.49  1.23     3.23  1.87  4.14  4.37  2.54
 60   50     1.72  2.71  3.67  3.98  4.32  4.42  4.12  3.83  3.36  2.59  1.48  1.24     3.12  1.89  3.99  4.12  2.48
 60   60     1.73  2.70  3.62  3.76  4.01  4.08  3.81  3.58  3.18  2.49  1.44  1.23     2.97  1.89  3.80  3.82  2.37
 60   70     1.71  2.66  3.52  3.49  3.66  3.70  3.45  3.28  2.96  2.36  1.38  1.21     2.78  1.86  3.56  3.48  2.23
 60   80     1.66  2.58  3.38  3.18  3.28  3.30  3.09  2.96  2.69  2.18  1.29  1.17     2.56  1.81  3.28  3.11  2.06
 60   90     1.60  2.49  3.22  2.85  2.87  2.88  2.70  2.60  2.40  1.97  1.19  1.12     2.32  1.74  2.98  2.73  1.85
 75   10     1.43  2.34  3.41  4.23  4.89  5.16  4.77  4.21  3.44  2.42  1.34  1.07     3.23  1.61  4.18  4.71  2.40
 75   20     1.47  2.40  3.45  4.20  4.82  5.06  4.68  4.17  3.44  2.46  1.36  1.09     3.22  1.65  4.16  4.64  2.42
 75   30     1.50  2.43  3.47  4.11  4.69  4.89  4.53  4.07  3.38  2.46  1.36  1.11     3.17  1.68  4.09  4.50  2.40
 75   40     1.52  2.45  3.46  3.98  4.49  4.66  4.32  3.92  3.29  2.41  1.35  1.11     3.08  1.69  3.98  4.30  2.35
 75   50     1.51  2.44  3.42  3.80  4.24  4.38  4.05  3.71  3.15  2.34  1.31  1.10     2.96  1.69  3.82  4.05  2.27
 75   60     1.51  2.42  3.35  3.58  3.95  4.06  3.76  3.47  2.97  2.23  1.26  1.08     2.80  1.67  3.63  3.76  2.15
 75   70     1.48  2.38  3.26  3.33  3.62  3.70  3.44  3.19  2.76  2.09  1.19  1.06     2.63  1.64  3.40  3.44  2.02
 75   80     1.44  2.30  3.13  3.04  3.26  3.31  3.08  2.88  2.52  1.93  1.12  1.02     2.42  1.59  3.14  3.09  1.86
 75   90     1.40  2.23  3.01  2.74  2.90  2.94  2.73  2.57  2.26  1.74  1.02  0.97     2.21  1.53  2.89  2.75  1.67
 90   10     1.38  2.26  3.33  4.17  4.86  5.14  4.74  4.17  3.37  2.35  1.29  1.03     3.17  1.56  4.12  4.68  2.34
 90   20     1.37  2.25  3.30  4.08  4.75  5.02  4.63  4.09  3.31  2.31  1.27  1.02     3.12  1.54  4.04  4.58  2.29
 90   30     1.35  2.23  3.26  3.94  4.59  4.83  4.45  3.95  3.21  2.25  1.24  1.01     3.02  1.53  3.93  4.41  2.23
 90   40     1.34  2.19  3.21  3.77  4.37  4.58  4.23  3.77  3.07  2.17  1.20  0.99     2.91  1.51  3.78  4.19  2.15
 90   50     1.32  2.17  3.14  3.58  4.11  4.29  3.96  3.56  2.91  2.07  1.15  0.97     2.77  1.49  3.61  3.94  2.04
 90   60     1.30  2.13  3.06  3.35  3.82  3.97  3.67  3.32  2.73  1.96  1.09  0.94     2.61  1.46  3.41  3.65  1.93
 90   70     1.28  2.09  2.98  3.11  3.51  3.64  3.35  3.05  2.52  1.81  1.02  0.92     2.44  1.43  3.20  3.35  1.78
 90   80     1.24  2.04  2.88  2.85  3.18  3.28  3.03  2.77  2.31  1.67  0.95  0.89     2.26  1.39  2.97  3.02  1.64
 90   90     1.21  1.99  2.77  2.57  2.83  2.90  2.69  2.47  2.06  1.51  0.87  0.85     2.06  1.35  2.73  2.69  1.48
105   10     1.32  2.18  3.25  4.10  4.82  5.12  4.72  4.13  3.30  2.27  1.25  1.00     3.12  1.50  4.06  4.65  2.27
105   20     1.26  2.09  3.14  3.95  4.67  4.96  4.57  3.99  3.17  2.16  1.18  0.95     3.01  1.44  3.92  4.51  2.17
105   30     1.21  2.02  3.03  3.76  4.47  4.74  4.36  3.81  3.01  2.04  1.12  0.91     2.87  1.38  3.75  4.31  2.06
105   40     1.17  1.96  2.93  3.54  4.22  4.47  4.11  3.60  2.84  1.92  1.06  0.88     2.73  1.34  3.56  4.06  1.94
105   50     1.15  1.90  2.85  3.31  3.94  4.16  3.83  3.37  2.65  1.80  1.00  0.85     2.57  1.30  3.37  3.79  1.82
105   60     1.12  1.86  2.76  3.09  3.64  3.83  3.53  3.12  2.46  1.68  0.94  0.83     2.40  1.27  3.17  3.50  1.69
105   70     1.10  1.83  2.68  2.86  3.33  3.50  3.21  2.86  2.27  1.55  0.87  0.80     2.24  1.25  2.95  3.19  1.56
105   80     1.08  1.80  2.61  2.61  3.02  3.16  2.90  2.59  2.06  1.42  0.81  0.78     2.07  1.22  2.75  2.88  1.43
105   90     1.06  1.76  2.53  2.38  2.71  2.82  2.59  2.33  1.86  1.28  0.75  0.76     1.91  1.19  2.54  2.58  1.30
120   10     1.27  2.11  3.17  4.04  4.78  5.09  4.69  4.08  3.23  2.19  1.20  0.96     3.07  1.45  4.00  4.62  2.21
120   20     1.16  1.95  2.99  3.82  4.59  4.91  4.51  3.90  3.03  2.01  1.10  0.89     2.91  1.33  3.80  4.44  2.05
120   30     1.08  1.82  2.81  3.57  4.34  4.65  4.27  3.67  2.81  1.84  1.01  0.83     2.72  1.24  3.57  4.20  1.89
120   40     1.03  1.72  2.66  3.30  4.04  4.33  3.98  3.41  2.59  1.68  0.93  0.79     2.54  1.18  3.33  3.90  1.73
120   50     1.00  1.66  2.55  3.04  3.72  3.99  3.66  3.14  2.38  1.54  0.87  0.77     2.36  1.14  3.10  3.60  1.60
120   60     0.98  1.63  2.45  2.79  3.41  3.64  3.35  2.88  2.18  1.41  0.82  0.74     2.19  1.12  2.88  3.29  1.47
120   70     0.98  1.60  2.40  2.56  3.10  3.30  3.03  2.63  1.99  1.30  0.76  0.73     2.03  1.10  2.69  2.99  1.35
120   80     0.97  1.60  2.35  2.36  2.80  2.97  2.73  2.38  1.81  1.18  0.71  0.71     1.88  1.09  2.50  2.69  1.24
120   90     0.97  1.58  2.31  2.15  2.52  2.66  2.43  2.14  1.64  1.08  0.66  0.70     1.74  1.08  2.32  2.41  1.13
135   10     1.22  2.04  3.10  3.99  4.75  5.08  4.67  4.05  3.17  2.13  1.16  0.93     3.02  1.40  3.95  4.60  2.15
135   20     1.08  1.82  2.85  3.71  4.52  4.87  4.47  3.82  2.91  1.88  1.03  0.83     2.81  1.24  3.69  4.39  1.94
135   30     0.97  1.64  2.60  3.39  4.21  4.57  4.18  3.54  2.62  1.65  0.91  0.76     2.59  1.13  3.40  4.10  1.73
135   40     0.92  1.52  2.40  3.05  3.85  4.19  3.84  3.22  2.34  1.45  0.83  0.73     2.36  1.05  3.10  3.75  1.54
135   50     0.90  1.46  2.26  2.75  3.48  3.79  3.47  2.90  2.10  1.30  0.78  0.71     2.16  1.02  2.83  3.39  1.39
135   60     0.90  1.44  2.18  2.49  3.13  3.40  3.12  2.62  1.89  1.19  0.73  0.70     1.98  1.01  2.60  3.05  1.27
135   70     0.90  1.44  2.14  2.27  2.82  3.05  2.80  2.37  1.72  1.09  0.69  0.69     1.83  1.01  2.41  2.74  1.17
135   80     0.91  1.45  2.11  2.08  2.54  2.74  2.51  2.14  1.57  1.00  0.65  0.68     1.70  1.01  2.24  2.46  1.07
135   90     0.92  1.47  2.11  1.91  2.29  2.45  2.25  1.93  1.42  0.93  0.61  0.68     1.58  1.02  2.10  2.21  0.99
150   10     1.19  1.99  3.05  3.95  4.73  5.07  4.66  4.02  3.13  2.07  1.13  0.91     2.99  1.36  3.91  4.58  2.11
150   20     1.00  1.71  2.73  3.62  4.47  4.84  4.44  3.76  2.81  1.77  0.97  0.79     2.74  1.17  3.61  4.35  1.85
150   30     0.89  1.48  2.42  3.24  4.12  4.52  4.13  3.43  2.46  1.48  0.83  0.71     2.48  1.03  3.26  4.03  1.59
150   40     0.86  1.35  2.16  2.83  3.70  4.11  3.75  3.05  2.11  1.25  0.76  0.70     2.22  0.97  2.90  3.63  1.37
150   50     0.87  1.31  2.00  2.46  3.23  3.62  3.30  2.67  1.83  1.10  0.73  0.70     1.99  0.96  2.56  3.19  1.22
150   60     0.88  1.32  1.94  2.17  2.82  3.14  2.88  2.34  1.63  1.02  0.70  0.69     1.79  0.96  2.31  2.79  1.11
150   70     0.89  1.35  1.93  1.98  2.50  2.76  2.54  2.09  1.48  0.95  0.67  0.69     1.65  0.97  2.14  2.46  1.03
150   80     0.90  1.38  1.94  1.82  2.25  2.46  2.27  1.89  1.36  0.89  0.63  0.68     1.54  0.98  2.00  2.21  0.96
150   90     0.91  1.41  1.97  1.70  2.03  2.20  2.04  1.73  1.25  0.82  0.60  0.67     1.44  1.00  1.90  1.99  0.89
165   10     1.16  1.96  3.01  3.92  4.72  5.06  4.65  4.00  3.10  2.04  1.12  0.89     2.97  1.34  3.88  4.57  2.08
165   20     0.95  1.64  2.66  3.57  4.45  4.83  4.42  3.72  2.75  1.69  0.92  0.75     2.70  1.12  3.56  4.32  1.79
165   30     0.86  1.36  2.29  3.15  4.08  4.50  4.11  3.37  2.35  1.34  0.78  0.71     2.41  0.97  3.17  3.99  1.49
165   40     0.86  1.25  1.95  2.69  3.64  4.08  3.72  2.95  1.93  1.07  0.75  0.70     2.13  0.94  2.76  3.58  1.25
165   50     0.87  1.27  1.79  2.20  3.14  3.59  3.26  2.49  1.58  0.98  0.73  0.70     1.88  0.95  2.37  3.11  1.10
165   60     0.88  1.30  1.78  1.88  2.58  3.04  2.75  2.07  1.40  0.94  0.70  0.69     1.67  0.96  2.08  2.62  1.01
165   70     0.89  1.33  1.80  1.73  2.21  2.51  2.31  1.83  1.30  0.89  0.67  0.69     1.51  0.97  1.91  2.22  0.95
165   80     0.90  1.36  1.84  1.62  1.99  2.22  2.06  1.68  1.21  0.83  0.63  0.68     1.42  0.98  1.82  1.99  0.89
165   90     0.91  1.40  1.88  1.53  1.81  2.00  1.87  1.54  1.13  0.78  0.60  0.67     1.34  0.99  1.74  1.80  0.84
180   10     1.15  1.95  3.00  3.92  4.71  5.06  4.65  3.99  3.09  2.03  1.11  0.89     2.96  1.33  3.88  4.56  2.07
180   20     0.94  1.61  2.63  3.56  4.43  4.82  4.42  3.70  2.72  1.66  0.91  0.74     2.68  1.10  3.54  4.31  1.76
180   30     0.86  1.30  2.23  3.13  4.07  4.49  4.10  3.34  2.31  1.28  0.77  0.71     2.38  0.95  3.14  3.98  1.46
180   40     0.86  1.25  1.83  2.65  3.63  4.07  3.71  2.92  1.86  1.02  0.75  0.70     2.10  0.94  2.70  3.57  1.21
180   50     0.87  1.27  1.70  2.14  3.12  3.58  3.25  2.45  1.39  0.98  0.73  0.70     1.85  0.95  2.32  3.09  1.03
180   60     0.88  1.30  1.73  1.71  2.56  3.02  2.74  1.95  1.29  0.94  0.70  0.69     1.63  0.96  2.00  2.57  0.97
180   70     0.89  1.33  1.77  1.61  2.08  2.43  2.23  1.70  1.22  0.89  0.67  0.69     1.46  0.97  1.82  2.12  0.93
180   80     0.90  1.36  1.82  1.53  1.88  2.13  1.99  1.57  1.15  0.83  0.63  0.68     1.37  0.98  1.74  1.89  0.87
180   90     0.91  1.40  1.86  1.47  1.73  1.93  1.81  1.45  1.08  0.78  0.60  0.67     1.31  0.99  1.69  1.73  0.82
             69.7  64.0  50.9  26.7  14.1   6.9   9.9  19.3  33.5  48.2  56.5  66.6     31.7  66.4  28.0  12.5  43.5
             2.27  3.38  4.20  4.53  4.97  5.21  4.83  4.36  3.85  3.15  1.87  1.59     3.68  2.41  4.47  4.79  2.93
             1.98  3.07  4.07  4.52  4.81  4.93  4.61  4.29  3.85  3.05  1.76  1.42     3.53  2.16  4.47  4.61  2.88
             1.15  1.10  1.03  1.00  1.03  1.06  1.05  1.02  1.00  1.03  1.06  1.12     1.05  1.12  1.02  1.04  1.03
             1.42  1.35  1.22  1.07  0.98  0.95  0.96  1.02  1.14  1.29  1.35  1.37     1.18  1.38  1.09  0.98  1.26
temperature  -6.7  -5.9  -1.4   5.7  11.9  16.6  20.5  21.5  16.3   9.4   2.5  -3.7      7.2  -5.4   5.4  19.5   9.4
diffusedrad  0.97  1.44  1.98  2.22  2.54  2.77  2.69  2.31  1.82  1.32  0.89  0.77     1.81  1.06  2.25  2.59  1.34
snow10cm     1.00  1.00  0.87  0.13  0.00  0.00  0.00  0.00  0.00  0.00  0.20  0.82     0.34  0.94  0.33  0.00  0.07
