2 17076   興部            44 28.2  143  6.5    8
             1.50  2.46  3.62  4.30  4.79  4.93  4.55  4.05  3.51  2.55  1.48  1.19     3.24  1.72  4.23  4.51  2.52
             1.71  2.99  4.09  4.70  5.73  5.86  5.71  4.86  4.13  2.88  1.69  1.39     3.40  1.89  4.51  5.30  2.73
             1.29  2.00  3.10  3.87  4.16  3.60  3.45  3.31  2.86  2.27  1.23  1.05     3.07  1.55  3.94  3.96  2.32
  0   10     1.80  2.84  3.95  4.51  4.87  4.95  4.59  4.15  3.78  2.91  1.76  1.45     3.46  2.03  4.44  4.56  2.81
  0   20     2.08  3.18  4.26  4.64  4.86  4.89  4.55  4.19  3.96  3.20  2.00  1.68     3.62  2.31  4.59  4.54  3.05
  0   30     2.32  3.48  4.50  4.67  4.76  4.74  4.43  4.14  4.05  3.42  2.19  1.88     3.71  2.56  4.64  4.44  3.22
  0   40     2.52  3.71  4.65  4.61  4.56  4.49  4.22  4.01  4.05  3.56  2.34  2.04     3.73  2.75  4.61  4.24  3.32
  0   50     2.67  3.87  4.73  4.46  4.27  4.17  3.94  3.81  3.96  3.62  2.43  2.15     3.67  2.90  4.49  3.97  3.34
  0   60     2.77  3.95  4.72  4.22  3.91  3.79  3.59  3.54  3.78  3.59  2.47  2.23     3.55  2.98  4.28  3.64  3.28
  0   70     2.81  3.96  4.62  3.91  3.48  3.33  3.19  3.20  3.52  3.47  2.44  2.25     3.35  3.00  4.00  3.24  3.15
  0   80     2.79  3.89  4.44  3.52  2.99  2.85  2.74  2.80  3.19  3.27  2.36  2.23     3.09  2.97  3.65  2.79  2.94
  0   90     2.71  3.74  4.19  3.07  2.48  2.34  2.28  2.36  2.80  2.99  2.23  2.15     2.78  2.87  3.25  2.33  2.67
 15   10     1.79  2.83  3.94  4.50  4.87  4.95  4.59  4.14  3.77  2.90  1.74  1.44     3.45  2.02  4.43  4.56  2.80
 15   20     2.05  3.16  4.23  4.62  4.86  4.89  4.55  4.18  3.94  3.18  1.97  1.66     3.61  2.29  4.57  4.54  3.03
 15   30     2.29  3.45  4.45  4.66  4.75  4.73  4.42  4.14  4.03  3.40  2.16  1.85     3.69  2.53  4.62  4.43  3.20
 15   40     2.48  3.67  4.60  4.60  4.56  4.50  4.22  4.01  4.04  3.53  2.30  2.01     3.71  2.72  4.59  4.24  3.29
 15   50     2.62  3.82  4.66  4.45  4.28  4.18  3.94  3.81  3.95  3.58  2.38  2.12     3.65  2.85  4.46  3.98  3.30
 15   60     2.71  3.90  4.64  4.21  3.92  3.80  3.60  3.53  3.77  3.54  2.41  2.19     3.52  2.93  4.26  3.65  3.24
 15   70     2.74  3.90  4.54  3.90  3.50  3.36  3.21  3.20  3.51  3.42  2.38  2.21     3.32  2.95  3.98  3.26  3.10
 15   80     2.72  3.83  4.37  3.52  3.02  2.88  2.77  2.81  3.19  3.22  2.29  2.18     3.07  2.91  3.64  2.82  2.90
 15   90     2.65  3.68  4.12  3.09  2.52  2.39  2.31  2.39  2.80  2.94  2.16  2.11     2.76  2.81  3.24  2.37  2.63
 30   10     1.75  2.79  3.90  4.47  4.86  4.94  4.58  4.13  3.74  2.86  1.71  1.41     3.43  1.99  4.41  4.55  2.77
 30   20     1.99  3.09  4.15  4.58  4.84  4.88  4.54  4.15  3.90  3.11  1.91  1.61     3.56  2.23  4.53  4.52  2.98
 30   30     2.19  3.34  4.34  4.60  4.75  4.73  4.42  4.10  3.97  3.30  2.07  1.78     3.63  2.44  4.57  4.42  3.11
 30   40     2.36  3.53  4.47  4.54  4.55  4.50  4.22  3.97  3.96  3.40  2.18  1.91     3.63  2.60  4.52  4.23  3.18
 30   50     2.48  3.66  4.51  4.39  4.29  4.21  3.95  3.78  3.87  3.43  2.25  2.01     3.57  2.71  4.40  3.98  3.18
 30   60     2.55  3.71  4.48  4.17  3.95  3.83  3.62  3.51  3.70  3.38  2.25  2.06     3.43  2.77  4.20  3.65  3.11
 30   70     2.57  3.70  4.37  3.87  3.56  3.43  3.25  3.19  3.44  3.25  2.21  2.07     3.24  2.78  3.93  3.29  2.97
 30   80     2.54  3.62  4.20  3.52  3.11  2.98  2.84  2.83  3.13  3.05  2.12  2.04     3.00  2.73  3.61  2.88  2.77
 30   90     2.46  3.47  3.96  3.11  2.65  2.52  2.42  2.44  2.77  2.77  1.98  1.96     2.71  2.63  3.24  2.46  2.50
 45   10     1.70  2.73  3.83  4.43  4.84  4.93  4.57  4.10  3.70  2.80  1.67  1.37     3.39  1.93  4.37  4.54  2.72
 45   20     1.89  2.97  4.04  4.51  4.82  4.86  4.52  4.11  3.82  3.00  1.82  1.53     3.49  2.13  4.46  4.50  2.88
 45   30     2.05  3.16  4.18  4.51  4.72  4.72  4.39  4.04  3.87  3.15  1.94  1.66     3.53  2.29  4.47  4.38  2.99
 45   40     2.18  3.31  4.26  4.44  4.54  4.50  4.21  3.91  3.84  3.22  2.02  1.76     3.52  2.42  4.41  4.21  3.02
 45   50     2.26  3.40  4.29  4.28  4.28  4.21  3.95  3.71  3.73  3.21  2.05  1.83     3.44  2.50  4.28  3.96  3.00
 45   60     2.31  3.44  4.24  4.07  3.97  3.88  3.64  3.46  3.56  3.15  2.04  1.86     3.30  2.54  4.10  3.66  2.92
 45   70     2.31  3.40  4.13  3.78  3.60  3.50  3.29  3.15  3.32  3.01  1.99  1.86     3.11  2.52  3.84  3.31  2.77
 45   80     2.27  3.32  3.98  3.47  3.20  3.08  2.91  2.82  3.03  2.81  1.89  1.81     2.88  2.47  3.55  2.94  2.58
 45   90     2.19  3.19  3.77  3.09  2.77  2.66  2.52  2.46  2.69  2.55  1.75  1.74     2.61  2.37  3.21  2.55  2.33
 60   10     1.64  2.64  3.75  4.38  4.82  4.92  4.55  4.07  3.64  2.73  1.61  1.32     3.34  1.87  4.32  4.51  2.66
 60   20     1.77  2.81  3.88  4.42  4.78  4.84  4.49  4.04  3.71  2.87  1.71  1.43     3.40  2.00  4.36  4.46  2.76
 60   30     1.88  2.95  3.97  4.39  4.67  4.69  4.36  3.96  3.72  2.94  1.78  1.52     3.40  2.11  4.34  4.34  2.82
 60   40     1.95  3.04  4.01  4.29  4.49  4.48  4.16  3.81  3.67  2.97  1.83  1.58     3.36  2.19  4.26  4.15  2.82
 60   50     2.00  3.09  4.00  4.14  4.25  4.21  3.92  3.62  3.55  2.94  1.83  1.61     3.26  2.24  4.13  3.92  2.77
 60   60     2.02  3.10  3.95  3.92  3.94  3.88  3.63  3.37  3.37  2.85  1.79  1.62     3.12  2.25  3.94  3.63  2.67
 60   70     2.01  3.06  3.85  3.67  3.61  3.53  3.30  3.09  3.15  2.72  1.73  1.60     2.94  2.23  3.71  3.31  2.53
 60   80     1.97  2.98  3.70  3.36  3.23  3.15  2.95  2.77  2.87  2.53  1.63  1.56     2.73  2.17  3.43  2.96  2.34
 60   90     1.89  2.87  3.53  3.04  2.84  2.75  2.58  2.44  2.58  2.29  1.50  1.48     2.48  2.08  3.14  2.59  2.12
 75   10     1.57  2.55  3.66  4.32  4.79  4.90  4.53  4.03  3.57  2.64  1.54  1.25     3.28  1.79  4.26  4.49  2.58
 75   20     1.63  2.63  3.71  4.30  4.72  4.80  4.45  3.97  3.59  2.69  1.59  1.31     3.28  1.86  4.24  4.41  2.62
 75   30     1.68  2.69  3.73  4.23  4.59  4.64  4.30  3.86  3.54  2.71  1.61  1.35     3.25  1.91  4.18  4.27  2.62
 75   40     1.71  2.74  3.71  4.11  4.40  4.42  4.11  3.70  3.46  2.69  1.61  1.38     3.17  1.94  4.07  4.08  2.58
 75   50     1.72  2.74  3.68  3.94  4.16  4.16  3.86  3.49  3.32  2.63  1.58  1.38     3.06  1.95  3.93  3.84  2.51
 75   60     1.73  2.73  3.61  3.73  3.88  3.86  3.58  3.25  3.15  2.53  1.53  1.37     2.91  1.94  3.74  3.56  2.40
 75   70     1.71  2.69  3.52  3.48  3.56  3.52  3.27  2.98  2.93  2.38  1.45  1.34     2.74  1.92  3.52  3.25  2.25
 75   80     1.66  2.62  3.39  3.21  3.21  3.15  2.93  2.68  2.68  2.22  1.36  1.30     2.53  1.86  3.27  2.92  2.09
 75   90     1.61  2.53  3.26  2.92  2.86  2.79  2.60  2.38  2.40  2.00  1.25  1.23     2.32  1.79  3.01  2.59  1.89
 90   10     1.49  2.44  3.56  4.26  4.75  4.88  4.51  3.98  3.50  2.54  1.47  1.19     3.21  1.71  4.19  4.46  2.50
 90   20     1.48  2.44  3.51  4.17  4.65  4.76  4.40  3.88  3.44  2.51  1.45  1.19     3.16  1.70  4.11  4.35  2.47
 90   30     1.48  2.43  3.46  4.04  4.49  4.58  4.23  3.74  3.34  2.46  1.42  1.18     3.07  1.70  4.00  4.18  2.41
 90   40     1.47  2.41  3.40  3.88  4.28  4.35  4.02  3.55  3.21  2.39  1.38  1.17     2.96  1.68  3.86  3.97  2.33
 90   50     1.46  2.39  3.33  3.70  4.03  4.07  3.77  3.34  3.06  2.29  1.33  1.16     2.83  1.67  3.69  3.73  2.23
 90   60     1.44  2.35  3.25  3.49  3.75  3.77  3.48  3.09  2.87  2.18  1.27  1.13     2.67  1.64  3.50  3.45  2.11
 90   70     1.42  2.33  3.16  3.25  3.45  3.45  3.19  2.83  2.66  2.04  1.19  1.10     2.51  1.62  3.29  3.16  1.96
 90   80     1.39  2.27  3.07  3.01  3.12  3.11  2.88  2.56  2.44  1.89  1.11  1.06     2.33  1.57  3.07  2.85  1.81
 90   90     1.35  2.21  2.96  2.74  2.79  2.76  2.55  2.27  2.19  1.72  1.01  1.01     2.13  1.52  2.83  2.53  1.64
105   10     1.41  2.34  3.46  4.19  4.72  4.86  4.48  3.94  3.42  2.44  1.39  1.12     3.15  1.62  4.12  4.43  2.42
105   20     1.34  2.23  3.32  4.03  4.57  4.71  4.35  3.79  3.29  2.32  1.31  1.07     3.03  1.55  3.98  4.28  2.31
105   30     1.28  2.15  3.18  3.85  4.37  4.50  4.15  3.60  3.13  2.19  1.24  1.02     2.89  1.48  3.80  4.08  2.19
105   40     1.24  2.09  3.06  3.64  4.13  4.24  3.91  3.38  2.95  2.07  1.17  0.98     2.74  1.44  3.61  3.85  2.06
105   50     1.22  2.04  2.97  3.42  3.86  3.95  3.64  3.15  2.76  1.96  1.10  0.95     2.59  1.41  3.42  3.58  1.94
105   60     1.19  2.00  2.88  3.21  3.57  3.64  3.36  2.90  2.57  1.83  1.03  0.92     2.43  1.37  3.22  3.30  1.81
105   70     1.18  1.98  2.80  2.98  3.26  3.32  3.06  2.65  2.38  1.70  0.96  0.89     2.26  1.35  3.02  3.01  1.68
105   80     1.16  1.95  2.74  2.75  2.97  3.00  2.76  2.38  2.16  1.56  0.89  0.87     2.10  1.32  2.82  2.71  1.54
105   90     1.14  1.91  2.67  2.54  2.66  2.68  2.47  2.14  1.96  1.43  0.82  0.83     1.94  1.29  2.62  2.43  1.40
120   10     1.34  2.24  3.36  4.12  4.68  4.83  4.46  3.90  3.34  2.35  1.33  1.06     3.08  1.54  4.05  4.40  2.34
120   20     1.20  2.05  3.13  3.90  4.49  4.66  4.29  3.71  3.13  2.13  1.19  0.95     2.90  1.40  3.84  4.22  2.15
120   30     1.10  1.89  2.92  3.64  4.24  4.41  4.06  3.47  2.90  1.94  1.07  0.87     2.71  1.29  3.60  3.98  1.97
120   40     1.04  1.79  2.74  3.38  3.95  4.11  3.78  3.21  2.67  1.77  0.97  0.82     2.52  1.22  3.36  3.70  1.80
120   50     1.02  1.72  2.61  3.13  3.65  3.79  3.49  2.94  2.46  1.62  0.90  0.79     2.34  1.17  3.13  3.41  1.66
120   60     1.00  1.69  2.51  2.89  3.34  3.47  3.19  2.68  2.26  1.49  0.84  0.76     2.18  1.15  2.92  3.11  1.53
120   70     1.00  1.68  2.46  2.67  3.04  3.15  2.89  2.43  2.06  1.39  0.77  0.75     2.02  1.14  2.73  2.82  1.41
120   80     0.99  1.67  2.42  2.48  2.75  2.83  2.61  2.19  1.89  1.26  0.72  0.73     1.88  1.13  2.55  2.54  1.29
120   90     0.99  1.66  2.40  2.29  2.47  2.53  2.32  1.96  1.71  1.17  0.67  0.71     1.74  1.12  2.38  2.27  1.18
135   10     1.27  2.15  3.28  4.06  4.65  4.82  4.44  3.87  3.28  2.26  1.26  1.01     3.03  1.48  4.00  4.37  2.27
135   20     1.08  1.87  2.96  3.78  4.42  4.62  4.25  3.63  2.99  1.96  1.07  0.85     2.79  1.27  3.72  4.17  2.01
135   30     0.95  1.65  2.66  3.45  4.12  4.34  3.98  3.35  2.69  1.69  0.92  0.75     2.54  1.12  3.41  3.89  1.76
135   40     0.89  1.51  2.42  3.11  3.77  3.99  3.66  3.03  2.39  1.47  0.81  0.70     2.31  1.03  3.10  3.56  1.56
135   50     0.88  1.45  2.27  2.81  3.40  3.61  3.31  2.72  2.13  1.32  0.75  0.68     2.11  1.00  2.83  3.22  1.40
135   60     0.88  1.44  2.19  2.57  3.07  3.25  2.99  2.45  1.93  1.21  0.70  0.67     1.95  1.00  2.61  2.90  1.28
135   70     0.89  1.45  2.16  2.36  2.77  2.92  2.69  2.20  1.76  1.12  0.66  0.66     1.80  1.00  2.43  2.60  1.18
135   80     0.90  1.47  2.14  2.19  2.50  2.63  2.41  1.98  1.61  1.03  0.62  0.65     1.68  1.01  2.28  2.34  1.09
135   90     0.92  1.50  2.16  2.03  2.25  2.35  2.16  1.78  1.47  0.96  0.57  0.65     1.57  1.02  2.15  2.10  1.00
150   10     1.22  2.08  3.21  4.02  4.63  4.80  4.43  3.84  3.22  2.19  1.22  0.96     2.98  1.42  3.95  4.36  2.21
150   20     0.98  1.73  2.82  3.68  4.37  4.59  4.22  3.58  2.88  1.82  0.97  0.76     2.70  1.16  3.63  4.13  1.89
150   30     0.83  1.44  2.44  3.29  4.03  4.29  3.93  3.25  2.50  1.48  0.79  0.66     2.41  0.98  3.25  3.83  1.59
150   40     0.81  1.29  2.13  2.87  3.62  3.91  3.57  2.88  2.13  1.22  0.71  0.65     2.15  0.92  2.87  3.45  1.35
150   50     0.83  1.26  1.97  2.50  3.17  3.46  3.16  2.51  1.84  1.07  0.67  0.65     1.92  0.91  2.55  3.04  1.19
150   60     0.84  1.28  1.91  2.23  2.77  3.02  2.77  2.21  1.63  0.99  0.64  0.64     1.75  0.92  2.31  2.66  1.09
150   70     0.86  1.32  1.92  2.06  2.47  2.67  2.46  1.97  1.49  0.93  0.61  0.64     1.62  0.94  2.15  2.36  1.01
150   80     0.88  1.36  1.95  1.92  2.23  2.38  2.20  1.77  1.38  0.87  0.57  0.64     1.51  0.96  2.03  2.12  0.94
150   90     0.90  1.41  2.00  1.81  2.01  2.13  1.98  1.61  1.27  0.82  0.54  0.63     1.43  0.98  1.94  1.91  0.88
165   10     1.19  2.04  3.18  4.00  4.61  4.80  4.42  3.82  3.19  2.15  1.19  0.93     2.96  1.39  3.93  4.35  2.17
165   20     0.91  1.63  2.73  3.63  4.34  4.58  4.20  3.55  2.80  1.72  0.90  0.71     2.64  1.08  3.57  4.11  1.81
165   30     0.80  1.27  2.28  3.19  3.99  4.27  3.91  3.20  2.37  1.30  0.71  0.65     2.33  0.91  3.15  3.79  1.46
165   40     0.81  1.16  1.89  2.71  3.56  3.88  3.54  2.81  1.91  1.00  0.69  0.65     2.05  0.88  2.72  3.41  1.20
165   50     0.83  1.20  1.72  2.22  3.07  3.42  3.12  2.36  1.55  0.92  0.67  0.65     1.81  0.89  2.34  2.97  1.05
165   60     0.84  1.24  1.74  1.93  2.53  2.91  2.65  1.97  1.39  0.88  0.64  0.64     1.61  0.91  2.06  2.51  0.97
165   70     0.86  1.29  1.79  1.80  2.19  2.44  2.25  1.75  1.29  0.84  0.61  0.64     1.48  0.93  1.92  2.15  0.91
165   80     0.88  1.34  1.85  1.71  1.98  2.17  2.02  1.60  1.21  0.80  0.57  0.64     1.40  0.95  1.85  1.93  0.86
165   90     0.90  1.39  1.92  1.64  1.81  1.96  1.83  1.47  1.13  0.76  0.54  0.63     1.33  0.97  1.79  1.75  0.81
180   10     1.17  2.02  3.16  3.99  4.61  4.79  4.42  3.82  3.18  2.13  1.18  0.92     2.95  1.37  3.92  4.34  2.16
180   20     0.88  1.59  2.71  3.61  4.33  4.57  4.20  3.54  2.78  1.68  0.88  0.69     2.62  1.05  3.55  4.10  1.78
180   30     0.80  1.20  2.23  3.17  3.97  4.26  3.90  3.19  2.32  1.22  0.71  0.65     2.30  0.88  3.12  3.78  1.42
180   40     0.81  1.16  1.74  2.67  3.54  3.87  3.53  2.79  1.83  0.94  0.69  0.65     2.02  0.88  2.65  3.40  1.16
180   50     0.83  1.20  1.64  2.15  3.04  3.41  3.11  2.34  1.34  0.91  0.67  0.65     1.77  0.89  2.28  2.95  0.97
180   60     0.84  1.24  1.70  1.76  2.50  2.90  2.63  1.87  1.26  0.88  0.64  0.64     1.57  0.91  1.99  2.46  0.93
180   70     0.86  1.29  1.77  1.67  2.07  2.37  2.17  1.66  1.20  0.84  0.61  0.64     1.43  0.93  1.84  2.06  0.88
180   80     0.88  1.34  1.84  1.61  1.87  2.09  1.95  1.53  1.14  0.80  0.57  0.64     1.35  0.95  1.77  1.86  0.84
180   90     0.90  1.39  1.92  1.56  1.73  1.90  1.77  1.40  1.07  0.76  0.54  0.63     1.30  0.97  1.74  1.69  0.79
             71.9  65.8  53.7  28.6  14.8   7.7   9.7  19.8  35.2  51.3  60.9  69.9     37.0  68.8  31.1  13.0  47.5
             2.81  3.97  4.73  4.67  4.88  4.95  4.59  4.19  4.06  3.62  2.47  2.25     3.93  3.01  4.64  4.57  3.34
             2.46  3.65  4.61  4.64  4.63  4.57  4.29  4.06  4.06  3.53  2.30  1.99     3.73  2.70  4.63  4.31  3.30
             1.14  1.09  1.03  1.01  1.05  1.08  1.07  1.03  1.00  1.03  1.07  1.13     1.06  1.12  1.03  1.06  1.03
             1.64  1.48  1.27  1.08  0.97  0.93  0.94  1.00  1.16  1.38  1.55  1.67     1.26  1.60  1.11  0.96  1.37
temperature  -7.2  -7.4  -2.7   4.0   8.9  12.1  16.3  18.8  15.1   9.0   2.3  -3.8      5.5  -6.1   3.4  15.7   8.8
diffusedrad  0.94  1.40  1.95  2.24  2.56  2.82  2.71  2.33  1.80  1.28  0.87  0.76     1.80  1.03  2.25  2.62  1.32
snow10cm     0.96  0.97  0.90  0.21  0.00  0.00  0.00  0.00  0.00  0.00  0.06  0.62     0.31  0.85  0.37  0.00  0.02
