2 17196   滝上            44 10.6  143  3.6  165
             1.44  2.35  3.47  4.29  4.82  5.03  4.64  4.08  3.38  2.45  1.37  1.09     3.20  1.63  4.19  4.58  2.40
             1.72  2.84  4.10  5.10  5.55  5.71  5.83  4.58  4.16  2.85  1.69  1.32     3.50  1.93  4.73  5.26  2.68
             1.24  1.76  2.93  3.74  4.32  3.89  3.66  3.21  2.91  2.21  1.15  0.95     3.04  1.40  3.92  4.07  2.17
  0   10     1.70  2.67  3.77  4.50  4.90  5.04  4.68  4.17  3.62  2.76  1.59  1.27     3.39  1.88  4.39  4.63  2.66
  0   20     1.94  2.97  4.04  4.62  4.89  4.98  4.65  4.21  3.78  3.03  1.78  1.44     3.53  2.11  4.52  4.61  2.86
  0   30     2.14  3.22  4.25  4.66  4.78  4.82  4.52  4.16  3.86  3.22  1.93  1.58     3.60  2.31  4.56  4.50  3.00
  0   40     2.31  3.42  4.39  4.60  4.58  4.57  4.30  4.03  3.85  3.34  2.04  1.69     3.59  2.47  4.52  4.30  3.08
  0   50     2.44  3.55  4.46  4.46  4.29  4.24  4.01  3.82  3.76  3.38  2.11  1.77     3.52  2.59  4.40  4.02  3.08
  0   60     2.52  3.62  4.45  4.24  3.92  3.84  3.65  3.54  3.59  3.34  2.13  1.82     3.39  2.65  4.21  3.68  3.02
  0   70     2.55  3.62  4.37  3.94  3.48  3.37  3.23  3.20  3.34  3.22  2.10  1.84     3.19  2.67  3.93  3.27  2.88
  0   80     2.53  3.56  4.22  3.57  2.99  2.87  2.77  2.80  3.02  3.03  2.02  1.82     2.93  2.63  3.59  2.81  2.69
  0   90     2.46  3.42  4.00  3.14  2.47  2.35  2.30  2.36  2.65  2.77  1.90  1.76     2.63  2.55  3.20  2.34  2.44
 15   10     1.69  2.66  3.75  4.49  4.90  5.04  4.68  4.16  3.61  2.76  1.58  1.26     3.38  1.87  4.38  4.63  2.65
 15   20     1.92  2.95  4.01  4.61  4.88  4.98  4.64  4.20  3.77  3.01  1.76  1.43     3.51  2.10  4.50  4.61  2.85
 15   30     2.11  3.19  4.21  4.65  4.78  4.82  4.51  4.15  3.84  3.19  1.91  1.56     3.58  2.29  4.54  4.49  2.98
 15   40     2.27  3.38  4.34  4.59  4.58  4.58  4.30  4.03  3.84  3.31  2.01  1.67     3.58  2.44  4.51  4.30  3.05
 15   50     2.40  3.51  4.40  4.45  4.30  4.25  4.01  3.82  3.74  3.34  2.07  1.75     3.50  2.55  4.38  4.03  3.05
 15   60     2.47  3.57  4.39  4.23  3.93  3.86  3.66  3.54  3.57  3.30  2.08  1.79     3.37  2.61  4.18  3.69  2.98
 15   70     2.50  3.57  4.30  3.94  3.51  3.40  3.25  3.21  3.32  3.17  2.05  1.80     3.17  2.62  3.92  3.29  2.85
 15   80     2.48  3.50  4.15  3.58  3.02  2.91  2.81  2.81  3.02  2.98  1.97  1.78     2.92  2.59  3.58  2.84  2.65
 15   90     2.41  3.37  3.93  3.16  2.52  2.40  2.34  2.39  2.65  2.72  1.85  1.72     2.62  2.50  3.20  2.38  2.40
 30   10     1.66  2.63  3.72  4.46  4.89  5.04  4.68  4.15  3.59  2.72  1.56  1.25     3.36  1.84  4.36  4.62  2.62
 30   20     1.86  2.88  3.94  4.57  4.87  4.97  4.63  4.17  3.73  2.95  1.72  1.39     3.47  2.04  4.46  4.59  2.80
 30   30     2.04  3.10  4.12  4.59  4.77  4.82  4.51  4.12  3.78  3.10  1.84  1.51     3.52  2.21  4.49  4.48  2.91
 30   40     2.17  3.26  4.22  4.53  4.58  4.58  4.30  3.99  3.76  3.19  1.92  1.60     3.51  2.35  4.45  4.29  2.96
 30   50     2.27  3.36  4.27  4.40  4.31  4.28  4.03  3.79  3.67  3.21  1.96  1.67     3.44  2.43  4.33  4.03  2.95
 30   60     2.33  3.41  4.24  4.18  3.96  3.90  3.69  3.52  3.50  3.15  1.96  1.70     3.29  2.48  4.13  3.70  2.87
 30   70     2.35  3.39  4.15  3.90  3.57  3.48  3.31  3.20  3.25  3.02  1.92  1.70     3.10  2.48  3.87  3.33  2.73
 30   80     2.32  3.31  4.00  3.57  3.12  3.02  2.88  2.83  2.96  2.83  1.83  1.68     2.86  2.44  3.56  2.91  2.54
 30   90     2.25  3.19  3.79  3.18  2.65  2.54  2.45  2.44  2.61  2.57  1.71  1.62     2.58  2.35  3.21  2.48  2.30
 45   10     1.62  2.57  3.66  4.42  4.87  5.03  4.67  4.12  3.55  2.67  1.52  1.22     3.33  1.80  4.32  4.61  2.58
 45   20     1.78  2.78  3.84  4.50  4.85  4.96  4.61  4.13  3.65  2.85  1.65  1.33     3.41  1.96  4.40  4.57  2.71
 45   30     1.91  2.94  3.97  4.50  4.74  4.81  4.48  4.06  3.69  2.97  1.74  1.42     3.44  2.09  4.41  4.45  2.80
 45   40     2.02  3.07  4.04  4.43  4.57  4.59  4.29  3.93  3.65  3.02  1.79  1.49     3.41  2.19  4.35  4.27  2.82
 45   50     2.09  3.14  4.07  4.29  4.30  4.29  4.03  3.73  3.54  3.01  1.81  1.54     3.32  2.26  4.22  4.01  2.79
 45   60     2.13  3.17  4.03  4.09  3.99  3.95  3.71  3.47  3.38  2.94  1.79  1.55     3.18  2.28  4.04  3.71  2.70
 45   70     2.13  3.13  3.93  3.82  3.61  3.55  3.35  3.17  3.14  2.81  1.73  1.55     2.99  2.27  3.79  3.36  2.56
 45   80     2.09  3.06  3.80  3.52  3.21  3.13  2.96  2.83  2.86  2.61  1.65  1.51     2.77  2.22  3.51  2.97  2.37
 45   90     2.02  2.94  3.62  3.16  2.78  2.70  2.56  2.46  2.54  2.36  1.52  1.45     2.51  2.13  3.19  2.58  2.14
 60   10     1.56  2.50  3.59  4.38  4.85  5.01  4.65  4.09  3.50  2.60  1.48  1.18     3.28  1.75  4.27  4.58  2.52
 60   20     1.67  2.64  3.71  4.41  4.81  4.93  4.58  4.06  3.55  2.72  1.55  1.25     3.33  1.86  4.31  4.53  2.61
 60   30     1.76  2.75  3.78  4.38  4.69  4.78  4.45  3.98  3.55  2.78  1.61  1.31     3.32  1.94  4.29  4.40  2.65
 60   40     1.82  2.83  3.82  4.29  4.51  4.56  4.25  3.83  3.49  2.80  1.63  1.36     3.27  2.00  4.21  4.21  2.64
 60   50     1.87  2.87  3.81  4.15  4.27  4.29  4.00  3.63  3.38  2.77  1.62  1.37     3.17  2.04  4.08  3.98  2.59
 60   60     1.88  2.87  3.77  3.95  3.96  3.96  3.70  3.39  3.20  2.67  1.58  1.38     3.03  2.04  3.89  3.68  2.48
 60   70     1.87  2.83  3.68  3.70  3.63  3.59  3.36  3.10  2.98  2.54  1.52  1.36     2.85  2.02  3.67  3.35  2.35
 60   80     1.82  2.75  3.55  3.42  3.25  3.21  3.01  2.78  2.71  2.35  1.43  1.32     2.63  1.97  3.41  3.00  2.17
 60   90     1.76  2.65  3.40  3.11  2.85  2.80  2.63  2.44  2.43  2.13  1.31  1.26     2.40  1.89  3.12  2.62  1.96
 75   10     1.50  2.42  3.51  4.32  4.82  5.00  4.63  4.05  3.43  2.52  1.42  1.13     3.23  1.68  4.21  4.56  2.46
 75   20     1.55  2.49  3.55  4.29  4.75  4.90  4.54  3.99  3.44  2.57  1.45  1.17     3.22  1.74  4.20  4.48  2.48
 75   30     1.59  2.53  3.57  4.22  4.62  4.74  4.39  3.88  3.39  2.58  1.46  1.19     3.18  1.77  4.14  4.34  2.48
 75   40     1.62  2.56  3.55  4.11  4.43  4.51  4.19  3.72  3.30  2.55  1.45  1.21     3.10  1.80  4.03  4.14  2.43
 75   50     1.62  2.57  3.53  3.95  4.18  4.24  3.94  3.51  3.17  2.48  1.42  1.20     2.98  1.80  3.89  3.90  2.36
 75   60     1.62  2.55  3.46  3.76  3.90  3.93  3.65  3.27  2.99  2.38  1.37  1.19     2.84  1.79  3.71  3.62  2.25
 75   70     1.60  2.51  3.39  3.53  3.58  3.59  3.34  2.99  2.78  2.24  1.30  1.16     2.67  1.76  3.50  3.31  2.11
 75   80     1.56  2.44  3.27  3.27  3.23  3.22  2.99  2.69  2.54  2.07  1.22  1.13     2.47  1.71  3.26  2.97  1.94
 75   90     1.51  2.37  3.16  3.00  2.87  2.85  2.65  2.39  2.28  1.87  1.11  1.08     2.26  1.65  3.01  2.63  1.75
 90   10     1.43  2.33  3.42  4.25  4.79  4.97  4.60  4.00  3.36  2.44  1.36  1.09     3.17  1.61  4.15  4.53  2.39
 90   20     1.42  2.32  3.38  4.17  4.68  4.85  4.49  3.90  3.30  2.40  1.34  1.08     3.11  1.61  4.08  4.42  2.35
 90   30     1.42  2.30  3.33  4.05  4.52  4.67  4.32  3.75  3.21  2.35  1.31  1.07     3.02  1.60  3.96  4.25  2.29
 90   40     1.41  2.28  3.28  3.90  4.31  4.43  4.10  3.57  3.07  2.28  1.27  1.05     2.91  1.58  3.83  4.04  2.21
 90   50     1.39  2.26  3.21  3.72  4.06  4.15  3.85  3.35  2.92  2.17  1.22  1.04     2.78  1.56  3.66  3.79  2.11
 90   60     1.37  2.22  3.15  3.52  3.77  3.85  3.56  3.11  2.74  2.07  1.16  1.01     2.63  1.53  3.48  3.50  1.99
 90   70     1.36  2.19  3.07  3.30  3.47  3.52  3.26  2.84  2.54  1.93  1.09  0.99     2.46  1.51  3.28  3.21  1.85
 90   80     1.32  2.14  2.99  3.08  3.14  3.17  2.94  2.57  2.32  1.78  1.01  0.95     2.29  1.47  3.07  2.89  1.70
 90   90     1.29  2.08  2.90  2.82  2.80  2.82  2.61  2.28  2.08  1.61  0.93  0.91     2.09  1.43  2.84  2.57  1.54
105   10     1.36  2.23  3.33  4.18  4.75  4.95  4.58  3.96  3.29  2.35  1.30  1.04     3.11  1.54  4.09  4.50  2.31
105   20     1.30  2.14  3.20  4.04  4.60  4.80  4.44  3.81  3.16  2.23  1.23  0.99     3.00  1.48  3.95  4.35  2.21
105   30     1.25  2.06  3.08  3.85  4.40  4.59  4.24  3.62  3.01  2.11  1.17  0.95     2.86  1.42  3.78  4.15  2.09
105   40     1.21  2.01  2.98  3.65  4.16  4.32  3.99  3.40  2.84  1.99  1.10  0.91     2.71  1.38  3.60  3.91  1.98
105   50     1.18  1.96  2.89  3.45  3.88  4.03  3.72  3.17  2.65  1.88  1.03  0.89     2.56  1.34  3.41  3.64  1.85
105   60     1.16  1.92  2.82  3.25  3.59  3.71  3.43  2.92  2.46  1.75  0.97  0.86     2.40  1.31  3.22  3.35  1.73
105   70     1.15  1.89  2.75  3.04  3.29  3.39  3.12  2.66  2.27  1.62  0.90  0.84     2.24  1.29  3.02  3.06  1.60
105   80     1.13  1.86  2.70  2.82  2.99  3.06  2.82  2.39  2.06  1.49  0.84  0.82     2.08  1.27  2.83  2.76  1.46
105   90     1.11  1.83  2.64  2.63  2.68  2.73  2.52  2.15  1.87  1.36  0.77  0.79     1.92  1.24  2.65  2.47  1.33
120   10     1.30  2.15  3.24  4.12  4.71  4.93  4.55  3.92  3.22  2.26  1.25  0.99     3.05  1.48  4.03  4.47  2.24
120   20     1.18  1.98  3.04  3.90  4.52  4.75  4.38  3.73  3.02  2.07  1.13  0.91     2.88  1.35  3.82  4.29  2.07
120   30     1.09  1.84  2.85  3.65  4.27  4.50  4.14  3.49  2.80  1.88  1.03  0.84     2.70  1.26  3.59  4.04  1.90
120   40     1.04  1.74  2.69  3.40  3.98  4.19  3.86  3.23  2.58  1.72  0.94  0.80     2.51  1.19  3.36  3.76  1.75
120   50     1.01  1.68  2.57  3.16  3.67  3.86  3.56  2.96  2.38  1.58  0.87  0.77     2.34  1.15  3.13  3.46  1.61
120   60     0.99  1.65  2.49  2.94  3.36  3.53  3.25  2.69  2.18  1.45  0.82  0.75     2.17  1.13  2.93  3.16  1.48
120   70     0.99  1.63  2.45  2.74  3.06  3.20  2.95  2.44  1.99  1.34  0.76  0.74     2.02  1.12  2.75  2.87  1.36
120   80     0.98  1.63  2.41  2.56  2.77  2.88  2.66  2.20  1.82  1.22  0.71  0.72     1.88  1.11  2.58  2.58  1.25
120   90     0.99  1.62  2.40  2.38  2.49  2.58  2.37  1.97  1.64  1.12  0.65  0.71     1.74  1.10  2.42  2.31  1.14
135   10     1.24  2.07  3.17  4.06  4.68  4.91  4.53  3.89  3.16  2.18  1.20  0.95     3.00  1.42  3.97  4.44  2.18
135   20     1.07  1.83  2.88  3.79  4.45  4.71  4.34  3.65  2.90  1.91  1.04  0.83     2.78  1.25  3.71  4.23  1.95
135   30     0.96  1.64  2.62  3.47  4.15  4.42  4.06  3.37  2.61  1.66  0.91  0.75     2.55  1.12  3.41  3.95  1.73
135   40     0.91  1.51  2.41  3.14  3.79  4.06  3.73  3.05  2.33  1.45  0.82  0.71     2.33  1.04  3.12  3.62  1.53
135   50     0.89  1.45  2.27  2.86  3.43  3.68  3.38  2.74  2.08  1.30  0.76  0.70     2.13  1.01  2.85  3.26  1.38
135   60     0.89  1.43  2.20  2.63  3.09  3.31  3.04  2.46  1.88  1.19  0.71  0.69     1.96  1.00  2.64  2.94  1.26
135   70     0.90  1.44  2.18  2.44  2.79  2.97  2.73  2.21  1.72  1.10  0.67  0.68     1.82  1.01  2.47  2.64  1.16
135   80     0.91  1.46  2.17  2.28  2.51  2.67  2.46  1.99  1.57  1.01  0.63  0.68     1.69  1.01  2.32  2.37  1.07
135   90     0.93  1.48  2.20  2.14  2.27  2.39  2.20  1.78  1.42  0.94  0.59  0.67     1.58  1.02  2.20  2.12  0.98
150   10     1.20  2.02  3.11  4.02  4.66  4.90  4.52  3.86  3.11  2.12  1.16  0.92     2.97  1.38  3.93  4.43  2.13
150   20     0.99  1.71  2.77  3.69  4.40  4.68  4.30  3.60  2.79  1.78  0.96  0.77     2.71  1.16  3.62  4.20  1.85
150   30     0.86  1.45  2.42  3.31  4.06  4.37  4.01  3.27  2.44  1.47  0.81  0.69     2.43  1.00  3.27  3.88  1.57
150   40     0.84  1.32  2.16  2.92  3.64  3.98  3.64  2.90  2.09  1.23  0.73  0.68     2.18  0.94  2.90  3.51  1.35
150   50     0.85  1.29  2.01  2.56  3.19  3.52  3.21  2.53  1.81  1.08  0.70  0.68     1.95  0.94  2.59  3.09  1.20
150   60     0.86  1.30  1.96  2.30  2.79  3.06  2.81  2.22  1.62  1.00  0.67  0.68     1.77  0.95  2.35  2.70  1.09
150   70     0.88  1.33  1.97  2.14  2.48  2.70  2.49  1.97  1.47  0.93  0.63  0.67     1.64  0.96  2.20  2.39  1.01
150   80     0.90  1.37  2.01  2.02  2.23  2.41  2.23  1.78  1.36  0.87  0.60  0.67     1.54  0.98  2.09  2.14  0.94
150   90     0.91  1.41  2.06  1.92  2.02  2.16  2.00  1.61  1.25  0.82  0.56  0.66     1.45  1.00  2.00  1.93  0.88
165   10     1.17  1.98  3.08  4.00  4.64  4.89  4.51  3.84  3.08  2.08  1.14  0.90     2.94  1.35  3.91  4.42  2.10
165   20     0.93  1.62  2.69  3.64  4.37  4.67  4.29  3.57  2.73  1.70  0.91  0.73     2.65  1.09  3.57  4.17  1.78
165   30     0.83  1.31  2.29  3.22  4.02  4.35  3.98  3.22  2.32  1.31  0.74  0.68     2.36  0.94  3.18  3.85  1.46
165   40     0.84  1.21  1.94  2.76  3.59  3.95  3.61  2.82  1.90  1.03  0.72  0.68     2.09  0.91  2.76  3.46  1.22
165   50     0.85  1.24  1.79  2.29  3.09  3.48  3.17  2.38  1.56  0.95  0.69  0.68     1.85  0.92  2.39  3.01  1.07
165   60     0.86  1.27  1.80  2.01  2.54  2.96  2.69  1.98  1.39  0.91  0.67  0.68     1.65  0.94  2.12  2.54  0.99
165   70     0.88  1.31  1.86  1.89  2.19  2.47  2.28  1.76  1.29  0.86  0.63  0.67     1.51  0.95  1.98  2.17  0.93
165   80     0.90  1.35  1.92  1.81  1.98  2.19  2.04  1.60  1.21  0.81  0.60  0.67     1.42  0.97  1.91  1.94  0.87
165   90     0.91  1.40  1.99  1.75  1.81  1.98  1.84  1.47  1.13  0.77  0.56  0.66     1.36  0.99  1.85  1.76  0.82
180   10     1.16  1.96  3.07  3.99  4.64  4.89  4.51  3.84  3.07  2.07  1.13  0.89     2.94  1.34  3.90  4.41  2.09
180   20     0.91  1.59  2.67  3.62  4.36  4.66  4.28  3.56  2.70  1.66  0.89  0.72     2.63  1.07  3.55  4.17  1.75
180   30     0.83  1.25  2.24  3.20  4.00  4.34  3.98  3.21  2.28  1.24  0.74  0.68     2.33  0.92  3.15  3.84  1.42
180   40     0.84  1.21  1.81  2.73  3.56  3.94  3.60  2.80  1.83  0.97  0.72  0.68     2.06  0.91  2.70  3.45  1.18
180   50     0.85  1.24  1.71  2.22  3.06  3.47  3.16  2.35  1.37  0.94  0.69  0.68     1.81  0.92  2.33  2.99  1.00
180   60     0.86  1.27  1.77  1.84  2.52  2.94  2.67  1.88  1.28  0.90  0.67  0.68     1.61  0.94  2.04  2.50  0.95
180   70     0.88  1.31  1.84  1.76  2.07  2.39  2.19  1.66  1.21  0.86  0.63  0.67     1.46  0.95  1.89  2.08  0.90
180   80     0.90  1.35  1.91  1.71  1.87  2.11  1.96  1.53  1.14  0.81  0.60  0.67     1.38  0.97  1.83  1.87  0.85
180   90     0.91  1.40  1.99  1.68  1.73  1.91  1.79  1.41  1.07  0.77  0.56  0.66     1.32  0.99  1.80  1.70  0.80
             71.4  65.3  54.1  29.0  14.6   7.5   9.5  19.6  34.2  50.1  58.8  68.8     34.7  68.1  30.4  12.7  45.7
             2.55  3.63  4.47  4.66  4.91  5.05  4.68  4.21  3.86  3.38  2.13  1.84     3.78  2.67  4.56  4.63  3.09
             2.23  3.32  4.32  4.64  4.70  4.71  4.42  4.11  3.86  3.28  1.99  1.64     3.60  2.39  4.56  4.42  3.05
             1.14  1.09  1.03  1.00  1.04  1.07  1.06  1.02  1.00  1.03  1.07  1.12     1.06  1.12  1.03  1.05  1.03
             1.55  1.41  1.24  1.08  0.98  0.94  0.95  1.01  1.14  1.34  1.45  1.50     1.22  1.49  1.10  0.97  1.31
temperature  -8.7  -8.3  -3.3   4.2  10.1  14.0  17.9  19.3  14.4   8.1   1.6  -4.9      5.4  -7.3   3.7  17.1   8.0
diffusedrad  0.95  1.42  1.99  2.28  2.56  2.80  2.70  2.33  1.81  1.29  0.88  0.77     1.81  1.04  2.27  2.61  1.33
snow10cm     1.00  1.00  0.99  0.30  0.00  0.00  0.00  0.00  0.00  0.00  0.12  0.78     0.35  0.93  0.43  0.00  0.04
