2 18038   羅臼            44  1.4  145 11.2   15
             1.44  2.46  3.42  4.19  4.61  4.59  4.10  3.64  3.13  2.38  1.43  1.15     3.04  1.68  4.08  4.11  2.31
             1.74  2.80  3.78  4.89  5.46  5.67  5.12  4.38  4.01  2.71  1.86  1.45     3.28  1.90  4.48  4.83  2.70
             1.17  1.68  2.97  3.67  4.00  3.55  3.45  2.67  2.19  2.02  1.07  0.89     2.80  1.41  3.65  3.54  1.88
  0   10     1.70  2.84  3.71  4.38  4.69  4.61  4.13  3.72  3.31  2.66  1.67  1.35     3.23  1.96  4.26  4.15  2.55
  0   20     1.94  3.18  3.97  4.50  4.68  4.55  4.09  3.74  3.44  2.90  1.89  1.54     3.37  2.22  4.38  4.13  2.74
  0   30     2.14  3.46  4.17  4.54  4.57  4.41  3.98  3.69  3.50  3.07  2.06  1.71     3.44  2.44  4.43  4.03  2.88
  0   40     2.31  3.69  4.30  4.50  4.38  4.19  3.80  3.57  3.49  3.18  2.18  1.84     3.45  2.61  4.40  3.85  2.95
  0   50     2.43  3.84  4.37  4.38  4.11  3.89  3.55  3.39  3.40  3.21  2.25  1.94     3.40  2.74  4.29  3.61  2.95
  0   60     2.51  3.93  4.36  4.19  3.76  3.54  3.25  3.14  3.24  3.17  2.28  2.00     3.28  2.81  4.10  3.31  2.89
  0   70     2.54  3.93  4.28  3.93  3.35  3.13  2.90  2.85  3.01  3.05  2.25  2.01     3.10  2.83  3.85  2.96  2.77
  0   80     2.52  3.86  4.12  3.61  2.89  2.69  2.52  2.51  2.73  2.87  2.17  1.99     2.87  2.79  3.54  2.57  2.59
  0   90     2.45  3.72  3.91  3.23  2.40  2.24  2.12  2.13  2.39  2.62  2.04  1.93     2.60  2.70  3.18  2.16  2.35
 15   10     1.69  2.82  3.70  4.37  4.68  4.61  4.13  3.72  3.30  2.65  1.67  1.35     3.22  1.95  4.25  4.15  2.54
 15   20     1.92  3.15  3.95  4.49  4.67  4.55  4.09  3.73  3.42  2.89  1.87  1.53     3.35  2.20  4.37  4.12  2.73
 15   30     2.11  3.42  4.14  4.53  4.57  4.40  3.98  3.68  3.48  3.06  2.03  1.69     3.42  2.41  4.41  4.02  2.85
 15   40     2.27  3.63  4.26  4.49  4.38  4.19  3.80  3.56  3.46  3.15  2.15  1.82     3.43  2.58  4.38  3.85  2.92
 15   50     2.39  3.78  4.32  4.37  4.11  3.90  3.55  3.38  3.37  3.18  2.21  1.91     3.37  2.69  4.27  3.61  2.92
 15   60     2.46  3.85  4.30  4.18  3.77  3.55  3.25  3.14  3.21  3.13  2.23  1.97     3.25  2.76  4.08  3.31  2.86
 15   70     2.49  3.86  4.21  3.92  3.37  3.15  2.91  2.85  2.98  3.02  2.20  1.98     3.08  2.77  3.84  2.97  2.73
 15   80     2.47  3.78  4.06  3.61  2.92  2.72  2.54  2.51  2.70  2.83  2.11  1.96     2.85  2.74  3.53  2.59  2.55
 15   90     2.40  3.64  3.85  3.24  2.45  2.28  2.14  2.15  2.37  2.58  1.98  1.89     2.58  2.64  3.18  2.19  2.31
 30   10     1.66  2.78  3.66  4.35  4.68  4.60  4.13  3.71  3.28  2.63  1.64  1.33     3.20  1.92  4.23  4.14  2.51
 30   20     1.87  3.07  3.88  4.45  4.66  4.54  4.08  3.71  3.38  2.83  1.81  1.49     3.31  2.14  4.33  4.11  2.68
 30   30     2.04  3.31  4.04  4.48  4.56  4.40  3.97  3.66  3.42  2.98  1.95  1.63     3.37  2.33  4.36  4.01  2.78
 30   40     2.17  3.49  4.15  4.43  4.38  4.19  3.79  3.53  3.38  3.05  2.05  1.74     3.36  2.47  4.32  3.84  2.83
 30   50     2.27  3.61  4.19  4.32  4.12  3.91  3.55  3.35  3.29  3.06  2.10  1.82     3.30  2.57  4.21  3.61  2.81
 30   60     2.33  3.67  4.16  4.14  3.80  3.58  3.26  3.11  3.12  3.00  2.10  1.86     3.18  2.62  4.03  3.32  2.74
 30   70     2.35  3.65  4.07  3.89  3.42  3.20  2.94  2.83  2.90  2.88  2.06  1.87     3.00  2.62  3.79  2.99  2.61
 30   80     2.32  3.57  3.92  3.60  3.00  2.79  2.58  2.52  2.63  2.69  1.97  1.84     2.79  2.58  3.51  2.63  2.43
 30   90     2.25  3.42  3.72  3.26  2.56  2.38  2.21  2.18  2.31  2.44  1.83  1.77     2.53  2.48  3.18  2.26  2.20
 45   10     1.62  2.72  3.61  4.32  4.67  4.59  4.12  3.69  3.24  2.58  1.60  1.29     3.17  1.88  4.20  4.13  2.47
 45   20     1.78  2.96  3.78  4.39  4.64  4.52  4.06  3.68  3.32  2.74  1.74  1.42     3.25  2.05  4.27  4.09  2.60
 45   30     1.92  3.14  3.91  4.39  4.54  4.39  3.95  3.61  3.33  2.85  1.84  1.53     3.28  2.20  4.28  3.98  2.67
 45   40     2.02  3.28  3.98  4.34  4.36  4.18  3.77  3.48  3.28  2.90  1.91  1.62     3.26  2.31  4.23  3.81  2.69
 45   50     2.09  3.37  3.99  4.22  4.12  3.92  3.54  3.29  3.16  2.88  1.93  1.67     3.18  2.38  4.11  3.58  2.66
 45   60     2.13  3.40  3.96  4.05  3.82  3.61  3.27  3.07  3.00  2.80  1.91  1.69     3.06  2.41  3.94  3.31  2.57
 45   70     2.13  3.38  3.87  3.82  3.46  3.25  2.95  2.79  2.78  2.68  1.86  1.69     2.89  2.40  3.71  3.00  2.44
 45   80     2.09  3.29  3.73  3.55  3.08  2.87  2.62  2.50  2.52  2.49  1.76  1.65     2.68  2.34  3.45  2.67  2.26
 45   90     2.02  3.16  3.55  3.25  2.67  2.49  2.28  2.18  2.23  2.25  1.63  1.59     2.44  2.25  3.16  2.32  2.04
 60   10     1.57  2.64  3.54  4.27  4.64  4.58  4.10  3.66  3.20  2.51  1.55  1.25     3.13  1.82  4.15  4.11  2.42
 60   20     1.68  2.80  3.65  4.30  4.60  4.50  4.04  3.63  3.22  2.62  1.64  1.34     3.17  1.94  4.19  4.06  2.49
 60   30     1.77  2.94  3.72  4.29  4.49  4.36  3.91  3.55  3.21  2.68  1.70  1.41     3.17  2.04  4.17  3.94  2.53
 60   40     1.83  3.03  3.76  4.21  4.32  4.16  3.73  3.40  3.13  2.69  1.73  1.46     3.12  2.11  4.09  3.77  2.52
 60   50     1.87  3.07  3.75  4.09  4.09  3.91  3.51  3.23  3.01  2.65  1.73  1.49     3.03  2.14  3.98  3.55  2.46
 60   60     1.88  3.08  3.71  3.91  3.79  3.60  3.24  3.00  2.83  2.56  1.69  1.49     2.90  2.15  3.80  3.28  2.36
 60   70     1.87  3.05  3.62  3.71  3.48  3.28  2.95  2.74  2.63  2.43  1.62  1.47     2.74  2.13  3.60  2.99  2.23
 60   80     1.83  2.96  3.49  3.45  3.11  2.92  2.64  2.46  2.38  2.25  1.53  1.43     2.54  2.08  3.35  2.67  2.05
 60   90     1.76  2.86  3.35  3.19  2.74  2.55  2.31  2.17  2.12  2.04  1.41  1.37     2.32  2.00  3.10  2.34  1.85
 75   10     1.50  2.55  3.46  4.21  4.62  4.56  4.08  3.63  3.14  2.44  1.49  1.19     3.07  1.75  4.10  4.09  2.36
 75   20     1.56  2.63  3.50  4.20  4.55  4.47  4.00  3.57  3.12  2.48  1.52  1.24     3.07  1.81  4.09  4.02  2.38
 75   30     1.60  2.69  3.52  4.14  4.42  4.32  3.87  3.47  3.06  2.49  1.54  1.27     3.03  1.85  4.03  3.88  2.36
 75   40     1.62  2.73  3.51  4.05  4.24  4.11  3.68  3.31  2.96  2.46  1.53  1.29     2.96  1.88  3.93  3.70  2.32
 75   50     1.63  2.75  3.48  3.90  4.01  3.87  3.46  3.12  2.81  2.39  1.51  1.29     2.85  1.89  3.80  3.48  2.24
 75   60     1.63  2.73  3.41  3.74  3.74  3.58  3.20  2.90  2.65  2.29  1.46  1.28     2.72  1.88  3.63  3.23  2.13
 75   70     1.61  2.70  3.34  3.54  3.42  3.26  2.92  2.65  2.44  2.15  1.38  1.25     2.55  1.85  3.43  2.94  1.99
 75   80     1.57  2.63  3.23  3.32  3.10  2.93  2.62  2.39  2.22  1.99  1.29  1.22     2.38  1.80  3.22  2.65  1.83
 75   90     1.51  2.54  3.12  3.09  2.76  2.59  2.32  2.12  1.97  1.80  1.18  1.16     2.18  1.74  2.99  2.34  1.65
 90   10     1.44  2.45  3.37  4.16  4.59  4.54  4.06  3.60  3.08  2.36  1.42  1.14     3.02  1.68  4.04  4.07  2.29
 90   20     1.43  2.45  3.34  4.08  4.49  4.43  3.97  3.51  3.01  2.33  1.40  1.13     2.96  1.67  3.97  3.97  2.25
 90   30     1.42  2.44  3.29  3.98  4.34  4.26  3.81  3.38  2.90  2.28  1.37  1.13     2.88  1.66  3.87  3.82  2.18
 90   40     1.41  2.42  3.24  3.85  4.13  4.04  3.62  3.21  2.77  2.20  1.34  1.11     2.78  1.65  3.74  3.62  2.10
 90   50     1.40  2.41  3.17  3.70  3.89  3.79  3.38  3.00  2.61  2.11  1.28  1.10     2.65  1.64  3.59  3.39  2.00
 90   60     1.38  2.37  3.11  3.52  3.62  3.51  3.13  2.78  2.43  2.00  1.22  1.08     2.51  1.61  3.42  3.14  1.88
 90   70     1.36  2.34  3.03  3.34  3.33  3.20  2.86  2.54  2.23  1.87  1.15  1.05     2.36  1.58  3.23  2.87  1.75
 90   80     1.33  2.29  2.96  3.14  3.02  2.88  2.57  2.29  2.02  1.72  1.06  1.02     2.19  1.55  3.04  2.58  1.60
 90   90     1.29  2.22  2.86  2.93  2.70  2.56  2.28  2.03  1.81  1.56  0.97  0.98     2.02  1.50  2.83  2.29  1.45
105   10     1.37  2.35  3.29  4.09  4.55  4.53  4.04  3.56  3.02  2.27  1.36  1.09     2.96  1.60  3.98  4.04  2.22
105   20     1.30  2.25  3.17  3.96  4.42  4.39  3.92  3.44  2.89  2.17  1.28  1.03     2.85  1.53  3.85  3.92  2.11
105   30     1.25  2.18  3.05  3.80  4.23  4.20  3.75  3.28  2.74  2.05  1.21  0.99     2.73  1.47  3.69  3.74  2.00
105   40     1.21  2.12  2.95  3.63  4.00  3.96  3.53  3.08  2.56  1.94  1.14  0.96     2.59  1.43  3.52  3.52  1.88
105   50     1.19  2.07  2.87  3.45  3.74  3.69  3.29  2.87  2.38  1.83  1.07  0.93     2.45  1.40  3.35  3.28  1.76
105   60     1.16  2.04  2.79  3.27  3.46  3.40  3.03  2.64  2.20  1.70  1.01  0.91     2.30  1.37  3.17  3.02  1.64
105   70     1.15  2.00  2.73  3.09  3.17  3.10  2.75  2.40  2.01  1.58  0.94  0.88     2.15  1.34  3.00  2.75  1.51
105   80     1.13  1.98  2.67  2.91  2.88  2.79  2.48  2.16  1.82  1.44  0.87  0.86     2.00  1.32  2.82  2.48  1.38
105   90     1.11  1.94  2.62  2.75  2.59  2.49  2.21  1.93  1.63  1.32  0.80  0.83     1.85  1.29  2.65  2.21  1.25
120   10     1.31  2.25  3.21  4.04  4.52  4.51  4.03  3.53  2.97  2.19  1.29  1.03     2.91  1.53  3.92  4.02  2.15
120   20     1.19  2.07  3.01  3.84  4.34  4.35  3.88  3.38  2.78  2.01  1.16  0.94     2.75  1.40  3.73  3.87  1.99
120   30     1.10  1.92  2.82  3.62  4.11  4.13  3.68  3.18  2.57  1.84  1.05  0.87     2.57  1.29  3.52  3.66  1.82
120   40     1.04  1.82  2.67  3.39  3.83  3.86  3.44  2.95  2.36  1.68  0.97  0.82     2.40  1.23  3.30  3.41  1.67
120   50     1.02  1.76  2.55  3.18  3.54  3.56  3.17  2.71  2.15  1.54  0.90  0.79     2.24  1.19  3.09  3.15  1.53
120   60     1.00  1.73  2.48  2.99  3.25  3.25  2.90  2.47  1.96  1.43  0.84  0.77     2.09  1.17  2.91  2.88  1.41
120   70     0.99  1.71  2.43  2.82  2.96  2.95  2.63  2.25  1.78  1.32  0.78  0.76     1.95  1.15  2.74  2.61  1.29
120   80     0.99  1.71  2.39  2.67  2.68  2.65  2.36  2.02  1.62  1.21  0.72  0.74     1.81  1.15  2.58  2.35  1.18
120   90     0.99  1.71  2.38  2.52  2.42  2.37  2.11  1.80  1.45  1.10  0.67  0.73     1.69  1.14  2.44  2.09  1.07
135   10     1.25  2.17  3.13  3.98  4.49  4.49  4.01  3.51  2.92  2.12  1.24  0.99     2.86  1.47  3.87  4.00  2.09
135   20     1.08  1.90  2.86  3.74  4.28  4.32  3.85  3.32  2.67  1.87  1.06  0.85     2.65  1.28  3.63  3.83  1.87
135   30     0.97  1.69  2.60  3.45  4.00  4.07  3.62  3.09  2.41  1.64  0.92  0.76     2.44  1.14  3.35  3.59  1.66
135   40     0.91  1.56  2.40  3.16  3.67  3.75  3.35  2.82  2.15  1.44  0.82  0.72     2.23  1.06  3.08  3.31  1.47
135   50     0.90  1.50  2.27  2.91  3.32  3.42  3.05  2.55  1.92  1.30  0.76  0.70     2.05  1.03  2.83  3.00  1.33
135   60     0.90  1.48  2.20  2.70  3.01  3.08  2.75  2.30  1.73  1.19  0.71  0.69     1.90  1.02  2.64  2.71  1.21
135   70     0.91  1.49  2.17  2.54  2.72  2.77  2.48  2.07  1.57  1.10  0.67  0.69     1.76  1.03  2.48  2.44  1.11
135   80     0.91  1.52  2.17  2.41  2.46  2.49  2.23  1.86  1.42  1.01  0.63  0.68     1.65  1.04  2.34  2.19  1.02
135   90     0.93  1.54  2.19  2.30  2.21  2.22  1.99  1.67  1.28  0.93  0.58  0.68     1.54  1.05  2.23  1.96  0.93
150   10     1.21  2.11  3.08  3.95  4.47  4.48  4.00  3.49  2.88  2.07  1.20  0.95     2.82  1.42  3.83  3.99  2.05
150   20     0.99  1.76  2.75  3.65  4.24  4.30  3.83  3.28  2.60  1.75  0.98  0.78     2.58  1.18  3.54  3.80  1.78
150   30     0.86  1.49  2.42  3.31  3.92  4.03  3.59  3.02  2.28  1.46  0.81  0.69     2.32  1.01  3.21  3.54  1.51
150   40     0.84  1.34  2.16  2.95  3.53  3.69  3.29  2.71  1.97  1.23  0.72  0.68     2.09  0.95  2.88  3.23  1.31
150   50     0.85  1.31  2.01  2.63  3.11  3.29  2.94  2.40  1.71  1.09  0.69  0.68     1.89  0.94  2.58  2.88  1.16
150   60     0.87  1.32  1.96  2.41  2.74  2.89  2.60  2.12  1.52  1.00  0.66  0.68     1.73  0.95  2.37  2.54  1.06
150   70     0.88  1.36  1.97  2.27  2.44  2.56  2.31  1.90  1.38  0.94  0.62  0.67     1.61  0.97  2.23  2.26  0.98
150   80     0.90  1.40  2.00  2.17  2.20  2.29  2.07  1.72  1.27  0.88  0.59  0.67     1.51  0.99  2.12  2.02  0.91
150   90     0.91  1.45  2.05  2.11  1.99  2.05  1.85  1.55  1.16  0.82  0.55  0.67     1.43  1.01  2.05  1.82  0.84
165   10     1.18  2.06  3.05  3.92  4.45  4.47  3.99  3.48  2.86  2.03  1.17  0.93     2.80  1.39  3.81  3.98  2.02
165   20     0.93  1.67  2.67  3.60  4.21  4.28  3.81  3.26  2.55  1.67  0.91  0.73     2.52  1.11  3.49  3.78  1.71
165   30     0.83  1.33  2.28  3.23  3.88  4.01  3.56  2.98  2.19  1.31  0.73  0.68     2.25  0.95  3.13  3.52  1.41
165   40     0.84  1.21  1.95  2.81  3.48  3.66  3.26  2.65  1.82  1.04  0.71  0.68     2.01  0.91  2.74  3.19  1.19
165   50     0.85  1.24  1.80  2.39  3.02  3.26  2.90  2.29  1.51  0.96  0.68  0.68     1.80  0.92  2.40  2.82  1.05
165   60     0.87  1.28  1.81  2.14  2.51  2.81  2.50  1.95  1.35  0.92  0.65  0.68     1.62  0.94  2.15  2.42  0.97
165   70     0.88  1.33  1.86  2.04  2.18  2.38  2.16  1.75  1.25  0.87  0.62  0.67     1.50  0.96  2.02  2.10  0.91
165   80     0.90  1.38  1.92  1.99  1.97  2.12  1.93  1.59  1.17  0.82  0.58  0.67     1.42  0.98  1.96  1.88  0.86
165   90     0.91  1.43  1.98  1.96  1.80  1.91  1.74  1.45  1.08  0.77  0.55  0.67     1.35  1.00  1.91  1.70  0.80
180   10     1.17  2.04  3.04  3.91  4.45  4.47  3.99  3.47  2.85  2.02  1.16  0.92     2.79  1.38  3.80  3.98  2.01
180   20     0.91  1.63  2.65  3.58  4.19  4.27  3.81  3.25  2.53  1.64  0.89  0.72     2.51  1.09  3.47  3.78  1.69
180   30     0.83  1.26  2.24  3.20  3.86  4.00  3.56  2.97  2.17  1.25  0.73  0.68     2.23  0.92  3.10  3.51  1.38
180   40     0.84  1.21  1.82  2.77  3.45  3.65  3.25  2.65  1.78  0.99  0.71  0.68     1.98  0.91  2.68  3.18  1.16
180   50     0.85  1.24  1.72  2.32  2.99  3.25  2.89  2.28  1.37  0.95  0.68  0.68     1.77  0.92  2.34  2.80  1.00
180   60     0.87  1.28  1.78  1.98  2.48  2.79  2.49  1.89  1.28  0.91  0.65  0.68     1.59  0.94  2.08  2.39  0.95
180   70     0.88  1.33  1.84  1.93  2.06  2.31  2.09  1.69  1.21  0.87  0.62  0.67     1.46  0.96  1.94  2.03  0.90
180   80     0.90  1.38  1.91  1.90  1.87  2.04  1.88  1.55  1.14  0.82  0.58  0.67     1.39  0.98  1.89  1.82  0.85
180   90     0.91  1.43  1.98  1.89  1.72  1.85  1.70  1.42  1.06  0.77  0.55  0.67     1.33  1.00  1.86  1.66  0.79
             71.1  65.9  53.7  30.0  13.4   7.6   9.4  17.9  33.0  49.2  59.4  69.5     36.5  68.3  30.9  11.7  45.9
             2.54  3.94  4.37  4.54  4.69  4.61  4.13  3.74  3.51  3.21  2.28  2.01     3.63  2.83  4.43  4.15  2.96
             2.25  3.62  4.26  4.53  4.46  4.27  3.87  3.62  3.50  3.15  2.14  1.80     3.46  2.56  4.42  3.92  2.93
             1.13  1.09  1.03  1.00  1.05  1.08  1.07  1.03  1.00  1.02  1.07  1.12     1.06  1.11  1.03  1.06  1.03
             1.56  1.47  1.25  1.08  0.97  0.93  0.94  0.99  1.12  1.32  1.50  1.57     1.23  1.53  1.10  0.96  1.31
temperature  -4.8  -5.6  -2.3   2.7   7.2  10.8  14.5  17.2  14.9   9.8   3.6  -1.9      5.5  -4.1   2.5  14.2   9.4
diffusedrad  0.95  1.42  1.99  2.35  2.57  2.85  2.71  2.34  1.79  1.30  0.88  0.77     1.83  1.05  2.30  2.63  1.32
snow10cm     0.99  1.00  0.99  0.47  0.01  0.00  0.00  0.00  0.00  0.00  0.08  0.74     0.36  0.91  0.49  0.00  0.03
