2 18171   中標津          43 32.6  144 58.7   50
             1.92  2.89  3.87  4.24  4.72  4.67  4.11  3.70  3.27  2.69  1.89  1.58     3.30  2.13  4.28  4.16  2.62
             2.23  3.26  4.37  4.87  5.50  5.42  5.23  4.66  3.85  2.95  2.22  1.82     3.48  2.39  4.74  4.95  2.88
             1.60  2.18  3.02  3.73  4.01  3.65  3.62  3.01  2.73  2.26  1.54  1.25     3.10  1.90  3.90  3.67  2.22
  0   10     2.41  3.43  4.23  4.43  4.80  4.68  4.14  3.78  3.46  3.04  2.33  2.04     3.56  2.63  4.49  4.20  2.94
  0   20     2.87  3.92  4.56  4.55  4.79  4.62  4.10  3.80  3.60  3.34  2.71  2.47     3.78  3.08  4.63  4.17  3.22
  0   30     3.27  4.32  4.81  4.57  4.67  4.48  3.99  3.75  3.66  3.56  3.03  2.83     3.91  3.48  4.69  4.07  3.42
  0   40     3.61  4.65  4.98  4.50  4.47  4.25  3.80  3.62  3.65  3.69  3.28  3.13     3.97  3.79  4.65  3.89  3.54
  0   50     3.86  4.88  5.05  4.35  4.19  3.94  3.56  3.43  3.55  3.74  3.44  3.35     3.94  4.03  4.53  3.64  3.58
  0   60     4.02  5.00  5.03  4.11  3.83  3.58  3.25  3.18  3.38  3.70  3.51  3.49     3.84  4.17  4.32  3.34  3.53
  0   70     4.09  5.02  4.91  3.79  3.40  3.17  2.90  2.88  3.14  3.57  3.50  3.54     3.66  4.22  4.04  2.98  3.40
  0   80     4.07  4.93  4.71  3.41  2.92  2.71  2.52  2.53  2.84  3.36  3.39  3.51     3.41  4.17  3.68  2.59  3.20
  0   90     3.95  4.73  4.42  2.96  2.42  2.25  2.12  2.15  2.49  3.07  3.19  3.38     3.10  4.02  3.27  2.17  2.92
 15   10     2.39  3.41  4.21  4.43  4.80  4.68  4.14  3.77  3.46  3.03  2.31  2.03     3.56  2.61  4.48  4.20  2.93
 15   20     2.84  3.87  4.53  4.54  4.78  4.62  4.10  3.79  3.58  3.32  2.68  2.44     3.76  3.05  4.62  4.17  3.19
 15   30     3.22  4.26  4.77  4.56  4.67  4.47  3.98  3.74  3.64  3.54  2.98  2.80     3.89  3.43  4.67  4.06  3.39
 15   40     3.54  4.57  4.92  4.50  4.47  4.25  3.80  3.62  3.62  3.67  3.21  3.09     3.94  3.73  4.63  3.89  3.50
 15   50     3.78  4.78  4.99  4.34  4.19  3.95  3.56  3.43  3.52  3.71  3.36  3.30     3.91  3.96  4.51  3.65  3.53
 15   60     3.93  4.89  4.96  4.10  3.83  3.59  3.26  3.18  3.35  3.67  3.43  3.44     3.80  4.09  4.30  3.34  3.48
 15   70     4.00  4.90  4.84  3.79  3.42  3.19  2.92  2.88  3.11  3.53  3.40  3.48     3.62  4.13  4.01  2.99  3.35
 15   80     3.97  4.81  4.63  3.42  2.95  2.75  2.54  2.54  2.81  3.32  3.29  3.44     3.37  4.07  3.67  2.61  3.14
 15   90     3.85  4.61  4.35  2.99  2.46  2.29  2.15  2.17  2.47  3.02  3.10  3.31     3.06  3.93  3.27  2.20  2.86
 30   10     2.34  3.35  4.17  4.41  4.79  4.68  4.13  3.76  3.43  3.00  2.27  1.99     3.53  2.56  4.46  4.19  2.90
 30   20     2.73  3.76  4.45  4.50  4.77  4.62  4.09  3.77  3.54  3.25  2.59  2.36     3.70  2.95  4.57  4.16  3.13
 30   30     3.07  4.11  4.65  4.51  4.67  4.47  3.97  3.71  3.58  3.44  2.85  2.67     3.81  3.29  4.61  4.05  3.29
 30   40     3.35  4.37  4.78  4.44  4.47  4.25  3.79  3.58  3.54  3.54  3.04  2.93     3.84  3.55  4.56  3.87  3.37
 30   50     3.55  4.55  4.83  4.29  4.21  3.97  3.55  3.40  3.44  3.56  3.15  3.11     3.80  3.74  4.44  3.64  3.38
 30   60     3.68  4.63  4.79  4.06  3.87  3.63  3.26  3.15  3.26  3.51  3.19  3.22     3.69  3.84  4.24  3.35  3.32
 30   70     3.72  4.62  4.66  3.76  3.48  3.24  2.94  2.87  3.03  3.37  3.15  3.25     3.51  3.86  3.96  3.02  3.18
 30   80     3.68  4.52  4.46  3.41  3.04  2.82  2.58  2.54  2.74  3.15  3.02  3.20     3.26  3.80  3.64  2.65  2.97
 30   90     3.55  4.32  4.20  3.01  2.59  2.40  2.21  2.20  2.41  2.86  2.83  3.06     2.97  3.65  3.27  2.27  2.70
 45   10     2.26  3.27  4.11  4.37  4.78  4.67  4.12  3.74  3.39  2.94  2.19  1.92     3.48  2.48  4.42  4.18  2.84
 45   20     2.57  3.60  4.32  4.44  4.75  4.60  4.07  3.73  3.47  3.14  2.45  2.21     3.61  2.80  4.50  4.13  3.02
 45   30     2.84  3.87  4.48  4.43  4.64  4.46  3.95  3.66  3.48  3.29  2.65  2.47     3.69  3.06  4.52  4.02  3.14
 45   40     3.05  4.08  4.57  4.35  4.46  4.25  3.77  3.53  3.43  3.36  2.79  2.66     3.69  3.27  4.46  3.85  3.19
 45   50     3.21  4.22  4.59  4.19  4.21  3.98  3.54  3.34  3.30  3.35  2.86  2.79     3.63  3.41  4.33  3.62  3.17
 45   60     3.29  4.28  4.54  3.98  3.90  3.66  3.27  3.11  3.13  3.27  2.86  2.87     3.51  3.48  4.14  3.35  3.09
 45   70     3.31  4.25  4.41  3.69  3.52  3.29  2.95  2.83  2.90  3.13  2.80  2.87     3.33  3.47  3.88  3.03  2.94
 45   80     3.25  4.13  4.23  3.37  3.13  2.91  2.62  2.53  2.63  2.92  2.68  2.80     3.10  3.40  3.58  2.69  2.74
 45   90     3.12  3.96  4.00  3.01  2.71  2.52  2.28  2.21  2.33  2.64  2.48  2.67     2.83  3.25  3.24  2.34  2.48
 60   10     2.15  3.16  4.02  4.32  4.76  4.66  4.11  3.72  3.34  2.86  2.10  1.82     3.42  2.38  4.37  4.16  2.77
 60   20     2.38  3.39  4.16  4.35  4.71  4.58  4.04  3.69  3.37  3.00  2.28  2.03     3.50  2.60  4.41  4.10  2.88
 60   30     2.56  3.59  4.25  4.32  4.60  4.43  3.92  3.60  3.35  3.08  2.40  2.21     3.53  2.79  4.39  3.98  2.95
 60   40     2.70  3.73  4.30  4.21  4.42  4.23  3.74  3.46  3.27  3.11  2.49  2.34     3.50  2.92  4.31  3.81  2.96
 60   50     2.79  3.81  4.28  4.06  4.18  3.97  3.51  3.27  3.14  3.08  2.52  2.42     3.42  3.00  4.17  3.59  2.91
 60   60     2.84  3.84  4.22  3.84  3.88  3.66  3.24  3.04  2.96  2.98  2.49  2.44     3.29  3.04  3.98  3.31  2.81
 60   70     2.83  3.80  4.11  3.59  3.55  3.33  2.95  2.78  2.75  2.83  2.41  2.43     3.11  3.02  3.75  3.02  2.66
 60   80     2.77  3.70  3.94  3.28  3.17  2.97  2.63  2.49  2.48  2.63  2.28  2.36     2.89  2.94  3.46  2.70  2.47
 60   90     2.65  3.56  3.75  2.97  2.79  2.59  2.31  2.19  2.21  2.38  2.11  2.23     2.65  2.81  3.17  2.36  2.23
 75   10     2.03  3.03  3.91  4.27  4.73  4.64  4.09  3.69  3.29  2.77  2.00  1.71     3.35  2.26  4.30  4.14  2.68
 75   20     2.15  3.15  3.97  4.24  4.66  4.55  4.01  3.63  3.27  2.83  2.08  1.83     3.36  2.38  4.29  4.06  2.72
 75   30     2.24  3.25  3.99  4.17  4.53  4.39  3.88  3.52  3.20  2.85  2.14  1.91     3.34  2.47  4.23  3.93  2.73
 75   40     2.31  3.33  3.98  4.04  4.34  4.18  3.69  3.37  3.10  2.82  2.15  1.98     3.27  2.54  4.12  3.75  2.69
 75   50     2.35  3.36  3.94  3.87  4.10  3.93  3.46  3.17  2.94  2.75  2.14  2.01     3.17  2.57  3.97  3.52  2.61
 75   60     2.36  3.35  3.86  3.67  3.82  3.64  3.20  2.95  2.77  2.65  2.09  2.00     3.03  2.57  3.78  3.26  2.50
 75   70     2.34  3.32  3.76  3.42  3.50  3.31  2.92  2.69  2.55  2.49  1.99  1.97     2.85  2.54  3.56  2.97  2.34
 75   80     2.29  3.23  3.62  3.15  3.16  2.97  2.61  2.42  2.32  2.32  1.88  1.90     2.66  2.47  3.31  2.67  2.17
 75   90     2.19  3.12  3.46  2.86  2.81  2.63  2.31  2.15  2.06  2.10  1.73  1.80     2.44  2.37  3.04  2.36  1.96
 90   10     1.91  2.89  3.80  4.20  4.70  4.63  4.08  3.65  3.22  2.67  1.88  1.59     3.27  2.13  4.24  4.12  2.59
 90   20     1.90  2.90  3.76  4.12  4.60  4.51  3.98  3.56  3.15  2.64  1.87  1.60     3.21  2.13  4.16  4.02  2.55
 90   30     1.92  2.90  3.71  3.99  4.44  4.34  3.82  3.43  3.03  2.59  1.84  1.61     3.13  2.14  4.05  3.86  2.49
 90   40     1.92  2.89  3.64  3.84  4.23  4.12  3.62  3.25  2.89  2.51  1.81  1.60     3.03  2.14  3.90  3.67  2.40
 90   50     1.92  2.89  3.55  3.65  3.98  3.86  3.39  3.05  2.73  2.41  1.75  1.60     2.90  2.14  3.73  3.43  2.30
 90   60     1.89  2.86  3.48  3.43  3.71  3.57  3.13  2.82  2.54  2.29  1.69  1.58     2.75  2.11  3.54  3.17  2.17
 90   70     1.88  2.82  3.36  3.21  3.41  3.26  2.85  2.58  2.33  2.15  1.59  1.53     2.58  2.08  3.33  2.90  2.02
 90   80     1.84  2.77  3.27  2.96  3.08  2.93  2.57  2.33  2.11  1.98  1.49  1.48     2.40  2.03  3.10  2.61  1.86
 90   90     1.77  2.69  3.13  2.70  2.75  2.61  2.27  2.06  1.89  1.81  1.37  1.40     2.20  1.95  2.86  2.31  1.69
105   10     1.78  2.75  3.69  4.14  4.66  4.61  4.06  3.62  3.16  2.57  1.77  1.47     3.19  2.00  4.17  4.09  2.50
105   20     1.67  2.63  3.54  3.99  4.53  4.47  3.94  3.50  3.02  2.44  1.66  1.38     3.06  1.89  4.02  3.97  2.37
105   30     1.59  2.53  3.40  3.81  4.33  4.27  3.76  3.33  2.86  2.31  1.56  1.31     2.92  1.81  3.85  3.79  2.24
105   40     1.54  2.46  3.27  3.60  4.09  4.03  3.54  3.13  2.68  2.19  1.47  1.26     2.77  1.75  3.66  3.57  2.11
105   50     1.51  2.41  3.17  3.39  3.83  3.75  3.30  2.91  2.48  2.06  1.39  1.22     2.62  1.71  3.46  3.32  1.98
105   60     1.48  2.38  3.06  3.18  3.54  3.46  3.03  2.68  2.30  1.92  1.31  1.19     2.46  1.68  3.26  3.06  1.84
105   70     1.47  2.34  2.98  2.95  3.24  3.15  2.76  2.44  2.10  1.80  1.22  1.14     2.30  1.65  3.06  2.78  1.71
105   80     1.45  2.32  2.90  2.72  2.94  2.84  2.48  2.20  1.89  1.64  1.13  1.11     2.14  1.63  2.85  2.51  1.56
105   90     1.42  2.28  2.82  2.50  2.64  2.53  2.21  1.96  1.70  1.51  1.05  1.06     1.97  1.59  2.65  2.23  1.42
120   10     1.66  2.61  3.59  4.08  4.63  4.59  4.04  3.59  3.10  2.47  1.66  1.35     3.11  1.87  4.10  4.07  2.41
120   20     1.44  2.36  3.34  3.86  4.45  4.43  3.90  3.43  2.90  2.25  1.45  1.17     2.92  1.66  3.88  3.92  2.20
120   30     1.29  2.17  3.10  3.62  4.21  4.21  3.70  3.23  2.68  2.05  1.28  1.04     2.71  1.50  3.64  3.71  2.00
120   40     1.21  2.04  2.91  3.36  3.93  3.93  3.45  3.00  2.46  1.87  1.15  0.96     2.52  1.40  3.40  3.46  1.83
120   50     1.17  1.97  2.76  3.11  3.63  3.62  3.19  2.75  2.25  1.71  1.06  0.91     2.34  1.35  3.16  3.19  1.68
120   60     1.14  1.94  2.66  2.87  3.33  3.31  2.91  2.51  2.04  1.59  0.99  0.87     2.18  1.32  2.95  2.91  1.54
120   70     1.15  1.92  2.60  2.66  3.03  3.00  2.64  2.28  1.85  1.47  0.92  0.85     2.03  1.30  2.76  2.64  1.41
120   80     1.16  1.93  2.54  2.46  2.73  2.70  2.37  2.05  1.68  1.35  0.85  0.83     1.89  1.31  2.58  2.37  1.29
120   90     1.16  1.94  2.52  2.26  2.46  2.41  2.11  1.82  1.50  1.23  0.79  0.81     1.75  1.30  2.41  2.12  1.18
135   10     1.55  2.49  3.50  4.03  4.60  4.58  4.02  3.56  3.05  2.38  1.56  1.25     3.05  1.76  4.04  4.05  2.33
135   20     1.24  2.13  3.15  3.75  4.39  4.40  3.87  3.37  2.79  2.08  1.27  0.97     2.78  1.45  3.77  3.88  2.05
135   30     1.04  1.84  2.82  3.44  4.10  4.14  3.64  3.13  2.52  1.80  1.04  0.80     2.53  1.23  3.45  3.64  1.79
135   40     0.94  1.66  2.56  3.11  3.76  3.82  3.37  2.86  2.25  1.57  0.89  0.71     2.29  1.10  3.15  3.35  1.57
135   50     0.91  1.58  2.39  2.81  3.40  3.48  3.07  2.59  2.00  1.40  0.81  0.68     2.09  1.06  2.87  3.04  1.40
135   60     0.92  1.57  2.29  2.57  3.07  3.13  2.77  2.33  1.80  1.28  0.75  0.66     1.93  1.05  2.64  2.74  1.28
135   70     0.95  1.59  2.25  2.36  2.77  2.82  2.49  2.10  1.63  1.18  0.70  0.66     1.79  1.06  2.46  2.47  1.17
135   80     0.97  1.63  2.23  2.18  2.50  2.53  2.24  1.89  1.48  1.09  0.67  0.65     1.67  1.09  2.31  2.22  1.08
135   90     1.01  1.68  2.25  2.03  2.25  2.25  2.00  1.69  1.33  1.01  0.63  0.65     1.56  1.11  2.18  1.98  0.99
150   10     1.46  2.40  3.43  3.98  4.58  4.56  4.01  3.54  3.01  2.31  1.49  1.17     3.00  1.68  4.00  4.04  2.27
150   20     1.07  1.93  3.00  3.66  4.34  4.38  3.84  3.33  2.71  1.93  1.11  0.81     2.68  1.27  3.67  3.85  1.92
150   30     0.82  1.55  2.58  3.29  4.02  4.10  3.61  3.06  2.38  1.57  0.83  0.61     2.37  0.99  3.29  3.59  1.59
150   40     0.78  1.34  2.24  2.88  3.62  3.76  3.31  2.75  2.05  1.30  0.70  0.59     2.11  0.90  2.92  3.27  1.35
150   50     0.81  1.29  2.04  2.52  3.18  3.35  2.96  2.43  1.77  1.13  0.66  0.59     1.90  0.90  2.58  2.92  1.19
150   60     0.84  1.32  1.98  2.25  2.79  2.94  2.62  2.15  1.58  1.04  0.63  0.59     1.73  0.92  2.34  2.57  1.08
150   70     0.88  1.38  1.98  2.06  2.48  2.60  2.33  1.92  1.43  0.98  0.60  0.60     1.61  0.95  2.17  2.29  1.00
150   80     0.93  1.45  2.00  1.92  2.23  2.32  2.09  1.73  1.31  0.92  0.58  0.60     1.51  0.99  2.05  2.05  0.93
150   90     0.97  1.52  2.06  1.81  2.02  2.08  1.87  1.56  1.19  0.86  0.55  0.61     1.43  1.03  1.96  1.84  0.87
165   10     1.41  2.33  3.39  3.96  4.56  4.56  4.00  3.53  2.99  2.27  1.44  1.11     2.96  1.62  3.97  4.03  2.23
165   20     0.95  1.78  2.90  3.61  4.31  4.36  3.83  3.31  2.66  1.83  1.00  0.71     2.60  1.15  3.61  3.83  1.83
165   30     0.75  1.31  2.41  3.20  3.97  4.08  3.59  3.03  2.29  1.39  0.69  0.59     2.27  0.88  3.19  3.56  1.46
165   40     0.78  1.13  1.97  2.74  3.56  3.73  3.28  2.70  1.90  1.06  0.66  0.59     2.01  0.83  2.75  3.24  1.21
165   50     0.81  1.19  1.76  2.26  3.09  3.32  2.93  2.33  1.57  0.97  0.65  0.59     1.79  0.86  2.37  2.86  1.06
165   60     0.84  1.25  1.76  1.96  2.57  2.86  2.54  1.98  1.39  0.92  0.62  0.59     1.61  0.90  2.09  2.46  0.98
165   70     0.88  1.33  1.82  1.81  2.21  2.41  2.19  1.76  1.29  0.88  0.60  0.60     1.48  0.94  1.95  2.12  0.92
165   80     0.93  1.41  1.89  1.72  1.99  2.14  1.96  1.61  1.20  0.84  0.57  0.60     1.40  0.98  1.87  1.90  0.87
165   90     0.97  1.49  1.97  1.64  1.82  1.93  1.76  1.47  1.11  0.79  0.55  0.61     1.34  1.02  1.81  1.72  0.82
180   10     1.38  2.31  3.37  3.95  4.56  4.55  4.00  3.53  2.98  2.25  1.42  1.09     2.95  1.59  3.96  4.03  2.21
180   20     0.91  1.73  2.87  3.59  4.30  4.35  3.82  3.30  2.65  1.79  0.96  0.67     2.58  1.10  3.59  3.83  1.80
180   30     0.75  1.21  2.35  3.17  3.95  4.07  3.58  3.02  2.27  1.31  0.68  0.59     2.25  0.85  3.16  3.56  1.42
180   40     0.78  1.13  1.81  2.70  3.54  3.72  3.27  2.69  1.85  0.99  0.66  0.59     1.98  0.83  2.68  3.23  1.17
180   50     0.81  1.19  1.65  2.19  3.06  3.31  2.92  2.31  1.41  0.95  0.65  0.59     1.75  0.86  2.30  2.85  1.00
180   60     0.84  1.25  1.72  1.77  2.53  2.84  2.52  1.91  1.31  0.92  0.62  0.59     1.57  0.90  2.01  2.43  0.95
180   70     0.88  1.33  1.79  1.68  2.08  2.34  2.13  1.70  1.24  0.88  0.60  0.60     1.44  0.94  1.85  2.06  0.91
180   80     0.93  1.41  1.87  1.62  1.88  2.07  1.90  1.56  1.17  0.83  0.57  0.60     1.37  0.98  1.79  1.84  0.86
180   90     0.97  1.49  1.96  1.56  1.73  1.87  1.72  1.43  1.09  0.79  0.55  0.61     1.31  1.02  1.75  1.67  0.81
             72.5  66.7  52.8  27.4  13.9   7.2   9.1  17.7  32.9  50.4  63.1  70.7     42.0  69.8  30.9  11.4  49.6
             4.10  5.02  5.05  4.57  4.80  4.69  4.14  3.80  3.67  3.74  3.52  3.54     4.22  4.22  4.69  4.20  3.58
             3.66  4.70  5.00  4.48  4.42  4.19  3.76  3.59  3.63  3.71  3.32  3.18     3.97  3.85  4.63  3.85  3.55
             1.12  1.07  1.01  1.02  1.09  1.12  1.10  1.06  1.01  1.01  1.06  1.11     1.06  1.10  1.04  1.09  1.03
             1.91  1.63  1.29  1.06  0.94  0.90  0.91  0.97  1.11  1.38  1.76  2.01     1.32  1.85  1.10  0.93  1.42
temperature  -7.1  -7.1  -2.6   3.4   8.5  12.1  15.7  18.1  15.2   9.3   2.6  -3.7      5.4  -6.0   3.1  15.3   9.0
diffusedrad  0.97  1.41  2.00  2.25  2.59  2.86  2.76  2.35  1.85  1.35  0.91  0.78     1.84  1.05  2.28  2.66  1.37
snow10cm     0.88  0.96  0.86  0.20  0.00  0.00  0.00  0.00  0.00  0.00  0.02  0.40     0.28  0.74  0.36  0.00  0.01
