2 18281   納沙布          43 23.6  145 45.5   12
             1.81  2.78  3.87  4.37  4.75  4.63  4.23  3.88  3.47  2.78  1.80  1.50     3.32  2.03  4.33  4.25  2.68
             2.07  3.28  4.38  4.92  5.59  5.79  5.48  4.88  4.20  3.17  2.18  1.76     3.51  2.29  4.85  4.91  2.99
             1.51  2.21  3.00  3.82  4.15  3.52  3.61  3.03  2.75  2.43  1.39  1.21     3.15  1.82  3.93  3.68  2.43
  0   10     2.27  3.30  4.25  4.57  4.81  4.64  4.26  3.98  3.69  3.15  2.19  1.91     3.59  2.49  4.54  4.29  3.01
  0   20     2.68  3.76  4.58  4.68  4.79  4.58  4.22  4.00  3.84  3.47  2.54  2.29     3.79  2.91  4.68  4.27  3.28
  0   30     3.04  4.13  4.81  4.70  4.68  4.43  4.10  3.95  3.92  3.71  2.82  2.62     3.91  3.26  4.73  4.16  3.48
  0   40     3.31  4.41  4.94  4.61  4.48  4.21  3.90  3.82  3.91  3.85  3.03  2.87     3.94  3.53  4.68  3.98  3.60
  0   50     3.51  4.58  4.96  4.43  4.19  3.91  3.65  3.62  3.81  3.91  3.17  3.06     3.90  3.72  4.52  3.72  3.63
  0   60     3.62  4.65  4.86  4.15  3.83  3.55  3.34  3.35  3.63  3.87  3.23  3.16     3.77  3.81  4.28  3.41  3.58
  0   70     3.63  4.60  4.66  3.78  3.40  3.14  2.97  3.03  3.37  3.74  3.20  3.18     3.56  3.81  3.95  3.04  3.44
  0   80     3.56  4.45  4.36  3.35  2.92  2.69  2.57  2.65  3.05  3.52  3.10  3.12     3.28  3.71  3.54  2.64  3.22
  0   90     3.39  4.19  3.97  2.85  2.41  2.23  2.16  2.24  2.66  3.21  2.92  2.98     2.93  3.52  3.08  2.21  2.93
 15   10     2.25  3.28  4.23  4.56  4.80  4.64  4.26  3.97  3.68  3.14  2.18  1.91     3.58  2.48  4.53  4.29  3.00
 15   20     2.65  3.72  4.55  4.67  4.79  4.58  4.21  3.99  3.82  3.46  2.51  2.27     3.77  2.88  4.67  4.26  3.26
 15   30     2.99  4.07  4.77  4.68  4.68  4.43  4.09  3.94  3.89  3.69  2.78  2.59     3.88  3.22  4.71  4.15  3.45
 15   40     3.26  4.34  4.88  4.60  4.48  4.21  3.91  3.81  3.88  3.83  2.98  2.84     3.92  3.48  4.66  3.98  3.56
 15   50     3.44  4.50  4.89  4.42  4.20  3.92  3.65  3.61  3.78  3.88  3.11  3.01     3.87  3.65  4.50  3.73  3.59
 15   60     3.54  4.55  4.79  4.14  3.83  3.56  3.34  3.34  3.59  3.84  3.15  3.11     3.73  3.73  4.25  3.41  3.53
 15   70     3.55  4.50  4.58  3.79  3.42  3.16  2.98  3.03  3.34  3.70  3.12  3.13     3.52  3.73  3.93  3.06  3.39
 15   80     3.47  4.34  4.28  3.37  2.95  2.72  2.59  2.66  3.02  3.48  3.02  3.07     3.25  3.63  3.53  2.66  3.17
 15   90     3.30  4.08  3.90  2.88  2.46  2.27  2.19  2.27  2.64  3.17  2.83  2.93     2.91  3.44  3.08  2.24  2.88
 30   10     2.20  3.23  4.19  4.54  4.79  4.63  4.25  3.96  3.65  3.11  2.14  1.87     3.55  2.43  4.51  4.28  2.96
 30   20     2.56  3.61  4.46  4.63  4.77  4.57  4.20  3.97  3.77  3.39  2.43  2.20     3.71  2.79  4.62  4.25  3.20
 30   30     2.85  3.92  4.64  4.64  4.66  4.43  4.09  3.91  3.82  3.59  2.66  2.48     3.81  3.08  4.65  4.14  3.36
 30   40     3.08  4.14  4.74  4.54  4.47  4.21  3.90  3.78  3.79  3.70  2.83  2.69     3.82  3.31  4.58  3.96  3.44
 30   50     3.23  4.27  4.73  4.37  4.20  3.93  3.65  3.59  3.68  3.73  2.92  2.84     3.76  3.45  4.43  3.72  3.44
 30   60     3.30  4.30  4.61  4.11  3.86  3.59  3.35  3.33  3.50  3.67  2.95  2.92     3.63  3.51  4.19  3.42  3.38
 30   70     3.29  4.23  4.40  3.76  3.46  3.21  3.01  3.02  3.25  3.53  2.90  2.92     3.42  3.48  3.88  3.08  3.23
 30   80     3.20  4.06  4.11  3.37  3.03  2.79  2.64  2.68  2.94  3.31  2.78  2.85     3.15  3.37  3.50  2.70  3.01
 30   90     3.03  3.80  3.75  2.92  2.57  2.38  2.26  2.31  2.58  3.01  2.59  2.70     2.83  3.18  3.08  2.32  2.73
 45   10     2.13  3.14  4.12  4.50  4.78  4.63  4.24  3.94  3.61  3.05  2.07  1.80     3.50  2.36  4.46  4.27  2.91
 45   20     2.41  3.46  4.33  4.57  4.74  4.56  4.19  3.93  3.70  3.27  2.30  2.07     3.63  2.65  4.54  4.23  3.09
 45   30     2.63  3.70  4.47  4.55  4.62  4.42  4.07  3.86  3.71  3.42  2.48  2.29     3.69  2.87  4.55  4.11  3.21
 45   40     2.80  3.86  4.51  4.46  4.43  4.21  3.88  3.73  3.67  3.51  2.60  2.45     3.68  3.04  4.47  3.94  3.26
 45   50     2.91  3.95  4.47  4.27  4.17  3.94  3.64  3.53  3.54  3.51  2.66  2.56     3.60  3.14  4.30  3.70  3.24
 45   60     2.94  3.95  4.36  4.03  3.86  3.63  3.36  3.29  3.36  3.42  2.65  2.60     3.45  3.16  4.08  3.42  3.15
 45   70     2.91  3.87  4.15  3.70  3.48  3.26  3.03  2.99  3.12  3.28  2.59  2.58     3.25  3.12  3.78  3.09  3.00
 45   80     2.80  3.69  3.87  3.34  3.09  2.88  2.69  2.67  2.82  3.06  2.47  2.49     2.99  3.00  3.43  2.75  2.78
 45   90     2.63  3.46  3.54  2.93  2.67  2.50  2.34  2.33  2.50  2.78  2.29  2.35     2.69  2.81  3.04  2.39  2.52
 60   10     2.03  3.04  4.02  4.45  4.75  4.62  4.23  3.91  3.55  2.97  1.99  1.71     3.44  2.26  4.41  4.25  2.84
 60   20     2.22  3.25  4.16  4.48  4.69  4.54  4.16  3.88  3.59  3.12  2.15  1.90     3.51  2.46  4.44  4.19  2.95
 60   30     2.38  3.42  4.22  4.43  4.56  4.39  4.03  3.79  3.58  3.21  2.26  2.05     3.53  2.62  4.41  4.07  3.02
 60   40     2.47  3.52  4.23  4.31  4.37  4.19  3.85  3.64  3.49  3.24  2.33  2.16     3.48  2.72  4.30  3.89  3.02
 60   50     2.52  3.55  4.16  4.13  4.12  3.93  3.62  3.45  3.36  3.22  2.35  2.21     3.39  2.76  4.14  3.67  2.98
 60   60     2.52  3.53  4.02  3.88  3.81  3.63  3.34  3.21  3.17  3.12  2.32  2.21     3.23  2.75  3.90  3.39  2.87
 60   70     2.46  3.44  3.83  3.59  3.48  3.29  3.04  2.94  2.94  2.97  2.23  2.17     3.03  2.69  3.63  3.09  2.71
 60   80     2.35  3.27  3.57  3.24  3.10  2.94  2.71  2.63  2.67  2.77  2.11  2.09     2.79  2.57  3.30  2.76  2.52
 60   90     2.19  3.06  3.29  2.89  2.72  2.57  2.37  2.32  2.37  2.51  1.95  1.95     2.51  2.40  2.96  2.42  2.28
 75   10     1.91  2.91  3.92  4.39  4.72  4.60  4.21  3.87  3.49  2.87  1.90  1.61     3.37  2.15  4.34  4.23  2.75
 75   20     2.01  3.02  3.96  4.36  4.63  4.51  4.13  3.82  3.47  2.94  1.97  1.71     3.38  2.25  4.32  4.15  2.79
 75   30     2.07  3.09  3.95  4.28  4.49  4.35  3.99  3.71  3.40  2.96  2.02  1.78     3.34  2.31  4.24  4.02  2.79
 75   40     2.11  3.13  3.89  4.14  4.28  4.14  3.80  3.55  3.30  2.95  2.02  1.83     3.26  2.36  4.10  3.83  2.76
 75   50     2.11  3.12  3.80  3.93  4.03  3.90  3.56  3.34  3.14  2.88  2.01  1.84     3.14  2.36  3.92  3.60  2.67
 75   60     2.07  3.05  3.64  3.70  3.74  3.60  3.30  3.11  2.96  2.77  1.96  1.81     2.98  2.31  3.69  3.34  2.56
 75   70     2.01  2.97  3.46  3.42  3.40  3.28  3.00  2.84  2.72  2.61  1.86  1.75     2.78  2.24  3.43  3.04  2.40
 75   80     1.90  2.82  3.23  3.11  3.07  2.95  2.70  2.56  2.48  2.43  1.75  1.67     2.56  2.13  3.14  2.73  2.22
 75   90     1.76  2.64  2.98  2.78  2.71  2.61  2.39  2.27  2.20  2.21  1.60  1.55     2.31  1.98  2.82  2.42  2.01
 90   10     1.80  2.77  3.80  4.32  4.68  4.58  4.19  3.84  3.42  2.76  1.80  1.50     3.29  2.02  4.27  4.21  2.66
 90   20     1.78  2.77  3.73  4.23  4.56  4.47  4.09  3.74  3.34  2.74  1.78  1.51     3.23  2.02  4.18  4.10  2.62
 90   30     1.77  2.74  3.65  4.09  4.39  4.30  3.93  3.60  3.22  2.69  1.75  1.51     3.14  2.01  4.04  3.95  2.55
 90   40     1.74  2.70  3.53  3.92  4.16  4.08  3.73  3.42  3.07  2.61  1.72  1.49     3.01  1.98  3.87  3.75  2.47
 90   50     1.70  2.65  3.39  3.71  3.89  3.82  3.49  3.21  2.90  2.52  1.66  1.47     2.87  1.94  3.66  3.51  2.36
 90   60     1.63  2.57  3.24  3.45  3.61  3.54  3.23  2.97  2.70  2.39  1.59  1.42     2.69  1.88  3.43  3.24  2.23
 90   70     1.57  2.48  3.04  3.20  3.30  3.23  2.94  2.72  2.49  2.25  1.50  1.35     2.50  1.80  3.18  2.96  2.08
 90   80     1.48  2.36  2.86  2.91  2.96  2.90  2.65  2.45  2.25  2.07  1.39  1.28     2.30  1.71  2.91  2.67  1.91
 90   90     1.36  2.21  2.64  2.61  2.64  2.58  2.35  2.18  2.02  1.90  1.28  1.19     2.08  1.59  2.63  2.37  1.73
105   10     1.68  2.63  3.68  4.25  4.65  4.56  4.17  3.80  3.35  2.65  1.69  1.39     3.21  1.90  4.19  4.18  2.56
105   20     1.56  2.50  3.50  4.09  4.49  4.43  4.05  3.67  3.20  2.52  1.59  1.30     3.08  1.79  4.03  4.05  2.44
105   30     1.46  2.38  3.32  3.89  4.27  4.24  3.87  3.49  3.02  2.40  1.50  1.23     2.92  1.69  3.83  3.87  2.31
105   40     1.39  2.28  3.15  3.67  4.01  3.99  3.65  3.28  2.83  2.27  1.41  1.17     2.76  1.61  3.61  3.64  2.17
105   50     1.32  2.18  2.97  3.43  3.73  3.72  3.39  3.05  2.63  2.14  1.33  1.12     2.59  1.54  3.38  3.39  2.03
105   60     1.25  2.10  2.79  3.18  3.43  3.43  3.12  2.81  2.43  2.00  1.25  1.07     2.40  1.47  3.13  3.12  1.90
105   70     1.18  2.00  2.64  2.92  3.13  3.13  2.84  2.56  2.22  1.87  1.17  1.00     2.22  1.40  2.89  2.84  1.75
105   80     1.12  1.92  2.46  2.66  2.82  2.82  2.56  2.31  2.01  1.72  1.08  0.95     2.04  1.33  2.65  2.56  1.60
105   90     1.03  1.82  2.30  2.40  2.51  2.51  2.28  2.06  1.81  1.58  0.99  0.88     1.85  1.24  2.40  2.28  1.46
120   10     1.56  2.50  3.57  4.19  4.61  4.55  4.15  3.77  3.28  2.55  1.60  1.29     3.13  1.78  4.12  4.16  2.47
120   20     1.35  2.24  3.28  3.96  4.41  4.39  4.01  3.60  3.06  2.32  1.40  1.11     2.93  1.57  3.88  4.00  2.26
120   30     1.19  2.02  3.00  3.69  4.15  4.17  3.80  3.38  2.83  2.11  1.25  0.98     2.71  1.40  3.61  3.78  2.06
120   40     1.07  1.86  2.75  3.40  3.85  3.90  3.55  3.13  2.59  1.93  1.13  0.89     2.50  1.28  3.33  3.53  1.88
120   50     0.99  1.75  2.54  3.12  3.53  3.60  3.27  2.88  2.36  1.77  1.04  0.83     2.31  1.19  3.06  3.25  1.72
120   60     0.93  1.67  2.37  2.85  3.21  3.28  2.99  2.62  2.15  1.64  0.96  0.78     2.12  1.12  2.81  2.97  1.58
120   70     0.88  1.58  2.22  2.61  2.91  2.98  2.71  2.38  1.95  1.51  0.89  0.73     1.95  1.06  2.58  2.69  1.45
120   80     0.84  1.53  2.08  2.37  2.61  2.68  2.43  2.14  1.77  1.40  0.82  0.69     1.78  1.02  2.35  2.42  1.33
120   90     0.79  1.47  1.97  2.13  2.34  2.40  2.17  1.91  1.58  1.28  0.76  0.64     1.62  0.97  2.15  2.16  1.21
135   10     1.46  2.38  3.47  4.13  4.59  4.53  4.14  3.74  3.22  2.45  1.51  1.19     3.07  1.68  4.06  4.14  2.40
135   20     1.16  2.01  3.08  3.84  4.35  4.36  3.98  3.53  2.94  2.13  1.24  0.94     2.80  1.37  3.76  3.96  2.10
135   30     0.94  1.71  2.70  3.49  4.04  4.11  3.74  3.27  2.64  1.84  1.03  0.76     2.52  1.14  3.41  3.71  1.84
135   40     0.82  1.49  2.38  3.13  3.69  3.80  3.46  2.98  2.34  1.61  0.89  0.67     2.27  0.99  3.07  3.41  1.61
135   50     0.76  1.37  2.14  2.80  3.31  3.46  3.15  2.69  2.09  1.43  0.80  0.62     2.05  0.91  2.75  3.10  1.44
135   60     0.72  1.30  1.97  2.52  2.97  3.11  2.84  2.42  1.87  1.31  0.75  0.58     1.86  0.87  2.48  2.79  1.31
135   70     0.69  1.25  1.84  2.28  2.66  2.80  2.56  2.17  1.69  1.21  0.69  0.56     1.70  0.83  2.26  2.51  1.20
135   80     0.66  1.24  1.75  2.06  2.38  2.51  2.29  1.96  1.53  1.12  0.65  0.53     1.56  0.81  2.06  2.25  1.10
135   90     0.64  1.21  1.68  1.88  2.13  2.24  2.05  1.76  1.38  1.04  0.61  0.50     1.43  0.78  1.90  2.02  1.01
150   10     1.38  2.29  3.40  4.09  4.57  4.52  4.13  3.71  3.18  2.38  1.44  1.12     3.02  1.60  4.02  4.12  2.33
150   20     0.99  1.81  2.92  3.74  4.31  4.34  3.95  3.48  2.85  1.98  1.10  0.79     2.69  1.20  3.66  3.92  1.98
150   30     0.74  1.42  2.44  3.33  3.97  4.07  3.70  3.19  2.48  1.60  0.84  0.59     2.36  0.92  3.25  3.66  1.64
150   40     0.66  1.17  2.03  2.88  3.56  3.73  3.39  2.86  2.12  1.31  0.71  0.55     2.08  0.79  2.82  3.33  1.38
150   50     0.65  1.07  1.76  2.48  3.10  3.33  3.03  2.51  1.82  1.14  0.67  0.54     1.84  0.75  2.45  2.96  1.21
150   60     0.64  1.05  1.62  2.17  2.70  2.93  2.68  2.21  1.61  1.05  0.64  0.52     1.65  0.73  2.16  2.61  1.10
150   70     0.63  1.05  1.54  1.95  2.38  2.59  2.38  1.98  1.46  0.99  0.61  0.50     1.50  0.72  1.96  2.32  1.02
150   80     0.61  1.05  1.49  1.78  2.13  2.31  2.13  1.78  1.34  0.92  0.58  0.48     1.38  0.71  1.80  2.08  0.94
150   90     0.60  1.05  1.47  1.64  1.91  2.07  1.91  1.61  1.22  0.88  0.54  0.46     1.28  0.70  1.67  1.86  0.88
165   10     1.32  2.23  3.35  4.06  4.55  4.51  4.12  3.70  3.15  2.33  1.40  1.07     2.98  1.54  3.99  4.11  2.29
165   20     0.88  1.67  2.81  3.68  4.29  4.32  3.94  3.46  2.79  1.87  1.00  0.69     2.62  1.08  3.59  3.91  1.88
165   30     0.67  1.18  2.25  3.23  3.94  4.05  3.68  3.15  2.38  1.40  0.71  0.56     2.27  0.80  3.14  3.63  1.50
165   40     0.66  0.95  1.73  2.72  3.51  3.71  3.37  2.79  1.95  1.06  0.68  0.55     1.97  0.72  2.65  3.29  1.23
165   50     0.65  0.96  1.45  2.19  3.02  3.30  3.00  2.39  1.59  0.95  0.66  0.54     1.73  0.72  2.22  2.90  1.07
165   60     0.64  0.97  1.38  1.85  2.49  2.84  2.59  2.01  1.40  0.91  0.63  0.52     1.52  0.71  1.91  2.48  0.98
165   70     0.63  0.99  1.36  1.67  2.12  2.40  2.22  1.79  1.29  0.88  0.60  0.50     1.37  0.70  1.72  2.14  0.93
165   80     0.61  1.00  1.36  1.55  1.90  2.14  1.99  1.63  1.21  0.83  0.57  0.48     1.27  0.70  1.60  1.92  0.87
165   90     0.60  1.01  1.36  1.45  1.73  1.92  1.79  1.49  1.12  0.79  0.54  0.46     1.19  0.69  1.51  1.73  0.82
180   10     1.30  2.20  3.34  4.05  4.55  4.51  4.12  3.70  3.14  2.31  1.38  1.05     2.97  1.52  3.98  4.11  2.28
180   20     0.84  1.62  2.78  3.66  4.28  4.32  3.93  3.46  2.77  1.82  0.96  0.66     2.59  1.04  3.57  3.90  1.85
180   30     0.67  1.08  2.18  3.19  3.93  4.04  3.67  3.15  2.35  1.32  0.70  0.56     2.24  0.77  3.10  3.62  1.46
180   40     0.66  0.95  1.56  2.68  3.50  3.69  3.36  2.79  1.89  0.97  0.68  0.55     1.94  0.72  2.58  3.28  1.18
180   50     0.65  0.96  1.32  2.12  3.02  3.28  2.98  2.38  1.41  0.94  0.66  0.54     1.69  0.72  2.15  2.88  1.00
180   60     0.64  0.97  1.32  1.64  2.48  2.83  2.57  1.95  1.30  0.91  0.63  0.52     1.48  0.71  1.82  2.45  0.95
180   70     0.63  0.99  1.33  1.52  2.02  2.34  2.15  1.72  1.24  0.87  0.60  0.50     1.33  0.70  1.62  2.07  0.90
180   80     0.61  1.00  1.33  1.43  1.82  2.06  1.93  1.58  1.17  0.83  0.57  0.48     1.23  0.70  1.53  1.85  0.86
180   90     0.60  1.01  1.34  1.35  1.67  1.86  1.75  1.45  1.10  0.79  0.54  0.46     1.16  0.69  1.45  1.68  0.81
             66.7  61.0  46.6  26.2  12.9   7.2   9.5  18.2  33.6  50.9  62.0  67.7     39.5  64.8  29.5  11.6  48.7
             3.64  4.65  4.96  4.70  4.81  4.64  4.26  4.00  3.92  3.91  3.23  3.19     4.16  3.82  4.73  4.29  3.63
             3.30  4.39  4.93  4.62  4.49  4.22  3.92  3.83  3.91  3.85  3.02  2.86     3.95  3.52  4.68  3.99  3.59
             1.10  1.06  1.01  1.02  1.07  1.10  1.09  1.04  1.00  1.02  1.07  1.12     1.06  1.09  1.03  1.08  1.03
             1.82  1.58  1.27  1.06  0.95  0.91  0.93  0.98  1.13  1.38  1.68  1.91     1.30  1.77  1.09  0.94  1.40
temperature  -3.5  -4.2  -1.6   2.7   6.4   9.6  13.3  16.4  15.4  11.3   5.3  -0.4      5.9  -2.7   2.5  13.1  10.7
diffusedrad  0.90  1.30  1.83  2.20  2.59  2.86  2.77  2.37  1.87  1.35  0.92  0.75     1.81  0.98  2.21  2.67  1.38
snow10cm     0.18  0.39  0.31  0.02  0.00  0.00  0.00  0.00  0.00  0.00  0.00  0.05     0.08  0.20  0.11  0.00  0.00
