2 20421   芽室            42   54  143  2.6   90
             2.04  3.06  4.18  4.59  4.96  4.80  4.20  3.87  3.41  2.85  2.02  1.69     3.47  2.26  4.58  4.29  2.76
             2.38  3.42  4.60  5.12  5.76  6.19  5.52  4.71  4.22  3.21  2.30  2.00     3.67  2.47  5.00  5.12  3.06
             1.77  2.53  3.38  4.10  4.24  3.30  3.39  3.09  2.60  2.39  1.58  1.50     3.16  1.97  4.22  3.43  2.46
  0   10     2.57  3.60  4.60  4.81  5.04  4.81  4.23  3.95  3.63  3.24  2.49  2.18     3.76  2.78  4.82  4.33  3.12
  0   20     3.06  4.10  4.98  4.94  5.02  4.75  4.18  3.97  3.77  3.56  2.91  2.63     3.99  3.27  4.98  4.30  3.42
  0   30     3.49  4.53  5.26  4.96  4.90  4.59  4.06  3.91  3.84  3.81  3.25  3.02     4.13  3.68  5.04  4.19  3.63
  0   40     3.85  4.86  5.44  4.87  4.68  4.34  3.87  3.78  3.82  3.96  3.52  3.34     4.19  4.02  5.00  4.00  3.76
  0   50     4.12  5.10  5.52  4.68  4.37  4.03  3.61  3.58  3.72  4.01  3.69  3.58     4.17  4.27  4.85  3.74  3.81
  0   60     4.30  5.22  5.48  4.39  3.98  3.65  3.30  3.31  3.53  3.97  3.77  3.73     4.05  4.42  4.62  3.42  3.76
  0   70     4.38  5.24  5.34  4.02  3.52  3.21  2.94  2.99  3.28  3.83  3.76  3.79     3.86  4.47  4.29  3.04  3.62
  0   80     4.35  5.14  5.08  3.56  3.00  2.74  2.54  2.62  2.96  3.60  3.64  3.76     3.58  4.42  3.88  2.63  3.40
  0   90     4.23  4.93  4.74  3.04  2.47  2.25  2.13  2.21  2.58  3.28  3.44  3.63     3.24  4.26  3.42  2.19  3.10
 15   10     2.55  3.59  4.58  4.80  5.04  4.81  4.22  3.94  3.62  3.23  2.47  2.17     3.75  2.77  4.81  4.33  3.11
 15   20     3.02  4.08  4.94  4.92  5.01  4.74  4.18  3.96  3.76  3.54  2.87  2.60     3.97  3.23  4.96  4.29  3.39
 15   30     3.43  4.49  5.21  4.95  4.89  4.58  4.06  3.91  3.82  3.78  3.19  2.98     4.11  3.63  5.01  4.18  3.60
 15   40     3.77  4.81  5.37  4.86  4.68  4.35  3.87  3.78  3.80  3.92  3.44  3.29     4.16  3.96  4.97  4.00  3.72
 15   50     4.03  5.04  5.43  4.67  4.38  4.04  3.61  3.57  3.70  3.97  3.60  3.52     4.13  4.20  4.83  3.74  3.76
 15   60     4.19  5.16  5.38  4.38  4.00  3.66  3.30  3.31  3.52  3.92  3.67  3.66     4.01  4.34  4.59  3.43  3.70
 15   70     4.26  5.17  5.24  4.02  3.55  3.23  2.95  2.99  3.27  3.77  3.64  3.72     3.82  4.38  4.27  3.06  3.56
 15   80     4.23  5.06  4.99  3.58  3.04  2.77  2.56  2.63  2.95  3.54  3.52  3.68     3.55  4.33  3.87  2.65  3.34
 15   90     4.11  4.86  4.65  3.07  2.52  2.30  2.15  2.24  2.59  3.22  3.31  3.55     3.21  4.17  3.41  2.23  3.04
 30   10     2.49  3.53  4.53  4.77  5.03  4.81  4.22  3.93  3.60  3.19  2.42  2.12     3.72  2.71  4.78  4.32  3.07
 30   20     2.91  3.97  4.84  4.88  5.00  4.74  4.17  3.94  3.72  3.47  2.76  2.51     3.91  3.13  4.91  4.28  3.32
 30   30     3.27  4.34  5.07  4.89  4.89  4.59  4.05  3.88  3.77  3.67  3.04  2.84     4.02  3.48  4.95  4.17  3.49
 30   40     3.56  4.62  5.21  4.80  4.68  4.35  3.86  3.74  3.74  3.78  3.24  3.11     4.06  3.76  4.90  3.99  3.59
 30   50     3.77  4.80  5.25  4.62  4.40  4.06  3.62  3.55  3.63  3.81  3.36  3.31     4.02  3.96  4.76  3.74  3.60
 30   60     3.91  4.89  5.18  4.34  4.04  3.70  3.31  3.29  3.45  3.75  3.40  3.42     3.89  4.07  4.52  3.43  3.53
 30   70     3.95  4.88  5.03  4.00  3.62  3.30  2.98  2.99  3.20  3.59  3.35  3.46     3.70  4.10  4.22  3.09  3.38
 30   80     3.91  4.77  4.80  3.58  3.15  2.87  2.61  2.64  2.90  3.36  3.22  3.40     3.43  4.03  3.84  2.71  3.16
 30   90     3.78  4.56  4.47  3.12  2.67  2.42  2.23  2.28  2.55  3.04  3.01  3.27     3.12  3.87  3.42  2.31  2.87
 45   10     2.40  3.44  4.45  4.73  5.02  4.80  4.21  3.91  3.56  3.12  2.34  2.04     3.67  2.63  4.73  4.30  3.01
 45   20     2.73  3.80  4.69  4.81  4.99  4.72  4.15  3.90  3.65  3.34  2.61  2.35     3.81  2.96  4.83  4.26  3.20
 45   30     3.01  4.08  4.87  4.80  4.87  4.58  4.03  3.83  3.68  3.50  2.83  2.62     3.89  3.24  4.84  4.14  3.33
 45   40     3.24  4.31  4.95  4.70  4.68  4.36  3.85  3.69  3.63  3.58  2.97  2.82     3.90  3.46  4.78  3.96  3.39
 45   50     3.40  4.45  4.97  4.51  4.40  4.07  3.61  3.49  3.51  3.56  3.04  2.97     3.83  3.61  4.63  3.72  3.37
 45   60     3.49  4.51  4.90  4.26  4.08  3.74  3.32  3.25  3.34  3.49  3.05  3.04     3.71  3.68  4.41  3.44  3.29
 45   70     3.51  4.47  4.74  3.92  3.69  3.37  3.00  2.96  3.10  3.33  2.98  3.05     3.51  3.68  4.12  3.11  3.14
 45   80     3.44  4.36  4.53  3.55  3.27  2.96  2.65  2.64  2.81  3.10  2.85  2.98     3.26  3.60  3.78  2.75  2.92
 45   90     3.31  4.18  4.24  3.12  2.83  2.56  2.31  2.30  2.49  2.81  2.64  2.85     2.97  3.45  3.40  2.39  2.65
 60   10     2.28  3.33  4.34  4.68  4.99  4.79  4.20  3.88  3.52  3.04  2.24  1.94     3.60  2.52  4.67  4.29  2.93
 60   20     2.52  3.57  4.51  4.71  4.95  4.71  4.13  3.85  3.56  3.19  2.42  2.16     3.69  2.75  4.72  4.23  3.06
 60   30     2.71  3.78  4.60  4.67  4.83  4.55  4.00  3.76  3.55  3.28  2.56  2.34     3.72  2.95  4.70  4.10  3.13
 60   40     2.86  3.92  4.65  4.54  4.63  4.34  3.81  3.61  3.48  3.31  2.65  2.48     3.69  3.09  4.61  3.92  3.15
 60   50     2.96  4.01  4.62  4.36  4.38  4.07  3.58  3.42  3.36  3.27  2.67  2.56     3.61  3.18  4.45  3.69  3.10
 60   60     3.01  4.04  4.55  4.11  4.07  3.75  3.31  3.18  3.17  3.16  2.64  2.60     3.46  3.22  4.24  3.41  2.99
 60   70     3.00  4.00  4.40  3.81  3.71  3.40  3.00  2.90  2.95  3.01  2.56  2.58     3.28  3.19  3.97  3.10  2.84
 60   80     2.93  3.89  4.20  3.46  3.32  3.03  2.68  2.60  2.68  2.79  2.42  2.51     3.04  3.11  3.66  2.77  2.63
 60   90     2.82  3.75  3.97  3.08  2.91  2.65  2.35  2.28  2.39  2.53  2.23  2.38     2.78  2.98  3.32  2.43  2.38
 75   10     2.16  3.19  4.23  4.62  4.96  4.77  4.18  3.85  3.46  2.94  2.13  1.82     3.52  2.39  4.60  4.26  2.84
 75   20     2.28  3.32  4.29  4.58  4.89  4.68  4.09  3.79  3.45  3.00  2.21  1.94     3.54  2.51  4.59  4.18  2.89
 75   30     2.37  3.41  4.31  4.50  4.76  4.51  3.95  3.67  3.39  3.02  2.27  2.02     3.52  2.60  4.52  4.05  2.89
 75   40     2.45  3.50  4.28  4.36  4.56  4.29  3.76  3.51  3.30  2.99  2.28  2.10     3.45  2.68  4.40  3.86  2.86
 75   50     2.48  3.52  4.23  4.15  4.30  4.03  3.53  3.31  3.15  2.92  2.27  2.13     3.34  2.71  4.23  3.62  2.78
 75   60     2.50  3.52  4.12  3.91  4.01  3.73  3.27  3.08  2.97  2.81  2.21  2.12     3.19  2.72  4.01  3.36  2.66
 75   70     2.48  3.48  4.00  3.62  3.67  3.40  2.97  2.81  2.76  2.64  2.11  2.10     3.00  2.69  3.77  3.06  2.50
 75   80     2.42  3.39  3.82  3.30  3.31  3.04  2.66  2.52  2.51  2.46  1.99  2.03     2.79  2.61  3.48  2.74  2.32
 75   90     2.33  3.29  3.65  2.97  2.94  2.69  2.36  2.24  2.25  2.22  1.82  1.93     2.56  2.51  3.19  2.43  2.10
 90   10     2.02  3.04  4.10  4.54  4.93  4.75  4.16  3.81  3.39  2.83  2.00  1.69     3.44  2.25  4.53  4.24  2.74
 90   20     2.02  3.04  4.04  4.45  4.83  4.64  4.06  3.71  3.33  2.79  1.99  1.70     3.38  2.25  4.44  4.14  2.70
 90   30     2.02  3.04  3.97  4.30  4.66  4.46  3.90  3.57  3.22  2.74  1.96  1.71     3.30  2.26  4.31  3.98  2.64
 90   40     2.02  3.02  3.89  4.12  4.44  4.23  3.70  3.39  3.08  2.66  1.91  1.71     3.18  2.25  4.15  3.77  2.55
 90   50     2.02  3.02  3.79  3.90  4.18  3.96  3.46  3.18  2.93  2.55  1.85  1.70     3.04  2.25  3.96  3.53  2.44
 90   60     2.00  2.98  3.69  3.65  3.88  3.66  3.19  2.94  2.74  2.42  1.78  1.67     2.88  2.22  3.74  3.26  2.31
 90   70     1.99  2.96  3.56  3.38  3.57  3.35  2.91  2.69  2.53  2.26  1.67  1.64     2.71  2.19  3.50  2.98  2.15
 90   80     1.94  2.89  3.43  3.09  3.23  3.01  2.62  2.42  2.31  2.09  1.57  1.59     2.52  2.14  3.25  2.69  1.99
 90   90     1.89  2.82  3.27  2.78  2.88  2.67  2.32  2.15  2.07  1.90  1.44  1.51     2.31  2.07  2.98  2.38  1.80
105   10     1.89  2.88  3.98  4.47  4.89  4.74  4.14  3.77  3.32  2.72  1.88  1.57     3.35  2.11  4.45  4.22  2.64
105   20     1.77  2.75  3.80  4.30  4.75  4.59  4.02  3.64  3.19  2.59  1.76  1.47     3.22  1.99  4.28  4.09  2.51
105   30     1.68  2.64  3.62  4.08  4.54  4.39  3.84  3.46  3.04  2.44  1.65  1.39     3.06  1.91  4.08  3.90  2.38
105   40     1.62  2.57  3.47  3.84  4.29  4.14  3.62  3.25  2.86  2.31  1.55  1.34     2.90  1.84  3.87  3.67  2.24
105   50     1.59  2.51  3.34  3.60  4.01  3.85  3.36  3.02  2.67  2.17  1.45  1.30     2.74  1.80  3.65  3.41  2.10
105   60     1.55  2.48  3.22  3.35  3.71  3.54  3.09  2.78  2.48  2.02  1.38  1.26     2.57  1.76  3.42  3.14  1.96
105   70     1.55  2.44  3.10  3.08  3.39  3.23  2.81  2.53  2.28  1.89  1.28  1.23     2.40  1.74  3.19  2.86  1.81
105   80     1.53  2.42  3.01  2.81  3.08  2.92  2.53  2.28  2.06  1.73  1.19  1.20     2.23  1.72  2.96  2.58  1.66
105   90     1.51  2.38  2.90  2.56  2.76  2.60  2.25  2.04  1.87  1.58  1.10  1.15     2.06  1.68  2.74  2.30  1.52
120   10     1.75  2.74  3.86  4.40  4.86  4.72  4.12  3.74  3.26  2.62  1.76  1.45     3.27  1.98  4.37  4.19  2.54
120   20     1.52  2.47  3.56  4.15  4.67  4.55  3.98  3.57  3.06  2.38  1.53  1.25     3.06  1.75  4.13  4.03  2.33
120   30     1.36  2.26  3.28  3.86  4.41  4.32  3.77  3.35  2.85  2.16  1.35  1.10     2.84  1.57  3.85  3.81  2.12
120   40     1.26  2.12  3.05  3.56  4.11  4.03  3.52  3.11  2.62  1.96  1.21  1.02     2.63  1.47  3.58  3.55  1.93
120   50     1.22  2.03  2.87  3.27  3.79  3.71  3.25  2.85  2.41  1.79  1.11  0.97     2.44  1.41  3.31  3.27  1.77
120   60     1.20  2.00  2.75  2.99  3.48  3.39  2.97  2.60  2.21  1.65  1.03  0.93     2.27  1.38  3.07  2.98  1.63
120   70     1.21  1.99  2.66  2.74  3.16  3.07  2.69  2.35  2.01  1.52  0.95  0.92     2.11  1.37  2.86  2.70  1.49
120   80     1.22  2.00  2.59  2.51  2.86  2.76  2.41  2.12  1.83  1.39  0.89  0.91     1.96  1.38  2.65  2.43  1.37
120   90     1.23  2.01  2.55  2.27  2.57  2.47  2.15  1.89  1.65  1.28  0.83  0.89     1.81  1.38  2.46  2.17  1.25
135   10     1.64  2.61  3.75  4.33  4.83  4.70  4.11  3.71  3.20  2.52  1.66  1.34     3.20  1.86  4.30  4.17  2.46
135   20     1.30  2.22  3.34  4.02  4.60  4.52  3.95  3.51  2.94  2.19  1.34  1.04     2.92  1.52  3.99  3.99  2.16
135   30     1.08  1.91  2.96  3.65  4.29  4.25  3.72  3.25  2.66  1.88  1.09  0.85     2.63  1.28  3.63  3.74  1.88
135   40     0.97  1.71  2.65  3.27  3.93  3.92  3.43  2.96  2.38  1.63  0.92  0.76     2.38  1.15  3.28  3.44  1.65
135   50     0.95  1.62  2.44  2.92  3.55  3.56  3.12  2.67  2.13  1.44  0.83  0.72     2.16  1.10  2.97  3.12  1.47
135   60     0.96  1.61  2.31  2.63  3.19  3.20  2.82  2.40  1.92  1.31  0.77  0.72     1.99  1.10  2.71  2.81  1.34
135   70     0.99  1.63  2.26  2.39  2.88  2.88  2.53  2.15  1.75  1.21  0.72  0.72     1.84  1.12  2.51  2.52  1.23
135   80     1.03  1.68  2.22  2.17  2.59  2.58  2.27  1.93  1.60  1.11  0.69  0.72     1.72  1.15  2.33  2.26  1.13
135   90     1.08  1.73  2.24  1.99  2.33  2.30  2.02  1.74  1.44  1.04  0.65  0.73     1.61  1.18  2.19  2.02  1.04
150   10     1.55  2.51  3.67  4.29  4.81  4.69  4.10  3.69  3.16  2.44  1.58  1.25     3.15  1.77  4.26  4.16  2.39
150   20     1.12  2.00  3.17  3.92  4.55  4.50  3.92  3.46  2.85  2.03  1.18  0.87     2.80  1.33  3.88  3.96  2.02
150   30     0.85  1.60  2.68  3.47  4.20  4.21  3.68  3.17  2.50  1.64  0.86  0.65     2.46  1.03  3.45  3.69  1.67
150   40     0.79  1.36  2.28  3.01  3.78  3.86  3.37  2.84  2.16  1.33  0.71  0.62     2.18  0.93  3.02  3.36  1.40
150   50     0.83  1.30  2.03  2.58  3.31  3.43  3.02  2.49  1.87  1.15  0.67  0.63     1.94  0.92  2.64  2.98  1.23
150   60     0.87  1.34  1.94  2.25  2.88  3.00  2.66  2.19  1.67  1.05  0.65  0.65     1.76  0.95  2.36  2.62  1.12
150   70     0.93  1.41  1.93  2.03  2.55  2.64  2.36  1.96  1.51  0.98  0.62  0.66     1.63  1.00  2.17  2.32  1.04
150   80     0.98  1.49  1.96  1.86  2.29  2.35  2.11  1.76  1.39  0.93  0.60  0.68     1.53  1.05  2.04  2.07  0.97
150   90     1.03  1.58  2.02  1.73  2.07  2.10  1.89  1.59  1.27  0.88  0.57  0.69     1.45  1.10  1.94  1.86  0.91
165   10     1.49  2.45  3.63  4.26  4.79  4.68  4.09  3.68  3.13  2.40  1.53  1.19     3.11  1.71  4.23  4.15  2.35
165   20     1.00  1.86  3.06  3.85  4.52  4.48  3.91  3.44  2.79  1.92  1.05  0.76     2.72  1.20  3.81  3.94  1.92
165   30     0.76  1.34  2.48  3.37  4.16  4.20  3.66  3.13  2.40  1.44  0.70  0.61     2.35  0.90  3.34  3.66  1.51
165   40     0.79  1.12  1.96  2.83  3.72  3.83  3.35  2.78  1.98  1.07  0.67  0.62     2.06  0.84  2.84  3.32  1.24
165   50     0.83  1.19  1.70  2.27  3.21  3.40  2.98  2.38  1.63  0.96  0.65  0.63     1.82  0.88  2.39  2.92  1.08
165   60     0.87  1.26  1.68  1.90  2.65  2.91  2.58  2.00  1.44  0.92  0.64  0.65     1.63  0.93  2.08  2.50  1.00
165   70     0.93  1.35  1.74  1.72  2.25  2.44  2.21  1.77  1.34  0.88  0.62  0.66     1.49  0.98  1.90  2.14  0.94
165   80     0.98  1.45  1.82  1.61  2.02  2.16  1.97  1.61  1.25  0.84  0.60  0.68     1.41  1.03  1.82  1.91  0.89
165   90     1.03  1.54  1.90  1.52  1.84  1.94  1.77  1.47  1.16  0.80  0.57  0.69     1.35  1.09  1.75  1.73  0.84
180   10     1.46  2.42  3.61  4.25  4.79  4.68  4.09  3.67  3.12  2.38  1.51  1.17     3.10  1.69  4.22  4.15  2.33
180   20     0.95  1.80  3.03  3.84  4.51  4.48  3.91  3.43  2.77  1.87  1.01  0.72     2.69  1.16  3.79  3.94  1.88
180   30     0.76  1.23  2.42  3.34  4.14  4.19  3.65  3.12  2.36  1.35  0.68  0.61     2.32  0.87  3.30  3.65  1.47
180   40     0.79  1.12  1.79  2.79  3.70  3.82  3.34  2.76  1.92  0.97  0.67  0.62     2.02  0.84  2.76  3.31  1.19
180   50     0.83  1.19  1.55  2.20  3.18  3.39  2.97  2.36  1.46  0.94  0.65  0.63     1.78  0.88  2.31  2.91  1.02
180   60     0.87  1.26  1.63  1.68  2.62  2.90  2.57  1.93  1.33  0.91  0.64  0.65     1.58  0.93  1.98  2.46  0.96
180   70     0.93  1.35  1.71  1.56  2.12  2.38  2.15  1.68  1.26  0.88  0.62  0.66     1.44  0.98  1.80  2.07  0.92
180   80     0.98  1.45  1.80  1.49  1.90  2.08  1.91  1.54  1.19  0.84  0.60  0.68     1.37  1.03  1.73  1.85  0.87
180   90     1.03  1.54  1.89  1.43  1.76  1.88  1.73  1.42  1.11  0.80  0.57  0.69     1.32  1.09  1.69  1.68  0.83
             72.7  66.3  51.7  26.7  13.6   6.7   8.7  17.8  32.6  50.6  63.2  71.3     41.9  70.0  30.8  11.4  49.7
             4.38  5.25  5.52  4.96  5.04  4.82  4.23  3.97  3.84  4.01  3.78  3.80     4.47  4.47  5.04  4.33  3.81
             3.91  4.92  5.47  4.84  4.62  4.29  3.82  3.75  3.80  3.97  3.56  3.40     4.19  4.07  4.98  3.95  3.78
             1.12  1.07  1.01  1.02  1.09  1.12  1.11  1.06  1.01  1.01  1.06  1.12     1.07  1.10  1.04  1.10  1.03
             1.92  1.61  1.31  1.05  0.93  0.89  0.91  0.97  1.11  1.39  1.76  2.01     1.32  1.85  1.10  0.92  1.42
temperature  -8.7  -7.7  -2.1   5.2  10.8  14.5  18.0  19.7  15.7   9.2   2.4  -4.8      6.0  -7.1   4.6  17.4   9.1
diffusedrad  0.99  1.43  1.97  2.21  2.57  2.82  2.75  2.36  1.87  1.36  0.93  0.81     1.84  1.08  2.25  2.64  1.39
snow10cm     0.93  0.97  0.76  0.08  0.00  0.00  0.00  0.00  0.00  0.00  0.05  0.53     0.28  0.81  0.28  0.00  0.02
