2 20606   更別            42 38.9  143 11.4  190
             2.06  3.04  4.15  4.60  4.94  4.79  4.30  3.89  3.37  2.89  2.06  1.71     3.48  2.27  4.56  4.33  2.77
             2.35  3.37  4.65  5.25  5.70  5.96  5.59  4.84  4.46  3.29  2.35  2.01     3.70  2.45  4.95  5.00  3.12
             1.76  2.54  3.38  4.01  4.25  3.32  3.46  3.16  2.55  2.42  1.74  1.48     3.20  1.97  4.08  3.45  2.47
  0   10     2.58  3.61  4.56  4.82  5.01  4.80  4.33  3.96  3.59  3.28  2.55  2.20     3.77  2.80  4.80  4.37  3.14
  0   20     3.07  4.12  4.93  4.95  4.99  4.74  4.28  3.98  3.73  3.61  2.97  2.65     4.00  3.28  4.96  4.33  3.44
  0   30     3.50  4.54  5.21  4.98  4.87  4.58  4.16  3.93  3.78  3.86  3.33  3.03     4.15  3.69  5.02  4.22  3.65
  0   40     3.86  4.88  5.39  4.90  4.65  4.33  3.95  3.79  3.76  4.01  3.60  3.35     4.21  4.03  4.98  4.03  3.79
  0   50     4.13  5.11  5.46  4.73  4.34  4.01  3.69  3.59  3.66  4.06  3.77  3.59     4.18  4.28  4.84  3.76  3.83
  0   60     4.30  5.24  5.43  4.47  3.96  3.63  3.36  3.32  3.48  4.02  3.85  3.74     4.07  4.43  4.62  3.44  3.78
  0   70     4.38  5.25  5.30  4.11  3.50  3.19  2.99  3.00  3.23  3.87  3.83  3.79     3.87  4.47  4.30  3.06  3.64
  0   80     4.35  5.15  5.06  3.68  2.98  2.72  2.58  2.62  2.91  3.64  3.71  3.75     3.60  4.42  3.91  2.64  3.42
  0   90     4.23  4.94  4.73  3.19  2.45  2.23  2.15  2.21  2.54  3.31  3.50  3.62     3.26  4.26  3.46  2.20  3.12
 15   10     2.56  3.59  4.54  4.81  5.01  4.80  4.33  3.96  3.58  3.27  2.53  2.18     3.76  2.78  4.79  4.36  3.13
 15   20     3.03  4.07  4.89  4.93  4.99  4.73  4.28  3.98  3.71  3.59  2.93  2.62     3.98  3.24  4.94  4.33  3.41
 15   30     3.44  4.47  5.16  4.97  4.86  4.57  4.15  3.92  3.77  3.83  3.26  2.99     4.12  3.63  5.00  4.22  3.62
 15   40     3.78  4.79  5.32  4.90  4.65  4.34  3.96  3.79  3.75  3.97  3.51  3.30     4.17  3.96  4.96  4.03  3.74
 15   50     4.03  5.00  5.38  4.72  4.35  4.02  3.69  3.58  3.64  4.02  3.68  3.52     4.14  4.19  4.82  3.77  3.78
 15   60     4.20  5.11  5.34  4.46  3.97  3.65  3.37  3.32  3.46  3.97  3.74  3.67     4.02  4.33  4.59  3.45  3.73
 15   70     4.27  5.11  5.20  4.12  3.52  3.22  3.00  3.00  3.21  3.82  3.71  3.72     3.83  4.37  4.28  3.07  3.58
 15   80     4.24  5.00  4.97  3.70  3.02  2.76  2.60  2.63  2.90  3.58  3.59  3.67     3.56  4.30  3.90  2.66  3.36
 15   90     4.11  4.79  4.65  3.22  2.50  2.28  2.18  2.24  2.54  3.26  3.38  3.54     3.22  4.15  3.46  2.23  3.06
 30   10     2.51  3.52  4.49  4.79  5.00  4.80  4.32  3.94  3.56  3.23  2.47  2.13     3.73  2.72  4.76  4.36  3.09
 30   20     2.92  3.94  4.79  4.90  4.97  4.73  4.27  3.96  3.68  3.52  2.82  2.52     3.92  3.13  4.89  4.32  3.34
 30   30     3.28  4.30  5.02  4.91  4.87  4.58  4.14  3.89  3.72  3.71  3.11  2.85     4.03  3.48  4.93  4.21  3.51
 30   40     3.57  4.57  5.16  4.84  4.65  4.34  3.95  3.76  3.68  3.83  3.31  3.12     4.07  3.75  4.88  4.02  3.61
 30   50     3.78  4.75  5.21  4.67  4.38  4.05  3.70  3.56  3.58  3.86  3.44  3.31     4.02  3.95  4.75  3.77  3.62
 30   60     3.91  4.83  5.15  4.42  4.01  3.69  3.39  3.30  3.40  3.79  3.47  3.43     3.90  4.06  4.53  3.46  3.55
 30   70     3.96  4.81  5.00  4.09  3.60  3.29  3.04  2.99  3.15  3.64  3.42  3.46     3.70  4.07  4.23  3.11  3.40
 30   80     3.91  4.69  4.78  3.71  3.13  2.85  2.66  2.64  2.85  3.40  3.29  3.40     3.44  4.00  3.87  2.72  3.18
 30   90     3.78  4.48  4.48  3.27  2.66  2.41  2.27  2.28  2.51  3.08  3.07  3.27     3.13  3.84  3.47  2.32  2.88
 45   10     2.42  3.43  4.42  4.74  4.99  4.79  4.31  3.92  3.52  3.17  2.39  2.06     3.68  2.63  4.72  4.34  3.03
 45   20     2.75  3.77  4.66  4.83  4.96  4.72  4.25  3.92  3.61  3.39  2.67  2.37     3.82  2.96  4.81  4.30  3.22
 45   30     3.03  4.05  4.83  4.82  4.84  4.57  4.12  3.84  3.63  3.55  2.89  2.63     3.90  3.24  4.83  4.18  3.35
 45   40     3.25  4.27  4.91  4.74  4.65  4.35  3.94  3.70  3.58  3.62  3.04  2.83     3.91  3.45  4.77  4.00  3.41
 45   50     3.41  4.40  4.94  4.57  4.38  4.06  3.69  3.51  3.46  3.61  3.11  2.97     3.84  3.60  4.63  3.75  3.39
 45   60     3.50  4.45  4.88  4.33  4.05  3.73  3.40  3.26  3.29  3.53  3.11  3.05     3.71  3.67  4.42  3.46  3.31
 45   70     3.52  4.41  4.72  4.02  3.66  3.36  3.07  2.96  3.05  3.38  3.04  3.05     3.52  3.66  4.13  3.13  3.15
 45   80     3.45  4.29  4.53  3.67  3.24  2.95  2.71  2.64  2.77  3.14  2.90  2.98     3.27  3.58  3.81  2.77  2.94
 45   90     3.32  4.11  4.26  3.27  2.81  2.55  2.35  2.30  2.45  2.84  2.69  2.85     2.98  3.42  3.45  2.40  2.66
 60   10     2.30  3.32  4.32  4.69  4.97  4.78  4.30  3.90  3.48  3.08  2.29  1.95     3.61  2.52  4.66  4.33  2.95
 60   20     2.54  3.55  4.48  4.72  4.92  4.70  4.23  3.86  3.52  3.23  2.48  2.17     3.70  2.75  4.71  4.26  3.08
 60   30     2.73  3.75  4.57  4.69  4.80  4.54  4.09  3.77  3.51  3.32  2.62  2.36     3.73  2.95  4.69  4.14  3.15
 60   40     2.87  3.89  4.62  4.58  4.61  4.33  3.90  3.63  3.43  3.35  2.71  2.49     3.70  3.08  4.60  3.95  3.16
 60   50     2.97  3.97  4.59  4.42  4.36  4.07  3.67  3.43  3.31  3.32  2.73  2.57     3.62  3.17  4.46  3.72  3.12
 60   60     3.02  4.00  4.53  4.19  4.04  3.75  3.39  3.19  3.12  3.20  2.69  2.60     3.48  3.21  4.25  3.44  3.01
 60   70     3.01  3.95  4.39  3.91  3.69  3.40  3.07  2.91  2.90  3.05  2.61  2.59     3.29  3.18  4.00  3.13  2.86
 60   80     2.94  3.83  4.21  3.58  3.30  3.03  2.74  2.61  2.63  2.83  2.47  2.51     3.06  3.10  3.70  2.79  2.65
 60   90     2.83  3.68  3.99  3.23  2.89  2.64  2.40  2.29  2.35  2.56  2.27  2.38     2.79  2.96  3.37  2.44  2.40
 75   10     2.17  3.18  4.20  4.63  4.94  4.77  4.28  3.86  3.42  2.98  2.17  1.83     3.54  2.40  4.59  4.30  2.86
 75   20     2.29  3.31  4.26  4.60  4.87  4.67  4.20  3.80  3.41  3.04  2.26  1.95     3.56  2.52  4.58  4.22  2.90
 75   30     2.39  3.40  4.28  4.52  4.73  4.51  4.05  3.69  3.35  3.06  2.32  2.04     3.53  2.61  4.51  4.08  2.91
 75   40     2.46  3.47  4.26  4.40  4.53  4.29  3.86  3.53  3.26  3.04  2.33  2.11     3.46  2.68  4.39  3.89  2.88
 75   50     2.50  3.50  4.22  4.21  4.28  4.03  3.61  3.32  3.11  2.96  2.32  2.14     3.35  2.71  4.24  3.65  2.80
 75   60     2.51  3.49  4.12  3.99  3.99  3.73  3.35  3.09  2.93  2.85  2.25  2.13     3.20  2.71  4.03  3.39  2.68
 75   70     2.50  3.44  4.01  3.73  3.65  3.39  3.05  2.82  2.72  2.68  2.15  2.10     3.02  2.68  3.80  3.09  2.52
 75   80     2.43  3.34  3.84  3.43  3.29  3.04  2.73  2.54  2.48  2.49  2.03  2.03     2.81  2.60  3.52  2.77  2.33
 75   90     2.35  3.23  3.68  3.13  2.93  2.69  2.42  2.25  2.21  2.25  1.86  1.93     2.58  2.50  3.24  2.45  2.11
 90   10     2.04  3.03  4.08  4.56  4.91  4.75  4.26  3.83  3.35  2.87  2.05  1.71     3.45  2.26  4.51  4.28  2.76
 90   20     2.03  3.03  4.02  4.47  4.80  4.63  4.16  3.73  3.29  2.83  2.03  1.71     3.40  2.26  4.43  4.17  2.72
 90   30     2.04  3.03  3.96  4.33  4.64  4.46  4.00  3.59  3.19  2.78  2.00  1.72     3.31  2.26  4.31  4.01  2.65
 90   40     2.04  3.01  3.88  4.16  4.42  4.23  3.79  3.41  3.05  2.70  1.95  1.72     3.20  2.25  4.16  3.81  2.57
 90   50     2.04  3.00  3.78  3.96  4.16  3.95  3.54  3.19  2.89  2.58  1.89  1.71     3.06  2.25  3.97  3.56  2.46
 90   60     2.02  2.96  3.69  3.73  3.87  3.66  3.27  2.95  2.71  2.46  1.81  1.68     2.90  2.22  3.77  3.29  2.33
 90   70     2.00  2.93  3.58  3.48  3.56  3.34  2.99  2.70  2.50  2.29  1.70  1.64     2.73  2.19  3.54  3.01  2.16
 90   80     1.96  2.86  3.46  3.23  3.22  3.01  2.69  2.44  2.28  2.12  1.60  1.59     2.54  2.13  3.30  2.71  2.00
 90   90     1.90  2.78  3.31  2.94  2.87  2.67  2.38  2.16  2.04  1.93  1.46  1.51     2.33  2.06  3.04  2.40  1.81
105   10     1.90  2.88  3.96  4.48  4.87  4.73  4.24  3.79  3.29  2.76  1.92  1.58     3.37  2.12  4.44  4.25  2.66
105   20     1.78  2.75  3.79  4.32  4.73  4.59  4.12  3.66  3.16  2.62  1.79  1.48     3.23  2.00  4.28  4.12  2.53
105   30     1.70  2.64  3.62  4.12  4.52  4.39  3.93  3.48  3.01  2.47  1.68  1.40     3.08  1.91  4.09  3.93  2.39
105   40     1.63  2.56  3.47  3.89  4.27  4.13  3.70  3.27  2.83  2.34  1.58  1.35     2.92  1.85  3.88  3.70  2.25
105   50     1.61  2.50  3.35  3.67  3.99  3.85  3.45  3.04  2.64  2.20  1.48  1.31     2.76  1.81  3.67  3.44  2.11
105   60     1.57  2.46  3.24  3.44  3.69  3.54  3.17  2.80  2.45  2.05  1.40  1.27     2.59  1.77  3.45  3.17  1.97
105   70     1.57  2.42  3.13  3.19  3.38  3.23  2.88  2.54  2.26  1.91  1.30  1.24     2.42  1.74  3.24  2.88  1.82
105   80     1.55  2.40  3.05  2.95  3.07  2.91  2.60  2.29  2.04  1.75  1.21  1.20     2.25  1.72  3.02  2.60  1.67
105   90     1.53  2.35  2.96  2.72  2.75  2.60  2.31  2.04  1.85  1.60  1.12  1.15     2.08  1.68  2.81  2.32  1.52
120   10     1.77  2.74  3.84  4.41  4.84  4.71  4.22  3.76  3.23  2.65  1.80  1.46     3.29  1.99  4.36  4.23  2.56
120   20     1.54  2.48  3.55  4.17  4.65  4.55  4.07  3.59  3.04  2.41  1.57  1.26     3.07  1.76  4.13  4.07  2.34
120   30     1.38  2.27  3.29  3.90  4.39  4.32  3.86  3.37  2.82  2.19  1.38  1.12     2.86  1.59  3.86  3.85  2.13
120   40     1.28  2.12  3.07  3.61  4.10  4.03  3.61  3.12  2.60  1.99  1.23  1.03     2.65  1.48  3.59  3.59  1.94
120   50     1.24  2.03  2.90  3.34  3.78  3.71  3.33  2.86  2.39  1.81  1.13  0.97     2.46  1.41  3.34  3.30  1.78
120   60     1.21  2.00  2.78  3.08  3.46  3.39  3.04  2.61  2.19  1.67  1.05  0.94     2.28  1.38  3.11  3.01  1.63
120   70     1.23  1.98  2.71  2.86  3.15  3.07  2.75  2.36  1.99  1.54  0.96  0.92     2.13  1.38  2.90  2.73  1.50
120   80     1.24  1.99  2.64  2.65  2.85  2.76  2.47  2.13  1.81  1.41  0.90  0.91     1.98  1.38  2.71  2.45  1.38
120   90     1.25  1.99  2.61  2.44  2.56  2.47  2.20  1.89  1.64  1.30  0.84  0.89     1.84  1.38  2.54  2.19  1.26
135   10     1.66  2.62  3.74  4.35  4.81  4.70  4.21  3.73  3.17  2.55  1.70  1.36     3.21  1.88  4.30  4.21  2.47
135   20     1.32  2.23  3.35  4.05  4.58  4.52  4.04  3.52  2.92  2.22  1.37  1.06     2.93  1.54  3.99  4.03  2.17
135   30     1.10  1.92  2.98  3.69  4.28  4.25  3.80  3.27  2.64  1.91  1.11  0.86     2.65  1.29  3.65  3.77  1.89
135   40     0.99  1.72  2.68  3.33  3.92  3.92  3.51  2.98  2.37  1.65  0.94  0.76     2.40  1.16  3.31  3.47  1.65
135   50     0.96  1.63  2.47  3.00  3.54  3.56  3.19  2.68  2.12  1.46  0.84  0.73     2.18  1.11  3.00  3.14  1.47
135   60     0.98  1.61  2.36  2.73  3.19  3.20  2.88  2.40  1.91  1.33  0.78  0.72     2.01  1.10  2.76  2.83  1.34
135   70     1.01  1.63  2.31  2.51  2.87  2.87  2.59  2.16  1.74  1.22  0.73  0.72     1.86  1.12  2.56  2.54  1.23
135   80     1.04  1.67  2.29  2.32  2.59  2.57  2.32  1.94  1.58  1.13  0.69  0.72     1.74  1.15  2.40  2.28  1.13
135   90     1.10  1.72  2.31  2.16  2.33  2.30  2.07  1.74  1.43  1.05  0.66  0.73     1.63  1.18  2.27  2.04  1.04
150   10     1.57  2.52  3.66  4.31  4.79  4.69  4.20  3.71  3.13  2.48  1.61  1.27     3.16  1.79  4.25  4.20  2.41
150   20     1.14  2.02  3.18  3.95  4.53  4.49  4.02  3.48  2.83  2.05  1.20  0.89     2.81  1.35  3.89  4.00  2.03
150   30     0.87  1.62  2.71  3.52  4.19  4.21  3.76  3.19  2.49  1.66  0.87  0.66     2.48  1.05  3.47  3.72  1.67
150   40     0.81  1.38  2.32  3.07  3.77  3.86  3.45  2.85  2.15  1.34  0.72  0.62     2.19  0.94  3.05  3.38  1.41
150   50     0.84  1.31  2.08  2.66  3.30  3.43  3.08  2.50  1.87  1.16  0.67  0.64     1.96  0.93  2.68  3.00  1.23
150   60     0.89  1.34  1.99  2.36  2.88  3.00  2.71  2.20  1.66  1.05  0.65  0.65     1.78  0.96  2.41  2.64  1.12
150   70     0.94  1.41  1.99  2.15  2.55  2.64  2.40  1.96  1.51  0.99  0.62  0.66     1.65  1.00  2.23  2.33  1.04
150   80     1.00  1.48  2.02  2.01  2.29  2.35  2.14  1.76  1.39  0.93  0.60  0.68     1.55  1.05  2.11  2.09  0.97
150   90     1.05  1.57  2.09  1.90  2.07  2.10  1.92  1.59  1.27  0.88  0.57  0.69     1.48  1.10  2.02  1.87  0.91
165   10     1.51  2.46  3.62  4.28  4.77  4.68  4.19  3.69  3.10  2.43  1.56  1.21     3.13  1.73  4.22  4.19  2.36
165   20     1.02  1.88  3.07  3.89  4.51  4.48  4.00  3.45  2.77  1.94  1.07  0.77     2.74  1.22  3.82  3.98  1.93
165   30     0.77  1.37  2.51  3.42  4.15  4.20  3.74  3.15  2.39  1.46  0.71  0.61     2.37  0.92  3.36  3.69  1.52
165   40     0.80  1.13  2.01  2.90  3.71  3.83  3.42  2.79  1.98  1.08  0.67  0.62     2.08  0.85  2.87  3.35  1.24
165   50     0.84  1.19  1.75  2.36  3.21  3.40  3.04  2.39  1.63  0.96  0.65  0.64     1.84  0.89  2.44  2.94  1.08
165   60     0.89  1.27  1.74  2.01  2.65  2.92  2.62  2.00  1.44  0.92  0.64  0.65     1.65  0.94  2.13  2.51  1.00
165   70     0.94  1.35  1.80  1.85  2.25  2.44  2.23  1.77  1.34  0.88  0.62  0.66     1.51  0.98  1.97  2.15  0.94
165   80     1.00  1.44  1.89  1.76  2.02  2.15  1.99  1.61  1.24  0.84  0.60  0.68     1.44  1.04  1.89  1.92  0.89
165   90     1.05  1.53  1.98  1.70  1.84  1.94  1.79  1.47  1.16  0.80  0.57  0.69     1.38  1.09  1.84  1.73  0.84
180   10     1.48  2.43  3.60  4.27  4.77  4.68  4.19  3.69  3.09  2.41  1.54  1.19     3.11  1.70  4.21  4.18  2.35
180   20     0.97  1.82  3.04  3.87  4.49  4.48  4.00  3.44  2.75  1.90  1.03  0.74     2.71  1.18  3.80  3.97  1.89
180   30     0.77  1.26  2.45  3.39  4.13  4.19  3.74  3.13  2.35  1.37  0.68  0.61     2.34  0.88  3.32  3.69  1.47
180   40     0.80  1.13  1.84  2.86  3.69  3.82  3.41  2.77  1.92  0.97  0.67  0.62     2.04  0.85  2.80  3.34  1.19
180   50     0.84  1.19  1.60  2.29  3.18  3.39  3.03  2.37  1.47  0.94  0.65  0.64     1.80  0.89  2.36  2.93  1.02
180   60     0.89  1.27  1.68  1.79  2.62  2.90  2.61  1.93  1.33  0.91  0.64  0.65     1.60  0.94  2.03  2.48  0.96
180   70     0.94  1.35  1.77  1.69  2.12  2.38  2.17  1.68  1.26  0.88  0.62  0.66     1.46  0.98  1.86  2.08  0.92
180   80     1.00  1.44  1.87  1.64  1.90  2.07  1.93  1.54  1.18  0.84  0.60  0.68     1.39  1.04  1.80  1.85  0.87
180   90     1.05  1.53  1.97  1.61  1.76  1.87  1.75  1.42  1.11  0.80  0.57  0.69     1.34  1.09  1.78  1.68  0.83
             72.6  66.1  52.2  27.6  13.4   6.5   8.5  17.7  32.2  50.5  63.1  71.0     41.9  69.7  31.0  11.2  49.7
             4.38  5.26  5.47  4.98  5.01  4.81  4.33  3.99  3.79  4.06  3.86  3.79     4.48  4.47  5.02  4.37  3.83
             3.91  4.93  5.41  4.87  4.59  4.27  3.91  3.76  3.75  4.02  3.64  3.40     4.21  4.08  4.96  3.98  3.80
             1.12  1.07  1.01  1.02  1.09  1.13  1.11  1.06  1.01  1.01  1.06  1.11     1.07  1.10  1.04  1.10  1.03
             1.90  1.62  1.30  1.06  0.93  0.89  0.91  0.97  1.11  1.39  1.77  1.99     1.32  1.84  1.10  0.92  1.42
temperature  -9.1  -8.1  -2.7   4.5  10.2  13.6  17.1  19.0  15.3   9.1   2.1  -5.5      5.5  -7.6   4.0  16.6   8.8
diffusedrad  1.00  1.44  1.99  2.25  2.57  2.81  2.75  2.35  1.87  1.36  0.94  0.81     1.85  1.08  2.27  2.63  1.39
snow10cm     0.95  0.95  0.83  0.22  0.00  0.00  0.00  0.00  0.00  0.00  0.04  0.52     0.29  0.80  0.35  0.00  0.01
