1 20751   広尾            42 17.6  143 18.9   32
             2.04  2.90  3.92  4.44  4.75  4.46  4.02  3.70  3.31  2.89  2.04  1.70     3.35  2.21  4.37  4.06  2.75
             2.25  3.29  4.42  5.10  5.54  5.38  4.78  4.73  4.19  3.31  2.37  1.94     3.60  2.37  4.86  4.65  3.12
             1.73  2.50  3.22  3.84  3.83  3.61  3.43  2.93  2.58  2.35  1.74  1.48     3.20  1.95  3.90  3.61  2.40
  0   10     2.53  3.40  4.27  4.64  4.82  4.47  4.04  3.76  3.51  3.27  2.51  2.17     3.62  2.70  4.57  4.09  3.10
  0   20     3.00  3.84  4.59  4.75  4.79  4.41  4.00  3.78  3.64  3.60  2.91  2.61     3.83  3.15  4.71  4.06  3.38
  0   30     3.40  4.21  4.82  4.77  4.67  4.26  3.88  3.72  3.69  3.83  3.25  2.98     3.96  3.53  4.75  3.96  3.59
  0   40     3.73  4.50  4.97  4.69  4.46  4.04  3.70  3.59  3.66  3.98  3.50  3.28     4.01  3.84  4.71  3.77  3.71
  0   50     3.98  4.70  5.03  4.51  4.16  3.75  3.45  3.40  3.56  4.03  3.66  3.50     3.98  4.06  4.57  3.53  3.75
  0   60     4.14  4.81  5.00  4.25  3.80  3.40  3.15  3.14  3.38  3.98  3.73  3.63     3.87  4.19  4.35  3.23  3.70
  0   70     4.21  4.81  4.87  3.91  3.36  3.00  2.81  2.84  3.13  3.83  3.71  3.67     3.68  4.23  4.05  2.88  3.56
  0   80     4.18  4.72  4.66  3.50  2.87  2.58  2.43  2.48  2.82  3.60  3.59  3.62     3.42  4.17  3.67  2.50  3.34
  0   90     4.06  4.52  4.36  3.02  2.36  2.13  2.04  2.10  2.46  3.27  3.37  3.48     3.10  4.02  3.25  2.09  3.04
 15   10     2.51  3.37  4.25  4.63  4.82  4.47  4.04  3.76  3.50  3.26  2.49  2.16     3.61  2.68  4.57  4.09  3.09
 15   20     2.96  3.80  4.55  4.74  4.79  4.41  4.00  3.77  3.63  3.58  2.87  2.58     3.81  3.11  4.69  4.06  3.36
 15   30     3.34  4.15  4.78  4.76  4.67  4.26  3.88  3.71  3.68  3.81  3.19  2.94     3.93  3.48  4.73  3.95  3.56
 15   40     3.66  4.42  4.92  4.68  4.46  4.04  3.70  3.58  3.65  3.94  3.42  3.23     3.98  3.77  4.69  3.77  3.67
 15   50     3.90  4.61  4.96  4.51  4.17  3.76  3.45  3.39  3.54  3.99  3.57  3.44     3.94  3.98  4.55  3.53  3.70
 15   60     4.05  4.70  4.92  4.24  3.81  3.42  3.16  3.14  3.37  3.93  3.63  3.56     3.83  4.10  4.32  3.24  3.64
 15   70     4.11  4.69  4.79  3.91  3.38  3.03  2.82  2.84  3.12  3.78  3.60  3.60     3.64  4.13  4.03  2.89  3.50
 15   80     4.07  4.59  4.58  3.51  2.91  2.61  2.45  2.49  2.82  3.54  3.47  3.54     3.38  4.07  3.66  2.52  3.28
 15   90     3.95  4.40  4.29  3.05  2.41  2.18  2.07  2.13  2.46  3.22  3.25  3.40     3.07  3.92  3.25  2.12  2.98
 30   10     2.46  3.32  4.21  4.61  4.81  4.47  4.04  3.75  3.48  3.23  2.44  2.11     3.58  2.63  4.54  4.09  3.05
 30   20     2.85  3.69  4.47  4.70  4.78  4.40  3.99  3.75  3.59  3.50  2.77  2.49     3.75  3.01  4.65  4.05  3.29
 30   30     3.19  4.00  4.66  4.71  4.67  4.26  3.87  3.68  3.63  3.70  3.04  2.80     3.85  3.33  4.68  3.94  3.45
 30   40     3.46  4.23  4.78  4.62  4.46  4.04  3.69  3.55  3.59  3.81  3.23  3.06     3.88  3.58  4.62  3.76  3.54
 30   50     3.66  4.38  4.81  4.46  4.19  3.77  3.45  3.37  3.48  3.83  3.34  3.23     3.83  3.76  4.49  3.53  3.55
 30   60     3.78  4.45  4.75  4.21  3.84  3.44  3.17  3.12  3.30  3.76  3.37  3.33     3.71  3.85  4.27  3.24  3.48
 30   70     3.81  4.42  4.62  3.89  3.45  3.08  2.85  2.83  3.06  3.61  3.32  3.35     3.52  3.86  3.98  2.92  3.33
 30   80     3.77  4.31  4.41  3.51  3.00  2.68  2.50  2.50  2.77  3.36  3.18  3.28     3.27  3.79  3.64  2.56  3.10
 30   90     3.64  4.12  4.14  3.09  2.55  2.28  2.14  2.16  2.43  3.04  2.96  3.13     2.97  3.63  3.26  2.19  2.81
 45   10     2.37  3.24  4.14  4.57  4.80  4.46  4.03  3.73  3.45  3.16  2.36  2.04     3.53  2.55  4.50  4.07  2.99
 45   20     2.68  3.54  4.35  4.64  4.76  4.39  3.97  3.72  3.53  3.38  2.62  2.34     3.66  2.85  4.58  4.03  3.18
 45   30     2.95  3.78  4.49  4.62  4.64  4.25  3.85  3.64  3.54  3.53  2.83  2.59     3.73  3.10  4.59  3.91  3.30
 45   40     3.16  3.96  4.56  4.53  4.46  4.04  3.67  3.51  3.49  3.60  2.97  2.77     3.73  3.30  4.52  3.74  3.35
 45   50     3.31  4.08  4.57  4.36  4.19  3.78  3.44  3.31  3.37  3.59  3.03  2.90     3.66  3.43  4.37  3.51  3.33
 45   60     3.39  4.11  4.51  4.13  3.88  3.47  3.17  3.08  3.20  3.50  3.03  2.96     3.54  3.49  4.17  3.24  3.24
 45   70     3.40  4.07  4.37  3.82  3.50  3.13  2.87  2.80  2.96  3.35  2.96  2.95     3.35  3.47  3.90  2.93  3.09
 45   80     3.33  3.96  4.19  3.48  3.11  2.75  2.53  2.50  2.69  3.11  2.81  2.87     3.11  3.39  3.59  2.60  2.87
 45   90     3.20  3.79  3.94  3.10  2.69  2.39  2.20  2.18  2.38  2.81  2.60  2.73     2.83  3.24  3.24  2.26  2.60
 60   10     2.27  3.14  4.05  4.52  4.78  4.45  4.02  3.70  3.41  3.08  2.26  1.94     3.47  2.45  4.45  4.06  2.91
 60   20     2.48  3.34  4.19  4.54  4.73  4.37  3.95  3.67  3.44  3.23  2.44  2.15     3.54  2.66  4.49  4.00  3.04
 60   30     2.67  3.52  4.26  4.50  4.61  4.22  3.82  3.58  3.43  3.31  2.57  2.32     3.57  2.83  4.46  3.88  3.10
 60   40     2.80  3.63  4.30  4.39  4.42  4.02  3.64  3.43  3.35  3.34  2.65  2.44     3.53  2.96  4.37  3.70  3.11
 60   50     2.89  3.69  4.27  4.22  4.17  3.77  3.42  3.25  3.23  3.30  2.67  2.51     3.45  3.03  4.22  3.48  3.06
 60   60     2.93  3.71  4.21  3.99  3.87  3.48  3.15  3.01  3.04  3.18  2.62  2.53     3.31  3.06  4.02  3.21  2.95
 60   70     2.92  3.66  4.08  3.72  3.53  3.15  2.86  2.75  2.83  3.03  2.54  2.50     3.13  3.02  3.77  2.92  2.80
 60   80     2.85  3.55  3.91  3.40  3.16  2.81  2.56  2.47  2.56  2.81  2.40  2.42     2.91  2.94  3.49  2.61  2.59
 60   90     2.73  3.41  3.71  3.06  2.76  2.46  2.24  2.16  2.29  2.54  2.20  2.28     2.65  2.81  3.18  2.29  2.34
 75   10     2.14  3.02  3.95  4.46  4.75  4.44  4.00  3.67  3.35  2.98  2.15  1.82     3.40  2.33  4.39  4.04  2.83
 75   20     2.25  3.12  4.00  4.43  4.68  4.35  3.92  3.61  3.34  3.04  2.23  1.93     3.41  2.44  4.37  3.96  2.87
 75   30     2.34  3.20  4.02  4.35  4.54  4.19  3.78  3.50  3.28  3.06  2.28  2.01     3.38  2.52  4.30  3.83  2.87
 75   40     2.41  3.26  3.98  4.22  4.35  3.98  3.60  3.35  3.19  3.03  2.29  2.07     3.31  2.58  4.18  3.64  2.83
 75   50     2.44  3.27  3.94  4.03  4.10  3.74  3.37  3.15  3.04  2.95  2.27  2.09     3.20  2.60  4.03  3.42  2.75
 75   60     2.45  3.26  3.84  3.81  3.82  3.46  3.12  2.92  2.86  2.83  2.20  2.07     3.05  2.59  3.82  3.17  2.63
 75   70     2.42  3.21  3.74  3.55  3.49  3.14  2.84  2.67  2.65  2.66  2.10  2.03     2.88  2.56  3.60  2.88  2.47
 75   80     2.36  3.12  3.59  3.26  3.15  2.81  2.54  2.40  2.41  2.47  1.97  1.95     2.67  2.48  3.33  2.58  2.29
 75   90     2.27  3.02  3.43  2.96  2.80  2.49  2.25  2.13  2.15  2.23  1.80  1.83     2.45  2.37  3.06  2.29  2.06
 90   10     2.02  2.89  3.85  4.39  4.72  4.42  3.98  3.64  3.29  2.87  2.03  1.70     3.32  2.20  4.32  4.02  2.73
 90   20     2.01  2.88  3.79  4.30  4.62  4.31  3.89  3.55  3.23  2.83  2.01  1.70     3.26  2.19  4.24  3.92  2.69
 90   30     2.01  2.87  3.73  4.17  4.46  4.15  3.73  3.41  3.13  2.78  1.97  1.70     3.18  2.19  4.12  3.77  2.62
 90   40     2.01  2.85  3.66  4.00  4.25  3.93  3.54  3.24  2.99  2.69  1.93  1.69     3.06  2.18  3.97  3.57  2.54
 90   50     2.00  2.84  3.56  3.80  3.99  3.67  3.31  3.04  2.83  2.58  1.86  1.67     2.93  2.17  3.79  3.34  2.42
 90   60     1.98  2.79  3.48  3.57  3.71  3.39  3.05  2.81  2.65  2.45  1.78  1.63     2.77  2.13  3.59  3.08  2.29
 90   70     1.96  2.75  3.36  3.33  3.40  3.10  2.78  2.56  2.44  2.29  1.67  1.58     2.60  2.10  3.36  2.81  2.13
 90   80     1.91  2.69  3.25  3.07  3.08  2.78  2.50  2.31  2.22  2.11  1.56  1.52     2.42  2.04  3.13  2.53  1.96
 90   90     1.85  2.62  3.12  2.79  2.74  2.46  2.21  2.04  1.99  1.92  1.42  1.43     2.22  1.97  2.88  2.24  1.78
105   10     1.89  2.75  3.74  4.33  4.69  4.41  3.97  3.61  3.23  2.76  1.91  1.58     3.24  2.07  4.25  4.00  2.63
105   20     1.77  2.63  3.59  4.17  4.55  4.28  3.85  3.49  3.11  2.62  1.78  1.47     3.11  1.96  4.10  3.87  2.50
105   30     1.68  2.53  3.43  3.97  4.35  4.09  3.68  3.32  2.95  2.48  1.67  1.39     2.96  1.87  3.92  3.70  2.37
105   40     1.62  2.46  3.30  3.75  4.11  3.85  3.47  3.12  2.78  2.34  1.57  1.33     2.81  1.80  3.72  3.48  2.23
105   50     1.59  2.39  3.18  3.53  3.84  3.59  3.23  2.90  2.59  2.20  1.47  1.28     2.65  1.75  3.52  3.24  2.09
105   60     1.55  2.35  3.07  3.30  3.55  3.30  2.96  2.67  2.40  2.05  1.38  1.23     2.48  1.71  3.31  2.98  1.95
105   70     1.54  2.31  2.98  3.06  3.24  3.00  2.69  2.42  2.21  1.91  1.28  1.19     2.32  1.68  3.09  2.71  1.80
105   80     1.52  2.28  2.89  2.81  2.94  2.71  2.42  2.18  2.00  1.74  1.19  1.14     2.15  1.65  2.88  2.44  1.64
105   90     1.50  2.24  2.81  2.58  2.63  2.41  2.15  1.95  1.81  1.60  1.09  1.08     1.99  1.61  2.67  2.17  1.50
120   10     1.76  2.63  3.64  4.26  4.66  4.39  3.95  3.58  3.17  2.65  1.79  1.46     3.16  1.95  4.19  3.98  2.54
120   20     1.54  2.39  3.38  4.04  4.48  4.24  3.82  3.42  2.99  2.42  1.56  1.26     2.96  1.73  3.97  3.83  2.32
120   30     1.38  2.19  3.15  3.77  4.24  4.03  3.62  3.22  2.78  2.19  1.38  1.11     2.75  1.56  3.72  3.63  2.12
120   40     1.28  2.06  2.94  3.50  3.95  3.77  3.38  2.99  2.56  1.99  1.23  1.01     2.56  1.45  3.46  3.38  1.93
120   50     1.24  1.98  2.78  3.23  3.65  3.47  3.12  2.75  2.35  1.82  1.13  0.95     2.37  1.39  3.22  3.11  1.76
120   60     1.21  1.94  2.68  2.97  3.34  3.17  2.85  2.50  2.15  1.67  1.04  0.91     2.20  1.35  3.00  2.84  1.62
120   70     1.22  1.92  2.60  2.75  3.04  2.87  2.58  2.27  1.96  1.54  0.96  0.88     2.05  1.34  2.80  2.57  1.49
120   80     1.22  1.92  2.54  2.54  2.74  2.58  2.31  2.04  1.78  1.41  0.89  0.85     1.90  1.33  2.60  2.31  1.36
120   90     1.24  1.92  2.51  2.33  2.46  2.30  2.06  1.81  1.61  1.30  0.82  0.82     1.76  1.33  2.43  2.06  1.24
135   10     1.66  2.52  3.55  4.21  4.63  4.38  3.94  3.56  3.12  2.56  1.69  1.36     3.10  1.84  4.13  3.96  2.46
135   20     1.33  2.17  3.21  3.92  4.42  4.22  3.79  3.37  2.88  2.23  1.37  1.06     2.83  1.52  3.85  3.79  2.16
135   30     1.11  1.90  2.87  3.59  4.13  3.98  3.57  3.13  2.61  1.92  1.12  0.86     2.57  1.29  3.53  3.56  1.88
135   40     1.00  1.71  2.61  3.23  3.79  3.68  3.31  2.86  2.34  1.66  0.95  0.75     2.33  1.16  3.21  3.28  1.65
135   50     0.97  1.62  2.42  2.92  3.43  3.35  3.01  2.59  2.10  1.47  0.84  0.71     2.12  1.10  2.92  2.98  1.47
135   60     0.98  1.60  2.31  2.65  3.09  3.02  2.72  2.32  1.89  1.34  0.78  0.69     1.95  1.09  2.68  2.69  1.34
135   70     1.01  1.61  2.26  2.42  2.78  2.71  2.44  2.09  1.72  1.23  0.73  0.68     1.81  1.10  2.49  2.41  1.23
135   80     1.04  1.65  2.23  2.23  2.50  2.42  2.19  1.87  1.56  1.13  0.69  0.68     1.68  1.12  2.32  2.16  1.13
135   90     1.09  1.68  2.25  2.07  2.25  2.16  1.95  1.68  1.41  1.05  0.65  0.67     1.58  1.15  2.19  1.93  1.04
150   10     1.57  2.44  3.49  4.17  4.61  4.37  3.93  3.54  3.08  2.48  1.61  1.27     3.05  1.76  4.09  3.94  2.39
150   20     1.16  1.99  3.06  3.83  4.37  4.20  3.77  3.33  2.79  2.07  1.21  0.89     2.72  1.35  3.75  3.77  2.02
150   30     0.89  1.63  2.64  3.43  4.05  3.95  3.54  3.07  2.47  1.67  0.89  0.66     2.41  1.06  3.37  3.52  1.68
150   40     0.82  1.40  2.29  3.00  3.65  3.63  3.25  2.76  2.14  1.36  0.73  0.61     2.14  0.95  2.98  3.21  1.41
150   50     0.85  1.34  2.07  2.60  3.21  3.25  2.92  2.43  1.86  1.17  0.68  0.61     1.92  0.94  2.63  2.87  1.24
150   60     0.90  1.36  1.99  2.30  2.81  2.85  2.58  2.15  1.66  1.06  0.65  0.62     1.74  0.96  2.37  2.53  1.12
150   70     0.94  1.42  1.98  2.10  2.48  2.52  2.29  1.92  1.50  1.00  0.63  0.62     1.62  1.00  2.19  2.24  1.04
150   80     1.00  1.48  2.01  1.94  2.23  2.24  2.04  1.72  1.38  0.94  0.60  0.63     1.52  1.03  2.06  2.00  0.97
150   90     1.05  1.56  2.06  1.83  2.01  2.00  1.83  1.55  1.26  0.89  0.57  0.63     1.44  1.08  1.97  1.79  0.90
165   10     1.51  2.38  3.44  4.14  4.60  4.36  3.92  3.52  3.05  2.44  1.56  1.21     3.01  1.70  4.06  3.94  2.35
165   20     1.04  1.87  2.97  3.77  4.35  4.18  3.76  3.31  2.73  1.96  1.09  0.78     2.65  1.23  3.70  3.75  1.93
165   30     0.78  1.41  2.48  3.34  4.01  3.93  3.52  3.03  2.37  1.48  0.73  0.61     2.31  0.93  3.28  3.49  1.52
165   40     0.81  1.18  2.03  2.84  3.60  3.60  3.23  2.70  1.98  1.10  0.68  0.61     2.03  0.87  2.83  3.18  1.25
165   50     0.85  1.24  1.78  2.33  3.13  3.22  2.89  2.34  1.64  0.97  0.66  0.61     1.80  0.90  2.41  2.81  1.09
165   60     0.90  1.30  1.77  1.98  2.61  2.79  2.51  1.97  1.45  0.93  0.64  0.62     1.62  0.94  2.12  2.42  1.00
165   70     0.94  1.37  1.82  1.81  2.21  2.35  2.15  1.75  1.34  0.89  0.62  0.62     1.49  0.98  1.95  2.08  0.95
165   80     1.00  1.45  1.89  1.72  1.98  2.08  1.92  1.59  1.24  0.85  0.59  0.63     1.41  1.02  1.86  1.86  0.90
165   90     1.05  1.52  1.97  1.64  1.81  1.87  1.73  1.45  1.15  0.81  0.57  0.63     1.35  1.07  1.80  1.68  0.84
180   10     1.49  2.36  3.43  4.13  4.59  4.36  3.92  3.52  3.04  2.42  1.54  1.19     3.00  1.68  4.05  3.93  2.33
180   20     0.99  1.82  2.94  3.75  4.34  4.18  3.75  3.30  2.71  1.91  1.05  0.75     2.63  1.19  3.68  3.74  1.89
180   30     0.78  1.31  2.42  3.31  4.00  3.92  3.52  3.02  2.34  1.39  0.69  0.61     2.28  0.90  3.24  3.49  1.47
180   40     0.81  1.18  1.89  2.81  3.58  3.60  3.22  2.69  1.92  0.98  0.68  0.61     2.00  0.87  2.76  3.17  1.20
180   50     0.85  1.24  1.65  2.27  3.11  3.21  2.88  2.32  1.49  0.95  0.66  0.61     1.77  0.90  2.34  2.80  1.03
180   60     0.90  1.30  1.72  1.78  2.58  2.78  2.50  1.92  1.34  0.92  0.64  0.62     1.58  0.94  2.03  2.40  0.97
180   70     0.94  1.37  1.79  1.67  2.09  2.31  2.10  1.67  1.26  0.88  0.62  0.62     1.45  0.98  1.85  2.02  0.92
180   80     1.00  1.45  1.88  1.61  1.88  2.01  1.87  1.53  1.19  0.84  0.59  0.63     1.37  1.02  1.79  1.80  0.88
180   90     1.05  1.52  1.96  1.56  1.73  1.81  1.69  1.40  1.11  0.81  0.57  0.63     1.32  1.07  1.75  1.63  0.83
             72.1  65.4  51.4  26.6  12.9   6.5   8.4  16.9  31.6  50.0  62.3  69.5     41.3  68.9  29.7  10.7  49.1
             4.21  4.82  5.03  4.77  4.82  4.48  4.05  3.78  3.69  4.03  3.74  3.67     4.26  4.23  4.75  4.09  3.75
             3.77  4.53  4.99  4.67  4.42  4.00  3.67  3.57  3.66  3.99  3.53  3.31     4.01  3.87  4.69  3.75  3.72
             1.12  1.06  1.01  1.02  1.09  1.12  1.10  1.06  1.01  1.01  1.06  1.11     1.06  1.10  1.04  1.09  1.03
             1.85  1.56  1.27  1.05  0.93  0.90  0.91  0.96  1.11  1.38  1.72  1.95     1.30  1.79  1.09  0.92  1.40
temperature  -4.6  -4.3  -0.5   5.0   9.3  12.2  15.8  18.3  16.0  10.9   4.9  -1.3      6.8  -3.4   4.6  15.4  10.6
diffusedrad  1.01  1.46  2.01  2.24  2.57  2.80  2.70  2.33  1.87  1.37  0.95  0.81     1.84  1.10  2.27  2.61  1.40
snow10cm     0.93  0.96  0.84  0.19  0.00  0.00  0.00  0.00  0.00  0.00  0.02  0.37     0.28  0.75  0.34  0.00  0.01
