2 21126   穂別            42 45.7  142  8.6   56
             1.75  2.63  3.54  4.27  4.95  5.02  4.39  4.10  3.43  2.57  1.63  1.36     3.30  1.91  4.25  4.50  2.54
             1.99  3.10  4.21  4.78  5.66  5.82  5.68  4.79  3.93  2.87  1.93  1.59     3.52  2.09  4.68  5.09  2.70
             1.53  2.24  2.89  3.76  4.42  3.96  3.70  3.35  2.90  2.24  1.46  1.12     3.21  1.73  4.01  4.03  2.21
  0   10     2.12  3.02  3.86  4.47  5.02  5.03  4.42  4.20  3.65  2.88  1.93  1.66     3.52  2.26  4.45  4.55  2.82
  0   20     2.46  3.37  4.12  4.57  5.00  4.96  4.37  4.23  3.80  3.15  2.19  1.93     3.68  2.59  4.57  4.52  3.04
  0   30     2.76  3.67  4.32  4.58  4.88  4.79  4.25  4.17  3.87  3.34  2.40  2.15     3.76  2.86  4.59  4.40  3.20
  0   40     3.00  3.90  4.43  4.49  4.65  4.53  4.04  4.03  3.85  3.45  2.55  2.34     3.77  3.08  4.53  4.20  3.28
  0   50     3.18  4.05  4.47  4.30  4.35  4.19  3.76  3.82  3.75  3.48  2.64  2.46     3.71  3.23  4.38  3.92  3.29
  0   60     3.30  4.13  4.43  4.04  3.96  3.78  3.42  3.53  3.56  3.43  2.67  2.54     3.56  3.32  4.14  3.58  3.22
  0   70     3.34  4.12  4.30  3.68  3.50  3.31  3.03  3.18  3.31  3.30  2.64  2.55     3.35  3.34  3.83  3.17  3.08
  0   80     3.31  4.04  4.10  3.26  2.98  2.80  2.60  2.77  2.98  3.10  2.54  2.50     3.08  3.28  3.45  2.72  2.87
  0   90     3.21  3.87  3.83  2.78  2.44  2.28  2.16  2.32  2.60  2.82  2.38  2.40     2.76  3.16  3.02  2.25  2.60
 15   10     2.11  3.00  3.85  4.46  5.02  5.03  4.42  4.20  3.64  2.88  1.92  1.65     3.51  2.25  4.44  4.55  2.81
 15   20     2.43  3.35  4.11  4.56  4.99  4.96  4.37  4.22  3.79  3.13  2.16  1.91     3.67  2.56  4.55  4.52  3.03
 15   30     2.72  3.63  4.29  4.57  4.87  4.79  4.24  4.17  3.85  3.31  2.36  2.13     3.75  2.83  4.58  4.40  3.17
 15   40     2.95  3.86  4.41  4.48  4.66  4.54  4.04  4.03  3.83  3.42  2.50  2.30     3.75  3.03  4.52  4.20  3.25
 15   50     3.12  4.00  4.44  4.30  4.36  4.20  3.76  3.81  3.73  3.44  2.58  2.42     3.68  3.18  4.36  3.92  3.25
 15   60     3.22  4.07  4.39  4.03  3.98  3.80  3.43  3.53  3.55  3.38  2.60  2.49     3.54  3.26  4.13  3.59  3.18
 15   70     3.26  4.06  4.27  3.69  3.53  3.34  3.05  3.18  3.29  3.25  2.56  2.50     3.33  3.27  3.83  3.19  3.04
 15   80     3.22  3.97  4.07  3.27  3.02  2.85  2.63  2.78  2.98  3.04  2.46  2.45     3.06  3.21  3.45  2.75  2.83
 15   90     3.12  3.81  3.80  2.80  2.50  2.34  2.20  2.36  2.60  2.77  2.30  2.34     2.74  3.09  3.03  2.30  2.56
 30   10     2.06  2.96  3.82  4.43  5.01  5.03  4.41  4.19  3.62  2.84  1.88  1.62     3.49  2.21  4.42  4.54  2.78
 30   20     2.35  3.27  4.05  4.52  4.99  4.95  4.36  4.21  3.75  3.06  2.09  1.85     3.62  2.49  4.52  4.51  2.97
 30   30     2.60  3.52  4.21  4.52  4.87  4.80  4.24  4.15  3.79  3.22  2.26  2.04     3.69  2.72  4.54  4.39  3.09
 30   40     2.80  3.71  4.31  4.42  4.67  4.55  4.04  4.02  3.77  3.30  2.37  2.19     3.68  2.90  4.47  4.20  3.15
 30   50     2.94  3.83  4.33  4.25  4.38  4.23  3.77  3.81  3.66  3.31  2.43  2.29     3.60  3.02  4.32  3.94  3.13
 30   60     3.02  3.88  4.27  3.98  4.01  3.85  3.46  3.53  3.48  3.24  2.44  2.33     3.46  3.08  4.09  3.61  3.05
 30   70     3.04  3.85  4.14  3.66  3.60  3.42  3.09  3.21  3.23  3.10  2.38  2.33     3.25  3.07  3.80  3.24  2.90
 30   80     2.99  3.75  3.95  3.27  3.13  2.96  2.70  2.83  2.93  2.88  2.27  2.27     3.00  3.01  3.45  2.83  2.69
 30   90     2.89  3.59  3.70  2.84  2.65  2.48  2.29  2.44  2.57  2.61  2.11  2.17     2.69  2.88  3.06  2.40  2.43
 45   10     2.00  2.90  3.77  4.40  5.00  5.02  4.40  4.17  3.58  2.79  1.83  1.57     3.45  2.16  4.39  4.53  2.73
 45   20     2.23  3.14  3.95  4.46  4.97  4.95  4.35  4.18  3.67  2.96  2.00  1.75     3.55  2.37  4.46  4.49  2.88
 45   30     2.42  3.34  4.08  4.43  4.85  4.79  4.22  4.11  3.70  3.08  2.12  1.90     3.59  2.55  4.45  4.37  2.97
 45   40     2.57  3.48  4.14  4.33  4.66  4.56  4.03  3.97  3.65  3.13  2.20  2.01     3.56  2.69  4.38  4.19  2.99
 45   50     2.67  3.57  4.15  4.15  4.38  4.26  3.77  3.77  3.54  3.10  2.22  2.07     3.47  2.77  4.23  3.94  2.96
 45   60     2.72  3.59  4.08  3.90  4.06  3.91  3.47  3.51  3.36  3.02  2.21  2.10     3.33  2.80  4.01  3.63  2.86
 45   70     2.72  3.55  3.95  3.59  3.67  3.51  3.13  3.20  3.12  2.88  2.14  2.08     3.13  2.78  3.74  3.28  2.71
 45   80     2.66  3.45  3.78  3.23  3.25  3.08  2.76  2.86  2.84  2.67  2.02  2.01     2.88  2.71  3.42  2.90  2.51
 45   90     2.55  3.30  3.55  2.84  2.81  2.65  2.40  2.50  2.51  2.41  1.86  1.90     2.61  2.59  3.06  2.51  2.26
 60   10     1.92  2.81  3.69  4.35  4.97  5.01  4.39  4.14  3.53  2.72  1.77  1.50     3.40  2.08  4.34  4.51  2.67
 60   20     2.08  2.98  3.82  4.36  4.93  4.92  4.32  4.12  3.58  2.84  1.88  1.63     3.46  2.23  4.37  4.46  2.76
 60   30     2.21  3.12  3.90  4.32  4.81  4.77  4.19  4.04  3.57  2.89  1.95  1.73     3.46  2.35  4.34  4.33  2.81
 60   40     2.29  3.20  3.93  4.19  4.61  4.54  3.99  3.90  3.50  2.90  1.99  1.79     3.40  2.43  4.25  4.14  2.80
 60   50     2.36  3.25  3.90  4.01  4.36  4.26  3.75  3.70  3.38  2.86  1.98  1.82     3.30  2.47  4.09  3.91  2.74
 60   60     2.38  3.25  3.84  3.77  4.05  3.93  3.47  3.46  3.20  2.75  1.93  1.82     3.15  2.48  3.88  3.62  2.63
 60   70     2.36  3.20  3.71  3.48  3.69  3.56  3.14  3.16  2.97  2.61  1.86  1.78     2.96  2.44  3.63  3.29  2.48
 60   80     2.29  3.10  3.56  3.15  3.31  3.17  2.81  2.85  2.70  2.41  1.74  1.71     2.73  2.37  3.34  2.94  2.29
 60   90     2.20  2.98  3.36  2.79  2.89  2.77  2.46  2.50  2.41  2.18  1.59  1.61     2.48  2.26  3.02  2.58  2.06
 75   10     1.83  2.71  3.62  4.29  4.94  4.99  4.37  4.11  3.47  2.64  1.69  1.43     3.34  1.99  4.28  4.49  2.60
 75   20     1.91  2.80  3.67  4.26  4.87  4.89  4.29  4.06  3.47  2.68  1.74  1.49     3.34  2.06  4.27  4.41  2.63
 75   30     1.97  2.85  3.69  4.16  4.74  4.73  4.14  3.95  3.41  2.68  1.76  1.53     3.30  2.11  4.20  4.27  2.62
 75   40     2.00  2.89  3.67  4.02  4.54  4.50  3.94  3.80  3.32  2.64  1.75  1.55     3.22  2.15  4.08  4.08  2.57
 75   50     2.01  2.89  3.63  3.83  4.28  4.22  3.70  3.60  3.18  2.57  1.72  1.55     3.10  2.15  3.91  3.84  2.49
 75   60     2.01  2.87  3.54  3.59  3.99  3.91  3.43  3.36  2.99  2.46  1.65  1.52     2.94  2.13  3.71  3.56  2.37
 75   70     1.98  2.82  3.44  3.32  3.66  3.56  3.12  3.09  2.78  2.31  1.57  1.48     2.76  2.10  3.47  3.26  2.22
 75   80     1.92  2.73  3.29  3.00  3.29  3.19  2.80  2.78  2.53  2.13  1.46  1.41     2.54  2.02  3.19  2.92  2.04
 75   90     1.85  2.64  3.14  2.69  2.93  2.82  2.48  2.48  2.27  1.92  1.32  1.32     2.32  1.94  2.92  2.59  1.84
 90   10     1.73  2.61  3.53  4.23  4.91  4.97  4.35  4.07  3.41  2.55  1.62  1.35     3.28  1.90  4.22  4.46  2.52
 90   20     1.72  2.60  3.49  4.14  4.81  4.85  4.25  3.98  3.34  2.51  1.59  1.34     3.22  1.89  4.14  4.36  2.48
 90   30     1.71  2.58  3.45  3.99  4.64  4.67  4.08  3.84  3.24  2.45  1.56  1.33     3.13  1.88  4.03  4.20  2.42
 90   40     1.70  2.55  3.39  3.81  4.42  4.43  3.87  3.67  3.10  2.37  1.51  1.31     3.01  1.85  3.87  3.99  2.33
 90   50     1.69  2.53  3.31  3.60  4.16  4.15  3.63  3.46  2.94  2.26  1.45  1.28     2.87  1.83  3.69  3.74  2.22
 90   60     1.66  2.48  3.22  3.36  3.86  3.84  3.35  3.22  2.75  2.14  1.37  1.24     2.71  1.79  3.48  3.47  2.09
 90   70     1.63  2.44  3.12  3.09  3.55  3.51  3.06  2.95  2.54  1.99  1.28  1.19     2.53  1.76  3.25  3.17  1.94
 90   80     1.59  2.38  3.00  2.82  3.22  3.16  2.75  2.68  2.32  1.83  1.19  1.13     2.34  1.70  3.02  2.86  1.78
 90   90     1.54  2.31  2.88  2.52  2.86  2.80  2.44  2.39  2.08  1.66  1.08  1.06     2.13  1.64  2.75  2.54  1.60
105   10     1.64  2.50  3.43  4.17  4.88  4.95  4.33  4.03  3.34  2.46  1.53  1.27     3.21  1.80  4.16  4.44  2.44
105   20     1.54  2.39  3.32  4.00  4.73  4.81  4.20  3.90  3.21  2.34  1.44  1.20     3.09  1.71  4.02  4.30  2.33
105   30     1.47  2.29  3.19  3.80  4.52  4.59  4.01  3.72  3.05  2.21  1.36  1.14     2.95  1.63  3.84  4.11  2.20
105   40     1.41  2.22  3.08  3.58  4.27  4.33  3.78  3.51  2.87  2.08  1.28  1.08     2.79  1.57  3.64  3.87  2.08
105   50     1.38  2.16  2.98  3.33  3.99  4.03  3.52  3.28  2.68  1.95  1.19  1.04     2.63  1.53  3.44  3.61  1.94
105   60     1.35  2.12  2.88  3.09  3.69  3.71  3.24  3.04  2.48  1.81  1.12  0.99     2.46  1.48  3.22  3.33  1.80
105   70     1.33  2.08  2.78  2.84  3.37  3.38  2.94  2.78  2.29  1.68  1.03  0.95     2.29  1.45  3.00  3.04  1.67
105   80     1.30  2.04  2.70  2.57  3.06  3.05  2.65  2.51  2.08  1.54  0.95  0.90     2.11  1.42  2.78  2.74  1.52
105   90     1.28  2.00  2.60  2.33  2.75  2.72  2.37  2.26  1.88  1.40  0.86  0.85     1.94  1.38  2.56  2.45  1.38
120   10     1.54  2.40  3.35  4.10  4.84  4.93  4.31  3.99  3.27  2.37  1.46  1.20     3.15  1.71  4.10  4.41  2.37
120   20     1.37  2.19  3.14  3.87  4.65  4.76  4.15  3.81  3.07  2.17  1.30  1.06     2.96  1.54  3.89  4.24  2.18
120   30     1.24  2.02  2.94  3.61  4.39  4.51  3.94  3.59  2.85  1.97  1.17  0.96     2.77  1.41  3.65  4.01  2.00
120   40     1.17  1.90  2.77  3.33  4.09  4.20  3.67  3.34  2.63  1.80  1.06  0.89     2.57  1.32  3.40  3.74  1.83
120   50     1.12  1.82  2.64  3.05  3.77  3.87  3.38  3.08  2.41  1.64  0.97  0.83     2.38  1.26  3.15  3.44  1.67
120   60     1.10  1.79  2.53  2.78  3.45  3.54  3.09  2.82  2.21  1.51  0.90  0.79     2.21  1.22  2.92  3.15  1.54
120   70     1.09  1.76  2.46  2.54  3.14  3.20  2.80  2.57  2.01  1.39  0.82  0.76     2.04  1.21  2.71  2.86  1.41
120   80     1.09  1.76  2.39  2.31  2.84  2.88  2.51  2.32  1.83  1.26  0.76  0.73     1.89  1.19  2.51  2.57  1.28
120   90     1.09  1.75  2.34  2.08  2.55  2.57  2.24  2.08  1.65  1.16  0.70  0.70     1.74  1.18  2.32  2.30  1.17
135   10     1.47  2.31  3.27  4.05  4.81  4.92  4.29  3.95  3.21  2.30  1.40  1.14     3.09  1.64  4.04  4.39  2.30
135   20     1.22  2.02  2.98  3.76  4.58  4.72  4.12  3.74  2.95  2.02  1.18  0.94     2.85  1.39  3.77  4.19  2.05
135   30     1.05  1.78  2.70  3.42  4.27  4.43  3.87  3.47  2.67  1.75  1.00  0.81     2.60  1.21  3.47  3.92  1.81
135   40     0.96  1.62  2.47  3.07  3.90  4.08  3.57  3.17  2.38  1.53  0.88  0.73     2.36  1.10  3.15  3.60  1.60
135   50     0.94  1.54  2.31  2.75  3.52  3.70  3.23  2.86  2.13  1.36  0.80  0.69     2.15  1.05  2.86  3.26  1.43
135   60     0.94  1.51  2.21  2.47  3.17  3.32  2.91  2.58  1.92  1.24  0.74  0.67     1.97  1.04  2.62  2.94  1.30
135   70     0.95  1.52  2.15  2.23  2.85  2.98  2.62  2.33  1.74  1.14  0.69  0.65     1.82  1.04  2.41  2.64  1.19
135   80     0.96  1.54  2.11  2.02  2.57  2.67  2.34  2.10  1.59  1.04  0.64  0.63     1.69  1.05  2.23  2.37  1.09
135   90     0.99  1.57  2.10  1.83  2.31  2.38  2.09  1.89  1.44  0.97  0.59  0.62     1.57  1.06  2.08  2.12  1.00
150   10     1.40  2.24  3.20  4.01  4.79  4.91  4.28  3.92  3.17  2.23  1.35  1.08     3.05  1.57  4.00  4.37  2.25
150   20     1.09  1.86  2.85  3.67  4.53  4.70  4.09  3.68  2.85  1.89  1.07  0.84     2.76  1.26  3.68  4.16  1.94
150   30     0.89  1.56  2.49  3.27  4.18  4.39  3.83  3.37  2.50  1.55  0.86  0.69     2.46  1.04  3.31  3.86  1.64
150   40     0.84  1.37  2.19  2.85  3.75  4.00  3.49  3.01  2.15  1.29  0.75  0.65     2.20  0.96  2.93  3.50  1.40
150   50     0.86  1.32  2.00  2.45  3.28  3.54  3.10  2.64  1.86  1.13  0.70  0.64     1.96  0.94  2.58  3.10  1.23
150   60     0.88  1.34  1.92  2.14  2.86  3.08  2.72  2.32  1.65  1.03  0.67  0.63     1.77  0.95  2.31  2.71  1.12
150   70     0.91  1.38  1.90  1.92  2.52  2.71  2.41  2.07  1.50  0.96  0.63  0.62     1.63  0.97  2.12  2.40  1.03
150   80     0.94  1.42  1.90  1.75  2.27  2.40  2.15  1.87  1.38  0.90  0.59  0.61     1.51  0.99  1.97  2.14  0.96
150   90     0.96  1.47  1.92  1.61  2.05  2.15  1.93  1.70  1.26  0.84  0.56  0.60     1.42  1.01  1.86  1.93  0.89
165   10     1.36  2.19  3.16  3.98  4.78  4.90  4.28  3.91  3.14  2.19  1.31  1.05     3.02  1.53  3.97  4.36  2.21
165   20     1.00  1.76  2.76  3.62  4.50  4.68  4.08  3.65  2.79  1.80  1.00  0.77     2.70  1.18  3.63  4.14  1.86
165   30     0.82  1.38  2.34  3.19  4.14  4.38  3.81  3.31  2.39  1.40  0.75  0.66     2.38  0.95  3.22  3.83  1.51
165   40     0.84  1.21  1.95  2.70  3.70  3.98  3.47  2.92  1.97  1.08  0.72  0.65     2.10  0.90  2.78  3.46  1.26
165   50     0.86  1.25  1.74  2.18  3.19  3.52  3.07  2.49  1.61  0.98  0.69  0.64     1.85  0.92  2.37  3.02  1.09
165   60     0.88  1.29  1.72  1.84  2.63  2.99  2.63  2.07  1.42  0.93  0.66  0.63     1.64  0.94  2.06  2.56  1.00
165   70     0.91  1.34  1.74  1.66  2.22  2.48  2.23  1.83  1.32  0.89  0.63  0.62     1.49  0.96  1.87  2.18  0.94
165   80     0.94  1.40  1.77  1.54  2.00  2.18  1.98  1.67  1.23  0.84  0.59  0.61     1.40  0.98  1.77  1.94  0.89
165   90     0.96  1.45  1.81  1.43  1.82  1.97  1.79  1.53  1.15  0.79  0.56  0.60     1.32  1.00  1.69  1.76  0.83
180   10     1.34  2.17  3.15  3.98  4.77  4.90  4.27  3.90  3.13  2.18  1.30  1.04     3.01  1.52  3.96  4.36  2.20
180   20     0.97  1.72  2.72  3.60  4.50  4.68  4.08  3.63  2.77  1.76  0.97  0.75     2.68  1.15  3.61  4.13  1.83
180   30     0.82  1.30  2.27  3.16  4.13  4.37  3.80  3.29  2.36  1.33  0.74  0.66     2.35  0.93  3.19  3.82  1.48
180   40     0.84  1.21  1.81  2.67  3.68  3.97  3.46  2.89  1.91  1.00  0.72  0.65     2.07  0.90  2.72  3.44  1.21
180   50     0.86  1.25  1.62  2.13  3.17  3.50  3.06  2.45  1.44  0.97  0.69  0.64     1.81  0.92  2.31  3.00  1.03
180   60     0.88  1.29  1.66  1.65  2.60  2.98  2.62  1.97  1.30  0.93  0.66  0.63     1.60  0.94  1.97  2.52  0.96
180   70     0.91  1.34  1.70  1.53  2.10  2.41  2.16  1.71  1.24  0.88  0.63  0.62     1.44  0.96  1.77  2.09  0.92
180   80     0.94  1.40  1.74  1.43  1.88  2.09  1.92  1.57  1.17  0.84  0.59  0.61     1.35  0.98  1.69  1.86  0.86
180   90     0.96  1.45  1.78  1.36  1.74  1.89  1.74  1.45  1.09  0.79  0.56  0.60     1.28  1.00  1.63  1.69  0.81
             70.9  64.4  49.5  25.7  13.6   6.4   9.2  18.4  32.8  48.9  59.5  67.2     35.9  67.4  27.8  11.8  46.0
             3.34  4.14  4.47  4.59  5.02  5.04  4.42  4.23  3.87  3.48  2.67  2.55     3.99  3.34  4.59  4.55  3.30
             2.91  3.81  4.40  4.54  4.76  4.65  4.13  4.10  3.87  3.41  2.49  2.27     3.78  3.00  4.56  4.29  3.26
             1.15  1.09  1.02  1.01  1.05  1.08  1.07  1.03  1.00  1.02  1.07  1.12     1.06  1.12  1.03  1.06  1.03
             1.66  1.45  1.24  1.06  0.96  0.93  0.94  1.00  1.13  1.33  1.53  1.67     1.24  1.59  1.09  0.96  1.33
temperature  -8.6  -7.5  -2.1   5.0  10.8  15.2  18.9  20.4  15.7   8.8   2.1  -4.9      6.2  -7.0   4.6  18.2   8.9
diffusedrad  1.00  1.46  1.95  2.17  2.52  2.75  2.67  2.32  1.84  1.34  0.92  0.80     1.81  1.09  2.21  2.58  1.37
snow10cm     0.88  0.95  0.76  0.04  0.00  0.00  0.00  0.00  0.00  0.00  0.02  0.37     0.25  0.73  0.27  0.00  0.01
