2 21261   白老            42 32.6  141 21.1    6
             1.82  2.70  3.61  4.32  4.78  4.59  3.99  3.75  3.49  2.71  1.78  1.48     3.25  2.00  4.24  4.11  2.66
             2.09  3.24  3.97  4.77  5.80  5.36  4.99  4.60  4.02  2.99  2.14  1.72     3.44  2.26  4.67  4.69  2.91
             1.50  2.01  2.98  3.79  4.01  3.42  3.14  2.96  2.94  2.36  1.44  1.08     2.76  1.59  3.59  3.25  2.37
  0   10     2.23  3.13  3.96  4.51  4.85  4.61  4.02  3.83  3.72  3.07  2.14  1.85     3.49  2.40  4.44  4.15  2.98
  0   20     2.61  3.51  4.23  4.62  4.83  4.54  3.97  3.85  3.87  3.36  2.45  2.18     3.67  2.77  4.56  4.12  3.23
  0   30     2.94  3.83  4.42  4.62  4.71  4.39  3.86  3.79  3.94  3.58  2.71  2.46     3.77  3.08  4.59  4.01  3.41
  0   40     3.20  4.06  4.52  4.53  4.49  4.16  3.67  3.66  3.92  3.71  2.90  2.68     3.79  3.31  4.51  3.83  3.51
  0   50     3.39  4.21  4.52  4.34  4.20  3.86  3.43  3.46  3.82  3.75  3.02  2.84     3.74  3.48  4.35  3.58  3.53
  0   60     3.49  4.27  4.43  4.06  3.83  3.50  3.13  3.21  3.63  3.70  3.06  2.92     3.60  3.56  4.11  3.28  3.46
  0   70     3.52  4.24  4.24  3.70  3.38  3.08  2.79  2.89  3.37  3.56  3.03  2.93     3.39  3.56  3.77  2.92  3.32
  0   80     3.46  4.12  3.96  3.27  2.88  2.63  2.42  2.53  3.04  3.34  2.92  2.87     3.12  3.48  3.37  2.53  3.10
  0   90     3.31  3.91  3.61  2.77  2.38  2.17  2.03  2.14  2.65  3.04  2.74  2.73     2.79  3.32  2.92  2.11  2.81
 15   10     2.21  3.11  3.95  4.50  4.85  4.61  4.02  3.83  3.71  3.06  2.12  1.84     3.48  2.39  4.43  4.15  2.96
 15   20     2.58  3.48  4.22  4.61  4.83  4.54  3.97  3.84  3.86  3.34  2.42  2.15     3.65  2.74  4.55  4.12  3.21
 15   30     2.89  3.79  4.40  4.61  4.71  4.39  3.86  3.79  3.93  3.54  2.66  2.42     3.75  3.03  4.57  4.01  3.38
 15   40     3.13  4.01  4.49  4.52  4.50  4.16  3.67  3.65  3.91  3.67  2.83  2.63     3.77  3.26  4.50  3.83  3.47
 15   50     3.31  4.15  4.48  4.33  4.20  3.86  3.43  3.46  3.80  3.70  2.94  2.78     3.70  3.41  4.34  3.58  3.48
 15   60     3.40  4.21  4.39  4.06  3.84  3.51  3.14  3.20  3.61  3.65  2.97  2.86     3.57  3.49  4.09  3.28  3.41
 15   70     3.42  4.17  4.20  3.71  3.41  3.10  2.80  2.89  3.36  3.50  2.93  2.86     3.36  3.48  3.77  2.93  3.27
 15   80     3.35  4.04  3.93  3.28  2.93  2.67  2.44  2.54  3.03  3.28  2.82  2.80     3.09  3.40  3.38  2.55  3.04
 15   90     3.21  3.83  3.58  2.80  2.43  2.22  2.06  2.17  2.65  2.98  2.64  2.66     2.77  3.23  2.94  2.15  2.76
 30   10     2.17  3.07  3.92  4.48  4.84  4.60  4.01  3.82  3.69  3.02  2.08  1.80     3.46  2.34  4.41  4.14  2.93
 30   20     2.48  3.40  4.15  4.57  4.82  4.53  3.96  3.83  3.82  3.27  2.33  2.08     3.60  2.65  4.51  4.11  3.14
 30   30     2.75  3.66  4.31  4.56  4.71  4.39  3.85  3.76  3.87  3.44  2.54  2.31     3.68  2.91  4.53  4.00  3.28
 30   40     2.96  3.85  4.39  4.47  4.50  4.17  3.67  3.63  3.84  3.54  2.68  2.49     3.68  3.10  4.45  3.82  3.35
 30   50     3.10  3.96  4.37  4.28  4.23  3.88  3.43  3.44  3.73  3.55  2.75  2.61     3.61  3.22  4.29  3.59  3.35
 30   60     3.17  3.99  4.26  4.01  3.88  3.54  3.15  3.19  3.54  3.48  2.77  2.67     3.47  3.27  4.05  3.29  3.27
 30   70     3.16  3.93  4.07  3.68  3.48  3.16  2.83  2.90  3.29  3.34  2.71  2.66     3.27  3.25  3.74  2.96  3.11
 30   80     3.08  3.80  3.81  3.28  3.03  2.75  2.48  2.56  2.98  3.11  2.59  2.58     3.00  3.15  3.37  2.60  2.89
 30   90     2.94  3.60  3.47  2.84  2.57  2.33  2.13  2.21  2.61  2.81  2.40  2.44     2.70  2.99  2.96  2.22  2.61
 45   10     2.09  3.00  3.86  4.44  4.83  4.59  4.00  3.80  3.65  2.96  2.01  1.74     3.41  2.27  4.38  4.13  2.87
 45   20     2.34  3.26  4.05  4.50  4.80  4.52  3.95  3.79  3.74  3.16  2.22  1.96     3.52  2.52  4.45  4.09  3.04
 45   30     2.55  3.46  4.17  4.48  4.68  4.37  3.83  3.72  3.77  3.29  2.37  2.14     3.57  2.71  4.44  3.97  3.14
 45   40     2.70  3.61  4.21  4.37  4.49  4.17  3.65  3.59  3.72  3.35  2.46  2.27     3.55  2.86  4.36  3.80  3.18
 45   50     2.79  3.68  4.18  4.18  4.23  3.89  3.42  3.40  3.61  3.33  2.51  2.35     3.46  2.94  4.20  3.57  3.15
 45   60     2.83  3.68  4.06  3.93  3.91  3.57  3.15  3.16  3.43  3.25  2.49  2.38     3.32  2.96  3.97  3.29  3.06
 45   70     2.80  3.61  3.87  3.61  3.53  3.22  2.85  2.88  3.17  3.09  2.42  2.34     3.12  2.92  3.67  2.98  2.90
 45   80     2.71  3.48  3.63  3.25  3.12  2.83  2.52  2.57  2.89  2.87  2.29  2.25     2.87  2.81  3.33  2.64  2.68
 45   90     2.56  3.28  3.32  2.84  2.71  2.45  2.19  2.25  2.55  2.60  2.11  2.11     2.58  2.65  2.96  2.29  2.42
 60   10     2.00  2.90  3.78  4.39  4.81  4.58  3.99  3.78  3.60  2.88  1.94  1.66     3.36  2.19  4.33  4.12  2.81
 60   20     2.17  3.08  3.91  4.41  4.76  4.50  3.92  3.75  3.65  3.01  2.07  1.81     3.42  2.35  4.36  4.06  2.91
 60   30     2.30  3.22  3.97  4.36  4.64  4.35  3.80  3.67  3.64  3.08  2.17  1.93     3.43  2.48  4.32  3.94  2.96
 60   40     2.39  3.29  3.98  4.23  4.44  4.14  3.62  3.53  3.57  3.10  2.22  2.00     3.38  2.56  4.22  3.76  2.96
 60   50     2.44  3.33  3.91  4.04  4.20  3.89  3.40  3.34  3.44  3.06  2.22  2.04     3.27  2.60  4.05  3.54  2.90
 60   60     2.44  3.31  3.80  3.80  3.90  3.58  3.14  3.11  3.26  2.95  2.17  2.03     3.12  2.59  3.83  3.28  2.79
 60   70     2.39  3.22  3.62  3.50  3.55  3.24  2.84  2.84  3.02  2.80  2.09  1.98     2.92  2.53  3.55  2.97  2.64
 60   80     2.29  3.10  3.40  3.16  3.18  2.89  2.54  2.55  2.75  2.59  1.96  1.89     2.69  2.43  3.25  2.66  2.43
 60   90     2.16  2.94  3.13  2.79  2.78  2.53  2.23  2.24  2.45  2.34  1.79  1.75     2.43  2.28  2.90  2.33  2.19
 75   10     1.90  2.79  3.69  4.34  4.78  4.57  3.97  3.75  3.53  2.79  1.85  1.57     3.29  2.09  4.27  4.10  2.73
 75   20     1.97  2.88  3.74  4.30  4.71  4.47  3.89  3.69  3.53  2.84  1.91  1.64     3.30  2.17  4.25  4.02  2.76
 75   30     2.03  2.92  3.75  4.20  4.57  4.32  3.76  3.59  3.48  2.85  1.94  1.69     3.26  2.21  4.17  3.89  2.75
 75   40     2.06  2.96  3.70  4.06  4.38  4.11  3.58  3.44  3.38  2.81  1.94  1.72     3.17  2.24  4.04  3.71  2.71
 75   50     2.05  2.94  3.62  3.86  4.12  3.85  3.35  3.25  3.23  2.74  1.91  1.71     3.05  2.23  3.87  3.48  2.63
 75   60     2.03  2.90  3.48  3.61  3.84  3.56  3.10  3.02  3.04  2.62  1.83  1.67     2.89  2.20  3.64  3.22  2.50
 75   70     1.97  2.82  3.32  3.33  3.52  3.24  2.82  2.77  2.83  2.46  1.75  1.61     2.70  2.13  3.39  2.94  2.35
 75   80     1.88  2.70  3.11  3.01  3.16  2.90  2.53  2.49  2.57  2.28  1.63  1.52     2.48  2.03  3.09  2.64  2.16
 75   90     1.77  2.57  2.89  2.70  2.81  2.56  2.23  2.21  2.31  2.05  1.48  1.40     2.25  1.91  2.80  2.34  1.95
 90   10     1.79  2.67  3.60  4.27  4.75  4.55  3.96  3.72  3.46  2.69  1.76  1.47     3.22  1.98  4.21  4.08  2.64
 90   20     1.77  2.66  3.55  4.17  4.64  4.44  3.86  3.63  3.40  2.65  1.74  1.46     3.16  1.96  4.12  3.98  2.60
 90   30     1.75  2.63  3.48  4.03  4.48  4.27  3.71  3.50  3.30  2.59  1.70  1.44     3.07  1.94  4.00  3.82  2.53
 90   40     1.72  2.58  3.39  3.84  4.27  4.04  3.51  3.33  3.15  2.51  1.65  1.42     2.95  1.91  3.83  3.63  2.44
 90   50     1.68  2.54  3.27  3.63  4.01  3.78  3.29  3.13  2.99  2.39  1.59  1.38     2.81  1.87  3.64  3.40  2.32
 90   60     1.64  2.47  3.13  3.38  3.72  3.49  3.03  2.90  2.80  2.27  1.50  1.32     2.64  1.81  3.41  3.14  2.19
 90   70     1.58  2.40  2.98  3.10  3.42  3.19  2.76  2.65  2.58  2.11  1.41  1.26     2.45  1.75  3.17  2.87  2.03
 90   80     1.50  2.30  2.80  2.83  3.09  2.87  2.48  2.40  2.36  1.95  1.31  1.18     2.26  1.66  2.90  2.58  1.87
 90   90     1.42  2.21  2.60  2.52  2.75  2.54  2.20  2.13  2.11  1.76  1.18  1.08     2.04  1.57  2.63  2.29  1.68
105   10     1.68  2.56  3.50  4.21  4.71  4.53  3.94  3.68  3.39  2.59  1.66  1.38     3.15  1.87  4.14  4.05  2.55
105   20     1.57  2.43  3.36  4.04  4.57  4.40  3.82  3.56  3.26  2.46  1.56  1.28     3.03  1.76  3.99  3.93  2.43
105   30     1.48  2.32  3.21  3.84  4.37  4.20  3.65  3.40  3.10  2.32  1.46  1.20     2.88  1.67  3.80  3.75  2.29
105   40     1.40  2.23  3.05  3.60  4.12  3.96  3.44  3.20  2.92  2.18  1.37  1.13     2.72  1.59  3.59  3.53  2.16
105   50     1.34  2.14  2.91  3.35  3.85  3.69  3.20  2.98  2.72  2.05  1.28  1.08     2.55  1.52  3.37  3.29  2.02
105   60     1.28  2.07  2.76  3.11  3.56  3.39  2.94  2.75  2.52  1.91  1.20  1.01     2.38  1.45  3.14  3.03  1.88
105   70     1.24  2.01  2.60  2.85  3.25  3.08  2.67  2.52  2.32  1.77  1.10  0.96     2.20  1.40  2.90  2.76  1.73
105   80     1.18  1.94  2.46  2.57  2.94  2.78  2.40  2.26  2.11  1.62  1.02  0.89     2.02  1.34  2.66  2.48  1.58
105   90     1.12  1.87  2.29  2.32  2.64  2.48  2.14  2.03  1.91  1.48  0.93  0.82     1.84  1.27  2.42  2.21  1.44
120   10     1.58  2.44  3.40  4.14  4.68  4.52  3.92  3.65  3.33  2.50  1.57  1.28     3.09  1.77  4.07  4.03  2.47
120   20     1.37  2.21  3.17  3.91  4.50  4.36  3.79  3.50  3.12  2.27  1.39  1.11     2.89  1.57  3.86  3.88  2.26
120   30     1.22  2.02  2.93  3.64  4.25  4.14  3.59  3.30  2.90  2.06  1.24  0.98     2.69  1.41  3.61  3.68  2.06
120   40     1.11  1.87  2.72  3.35  3.96  3.86  3.36  3.07  2.67  1.87  1.11  0.89     2.49  1.29  3.34  3.43  1.88
120   50     1.05  1.76  2.53  3.07  3.65  3.56  3.10  2.82  2.44  1.71  1.01  0.82     2.29  1.21  3.08  3.16  1.72
120   60     1.00  1.70  2.37  2.79  3.34  3.25  2.83  2.58  2.24  1.56  0.94  0.76     2.11  1.15  2.83  2.89  1.58
120   70     0.96  1.65  2.24  2.54  3.03  2.94  2.56  2.35  2.04  1.45  0.85  0.72     1.95  1.11  2.61  2.62  1.45
120   80     0.93  1.62  2.12  2.31  2.74  2.64  2.30  2.12  1.85  1.31  0.79  0.68     1.78  1.08  2.39  2.35  1.32
120   90     0.91  1.58  2.00  2.08  2.45  2.36  2.04  1.89  1.68  1.21  0.73  0.63     1.63  1.04  2.18  2.10  1.20
135   10     1.49  2.35  3.31  4.09  4.65  4.50  3.91  3.62  3.27  2.41  1.50  1.20     3.02  1.68  4.02  4.01  2.39
135   20     1.20  2.02  2.99  3.79  4.43  4.33  3.76  3.44  3.00  2.10  1.24  0.96     2.77  1.39  3.74  3.84  2.11
135   30     1.00  1.75  2.67  3.45  4.14  4.08  3.54  3.20  2.70  1.81  1.03  0.79     2.51  1.18  3.42  3.61  1.85
135   40     0.88  1.55  2.39  3.09  3.79  3.77  3.28  2.93  2.41  1.57  0.89  0.69     2.27  1.04  3.09  3.33  1.63
135   50     0.83  1.45  2.17  2.76  3.42  3.42  2.98  2.65  2.15  1.39  0.80  0.64     2.06  0.97  2.78  3.02  1.45
135   60     0.81  1.40  2.01  2.47  3.08  3.08  2.69  2.39  1.93  1.26  0.74  0.61     1.87  0.94  2.52  2.72  1.31
135   70     0.80  1.38  1.90  2.23  2.77  2.76  2.42  2.16  1.76  1.17  0.69  0.58     1.72  0.92  2.30  2.45  1.20
135   80     0.79  1.38  1.80  2.01  2.49  2.47  2.17  1.94  1.60  1.07  0.65  0.55     1.58  0.91  2.10  2.19  1.11
135   90     0.79  1.38  1.74  1.82  2.24  2.21  1.93  1.74  1.45  0.99  0.60  0.52     1.45  0.90  1.93  1.96  1.01
150   10     1.41  2.27  3.24  4.04  4.63  4.50  3.90  3.60  3.22  2.34  1.44  1.14     2.98  1.61  3.97  4.00  2.33
150   20     1.06  1.85  2.84  3.70  4.39  4.31  3.74  3.40  2.90  1.96  1.12  0.83     2.67  1.25  3.65  3.81  1.99
150   30     0.82  1.50  2.43  3.30  4.06  4.05  3.51  3.13  2.54  1.59  0.86  0.64     2.37  0.99  3.26  3.56  1.66
150   40     0.74  1.28  2.07  2.86  3.65  3.71  3.22  2.81  2.18  1.30  0.73  0.59     2.10  0.87  2.86  3.25  1.40
150   50     0.74  1.21  1.83  2.45  3.20  3.31  2.89  2.49  1.88  1.13  0.68  0.58     1.86  0.84  2.49  2.89  1.23
150   60     0.75  1.20  1.69  2.13  2.79  2.90  2.55  2.20  1.66  1.03  0.65  0.56     1.68  0.83  2.20  2.55  1.11
150   70     0.75  1.22  1.61  1.91  2.46  2.55  2.26  1.97  1.50  0.96  0.62  0.54     1.53  0.83  2.00  2.26  1.03
150   80     0.76  1.24  1.56  1.74  2.21  2.27  2.02  1.77  1.38  0.90  0.58  0.52     1.41  0.84  1.84  2.02  0.96
150   90     0.76  1.27  1.53  1.59  1.99  2.03  1.81  1.60  1.27  0.85  0.55  0.50     1.31  0.84  1.70  1.81  0.89
165   10     1.37  2.22  3.20  4.02  4.62  4.49  3.89  3.59  3.19  2.30  1.40  1.10     2.95  1.56  3.95  3.99  2.29
165   20     0.95  1.74  2.74  3.65  4.37  4.30  3.73  3.37  2.83  1.86  1.02  0.75     2.61  1.15  3.59  3.80  1.91
165   30     0.73  1.31  2.26  3.21  4.02  4.03  3.49  3.09  2.42  1.42  0.73  0.61     2.28  0.88  3.16  3.54  1.52
165   40     0.74  1.09  1.80  2.71  3.60  3.69  3.20  2.75  1.99  1.07  0.69  0.59     1.99  0.81  2.70  3.21  1.25
165   50     0.74  1.12  1.53  2.18  3.12  3.28  2.86  2.38  1.62  0.96  0.67  0.58     1.75  0.81  2.28  2.84  1.08
165   60     0.75  1.15  1.45  1.82  2.58  2.83  2.48  2.01  1.42  0.91  0.64  0.56     1.55  0.82  1.95  2.44  0.99
165   70     0.75  1.18  1.43  1.64  2.19  2.37  2.12  1.78  1.31  0.87  0.61  0.54     1.40  0.82  1.75  2.09  0.93
165   80     0.76  1.21  1.42  1.51  1.96  2.10  1.90  1.62  1.22  0.83  0.58  0.52     1.30  0.83  1.63  1.87  0.88
165   90     0.76  1.25  1.40  1.41  1.79  1.89  1.71  1.48  1.15  0.79  0.55  0.50     1.22  0.83  1.53  1.69  0.83
180   10     1.35  2.20  3.18  4.01  4.62  4.49  3.89  3.58  3.18  2.28  1.38  1.08     2.94  1.54  3.94  3.99  2.28
180   20     0.92  1.70  2.70  3.64  4.36  4.30  3.72  3.36  2.81  1.82  0.99  0.72     2.59  1.11  3.57  3.79  1.87
180   30     0.73  1.23  2.18  3.19  4.01  4.03  3.49  3.07  2.39  1.34  0.71  0.61     2.25  0.85  3.13  3.53  1.48
180   40     0.74  1.09  1.65  2.68  3.59  3.68  3.19  2.73  1.93  0.97  0.69  0.59     1.96  0.81  2.64  3.20  1.20
180   50     0.74  1.12  1.39  2.13  3.10  3.27  2.85  2.35  1.44  0.94  0.67  0.58     1.72  0.81  2.21  2.83  1.02
180   60     0.75  1.15  1.38  1.64  2.56  2.82  2.47  1.94  1.29  0.91  0.64  0.56     1.51  0.82  1.86  2.41  0.95
180   70     0.75  1.18  1.38  1.51  2.07  2.33  2.07  1.69  1.23  0.87  0.61  0.54     1.35  0.82  1.65  2.03  0.91
180   80     0.76  1.21  1.37  1.41  1.86  2.03  1.84  1.55  1.16  0.83  0.58  0.52     1.26  0.83  1.55  1.81  0.86
180   90     0.76  1.25  1.37  1.34  1.71  1.83  1.67  1.43  1.09  0.79  0.55  0.50     1.19  0.83  1.47  1.64  0.81
             67.8  61.6  45.1  25.5  13.2   6.5   8.8  17.2  32.9  49.7  60.8  66.4     37.7  65.1  27.5  10.9  47.3
             3.52  4.27  4.53  4.63  4.86  4.61  4.02  3.85  3.95  3.75  3.06  2.94     4.00  3.57  4.59  4.15  3.53
             3.15  4.01  4.51  4.56  4.55  4.22  3.72  3.70  3.94  3.68  2.86  2.64     3.79  3.27  4.54  3.88  3.49
             1.12  1.06  1.00  1.02  1.07  1.09  1.08  1.04  1.00  1.02  1.07  1.11     1.06  1.10  1.03  1.07  1.03
             1.73  1.49  1.25  1.06  0.95  0.92  0.93  0.99  1.13  1.36  1.61  1.78     1.27  1.67  1.09  0.95  1.36
temperature  -4.1  -3.8  -0.2   4.8   9.4  13.5  17.4  19.9  16.6  10.5   4.1  -1.5      7.2  -3.1   4.7  16.9  10.4
diffusedrad  0.95  1.39  1.84  2.16  2.52  2.78  2.65  2.33  1.84  1.33  0.92  0.78     1.79  1.04  2.17  2.59  1.36
snow10cm     0.47  0.67  0.34  0.03  0.00  0.00  0.00  0.00  0.00  0.00  0.00  0.10     0.14  0.41  0.12  0.00  0.00
