1 21323   室蘭            42 18.7  140 58.5   40
             1.58  2.55  3.79  4.66  5.01  4.91  4.29  4.01  3.74  2.94  1.74  1.28     3.37  1.80  4.49  4.41  2.80
             1.94  2.94  4.26  5.06  5.85  5.53  5.02  4.89  4.31  3.36  1.90  1.36     3.45  1.91  4.72  4.84  3.00
             1.29  2.14  3.20  3.81  4.18  4.02  3.67  3.21  3.12  2.38  1.42  1.02     3.17  1.49  3.94  3.75  2.48
  0   10     1.86  2.91  4.18  4.88  5.08  4.92  4.32  4.11  4.00  3.35  2.02  1.51     3.59  2.09  4.71  4.45  3.12
  0   20     2.11  3.23  4.48  5.00  5.06  4.84  4.27  4.13  4.18  3.69  2.29  1.72     3.75  2.36  4.84  4.42  3.38
  0   30     2.32  3.49  4.68  5.01  4.93  4.68  4.14  4.07  4.26  3.94  2.50  1.89     3.83  2.57  4.87  4.30  3.56
  0   40     2.48  3.68  4.77  4.91  4.70  4.42  3.94  3.93  4.25  4.09  2.65  2.02     3.82  2.73  4.79  4.10  3.66
  0   50     2.59  3.79  4.76  4.70  4.39  4.09  3.67  3.72  4.13  4.14  2.74  2.10     3.74  2.83  4.62  3.83  3.67
  0   60     2.64  3.81  4.64  4.40  3.99  3.70  3.34  3.44  3.93  4.10  2.77  2.13     3.57  2.86  4.34  3.49  3.60
  0   70     2.63  3.76  4.42  4.00  3.52  3.24  2.96  3.09  3.65  3.95  2.73  2.12     3.34  2.83  3.98  3.10  3.44
  0   80     2.56  3.62  4.09  3.52  2.99  2.75  2.55  2.69  3.28  3.71  2.62  2.05     3.04  2.74  3.54  2.67  3.20
  0   90     2.43  3.41  3.68  2.97  2.45  2.25  2.12  2.27  2.85  3.38  2.45  1.94     2.68  2.59  3.04  2.21  2.89
 15   10     1.85  2.90  4.17  4.87  5.08  4.92  4.32  4.11  3.99  3.34  2.01  1.51     3.59  2.08  4.71  4.45  3.11
 15   20     2.09  3.21  4.46  4.99  5.05  4.84  4.26  4.13  4.16  3.66  2.27  1.71     3.73  2.33  4.83  4.41  3.36
 15   30     2.29  3.46  4.65  5.00  4.93  4.68  4.14  4.07  4.24  3.90  2.47  1.87     3.81  2.54  4.86  4.29  3.54
 15   40     2.44  3.63  4.74  4.90  4.71  4.43  3.94  3.93  4.23  4.04  2.62  1.99     3.80  2.69  4.78  4.10  3.63
 15   50     2.54  3.73  4.72  4.69  4.39  4.10  3.67  3.71  4.12  4.09  2.70  2.06     3.71  2.78  4.60  3.83  3.64
 15   60     2.58  3.75  4.60  4.39  4.01  3.72  3.35  3.44  3.91  4.03  2.72  2.09     3.55  2.81  4.33  3.50  3.56
 15   70     2.56  3.69  4.38  4.01  3.55  3.27  2.98  3.10  3.63  3.88  2.67  2.07     3.32  2.77  3.98  3.11  3.40
 15   80     2.49  3.55  4.06  3.54  3.04  2.79  2.58  2.71  3.28  3.63  2.56  2.00     3.02  2.68  3.54  2.69  3.16
 15   90     2.36  3.34  3.65  3.01  2.51  2.30  2.16  2.30  2.86  3.30  2.39  1.89     2.67  2.53  3.06  2.25  2.85
 30   10     1.81  2.86  4.13  4.84  5.07  4.92  4.31  4.09  3.96  3.29  1.98  1.48     3.56  2.05  4.68  4.44  3.08
 30   20     2.02  3.13  4.39  4.94  5.05  4.84  4.26  4.11  4.11  3.58  2.21  1.66     3.69  2.27  4.79  4.40  3.30
 30   30     2.19  3.35  4.56  4.94  4.93  4.68  4.13  4.05  4.17  3.78  2.38  1.80     3.75  2.45  4.81  4.29  3.44
 30   40     2.32  3.49  4.63  4.84  4.72  4.44  3.94  3.91  4.15  3.90  2.50  1.90     3.73  2.57  4.73  4.10  3.52
 30   50     2.40  3.56  4.59  4.64  4.42  4.13  3.68  3.71  4.04  3.92  2.56  1.95     3.63  2.64  4.55  3.84  3.51
 30   60     2.42  3.56  4.46  4.34  4.05  3.76  3.37  3.44  3.84  3.85  2.56  1.97     3.47  2.65  4.28  3.52  3.42
 30   70     2.39  3.49  4.24  3.98  3.63  3.34  3.02  3.12  3.57  3.69  2.51  1.94     3.24  2.60  3.95  3.16  3.25
 30   80     2.31  3.34  3.93  3.54  3.16  2.90  2.64  2.75  3.23  3.44  2.39  1.86     2.96  2.50  3.54  2.76  3.02
 30   90     2.17  3.13  3.54  3.06  2.67  2.44  2.25  2.37  2.83  3.11  2.21  1.75     2.63  2.35  3.09  2.35  2.72
 45   10     1.76  2.80  4.07  4.80  5.06  4.91  4.30  4.08  3.92  3.23  1.93  1.44     3.52  2.00  4.64  4.43  3.02
 45   20     1.93  3.01  4.28  4.86  5.03  4.83  4.24  4.08  4.03  3.45  2.11  1.58     3.62  2.17  4.72  4.38  3.20
 45   30     2.06  3.17  4.40  4.84  4.90  4.67  4.11  4.01  4.07  3.61  2.23  1.68     3.65  2.30  4.71  4.26  3.31
 45   40     2.14  3.28  4.43  4.73  4.71  4.45  3.92  3.87  4.02  3.68  2.31  1.75     3.61  2.39  4.62  4.08  3.34
 45   50     2.19  3.32  4.39  4.53  4.43  4.15  3.68  3.67  3.90  3.67  2.34  1.78     3.50  2.43  4.45  3.83  3.30
 45   60     2.19  3.29  4.25  4.26  4.09  3.81  3.38  3.41  3.71  3.58  2.32  1.78     3.34  2.42  4.20  3.53  3.21
 45   70     2.14  3.20  4.03  3.91  3.70  3.42  3.05  3.11  3.44  3.42  2.25  1.73     3.12  2.36  3.88  3.20  3.04
 45   80     2.04  3.06  3.74  3.51  3.26  3.00  2.70  2.77  3.13  3.17  2.12  1.65     2.85  2.25  3.51  2.82  2.81
 45   90     1.91  2.86  3.38  3.07  2.82  2.59  2.34  2.42  2.76  2.87  1.95  1.53     2.54  2.10  3.09  2.45  2.53
 60   10     1.70  2.71  3.98  4.74  5.04  4.89  4.29  4.05  3.86  3.14  1.86  1.39     3.47  1.94  4.59  4.41  2.95
 60   20     1.81  2.86  4.12  4.76  4.99  4.81  4.22  4.03  3.92  3.29  1.97  1.48     3.52  2.05  4.62  4.35  3.06
 60   30     1.89  2.96  4.19  4.71  4.86  4.65  4.09  3.94  3.92  3.37  2.05  1.54     3.52  2.13  4.59  4.23  3.12
 60   40     1.93  3.00  4.19  4.58  4.66  4.42  3.89  3.80  3.85  3.40  2.09  1.58     3.45  2.17  4.47  4.04  3.12
 60   50     1.94  3.01  4.10  4.37  4.41  4.15  3.65  3.60  3.72  3.36  2.08  1.57     3.33  2.17  4.29  3.80  3.05
 60   60     1.91  2.97  3.97  4.11  4.09  3.83  3.38  3.36  3.53  3.25  2.04  1.55     3.16  2.14  4.05  3.52  2.94
 60   70     1.85  2.86  3.75  3.78  3.72  3.46  3.06  3.07  3.28  3.08  1.95  1.49     2.95  2.07  3.75  3.19  2.77
 60   80     1.75  2.73  3.49  3.42  3.33  3.09  2.73  2.76  2.98  2.85  1.83  1.40     2.70  1.96  3.42  2.86  2.55
 60   90     1.64  2.55  3.17  3.02  2.92  2.69  2.39  2.43  2.66  2.59  1.66  1.29     2.42  1.83  3.04  2.50  2.30
 75   10     1.63  2.62  3.89  4.68  5.01  4.88  4.27  4.02  3.79  3.04  1.78  1.33     3.41  1.86  4.52  4.39  2.87
 75   20     1.67  2.68  3.93  4.64  4.93  4.78  4.18  3.96  3.79  3.09  1.83  1.37     3.41  1.91  4.50  4.31  2.91
 75   30     1.70  2.71  3.94  4.53  4.79  4.61  4.04  3.86  3.74  3.11  1.85  1.38     3.36  1.93  4.42  4.17  2.90
 75   40     1.70  2.71  3.88  4.38  4.59  4.39  3.85  3.70  3.64  3.07  1.84  1.38     3.26  1.93  4.28  3.98  2.85
 75   50     1.67  2.67  3.78  4.17  4.32  4.11  3.61  3.50  3.49  3.00  1.80  1.36     3.12  1.90  4.09  3.74  2.77
 75   60     1.63  2.61  3.62  3.90  4.03  3.81  3.34  3.26  3.29  2.87  1.73  1.31     2.95  1.85  3.85  3.47  2.63
 75   70     1.56  2.51  3.42  3.61  3.69  3.47  3.04  3.00  3.06  2.71  1.64  1.25     2.75  1.77  3.57  3.17  2.47
 75   80     1.46  2.38  3.17  3.26  3.31  3.10  2.72  2.70  2.78  2.50  1.53  1.16     2.51  1.67  3.25  2.84  2.27
 75   90     1.36  2.23  2.92  2.92  2.95  2.74  2.40  2.40  2.50  2.26  1.38  1.05     2.26  1.55  2.93  2.52  2.05
 90   10     1.55  2.52  3.78  4.61  4.97  4.86  4.25  3.98  3.71  2.92  1.70  1.27     3.34  1.78  4.45  4.37  2.78
 90   20     1.53  2.49  3.73  4.50  4.86  4.74  4.15  3.89  3.65  2.88  1.68  1.25     3.28  1.76  4.36  4.26  2.73
 90   30     1.50  2.45  3.65  4.34  4.69  4.56  3.99  3.75  3.54  2.82  1.64  1.22     3.18  1.72  4.23  4.10  2.66
 90   40     1.46  2.39  3.54  4.14  4.47  4.32  3.78  3.58  3.39  2.73  1.58  1.19     3.05  1.68  4.05  3.89  2.57
 90   50     1.41  2.33  3.40  3.91  4.21  4.04  3.54  3.37  3.22  2.60  1.52  1.14     2.89  1.63  3.84  3.65  2.45
 90   60     1.35  2.24  3.24  3.65  3.90  3.73  3.26  3.13  3.02  2.48  1.44  1.08     2.71  1.55  3.60  3.38  2.31
 90   70     1.28  2.15  3.05  3.35  3.58  3.41  2.97  2.86  2.78  2.30  1.34  1.01     2.51  1.48  3.33  3.08  2.14
 90   80     1.20  2.03  2.83  3.05  3.25  3.07  2.68  2.60  2.55  2.13  1.24  0.94     2.30  1.39  3.04  2.78  1.97
 90   90     1.12  1.92  2.60  2.72  2.88  2.72  2.37  2.31  2.28  1.93  1.12  0.85     2.07  1.29  2.74  2.47  1.77
105   10     1.48  2.42  3.67  4.53  4.94  4.84  4.23  3.94  3.63  2.81  1.62  1.21     3.28  1.70  4.38  4.34  2.69
105   20     1.39  2.29  3.52  4.35  4.79  4.70  4.11  3.81  3.49  2.67  1.52  1.14     3.15  1.61  4.22  4.21  2.56
105   30     1.31  2.18  3.34  4.13  4.58  4.49  3.92  3.64  3.31  2.51  1.42  1.07     2.99  1.52  4.01  4.02  2.42
105   40     1.23  2.08  3.17  3.87  4.32  4.23  3.69  3.43  3.12  2.36  1.34  1.00     2.82  1.44  3.79  3.78  2.27
105   50     1.17  1.98  3.00  3.60  4.03  3.94  3.44  3.20  2.92  2.22  1.24  0.94     2.64  1.37  3.54  3.52  2.13
105   60     1.10  1.89  2.82  3.34  3.73  3.62  3.16  2.96  2.70  2.07  1.16  0.88     2.45  1.29  3.29  3.25  1.98
105   70     1.05  1.81  2.63  3.06  3.40  3.29  2.87  2.71  2.49  1.92  1.07  0.82     2.26  1.22  3.03  2.96  1.83
105   80     0.98  1.72  2.46  2.77  3.09  2.97  2.58  2.44  2.26  1.76  0.99  0.75     2.06  1.15  2.77  2.67  1.67
105   90     0.92  1.63  2.26  2.49  2.77  2.65  2.30  2.19  2.05  1.60  0.89  0.68     1.87  1.08  2.51  2.38  1.51
120   10     1.41  2.32  3.56  4.46  4.90  4.82  4.21  3.90  3.56  2.70  1.54  1.15     3.21  1.63  4.31  4.32  2.60
120   20     1.25  2.11  3.30  4.20  4.71  4.66  4.07  3.74  3.33  2.45  1.37  1.02     3.02  1.46  4.07  4.15  2.38
120   30     1.13  1.92  3.04  3.90  4.45  4.41  3.85  3.52  3.09  2.21  1.22  0.92     2.81  1.33  3.79  3.93  2.17
120   40     1.04  1.77  2.80  3.59  4.14  4.11  3.60  3.27  2.84  2.01  1.10  0.84     2.59  1.22  3.51  3.66  1.98
120   50     0.97  1.66  2.58  3.28  3.81  3.79  3.31  3.01  2.60  1.83  1.01  0.78     2.39  1.14  3.22  3.37  1.81
120   60     0.91  1.58  2.39  2.98  3.49  3.46  3.03  2.75  2.38  1.67  0.93  0.72     2.19  1.07  2.95  3.08  1.66
120   70     0.86  1.50  2.23  2.71  3.17  3.13  2.74  2.51  2.17  1.54  0.85  0.67     2.01  1.01  2.70  2.79  1.52
120   80     0.81  1.45  2.08  2.46  2.86  2.81  2.46  2.27  1.97  1.41  0.79  0.62     1.83  0.96  2.47  2.51  1.39
120   90     0.77  1.39  1.94  2.21  2.56  2.51  2.19  2.03  1.79  1.29  0.72  0.57     1.66  0.91  2.24  2.24  1.27
135   10     1.35  2.23  3.46  4.39  4.87  4.81  4.20  3.87  3.49  2.60  1.47  1.10     3.15  1.56  4.24  4.29  2.52
135   20     1.14  1.94  3.10  4.07  4.64  4.62  4.03  3.67  3.19  2.25  1.24  0.93     2.90  1.33  3.94  4.11  2.23
135   30     0.98  1.69  2.74  3.69  4.33  4.35  3.79  3.41  2.87  1.93  1.04  0.80     2.63  1.16  3.59  3.85  1.95
135   40     0.88  1.50  2.43  3.29  3.95  4.01  3.50  3.11  2.55  1.66  0.91  0.72     2.38  1.03  3.22  3.54  1.71
135   50     0.82  1.38  2.17  2.93  3.57  3.63  3.18  2.81  2.27  1.46  0.82  0.67     2.14  0.96  2.89  3.21  1.52
135   60     0.79  1.32  1.99  2.61  3.20  3.26  2.87  2.53  2.03  1.33  0.76  0.63     1.94  0.91  2.60  2.88  1.37
135   70     0.75  1.27  1.85  2.35  2.88  2.92  2.57  2.28  1.84  1.22  0.71  0.59     1.77  0.87  2.36  2.59  1.26
135   80     0.72  1.24  1.73  2.12  2.59  2.62  2.30  2.06  1.68  1.12  0.66  0.55     1.62  0.84  2.15  2.32  1.15
135   90     0.70  1.22  1.63  1.91  2.33  2.33  2.05  1.85  1.53  1.04  0.61  0.51     1.48  0.81  1.96  2.08  1.06
150   10     1.30  2.17  3.39  4.35  4.85  4.80  4.19  3.85  3.44  2.52  1.41  1.05     3.11  1.51  4.20  4.28  2.46
150   20     1.04  1.80  2.94  3.97  4.59  4.60  4.01  3.62  3.08  2.09  1.13  0.85     2.81  1.23  3.83  4.08  2.10
150   30     0.86  1.48  2.48  3.51  4.24  4.31  3.75  3.32  2.67  1.68  0.89  0.71     2.49  1.01  3.41  3.79  1.75
150   40     0.78  1.27  2.08  3.03  3.81  3.94  3.43  2.97  2.28  1.35  0.77  0.66     2.20  0.90  2.97  3.45  1.47
150   50     0.77  1.18  1.79  2.58  3.33  3.50  3.06  2.61  1.95  1.16  0.71  0.64     1.94  0.86  2.56  3.06  1.27
150   60     0.75  1.15  1.62  2.23  2.89  3.04  2.69  2.30  1.72  1.05  0.68  0.60     1.73  0.83  2.25  2.68  1.15
150   70     0.73  1.13  1.52  1.99  2.55  2.68  2.38  2.05  1.55  0.98  0.64  0.57     1.56  0.81  2.02  2.37  1.06
150   80     0.70  1.13  1.45  1.80  2.29  2.37  2.13  1.85  1.43  0.93  0.60  0.54     1.43  0.79  1.85  2.12  0.99
150   90     0.68  1.13  1.40  1.65  2.06  2.12  1.90  1.67  1.31  0.88  0.57  0.50     1.32  0.77  1.70  1.90  0.92
165   10     1.26  2.13  3.34  4.32  4.84  4.79  4.18  3.83  3.40  2.47  1.38  1.03     3.08  1.47  4.17  4.27  2.42
165   20     0.97  1.70  2.83  3.91  4.57  4.59  4.00  3.58  3.00  1.98  1.04  0.79     2.75  1.15  3.77  4.06  2.01
165   30     0.79  1.31  2.29  3.41  4.20  4.29  3.74  3.27  2.55  1.48  0.78  0.68     2.40  0.93  3.30  3.77  1.60
165   40     0.78  1.10  1.77  2.86  3.75  3.92  3.41  2.89  2.07  1.09  0.73  0.66     2.09  0.85  2.79  3.41  1.30
165   50     0.77  1.10  1.46  2.27  3.24  3.47  3.03  2.47  1.65  0.95  0.71  0.64     1.81  0.83  2.32  2.99  1.11
165   60     0.75  1.10  1.36  1.87  2.67  2.97  2.61  2.06  1.44  0.92  0.68  0.60     1.58  0.82  1.96  2.55  1.01
165   70     0.73  1.10  1.31  1.67  2.24  2.47  2.21  1.82  1.33  0.88  0.64  0.57     1.42  0.80  1.74  2.17  0.95
165   80     0.70  1.11  1.28  1.54  2.01  2.17  1.97  1.66  1.24  0.84  0.60  0.54     1.31  0.78  1.61  1.93  0.90
165   90     0.68  1.11  1.25  1.44  1.83  1.95  1.78  1.52  1.17  0.80  0.57  0.50     1.22  0.76  1.51  1.75  0.85
180   10     1.25  2.11  3.32  4.32  4.84  4.79  4.18  3.83  3.39  2.46  1.37  1.02     3.07  1.46  4.16  4.27  2.41
180   20     0.94  1.67  2.79  3.89  4.56  4.59  4.00  3.57  2.98  1.93  1.02  0.77     2.73  1.13  3.75  4.05  1.98
180   30     0.79  1.24  2.21  3.39  4.19  4.29  3.73  3.25  2.51  1.39  0.76  0.68     2.37  0.91  3.26  3.76  1.55
180   40     0.78  1.10  1.60  2.83  3.74  3.91  3.41  2.87  1.99  0.97  0.73  0.66     2.05  0.85  2.72  3.40  1.23
180   50     0.77  1.10  1.29  2.21  3.22  3.47  3.03  2.44  1.45  0.94  0.71  0.64     1.77  0.83  2.24  2.98  1.03
180   60     0.75  1.10  1.27  1.66  2.65  2.96  2.60  1.98  1.29  0.91  0.68  0.60     1.54  0.82  1.86  2.52  0.96
180   70     0.73  1.10  1.25  1.52  2.12  2.42  2.15  1.71  1.23  0.88  0.64  0.57     1.36  0.80  1.63  2.10  0.92
180   80     0.70  1.11  1.23  1.43  1.90  2.10  1.91  1.57  1.17  0.84  0.60  0.54     1.26  0.78  1.52  1.86  0.87
180   90     0.68  1.11  1.21  1.36  1.75  1.89  1.73  1.45  1.10  0.80  0.57  0.50     1.18  0.76  1.44  1.69  0.82
             63.1  58.3  43.8  25.8  13.2   6.2   8.8  17.8  33.6  50.3  58.7  61.6     34.3  60.6  27.6  11.0  46.4
             2.64  3.81  4.78  5.02  5.09  4.92  4.32  4.13  4.26  4.15  2.77  2.13     4.00  2.86  4.88  4.45  3.68
             2.40  3.58  4.73  4.98  4.84  4.58  4.06  4.02  4.26  4.01  2.57  1.95     3.83  2.64  4.85  4.22  3.62
             1.10  1.06  1.01  1.01  1.05  1.07  1.06  1.03  1.00  1.03  1.08  1.09     1.05  1.09  1.02  1.06  1.04
             1.52  1.40  1.25  1.07  0.97  0.93  0.95  1.00  1.14  1.36  1.48  1.52     1.22  1.48  1.09  0.96  1.33
temperature  -2.0  -1.9   1.0   5.8  10.3  14.0  17.8  20.4  18.0  12.6   6.1   0.5      8.6  -1.1   5.7  17.4  12.2
diffusedrad  0.97  1.40  1.81  2.20  2.54  2.80  2.70  2.33  1.86  1.36  0.97  0.82     1.81  1.06  2.19  2.61  1.40
snow10cm     0.30  0.48  0.17  0.02  0.00  0.00  0.00  0.00  0.00  0.00  0.01  0.05     0.09  0.28  0.07  0.00  0.00
