2 22241   静内            42 20.6  142 21.7   10
             1.77  2.74  3.63  4.29  4.88  4.79  4.12  3.91  3.32  2.65  1.68  1.37     3.26  1.96  4.26  4.27  2.55
             2.10  3.47  3.97  4.89  5.65  5.63  5.18  4.97  4.24  3.16  2.02  1.66     3.49  2.31  4.54  4.93  3.05
             1.46  2.22  2.86  3.29  3.77  3.32  3.08  2.94  2.73  2.24  1.30  0.93     2.86  1.66  3.68  3.35  2.21
  0   10     2.16  3.17  3.98  4.48  4.94  4.80  4.14  3.99  3.52  2.98  1.99  1.68     3.49  2.34  4.47  4.31  2.83
  0   20     2.52  3.57  4.26  4.58  4.92  4.73  4.10  4.01  3.65  3.26  2.26  1.96     3.65  2.68  4.59  4.28  3.06
  0   30     2.83  3.89  4.44  4.58  4.80  4.57  3.98  3.95  3.71  3.46  2.48  2.19     3.74  2.97  4.61  4.16  3.22
  0   40     3.06  4.13  4.52  4.48  4.58  4.32  3.78  3.81  3.69  3.58  2.64  2.37     3.75  3.19  4.53  3.97  3.30
  0   50     3.23  4.27  4.49  4.29  4.27  4.00  3.53  3.61  3.58  3.61  2.74  2.49     3.67  3.33  4.35  3.71  3.31
  0   60     3.32  4.32  4.36  4.01  3.89  3.61  3.22  3.33  3.40  3.56  2.77  2.55     3.53  3.40  4.09  3.39  3.24
  0   70     3.33  4.27  4.13  3.65  3.43  3.17  2.86  3.00  3.15  3.42  2.73  2.55     3.31  3.38  3.74  3.01  3.10
  0   80     3.26  4.12  3.81  3.21  2.92  2.69  2.46  2.62  2.84  3.21  2.62  2.48     3.02  3.29  3.32  2.59  2.89
  0   90     3.11  3.89  3.41  2.72  2.40  2.20  2.06  2.21  2.48  2.92  2.46  2.36     2.68  3.12  2.84  2.15  2.62
 15   10     2.15  3.16  3.98  4.47  4.95  4.80  4.14  3.98  3.52  2.97  1.98  1.67     3.48  2.33  4.46  4.31  2.82
 15   20     2.49  3.55  4.25  4.57  4.92  4.72  4.09  4.00  3.64  3.24  2.23  1.94     3.64  2.66  4.58  4.27  3.04
 15   30     2.78  3.86  4.42  4.57  4.80  4.56  3.97  3.94  3.70  3.43  2.44  2.16     3.72  2.93  4.60  4.16  3.19
 15   40     3.00  4.08  4.49  4.48  4.59  4.33  3.78  3.81  3.67  3.54  2.59  2.33     3.72  3.14  4.52  3.97  3.27
 15   50     3.16  4.22  4.46  4.28  4.28  4.00  3.53  3.60  3.56  3.57  2.67  2.44     3.65  3.27  4.34  3.71  3.27
 15   60     3.24  4.26  4.33  4.00  3.90  3.63  3.23  3.33  3.38  3.51  2.69  2.50     3.50  3.33  4.08  3.40  3.20
 15   70     3.24  4.20  4.10  3.65  3.46  3.19  2.87  3.01  3.14  3.37  2.65  2.49     3.28  3.31  3.74  3.02  3.05
 15   80     3.17  4.05  3.78  3.23  2.97  2.73  2.49  2.63  2.84  3.15  2.54  2.42     3.00  3.21  3.33  2.62  2.84
 15   90     3.02  3.82  3.38  2.75  2.45  2.26  2.09  2.24  2.48  2.86  2.38  2.30     2.67  3.04  2.86  2.19  2.57
 30   10     2.10  3.12  3.94  4.45  4.94  4.79  4.14  3.97  3.49  2.94  1.94  1.64     3.46  2.29  4.44  4.30  2.79
 30   20     2.40  3.46  4.18  4.53  4.91  4.72  4.09  3.98  3.61  3.17  2.17  1.87     3.59  2.58  4.54  4.26  2.98
 30   30     2.65  3.73  4.33  4.52  4.80  4.57  3.97  3.91  3.64  3.33  2.34  2.07     3.65  2.82  4.55  4.15  3.10
 30   40     2.84  3.92  4.39  4.42  4.59  4.33  3.78  3.78  3.61  3.42  2.46  2.21     3.65  2.99  4.47  3.96  3.16
 30   50     2.97  4.02  4.34  4.24  4.31  4.03  3.54  3.58  3.50  3.43  2.52  2.30     3.56  3.10  4.30  3.71  3.15
 30   60     3.02  4.04  4.20  3.96  3.94  3.67  3.24  3.31  3.32  3.36  2.52  2.34     3.41  3.13  4.04  3.41  3.07
 30   70     3.00  3.96  3.98  3.63  3.54  3.27  2.90  3.00  3.08  3.21  2.46  2.32     3.20  3.10  3.71  3.06  2.92
 30   80     2.92  3.81  3.67  3.23  3.08  2.83  2.54  2.65  2.79  2.99  2.35  2.25     2.92  2.99  3.33  2.67  2.71
 30   90     2.76  3.57  3.29  2.79  2.61  2.39  2.17  2.28  2.45  2.70  2.17  2.12     2.61  2.82  2.89  2.28  2.44
 45   10     2.03  3.04  3.88  4.41  4.92  4.79  4.13  3.94  3.46  2.88  1.89  1.59     3.42  2.22  4.41  4.29  2.74
 45   20     2.27  3.31  4.08  4.47  4.89  4.71  4.07  3.94  3.54  3.07  2.06  1.77     3.52  2.45  4.48  4.24  2.89
 45   30     2.46  3.52  4.19  4.44  4.77  4.56  3.95  3.86  3.56  3.19  2.19  1.92     3.55  2.63  4.47  4.12  2.98
 45   40     2.60  3.66  4.20  4.33  4.59  4.34  3.77  3.72  3.50  3.24  2.27  2.02     3.52  2.76  4.37  3.94  3.01
 45   50     2.68  3.73  4.15  4.14  4.31  4.05  3.53  3.52  3.39  3.22  2.30  2.08     3.43  2.83  4.20  3.70  2.97
 45   60     2.70  3.72  4.01  3.89  3.99  3.72  3.25  3.27  3.21  3.13  2.28  2.10     3.27  2.84  3.96  3.41  2.88
 45   70     2.66  3.63  3.78  3.56  3.60  3.34  2.93  2.98  2.98  2.98  2.21  2.06     3.06  2.78  3.65  3.09  2.72
 45   80     2.56  3.47  3.50  3.20  3.19  2.93  2.59  2.65  2.70  2.77  2.09  1.97     2.80  2.67  3.29  2.73  2.52
 45   90     2.40  3.25  3.14  2.79  2.76  2.53  2.25  2.31  2.39  2.50  1.92  1.84     2.51  2.50  2.90  2.36  2.27
 60   10     1.95  2.95  3.80  4.37  4.90  4.78  4.12  3.92  3.41  2.81  1.82  1.52     3.36  2.14  4.36  4.27  2.68
 60   20     2.11  3.13  3.93  4.38  4.86  4.69  4.05  3.88  3.45  2.93  1.94  1.65     3.42  2.29  4.39  4.21  2.77
 60   30     2.23  3.27  3.98  4.32  4.73  4.54  3.92  3.80  3.44  2.99  2.01  1.74     3.42  2.41  4.35  4.09  2.81
 60   40     2.30  3.34  3.98  4.20  4.54  4.32  3.73  3.65  3.36  3.01  2.05  1.80     3.36  2.48  4.24  3.90  2.81
 60   50     2.34  3.37  3.88  4.01  4.29  4.06  3.51  3.45  3.24  2.96  2.05  1.82     3.25  2.51  4.06  3.67  2.75
 60   60     2.33  3.33  3.74  3.76  3.98  3.74  3.24  3.20  3.06  2.85  2.00  1.80     3.09  2.49  3.83  3.39  2.63
 60   70     2.27  3.23  3.52  3.46  3.63  3.38  2.93  2.92  2.84  2.71  1.92  1.75     2.88  2.42  3.54  3.08  2.49
 60   80     2.17  3.08  3.26  3.12  3.25  3.02  2.62  2.62  2.58  2.50  1.80  1.66     2.64  2.30  3.21  2.75  2.29
 60   90     2.03  2.89  2.95  2.75  2.84  2.63  2.30  2.30  2.30  2.26  1.64  1.54     2.37  2.15  2.85  2.41  2.06
 75   10     1.85  2.83  3.71  4.31  4.88  4.76  4.10  3.88  3.36  2.72  1.75  1.44     3.30  2.04  4.30  4.25  2.61
 75   20     1.92  2.92  3.76  4.27  4.80  4.67  4.02  3.82  3.35  2.77  1.79  1.50     3.30  2.12  4.28  4.17  2.64
 75   30     1.97  2.96  3.75  4.17  4.67  4.50  3.88  3.71  3.29  2.78  1.81  1.54     3.25  2.16  4.20  4.03  2.63
 75   40     1.99  2.99  3.69  4.03  4.47  4.28  3.69  3.55  3.19  2.74  1.80  1.55     3.17  2.18  4.06  3.84  2.58
 75   50     1.98  2.96  3.58  3.82  4.21  4.02  3.46  3.34  3.05  2.66  1.77  1.54     3.03  2.16  3.87  3.61  2.50
 75   60     1.94  2.90  3.41  3.58  3.93  3.72  3.20  3.10  2.87  2.55  1.70  1.50     2.87  2.12  3.64  3.34  2.37
 75   70     1.88  2.81  3.22  3.30  3.60  3.39  2.92  2.84  2.66  2.39  1.61  1.44     2.67  2.04  3.37  3.05  2.22
 75   80     1.78  2.66  2.96  2.98  3.24  3.03  2.61  2.54  2.42  2.21  1.50  1.35     2.44  1.93  3.06  2.73  2.04
 75   90     1.66  2.52  2.70  2.66  2.88  2.68  2.31  2.26  2.16  1.99  1.36  1.24     2.20  1.80  2.75  2.42  1.84
 90   10     1.75  2.71  3.61  4.25  4.84  4.74  4.08  3.85  3.30  2.63  1.67  1.36     3.23  1.94  4.23  4.22  2.53
 90   20     1.72  2.69  3.56  4.15  4.74  4.63  3.98  3.75  3.23  2.59  1.64  1.35     3.17  1.92  4.15  4.12  2.49
 90   30     1.70  2.65  3.48  4.00  4.58  4.45  3.83  3.61  3.13  2.53  1.60  1.33     3.08  1.90  4.02  3.96  2.42
 90   40     1.67  2.60  3.37  3.81  4.36  4.22  3.63  3.42  2.99  2.45  1.55  1.30     2.95  1.86  3.85  3.76  2.33
 90   50     1.62  2.55  3.22  3.60  4.10  3.95  3.39  3.21  2.84  2.34  1.49  1.26     2.80  1.81  3.64  3.52  2.22
 90   60     1.56  2.46  3.06  3.35  3.81  3.65  3.13  2.97  2.65  2.21  1.41  1.20     2.62  1.74  3.41  3.25  2.09
 90   70     1.50  2.38  2.86  3.08  3.50  3.34  2.86  2.71  2.44  2.06  1.32  1.14     2.43  1.67  3.15  2.97  1.94
 90   80     1.41  2.26  2.65  2.80  3.17  3.00  2.57  2.44  2.23  1.90  1.22  1.06     2.23  1.58  2.87  2.67  1.78
 90   90     1.32  2.13  2.40  2.49  2.82  2.66  2.27  2.17  1.99  1.72  1.11  0.97     2.00  1.48  2.57  2.37  1.61
105   10     1.64  2.58  3.51  4.18  4.81  4.73  4.06  3.81  3.23  2.54  1.58  1.28     3.16  1.84  4.17  4.20  2.45
105   20     1.53  2.45  3.36  4.02  4.67  4.59  3.94  3.67  3.11  2.41  1.49  1.20     3.04  1.73  4.01  4.07  2.34
105   30     1.44  2.33  3.19  3.81  4.46  4.38  3.77  3.49  2.95  2.28  1.40  1.13     2.89  1.63  3.82  3.88  2.21
105   40     1.35  2.23  3.02  3.58  4.21  4.13  3.55  3.28  2.78  2.15  1.31  1.06     2.72  1.55  3.61  3.65  2.08
105   50     1.29  2.13  2.85  3.33  3.94  3.85  3.30  3.05  2.59  2.02  1.22  1.00     2.55  1.48  3.37  3.40  1.94
105   60     1.22  2.04  2.67  3.08  3.64  3.54  3.04  2.81  2.40  1.87  1.14  0.94     2.37  1.40  3.13  3.13  1.81
105   70     1.17  1.96  2.48  2.82  3.32  3.22  2.76  2.55  2.21  1.74  1.05  0.88     2.18  1.34  2.87  2.84  1.67
105   80     1.10  1.87  2.29  2.54  3.02  2.91  2.48  2.29  2.00  1.59  0.97  0.82     1.99  1.26  2.62  2.56  1.52
105   90     1.04  1.78  2.09  2.29  2.71  2.59  2.21  2.05  1.81  1.45  0.88  0.75     1.80  1.19  2.36  2.29  1.38
120   10     1.54  2.46  3.41  4.12  4.78  4.71  4.05  3.78  3.17  2.45  1.50  1.21     3.10  1.74  4.10  4.18  2.37
120   20     1.35  2.22  3.16  3.89  4.59  4.55  3.90  3.61  2.99  2.24  1.34  1.06     2.91  1.54  3.88  4.02  2.19
120   30     1.20  2.01  2.91  3.62  4.34  4.31  3.70  3.38  2.77  2.03  1.20  0.94     2.70  1.38  3.62  3.80  2.00
120   40     1.09  1.85  2.67  3.33  4.04  4.02  3.46  3.13  2.56  1.85  1.08  0.85     2.50  1.26  3.35  3.54  1.83
120   50     1.01  1.73  2.45  3.05  3.73  3.71  3.19  2.87  2.35  1.69  0.99  0.79     2.30  1.18  3.08  3.25  1.68
120   60     0.95  1.65  2.26  2.77  3.41  3.38  2.91  2.61  2.15  1.55  0.91  0.73     2.11  1.11  2.82  2.97  1.54
120   70     0.91  1.58  2.10  2.52  3.11  3.06  2.64  2.37  1.95  1.43  0.84  0.69     1.93  1.06  2.57  2.69  1.41
120   80     0.87  1.53  1.93  2.28  2.80  2.75  2.37  2.13  1.78  1.30  0.77  0.64     1.76  1.01  2.34  2.42  1.28
120   90     0.83  1.47  1.78  2.05  2.52  2.46  2.11  1.90  1.60  1.19  0.71  0.59     1.60  0.96  2.11  2.15  1.17
135   10     1.46  2.36  3.31  4.06  4.75  4.69  4.03  3.75  3.12  2.37  1.44  1.14     3.04  1.65  4.04  4.16  2.31
135   20     1.18  2.02  2.97  3.78  4.53  4.51  3.87  3.54  2.88  2.07  1.21  0.93     2.79  1.38  3.76  3.98  2.05
135   30     0.98  1.73  2.63  3.44  4.22  4.25  3.65  3.28  2.60  1.80  1.02  0.78     2.53  1.16  3.43  3.73  1.81
135   40     0.86  1.52  2.32  3.08  3.87  3.92  3.37  2.99  2.33  1.57  0.89  0.69     2.28  1.02  3.09  3.42  1.60
135   50     0.80  1.39  2.07  2.75  3.49  3.55  3.06  2.69  2.09  1.39  0.80  0.64     2.06  0.94  2.77  3.10  1.43
135   60     0.77  1.33  1.88  2.46  3.14  3.19  2.77  2.41  1.88  1.26  0.75  0.60     1.87  0.90  2.49  2.79  1.30
135   70     0.75  1.29  1.73  2.21  2.83  2.86  2.48  2.16  1.71  1.16  0.69  0.57     1.70  0.87  2.26  2.50  1.19
135   80     0.73  1.27  1.60  1.99  2.54  2.56  2.22  1.94  1.55  1.06  0.65  0.53     1.55  0.84  2.04  2.24  1.09
135   90     0.72  1.25  1.49  1.79  2.29  2.29  1.98  1.74  1.41  0.99  0.60  0.50     1.42  0.82  1.86  2.00  1.00
150   10     1.39  2.28  3.24  4.02  4.73  4.68  4.02  3.73  3.08  2.30  1.38  1.08     3.00  1.58  4.00  4.14  2.25
150   20     1.04  1.84  2.82  3.69  4.48  4.49  3.85  3.50  2.79  1.94  1.10  0.82     2.70  1.24  3.66  3.95  1.94
150   30     0.81  1.47  2.38  3.28  4.14  4.21  3.61  3.20  2.46  1.59  0.87  0.65     2.39  0.98  3.27  3.67  1.64
150   40     0.72  1.23  1.99  2.85  3.72  3.85  3.31  2.86  2.13  1.31  0.75  0.60     2.11  0.85  2.86  3.34  1.39
150   50     0.71  1.13  1.71  2.44  3.26  3.42  2.96  2.51  1.84  1.14  0.70  0.58     1.87  0.81  2.47  2.96  1.23
150   60     0.71  1.11  1.54  2.12  2.84  2.98  2.61  2.20  1.64  1.04  0.66  0.56     1.67  0.79  2.17  2.60  1.11
150   70     0.70  1.11  1.43  1.89  2.51  2.63  2.31  1.96  1.49  0.97  0.63  0.53     1.51  0.78  1.94  2.30  1.03
150   80     0.69  1.12  1.34  1.71  2.25  2.33  2.06  1.76  1.36  0.91  0.59  0.51     1.39  0.77  1.77  2.05  0.95
150   90     0.69  1.13  1.27  1.57  2.03  2.09  1.85  1.59  1.24  0.85  0.55  0.48     1.28  0.77  1.62  1.84  0.88
165   10     1.34  2.23  3.20  4.00  4.71  4.68  4.02  3.71  3.05  2.26  1.35  1.04     2.97  1.54  3.97  4.14  2.22
165   20     0.95  1.73  2.71  3.63  4.45  4.48  3.84  3.47  2.73  1.85  1.02  0.75     2.63  1.14  3.60  3.93  1.86
165   30     0.72  1.26  2.20  3.20  4.10  4.19  3.60  3.16  2.36  1.43  0.76  0.62     2.30  0.87  3.17  3.65  1.51
165   40     0.72  1.02  1.70  2.70  3.67  3.83  3.29  2.80  1.96  1.09  0.71  0.60     2.01  0.78  2.69  3.30  1.26
165   50     0.71  1.03  1.39  2.18  3.17  3.40  2.93  2.39  1.61  0.97  0.69  0.58     1.75  0.78  2.25  2.90  1.09
165   60     0.71  1.05  1.28  1.81  2.62  2.91  2.53  1.99  1.43  0.93  0.66  0.56     1.54  0.77  1.91  2.48  1.00
165   70     0.70  1.07  1.22  1.62  2.21  2.42  2.15  1.76  1.32  0.89  0.63  0.53     1.38  0.77  1.69  2.11  0.94
165   80     0.69  1.08  1.18  1.50  1.99  2.14  1.92  1.60  1.23  0.84  0.59  0.51     1.27  0.76  1.55  1.88  0.88
165   90     0.69  1.10  1.13  1.39  1.81  1.92  1.73  1.46  1.14  0.79  0.55  0.48     1.18  0.76  1.44  1.70  0.83
180   10     1.32  2.21  3.18  3.99  4.71  4.68  4.01  3.71  3.04  2.25  1.34  1.03     2.96  1.52  3.96  4.13  2.21
180   20     0.91  1.68  2.67  3.62  4.44  4.47  3.84  3.46  2.71  1.81  0.99  0.72     2.61  1.11  3.58  3.92  1.84
180   30     0.72  1.18  2.12  3.17  4.09  4.19  3.59  3.15  2.33  1.35  0.74  0.62     2.27  0.84  3.13  3.64  1.47
180   40     0.72  1.02  1.54  2.67  3.65  3.82  3.28  2.78  1.91  0.99  0.71  0.60     1.98  0.78  2.62  3.29  1.20
180   50     0.71  1.03  1.23  2.13  3.15  3.39  2.92  2.37  1.46  0.96  0.69  0.58     1.72  0.78  2.17  2.89  1.04
180   60     0.71  1.05  1.20  1.63  2.60  2.90  2.52  1.93  1.31  0.92  0.66  0.56     1.50  0.77  1.81  2.45  0.96
180   70     0.70  1.07  1.17  1.49  2.09  2.37  2.10  1.67  1.24  0.88  0.63  0.53     1.33  0.77  1.58  2.05  0.92
180   80     0.69  1.08  1.13  1.39  1.87  2.05  1.86  1.53  1.17  0.84  0.59  0.51     1.23  0.76  1.46  1.82  0.86
180   90     0.69  1.10  1.09  1.31  1.73  1.85  1.69  1.41  1.09  0.79  0.55  0.48     1.15  0.76  1.38  1.65  0.81
             66.1  59.9  42.5  25.1  13.2   6.3   8.3  17.6  31.9  49.0  59.4  64.7     35.8  63.2  26.9  11.3  46.1
             3.34  4.32  4.52  4.59  4.95  4.80  4.14  4.01  3.71  3.61  2.77  2.56     3.94  3.40  4.61  4.31  3.31
             2.97  4.04  4.50  4.54  4.68  4.43  3.87  3.88  3.71  3.54  2.58  2.30     3.75  3.10  4.57  4.06  3.27
             1.12  1.07  1.00  1.01  1.06  1.08  1.07  1.03  1.00  1.02  1.07  1.11     1.06  1.10  1.02  1.06  1.03
             1.68  1.47  1.24  1.06  0.96  0.92  0.94  0.99  1.12  1.34  1.54  1.68     1.24  1.61  1.09  0.95  1.33
temperature  -3.7  -3.2   0.5   5.8  10.5  14.3  18.3  20.7  17.4  11.3   5.0  -0.8      8.0  -2.6   5.6  17.8  11.2
diffusedrad  0.93  1.35  1.76  2.16  2.52  2.75  2.65  2.32  1.84  1.34  0.93  0.77     1.78  1.02  2.14  2.58  1.37
snow10cm     0.33  0.49  0.07  0.00  0.00  0.00  0.00  0.00  0.00  0.00  0.00  0.06     0.08  0.29  0.03  0.00  0.00
