2 22306   中杵臼          42 13.4  142 56.9   80
             1.65  2.49  3.39  4.13  4.65  4.68  4.21  3.88  3.18  2.41  1.50  1.35     3.13  1.83  4.06  4.26  2.37
             2.00  2.91  3.76  4.56  5.24  5.33  4.98  4.86  3.62  2.83  1.88  1.71     3.31  2.07  4.40  4.77  2.61
             1.28  1.80  2.78  3.65  4.18  3.66  3.45  3.19  2.46  2.03  1.13  1.01     2.85  1.45  3.79  3.75  2.09
  0   10     1.95  2.84  3.64  4.31  4.71  4.70  4.24  3.96  3.37  2.67  1.74  1.64     3.31  2.14  4.22  4.30  2.59
  0   20     2.22  3.14  3.87  4.40  4.69  4.63  4.19  3.97  3.48  2.89  1.94  1.89     3.44  2.42  4.32  4.26  2.77
  0   30     2.46  3.39  4.04  4.40  4.57  4.47  4.07  3.91  3.52  3.04  2.09  2.11     3.51  2.65  4.34  4.15  2.89
  0   40     2.66  3.58  4.13  4.30  4.36  4.22  3.87  3.78  3.50  3.12  2.21  2.28     3.50  2.84  4.27  3.96  2.94
  0   50     2.80  3.71  4.16  4.12  4.08  3.92  3.60  3.57  3.39  3.13  2.27  2.40     3.43  2.97  4.12  3.70  2.93
  0   60     2.88  3.77  4.10  3.86  3.72  3.54  3.28  3.30  3.22  3.08  2.27  2.46     3.29  3.04  3.89  3.38  2.86
  0   70     2.91  3.75  3.98  3.52  3.29  3.11  2.91  2.98  2.98  2.95  2.23  2.47     3.09  3.04  3.60  3.00  2.72
  0   80     2.88  3.67  3.79  3.12  2.81  2.65  2.50  2.60  2.69  2.75  2.13  2.42     2.83  2.99  3.24  2.59  2.52
  0   90     2.78  3.52  3.54  2.66  2.32  2.18  2.08  2.19  2.35  2.50  1.99  2.31     2.53  2.87  2.84  2.15  2.28
 15   10     1.93  2.82  3.63  4.30  4.71  4.70  4.24  3.95  3.36  2.67  1.73  1.63     3.31  2.13  4.22  4.29  2.59
 15   20     2.20  3.11  3.85  4.39  4.69  4.62  4.19  3.96  3.47  2.87  1.92  1.88     3.43  2.40  4.31  4.26  2.75
 15   30     2.43  3.35  4.00  4.39  4.57  4.47  4.06  3.91  3.51  3.02  2.07  2.08     3.49  2.62  4.32  4.15  2.87
 15   40     2.61  3.53  4.09  4.30  4.37  4.24  3.87  3.77  3.48  3.09  2.17  2.25     3.48  2.80  4.25  3.96  2.91
 15   50     2.75  3.64  4.10  4.12  4.08  3.92  3.60  3.57  3.38  3.10  2.22  2.36     3.40  2.92  4.10  3.70  2.90
 15   60     2.82  3.69  4.04  3.85  3.73  3.56  3.29  3.30  3.20  3.04  2.22  2.42     3.26  2.98  3.87  3.38  2.82
 15   70     2.85  3.67  3.92  3.52  3.31  3.14  2.92  2.98  2.97  2.90  2.17  2.42     3.06  2.98  3.59  3.01  2.68
 15   80     2.81  3.59  3.73  3.13  2.85  2.69  2.53  2.61  2.68  2.71  2.08  2.37     2.81  2.92  3.23  2.61  2.49
 15   90     2.72  3.43  3.48  2.68  2.36  2.23  2.12  2.22  2.34  2.46  1.93  2.26     2.52  2.80  2.84  2.19  2.25
 30   10     1.90  2.78  3.60  4.28  4.71  4.69  4.24  3.94  3.34  2.64  1.70  1.60     3.29  2.09  4.20  4.29  2.56
 30   20     2.14  3.04  3.79  4.36  4.68  4.62  4.18  3.94  3.44  2.82  1.87  1.82     3.39  2.33  4.27  4.25  2.71
 30   30     2.34  3.24  3.92  4.34  4.57  4.47  4.06  3.88  3.46  2.94  1.99  2.00     3.43  2.53  4.28  4.13  2.80
 30   40     2.49  3.40  3.98  4.25  4.37  4.24  3.87  3.74  3.42  2.99  2.07  2.14     3.41  2.67  4.20  3.95  2.83
 30   50     2.60  3.49  3.98  4.07  4.10  3.95  3.61  3.54  3.32  2.99  2.11  2.23     3.33  2.77  4.05  3.70  2.80
 30   60     2.66  3.52  3.91  3.81  3.76  3.60  3.31  3.28  3.14  2.91  2.09  2.27     3.19  2.82  3.83  3.39  2.72
 30   70     2.67  3.48  3.78  3.50  3.38  3.21  2.96  2.98  2.91  2.77  2.03  2.26     3.00  2.81  3.55  3.05  2.57
 30   80     2.62  3.39  3.60  3.13  2.94  2.78  2.59  2.63  2.63  2.58  1.93  2.20     2.75  2.74  3.22  2.67  2.38
 30   90     2.53  3.24  3.36  2.71  2.50  2.35  2.21  2.26  2.31  2.33  1.78  2.09     2.47  2.62  2.86  2.27  2.14
 45   10     1.85  2.73  3.55  4.25  4.70  4.69  4.22  3.91  3.31  2.60  1.66  1.55     3.25  2.04  4.16  4.28  2.52
 45   20     2.04  2.93  3.69  4.29  4.66  4.61  4.17  3.91  3.38  2.73  1.79  1.73     3.33  2.23  4.22  4.23  2.63
 45   30     2.19  3.09  3.79  4.26  4.54  4.46  4.04  3.83  3.38  2.82  1.88  1.87     3.35  2.38  4.20  4.11  2.70
 45   40     2.31  3.20  3.82  4.16  4.36  4.25  3.86  3.69  3.33  2.85  1.93  1.97     3.31  2.49  4.11  3.93  2.70
 45   50     2.39  3.27  3.80  3.98  4.10  3.96  3.61  3.49  3.21  2.81  1.94  2.03     3.22  2.56  3.96  3.69  2.65
 45   60     2.42  3.27  3.73  3.74  3.79  3.64  3.32  3.24  3.04  2.73  1.91  2.05     3.07  2.58  3.75  3.40  2.56
 45   70     2.41  3.23  3.59  3.43  3.43  3.27  3.00  2.95  2.81  2.59  1.84  2.02     2.88  2.55  3.48  3.08  2.41
 45   80     2.35  3.13  3.42  3.10  3.04  2.88  2.65  2.63  2.55  2.39  1.73  1.95     2.65  2.48  3.19  2.72  2.23
 45   90     2.25  2.99  3.21  2.71  2.63  2.48  2.30  2.29  2.25  2.15  1.59  1.84     2.39  2.36  2.85  2.36  2.00
 60   10     1.78  2.65  3.48  4.20  4.68  4.67  4.21  3.89  3.27  2.54  1.61  1.49     3.21  1.98  4.12  4.26  2.47
 60   20     1.91  2.79  3.58  4.21  4.63  4.59  4.14  3.86  3.30  2.63  1.69  1.61     3.24  2.10  4.14  4.20  2.54
 60   30     2.01  2.90  3.62  4.16  4.51  4.44  4.01  3.77  3.27  2.66  1.74  1.70     3.23  2.20  4.09  4.07  2.56
 60   40     2.08  2.96  3.62  4.03  4.32  4.23  3.82  3.61  3.20  2.66  1.76  1.76     3.17  2.27  3.99  3.89  2.54
 60   50     2.12  2.99  3.57  3.85  4.08  3.97  3.59  3.42  3.07  2.60  1.75  1.78     3.07  2.30  3.84  3.66  2.47
 60   60     2.13  2.98  3.49  3.62  3.78  3.65  3.32  3.18  2.90  2.50  1.69  1.78     2.92  2.30  3.63  3.38  2.36
 60   70     2.11  2.93  3.37  3.34  3.45  3.31  3.01  2.90  2.69  2.36  1.62  1.74     2.73  2.26  3.38  3.07  2.22
 60   80     2.05  2.83  3.21  3.02  3.09  2.95  2.69  2.60  2.43  2.17  1.51  1.67     2.52  2.18  3.10  2.75  2.04
 60   90     1.96  2.72  3.02  2.68  2.70  2.58  2.35  2.28  2.17  1.96  1.37  1.56     2.28  2.08  2.80  2.40  1.83
 75   10     1.71  2.57  3.41  4.15  4.65  4.66  4.20  3.86  3.21  2.47  1.55  1.42     3.15  1.90  4.07  4.24  2.41
 75   20     1.77  2.63  3.43  4.11  4.58  4.57  4.11  3.79  3.20  2.50  1.58  1.48     3.15  1.96  4.04  4.16  2.43
 75   30     1.81  2.67  3.43  4.02  4.45  4.41  3.97  3.68  3.14  2.49  1.59  1.51     3.10  2.00  3.96  4.02  2.40
 75   40     1.84  2.69  3.38  3.88  4.25  4.19  3.78  3.52  3.04  2.44  1.57  1.53     3.01  2.02  3.84  3.83  2.35
 75   50     1.84  2.69  3.32  3.68  4.01  3.93  3.54  3.31  2.90  2.36  1.53  1.52     2.89  2.02  3.67  3.60  2.27
 75   60     1.83  2.66  3.22  3.45  3.73  3.64  3.28  3.08  2.73  2.25  1.47  1.49     2.73  1.99  3.47  3.33  2.15
 75   70     1.80  2.61  3.11  3.19  3.41  3.31  2.99  2.81  2.52  2.10  1.38  1.45     2.56  1.95  3.24  3.04  2.00
 75   80     1.74  2.52  2.96  2.89  3.08  2.96  2.67  2.52  2.29  1.94  1.28  1.38     2.35  1.88  2.98  2.72  1.84
 75   90     1.67  2.43  2.81  2.59  2.73  2.62  2.37  2.24  2.05  1.74  1.16  1.28     2.14  1.80  2.71  2.41  1.65
 90   10     1.63  2.48  3.33  4.09  4.62  4.64  4.18  3.82  3.16  2.39  1.49  1.35     3.10  1.82  4.02  4.21  2.35
 90   20     1.62  2.46  3.28  4.00  4.52  4.53  4.08  3.72  3.10  2.35  1.47  1.34     3.04  1.80  3.93  4.11  2.31
 90   30     1.61  2.44  3.21  3.86  4.36  4.36  3.92  3.58  3.00  2.29  1.43  1.32     2.95  1.79  3.81  3.95  2.24
 90   40     1.59  2.40  3.13  3.69  4.16  4.13  3.72  3.40  2.86  2.21  1.38  1.29     2.83  1.76  3.66  3.75  2.15
 90   50     1.57  2.38  3.03  3.48  3.90  3.86  3.48  3.19  2.71  2.10  1.31  1.27     2.69  1.74  3.47  3.51  2.04
 90   60     1.54  2.32  2.94  3.24  3.62  3.57  3.21  2.94  2.53  1.98  1.24  1.22     2.53  1.69  3.27  3.24  1.92
 90   70     1.51  2.28  2.82  2.99  3.33  3.26  2.93  2.69  2.33  1.83  1.15  1.17     2.36  1.65  3.04  2.96  1.77
 90   80     1.46  2.22  2.71  2.72  3.01  2.94  2.64  2.43  2.12  1.68  1.06  1.11     2.17  1.60  2.81  2.67  1.62
 90   90     1.41  2.15  2.58  2.43  2.68  2.60  2.33  2.15  1.89  1.52  0.96  1.04     1.98  1.53  2.56  2.36  1.46
105   10     1.55  2.38  3.25  4.04  4.59  4.63  4.16  3.78  3.10  2.32  1.43  1.27     3.04  1.74  3.96  4.19  2.28
105   20     1.47  2.29  3.12  3.88  4.46  4.49  4.04  3.65  2.98  2.21  1.35  1.20     2.93  1.65  3.82  4.06  2.18
105   30     1.40  2.20  2.99  3.69  4.26  4.29  3.86  3.47  2.84  2.08  1.27  1.13     2.79  1.58  3.65  3.87  2.06
105   40     1.35  2.13  2.86  3.47  4.02  4.05  3.63  3.26  2.67  1.96  1.19  1.08     2.64  1.52  3.45  3.65  1.94
105   50     1.31  2.06  2.75  3.24  3.76  3.77  3.38  3.03  2.49  1.84  1.11  1.03     2.48  1.47  3.25  3.39  1.81
105   60     1.27  2.02  2.64  3.00  3.47  3.46  3.11  2.79  2.30  1.70  1.04  0.98     2.32  1.42  3.04  3.12  1.68
105   70     1.26  1.97  2.53  2.75  3.17  3.16  2.83  2.54  2.12  1.58  0.95  0.93     2.15  1.39  2.82  2.84  1.55
105   80     1.23  1.94  2.44  2.49  2.87  2.85  2.55  2.28  1.91  1.43  0.87  0.89     1.98  1.35  2.60  2.56  1.41
105   90     1.20  1.89  2.35  2.25  2.57  2.54  2.27  2.04  1.73  1.30  0.79  0.83     1.81  1.31  2.39  2.28  1.27
120   10     1.47  2.30  3.17  3.98  4.56  4.61  4.14  3.75  3.05  2.24  1.37  1.20     2.99  1.66  3.90  4.17  2.22
120   20     1.33  2.12  2.97  3.77  4.39  4.45  4.00  3.58  2.88  2.07  1.23  1.07     2.82  1.50  3.71  4.01  2.06
120   30     1.22  1.97  2.77  3.51  4.15  4.23  3.79  3.36  2.67  1.89  1.12  0.96     2.64  1.38  3.48  3.79  1.89
120   40     1.14  1.85  2.60  3.24  3.87  3.94  3.54  3.12  2.47  1.73  1.01  0.89     2.45  1.29  3.24  3.53  1.74
120   50     1.10  1.78  2.45  2.98  3.57  3.63  3.26  2.86  2.27  1.58  0.94  0.83     2.27  1.24  3.00  3.25  1.59
120   60     1.07  1.74  2.34  2.72  3.27  3.32  2.98  2.60  2.07  1.45  0.86  0.79     2.10  1.20  2.77  2.97  1.46
120   70     1.06  1.70  2.26  2.48  2.97  3.01  2.70  2.36  1.88  1.33  0.79  0.75     1.94  1.17  2.57  2.69  1.34
120   80     1.05  1.69  2.18  2.25  2.68  2.70  2.42  2.12  1.71  1.21  0.73  0.72     1.79  1.16  2.37  2.41  1.22
120   90     1.05  1.68  2.13  2.03  2.40  2.41  2.16  1.89  1.54  1.10  0.66  0.69     1.65  1.14  2.19  2.15  1.10
135   10     1.41  2.22  3.11  3.93  4.53  4.60  4.13  3.72  3.00  2.18  1.32  1.14     2.94  1.59  3.86  4.15  2.17
135   20     1.20  1.97  2.84  3.66  4.33  4.42  3.96  3.52  2.77  1.94  1.14  0.95     2.73  1.37  3.61  3.97  1.95
135   30     1.05  1.76  2.57  3.35  4.05  4.17  3.73  3.26  2.52  1.70  0.98  0.81     2.50  1.21  3.32  3.72  1.74
135   40     0.97  1.61  2.35  3.02  3.71  3.85  3.44  2.97  2.27  1.50  0.87  0.73     2.27  1.11  3.02  3.42  1.55
135   50     0.94  1.53  2.18  2.70  3.36  3.49  3.13  2.68  2.04  1.34  0.80  0.69     2.07  1.06  2.75  3.10  1.39
135   60     0.94  1.51  2.07  2.43  3.03  3.14  2.82  2.40  1.84  1.22  0.74  0.67     1.90  1.04  2.51  2.79  1.27
135   70     0.94  1.50  2.00  2.20  2.72  2.82  2.54  2.15  1.67  1.12  0.68  0.65     1.75  1.03  2.31  2.50  1.16
135   80     0.95  1.51  1.96  1.99  2.45  2.52  2.27  1.93  1.51  1.03  0.64  0.62     1.62  1.03  2.13  2.24  1.06
135   90     0.97  1.52  1.94  1.81  2.20  2.25  2.02  1.73  1.37  0.95  0.58  0.60     1.50  1.03  1.98  2.00  0.96
150   10     1.36  2.17  3.06  3.89  4.52  4.59  4.12  3.70  2.96  2.13  1.28  1.09     2.90  1.54  3.82  4.13  2.12
150   20     1.10  1.85  2.73  3.58  4.29  4.40  3.94  3.47  2.69  1.83  1.05  0.85     2.65  1.26  3.53  3.94  1.86
150   30     0.92  1.57  2.40  3.21  3.97  4.13  3.69  3.19  2.39  1.54  0.87  0.69     2.38  1.06  3.19  3.67  1.60
150   40     0.87  1.40  2.12  2.81  3.59  3.78  3.38  2.85  2.08  1.30  0.77  0.65     2.13  0.98  2.84  3.34  1.38
150   50     0.88  1.35  1.93  2.43  3.15  3.37  3.02  2.50  1.81  1.15  0.72  0.64     1.91  0.96  2.50  2.96  1.23
150   60     0.89  1.35  1.84  2.13  2.76  2.95  2.65  2.19  1.62  1.05  0.68  0.63     1.73  0.96  2.24  2.60  1.12
150   70     0.91  1.38  1.81  1.91  2.44  2.60  2.35  1.95  1.47  0.98  0.64  0.62     1.59  0.97  2.05  2.30  1.03
150   80     0.93  1.41  1.80  1.74  2.19  2.31  2.10  1.75  1.34  0.91  0.60  0.60     1.47  0.98  1.91  2.05  0.95
150   90     0.95  1.45  1.81  1.60  1.97  2.06  1.87  1.58  1.23  0.85  0.55  0.59     1.38  0.99  1.79  1.84  0.88
165   10     1.32  2.13  3.03  3.87  4.50  4.58  4.11  3.69  2.94  2.10  1.25  1.05     2.88  1.50  3.80  4.13  2.10
165   20     1.02  1.76  2.66  3.54  4.26  4.39  3.93  3.45  2.64  1.76  0.99  0.78     2.60  1.19  3.49  3.92  1.80
165   30     0.85  1.43  2.28  3.13  3.94  4.11  3.67  3.15  2.30  1.41  0.79  0.66     2.31  0.98  3.12  3.64  1.50
165   40     0.86  1.25  1.92  2.68  3.54  3.76  3.36  2.79  1.94  1.13  0.74  0.65     2.05  0.92  2.71  3.30  1.27
165   50     0.88  1.28  1.72  2.19  3.07  3.34  2.98  2.39  1.61  1.02  0.71  0.64     1.82  0.94  2.33  2.91  1.11
165   60     0.89  1.32  1.68  1.85  2.56  2.88  2.57  1.99  1.43  0.97  0.68  0.63     1.62  0.95  2.03  2.48  1.02
165   70     0.91  1.35  1.69  1.67  2.18  2.40  2.18  1.76  1.32  0.91  0.64  0.62     1.47  0.96  1.85  2.12  0.96
165   80     0.93  1.39  1.72  1.55  1.95  2.12  1.94  1.60  1.22  0.86  0.60  0.60     1.37  0.97  1.74  1.89  0.89
165   90     0.95  1.43  1.75  1.44  1.77  1.91  1.75  1.46  1.13  0.80  0.55  0.59     1.29  0.99  1.65  1.71  0.83
180   10     1.31  2.11  3.02  3.86  4.50  4.58  4.11  3.68  2.93  2.09  1.24  1.04     2.87  1.49  3.79  4.12  2.09
180   20     1.00  1.73  2.64  3.52  4.25  4.38  3.92  3.44  2.63  1.73  0.97  0.76     2.58  1.16  3.47  3.92  1.78
180   30     0.85  1.36  2.24  3.11  3.92  4.11  3.67  3.13  2.27  1.35  0.77  0.66     2.29  0.96  3.09  3.64  1.47
180   40     0.86  1.25  1.82  2.65  3.52  3.75  3.35  2.77  1.89  1.05  0.74  0.65     2.03  0.92  2.66  3.29  1.23
180   50     0.88  1.28  1.62  2.15  3.05  3.33  2.98  2.37  1.48  1.01  0.71  0.64     1.79  0.94  2.27  2.89  1.06
180   60     0.89  1.32  1.65  1.68  2.54  2.86  2.56  1.94  1.33  0.96  0.68  0.63     1.59  0.95  1.96  2.45  0.99
180   70     0.91  1.35  1.68  1.55  2.06  2.36  2.12  1.67  1.25  0.91  0.64  0.62     1.43  0.96  1.76  2.05  0.94
180   80     0.93  1.39  1.71  1.45  1.85  2.04  1.88  1.53  1.18  0.86  0.60  0.60     1.34  0.97  1.67  1.82  0.88
180   90     0.95  1.43  1.74  1.37  1.70  1.84  1.70  1.41  1.10  0.80  0.55  0.59     1.26  0.99  1.60  1.65  0.82
             69.4  63.2  48.0  24.8  12.8   6.2   8.2  17.4  31.0  46.7  56.6  66.2     34.1  66.1  26.7  10.8  43.4
             2.91  3.77  4.16  4.41  4.72  4.70  4.24  3.98  3.53  3.14  2.28  2.47     3.69  3.05  4.34  4.30  2.94
             2.55  3.48  4.09  4.37  4.50  4.38  3.99  3.87  3.52  3.08  2.15  2.19     3.51  2.74  4.32  4.08  2.92
             1.14  1.08  1.02  1.01  1.05  1.07  1.06  1.03  1.00  1.02  1.06  1.13     1.06  1.12  1.03  1.05  1.03
             1.55  1.40  1.21  1.06  0.97  0.94  0.95  1.00  1.11  1.28  1.42  1.62     1.21  1.52  1.08  0.96  1.27
temperature  -6.8  -6.1  -1.5   4.7  10.1  14.2  18.1  19.7  15.4   8.9   2.8  -3.3      6.4  -5.4   4.4  17.3   9.0
diffusedrad  1.01  1.47  1.95  2.19  2.53  2.77  2.65  2.33  1.84  1.36  0.92  0.80     1.82  1.10  2.23  2.58  1.37
snow10cm     0.88  0.94  0.74  0.05  0.00  0.00  0.00  0.00  0.00  0.00  0.01  0.34     0.25  0.72  0.26  0.00  0.00
