2 23326   木古内          41 41.2  140 26.7    6
             1.41  2.27  3.40  4.50  4.87  4.71  4.15  4.01  3.63  2.79  1.58  1.16     3.21  1.61  4.25  4.29  2.67
             1.64  2.74  4.06  5.21  5.73  5.41  5.01  4.91  4.18  3.23  1.82  1.44     3.34  1.86  4.63  4.88  2.94
             1.16  1.99  2.94  3.84  4.00  3.85  3.44  3.18  2.89  2.35  1.09  0.96     3.01  1.44  3.80  3.71  2.35
  0   10     1.58  2.50  3.68  4.70  4.93  4.72  4.17  4.11  3.87  3.15  1.80  1.32     3.38  1.80  4.43  4.33  2.94
  0   20     1.74  2.72  3.91  4.81  4.90  4.65  4.12  4.13  4.03  3.44  2.01  1.47     3.49  1.98  4.54  4.30  3.16
  0   30     1.88  2.90  4.07  4.82  4.77  4.48  3.99  4.06  4.10  3.65  2.18  1.59     3.54  2.12  4.55  4.18  3.31
  0   40     1.99  3.03  4.15  4.73  4.54  4.24  3.80  3.92  4.08  3.78  2.29  1.69     3.52  2.23  4.47  3.98  3.38
  0   50     2.06  3.11  4.17  4.54  4.24  3.92  3.53  3.70  3.96  3.82  2.35  1.74     3.43  2.31  4.31  3.72  3.38
  0   60     2.10  3.14  4.11  4.26  3.85  3.54  3.22  3.41  3.77  3.76  2.36  1.77     3.27  2.34  4.07  3.39  3.30
  0   70     2.11  3.11  3.98  3.89  3.40  3.10  2.85  3.07  3.48  3.62  2.32  1.76     3.06  2.33  3.75  3.01  3.14
  0   80     2.07  3.04  3.77  3.45  2.88  2.64  2.46  2.67  3.13  3.38  2.22  1.71     2.79  2.27  3.37  2.59  2.91
  0   90     2.01  2.91  3.51  2.95  2.36  2.16  2.04  2.24  2.72  3.08  2.07  1.63     2.47  2.18  2.94  2.15  2.62
 15   10     1.57  2.49  3.67  4.69  4.93  4.72  4.17  4.10  3.86  3.14  1.80  1.32     3.37  1.79  4.43  4.33  2.93
 15   20     1.73  2.70  3.89  4.80  4.89  4.64  4.11  4.12  4.02  3.42  2.00  1.46     3.48  1.96  4.53  4.29  3.14
 15   30     1.86  2.87  4.04  4.81  4.77  4.48  3.99  4.06  4.08  3.62  2.15  1.58     3.53  2.10  4.54  4.18  3.29
 15   40     1.96  3.00  4.12  4.71  4.55  4.24  3.79  3.91  4.06  3.74  2.26  1.66     3.50  2.21  4.46  3.98  3.35
 15   50     2.03  3.07  4.13  4.52  4.24  3.93  3.54  3.70  3.94  3.77  2.32  1.72     3.41  2.27  4.30  3.72  3.34
 15   60     2.07  3.09  4.07  4.25  3.87  3.56  3.23  3.42  3.75  3.70  2.32  1.74     3.25  2.30  4.06  3.40  3.26
 15   70     2.07  3.07  3.94  3.90  3.42  3.13  2.87  3.07  3.47  3.55  2.27  1.72     3.04  2.29  3.75  3.02  3.10
 15   80     2.04  2.99  3.74  3.47  2.93  2.68  2.48  2.69  3.13  3.32  2.17  1.68     2.78  2.23  3.38  2.62  2.87
 15   90     1.97  2.86  3.48  2.99  2.41  2.21  2.08  2.27  2.72  3.01  2.02  1.60     2.47  2.14  2.96  2.19  2.58
 30   10     1.55  2.47  3.64  4.66  4.92  4.72  4.16  4.09  3.84  3.10  1.77  1.30     3.35  1.77  4.41  4.32  2.90
 30   20     1.69  2.65  3.84  4.75  4.89  4.64  4.11  4.11  3.97  3.34  1.95  1.43     3.45  1.92  4.49  4.28  3.09
 30   30     1.80  2.80  3.97  4.75  4.77  4.49  3.98  4.04  4.02  3.51  2.08  1.52     3.48  2.04  4.50  4.17  3.20
 30   40     1.89  2.90  4.03  4.66  4.56  4.25  3.79  3.90  3.99  3.61  2.17  1.60     3.45  2.13  4.42  3.98  3.25
 30   50     1.95  2.96  4.03  4.48  4.27  3.96  3.54  3.69  3.87  3.62  2.21  1.64     3.35  2.18  4.26  3.73  3.23
 30   60     1.97  2.96  3.96  4.21  3.91  3.60  3.25  3.42  3.67  3.54  2.20  1.65     3.19  2.19  4.02  3.42  3.14
 30   70     1.97  2.93  3.83  3.88  3.50  3.20  2.90  3.10  3.41  3.38  2.14  1.63     2.99  2.17  3.73  3.07  2.97
 30   80     1.93  2.84  3.63  3.47  3.04  2.78  2.54  2.73  3.08  3.14  2.03  1.58     2.73  2.12  3.38  2.68  2.75
 30   90     1.86  2.72  3.38  3.04  2.57  2.34  2.17  2.35  2.69  2.84  1.88  1.49     2.44  2.02  3.00  2.29  2.47
 45   10     1.52  2.43  3.60  4.63  4.91  4.71  4.15  4.07  3.80  3.04  1.73  1.27     3.32  1.74  4.38  4.31  2.86
 45   20     1.63  2.57  3.75  4.68  4.87  4.63  4.09  4.07  3.89  3.23  1.87  1.37     3.39  1.86  4.43  4.26  3.00
 45   30     1.72  2.68  3.85  4.67  4.75  4.48  3.97  4.00  3.92  3.36  1.96  1.44     3.40  1.95  4.42  4.15  3.08
 45   40     1.78  2.75  3.88  4.56  4.55  4.26  3.78  3.86  3.87  3.41  2.02  1.49     3.35  2.01  4.33  3.96  3.10
 45   50     1.82  2.79  3.87  4.38  4.28  3.98  3.54  3.66  3.75  3.39  2.03  1.52     3.25  2.04  4.18  3.73  3.06
 45   60     1.82  2.78  3.79  4.13  3.95  3.64  3.25  3.39  3.55  3.30  2.00  1.51     3.09  2.04  3.95  3.43  2.95
 45   70     1.80  2.73  3.65  3.81  3.57  3.27  2.94  3.09  3.29  3.13  1.93  1.48     2.89  2.00  3.68  3.10  2.79
 45   80     1.76  2.64  3.48  3.44  3.14  2.88  2.60  2.75  2.99  2.90  1.82  1.42     2.65  1.94  3.36  2.74  2.57
 45   90     1.69  2.52  3.25  3.05  2.72  2.48  2.25  2.40  2.63  2.62  1.67  1.34     2.38  1.85  3.00  2.37  2.31
 60   10     1.49  2.37  3.54  4.58  4.88  4.70  4.14  4.05  3.74  2.96  1.68  1.24     3.28  1.70  4.33  4.30  2.79
 60   20     1.56  2.47  3.63  4.59  4.83  4.61  4.07  4.02  3.80  3.09  1.76  1.30     3.31  1.77  4.35  4.24  2.88
 60   30     1.61  2.53  3.69  4.54  4.71  4.46  3.94  3.94  3.78  3.15  1.82  1.34     3.29  1.83  4.31  4.11  2.92
 60   40     1.64  2.57  3.69  4.42  4.51  4.24  3.75  3.79  3.71  3.17  1.84  1.36     3.23  1.86  4.21  3.93  2.90
 60   50     1.66  2.58  3.65  4.23  4.26  3.98  3.52  3.59  3.57  3.11  1.82  1.36     3.11  1.87  4.05  3.69  2.83
 60   60     1.65  2.55  3.57  3.99  3.95  3.66  3.25  3.35  3.38  3.00  1.77  1.34     2.96  1.85  3.84  3.42  2.72
 60   70     1.62  2.49  3.44  3.69  3.59  3.31  2.94  3.05  3.14  2.84  1.69  1.30     2.76  1.80  3.57  3.10  2.56
 60   80     1.57  2.41  3.28  3.37  3.21  2.95  2.63  2.75  2.85  2.62  1.58  1.24     2.54  1.74  3.29  2.77  2.35
 60   90     1.51  2.31  3.08  3.00  2.81  2.58  2.30  2.42  2.54  2.37  1.44  1.16     2.29  1.66  2.96  2.43  2.11
 75   10     1.44  2.31  3.46  4.51  4.86  4.68  4.12  4.02  3.68  2.87  1.62  1.19     3.23  1.65  4.28  4.28  2.72
 75   20     1.47  2.35  3.50  4.48  4.78  4.59  4.04  3.96  3.68  2.91  1.65  1.22     3.22  1.68  4.25  4.20  2.75
 75   30     1.49  2.36  3.50  4.38  4.64  4.43  3.90  3.85  3.62  2.92  1.65  1.23     3.16  1.69  4.17  4.06  2.73
 75   40     1.49  2.37  3.47  4.24  4.44  4.21  3.71  3.70  3.51  2.87  1.64  1.22     3.07  1.69  4.05  3.87  2.67
 75   50     1.48  2.34  3.40  4.04  4.18  3.94  3.48  3.49  3.36  2.79  1.60  1.20     2.94  1.67  3.88  3.64  2.58
 75   60     1.46  2.31  3.31  3.80  3.89  3.64  3.21  3.25  3.16  2.66  1.52  1.17     2.78  1.65  3.67  3.37  2.45
 75   70     1.43  2.25  3.19  3.53  3.56  3.32  2.93  2.98  2.94  2.50  1.44  1.12     2.60  1.60  3.43  3.08  2.29
 75   80     1.38  2.17  3.04  3.21  3.20  2.97  2.62  2.69  2.67  2.31  1.34  1.06     2.39  1.54  3.15  2.76  2.10
 75   90     1.33  2.09  2.89  2.91  2.84  2.62  2.31  2.39  2.39  2.08  1.21  0.99     2.17  1.47  2.88  2.44  1.89
 90   10     1.39  2.24  3.39  4.45  4.83  4.67  4.11  3.98  3.61  2.77  1.55  1.15     3.18  1.59  4.22  4.25  2.64
 90   20     1.38  2.22  3.35  4.35  4.72  4.55  4.01  3.89  3.54  2.72  1.52  1.13     3.12  1.58  4.14  4.15  2.60
 90   30     1.36  2.19  3.29  4.20  4.55  4.38  3.85  3.75  3.43  2.66  1.48  1.11     3.02  1.55  4.01  3.99  2.52
 90   40     1.34  2.15  3.22  4.01  4.33  4.15  3.65  3.58  3.28  2.57  1.43  1.08     2.90  1.52  3.86  3.79  2.42
 90   50     1.31  2.11  3.13  3.81  4.07  3.88  3.41  3.37  3.11  2.44  1.37  1.04     2.75  1.49  3.67  3.55  2.31
 90   60     1.28  2.06  3.02  3.57  3.77  3.58  3.15  3.12  2.91  2.31  1.29  1.00     2.59  1.45  3.46  3.28  2.17
 90   70     1.25  2.01  2.91  3.29  3.46  3.27  2.87  2.86  2.68  2.15  1.20  0.95     2.41  1.40  3.22  3.00  2.01
 90   80     1.21  1.94  2.79  3.03  3.13  2.94  2.58  2.59  2.45  1.98  1.11  0.90     2.22  1.35  2.98  2.70  1.85
 90   90     1.17  1.88  2.66  2.73  2.79  2.60  2.29  2.31  2.19  1.78  1.00  0.84     2.02  1.30  2.73  2.40  1.66
105   10     1.34  2.17  3.31  4.38  4.79  4.65  4.09  3.94  3.53  2.67  1.48  1.10     3.12  1.54  4.16  4.23  2.56
105   20     1.29  2.09  3.19  4.21  4.65  4.52  3.97  3.82  3.39  2.53  1.40  1.05     3.01  1.47  4.02  4.10  2.44
105   30     1.24  2.01  3.07  4.01  4.44  4.31  3.79  3.64  3.22  2.39  1.31  1.00     2.87  1.41  3.84  3.92  2.31
105   40     1.19  1.94  2.94  3.77  4.19  4.06  3.57  3.43  3.03  2.24  1.23  0.94     2.71  1.36  3.64  3.69  2.17
105   50     1.16  1.88  2.84  3.52  3.91  3.78  3.32  3.20  2.83  2.10  1.15  0.90     2.55  1.31  3.42  3.44  2.02
105   60     1.12  1.82  2.73  3.28  3.61  3.48  3.05  2.96  2.62  1.95  1.07  0.85     2.38  1.27  3.21  3.16  1.88
105   70     1.10  1.78  2.61  3.03  3.30  3.16  2.77  2.70  2.41  1.80  0.98  0.81     2.21  1.23  2.98  2.88  1.73
105   80     1.07  1.73  2.52  2.76  2.98  2.85  2.49  2.44  2.19  1.65  0.91  0.77     2.03  1.19  2.76  2.59  1.58
105   90     1.04  1.70  2.41  2.52  2.68  2.54  2.22  2.19  1.97  1.50  0.82  0.72     1.86  1.15  2.54  2.31  1.43
120   10     1.30  2.11  3.23  4.31  4.76  4.64  4.07  3.91  3.46  2.57  1.42  1.06     3.07  1.49  4.10  4.21  2.48
120   20     1.20  1.97  3.04  4.08  4.58  4.48  3.93  3.74  3.25  2.35  1.28  0.97     2.90  1.38  3.90  4.05  2.29
120   30     1.12  1.84  2.85  3.80  4.33  4.25  3.73  3.52  3.01  2.12  1.15  0.89     2.72  1.28  3.66  3.83  2.10
120   40     1.06  1.74  2.68  3.51  4.03  3.96  3.48  3.28  2.77  1.93  1.05  0.83     2.53  1.21  3.40  3.57  1.91
120   50     1.03  1.66  2.54  3.22  3.71  3.65  3.21  3.01  2.54  1.75  0.96  0.79     2.34  1.16  3.16  3.29  1.75
120   60     1.00  1.62  2.42  2.95  3.39  3.33  2.93  2.75  2.32  1.60  0.89  0.75     2.16  1.12  2.92  3.00  1.60
120   70     0.99  1.58  2.33  2.70  3.08  3.01  2.65  2.50  2.11  1.47  0.81  0.71     2.00  1.10  2.71  2.72  1.47
120   80     0.97  1.56  2.25  2.48  2.78  2.70  2.38  2.26  1.91  1.34  0.75  0.68     1.84  1.07  2.50  2.45  1.34
120   90     0.96  1.54  2.19  2.26  2.48  2.41  2.11  2.03  1.73  1.23  0.69  0.65     1.69  1.05  2.31  2.18  1.22
135   10     1.26  2.05  3.16  4.26  4.74  4.62  4.06  3.88  3.40  2.49  1.36  1.02     3.02  1.45  4.05  4.19  2.42
135   20     1.12  1.86  2.90  3.96  4.51  4.45  3.90  3.68  3.12  2.17  1.17  0.90     2.81  1.29  3.79  4.01  2.15
135   30     1.02  1.68  2.64  3.61  4.21  4.19  3.67  3.42  2.81  1.87  1.01  0.80     2.58  1.17  3.49  3.76  1.90
135   40     0.96  1.56  2.42  3.24  3.86  3.87  3.40  3.12  2.50  1.62  0.89  0.74     2.35  1.09  3.17  3.46  1.67
135   50     0.94  1.49  2.25  2.90  3.48  3.51  3.09  2.82  2.23  1.43  0.81  0.71     2.14  1.04  2.88  3.14  1.49
135   60     0.93  1.45  2.14  2.62  3.13  3.15  2.78  2.54  2.00  1.29  0.75  0.68     1.95  1.02  2.63  2.82  1.35
135   70     0.92  1.44  2.07  2.38  2.81  2.82  2.50  2.28  1.81  1.19  0.70  0.66     1.80  1.01  2.42  2.53  1.23
135   80     0.92  1.44  2.01  2.17  2.52  2.52  2.23  2.06  1.65  1.09  0.65  0.64     1.66  1.00  2.23  2.27  1.13
135   90     0.92  1.44  1.99  1.99  2.26  2.25  1.99  1.85  1.49  1.01  0.60  0.61     1.53  0.99  2.08  2.03  1.03
150   10     1.23  2.01  3.11  4.21  4.72  4.62  4.05  3.85  3.35  2.42  1.32  1.00     2.99  1.41  4.01  4.17  2.36
150   20     1.06  1.76  2.79  3.86  4.47  4.43  3.88  3.62  3.01  2.03  1.09  0.84     2.74  1.22  3.71  3.98  2.04
150   30     0.94  1.55  2.46  3.45  4.13  4.16  3.64  3.33  2.63  1.65  0.89  0.73     2.46  1.08  3.35  3.71  1.73
150   40     0.91  1.41  2.17  3.00  3.72  3.81  3.34  2.98  2.26  1.35  0.78  0.70     2.20  1.00  2.96  3.37  1.46
150   50     0.90  1.36  1.98  2.58  3.26  3.39  2.98  2.62  1.93  1.16  0.72  0.69     1.96  0.98  2.61  3.00  1.27
150   60     0.91  1.35  1.88  2.26  2.83  2.96  2.62  2.30  1.71  1.05  0.69  0.67     1.77  0.97  2.33  2.63  1.15
150   70     0.91  1.36  1.85  2.04  2.49  2.60  2.32  2.05  1.54  0.98  0.65  0.65     1.62  0.97  2.13  2.32  1.06
150   80     0.91  1.38  1.83  1.87  2.23  2.30  2.07  1.85  1.41  0.92  0.61  0.63     1.50  0.97  1.98  2.07  0.98
150   90     0.91  1.40  1.83  1.74  2.01  2.06  1.85  1.67  1.30  0.86  0.57  0.61     1.40  0.97  1.86  1.86  0.91
165   10     1.21  1.98  3.07  4.19  4.71  4.61  4.04  3.84  3.32  2.37  1.29  0.98     2.97  1.39  3.99  4.16  2.33
165   20     1.02  1.71  2.71  3.81  4.45  4.42  3.87  3.59  2.95  1.93  1.02  0.80     2.69  1.18  3.66  3.96  1.97
165   30     0.90  1.45  2.33  3.36  4.10  4.14  3.63  3.28  2.52  1.48  0.80  0.71     2.39  1.02  3.26  3.68  1.60
165   40     0.90  1.30  1.97  2.85  3.67  3.79  3.32  2.91  2.06  1.11  0.75  0.70     2.11  0.97  2.83  3.34  1.31
165   50     0.90  1.31  1.75  2.31  3.18  3.37  2.96  2.49  1.66  0.97  0.72  0.69     1.86  0.97  2.41  2.94  1.12
165   60     0.91  1.33  1.70  1.93  2.63  2.90  2.55  2.07  1.44  0.93  0.69  0.67     1.65  0.97  2.09  2.50  1.02
165   70     0.91  1.35  1.71  1.75  2.21  2.41  2.16  1.83  1.33  0.89  0.65  0.65     1.49  0.97  1.89  2.13  0.96
165   80     0.91  1.37  1.73  1.64  1.98  2.12  1.92  1.66  1.24  0.84  0.61  0.63     1.39  0.97  1.78  1.90  0.90
165   90     0.91  1.39  1.75  1.55  1.79  1.90  1.73  1.52  1.16  0.80  0.57  0.61     1.31  0.97  1.70  1.72  0.85
180   10     1.20  1.98  3.06  4.18  4.70  4.61  4.04  3.83  3.31  2.36  1.29  0.97     2.96  1.38  3.98  4.16  2.32
180   20     1.01  1.68  2.68  3.80  4.44  4.42  3.87  3.58  2.93  1.89  1.00  0.79     2.67  1.16  3.64  3.95  1.94
180   30     0.90  1.40  2.28  3.34  4.09  4.14  3.62  3.26  2.48  1.40  0.77  0.71     2.37  1.00  3.24  3.67  1.55
180   40     0.90  1.29  1.86  2.82  3.66  3.79  3.31  2.88  2.00  0.99  0.75  0.70     2.08  0.97  2.78  3.33  1.25
180   50     0.90  1.31  1.63  2.26  3.17  3.36  2.95  2.46  1.49  0.96  0.72  0.69     1.83  0.97  2.35  2.92  1.06
180   60     0.91  1.33  1.65  1.73  2.62  2.89  2.55  2.00  1.30  0.93  0.69  0.67     1.61  0.97  2.00  2.48  0.97
180   70     0.91  1.35  1.68  1.60  2.09  2.38  2.11  1.71  1.24  0.89  0.65  0.65     1.44  0.97  1.79  2.07  0.93
180   80     0.91  1.37  1.70  1.53  1.87  2.04  1.87  1.57  1.17  0.84  0.61  0.63     1.34  0.97  1.70  1.83  0.88
180   90     0.91  1.39  1.73  1.48  1.72  1.84  1.69  1.45  1.11  0.80  0.57  0.61     1.27  0.97  1.64  1.66  0.83
             66.1  60.4  46.9  25.8  12.6   5.8   8.3  17.3  32.5  48.9  56.6  61.9     31.7  62.5  26.4  10.5  44.4
             2.11  3.14  4.17  4.83  4.93  4.73  4.17  4.13  4.10  3.82  2.37  1.77     3.69  2.34  4.56  4.33  3.39
             1.90  2.92  4.09  4.81  4.74  4.45  3.96  4.04  4.10  3.68  2.20  1.61     3.54  2.14  4.54  4.15  3.33
             1.11  1.08  1.02  1.00  1.04  1.06  1.05  1.02  1.00  1.04  1.08  1.10     1.05  1.10  1.02  1.05  1.04
             1.35  1.29  1.20  1.07  0.97  0.94  0.95  1.01  1.13  1.32  1.39  1.39     1.17  1.34  1.08  0.97  1.28
temperature  -2.5  -2.0   1.1   6.5  11.0  14.6  18.7  21.3  17.8  11.6   5.3  -0.1      8.6  -1.5   6.2  18.2  11.6
diffusedrad  1.01  1.49  1.95  2.19  2.50  2.75  2.64  2.33  1.86  1.36  0.95  0.81     1.82  1.10  2.22  2.57  1.39
snow10cm     0.92  0.93  0.70  0.13  0.00  0.00  0.00  0.00  0.00  0.00  0.04  0.44     0.26  0.76  0.28  0.00  0.01
