2 24201   鶉              41 55.8  140 18.7   53
             1.24  2.10  3.23  4.22  4.57  4.76  4.13  3.96  3.47  2.56  1.38  0.99     3.05  1.45  4.01  4.29  2.47
             1.51  2.63  3.67  4.86  5.28  5.93  5.34  4.90  4.20  2.97  1.72  1.20     3.18  1.72  4.35  4.90  2.75
             1.03  1.73  2.86  3.63  3.93  3.75  3.18  3.12  2.75  2.03  0.98  0.82     2.85  1.28  3.71  3.71  2.08
  0   10     1.35  2.29  3.47  4.40  4.63  4.77  4.15  4.05  3.69  2.86  1.53  1.10     3.19  1.58  4.17  4.33  2.69
  0   20     1.46  2.46  3.67  4.50  4.60  4.70  4.10  4.07  3.84  3.10  1.67  1.18     3.28  1.70  4.26  4.29  2.87
  0   30     1.54  2.60  3.81  4.50  4.49  4.53  3.98  4.01  3.90  3.28  1.78  1.25     3.31  1.80  4.26  4.17  2.98
  0   40     1.61  2.70  3.89  4.40  4.28  4.28  3.78  3.87  3.87  3.38  1.85  1.30     3.27  1.87  4.19  3.98  3.03
  0   50     1.66  2.77  3.90  4.22  4.00  3.96  3.52  3.66  3.76  3.40  1.89  1.33     3.17  1.92  4.04  3.72  3.02
  0   60     1.68  2.79  3.85  3.95  3.64  3.58  3.21  3.38  3.57  3.34  1.88  1.34     3.02  1.93  3.81  3.39  2.93
  0   70     1.67  2.76  3.74  3.61  3.22  3.14  2.85  3.04  3.31  3.20  1.83  1.32     2.81  1.92  3.52  3.01  2.78
  0   80     1.65  2.70  3.56  3.20  2.76  2.67  2.45  2.65  2.98  2.99  1.74  1.28     2.55  1.87  3.17  2.59  2.57
  0   90     1.59  2.60  3.34  2.73  2.27  2.18  2.04  2.23  2.59  2.72  1.62  1.22     2.26  1.80  2.78  2.15  2.31
 15   10     1.35  2.28  3.46  4.39  4.63  4.77  4.15  4.05  3.68  2.85  1.52  1.09     3.19  1.57  4.16  4.32  2.69
 15   20     1.45  2.44  3.65  4.48  4.60  4.69  4.10  4.07  3.82  3.08  1.66  1.18     3.27  1.69  4.25  4.29  2.86
 15   30     1.53  2.58  3.79  4.49  4.48  4.53  3.98  4.01  3.88  3.25  1.76  1.24     3.29  1.78  4.25  4.17  2.96
 15   40     1.60  2.68  3.86  4.39  4.28  4.29  3.78  3.87  3.85  3.34  1.83  1.29     3.25  1.86  4.18  3.98  3.01
 15   50     1.64  2.73  3.87  4.21  4.00  3.97  3.53  3.65  3.74  3.35  1.86  1.32     3.16  1.90  4.02  3.72  2.98
 15   60     1.66  2.75  3.82  3.95  3.65  3.60  3.22  3.38  3.55  3.29  1.85  1.32     3.00  1.91  3.81  3.40  2.90
 15   70     1.65  2.73  3.70  3.61  3.24  3.17  2.86  3.04  3.29  3.15  1.80  1.30     2.79  1.89  3.52  3.02  2.75
 15   80     1.62  2.66  3.53  3.21  2.79  2.71  2.48  2.66  2.97  2.94  1.71  1.26     2.54  1.85  3.18  2.62  2.54
 15   90     1.57  2.56  3.30  2.76  2.32  2.24  2.08  2.26  2.59  2.66  1.59  1.20     2.26  1.77  2.79  2.19  2.28
 30   10     1.34  2.26  3.44  4.37  4.62  4.77  4.14  4.04  3.66  2.82  1.50  1.08     3.17  1.56  4.14  4.32  2.66
 30   20     1.43  2.40  3.61  4.45  4.59  4.69  4.09  4.05  3.78  3.02  1.62  1.16     3.24  1.66  4.21  4.28  2.81
 30   30     1.50  2.52  3.72  4.43  4.48  4.54  3.97  3.98  3.82  3.16  1.71  1.21     3.25  1.74  4.21  4.16  2.90
 30   40     1.55  2.60  3.78  4.34  4.28  4.30  3.78  3.85  3.79  3.23  1.76  1.25     3.21  1.80  4.13  3.98  2.93
 30   50     1.59  2.64  3.77  4.16  4.02  4.00  3.53  3.64  3.67  3.22  1.78  1.27     3.11  1.83  3.98  3.73  2.89
 30   60     1.60  2.65  3.71  3.90  3.68  3.64  3.24  3.38  3.48  3.14  1.76  1.26     2.95  1.84  3.76  3.42  2.79
 30   70     1.59  2.61  3.59  3.59  3.30  3.24  2.90  3.06  3.23  3.00  1.70  1.24     2.75  1.81  3.49  3.06  2.64
 30   80     1.56  2.54  3.42  3.20  2.88  2.81  2.54  2.70  2.92  2.78  1.61  1.20     2.51  1.76  3.17  2.68  2.44
 30   90     1.50  2.44  3.21  2.79  2.44  2.37  2.17  2.32  2.56  2.51  1.48  1.13     2.24  1.69  2.81  2.29  2.18
 45   10     1.32  2.23  3.40  4.34  4.61  4.76  4.13  4.02  3.62  2.77  1.48  1.06     3.14  1.53  4.11  4.30  2.62
 45   20     1.39  2.34  3.53  4.38  4.57  4.68  4.08  4.02  3.71  2.92  1.57  1.12     3.19  1.62  4.16  4.26  2.73
 45   30     1.44  2.42  3.61  4.36  4.45  4.53  3.95  3.95  3.73  3.02  1.63  1.16     3.19  1.68  4.14  4.14  2.79
 45   40     1.48  2.48  3.64  4.25  4.27  4.31  3.77  3.81  3.67  3.06  1.66  1.19     3.13  1.72  4.05  3.96  2.79
 45   50     1.50  2.50  3.63  4.07  4.01  4.02  3.53  3.61  3.55  3.03  1.65  1.19     3.02  1.73  3.90  3.72  2.74
 45   60     1.50  2.49  3.55  3.82  3.70  3.68  3.24  3.35  3.37  2.94  1.62  1.18     2.87  1.72  3.69  3.42  2.64
 45   70     1.48  2.45  3.44  3.52  3.35  3.31  2.93  3.06  3.12  2.78  1.55  1.15     2.68  1.69  3.44  3.10  2.48
 45   80     1.44  2.38  3.28  3.17  2.96  2.91  2.59  2.72  2.83  2.57  1.45  1.10     2.45  1.64  3.14  2.74  2.29
 45   90     1.39  2.28  3.08  2.79  2.56  2.50  2.24  2.37  2.49  2.32  1.33  1.03     2.20  1.57  2.81  2.37  2.05
 60   10     1.29  2.18  3.34  4.29  4.59  4.75  4.12  4.00  3.57  2.70  1.44  1.04     3.11  1.50  4.07  4.29  2.57
 60   20     1.34  2.25  3.43  4.30  4.54  4.66  4.05  3.97  3.62  2.80  1.49  1.08     3.13  1.55  4.09  4.23  2.64
 60   30     1.37  2.30  3.47  4.24  4.42  4.51  3.92  3.88  3.60  2.85  1.52  1.10     3.10  1.59  4.04  4.11  2.65
 60   40     1.38  2.33  3.47  4.12  4.22  4.29  3.74  3.74  3.53  2.85  1.53  1.10     3.02  1.60  3.94  3.92  2.63
 60   50     1.39  2.33  3.43  3.93  3.99  4.02  3.51  3.54  3.39  2.79  1.50  1.09     2.91  1.60  3.78  3.69  2.56
 60   60     1.38  2.30  3.36  3.70  3.69  3.71  3.24  3.30  3.21  2.68  1.45  1.07     2.76  1.58  3.58  3.41  2.44
 60   70     1.35  2.25  3.24  3.41  3.36  3.35  2.93  3.01  2.97  2.53  1.38  1.03     2.57  1.54  3.33  3.10  2.29
 60   80     1.31  2.19  3.10  3.10  3.01  2.98  2.62  2.71  2.70  2.33  1.28  0.98     2.36  1.49  3.07  2.77  2.10
 60   90     1.26  2.10  2.93  2.74  2.63  2.61  2.29  2.38  2.40  2.10  1.16  0.91     2.13  1.42  2.77  2.43  1.89
 75   10     1.26  2.13  3.28  4.24  4.56  4.73  4.11  3.97  3.51  2.62  1.39  1.01     3.07  1.47  4.03  4.27  2.51
 75   20     1.28  2.16  3.30  4.20  4.49  4.63  4.02  3.91  3.50  2.65  1.41  1.02     3.05  1.49  4.00  4.19  2.52
 75   30     1.28  2.17  3.30  4.10  4.35  4.47  3.88  3.80  3.44  2.65  1.40  1.02     2.99  1.49  3.92  4.05  2.50
 75   40     1.28  2.16  3.27  3.96  4.16  4.25  3.69  3.65  3.34  2.60  1.38  1.01     2.90  1.48  3.79  3.87  2.44
 75   50     1.27  2.13  3.21  3.76  3.91  3.98  3.46  3.45  3.19  2.52  1.34  0.98     2.77  1.46  3.63  3.63  2.35
 75   60     1.25  2.10  3.12  3.52  3.64  3.69  3.20  3.20  3.00  2.39  1.27  0.95     2.61  1.43  3.43  3.36  2.22
 75   70     1.22  2.05  3.02  3.26  3.33  3.36  2.92  2.94  2.78  2.25  1.19  0.91     2.44  1.39  3.20  3.07  2.07
 75   80     1.18  1.99  2.89  2.96  2.98  3.00  2.61  2.65  2.52  2.06  1.10  0.86     2.23  1.34  2.94  2.75  1.90
 75   90     1.14  1.92  2.75  2.66  2.65  2.65  2.30  2.35  2.26  1.86  0.99  0.80     2.03  1.28  2.69  2.44  1.70
 90   10     1.23  2.08  3.21  4.18  4.54  4.72  4.09  3.93  3.44  2.54  1.35  0.98     3.02  1.43  3.98  4.25  2.44
 90   20     1.21  2.05  3.17  4.08  4.43  4.60  3.99  3.84  3.38  2.49  1.32  0.97     2.96  1.41  3.90  4.14  2.40
 90   30     1.19  2.02  3.12  3.94  4.27  4.42  3.83  3.70  3.27  2.43  1.28  0.94     2.87  1.39  3.77  3.98  2.33
 90   40     1.17  1.99  3.05  3.75  4.06  4.19  3.63  3.53  3.13  2.34  1.23  0.92     2.75  1.36  3.62  3.78  2.23
 90   50     1.15  1.95  2.97  3.55  3.81  3.92  3.40  3.32  2.96  2.22  1.17  0.88     2.61  1.33  3.44  3.55  2.12
 90   60     1.12  1.90  2.87  3.31  3.53  3.62  3.13  3.08  2.77  2.10  1.10  0.84     2.45  1.29  3.24  3.28  1.99
 90   70     1.09  1.86  2.77  3.04  3.23  3.30  2.85  2.81  2.54  1.94  1.02  0.80     2.27  1.25  3.02  2.99  1.83
 90   80     1.06  1.80  2.66  2.79  2.92  2.97  2.57  2.55  2.33  1.79  0.94  0.76     2.09  1.20  2.79  2.70  1.68
 90   90     1.03  1.75  2.55  2.50  2.60  2.63  2.28  2.27  2.08  1.61  0.84  0.70     1.90  1.16  2.55  2.39  1.51
105   10     1.19  2.02  3.14  4.12  4.51  4.70  4.07  3.89  3.38  2.46  1.30  0.96     2.98  1.39  3.92  4.22  2.38
105   20     1.15  1.95  3.04  3.96  4.37  4.56  3.95  3.77  3.24  2.33  1.23  0.92     2.87  1.34  3.79  4.09  2.27
105   30     1.11  1.88  2.92  3.76  4.17  4.36  3.77  3.59  3.08  2.20  1.16  0.87     2.74  1.29  3.62  3.91  2.15
105   40     1.07  1.82  2.81  3.54  3.94  4.10  3.55  3.38  2.90  2.06  1.09  0.83     2.59  1.24  3.43  3.68  2.02
105   50     1.04  1.76  2.71  3.30  3.67  3.82  3.31  3.16  2.70  1.93  1.01  0.79     2.43  1.20  3.23  3.43  1.88
105   60     1.01  1.71  2.61  3.06  3.39  3.51  3.04  2.92  2.50  1.79  0.94  0.75     2.27  1.16  3.02  3.16  1.74
105   70     0.99  1.68  2.51  2.81  3.09  3.19  2.76  2.67  2.30  1.65  0.87  0.71     2.10  1.13  2.80  2.87  1.61
105   80     0.97  1.64  2.43  2.55  2.79  2.88  2.48  2.40  2.08  1.51  0.80  0.68     1.93  1.09  2.59  2.59  1.46
105   90     0.95  1.60  2.34  2.31  2.50  2.56  2.21  2.15  1.88  1.37  0.72  0.64     1.77  1.06  2.38  2.31  1.32
120   10     1.16  1.97  3.08  4.06  4.48  4.68  4.05  3.86  3.31  2.37  1.25  0.93     2.93  1.36  3.87  4.20  2.31
120   20     1.09  1.85  2.90  3.84  4.31  4.52  3.91  3.69  3.11  2.18  1.15  0.86     2.79  1.27  3.68  4.04  2.15
120   30     1.03  1.74  2.73  3.58  4.07  4.29  3.71  3.48  2.89  1.98  1.04  0.81     2.61  1.19  3.46  3.83  1.97
120   40     0.99  1.66  2.58  3.31  3.79  4.00  3.46  3.23  2.66  1.80  0.96  0.76     2.43  1.14  3.23  3.56  1.80
120   50     0.96  1.59  2.45  3.03  3.49  3.68  3.19  2.97  2.43  1.64  0.88  0.72     2.25  1.09  2.99  3.28  1.65
120   60     0.94  1.55  2.34  2.77  3.19  3.36  2.92  2.72  2.22  1.50  0.82  0.69     2.09  1.06  2.77  3.00  1.51
120   70     0.92  1.52  2.27  2.52  2.90  3.04  2.64  2.47  2.02  1.38  0.75  0.66     1.93  1.03  2.56  2.72  1.38
120   80     0.91  1.50  2.20  2.30  2.61  2.73  2.37  2.23  1.84  1.25  0.69  0.63     1.77  1.01  2.37  2.44  1.26
120   90     0.90  1.49  2.15  2.09  2.33  2.43  2.10  2.00  1.66  1.15  0.63  0.59     1.63  0.99  2.19  2.18  1.14
135   10     1.14  1.93  3.02  4.01  4.45  4.67  4.04  3.83  3.26  2.30  1.21  0.91     2.90  1.32  3.83  4.18  2.26
135   20     1.04  1.76  2.78  3.73  4.25  4.49  3.88  3.63  2.99  2.03  1.07  0.82     2.71  1.21  3.59  4.00  2.03
135   30     0.97  1.62  2.56  3.41  3.97  4.22  3.66  3.37  2.70  1.77  0.94  0.75     2.50  1.12  3.31  3.75  1.81
135   40     0.93  1.52  2.36  3.07  3.64  3.90  3.38  3.08  2.41  1.55  0.85  0.71     2.28  1.05  3.02  3.45  1.60
135   50     0.90  1.46  2.21  2.75  3.29  3.53  3.07  2.78  2.15  1.38  0.78  0.68     2.08  1.01  2.75  3.13  1.44
135   60     0.89  1.43  2.11  2.47  2.96  3.17  2.77  2.51  1.93  1.25  0.72  0.66     1.91  0.99  2.51  2.82  1.30
135   70     0.89  1.42  2.04  2.24  2.66  2.85  2.48  2.26  1.75  1.15  0.67  0.63     1.75  0.98  2.31  2.53  1.19
135   80     0.88  1.41  2.00  2.03  2.39  2.54  2.22  2.03  1.60  1.05  0.62  0.60     1.62  0.97  2.14  2.27  1.09
135   90     0.88  1.42  1.98  1.84  2.14  2.27  1.98  1.83  1.45  0.97  0.57  0.58     1.49  0.96  1.99  2.02  1.00
150   10     1.12  1.89  2.97  3.97  4.43  4.66  4.03  3.80  3.21  2.25  1.18  0.89     2.87  1.30  3.79  4.17  2.21
150   20     1.00  1.69  2.69  3.65  4.21  4.47  3.86  3.58  2.90  1.91  1.01  0.79     2.65  1.16  3.52  3.97  1.94
150   30     0.92  1.52  2.40  3.27  3.90  4.19  3.62  3.29  2.54  1.59  0.86  0.71     2.40  1.05  3.19  3.70  1.66
150   40     0.89  1.40  2.15  2.86  3.52  3.83  3.32  2.95  2.19  1.32  0.77  0.69     2.16  0.99  2.84  3.37  1.43
150   50     0.89  1.36  1.98  2.47  3.10  3.41  2.97  2.59  1.89  1.15  0.72  0.67     1.93  0.97  2.52  2.99  1.25
150   60     0.88  1.35  1.89  2.16  2.71  2.97  2.61  2.28  1.67  1.05  0.69  0.65     1.74  0.96  2.25  2.62  1.14
150   70     0.88  1.36  1.86  1.95  2.39  2.61  2.31  2.03  1.51  0.98  0.64  0.63     1.60  0.96  2.07  2.32  1.04
150   80     0.88  1.37  1.85  1.78  2.14  2.32  2.06  1.83  1.38  0.92  0.60  0.60     1.48  0.95  1.92  2.07  0.97
150   90     0.87  1.39  1.85  1.63  1.93  2.07  1.84  1.66  1.27  0.85  0.56  0.58     1.38  0.95  1.80  1.86  0.89
165   10     1.11  1.87  2.94  3.95  4.43  4.66  4.03  3.79  3.18  2.21  1.17  0.88     2.85  1.28  3.77  4.16  2.19
165   20     0.97  1.65  2.63  3.60  4.19  4.46  3.85  3.55  2.84  1.83  0.96  0.76     2.61  1.13  3.47  3.95  1.88
165   30     0.89  1.44  2.29  3.19  3.87  4.18  3.61  3.24  2.44  1.44  0.80  0.70     2.34  1.01  3.12  3.67  1.56
165   40     0.89  1.32  1.97  2.72  3.48  3.82  3.30  2.88  2.02  1.13  0.75  0.69     2.08  0.96  2.73  3.33  1.30
165   50     0.89  1.33  1.78  2.23  3.03  3.39  2.94  2.46  1.64  1.01  0.72  0.67     1.84  0.96  2.35  2.93  1.12
165   60     0.88  1.34  1.75  1.87  2.53  2.91  2.54  2.06  1.44  0.96  0.69  0.65     1.63  0.96  2.05  2.50  1.03
165   70     0.88  1.35  1.75  1.69  2.15  2.42  2.16  1.82  1.33  0.91  0.64  0.63     1.48  0.95  1.86  2.13  0.96
165   80     0.88  1.37  1.77  1.57  1.93  2.13  1.92  1.65  1.23  0.86  0.60  0.60     1.38  0.95  1.76  1.90  0.90
165   90     0.87  1.38  1.78  1.47  1.75  1.91  1.73  1.51  1.15  0.81  0.56  0.58     1.29  0.94  1.67  1.72  0.84
180   10     1.10  1.87  2.93  3.94  4.42  4.66  4.03  3.78  3.18  2.20  1.16  0.87     2.84  1.28  3.77  4.15  2.18
180   20     0.96  1.63  2.60  3.59  4.18  4.46  3.85  3.53  2.82  1.80  0.95  0.75     2.59  1.12  3.46  3.95  1.86
180   30     0.89  1.40  2.25  3.17  3.87  4.17  3.60  3.22  2.41  1.38  0.78  0.70     2.32  1.00  3.10  3.67  1.52
180   40     0.89  1.32  1.88  2.70  3.47  3.81  3.29  2.85  1.96  1.03  0.75  0.69     2.05  0.96  2.69  3.32  1.25
180   50     0.89  1.33  1.69  2.19  3.02  3.39  2.93  2.44  1.48  1.00  0.72  0.67     1.81  0.96  2.30  2.92  1.07
180   60     0.88  1.34  1.71  1.70  2.52  2.90  2.53  1.99  1.31  0.95  0.69  0.65     1.60  0.96  1.98  2.48  0.98
180   70     0.88  1.35  1.73  1.57  2.05  2.38  2.10  1.71  1.25  0.91  0.64  0.63     1.43  0.95  1.78  2.06  0.93
180   80     0.88  1.37  1.75  1.48  1.84  2.05  1.86  1.57  1.18  0.86  0.60  0.60     1.34  0.95  1.69  1.83  0.88
180   90     0.87  1.38  1.77  1.41  1.69  1.85  1.69  1.44  1.10  0.81  0.56  0.58     1.26  0.94  1.62  1.66  0.82
             63.5  59.9  47.1  25.0  12.5   6.0   8.5  17.4  32.1  47.6  53.1  57.2     29.1  60.2  25.8  10.5  42.2
             1.68  2.79  3.90  4.51  4.63  4.78  4.15  4.08  3.90  3.40  1.89  1.34     3.42  1.93  4.27  4.33  3.03
             1.54  2.59  3.80  4.50  4.50  4.55  3.99  4.02  3.89  3.26  1.77  1.25     3.31  1.79  4.27  4.19  2.98
             1.09  1.08  1.03  1.00  1.03  1.05  1.04  1.01  1.00  1.04  1.07  1.07     1.04  1.08  1.02  1.04  1.04
             1.24  1.23  1.18  1.07  0.98  0.96  0.97  1.02  1.12  1.27  1.28  1.26     1.13  1.25  1.08  0.98  1.23
temperature  -3.8  -3.1   0.3   6.1  11.2  15.5  19.4  21.2  16.7  10.3   4.4  -1.1      8.1  -2.7   5.9  18.7  10.5
diffusedrad  0.97  1.48  1.97  2.20  2.53  2.75  2.64  2.33  1.86  1.36  0.92  0.77     1.81  1.07  2.23  2.57  1.38
snow10cm     0.97  1.00  0.78  0.08  0.00  0.00  0.00  0.00  0.00  0.00  0.04  0.49     0.28  0.82  0.29  0.00  0.01
