2 31136   今別            41 10.8  140 28.9   30
             1.17  1.97  3.17  4.43  4.97  5.02  4.45  4.26  3.55  2.62  1.41  0.98     3.17  1.37  4.19  4.58  2.52
             1.46  2.26  3.68  5.11  6.00  5.83  5.67  5.23  4.30  3.02  1.61  1.24     3.38  1.57  4.67  5.27  2.92
             1.04  1.69  2.73  3.62  4.19  4.14  3.57  3.23  2.62  2.13  1.00  0.83     2.95  1.23  3.59  3.94  2.12
  0   10     1.24  2.11  3.40  4.62  5.03  5.02  4.47  4.37  3.77  2.93  1.57  1.06     3.30  1.47  4.35  4.62  2.76
  0   20     1.31  2.23  3.58  4.71  5.00  4.93  4.42  4.39  3.91  3.17  1.71  1.14     3.38  1.56  4.43  4.58  2.93
  0   30     1.37  2.33  3.70  4.71  4.86  4.75  4.27  4.32  3.97  3.34  1.82  1.20     3.39  1.63  4.42  4.45  3.04
  0   40     1.41  2.40  3.76  4.61  4.63  4.48  4.05  4.17  3.94  3.44  1.89  1.23     3.33  1.68  4.33  4.23  3.09
  0   50     1.43  2.44  3.75  4.41  4.31  4.13  3.76  3.93  3.83  3.45  1.91  1.25     3.22  1.70  4.16  3.94  3.06
  0   60     1.43  2.44  3.69  4.12  3.91  3.71  3.41  3.62  3.63  3.39  1.90  1.24     3.04  1.70  3.90  3.58  2.97
  0   70     1.41  2.41  3.56  3.75  3.44  3.23  3.00  3.24  3.35  3.25  1.85  1.22     2.81  1.68  3.58  3.16  2.82
  0   80     1.38  2.35  3.37  3.31  2.91  2.72  2.56  2.80  3.01  3.03  1.76  1.17     2.53  1.63  3.19  2.70  2.60
  0   90     1.33  2.25  3.13  2.80  2.37  2.19  2.11  2.34  2.61  2.75  1.63  1.10     2.22  1.56  2.77  2.21  2.33
 15   10     1.24  2.10  3.39  4.61  5.03  5.02  4.47  4.36  3.76  2.92  1.56  1.06     3.29  1.47  4.34  4.62  2.75
 15   20     1.31  2.22  3.57  4.70  4.99  4.93  4.41  4.38  3.90  3.15  1.70  1.13     3.37  1.55  4.42  4.57  2.92
 15   30     1.36  2.31  3.68  4.70  4.86  4.75  4.27  4.32  3.96  3.31  1.80  1.19     3.38  1.62  4.42  4.45  3.02
 15   40     1.40  2.38  3.73  4.60  4.63  4.49  4.05  4.16  3.92  3.40  1.86  1.22     3.32  1.67  4.32  4.23  3.06
 15   50     1.42  2.41  3.72  4.40  4.31  4.14  3.77  3.93  3.81  3.41  1.88  1.23     3.20  1.69  4.14  3.94  3.03
 15   60     1.42  2.41  3.65  4.12  3.93  3.73  3.42  3.62  3.61  3.34  1.87  1.23     3.03  1.69  3.90  3.59  2.94
 15   70     1.40  2.38  3.52  3.75  3.47  3.26  3.02  3.25  3.34  3.19  1.81  1.20     2.80  1.66  3.58  3.18  2.78
 15   80     1.37  2.31  3.33  3.32  2.96  2.77  2.60  2.83  3.01  2.97  1.72  1.15     2.53  1.61  3.21  2.73  2.57
 15   90     1.32  2.22  3.09  2.84  2.43  2.27  2.16  2.38  2.62  2.69  1.59  1.08     2.22  1.54  2.79  2.27  2.30
 30   10     1.23  2.08  3.37  4.58  5.02  5.02  4.47  4.35  3.74  2.88  1.54  1.05     3.28  1.45  4.33  4.61  2.72
 30   20     1.29  2.19  3.52  4.66  4.99  4.93  4.41  4.37  3.86  3.09  1.66  1.11     3.34  1.53  4.39  4.57  2.87
 30   30     1.34  2.27  3.62  4.65  4.86  4.76  4.27  4.30  3.89  3.22  1.74  1.16     3.34  1.59  4.38  4.44  2.95
 30   40     1.37  2.32  3.66  4.55  4.65  4.51  4.06  4.15  3.86  3.29  1.79  1.19     3.28  1.62  4.28  4.24  2.98
 30   50     1.38  2.34  3.63  4.36  4.35  4.18  3.78  3.93  3.74  3.28  1.80  1.19     3.16  1.64  4.11  3.96  2.94
 30   60     1.38  2.33  3.55  4.07  3.98  3.79  3.46  3.63  3.54  3.20  1.77  1.18     2.99  1.63  3.87  3.63  2.84
 30   70     1.36  2.29  3.42  3.74  3.55  3.36  3.08  3.29  3.28  3.04  1.71  1.15     2.77  1.60  3.57  3.24  2.68
 30   80     1.33  2.22  3.24  3.33  3.08  2.90  2.68  2.89  2.96  2.82  1.61  1.10     2.51  1.55  3.21  2.83  2.46
 30   90     1.27  2.13  3.00  2.89  2.59  2.43  2.27  2.47  2.59  2.54  1.48  1.03     2.23  1.48  2.83  2.39  2.20
 45   10     1.22  2.06  3.33  4.55  5.01  5.01  4.46  4.33  3.70  2.83  1.51  1.04     3.25  1.44  4.30  4.60  2.68
 45   20     1.26  2.14  3.45  4.59  4.97  4.92  4.39  4.33  3.78  2.99  1.60  1.08     3.29  1.50  4.34  4.55  2.79
 45   30     1.30  2.19  3.51  4.57  4.84  4.75  4.26  4.26  3.81  3.09  1.66  1.11     3.28  1.53  4.31  4.42  2.85
 45   40     1.32  2.23  3.53  4.45  4.64  4.52  4.05  4.11  3.75  3.12  1.68  1.13     3.21  1.56  4.21  4.23  2.85
 45   50     1.32  2.23  3.50  4.26  4.36  4.22  3.79  3.90  3.62  3.08  1.67  1.12     3.09  1.56  4.04  3.97  2.79
 45   60     1.31  2.21  3.40  4.00  4.02  3.85  3.48  3.62  3.43  2.99  1.63  1.10     2.92  1.54  3.81  3.65  2.68
 45   70     1.28  2.16  3.27  3.67  3.63  3.46  3.14  3.30  3.17  2.83  1.56  1.06     2.71  1.50  3.53  3.30  2.52
 45   80     1.24  2.09  3.10  3.30  3.19  3.03  2.76  2.93  2.88  2.61  1.46  1.01     2.47  1.45  3.20  2.91  2.31
 45   90     1.19  2.00  2.88  2.90  2.76  2.60  2.38  2.55  2.53  2.36  1.33  0.94     2.20  1.38  2.85  2.51  2.07
 60   10     1.20  2.02  3.28  4.50  4.99  5.00  4.44  4.31  3.65  2.76  1.48  1.02     3.22  1.41  4.26  4.58  2.63
 60   20     1.23  2.07  3.35  4.51  4.94  4.91  4.37  4.28  3.69  2.87  1.53  1.04     3.23  1.45  4.26  4.52  2.70
 60   30     1.24  2.10  3.38  4.45  4.81  4.74  4.23  4.20  3.67  2.91  1.55  1.06     3.20  1.47  4.21  4.39  2.71
 60   40     1.25  2.11  3.37  4.32  4.60  4.51  4.03  4.05  3.60  2.91  1.55  1.05     3.11  1.47  4.10  4.19  2.69
 60   50     1.24  2.10  3.31  4.12  4.34  4.23  3.78  3.83  3.46  2.85  1.52  1.03     2.98  1.46  3.92  3.94  2.61
 60   60     1.22  2.06  3.22  3.87  4.03  3.89  3.49  3.58  3.27  2.73  1.47  1.00     2.82  1.43  3.71  3.65  2.49
 60   70     1.19  2.01  3.08  3.56  3.66  3.51  3.16  3.26  3.03  2.58  1.39  0.96     2.62  1.38  3.44  3.31  2.33
 60   80     1.14  1.94  2.93  3.23  3.27  3.13  2.81  2.94  2.75  2.37  1.29  0.90     2.39  1.33  3.15  2.96  2.13
 60   90     1.09  1.86  2.74  2.86  2.87  2.73  2.46  2.58  2.44  2.14  1.16  0.83     2.15  1.26  2.82  2.59  1.91
 75   10     1.18  1.99  3.22  4.44  4.96  4.98  4.43  4.27  3.59  2.69  1.43  0.99     3.18  1.39  4.21  4.56  2.57
 75   20     1.18  2.00  3.23  4.40  4.89  4.88  4.34  4.22  3.58  2.72  1.45  1.00     3.16  1.39  4.17  4.48  2.58
 75   30     1.18  1.99  3.22  4.29  4.74  4.71  4.19  4.11  3.52  2.71  1.44  0.99     3.09  1.39  4.09  4.34  2.56
 75   40     1.17  1.98  3.17  4.15  4.54  4.48  3.99  3.95  3.41  2.65  1.41  0.97     2.99  1.37  3.95  4.14  2.49
 75   50     1.15  1.94  3.10  3.94  4.27  4.19  3.74  3.73  3.26  2.57  1.36  0.94     2.85  1.34  3.77  3.89  2.40
 75   60     1.12  1.91  3.00  3.69  3.98  3.88  3.45  3.48  3.06  2.44  1.29  0.90     2.68  1.31  3.56  3.60  2.27
 75   70     1.09  1.85  2.88  3.41  3.64  3.53  3.15  3.20  2.84  2.29  1.21  0.85     2.50  1.26  3.31  3.29  2.11
 75   80     1.04  1.78  2.73  3.09  3.27  3.16  2.82  2.88  2.57  2.10  1.12  0.80     2.28  1.21  3.03  2.95  1.93
 75   90     1.00  1.72  2.58  2.77  2.90  2.79  2.49  2.56  2.31  1.89  1.00  0.73     2.06  1.15  2.75  2.61  1.73
 90   10     1.15  1.95  3.16  4.38  4.93  4.97  4.41  4.23  3.52  2.60  1.39  0.97     3.14  1.36  4.16  4.54  2.50
 90   20     1.14  1.92  3.11  4.28  4.82  4.84  4.30  4.14  3.45  2.56  1.36  0.95     3.07  1.33  4.07  4.43  2.46
 90   30     1.12  1.89  3.05  4.13  4.65  4.66  4.13  4.00  3.34  2.49  1.32  0.92     2.97  1.31  3.94  4.26  2.38
 90   40     1.09  1.84  2.97  3.93  4.43  4.42  3.92  3.81  3.20  2.40  1.26  0.89     2.85  1.27  3.78  4.05  2.28
 90   50     1.06  1.80  2.87  3.72  4.17  4.13  3.67  3.59  3.02  2.27  1.20  0.85     2.70  1.24  3.58  3.80  2.17
 90   60     1.03  1.75  2.76  3.47  3.86  3.81  3.38  3.34  2.83  2.15  1.13  0.80     2.53  1.19  3.36  3.51  2.03
 90   70     1.00  1.70  2.65  3.19  3.54  3.48  3.08  3.06  2.60  1.98  1.04  0.76     2.34  1.15  3.13  3.21  1.87
 90   80     0.96  1.64  2.52  2.91  3.21  3.14  2.78  2.78  2.37  1.83  0.95  0.70     2.15  1.10  2.88  2.90  1.72
 90   90     0.92  1.59  2.39  2.61  2.85  2.78  2.46  2.48  2.12  1.64  0.85  0.65     1.95  1.05  2.62  2.57  1.54
105   10     1.13  1.90  3.09  4.31  4.90  4.95  4.39  4.19  3.45  2.52  1.34  0.94     3.09  1.33  4.10  4.51  2.44
105   20     1.09  1.84  2.98  4.15  4.75  4.80  4.26  4.06  3.32  2.39  1.27  0.90     2.98  1.28  3.96  4.37  2.33
105   30     1.05  1.77  2.86  3.94  4.54  4.59  4.07  3.87  3.15  2.25  1.20  0.86     2.85  1.23  3.78  4.18  2.20
105   40     1.02  1.71  2.74  3.70  4.29  4.32  3.83  3.65  2.97  2.12  1.12  0.81     2.69  1.18  3.58  3.94  2.07
105   50     0.98  1.66  2.63  3.44  4.00  4.02  3.56  3.41  2.76  1.98  1.04  0.77     2.52  1.14  3.36  3.67  1.93
105   60     0.95  1.61  2.52  3.19  3.70  3.70  3.28  3.15  2.55  1.83  0.97  0.72     2.35  1.09  3.13  3.38  1.79
105   70     0.92  1.56  2.40  2.93  3.37  3.36  2.98  2.89  2.35  1.69  0.89  0.68     2.17  1.05  2.90  3.08  1.64
105   80     0.89  1.52  2.30  2.66  3.06  3.04  2.68  2.61  2.13  1.54  0.81  0.64     1.99  1.01  2.67  2.77  1.50
105   90     0.87  1.48  2.19  2.40  2.74  2.71  2.39  2.34  1.92  1.40  0.73  0.59     1.81  0.98  2.44  2.48  1.35
120   10     1.11  1.87  3.03  4.25  4.87  4.93  4.37  4.15  3.39  2.44  1.29  0.92     3.05  1.30  4.05  4.49  2.37
120   20     1.05  1.76  2.86  4.02  4.68  4.76  4.22  3.97  3.19  2.23  1.19  0.86     2.90  1.22  3.85  4.32  2.20
120   30     1.00  1.67  2.69  3.74  4.42  4.51  4.00  3.74  2.96  2.03  1.08  0.80     2.72  1.16  3.62  4.08  2.02
120   40     0.96  1.59  2.52  3.45  4.12  4.21  3.73  3.48  2.72  1.85  0.99  0.75     2.53  1.10  3.36  3.80  1.85
120   50     0.92  1.53  2.38  3.16  3.79  3.88  3.43  3.20  2.49  1.68  0.91  0.71     2.34  1.05  3.11  3.50  1.70
120   60     0.90  1.49  2.26  2.88  3.47  3.54  3.13  2.92  2.27  1.54  0.84  0.67     2.16  1.01  2.87  3.20  1.55
120   70     0.87  1.45  2.17  2.62  3.15  3.20  2.83  2.66  2.07  1.41  0.77  0.63     1.99  0.98  2.65  2.90  1.42
120   80     0.85  1.42  2.08  2.38  2.84  2.87  2.54  2.41  1.88  1.28  0.71  0.59     1.82  0.95  2.44  2.61  1.29
120   90     0.83  1.40  2.01  2.15  2.54  2.56  2.26  2.16  1.69  1.17  0.64  0.55     1.66  0.93  2.23  2.33  1.17
135   10     1.09  1.83  2.97  4.20  4.84  4.92  4.36  4.12  3.33  2.36  1.26  0.90     3.01  1.27  4.00  4.46  2.32
135   20     1.01  1.70  2.75  3.90  4.61  4.73  4.18  3.90  3.07  2.09  1.11  0.82     2.82  1.18  3.75  4.27  2.09
135   30     0.95  1.58  2.52  3.56  4.31  4.45  3.93  3.62  2.77  1.82  0.98  0.75     2.60  1.09  3.46  4.00  1.86
135   40     0.91  1.49  2.31  3.19  3.94  4.10  3.63  3.30  2.47  1.59  0.88  0.70     2.38  1.03  3.15  3.67  1.65
135   50     0.88  1.43  2.15  2.85  3.56  3.71  3.29  2.97  2.21  1.41  0.81  0.67     2.16  0.99  2.85  3.32  1.48
135   60     0.87  1.39  2.03  2.55  3.19  3.33  2.96  2.67  1.98  1.28  0.75  0.64     1.97  0.97  2.59  2.98  1.34
135   70     0.85  1.37  1.95  2.30  2.86  2.98  2.65  2.40  1.79  1.17  0.70  0.61     1.80  0.94  2.37  2.68  1.22
135   80     0.84  1.36  1.89  2.09  2.57  2.66  2.37  2.16  1.63  1.07  0.64  0.57     1.65  0.92  2.18  2.40  1.11
135   90     0.82  1.35  1.85  1.89  2.31  2.37  2.11  1.95  1.47  0.99  0.59  0.54     1.52  0.91  2.02  2.14  1.02
150   10     1.07  1.81  2.93  4.16  4.82  4.91  4.35  4.09  3.29  2.31  1.23  0.88     2.99  1.25  3.97  4.45  2.27
150   20     0.98  1.65  2.65  3.81  4.57  4.71  4.16  3.84  2.97  1.97  1.05  0.79     2.76  1.14  3.68  4.24  2.00
150   30     0.91  1.50  2.37  3.40  4.22  4.41  3.89  3.52  2.61  1.64  0.90  0.71     2.51  1.04  3.33  3.94  1.71
150   40     0.88  1.40  2.11  2.96  3.80  4.03  3.55  3.14  2.25  1.36  0.80  0.68     2.25  0.99  2.96  3.57  1.47
150   50     0.87  1.36  1.93  2.54  3.33  3.57  3.16  2.74  1.93  1.18  0.75  0.66     2.00  0.96  2.60  3.16  1.29
150   60     0.86  1.34  1.83  2.21  2.89  3.10  2.76  2.40  1.70  1.07  0.71  0.63     1.79  0.95  2.31  2.75  1.16
150   70     0.85  1.34  1.78  1.98  2.54  2.71  2.43  2.13  1.54  1.00  0.67  0.60     1.63  0.93  2.10  2.42  1.07
150   80     0.84  1.34  1.75  1.80  2.27  2.40  2.16  1.92  1.41  0.93  0.62  0.57     1.50  0.92  1.94  2.16  0.99
150   90     0.82  1.34  1.73  1.65  2.04  2.14  1.93  1.74  1.29  0.87  0.57  0.54     1.39  0.90  1.81  1.94  0.91
165   10     1.06  1.79  2.90  4.13  4.81  4.91  4.34  4.07  3.26  2.27  1.21  0.87     2.97  1.24  3.95  4.44  2.25
165   20     0.97  1.62  2.60  3.76  4.55  4.70  4.15  3.80  2.91  1.89  1.01  0.77     2.73  1.12  3.64  4.22  1.93
165   30     0.89  1.45  2.27  3.32  4.19  4.40  3.88  3.46  2.50  1.49  0.84  0.70     2.45  1.01  3.26  3.91  1.61
165   40     0.88  1.34  1.95  2.82  3.76  4.01  3.54  3.05  2.07  1.16  0.78  0.68     2.17  0.97  2.84  3.53  1.34
165   50     0.87  1.34  1.74  2.28  3.25  3.55  3.13  2.59  1.68  1.02  0.75  0.66     1.91  0.96  2.42  3.09  1.15
165   60     0.86  1.34  1.69  1.89  2.69  3.03  2.68  2.13  1.46  0.97  0.71  0.63     1.67  0.94  2.09  2.62  1.05
165   70     0.85  1.34  1.67  1.69  2.24  2.49  2.24  1.86  1.34  0.92  0.67  0.60     1.49  0.93  1.87  2.20  0.98
165   80     0.84  1.34  1.67  1.57  2.00  2.18  1.98  1.69  1.25  0.87  0.62  0.57     1.38  0.92  1.74  1.95  0.91
165   90     0.82  1.34  1.67  1.46  1.81  1.96  1.79  1.55  1.17  0.82  0.57  0.54     1.29  0.90  1.65  1.76  0.85
180   10     1.06  1.79  2.89  4.13  4.81  4.91  4.34  4.06  3.25  2.26  1.20  0.87     2.96  1.24  3.94  4.44  2.24
180   20     0.96  1.60  2.57  3.75  4.54  4.70  4.15  3.78  2.89  1.85  1.00  0.76     2.71  1.11  3.62  4.21  1.91
180   30     0.89  1.42  2.23  3.30  4.19  4.40  3.88  3.43  2.47  1.43  0.81  0.70     2.43  1.00  3.24  3.90  1.57
180   40     0.88  1.34  1.87  2.79  3.75  4.01  3.54  3.02  2.01  1.05  0.78  0.68     2.14  0.97  2.80  3.52  1.28
180   50     0.87  1.34  1.65  2.24  3.24  3.55  3.13  2.55  1.53  1.01  0.75  0.66     1.88  0.96  2.38  3.08  1.09
180   60     0.86  1.34  1.65  1.69  2.67  3.03  2.68  2.05  1.32  0.96  0.71  0.63     1.63  0.94  2.00  2.59  1.00
180   70     0.85  1.34  1.65  1.55  2.12  2.47  2.20  1.72  1.26  0.92  0.67  0.60     1.44  0.93  1.77  2.13  0.95
180   80     0.84  1.34  1.65  1.46  1.89  2.09  1.92  1.58  1.19  0.87  0.62  0.57     1.34  0.92  1.67  1.86  0.89
180   90     0.82  1.34  1.65  1.39  1.74  1.89  1.74  1.46  1.11  0.82  0.57  0.54     1.26  0.90  1.60  1.69  0.83
             56.8  56.0  44.2  24.7  12.3   5.2   8.1  17.5  31.6  47.0  52.1  52.4     26.7  55.1  24.3  10.2  41.6
             1.43  2.44  3.77  4.73  5.03  5.03  4.47  4.39  3.97  3.46  1.91  1.25     3.49  1.71  4.44  4.62  3.09
             1.35  2.30  3.67  4.72  4.92  4.82  4.33  4.35  3.96  3.29  1.79  1.18     3.39  1.61  4.44  4.50  3.01
             1.06  1.06  1.03  1.00  1.02  1.04  1.03  1.01  1.00  1.05  1.07  1.06     1.04  1.06  1.02  1.03  1.04
             1.15  1.17  1.16  1.07  0.99  0.96  0.97  1.02  1.12  1.26  1.27  1.20     1.11  1.18  1.07  0.98  1.21
temperature  -1.0  -0.6   2.2   7.6  12.1  15.6  19.7  22.0  18.6  12.8   6.8   1.6      9.8   0.0   7.3  19.1  12.7
diffusedrad  0.96  1.48  1.95  2.18  2.50  2.71  2.63  2.31  1.87  1.38  0.95  0.77     1.81  1.07  2.21  2.55  1.40
snow10cm     0.87  0.96  0.65  0.06  0.00  0.00  0.00  0.00  0.00  0.00  0.02  0.34     0.24  0.72  0.24  0.00  0.01
