2 31336   六ケ所          40 53.1  141 16.3   80
             1.58  2.42  3.55  4.50  4.86  4.66  4.16  3.97  3.42  2.76  1.69  1.31     3.24  1.77  4.30  4.26  2.62
             1.83  2.82  3.95  5.19  5.81  5.51  5.69  4.87  4.08  3.12  1.93  1.66     3.45  1.98  4.69  4.98  2.95
             1.27  2.08  3.17  3.80  3.58  3.43  3.04  3.09  2.72  2.09  1.03  0.99     2.95  1.59  3.81  3.29  2.29
  0   10     1.80  2.68  3.84  4.69  4.91  4.66  4.18  4.05  3.62  3.09  1.96  1.52     3.42  2.00  4.48  4.30  2.89
  0   20     2.00  2.92  4.08  4.79  4.88  4.58  4.13  4.07  3.75  3.36  2.19  1.71     3.54  2.21  4.59  4.26  3.10
  0   30     2.18  3.12  4.26  4.79  4.75  4.42  4.00  4.00  3.79  3.55  2.37  1.87     3.59  2.39  4.60  4.14  3.24
  0   40     2.31  3.26  4.36  4.70  4.51  4.17  3.79  3.85  3.76  3.66  2.50  1.99     3.57  2.52  4.52  3.94  3.31
  0   50     2.41  3.36  4.39  4.50  4.20  3.86  3.53  3.63  3.64  3.68  2.58  2.08     3.49  2.62  4.36  3.67  3.30
  0   60     2.47  3.39  4.34  4.22  3.81  3.48  3.21  3.35  3.45  3.62  2.59  2.12     3.34  2.66  4.12  3.34  3.22
  0   70     2.48  3.37  4.22  3.86  3.35  3.04  2.84  3.00  3.19  3.47  2.54  2.12     3.12  2.66  3.81  2.96  3.07
  0   80     2.45  3.29  4.03  3.42  2.84  2.59  2.44  2.61  2.86  3.24  2.44  2.07     2.86  2.60  3.43  2.54  2.85
  0   90     2.37  3.16  3.77  2.92  2.32  2.11  2.02  2.19  2.48  2.94  2.28  1.98     2.54  2.50  3.00  2.11  2.57
 15   10     1.79  2.67  3.83  4.68  4.91  4.66  4.18  4.05  3.61  3.08  1.94  1.51     3.41  1.99  4.48  4.30  2.88
 15   20     1.98  2.90  4.07  4.78  4.87  4.58  4.12  4.06  3.73  3.34  2.16  1.70     3.52  2.19  4.57  4.25  3.08
 15   30     2.15  3.09  4.23  4.79  4.74  4.42  4.00  3.99  3.78  3.52  2.34  1.85     3.58  2.36  4.59  4.14  3.21
 15   40     2.28  3.23  4.33  4.69  4.52  4.18  3.80  3.85  3.74  3.62  2.46  1.96     3.56  2.49  4.51  3.94  3.27
 15   50     2.38  3.32  4.35  4.49  4.21  3.86  3.53  3.63  3.63  3.64  2.52  2.04     3.47  2.58  4.35  3.67  3.26
 15   60     2.43  3.35  4.30  4.22  3.83  3.50  3.22  3.35  3.43  3.57  2.53  2.08     3.32  2.62  4.12  3.35  3.18
 15   70     2.43  3.32  4.18  3.86  3.38  3.07  2.85  3.01  3.18  3.41  2.48  2.07     3.11  2.61  3.81  2.98  3.02
 15   80     2.40  3.24  3.99  3.43  2.89  2.63  2.46  2.63  2.86  3.18  2.37  2.03     2.84  2.56  3.44  2.57  2.80
 15   90     2.32  3.11  3.74  2.96  2.37  2.17  2.06  2.22  2.49  2.88  2.21  1.94     2.54  2.46  3.02  2.15  2.52
 30   10     1.76  2.64  3.80  4.66  4.91  4.66  4.18  4.04  3.59  3.04  1.91  1.49     3.39  1.96  4.46  4.29  2.85
 30   20     1.94  2.84  4.01  4.75  4.87  4.58  4.12  4.05  3.70  3.27  2.10  1.65     3.49  2.14  4.54  4.25  3.02
 30   30     2.08  3.01  4.16  4.73  4.75  4.42  3.99  3.97  3.72  3.42  2.25  1.78     3.52  2.29  4.54  4.13  3.13
 30   40     2.19  3.13  4.24  4.64  4.53  4.19  3.80  3.84  3.68  3.50  2.34  1.88     3.50  2.40  4.47  3.94  3.17
 30   50     2.27  3.19  4.25  4.45  4.24  3.89  3.54  3.62  3.56  3.50  2.38  1.94     3.40  2.47  4.31  3.69  3.15
 30   60     2.31  3.21  4.19  4.17  3.88  3.54  3.24  3.35  3.37  3.42  2.37  1.97     3.25  2.49  4.08  3.38  3.05
 30   70     2.30  3.17  4.07  3.85  3.47  3.14  2.89  3.04  3.12  3.25  2.31  1.95     3.05  2.48  3.79  3.02  2.89
 30   80     2.26  3.09  3.89  3.44  3.01  2.73  2.53  2.67  2.81  3.02  2.19  1.90     2.79  2.42  3.45  2.64  2.67
 30   90     2.18  2.95  3.64  3.01  2.54  2.30  2.15  2.29  2.46  2.72  2.03  1.81     2.51  2.31  3.06  2.25  2.40
 45   10     1.72  2.59  3.75  4.62  4.89  4.65  4.17  4.02  3.56  2.99  1.86  1.45     3.36  1.92  4.42  4.28  2.80
 45   20     1.86  2.75  3.92  4.68  4.86  4.57  4.11  4.02  3.63  3.17  2.01  1.58     3.43  2.06  4.49  4.23  2.94
 45   30     1.97  2.88  4.03  4.65  4.73  4.41  3.98  3.94  3.64  3.28  2.12  1.68     3.44  2.18  4.47  4.11  3.01
 45   40     2.05  2.96  4.08  4.54  4.53  4.20  3.79  3.79  3.58  3.32  2.18  1.75     3.40  2.26  4.38  3.93  3.03
 45   50     2.10  3.01  4.08  4.36  4.25  3.92  3.54  3.59  3.45  3.28  2.19  1.79     3.30  2.30  4.23  3.69  2.98
 45   60     2.12  3.00  4.02  4.10  3.92  3.58  3.25  3.33  3.27  3.19  2.16  1.80     3.15  2.31  4.01  3.39  2.87
 45   70     2.10  2.95  3.90  3.79  3.54  3.22  2.93  3.04  3.02  3.03  2.09  1.77     2.95  2.27  3.74  3.06  2.71
 45   80     2.05  2.87  3.73  3.42  3.12  2.83  2.59  2.70  2.73  2.79  1.97  1.71     2.71  2.21  3.42  2.70  2.50
 45   90     1.97  2.74  3.51  3.03  2.70  2.43  2.24  2.35  2.41  2.52  1.80  1.62     2.44  2.11  3.08  2.34  2.24
 60   10     1.67  2.53  3.69  4.58  4.88  4.64  4.16  4.00  3.51  2.91  1.81  1.41     3.32  1.87  4.38  4.27  2.74
 60   20     1.77  2.64  3.80  4.59  4.82  4.56  4.09  3.97  3.55  3.03  1.90  1.49     3.35  1.97  4.40  4.20  2.83
 60   30     1.84  2.72  3.87  4.53  4.70  4.40  3.95  3.88  3.52  3.08  1.96  1.55     3.33  2.04  4.37  4.08  2.86
 60   40     1.88  2.76  3.89  4.41  4.49  4.18  3.76  3.73  3.44  3.09  1.98  1.59     3.27  2.08  4.26  3.89  2.84
 60   50     1.90  2.78  3.86  4.22  4.24  3.92  3.53  3.53  3.30  3.03  1.97  1.60     3.16  2.09  4.11  3.66  2.77
 60   60     1.90  2.76  3.79  3.98  3.93  3.61  3.25  3.29  3.12  2.91  1.91  1.59     3.00  2.08  3.90  3.38  2.65
 60   70     1.87  2.70  3.67  3.68  3.57  3.26  2.94  3.00  2.88  2.75  1.83  1.55     2.81  2.04  3.64  3.07  2.49
 60   80     1.82  2.62  3.53  3.36  3.19  2.90  2.63  2.70  2.62  2.54  1.71  1.49     2.59  1.98  3.36  2.74  2.29
 60   90     1.75  2.51  3.35  2.99  2.79  2.54  2.30  2.37  2.33  2.29  1.55  1.40     2.35  1.89  3.04  2.40  2.06
 75   10     1.62  2.46  3.62  4.52  4.85  4.63  4.14  3.97  3.46  2.83  1.74  1.35     3.27  1.81  4.33  4.25  2.67
 75   20     1.66  2.51  3.66  4.48  4.78  4.53  4.06  3.92  3.44  2.87  1.77  1.39     3.25  1.85  4.30  4.17  2.69
 75   30     1.68  2.53  3.67  4.38  4.63  4.37  3.92  3.81  3.38  2.87  1.78  1.41     3.20  1.87  4.23  4.03  2.68
 75   40     1.69  2.54  3.65  4.24  4.43  4.15  3.72  3.65  3.27  2.82  1.76  1.42     3.11  1.88  4.11  3.84  2.62
 75   50     1.69  2.52  3.61  4.04  4.17  3.89  3.49  3.44  3.12  2.73  1.72  1.40     2.98  1.87  3.94  3.61  2.53
 75   60     1.67  2.49  3.52  3.80  3.88  3.60  3.22  3.20  2.93  2.60  1.65  1.37     2.83  1.84  3.73  3.34  2.39
 75   70     1.64  2.43  3.42  3.53  3.55  3.27  2.93  2.94  2.71  2.44  1.56  1.33     2.65  1.80  3.50  3.05  2.24
 75   80     1.59  2.36  3.29  3.21  3.19  2.92  2.63  2.64  2.46  2.25  1.45  1.27     2.44  1.74  3.23  2.73  2.05
 75   90     1.53  2.28  3.15  2.91  2.83  2.58  2.32  2.35  2.20  2.02  1.31  1.19     2.22  1.67  2.96  2.42  1.84
 90   10     1.56  2.39  3.54  4.45  4.82  4.62  4.13  3.94  3.40  2.74  1.67  1.30     3.21  1.75  4.27  4.23  2.60
 90   20     1.54  2.37  3.50  4.36  4.72  4.50  4.03  3.85  3.33  2.69  1.64  1.28     3.15  1.73  4.19  4.13  2.55
 90   30     1.52  2.34  3.45  4.21  4.55  4.33  3.87  3.71  3.22  2.62  1.59  1.26     3.06  1.71  4.07  3.97  2.48
 90   40     1.50  2.30  3.39  4.02  4.33  4.10  3.67  3.54  3.07  2.53  1.54  1.24     2.94  1.68  3.92  3.77  2.38
 90   50     1.48  2.26  3.31  3.81  4.07  3.83  3.43  3.33  2.91  2.40  1.47  1.21     2.79  1.65  3.73  3.53  2.26
 90   60     1.45  2.21  3.23  3.57  3.77  3.54  3.16  3.08  2.72  2.27  1.39  1.16     2.63  1.61  3.52  3.26  2.13
 90   70     1.42  2.17  3.13  3.30  3.46  3.23  2.88  2.82  2.50  2.11  1.30  1.12     2.45  1.57  3.30  2.98  1.97
 90   80     1.37  2.10  3.02  3.03  3.13  2.90  2.59  2.56  2.27  1.94  1.20  1.07     2.27  1.51  3.06  2.68  1.80
 90   90     1.34  2.05  2.91  2.74  2.78  2.57  2.29  2.27  2.03  1.75  1.09  1.00     2.07  1.46  2.81  2.38  1.62
105   10     1.50  2.31  3.45  4.39  4.79  4.60  4.11  3.90  3.33  2.64  1.59  1.24     3.16  1.68  4.21  4.21  2.52
105   20     1.43  2.22  3.34  4.22  4.65  4.47  3.99  3.78  3.21  2.51  1.50  1.18     3.04  1.61  4.07  4.08  2.41
105   30     1.37  2.14  3.22  4.02  4.45  4.27  3.81  3.61  3.05  2.37  1.41  1.12     2.90  1.54  3.90  3.90  2.27
105   40     1.32  2.07  3.11  3.79  4.20  4.02  3.59  3.40  2.87  2.22  1.32  1.07     2.75  1.49  3.70  3.67  2.14
105   50     1.28  2.01  3.01  3.54  3.92  3.74  3.34  3.17  2.67  2.08  1.23  1.02     2.59  1.44  3.49  3.42  1.99
105   60     1.25  1.96  2.91  3.30  3.62  3.44  3.07  2.93  2.47  1.93  1.15  0.98     2.42  1.39  3.28  3.15  1.85
105   70     1.23  1.91  2.82  3.04  3.30  3.13  2.79  2.67  2.27  1.78  1.06  0.94     2.25  1.36  3.05  2.86  1.70
105   80     1.20  1.87  2.74  2.78  2.99  2.82  2.51  2.41  2.05  1.63  0.98  0.90     2.07  1.32  2.84  2.58  1.55
105   90     1.18  1.84  2.65  2.54  2.68  2.51  2.23  2.16  1.85  1.48  0.89  0.85     1.91  1.29  2.62  2.30  1.41
120   10     1.44  2.24  3.37  4.32  4.76  4.59  4.09  3.87  3.27  2.55  1.52  1.19     3.10  1.62  4.15  4.18  2.45
120   20     1.32  2.09  3.18  4.09  4.58  4.43  3.95  3.71  3.09  2.34  1.37  1.08     2.94  1.50  3.95  4.03  2.26
120   30     1.23  1.95  2.99  3.82  4.34  4.21  3.75  3.50  2.87  2.12  1.23  0.99     2.75  1.39  3.71  3.82  2.07
120   40     1.16  1.84  2.83  3.53  4.04  3.93  3.50  3.25  2.64  1.93  1.12  0.92     2.56  1.31  3.46  3.56  1.89
120   50     1.12  1.77  2.69  3.25  3.72  3.62  3.23  3.00  2.42  1.75  1.03  0.88     2.37  1.25  3.22  3.28  1.73
120   60     1.09  1.72  2.59  2.97  3.40  3.30  2.95  2.74  2.21  1.60  0.95  0.84     2.20  1.22  2.99  3.00  1.59
120   70     1.08  1.69  2.52  2.73  3.09  2.99  2.67  2.49  2.00  1.47  0.87  0.81     2.03  1.19  2.78  2.71  1.45
120   80     1.07  1.68  2.46  2.50  2.79  2.68  2.39  2.25  1.82  1.33  0.81  0.78     1.88  1.18  2.58  2.44  1.32
120   90     1.07  1.66  2.42  2.28  2.50  2.39  2.12  2.01  1.64  1.22  0.74  0.75     1.73  1.16  2.40  2.17  1.20
135   10     1.39  2.18  3.30  4.27  4.74  4.57  4.08  3.84  3.22  2.47  1.47  1.14     3.06  1.57  4.10  4.17  2.39
135   20     1.23  1.96  3.03  3.98  4.52  4.41  3.92  3.65  2.98  2.17  1.25  0.99     2.84  1.39  3.84  3.99  2.13
135   30     1.10  1.78  2.77  3.63  4.23  4.15  3.70  3.40  2.70  1.89  1.08  0.88     2.61  1.25  3.54  3.75  1.89
135   40     1.03  1.64  2.55  3.27  3.88  3.84  3.42  3.11  2.42  1.64  0.95  0.81     2.38  1.16  3.23  3.46  1.67
135   50     1.00  1.57  2.39  2.93  3.50  3.49  3.11  2.81  2.16  1.45  0.86  0.77     2.17  1.11  2.94  3.13  1.49
135   60     0.99  1.53  2.29  2.65  3.15  3.13  2.80  2.52  1.94  1.31  0.80  0.75     1.99  1.09  2.69  2.82  1.35
135   70     1.00  1.53  2.23  2.40  2.82  2.81  2.51  2.27  1.76  1.20  0.74  0.73     1.83  1.08  2.48  2.53  1.23
135   80     1.00  1.53  2.19  2.19  2.54  2.51  2.24  2.04  1.60  1.10  0.69  0.71     1.70  1.08  2.31  2.26  1.13
135   90     1.01  1.55  2.19  2.02  2.27  2.23  2.00  1.84  1.44  1.02  0.64  0.70     1.58  1.09  2.16  2.02  1.03
150   10     1.35  2.13  3.24  4.23  4.72  4.57  4.07  3.82  3.18  2.41  1.42  1.11     3.02  1.53  4.06  4.15  2.34
150   20     1.15  1.86  2.92  3.89  4.48  4.39  3.90  3.60  2.89  2.04  1.16  0.92     2.77  1.31  3.76  3.96  2.03
150   30     1.00  1.63  2.58  3.48  4.15  4.12  3.66  3.31  2.55  1.68  0.94  0.78     2.49  1.14  3.40  3.70  1.73
150   40     0.95  1.47  2.29  3.04  3.74  3.78  3.36  2.98  2.21  1.38  0.81  0.74     2.23  1.05  3.02  3.37  1.47
150   50     0.95  1.41  2.09  2.62  3.29  3.38  3.00  2.62  1.91  1.19  0.76  0.73     2.00  1.03  2.67  3.00  1.28
150   60     0.96  1.41  2.01  2.30  2.86  2.95  2.64  2.30  1.69  1.08  0.72  0.72     1.80  1.03  2.39  2.63  1.16
150   70     0.97  1.43  1.99  2.07  2.51  2.59  2.33  2.05  1.53  1.00  0.68  0.71     1.66  1.04  2.19  2.33  1.07
150   80     0.98  1.46  2.00  1.90  2.25  2.29  2.07  1.85  1.40  0.94  0.64  0.70     1.54  1.05  2.05  2.07  0.99
150   90     1.00  1.49  2.02  1.77  2.02  2.05  1.85  1.67  1.27  0.88  0.61  0.69     1.44  1.06  1.94  1.86  0.92
165   10     1.33  2.10  3.21  4.20  4.71  4.56  4.07  3.80  3.15  2.37  1.39  1.08     3.00  1.50  4.04  4.14  2.30
165   20     1.10  1.80  2.84  3.83  4.46  4.38  3.89  3.57  2.83  1.95  1.09  0.87     2.72  1.25  3.71  3.95  1.96
165   30     0.94  1.51  2.44  3.39  4.12  4.11  3.65  3.27  2.46  1.52  0.84  0.75     2.42  1.06  3.32  3.68  1.61
165   40     0.94  1.34  2.07  2.89  3.70  3.77  3.34  2.91  2.05  1.16  0.77  0.74     2.14  1.01  2.89  3.34  1.33
165   50     0.95  1.35  1.84  2.36  3.21  3.36  2.98  2.50  1.68  1.00  0.75  0.73     1.89  1.01  2.47  2.95  1.14
165   60     0.96  1.38  1.80  1.96  2.67  2.89  2.57  2.09  1.47  0.96  0.71  0.72     1.68  1.02  2.15  2.52  1.05
165   70     0.97  1.41  1.83  1.77  2.22  2.41  2.17  1.83  1.35  0.91  0.68  0.71     1.52  1.03  1.94  2.14  0.98
165   80     0.98  1.45  1.88  1.66  1.98  2.11  1.92  1.66  1.25  0.86  0.64  0.70     1.43  1.04  1.84  1.90  0.92
165   90     1.00  1.48  1.93  1.58  1.80  1.89  1.73  1.52  1.16  0.82  0.61  0.69     1.35  1.06  1.77  1.72  0.86
180   10     1.32  2.09  3.19  4.20  4.70  4.56  4.07  3.80  3.15  2.35  1.38  1.07     2.99  1.50  4.03  4.14  2.29
180   20     1.08  1.77  2.81  3.82  4.45  4.38  3.89  3.55  2.81  1.91  1.07  0.85     2.70  1.23  3.69  3.94  1.93
180   30     0.93  1.46  2.39  3.37  4.11  4.11  3.65  3.25  2.43  1.45  0.80  0.75     2.39  1.05  3.29  3.67  1.56
180   40     0.94  1.33  1.96  2.86  3.68  3.76  3.34  2.88  2.00  1.03  0.77  0.74     2.11  1.00  2.84  3.33  1.27
180   50     0.95  1.35  1.70  2.31  3.19  3.35  2.98  2.47  1.55  0.99  0.75  0.73     1.86  1.01  2.40  2.93  1.09
180   60     0.96  1.38  1.75  1.76  2.65  2.89  2.57  2.03  1.34  0.95  0.71  0.72     1.64  1.02  2.05  2.50  1.00
180   70     0.97  1.41  1.79  1.62  2.11  2.39  2.13  1.72  1.27  0.91  0.68  0.71     1.48  1.03  1.84  2.08  0.95
180   80     0.98  1.45  1.85  1.55  1.88  2.03  1.87  1.57  1.19  0.86  0.64  0.70     1.38  1.04  1.76  1.82  0.90
180   90     1.00  1.48  1.90  1.50  1.72  1.83  1.69  1.45  1.12  0.82  0.61  0.69     1.32  1.06  1.71  1.65  0.85
             67.5  61.3  48.7  25.1  12.0   5.3   7.8  16.5  30.7  47.6  57.2  64.6     32.4  64.2  26.4  10.0  44.1
             2.48  3.39  4.39  4.81  4.91  4.67  4.19  4.07  3.79  3.69  2.59  2.12     3.76  2.66  4.60  4.30  3.31
             2.21  3.16  4.29  4.78  4.70  4.37  3.95  3.97  3.79  3.59  2.41  1.90     3.59  2.42  4.59  4.10  3.26
             1.12  1.07  1.02  1.01  1.04  1.07  1.06  1.03  1.00  1.03  1.07  1.12     1.05  1.10  1.02  1.05  1.03
             1.40  1.31  1.21  1.06  0.97  0.94  0.95  1.00  1.11  1.30  1.43  1.45     1.18  1.38  1.08  0.96  1.28
temperature  -1.7  -1.4   1.6   7.2  11.8  14.9  18.7  21.2  18.1  12.4   6.3   1.0      9.2  -0.7   6.9  18.3  12.3
diffusedrad  1.07  1.53  2.00  2.21  2.50  2.73  2.62  2.34  1.88  1.38  0.98  0.86     1.84  1.16  2.24  2.56  1.41
snow10cm     0.96  0.99  0.85  0.14  0.00  0.00  0.00  0.00  0.00  0.00  0.06  0.55     0.30  0.83  0.33  0.00  0.02
