2 31506   三沢            40 40.5  141 22.5   39
             1.84  2.66  3.64  4.48  4.92  4.78  4.34  4.12  3.38  2.81  1.89  1.49     3.36  2.00  4.34  4.41  2.69
             2.14  3.14  3.97  5.49  6.00  5.93  5.56  4.98  3.94  3.22  2.17  1.85     3.74  2.26  5.15  5.13  2.97
             1.63  2.31  3.22  3.95  3.95  3.69  3.29  3.36  2.64  2.17  1.45  1.17     3.15  1.84  3.98  3.63  2.31
  0   10     2.18  3.01  3.96  4.67  4.97  4.78  4.36  4.20  3.57  3.16  2.23  1.80     3.57  2.33  4.53  4.44  2.99
  0   20     2.50  3.32  4.21  4.76  4.94  4.70  4.30  4.21  3.69  3.44  2.53  2.08     3.72  2.63  4.64  4.40  3.22
  0   30     2.77  3.58  4.38  4.75  4.80  4.52  4.16  4.14  3.74  3.64  2.78  2.31     3.80  2.89  4.64  4.27  3.38
  0   40     2.98  3.77  4.45  4.64  4.56  4.26  3.94  3.99  3.70  3.75  2.95  2.49     3.79  3.08  4.55  4.06  3.47
  0   50     3.13  3.88  4.44  4.43  4.25  3.94  3.66  3.76  3.58  3.77  3.06  2.60     3.71  3.21  4.37  3.78  3.47
  0   60     3.21  3.92  4.33  4.13  3.85  3.54  3.32  3.46  3.39  3.71  3.08  2.66     3.55  3.26  4.10  3.44  3.40
  0   70     3.21  3.88  4.13  3.73  3.38  3.09  2.92  3.10  3.13  3.56  3.04  2.65     3.32  3.25  3.75  3.04  3.24
  0   80     3.15  3.76  3.84  3.27  2.86  2.62  2.50  2.69  2.81  3.32  2.92  2.58     3.03  3.16  3.32  2.60  3.02
  0   90     3.01  3.58  3.49  2.74  2.33  2.12  2.06  2.24  2.44  3.01  2.72  2.44     2.68  3.01  2.85  2.14  2.72
 15   10     2.17  3.00  3.95  4.66  4.97  4.78  4.36  4.19  3.57  3.15  2.22  1.79     3.57  2.32  4.53  4.44  2.98
 15   20     2.47  3.30  4.20  4.75  4.93  4.69  4.29  4.20  3.68  3.42  2.50  2.06     3.71  2.61  4.63  4.39  3.20
 15   30     2.73  3.55  4.36  4.75  4.80  4.52  4.16  4.13  3.72  3.61  2.73  2.28     3.78  2.85  4.63  4.27  3.35
 15   40     2.93  3.73  4.42  4.63  4.57  4.27  3.94  3.98  3.68  3.71  2.89  2.44     3.77  3.03  4.54  4.07  3.43
 15   50     3.06  3.83  4.40  4.42  4.25  3.94  3.67  3.75  3.57  3.73  2.98  2.56     3.68  3.15  4.36  3.79  3.42
 15   60     3.13  3.87  4.29  4.12  3.87  3.56  3.33  3.46  3.37  3.66  3.00  2.61     3.52  3.20  4.09  3.45  3.34
 15   70     3.13  3.82  4.09  3.74  3.41  3.12  2.94  3.11  3.12  3.50  2.95  2.59     3.29  3.18  3.75  3.06  3.19
 15   80     3.06  3.70  3.81  3.29  2.91  2.66  2.53  2.71  2.81  3.26  2.82  2.52     3.01  3.09  3.34  2.63  2.96
 15   90     2.93  3.51  3.46  2.79  2.38  2.19  2.10  2.28  2.44  2.95  2.63  2.38     2.67  2.94  2.88  2.19  2.67
 30   10     2.13  2.96  3.92  4.64  4.97  4.78  4.35  4.17  3.55  3.11  2.18  1.76     3.54  2.28  4.51  4.43  2.94
 30   20     2.39  3.23  4.13  4.72  4.93  4.69  4.29  4.18  3.65  3.35  2.42  1.99     3.66  2.54  4.59  4.39  3.14
 30   30     2.61  3.44  4.28  4.69  4.80  4.53  4.15  4.10  3.67  3.50  2.61  2.18     3.71  2.75  4.59  4.26  3.26
 30   40     2.78  3.59  4.33  4.58  4.59  4.29  3.95  3.96  3.62  3.59  2.74  2.33     3.69  2.90  4.50  4.06  3.32
 30   50     2.89  3.67  4.29  4.38  4.29  3.98  3.68  3.73  3.50  3.58  2.80  2.41     3.60  2.99  4.32  3.80  3.30
 30   60     2.93  3.68  4.17  4.08  3.92  3.61  3.36  3.45  3.31  3.50  2.80  2.44     3.44  3.02  4.06  3.47  3.20
 30   70     2.92  3.62  3.98  3.73  3.50  3.20  3.00  3.12  3.06  3.33  2.73  2.42     3.22  2.98  3.74  3.11  3.04
 30   80     2.84  3.50  3.71  3.30  3.04  2.77  2.61  2.74  2.76  3.09  2.60  2.33     2.94  2.89  3.35  2.71  2.82
 30   90     2.70  3.31  3.37  2.84  2.55  2.33  2.21  2.34  2.41  2.79  2.40  2.20     2.62  2.73  2.92  2.30  2.53
 45   10     2.06  2.90  3.87  4.60  4.96  4.77  4.34  4.15  3.51  3.05  2.11  1.71     3.50  2.22  4.47  4.42  2.89
 45   20     2.27  3.11  4.04  4.65  4.92  4.69  4.28  4.14  3.58  3.24  2.31  1.89     3.59  2.42  4.54  4.37  3.04
 45   30     2.44  3.27  4.14  4.62  4.79  4.52  4.14  4.06  3.59  3.36  2.45  2.04     3.62  2.58  4.51  4.24  3.13
 45   40     2.56  3.38  4.16  4.49  4.59  4.30  3.94  3.90  3.52  3.40  2.53  2.13     3.58  2.69  4.41  4.05  3.15
 45   50     2.63  3.43  4.12  4.29  4.31  4.01  3.69  3.69  3.40  3.36  2.56  2.19     3.47  2.75  4.24  3.79  3.11
 45   60     2.65  3.42  3.99  4.01  3.97  3.67  3.38  3.41  3.21  3.27  2.53  2.19     3.31  2.75  3.99  3.49  3.00
 45   70     2.61  3.35  3.79  3.67  3.58  3.29  3.05  3.10  2.96  3.10  2.45  2.15     3.09  2.70  3.68  3.15  2.84
 45   80     2.52  3.23  3.55  3.29  3.15  2.88  2.69  2.75  2.69  2.86  2.31  2.06     2.83  2.60  3.33  2.77  2.62
 45   90     2.38  3.05  3.23  2.87  2.72  2.48  2.32  2.39  2.36  2.58  2.12  1.92     2.54  2.45  2.94  2.40  2.35
 60   10     1.99  2.82  3.79  4.55  4.94  4.76  4.33  4.12  3.47  2.98  2.04  1.64     3.45  2.15  4.43  4.40  2.83
 60   20     2.13  2.96  3.91  4.56  4.88  4.67  4.26  4.09  3.50  3.10  2.16  1.76     3.50  2.28  4.45  4.34  2.92
 60   30     2.23  3.07  3.96  4.50  4.76  4.51  4.12  3.99  3.47  3.15  2.25  1.86     3.49  2.38  4.40  4.21  2.96
 60   40     2.29  3.12  3.95  4.36  4.55  4.29  3.92  3.83  3.39  3.16  2.29  1.91     3.42  2.44  4.29  4.01  2.95
 60   50     2.33  3.14  3.87  4.15  4.29  4.02  3.67  3.61  3.25  3.10  2.28  1.92     3.30  2.46  4.11  3.77  2.88
 60   60     2.32  3.11  3.75  3.89  3.98  3.70  3.39  3.35  3.07  2.98  2.22  1.90     3.14  2.44  3.87  3.48  2.76
 60   70     2.26  3.02  3.56  3.57  3.62  3.34  3.07  3.05  2.84  2.82  2.13  1.84     2.93  2.38  3.58  3.15  2.60
 60   80     2.17  2.91  3.34  3.22  3.23  2.97  2.73  2.73  2.57  2.60  1.99  1.75     2.68  2.27  3.26  2.81  2.39
 60   90     2.05  2.76  3.06  2.83  2.83  2.60  2.39  2.39  2.28  2.34  1.81  1.61     2.41  2.14  2.91  2.46  2.15
 75   10     1.90  2.73  3.71  4.50  4.91  4.75  4.31  4.09  3.42  2.89  1.96  1.56     3.39  2.06  4.37  4.38  2.75
 75   20     1.96  2.79  3.75  4.45  4.84  4.65  4.23  4.02  3.40  2.93  2.00  1.62     3.39  2.12  4.35  4.30  2.78
 75   30     2.00  2.82  3.75  4.34  4.70  4.48  4.08  3.90  3.33  2.93  2.02  1.65     3.33  2.15  4.26  4.15  2.76
 75   40     2.02  2.83  3.69  4.19  4.49  4.26  3.88  3.73  3.23  2.88  2.01  1.66     3.24  2.17  4.12  3.96  2.71
 75   50     2.00  2.81  3.60  3.97  4.23  3.99  3.64  3.51  3.08  2.80  1.97  1.64     3.10  2.15  3.93  3.71  2.62
 75   60     1.97  2.76  3.45  3.71  3.94  3.69  3.36  3.25  2.89  2.67  1.89  1.59     2.93  2.11  3.70  3.43  2.48
 75   70     1.91  2.68  3.29  3.42  3.60  3.36  3.06  2.97  2.67  2.50  1.79  1.53     2.73  2.04  3.44  3.13  2.32
 75   80     1.81  2.57  3.07  3.08  3.23  3.00  2.74  2.66  2.42  2.30  1.66  1.43     2.50  1.94  3.13  2.80  2.13
 75   90     1.72  2.46  2.85  2.75  2.87  2.65  2.42  2.36  2.16  2.07  1.50  1.31     2.26  1.83  2.82  2.48  1.91
 90   10     1.81  2.63  3.62  4.43  4.88  4.73  4.30  4.05  3.36  2.79  1.86  1.48     3.33  1.97  4.31  4.36  2.67
 90   20     1.78  2.60  3.57  4.33  4.78  4.62  4.19  3.95  3.29  2.75  1.83  1.46     3.26  1.95  4.23  4.25  2.62
 90   30     1.76  2.57  3.50  4.17  4.61  4.44  4.03  3.79  3.18  2.68  1.79  1.44     3.16  1.92  4.09  4.09  2.55
 90   40     1.72  2.52  3.40  3.98  4.39  4.21  3.82  3.60  3.03  2.58  1.73  1.40     3.03  1.88  3.92  3.88  2.45
 90   50     1.68  2.47  3.27  3.75  4.13  3.93  3.57  3.37  2.87  2.46  1.66  1.36     2.88  1.84  3.72  3.63  2.33
 90   60     1.63  2.40  3.13  3.49  3.83  3.63  3.29  3.12  2.68  2.33  1.57  1.29     2.70  1.77  3.48  3.35  2.19
 90   70     1.57  2.33  2.96  3.19  3.51  3.31  3.00  2.84  2.46  2.15  1.46  1.23     2.50  1.71  3.22  3.05  2.02
 90   80     1.49  2.24  2.78  2.90  3.18  2.98  2.70  2.56  2.24  1.99  1.35  1.15     2.30  1.63  2.95  2.75  1.86
 90   90     1.42  2.15  2.58  2.58  2.82  2.64  2.40  2.27  2.00  1.79  1.22  1.05     2.08  1.54  2.66  2.43  1.67
105   10     1.71  2.53  3.53  4.37  4.85  4.72  4.28  4.01  3.30  2.70  1.77  1.40     3.26  1.88  4.25  4.34  2.59
105   20     1.61  2.41  3.39  4.20  4.71  4.58  4.16  3.87  3.17  2.56  1.66  1.31     3.14  1.78  4.10  4.20  2.46
105   30     1.52  2.31  3.23  3.98  4.51  4.38  3.97  3.68  3.01  2.41  1.55  1.23     2.98  1.69  3.91  4.01  2.33
105   40     1.44  2.22  3.08  3.73  4.26  4.13  3.74  3.45  2.83  2.27  1.45  1.16     2.81  1.61  3.69  3.77  2.19
105   50     1.38  2.13  2.93  3.47  3.97  3.84  3.48  3.20  2.64  2.13  1.35  1.09     2.63  1.54  3.46  3.51  2.04
105   60     1.32  2.06  2.77  3.21  3.67  3.53  3.20  2.94  2.44  1.97  1.26  1.03     2.45  1.47  3.22  3.22  1.89
105   70     1.27  2.00  2.61  2.93  3.35  3.21  2.90  2.68  2.24  1.82  1.16  0.96     2.26  1.41  2.96  2.93  1.74
105   80     1.22  1.94  2.46  2.64  3.04  2.89  2.61  2.40  2.02  1.66  1.07  0.90     2.07  1.35  2.71  2.64  1.58
105   90     1.17  1.87  2.29  2.38  2.72  2.58  2.33  2.15  1.82  1.51  0.97  0.82     1.88  1.29  2.46  2.35  1.43
120   10     1.63  2.43  3.44  4.30  4.82  4.70  4.26  3.98  3.24  2.60  1.68  1.32     3.20  1.79  4.19  4.32  2.51
120   20     1.45  2.23  3.21  4.07  4.64  4.54  4.12  3.80  3.05  2.38  1.49  1.17     3.01  1.61  3.97  4.15  2.31
120   30     1.30  2.05  2.98  3.78  4.39  4.31  3.90  3.56  2.84  2.16  1.33  1.04     2.80  1.46  3.72  3.93  2.11
120   40     1.20  1.91  2.76  3.48  4.09  4.03  3.64  3.29  2.62  1.96  1.19  0.94     2.59  1.35  3.44  3.65  1.92
120   50     1.12  1.81  2.56  3.18  3.77  3.71  3.36  3.02  2.40  1.78  1.09  0.87     2.39  1.27  3.17  3.36  1.75
120   60     1.07  1.75  2.40  2.88  3.45  3.38  3.06  2.74  2.19  1.63  1.00  0.81     2.20  1.21  2.91  3.06  1.61
120   70     1.04  1.70  2.26  2.62  3.13  3.06  2.77  2.48  1.99  1.50  0.91  0.76     2.02  1.17  2.67  2.77  1.46
120   80     1.00  1.67  2.13  2.37  2.82  2.74  2.48  2.22  1.80  1.36  0.84  0.71     1.85  1.13  2.44  2.48  1.33
120   90     0.98  1.63  2.01  2.12  2.53  2.45  2.21  1.98  1.62  1.25  0.77  0.66     1.69  1.09  2.22  2.21  1.21
135   10     1.55  2.35  3.35  4.25  4.80  4.69  4.25  3.95  3.19  2.52  1.61  1.25     3.15  1.72  4.13  4.30  2.44
135   20     1.30  2.07  3.04  3.95  4.58  4.52  4.08  3.73  2.95  2.21  1.35  1.03     2.90  1.47  3.86  4.11  2.17
135   30     1.10  1.82  2.73  3.60  4.28  4.26  3.85  3.45  2.68  1.92  1.13  0.87     2.64  1.27  3.54  3.85  1.91
135   40     0.99  1.65  2.44  3.22  3.93  3.93  3.55  3.14  2.40  1.67  0.97  0.77     2.39  1.14  3.20  3.54  1.68
135   50     0.93  1.54  2.22  2.86  3.54  3.57  3.22  2.82  2.15  1.47  0.87  0.71     2.16  1.06  2.88  3.20  1.50
135   60     0.90  1.49  2.05  2.55  3.19  3.20  2.90  2.51  1.93  1.33  0.80  0.67     1.96  1.02  2.60  2.87  1.35
135   70     0.89  1.46  1.93  2.29  2.86  2.87  2.60  2.25  1.75  1.21  0.74  0.64     1.79  1.00  2.36  2.57  1.23
135   80     0.88  1.46  1.82  2.06  2.57  2.56  2.32  2.01  1.58  1.11  0.69  0.60     1.64  0.98  2.15  2.30  1.13
135   90     0.88  1.46  1.75  1.85  2.30  2.28  2.07  1.80  1.43  1.03  0.64  0.57     1.51  0.97  1.97  2.05  1.03
150   10     1.49  2.29  3.29  4.21  4.78  4.68  4.24  3.93  3.15  2.45  1.55  1.20     3.10  1.66  4.09  4.28  2.38
150   20     1.18  1.93  2.91  3.86  4.54  4.50  4.06  3.68  2.86  2.07  1.22  0.93     2.81  1.35  3.77  4.08  2.05
150   30     0.94  1.62  2.51  3.44  4.20  4.22  3.81  3.37  2.54  1.70  0.95  0.73     2.50  1.10  3.38  3.80  1.73
150   40     0.85  1.41  2.15  2.99  3.79  3.87  3.48  3.01  2.20  1.39  0.79  0.66     2.22  0.97  2.97  3.46  1.46
150   50     0.84  1.32  1.88  2.55  3.33  3.45  3.11  2.62  1.90  1.20  0.73  0.64     1.96  0.93  2.58  3.06  1.28
150   60     0.84  1.31  1.73  2.20  2.89  3.01  2.73  2.28  1.69  1.08  0.69  0.62     1.76  0.92  2.27  2.67  1.15
150   70     0.84  1.32  1.64  1.95  2.54  2.64  2.40  2.02  1.52  1.00  0.66  0.60     1.60  0.92  2.04  2.35  1.06
150   80     0.85  1.34  1.58  1.75  2.27  2.33  2.13  1.81  1.39  0.94  0.62  0.58     1.47  0.92  1.87  2.09  0.98
150   90     0.86  1.37  1.55  1.60  2.04  2.08  1.90  1.63  1.27  0.88  0.59  0.55     1.36  0.93  1.73  1.87  0.91
165   10     1.45  2.25  3.25  4.18  4.77  4.68  4.24  3.91  3.12  2.41  1.51  1.16     3.08  1.62  4.07  4.28  2.35
165   20     1.09  1.84  2.81  3.81  4.51  4.49  4.05  3.66  2.81  1.98  1.14  0.85     2.75  1.26  3.71  4.07  1.98
165   30     0.83  1.46  2.35  3.35  4.17  4.21  3.79  3.33  2.44  1.54  0.82  0.68     2.42  0.99  3.29  3.78  1.60
165   40     0.83  1.22  1.89  2.84  3.74  3.86  3.47  2.94  2.05  1.16  0.74  0.66     2.12  0.91  2.83  3.42  1.32
165   50     0.84  1.23  1.58  2.29  3.25  3.43  3.08  2.51  1.68  1.00  0.71  0.64     1.85  0.90  2.37  3.01  1.13
165   60     0.84  1.26  1.48  1.86  2.70  2.95  2.65  2.06  1.47  0.95  0.69  0.62     1.63  0.91  2.01  2.56  1.04
165   70     0.84  1.29  1.45  1.65  2.24  2.44  2.22  1.80  1.35  0.91  0.66  0.60     1.45  0.91  1.78  2.15  0.97
165   80     0.85  1.32  1.44  1.51  1.99  2.13  1.96  1.62  1.25  0.86  0.62  0.58     1.35  0.92  1.65  1.91  0.91
165   90     0.86  1.35  1.42  1.40  1.81  1.92  1.76  1.48  1.16  0.82  0.59  0.55     1.26  0.92  1.54  1.72  0.86
180   10     1.43  2.23  3.23  4.18  4.76  4.68  4.24  3.91  3.12  2.40  1.50  1.15     3.07  1.61  4.06  4.27  2.34
180   20     1.06  1.81  2.78  3.79  4.51  4.49  4.05  3.65  2.79  1.94  1.11  0.82     2.73  1.23  3.69  4.06  1.95
180   30     0.83  1.39  2.28  3.33  4.16  4.21  3.79  3.32  2.42  1.47  0.78  0.68     2.39  0.96  3.26  3.77  1.55
180   40     0.83  1.21  1.76  2.81  3.73  3.85  3.46  2.93  2.00  1.03  0.74  0.66     2.09  0.90  2.77  3.42  1.26
180   50     0.84  1.23  1.41  2.24  3.23  3.43  3.08  2.49  1.56  0.98  0.71  0.64     1.82  0.90  2.29  3.00  1.09
180   60     0.84  1.26  1.41  1.66  2.68  2.95  2.65  2.02  1.35  0.94  0.69  0.62     1.59  0.91  1.92  2.54  0.99
180   70     0.84  1.29  1.40  1.49  2.12  2.42  2.18  1.69  1.27  0.91  0.66  0.60     1.41  0.91  1.67  2.10  0.94
180   80     0.85  1.32  1.40  1.40  1.89  2.05  1.90  1.54  1.20  0.86  0.62  0.58     1.30  0.92  1.56  1.83  0.89
180   90     0.86  1.35  1.39  1.32  1.73  1.85  1.72  1.42  1.12  0.82  0.59  0.55     1.23  0.92  1.48  1.66  0.84
             65.9  59.9  43.1  24.0  11.8   5.0   7.0  16.8  30.3  47.7  58.8  63.7     34.2  63.1  25.6  10.0  45.5
             3.22  3.92  4.46  4.77  4.98  4.79  4.36  4.21  3.74  3.78  3.08  2.66     4.00  3.27  4.65  4.44  3.48
             2.87  3.67  4.42  4.72  4.71  4.42  4.07  4.09  3.73  3.69  2.86  2.39     3.80  2.97  4.62  4.19  3.43
             1.12  1.07  1.01  1.01  1.06  1.08  1.07  1.03  1.00  1.02  1.08  1.11     1.06  1.10  1.03  1.06  1.03
             1.56  1.38  1.21  1.05  0.96  0.92  0.94  0.99  1.10  1.31  1.51  1.60     1.21  1.51  1.08  0.95  1.31
temperature  -1.3  -0.9   2.5   8.2  12.9  15.9  19.7  22.1  18.8  13.1   6.8   1.4      9.9  -0.3   7.9  19.2  12.9
diffusedrad  1.03  1.48  1.86  2.15  2.50  2.72  2.62  2.33  1.88  1.38  0.98  0.84     1.81  1.12  2.17  2.56  1.41
snow10cm     0.56  0.76  0.34  0.01  0.00  0.00  0.00  0.00  0.00  0.00  0.01  0.15     0.15  0.49  0.12  0.00  0.00
