2 31646   碇ケ関          40 28.9  140 37.2  135
             1.36  2.10  3.06  4.15  4.52  4.66  4.22  4.11  3.25  2.53  1.55  1.13     3.05  1.53  3.91  4.33  2.44
             1.57  2.59  3.49  5.17  5.31  5.78  5.44  5.02  4.09  3.05  1.78  1.36     3.28  1.74  4.52  5.00  2.93
             1.18  1.72  2.69  3.48  3.69  3.82  3.32  2.81  2.47  1.93  1.13  0.95     2.72  1.35  3.45  3.49  2.10
  0   10     1.49  2.26  3.26  4.31  4.57  4.66  4.23  4.20  3.43  2.80  1.75  1.26     3.19  1.67  4.04  4.37  2.66
  0   20     1.60  2.41  3.41  4.38  4.53  4.58  4.18  4.22  3.54  3.01  1.93  1.38     3.26  1.80  4.11  4.32  2.82
  0   30     1.70  2.53  3.52  4.37  4.40  4.41  4.04  4.14  3.57  3.15  2.06  1.48     3.28  1.90  4.09  4.20  2.93
  0   40     1.77  2.62  3.56  4.26  4.19  4.16  3.83  3.99  3.53  3.23  2.15  1.54     3.24  1.98  4.00  4.00  2.97
  0   50     1.82  2.67  3.56  4.06  3.90  3.84  3.56  3.76  3.41  3.23  2.20  1.58     3.13  2.02  3.84  3.72  2.94
  0   60     1.84  2.68  3.50  3.79  3.55  3.46  3.23  3.46  3.23  3.16  2.19  1.59     2.97  2.04  3.61  3.38  2.86
  0   70     1.83  2.65  3.39  3.44  3.13  3.03  2.85  3.10  2.98  3.02  2.14  1.57     2.76  2.02  3.32  2.99  2.71
  0   80     1.80  2.58  3.22  3.03  2.67  2.57  2.44  2.68  2.67  2.81  2.04  1.53     2.50  1.97  2.97  2.57  2.50
  0   90     1.74  2.48  3.01  2.56  2.19  2.10  2.02  2.24  2.32  2.54  1.89  1.45     2.21  1.89  2.59  2.12  2.25
 15   10     1.48  2.26  3.25  4.30  4.57  4.66  4.23  4.20  3.42  2.79  1.74  1.26     3.18  1.67  4.04  4.36  2.65
 15   20     1.59  2.40  3.40  4.37  4.53  4.57  4.17  4.21  3.52  2.99  1.91  1.37     3.25  1.79  4.10  4.32  2.81
 15   30     1.68  2.52  3.50  4.36  4.40  4.41  4.04  4.14  3.55  3.13  2.04  1.46     3.27  1.89  4.09  4.20  2.90
 15   40     1.75  2.60  3.54  4.25  4.20  4.17  3.83  3.99  3.51  3.19  2.12  1.52     3.22  1.96  4.00  4.00  2.94
 15   50     1.80  2.64  3.53  4.05  3.91  3.85  3.56  3.76  3.39  3.19  2.15  1.56     3.12  2.00  3.83  3.73  2.91
 15   60     1.81  2.65  3.47  3.79  3.56  3.48  3.24  3.46  3.21  3.11  2.14  1.57     2.96  2.01  3.61  3.40  2.82
 15   70     1.80  2.61  3.35  3.44  3.15  3.06  2.87  3.11  2.96  2.97  2.09  1.55     2.75  1.99  3.32  3.01  2.67
 15   80     1.77  2.54  3.19  3.04  2.71  2.61  2.47  2.71  2.67  2.75  1.98  1.50     2.50  1.94  2.98  2.60  2.47
 15   90     1.71  2.44  2.98  2.60  2.24  2.15  2.06  2.28  2.32  2.49  1.84  1.42     2.21  1.86  2.61  2.17  2.21
 30   10     1.47  2.24  3.23  4.28  4.56  4.66  4.23  4.19  3.40  2.76  1.72  1.25     3.16  1.65  4.02  4.36  2.63
 30   20     1.57  2.36  3.36  4.34  4.52  4.57  4.17  4.20  3.49  2.93  1.86  1.34     3.23  1.76  4.07  4.31  2.76
 30   30     1.64  2.46  3.44  4.31  4.40  4.41  4.03  4.12  3.50  3.04  1.97  1.42     3.23  1.84  4.05  4.19  2.84
 30   40     1.70  2.53  3.47  4.20  4.20  4.18  3.84  3.98  3.45  3.09  2.03  1.47     3.18  1.90  3.96  4.00  2.86
 30   50     1.73  2.56  3.45  4.01  3.93  3.88  3.58  3.76  3.33  3.07  2.05  1.50     3.07  1.93  3.80  3.74  2.82
 30   60     1.74  2.55  3.38  3.75  3.60  3.53  3.27  3.48  3.15  2.98  2.02  1.50     2.91  1.93  3.57  3.42  2.72
 30   70     1.73  2.51  3.26  3.42  3.22  3.13  2.91  3.14  2.91  2.83  1.96  1.47     2.71  1.90  3.30  3.06  2.57
 30   80     1.69  2.44  3.10  3.04  2.80  2.71  2.54  2.76  2.62  2.62  1.85  1.42     2.47  1.85  2.98  2.67  2.36
 30   90     1.63  2.34  2.90  2.63  2.37  2.29  2.16  2.36  2.29  2.36  1.70  1.34     2.20  1.77  2.63  2.27  2.12
 45   10     1.45  2.21  3.19  4.25  4.55  4.65  4.22  4.17  3.37  2.71  1.68  1.22     3.14  1.63  4.00  4.35  2.59
 45   20     1.52  2.31  3.29  4.28  4.51  4.57  4.16  4.17  3.43  2.85  1.79  1.30     3.18  1.71  4.03  4.30  2.69
 45   30     1.58  2.38  3.35  4.24  4.38  4.41  4.02  4.09  3.43  2.93  1.87  1.35     3.17  1.77  3.99  4.17  2.74
 45   40     1.62  2.42  3.36  4.12  4.19  4.19  3.83  3.94  3.36  2.94  1.90  1.39     3.10  1.81  3.89  3.98  2.73
 45   50     1.64  2.43  3.33  3.93  3.94  3.91  3.58  3.73  3.23  2.90  1.90  1.40     2.99  1.82  3.73  3.74  2.68
 45   60     1.63  2.41  3.25  3.68  3.63  3.57  3.28  3.46  3.05  2.80  1.86  1.39     2.83  1.81  3.52  3.44  2.57
 45   70     1.61  2.36  3.13  3.37  3.27  3.21  2.96  3.15  2.81  2.64  1.78  1.35     2.64  1.77  3.26  3.11  2.41
 45   80     1.56  2.29  2.98  3.02  2.88  2.82  2.61  2.79  2.55  2.43  1.67  1.29     2.41  1.71  2.96  2.74  2.21
 45   90     1.50  2.19  2.79  2.65  2.50  2.42  2.25  2.44  2.24  2.19  1.52  1.21     2.16  1.63  2.65  2.37  1.98
 60   10     1.42  2.17  3.15  4.21  4.53  4.64  4.21  4.15  3.33  2.65  1.64  1.19     3.11  1.59  3.96  4.33  2.54
 60   20     1.47  2.23  3.21  4.20  4.48  4.55  4.13  4.12  3.35  2.74  1.70  1.24     3.12  1.65  3.96  4.27  2.60
 60   30     1.50  2.27  3.23  4.14  4.35  4.40  4.00  4.03  3.32  2.77  1.74  1.27     3.08  1.68  3.91  4.14  2.61
 60   40     1.51  2.28  3.21  4.01  4.16  4.17  3.81  3.88  3.24  2.75  1.75  1.28     3.00  1.69  3.79  3.95  2.58
 60   50     1.51  2.27  3.16  3.81  3.92  3.91  3.57  3.67  3.10  2.68  1.72  1.27     2.88  1.69  3.63  3.71  2.50
 60   60     1.50  2.24  3.08  3.57  3.63  3.60  3.29  3.42  2.92  2.57  1.66  1.25     2.73  1.66  3.42  3.44  2.38
 60   70     1.46  2.19  2.96  3.27  3.29  3.25  2.98  3.12  2.69  2.42  1.58  1.20     2.53  1.62  3.17  3.11  2.23
 60   80     1.42  2.12  2.83  2.96  2.94  2.89  2.65  2.80  2.44  2.21  1.46  1.14     2.32  1.56  2.91  2.78  2.04
 60   90     1.36  2.03  2.67  2.61  2.58  2.53  2.32  2.46  2.16  1.99  1.33  1.06     2.09  1.49  2.62  2.44  1.83
 75   10     1.39  2.12  3.10  4.16  4.51  4.63  4.19  4.12  3.28  2.58  1.58  1.16     3.07  1.56  3.92  4.31  2.48
 75   20     1.40  2.14  3.11  4.11  4.43  4.53  4.11  4.06  3.26  2.61  1.60  1.17     3.04  1.57  3.88  4.23  2.49
 75   30     1.40  2.14  3.09  4.01  4.30  4.37  3.96  3.95  3.19  2.59  1.60  1.18     2.98  1.57  3.80  4.09  2.46
 75   40     1.40  2.13  3.05  3.86  4.10  4.15  3.77  3.79  3.09  2.53  1.57  1.17     2.88  1.56  3.67  3.90  2.40
 75   50     1.38  2.10  2.98  3.66  3.86  3.88  3.53  3.58  2.94  2.44  1.53  1.14     2.75  1.54  3.50  3.66  2.30
 75   60     1.35  2.06  2.89  3.41  3.58  3.59  3.26  3.33  2.75  2.31  1.45  1.10     2.59  1.51  3.29  3.39  2.17
 75   70     1.32  2.01  2.78  3.14  3.27  3.26  2.97  3.06  2.54  2.16  1.36  1.05     2.41  1.46  3.07  3.10  2.02
 75   80     1.27  1.94  2.65  2.84  2.93  2.92  2.65  2.75  2.30  1.98  1.26  1.00     2.21  1.40  2.81  2.77  1.85
 75   90     1.23  1.87  2.52  2.54  2.60  2.57  2.34  2.44  2.05  1.77  1.13  0.93     2.00  1.34  2.55  2.45  1.65
 90   10     1.35  2.07  3.04  4.11  4.49  4.61  4.18  4.08  3.23  2.51  1.52  1.12     3.03  1.51  3.88  4.29  2.42
 90   20     1.33  2.05  3.00  4.01  4.38  4.50  4.07  4.00  3.16  2.46  1.50  1.10     2.96  1.49  3.80  4.19  2.37
 90   30     1.31  2.02  2.94  3.86  4.22  4.32  3.92  3.85  3.05  2.39  1.45  1.08     2.87  1.47  3.67  4.03  2.30
 90   40     1.28  1.97  2.87  3.67  4.02  4.10  3.71  3.67  2.91  2.30  1.40  1.04     2.75  1.43  3.52  3.83  2.20
 90   50     1.25  1.93  2.78  3.46  3.77  3.83  3.47  3.45  2.75  2.17  1.33  1.01     2.60  1.40  3.34  3.58  2.08
 90   60     1.22  1.88  2.68  3.22  3.48  3.53  3.20  3.21  2.56  2.05  1.25  0.96     2.44  1.35  3.13  3.31  1.95
 90   70     1.18  1.83  2.58  2.95  3.19  3.22  2.91  2.93  2.34  1.89  1.16  0.92     2.26  1.31  2.91  3.02  1.79
 90   80     1.14  1.77  2.47  2.68  2.88  2.90  2.62  2.66  2.13  1.73  1.06  0.86     2.08  1.26  2.68  2.73  1.64
 90   90     1.11  1.72  2.36  2.40  2.56  2.56  2.32  2.37  1.90  1.55  0.96  0.80     1.88  1.21  2.44  2.42  1.47
105   10     1.31  2.03  2.99  4.05  4.46  4.60  4.16  4.05  3.17  2.43  1.47  1.09     2.98  1.48  3.83  4.27  2.36
105   20     1.26  1.96  2.89  3.90  4.33  4.47  4.04  3.92  3.05  2.32  1.39  1.03     2.88  1.42  3.71  4.14  2.25
105   30     1.22  1.89  2.78  3.70  4.14  4.27  3.86  3.74  2.90  2.18  1.31  0.98     2.75  1.36  3.54  3.96  2.13
105   40     1.17  1.82  2.67  3.48  3.90  4.02  3.63  3.53  2.72  2.05  1.23  0.94     2.60  1.31  3.35  3.73  2.00
105   50     1.14  1.76  2.57  3.23  3.64  3.74  3.38  3.29  2.53  1.91  1.14  0.89     2.44  1.26  3.15  3.47  1.86
105   60     1.10  1.71  2.47  2.99  3.35  3.44  3.11  3.04  2.34  1.77  1.06  0.84     2.27  1.22  2.94  3.19  1.72
105   70     1.07  1.67  2.37  2.73  3.05  3.12  2.82  2.78  2.14  1.63  0.97  0.80     2.10  1.18  2.72  2.91  1.58
105   80     1.04  1.63  2.28  2.47  2.76  2.81  2.54  2.50  1.94  1.48  0.89  0.76     1.93  1.14  2.50  2.62  1.44
105   90     1.02  1.59  2.19  2.22  2.47  2.50  2.26  2.25  1.74  1.34  0.81  0.71     1.76  1.11  2.29  2.34  1.29
120   10     1.28  1.98  2.93  4.00  4.43  4.59  4.15  4.01  3.12  2.36  1.41  1.05     2.94  1.44  3.79  4.25  2.30
120   20     1.20  1.87  2.78  3.79  4.27  4.43  4.00  3.84  2.94  2.17  1.28  0.97     2.80  1.35  3.61  4.09  2.13
120   30     1.13  1.76  2.63  3.54  4.04  4.21  3.80  3.62  2.74  1.99  1.17  0.90     2.63  1.26  3.40  3.88  1.97
120   40     1.08  1.68  2.48  3.26  3.77  3.93  3.55  3.37  2.53  1.81  1.06  0.84     2.45  1.20  3.17  3.62  1.80
120   50     1.04  1.61  2.35  2.99  3.47  3.62  3.27  3.10  2.32  1.65  0.98  0.80     2.27  1.15  2.94  3.33  1.65
120   60     1.01  1.57  2.25  2.72  3.17  3.30  2.98  2.83  2.11  1.51  0.90  0.75     2.09  1.11  2.71  3.04  1.51
120   70     1.00  1.53  2.17  2.47  2.88  2.99  2.70  2.58  1.92  1.38  0.82  0.72     1.93  1.08  2.50  2.75  1.37
120   80     0.98  1.51  2.09  2.24  2.59  2.67  2.42  2.33  1.74  1.25  0.76  0.69     1.77  1.06  2.31  2.47  1.25
120   90     0.97  1.49  2.03  2.01  2.31  2.38  2.15  2.08  1.56  1.14  0.69  0.65     1.62  1.03  2.12  2.20  1.13
135   10     1.25  1.94  2.88  3.95  4.41  4.57  4.13  3.98  3.07  2.30  1.37  1.02     2.91  1.41  3.75  4.23  2.25
135   20     1.15  1.79  2.69  3.69  4.22  4.41  3.97  3.78  2.85  2.05  1.20  0.91     2.72  1.28  3.53  4.05  2.03
135   30     1.06  1.65  2.48  3.38  3.95  4.16  3.75  3.51  2.59  1.80  1.05  0.82     2.52  1.18  3.27  3.81  1.81
135   40     1.01  1.55  2.30  3.04  3.63  3.84  3.46  3.21  2.33  1.58  0.93  0.77     2.31  1.11  2.99  3.50  1.62
135   50     0.98  1.49  2.15  2.73  3.29  3.49  3.15  2.90  2.09  1.41  0.85  0.73     2.10  1.06  2.72  3.18  1.45
135   60     0.96  1.45  2.05  2.44  2.96  3.13  2.83  2.60  1.88  1.27  0.78  0.70     1.92  1.04  2.48  2.86  1.31
135   70     0.96  1.43  1.98  2.20  2.65  2.81  2.54  2.34  1.70  1.17  0.72  0.68     1.76  1.02  2.28  2.56  1.20
135   80     0.95  1.43  1.93  1.98  2.38  2.50  2.27  2.10  1.54  1.06  0.67  0.65     1.62  1.01  2.10  2.29  1.09
135   90     0.95  1.42  1.90  1.79  2.13  2.23  2.02  1.89  1.39  0.98  0.62  0.62     1.49  1.00  1.94  2.05  1.00
150   10     1.23  1.91  2.85  3.92  4.40  4.57  4.12  3.96  3.04  2.25  1.33  1.00     2.88  1.38  3.72  4.22  2.21
150   20     1.10  1.73  2.61  3.62  4.18  4.39  3.95  3.72  2.77  1.94  1.12  0.87     2.67  1.23  3.47  4.02  1.95
150   30     1.00  1.56  2.36  3.25  3.89  4.13  3.71  3.42  2.47  1.64  0.94  0.77     2.43  1.11  3.17  3.75  1.68
150   40     0.96  1.44  2.13  2.86  3.52  3.79  3.40  3.07  2.15  1.37  0.82  0.73     2.19  1.04  2.84  3.42  1.45
150   50     0.96  1.39  1.97  2.47  3.11  3.38  3.04  2.69  1.87  1.20  0.77  0.71     1.96  1.02  2.52  3.04  1.28
150   60     0.95  1.38  1.88  2.15  2.72  2.96  2.67  2.36  1.66  1.09  0.73  0.69     1.77  1.01  2.25  2.66  1.16
150   70     0.95  1.38  1.84  1.92  2.39  2.59  2.35  2.10  1.50  1.01  0.68  0.67     1.62  1.00  2.05  2.35  1.06
150   80     0.95  1.39  1.81  1.74  2.14  2.29  2.09  1.88  1.37  0.94  0.64  0.64     1.49  0.99  1.89  2.09  0.98
150   90     0.95  1.40  1.80  1.59  1.92  2.04  1.87  1.70  1.25  0.87  0.59  0.62     1.38  0.99  1.77  1.87  0.91
165   10     1.22  1.89  2.82  3.90  4.39  4.56  4.12  3.94  3.02  2.21  1.31  0.98     2.86  1.36  3.70  4.21  2.18
165   20     1.07  1.69  2.56  3.57  4.17  4.38  3.94  3.69  2.73  1.87  1.07  0.83     2.63  1.20  3.43  4.01  1.89
165   30     0.96  1.49  2.28  3.18  3.86  4.12  3.70  3.37  2.39  1.51  0.86  0.74     2.37  1.06  3.11  3.73  1.59
165   40     0.96  1.36  2.00  2.73  3.49  3.77  3.38  2.99  2.02  1.20  0.79  0.73     2.12  1.01  2.74  3.38  1.34
165   50     0.96  1.36  1.81  2.25  3.05  3.37  3.02  2.56  1.67  1.05  0.76  0.71     1.88  1.01  2.37  2.98  1.16
165   60     0.95  1.37  1.75  1.87  2.57  2.90  2.60  2.12  1.46  1.00  0.72  0.69     1.67  1.00  2.06  2.54  1.06
165   70     0.95  1.38  1.75  1.67  2.15  2.41  2.19  1.85  1.34  0.94  0.68  0.67     1.50  1.00  1.86  2.15  0.99
165   80     0.95  1.39  1.75  1.54  1.92  2.11  1.93  1.68  1.24  0.89  0.64  0.64     1.39  0.99  1.74  1.91  0.92
165   90     0.95  1.39  1.75  1.43  1.74  1.89  1.74  1.54  1.15  0.83  0.59  0.62     1.30  0.99  1.64  1.72  0.86
180   10     1.21  1.89  2.82  3.89  4.38  4.56  4.12  3.93  3.01  2.20  1.30  0.98     2.86  1.36  3.70  4.21  2.17
180   20     1.06  1.67  2.54  3.56  4.16  4.38  3.94  3.68  2.71  1.84  1.05  0.82     2.62  1.19  3.42  4.00  1.87
180   30     0.96  1.46  2.25  3.17  3.86  4.12  3.70  3.35  2.36  1.46  0.83  0.74     2.35  1.05  3.09  3.72  1.55
180   40     0.96  1.35  1.94  2.71  3.48  3.77  3.38  2.96  1.98  1.10  0.79  0.73     2.10  1.01  2.71  3.37  1.29
180   50     0.96  1.36  1.72  2.22  3.04  3.36  3.01  2.53  1.56  1.04  0.76  0.71     1.86  1.01  2.33  2.97  1.12
180   60     0.95  1.37  1.72  1.71  2.56  2.90  2.60  2.06  1.36  0.99  0.72  0.69     1.64  1.00  2.00  2.52  1.02
180   70     0.95  1.38  1.73  1.55  2.06  2.40  2.15  1.72  1.28  0.94  0.68  0.67     1.46  1.00  1.78  2.09  0.97
180   80     0.95  1.39  1.74  1.45  1.83  2.04  1.87  1.58  1.20  0.89  0.64  0.64     1.35  0.99  1.67  1.83  0.91
180   90     0.95  1.39  1.74  1.37  1.68  1.83  1.69  1.46  1.12  0.83  0.59  0.62     1.27  0.99  1.60  1.66  0.85
             62.6  57.5  44.1  23.1  11.3   5.0   7.5  16.6  29.4  45.2  53.9  58.6     27.7  59.3  23.3   9.7  41.4
             1.84  2.68  3.57  4.39  4.57  4.67  4.24  4.22  3.57  3.24  2.20  1.59     3.40  2.04  4.11  4.36  2.97
             1.68  2.51  3.50  4.38  4.44  4.46  4.08  4.17  3.57  3.13  2.03  1.46     3.28  1.88  4.11  4.23  2.91
             1.10  1.07  1.02  1.00  1.03  1.05  1.04  1.01  1.00  1.04  1.08  1.09     1.04  1.08  1.02  1.03  1.04
             1.24  1.20  1.14  1.06  0.98  0.96  0.97  1.01  1.10  1.24  1.31  1.29     1.12  1.24  1.06  0.98  1.22
temperature  -3.0  -2.4   0.9   7.7  13.3  17.6  21.3  22.9  18.1  11.4   5.0  -0.3      9.4  -1.9   7.3  20.6  11.5
diffusedrad  1.04  1.51  1.98  2.20  2.51  2.73  2.62  2.33  1.87  1.40  0.98  0.83     1.83  1.13  2.23  2.56  1.42
snow10cm     0.97  0.98  0.77  0.04  0.00  0.00  0.00  0.00  0.00  0.00  0.03  0.45     0.27  0.80  0.27  0.00  0.01
