2 31721   三戸            40   23  141 15.4   60
             1.72  2.46  3.44  4.31  4.68  4.53  4.20  4.09  3.25  2.72  1.85  1.43     3.23  1.87  4.14  4.28  2.61
             1.99  2.79  3.92  5.03  5.48  5.90  5.67  4.86  4.07  3.11  2.11  1.76     3.46  2.06  4.50  4.89  3.04
             1.47  1.98  3.12  3.85  3.70  3.26  3.09  3.34  2.61  2.21  1.35  1.08     2.92  1.68  3.72  3.48  2.22
  0   10     2.00  2.73  3.72  4.49  4.73  4.54  4.22  4.17  3.43  3.04  2.17  1.70     3.41  2.14  4.31  4.31  2.88
  0   20     2.25  2.97  3.94  4.57  4.69  4.46  4.16  4.18  3.53  3.29  2.45  1.93     3.54  2.39  4.40  4.27  3.09
  0   30     2.47  3.17  4.08  4.55  4.56  4.30  4.03  4.11  3.56  3.47  2.67  2.13     3.59  2.59  4.40  4.14  3.23
  0   40     2.64  3.32  4.15  4.44  4.33  4.05  3.82  3.96  3.52  3.56  2.83  2.28     3.58  2.75  4.30  3.94  3.31
  0   50     2.75  3.41  4.13  4.23  4.03  3.75  3.55  3.73  3.41  3.58  2.92  2.38     3.49  2.85  4.13  3.67  3.30
  0   60     2.81  3.44  4.04  3.94  3.66  3.38  3.22  3.43  3.22  3.51  2.94  2.42     3.34  2.89  3.88  3.34  3.23
  0   70     2.81  3.40  3.87  3.57  3.22  2.96  2.84  3.07  2.97  3.36  2.89  2.40     3.12  2.87  3.55  2.96  3.07
  0   80     2.76  3.31  3.63  3.13  2.74  2.52  2.43  2.66  2.67  3.13  2.77  2.33     2.84  2.80  3.16  2.54  2.86
  0   90     2.64  3.16  3.32  2.63  2.24  2.06  2.01  2.22  2.32  2.83  2.58  2.21     2.52  2.67  2.73  2.10  2.58
 15   10     1.98  2.72  3.71  4.48  4.73  4.54  4.22  4.16  3.42  3.03  2.15  1.69     3.40  2.13  4.31  4.31  2.87
 15   20     2.23  2.96  3.92  4.56  4.68  4.46  4.16  4.17  3.52  3.27  2.42  1.92     3.52  2.37  4.39  4.26  3.07
 15   30     2.44  3.15  4.06  4.54  4.56  4.30  4.03  4.10  3.55  3.44  2.63  2.10     3.57  2.56  4.39  4.14  3.21
 15   40     2.60  3.29  4.12  4.43  4.34  4.06  3.82  3.95  3.51  3.53  2.77  2.25     3.56  2.71  4.30  3.94  3.27
 15   50     2.70  3.37  4.10  4.22  4.04  3.76  3.55  3.72  3.39  3.53  2.86  2.34     3.46  2.80  4.12  3.68  3.26
 15   60     2.75  3.39  4.00  3.94  3.68  3.40  3.23  3.43  3.20  3.46  2.87  2.37     3.31  2.84  3.87  3.36  3.18
 15   70     2.75  3.35  3.84  3.57  3.25  2.99  2.86  3.08  2.96  3.30  2.81  2.35     3.09  2.82  3.55  2.98  3.02
 15   80     2.69  3.25  3.60  3.14  2.78  2.56  2.46  2.68  2.66  3.07  2.68  2.28     2.82  2.74  3.17  2.57  2.81
 15   90     2.57  3.10  3.29  2.67  2.29  2.12  2.05  2.26  2.31  2.77  2.49  2.15     2.51  2.61  2.75  2.14  2.53
 30   10     1.95  2.69  3.69  4.46  4.72  4.53  4.21  4.15  3.40  2.99  2.12  1.66     3.38  2.10  4.29  4.30  2.84
 30   20     2.17  2.90  3.87  4.53  4.68  4.45  4.16  4.15  3.49  3.21  2.34  1.86     3.48  2.31  4.36  4.25  3.01
 30   30     2.35  3.06  3.99  4.50  4.56  4.30  4.02  4.07  3.50  3.34  2.52  2.02     3.52  2.48  4.35  4.13  3.12
 30   40     2.48  3.18  4.03  4.38  4.35  4.07  3.82  3.93  3.45  3.41  2.63  2.14     3.49  2.60  4.26  3.94  3.17
 30   50     2.56  3.24  4.00  4.18  4.07  3.78  3.56  3.70  3.33  3.40  2.69  2.21     3.40  2.67  4.09  3.68  3.14
 30   60     2.60  3.24  3.90  3.90  3.72  3.44  3.26  3.42  3.15  3.31  2.68  2.23     3.24  2.69  3.84  3.37  3.05
 30   70     2.58  3.19  3.73  3.56  3.32  3.06  2.90  3.09  2.90  3.15  2.61  2.20     3.02  2.66  3.54  3.02  2.89
 30   80     2.51  3.09  3.50  3.15  2.89  2.65  2.53  2.71  2.62  2.92  2.47  2.12     2.76  2.57  3.18  2.63  2.67
 30   90     2.39  2.94  3.21  2.72  2.44  2.24  2.15  2.32  2.29  2.63  2.28  1.99     2.46  2.44  2.79  2.24  2.40
 45   10     1.90  2.64  3.64  4.42  4.71  4.53  4.21  4.13  3.37  2.94  2.06  1.61     3.35  2.05  4.26  4.29  2.79
 45   20     2.07  2.81  3.79  4.46  4.67  4.45  4.14  4.11  3.43  3.10  2.24  1.77     3.42  2.21  4.30  4.23  2.92
 45   30     2.21  2.93  3.87  4.42  4.54  4.29  4.01  4.03  3.43  3.21  2.37  1.89     3.43  2.34  4.28  4.11  3.00
 45   40     2.30  3.01  3.88  4.30  4.35  4.08  3.82  3.87  3.36  3.24  2.44  1.97     3.38  2.43  4.18  3.92  3.01
 45   50     2.35  3.05  3.85  4.10  4.08  3.80  3.57  3.66  3.23  3.20  2.46  2.01     3.28  2.47  4.01  3.68  2.96
 45   60     2.36  3.03  3.73  3.83  3.76  3.48  3.27  3.39  3.05  3.10  2.43  2.01     3.12  2.47  3.77  3.38  2.86
 45   70     2.33  2.97  3.56  3.51  3.39  3.13  2.95  3.08  2.81  2.94  2.34  1.96     2.91  2.42  3.49  3.05  2.70
 45   80     2.25  2.87  3.35  3.14  2.99  2.75  2.60  2.72  2.55  2.71  2.20  1.87     2.67  2.33  3.16  2.69  2.49
 45   90     2.13  2.73  3.08  2.74  2.58  2.37  2.25  2.37  2.24  2.44  2.02  1.74     2.39  2.20  2.80  2.33  2.23
 60   10     1.84  2.58  3.58  4.38  4.69  4.52  4.20  4.10  3.33  2.87  1.99  1.55     3.30  1.99  4.22  4.27  2.73
 60   20     1.95  2.69  3.67  4.38  4.64  4.43  4.12  4.06  3.35  2.98  2.10  1.66     3.34  2.10  4.23  4.21  2.81
 60   30     2.03  2.76  3.71  4.31  4.51  4.28  3.99  3.96  3.32  3.02  2.18  1.73     3.32  2.18  4.18  4.08  2.84
 60   40     2.08  2.80  3.70  4.18  4.31  4.06  3.79  3.80  3.24  3.02  2.21  1.77     3.25  2.22  4.06  3.89  2.82
 60   50     2.10  2.81  3.63  3.97  4.07  3.81  3.56  3.58  3.10  2.96  2.19  1.78     3.13  2.23  3.89  3.65  2.75
 60   60     2.09  2.78  3.52  3.72  3.76  3.50  3.28  3.33  2.92  2.84  2.13  1.75     2.97  2.21  3.67  3.37  2.63
 60   70     2.04  2.71  3.36  3.41  3.42  3.16  2.97  3.02  2.69  2.68  2.04  1.69     2.77  2.15  3.39  3.05  2.47
 60   80     1.95  2.62  3.16  3.07  3.06  2.82  2.64  2.71  2.44  2.46  1.90  1.60     2.54  2.06  3.10  2.72  2.27
 60   90     1.85  2.49  2.93  2.70  2.67  2.46  2.32  2.37  2.16  2.22  1.73  1.47     2.28  1.94  2.77  2.38  2.04
 75   10     1.77  2.51  3.51  4.33  4.67  4.51  4.18  4.07  3.28  2.79  1.91  1.48     3.25  1.92  4.17  4.25  2.66
 75   20     1.81  2.55  3.53  4.28  4.59  4.41  4.10  4.00  3.26  2.82  1.95  1.53     3.24  1.97  4.14  4.17  2.68
 75   30     1.84  2.57  3.52  4.17  4.46  4.25  3.95  3.87  3.19  2.81  1.97  1.55     3.18  1.99  4.05  4.03  2.66
 75   40     1.85  2.57  3.47  4.02  4.26  4.04  3.76  3.70  3.09  2.76  1.95  1.55     3.09  1.99  3.92  3.83  2.60
 75   50     1.83  2.54  3.39  3.81  4.00  3.78  3.52  3.48  2.94  2.67  1.91  1.53     2.95  1.97  3.73  3.59  2.51
 75   60     1.80  2.50  3.26  3.55  3.72  3.49  3.25  3.23  2.75  2.54  1.83  1.48     2.78  1.93  3.51  3.32  2.37
 75   70     1.75  2.44  3.12  3.27  3.40  3.17  2.96  2.95  2.54  2.38  1.73  1.41     2.59  1.87  3.26  3.03  2.21
 75   80     1.66  2.35  2.93  2.94  3.05  2.84  2.65  2.64  2.30  2.19  1.60  1.33     2.37  1.78  2.97  2.71  2.03
 75   90     1.58  2.25  2.74  2.63  2.71  2.50  2.34  2.34  2.05  1.96  1.44  1.21     2.15  1.68  2.69  2.39  1.82
 90   10     1.69  2.43  3.43  4.27  4.64  4.49  4.17  4.03  3.23  2.70  1.82  1.41     3.19  1.84  4.11  4.23  2.58
 90   20     1.67  2.40  3.38  4.17  4.54  4.38  4.06  3.93  3.16  2.65  1.79  1.39     3.13  1.82  4.03  4.13  2.54
 90   30     1.64  2.37  3.31  4.02  4.38  4.21  3.90  3.77  3.05  2.58  1.74  1.37     3.03  1.79  3.90  3.96  2.46
 90   40     1.61  2.32  3.22  3.82  4.17  3.99  3.70  3.58  2.91  2.49  1.69  1.33     2.90  1.75  3.74  3.76  2.36
 90   50     1.57  2.28  3.11  3.60  3.91  3.73  3.46  3.35  2.75  2.36  1.61  1.28     2.75  1.71  3.54  3.51  2.24
 90   60     1.52  2.21  2.98  3.35  3.62  3.44  3.19  3.10  2.56  2.23  1.52  1.22     2.58  1.65  3.32  3.24  2.11
 90   70     1.47  2.16  2.83  3.06  3.32  3.14  2.91  2.82  2.35  2.06  1.41  1.15     2.39  1.59  3.07  2.95  1.94
 90   80     1.40  2.08  2.68  2.78  3.00  2.82  2.62  2.54  2.14  1.90  1.30  1.07     2.19  1.52  2.82  2.66  1.78
 90   90     1.34  2.01  2.51  2.47  2.66  2.49  2.31  2.25  1.90  1.71  1.18  0.98     1.99  1.44  2.55  2.35  1.59
105   10     1.62  2.35  3.35  4.21  4.62  4.48  4.15  3.99  3.17  2.61  1.74  1.34     3.13  1.77  4.06  4.21  2.51
105   20     1.53  2.25  3.23  4.05  4.48  4.35  4.03  3.85  3.05  2.48  1.63  1.26     3.02  1.68  3.92  4.08  2.39
105   30     1.45  2.16  3.09  3.84  4.29  4.16  3.85  3.66  2.90  2.34  1.53  1.18     2.87  1.60  3.74  3.89  2.25
105   40     1.38  2.08  2.95  3.60  4.05  3.92  3.63  3.43  2.73  2.20  1.43  1.11     2.71  1.52  3.53  3.66  2.12
105   50     1.32  2.01  2.81  3.35  3.77  3.65  3.37  3.19  2.54  2.06  1.32  1.05     2.54  1.46  3.31  3.40  1.97
105   60     1.26  1.95  2.67  3.09  3.48  3.35  3.10  2.93  2.34  1.90  1.24  0.98     2.36  1.40  3.08  3.13  1.83
105   70     1.22  1.89  2.53  2.83  3.17  3.04  2.81  2.66  2.15  1.76  1.13  0.92     2.18  1.35  2.84  2.84  1.68
105   80     1.17  1.84  2.40  2.54  2.87  2.74  2.53  2.39  1.94  1.60  1.04  0.86     1.99  1.29  2.61  2.55  1.53
105   90     1.13  1.79  2.26  2.29  2.57  2.44  2.25  2.13  1.74  1.45  0.94  0.79     1.82  1.24  2.37  2.27  1.38
120   10     1.54  2.27  3.27  4.15  4.59  4.47  4.13  3.96  3.12  2.53  1.65  1.27     3.08  1.70  4.00  4.19  2.43
120   20     1.39  2.11  3.07  3.93  4.42  4.32  3.99  3.78  2.95  2.32  1.47  1.13     2.91  1.54  3.81  4.03  2.25
120   30     1.27  1.96  2.86  3.66  4.18  4.10  3.79  3.55  2.75  2.11  1.31  1.02     2.71  1.42  3.57  3.81  2.06
120   40     1.18  1.84  2.67  3.37  3.90  3.83  3.54  3.28  2.53  1.92  1.18  0.93     2.51  1.31  3.31  3.55  1.88
120   50     1.11  1.76  2.50  3.08  3.60  3.53  3.26  3.00  2.32  1.74  1.08  0.85     2.32  1.24  3.06  3.27  1.71
120   60     1.06  1.71  2.36  2.80  3.29  3.22  2.98  2.73  2.12  1.59  0.99  0.80     2.14  1.19  2.81  2.98  1.57
120   70     1.03  1.66  2.24  2.54  2.98  2.91  2.69  2.47  1.92  1.46  0.90  0.75     1.96  1.15  2.59  2.69  1.43
120   80     1.00  1.64  2.12  2.29  2.68  2.61  2.41  2.21  1.74  1.32  0.83  0.70     1.80  1.11  2.37  2.41  1.30
120   90     0.98  1.61  2.03  2.05  2.40  2.33  2.14  1.97  1.56  1.21  0.76  0.65     1.64  1.08  2.16  2.15  1.18
135   10     1.48  2.21  3.20  4.10  4.57  4.46  4.12  3.93  3.08  2.45  1.58  1.21     3.03  1.64  3.96  4.17  2.37
135   20     1.27  1.98  2.93  3.82  4.37  4.29  3.96  3.72  2.85  2.17  1.34  1.02     2.81  1.42  3.71  3.99  2.12
135   30     1.11  1.78  2.65  3.49  4.09  4.05  3.74  3.44  2.60  1.89  1.13  0.87     2.57  1.25  3.41  3.75  1.87
135   40     1.01  1.64  2.40  3.13  3.75  3.75  3.46  3.13  2.34  1.65  0.97  0.77     2.33  1.14  3.10  3.45  1.65
135   50     0.95  1.55  2.21  2.79  3.39  3.41  3.14  2.81  2.10  1.46  0.87  0.71     2.12  1.07  2.80  3.12  1.48
135   60     0.93  1.50  2.06  2.50  3.05  3.07  2.83  2.51  1.88  1.32  0.80  0.67     1.93  1.03  2.54  2.80  1.33
135   70     0.92  1.48  1.96  2.24  2.74  2.75  2.53  2.24  1.70  1.20  0.74  0.64     1.76  1.01  2.31  2.51  1.21
135   80     0.91  1.48  1.87  2.01  2.46  2.45  2.26  2.00  1.54  1.10  0.69  0.60     1.61  1.00  2.11  2.24  1.11
135   90     0.90  1.48  1.81  1.81  2.20  2.18  2.02  1.80  1.39  1.01  0.63  0.57     1.49  0.99  1.94  2.00  1.01
150   10     1.43  2.16  3.15  4.06  4.55  4.45  4.11  3.91  3.04  2.39  1.53  1.17     3.00  1.59  3.92  4.16  2.32
150   20     1.17  1.88  2.82  3.74  4.33  4.28  3.94  3.67  2.77  2.04  1.22  0.93     2.73  1.33  3.63  3.96  2.01
150   30     0.97  1.63  2.47  3.35  4.02  4.03  3.70  3.36  2.47  1.69  0.96  0.75     2.45  1.12  3.28  3.70  1.71
150   40     0.89  1.45  2.15  2.92  3.64  3.70  3.40  3.00  2.16  1.40  0.81  0.68     2.18  1.01  2.90  3.37  1.46
150   50     0.88  1.38  1.92  2.51  3.21  3.31  3.04  2.62  1.88  1.21  0.74  0.66     1.95  0.97  2.54  2.99  1.27
150   60     0.88  1.37  1.79  2.18  2.79  2.90  2.67  2.28  1.66  1.09  0.70  0.63     1.75  0.96  2.25  2.62  1.15
150   70     0.88  1.38  1.72  1.92  2.46  2.55  2.35  2.02  1.50  1.01  0.66  0.61     1.59  0.96  2.03  2.31  1.06
150   80     0.88  1.40  1.67  1.73  2.19  2.26  2.09  1.80  1.37  0.94  0.63  0.58     1.46  0.95  1.87  2.05  0.98
150   90     0.89  1.42  1.65  1.58  1.97  2.01  1.86  1.63  1.25  0.88  0.59  0.55     1.36  0.95  1.73  1.83  0.91
165   10     1.40  2.13  3.11  4.04  4.54  4.45  4.11  3.90  3.02  2.35  1.49  1.14     2.97  1.55  3.90  4.15  2.29
165   20     1.10  1.81  2.74  3.69  4.31  4.27  3.94  3.64  2.73  1.96  1.14  0.86     2.68  1.26  3.58  3.95  1.94
165   30     0.88  1.50  2.34  3.27  3.99  4.02  3.69  3.32  2.39  1.54  0.84  0.69     2.37  1.03  3.20  3.67  1.59
165   40     0.88  1.31  1.94  2.79  3.59  3.69  3.38  2.94  2.02  1.19  0.75  0.68     2.10  0.95  2.78  3.34  1.32
165   50     0.88  1.31  1.67  2.27  3.13  3.29  3.01  2.51  1.68  1.03  0.73  0.66     1.85  0.95  2.36  2.94  1.14
165   60     0.88  1.33  1.58  1.86  2.63  2.85  2.60  2.07  1.47  0.97  0.69  0.63     1.63  0.95  2.02  2.51  1.05
165   70     0.88  1.36  1.56  1.65  2.19  2.38  2.19  1.80  1.35  0.93  0.66  0.61     1.46  0.95  1.80  2.12  0.98
165   80     0.88  1.38  1.55  1.51  1.95  2.08  1.93  1.62  1.25  0.88  0.63  0.58     1.36  0.95  1.67  1.88  0.92
165   90     0.89  1.41  1.54  1.40  1.77  1.87  1.74  1.48  1.16  0.83  0.59  0.55     1.27  0.95  1.57  1.69  0.86
180   10     1.39  2.12  3.10  4.04  4.54  4.45  4.11  3.89  3.01  2.34  1.48  1.12     2.96  1.54  3.89  4.15  2.28
180   20     1.07  1.78  2.71  3.68  4.30  4.27  3.93  3.64  2.71  1.92  1.11  0.84     2.66  1.23  3.56  3.95  1.91
180   30     0.88  1.45  2.28  3.25  3.98  4.01  3.69  3.31  2.37  1.48  0.80  0.69     2.35  1.01  3.17  3.67  1.55
180   40     0.88  1.29  1.84  2.76  3.58  3.68  3.38  2.93  1.98  1.06  0.75  0.68     2.07  0.95  2.73  3.33  1.27
180   50     0.88  1.31  1.52  2.23  3.12  3.29  3.01  2.50  1.57  1.01  0.73  0.66     1.82  0.95  2.29  2.93  1.10
180   60     0.88  1.33  1.52  1.68  2.61  2.85  2.60  2.03  1.36  0.97  0.69  0.63     1.60  0.95  1.94  2.49  1.01
180   70     0.88  1.36  1.52  1.51  2.09  2.37  2.15  1.69  1.28  0.92  0.66  0.61     1.42  0.95  1.71  2.07  0.95
180   80     0.88  1.38  1.52  1.41  1.86  2.01  1.87  1.54  1.20  0.88  0.63  0.58     1.31  0.95  1.60  1.81  0.90
180   90     0.89  1.41  1.52  1.33  1.70  1.81  1.69  1.42  1.12  0.83  0.59  0.55     1.24  0.95  1.52  1.64  0.84
             65.0  59.5  43.2  23.3  11.4   5.0   7.5  16.5  29.3  46.7  57.8  62.3     32.7  62.2  24.7   9.9  44.6
             2.82  3.44  4.15  4.57  4.73  4.55  4.22  4.19  3.56  3.58  2.95  2.42     3.76  2.89  4.41  4.31  3.31
             2.52  3.22  4.11  4.53  4.50  4.24  3.98  4.08  3.56  3.50  2.72  2.18     3.59  2.64  4.38  4.10  3.26
             1.12  1.07  1.01  1.01  1.05  1.07  1.06  1.03  1.00  1.02  1.08  1.11     1.05  1.10  1.02  1.05  1.04
             1.47  1.31  1.19  1.05  0.96  0.94  0.95  1.00  1.10  1.29  1.47  1.52     1.19  1.43  1.07  0.96  1.28
temperature  -2.1  -1.5   2.1   8.5  13.9  17.6  21.3  22.9  18.4  11.8   5.7   0.7      9.9  -1.0   8.2  20.6  12.0
diffusedrad  1.05  1.52  1.91  2.17  2.51  2.73  2.61  2.33  1.88  1.40  0.99  0.85     1.83  1.14  2.19  2.56  1.42
snow10cm     0.64  0.87  0.48  0.01  0.00  0.00  0.00  0.00  0.00  0.00  0.00  0.15     0.18  0.55  0.16  0.00  0.00
