2 32296   五城目          39 56.3  140  6.9    6
             1.27  2.07  3.08  4.08  4.60  4.84  4.44  4.43  3.48  2.61  1.52  1.04     3.12  1.46  3.92  4.57  2.54
             1.48  2.65  3.54  4.69  5.35  5.58  6.12  5.47  4.33  3.17  1.76  1.27     3.38  1.62  4.23  5.46  2.99
             1.08  1.73  2.62  3.30  4.01  4.07  3.28  3.50  2.84  2.02  1.14  0.92     2.88  1.32  3.57  4.04  2.26
  0   10     1.38  2.22  3.29  4.22  4.65  4.84  4.46  4.54  3.69  2.88  1.71  1.14     3.25  1.58  4.05  4.61  2.76
  0   20     1.47  2.37  3.44  4.29  4.61  4.75  4.39  4.55  3.81  3.10  1.87  1.22     3.32  1.68  4.11  4.57  2.92
  0   30     1.54  2.47  3.53  4.26  4.47  4.57  4.24  4.48  3.85  3.25  1.99  1.28     3.33  1.76  4.09  4.43  3.03
  0   40     1.58  2.55  3.55  4.15  4.25  4.30  4.01  4.31  3.81  3.33  2.06  1.32     3.27  1.82  3.98  4.21  3.06
  0   50     1.61  2.58  3.51  3.95  3.96  3.96  3.71  4.05  3.68  3.33  2.10  1.34     3.15  1.84  3.81  3.91  3.04
  0   60     1.60  2.58  3.40  3.67  3.59  3.55  3.36  3.72  3.48  3.25  2.08  1.33     2.97  1.84  3.56  3.54  2.94
  0   70     1.58  2.53  3.23  3.33  3.16  3.09  2.95  3.31  3.21  3.10  2.02  1.29     2.73  1.80  3.24  3.12  2.78
  0   80     1.53  2.45  3.01  2.92  2.68  2.61  2.51  2.85  2.88  2.89  1.92  1.24     2.46  1.74  2.87  2.65  2.56
  0   90     1.46  2.33  2.73  2.46  2.19  2.10  2.05  2.36  2.49  2.61  1.78  1.16     2.14  1.65  2.46  2.17  2.29
 15   10     1.37  2.22  3.28  4.21  4.65  4.84  4.46  4.54  3.68  2.87  1.70  1.13     3.25  1.57  4.05  4.61  2.75
 15   20     1.46  2.35  3.42  4.28  4.60  4.74  4.39  4.55  3.79  3.08  1.85  1.21     3.31  1.67  4.10  4.56  2.91
 15   30     1.52  2.46  3.51  4.25  4.47  4.57  4.24  4.48  3.83  3.22  1.96  1.27     3.32  1.75  4.08  4.43  3.01
 15   40     1.57  2.52  3.53  4.14  4.26  4.31  4.02  4.31  3.79  3.29  2.03  1.31     3.25  1.80  3.97  4.21  3.04
 15   50     1.59  2.55  3.48  3.94  3.96  3.97  3.73  4.05  3.67  3.28  2.06  1.32     3.13  1.82  3.79  3.92  3.00
 15   60     1.58  2.54  3.37  3.67  3.60  3.58  3.38  3.73  3.47  3.20  2.04  1.31     2.96  1.81  3.55  3.56  2.90
 15   70     1.55  2.50  3.20  3.33  3.18  3.13  2.97  3.33  3.20  3.05  1.98  1.27     2.73  1.78  3.24  3.14  2.74
 15   80     1.50  2.42  2.98  2.92  2.73  2.65  2.54  2.88  2.87  2.83  1.87  1.22     2.45  1.71  2.88  2.69  2.52
 15   90     1.43  2.30  2.71  2.49  2.25  2.17  2.10  2.40  2.49  2.55  1.73  1.14     2.15  1.62  2.48  2.23  2.26
 30   10     1.36  2.20  3.26  4.20  4.64  4.84  4.45  4.53  3.65  2.84  1.68  1.12     3.23  1.56  4.03  4.60  2.73
 30   20     1.44  2.32  3.38  4.25  4.60  4.75  4.38  4.54  3.76  3.02  1.81  1.19     3.29  1.65  4.08  4.56  2.86
 30   30     1.49  2.40  3.45  4.21  4.47  4.58  4.24  4.46  3.78  3.14  1.90  1.24     3.28  1.71  4.04  4.42  2.94
 30   40     1.52  2.46  3.45  4.10  4.27  4.33  4.03  4.30  3.73  3.19  1.95  1.27     3.22  1.75  3.94  4.22  2.96
 30   50     1.53  2.47  3.40  3.90  3.99  4.01  3.74  4.06  3.60  3.17  1.96  1.27     3.09  1.76  3.76  3.94  2.91
 30   60     1.52  2.46  3.28  3.63  3.65  3.63  3.41  3.75  3.40  3.07  1.93  1.25     2.92  1.74  3.52  3.60  2.80
 30   70     1.49  2.40  3.11  3.31  3.25  3.21  3.03  3.38  3.14  2.91  1.86  1.22     2.69  1.70  3.23  3.21  2.64
 30   80     1.44  2.31  2.89  2.93  2.83  2.77  2.64  2.97  2.83  2.69  1.75  1.15     2.43  1.64  2.88  2.79  2.42
 30   90     1.36  2.20  2.63  2.53  2.39  2.33  2.23  2.52  2.47  2.42  1.61  1.07     2.15  1.54  2.51  2.36  2.16
 45   10     1.34  2.17  3.22  4.17  4.63  4.83  4.44  4.51  3.62  2.80  1.64  1.10     3.21  1.54  4.01  4.59  2.69
 45   20     1.40  2.26  3.32  4.19  4.58  4.74  4.37  4.51  3.69  2.94  1.74  1.16     3.24  1.61  4.03  4.54  2.79
 45   30     1.44  2.32  3.35  4.14  4.46  4.57  4.23  4.43  3.70  3.02  1.80  1.19     3.22  1.65  3.98  4.41  2.84
 45   40     1.45  2.35  3.34  4.01  4.26  4.34  4.02  4.27  3.63  3.03  1.83  1.20     3.15  1.67  3.87  4.21  2.83
 45   50     1.45  2.35  3.27  3.83  4.00  4.04  3.76  4.04  3.50  2.98  1.82  1.20     3.02  1.67  3.70  3.95  2.77
 45   60     1.43  2.32  3.14  3.57  3.68  3.69  3.44  3.75  3.30  2.88  1.78  1.17     2.85  1.64  3.46  3.63  2.65
 45   70     1.39  2.26  2.98  3.26  3.32  3.31  3.10  3.41  3.04  2.72  1.70  1.12     2.63  1.59  3.19  3.27  2.49
 45   80     1.33  2.17  2.77  2.91  2.92  2.90  2.73  3.02  2.75  2.50  1.58  1.06     2.39  1.52  2.87  2.88  2.28
 45   90     1.26  2.06  2.52  2.54  2.52  2.48  2.34  2.63  2.42  2.25  1.44  0.97     2.12  1.43  2.53  2.48  2.04
 60   10     1.32  2.13  3.17  4.13  4.61  4.82  4.43  4.48  3.58  2.73  1.60  1.08     3.17  1.51  3.97  4.58  2.64
 60   20     1.35  2.19  3.23  4.12  4.55  4.73  4.35  4.46  3.61  2.82  1.66  1.11     3.18  1.55  3.97  4.51  2.70
 60   30     1.37  2.22  3.23  4.05  4.43  4.57  4.21  4.37  3.58  2.85  1.69  1.13     3.14  1.57  3.90  4.38  2.71
 60   40     1.36  2.22  3.19  3.91  4.23  4.34  4.01  4.21  3.49  2.84  1.69  1.12     3.05  1.57  3.78  4.18  2.67
 60   50     1.35  2.20  3.10  3.71  3.98  4.06  3.75  3.98  3.35  2.76  1.66  1.10     2.92  1.55  3.60  3.93  2.59
 60   60     1.31  2.16  2.98  3.47  3.68  3.73  3.46  3.71  3.15  2.64  1.60  1.06     2.75  1.51  3.38  3.63  2.46
 60   70     1.27  2.09  2.80  3.17  3.34  3.37  3.13  3.39  2.91  2.48  1.51  1.01     2.54  1.46  3.10  3.29  2.30
 60   80     1.21  2.01  2.62  2.86  2.99  2.99  2.78  3.04  2.64  2.27  1.40  0.94     2.31  1.38  2.82  2.94  2.10
 60   90     1.14  1.91  2.39  2.51  2.61  2.61  2.44  2.68  2.34  2.05  1.26  0.86     2.07  1.30  2.50  2.58  1.88
 75   10     1.29  2.09  3.12  4.08  4.59  4.81  4.42  4.45  3.52  2.66  1.55  1.05     3.14  1.48  3.93  4.56  2.58
 75   20     1.30  2.10  3.12  4.03  4.51  4.71  4.32  4.39  3.50  2.68  1.57  1.06     3.11  1.49  3.89  4.47  2.59
 75   30     1.29  2.10  3.09  3.92  4.37  4.54  4.17  4.28  3.44  2.67  1.56  1.05     3.04  1.48  3.79  4.33  2.55
 75   40     1.27  2.08  3.01  3.77  4.18  4.31  3.97  4.11  3.32  2.60  1.53  1.03     2.93  1.46  3.65  4.13  2.48
 75   50     1.23  2.04  2.91  3.57  3.92  4.03  3.72  3.89  3.17  2.51  1.48  0.99     2.79  1.42  3.47  3.88  2.39
 75   60     1.20  1.99  2.77  3.32  3.64  3.73  3.43  3.62  2.96  2.38  1.40  0.95     2.62  1.38  3.24  3.59  2.25
 75   70     1.14  1.92  2.62  3.05  3.33  3.39  3.13  3.33  2.74  2.22  1.31  0.89     2.42  1.32  3.00  3.28  2.09
 75   80     1.08  1.84  2.43  2.74  2.98  3.03  2.80  3.00  2.48  2.03  1.21  0.82     2.20  1.25  2.72  2.94  1.91
 75   90     1.02  1.75  2.25  2.44  2.64  2.67  2.46  2.66  2.22  1.83  1.08  0.75     1.98  1.18  2.44  2.60  1.71
 90   10     1.26  2.04  3.06  4.03  4.57  4.80  4.40  4.41  3.46  2.59  1.50  1.03     3.10  1.44  3.89  4.53  2.52
 90   20     1.24  2.01  3.00  3.94  4.46  4.68  4.29  4.32  3.39  2.53  1.47  1.00     3.03  1.42  3.80  4.43  2.46
 90   30     1.21  1.98  2.92  3.79  4.30  4.50  4.12  4.17  3.28  2.46  1.42  0.98     2.93  1.39  3.67  4.26  2.39
 90   40     1.17  1.92  2.82  3.60  4.09  4.26  3.91  3.97  3.13  2.36  1.37  0.94     2.79  1.34  3.50  4.05  2.29
 90   50     1.13  1.87  2.69  3.38  3.84  3.98  3.66  3.75  2.95  2.23  1.30  0.89     2.64  1.30  3.31  3.79  2.16
 90   60     1.08  1.81  2.55  3.14  3.55  3.67  3.37  3.48  2.75  2.11  1.22  0.84     2.46  1.24  3.08  3.51  2.02
 90   70     1.03  1.75  2.40  2.86  3.25  3.35  3.07  3.19  2.52  1.94  1.12  0.78     2.27  1.19  2.84  3.20  1.86
 90   80     0.98  1.67  2.24  2.60  2.93  3.01  2.76  2.90  2.30  1.78  1.03  0.72     2.08  1.13  2.59  2.89  1.70
 90   90     0.93  1.61  2.07  2.31  2.60  2.67  2.45  2.58  2.05  1.59  0.92  0.66     1.87  1.07  2.33  2.57  1.52
105   10     1.23  2.00  3.00  3.98  4.54  4.78  4.38  4.37  3.40  2.51  1.45  1.00     3.05  1.41  3.84  4.51  2.45
105   20     1.18  1.92  2.89  3.83  4.41  4.64  4.25  4.23  3.27  2.38  1.37  0.95     2.94  1.35  3.71  4.38  2.34
105   30     1.13  1.85  2.75  3.64  4.21  4.44  4.06  4.04  3.10  2.25  1.29  0.90     2.81  1.29  3.54  4.18  2.21
105   40     1.08  1.78  2.61  3.41  3.97  4.18  3.83  3.81  2.92  2.11  1.21  0.85     2.65  1.24  3.33  3.94  2.08
105   50     1.03  1.71  2.47  3.16  3.71  3.89  3.56  3.56  2.71  1.97  1.12  0.80     2.47  1.18  3.11  3.67  1.93
105   60     0.98  1.65  2.33  2.92  3.42  3.58  3.27  3.29  2.50  1.82  1.04  0.75     2.29  1.13  2.89  3.38  1.79
105   70     0.94  1.59  2.17  2.66  3.11  3.25  2.97  3.01  2.30  1.67  0.95  0.70     2.11  1.08  2.65  3.08  1.64
105   80     0.90  1.53  2.04  2.39  2.81  2.93  2.67  2.72  2.08  1.52  0.87  0.64     1.92  1.02  2.41  2.77  1.49
105   90     0.86  1.48  1.89  2.14  2.51  2.61  2.38  2.44  1.87  1.37  0.78  0.59     1.74  0.97  2.18  2.48  1.34
120   10     1.21  1.95  2.94  3.93  4.51  4.77  4.37  4.32  3.34  2.43  1.40  0.97     3.01  1.38  3.79  4.49  2.39
120   20     1.13  1.84  2.77  3.73  4.35  4.61  4.21  4.14  3.15  2.24  1.28  0.90     2.86  1.29  3.62  4.32  2.22
120   30     1.06  1.73  2.59  3.48  4.12  4.37  4.00  3.90  2.92  2.04  1.16  0.84     2.68  1.21  3.40  4.09  2.04
120   40     1.00  1.63  2.41  3.21  3.84  4.08  3.73  3.63  2.69  1.86  1.06  0.78     2.49  1.14  3.15  3.81  1.87
120   50     0.95  1.56  2.24  2.93  3.54  3.76  3.44  3.34  2.46  1.69  0.97  0.73     2.30  1.08  2.90  3.51  1.71
120   60     0.91  1.50  2.09  2.66  3.23  3.43  3.13  3.05  2.25  1.54  0.89  0.68     2.11  1.03  2.66  3.20  1.56
120   70     0.88  1.45  1.96  2.41  2.93  3.10  2.83  2.77  2.04  1.41  0.81  0.63     1.94  0.99  2.43  2.90  1.42
120   80     0.84  1.42  1.83  2.17  2.63  2.78  2.54  2.51  1.85  1.28  0.75  0.59     1.76  0.95  2.21  2.61  1.29
120   90     0.81  1.38  1.72  1.94  2.35  2.48  2.25  2.25  1.66  1.16  0.68  0.54     1.60  0.91  2.00  2.33  1.17
135   10     1.18  1.91  2.89  3.89  4.49  4.76  4.35  4.29  3.29  2.37  1.36  0.95     2.98  1.35  3.76  4.47  2.34
135   20     1.09  1.76  2.67  3.64  4.30  4.58  4.18  4.07  3.04  2.11  1.20  0.86     2.79  1.24  3.53  4.28  2.11
135   30     1.00  1.62  2.43  3.33  4.03  4.32  3.94  3.77  2.75  1.85  1.05  0.78     2.57  1.14  3.26  4.01  1.89
135   40     0.94  1.51  2.21  3.00  3.70  3.99  3.63  3.44  2.47  1.62  0.94  0.72     2.35  1.06  2.97  3.69  1.68
135   50     0.90  1.44  2.02  2.69  3.35  3.62  3.29  3.10  2.20  1.44  0.85  0.68     2.13  1.01  2.69  3.34  1.50
135   60     0.87  1.39  1.87  2.40  3.01  3.24  2.96  2.77  1.98  1.30  0.79  0.64     1.94  0.97  2.43  2.99  1.35
135   70     0.85  1.36  1.75  2.15  2.69  2.90  2.65  2.49  1.78  1.19  0.72  0.60     1.76  0.94  2.20  2.68  1.23
135   80     0.82  1.34  1.65  1.93  2.42  2.59  2.36  2.24  1.62  1.08  0.67  0.56     1.61  0.91  2.00  2.40  1.12
135   90     0.80  1.32  1.56  1.73  2.16  2.30  2.11  2.02  1.46  1.00  0.61  0.53     1.47  0.88  1.82  2.14  1.02
150   10     1.17  1.89  2.85  3.86  4.48  4.75  4.34  4.26  3.25  2.31  1.32  0.93     2.95  1.33  3.73  4.45  2.29
150   20     1.05  1.70  2.58  3.57  4.26  4.57  4.16  4.00  2.95  2.00  1.13  0.82     2.73  1.19  3.47  4.24  2.02
150   30     0.96  1.53  2.30  3.22  3.96  4.29  3.90  3.67  2.61  1.68  0.95  0.73     2.48  1.08  3.16  3.95  1.75
150   40     0.91  1.41  2.03  2.83  3.59  3.93  3.56  3.27  2.26  1.41  0.84  0.69     2.23  1.00  2.81  3.59  1.50
150   50     0.89  1.34  1.81  2.44  3.17  3.50  3.17  2.85  1.95  1.22  0.78  0.66     1.98  0.96  2.47  3.18  1.32
150   60     0.87  1.32  1.68  2.13  2.76  3.05  2.78  2.48  1.72  1.11  0.73  0.63     1.77  0.94  2.19  2.77  1.19
150   70     0.85  1.31  1.58  1.88  2.43  2.66  2.44  2.20  1.55  1.02  0.69  0.60     1.60  0.92  1.97  2.43  1.09
150   80     0.83  1.30  1.51  1.70  2.16  2.35  2.16  1.97  1.41  0.95  0.64  0.56     1.46  0.90  1.79  2.16  1.00
150   90     0.80  1.29  1.45  1.54  1.94  2.09  1.92  1.79  1.29  0.89  0.59  0.53     1.34  0.87  1.64  1.94  0.92
165   10     1.15  1.87  2.82  3.84  4.47  4.75  4.34  4.24  3.22  2.28  1.30  0.92     2.93  1.31  3.71  4.44  2.27
165   20     1.03  1.67  2.53  3.53  4.25  4.56  4.15  3.96  2.89  1.93  1.08  0.80     2.70  1.16  3.43  4.23  1.97
165   30     0.92  1.46  2.20  3.15  3.94  4.28  3.89  3.61  2.52  1.55  0.88  0.71     2.43  1.03  3.10  3.92  1.65
165   40     0.90  1.33  1.88  2.72  3.55  3.92  3.55  3.18  2.11  1.22  0.81  0.69     2.15  0.97  2.72  3.55  1.38
165   50     0.89  1.31  1.63  2.25  3.11  3.49  3.15  2.70  1.72  1.06  0.77  0.66     1.90  0.95  2.33  3.11  1.19
165   60     0.87  1.30  1.53  1.86  2.61  3.00  2.71  2.20  1.49  1.01  0.73  0.63     1.66  0.94  2.00  2.63  1.08
165   70     0.85  1.30  1.48  1.65  2.18  2.47  2.25  1.90  1.36  0.95  0.69  0.60     1.47  0.92  1.77  2.21  1.00
165   80     0.83  1.29  1.43  1.51  1.93  2.15  1.98  1.72  1.26  0.90  0.64  0.56     1.35  0.89  1.63  1.95  0.93
165   90     0.80  1.29  1.39  1.39  1.75  1.92  1.78  1.58  1.18  0.84  0.59  0.53     1.25  0.87  1.51  1.76  0.87
180   10     1.15  1.86  2.81  3.83  4.47  4.75  4.34  4.23  3.21  2.27  1.30  0.92     2.93  1.31  3.71  4.44  2.26
180   20     1.02  1.65  2.51  3.52  4.24  4.56  4.16  3.94  2.88  1.90  1.06  0.79     2.69  1.15  3.42  4.22  1.95
180   30     0.92  1.44  2.17  3.13  3.93  4.28  3.89  3.58  2.49  1.50  0.85  0.71     2.41  1.02  3.08  3.92  1.61
180   40     0.90  1.31  1.81  2.70  3.55  3.92  3.55  3.15  2.06  1.12  0.81  0.69     2.13  0.97  2.68  3.54  1.33
180   50     0.89  1.31  1.52  2.22  3.10  3.49  3.15  2.66  1.60  1.05  0.77  0.66     1.87  0.95  2.28  3.10  1.14
180   60     0.87  1.30  1.49  1.71  2.60  3.00  2.71  2.13  1.35  1.00  0.73  0.63     1.63  0.94  1.93  2.61  1.03
180   70     0.85  1.30  1.46  1.53  2.09  2.46  2.22  1.74  1.28  0.95  0.69  0.60     1.43  0.92  1.69  2.14  0.97
180   80     0.83  1.29  1.42  1.43  1.85  2.07  1.91  1.59  1.21  0.90  0.64  0.56     1.31  0.89  1.56  1.86  0.91
180   90     0.80  1.29  1.38  1.33  1.69  1.86  1.73  1.47  1.13  0.84  0.59  0.53     1.22  0.87  1.47  1.69  0.85
             54.4  53.8  38.6  22.2  11.0   4.4   7.2  16.8  30.0  45.0  52.1  51.3     25.8  53.3  22.2   9.5  40.5
             1.61  2.58  3.55  4.29  4.65  4.85  4.46  4.56  3.85  3.34  2.10  1.34     3.43  1.84  4.11  4.61  3.07
             1.51  2.43  3.50  4.28  4.54  4.65  4.31  4.52  3.84  3.20  1.94  1.26     3.33  1.73  4.11  4.50  2.99
             1.07  1.06  1.01  1.00  1.02  1.04  1.03  1.01  1.00  1.04  1.08  1.06     1.04  1.06  1.01  1.03  1.04
             1.19  1.17  1.14  1.05  0.99  0.96  0.97  1.02  1.10  1.23  1.27  1.21     1.11  1.19  1.06  0.98  1.20
temperature  -0.9  -0.5   2.6   8.7  14.0  18.6  22.2  23.9  19.3  12.8   6.8   1.8     10.8   0.1   8.4  21.6  13.0
diffusedrad  1.00  1.49  1.89  2.20  2.50  2.69  2.59  2.31  1.90  1.42  0.99  0.80     1.81  1.09  2.20  2.53  1.44
snow10cm     0.66  0.81  0.35  0.00  0.00  0.00  0.00  0.00  0.00  0.00  0.01  0.20     0.17  0.56  0.12  0.00  0.00
