2 32311   阿仁合          39 59.6  140 24.2  120
             1.27  2.01  2.98  4.08  4.67  4.91  4.49  4.35  3.28  2.51  1.50  1.05     3.09  1.44  3.91  4.58  2.43
             1.57  2.53  3.41  4.76  5.59  5.90  5.79  5.27  3.98  2.86  1.74  1.32     3.26  1.67  4.30  5.20  2.81
             1.06  1.67  2.63  3.51  3.67  3.78  3.22  3.16  2.57  1.98  1.05  0.90     2.62  1.30  3.53  3.62  1.94
  0   10     1.36  2.13  3.16  4.23  4.71  4.91  4.50  4.45  3.46  2.76  1.67  1.14     3.21  1.55  4.03  4.62  2.63
  0   20     1.44  2.25  3.29  4.30  4.68  4.82  4.44  4.46  3.56  2.96  1.82  1.22     3.27  1.64  4.09  4.57  2.78
  0   30     1.51  2.35  3.39  4.28  4.54  4.63  4.29  4.38  3.60  3.10  1.93  1.29     3.27  1.71  4.07  4.43  2.87
  0   40     1.55  2.41  3.43  4.18  4.31  4.36  4.06  4.22  3.55  3.16  2.00  1.33     3.21  1.76  3.97  4.21  2.90
  0   50     1.58  2.44  3.42  4.00  4.01  4.01  3.75  3.97  3.43  3.15  2.04  1.35     3.10  1.79  3.81  3.91  2.87
  0   60     1.58  2.44  3.37  3.74  3.64  3.60  3.39  3.64  3.24  3.08  2.02  1.35     2.92  1.79  3.58  3.54  2.78
  0   70     1.57  2.41  3.26  3.41  3.20  3.13  2.98  3.25  2.99  2.94  1.97  1.33     2.70  1.77  3.29  3.12  2.63
  0   80     1.53  2.35  3.11  3.03  2.71  2.63  2.53  2.80  2.68  2.73  1.87  1.28     2.44  1.72  2.95  2.65  2.43
  0   90     1.48  2.26  2.92  2.59  2.22  2.12  2.07  2.32  2.33  2.46  1.73  1.22     2.14  1.65  2.58  2.17  2.17
 15   10     1.36  2.13  3.15  4.22  4.72  4.91  4.50  4.45  3.45  2.75  1.66  1.14     3.20  1.54  4.03  4.62  2.62
 15   20     1.43  2.24  3.28  4.29  4.67  4.81  4.43  4.46  3.55  2.94  1.80  1.22     3.26  1.63  4.08  4.57  2.77
 15   30     1.49  2.33  3.37  4.27  4.54  4.63  4.29  4.38  3.58  3.07  1.91  1.28     3.26  1.70  4.06  4.44  2.85
 15   40     1.53  2.39  3.41  4.17  4.32  4.37  4.06  4.22  3.53  3.13  1.98  1.32     3.20  1.75  3.96  4.22  2.88
 15   50     1.56  2.42  3.40  3.98  4.02  4.03  3.77  3.97  3.41  3.12  2.00  1.34     3.08  1.77  3.80  3.92  2.84
 15   60     1.56  2.42  3.34  3.73  3.65  3.62  3.41  3.65  3.23  3.04  1.98  1.33     2.91  1.77  3.58  3.56  2.75
 15   70     1.54  2.38  3.23  3.41  3.23  3.16  3.00  3.27  2.98  2.89  1.92  1.31     2.69  1.75  3.29  3.14  2.60
 15   80     1.51  2.32  3.08  3.03  2.76  2.68  2.57  2.83  2.67  2.68  1.82  1.26     2.44  1.70  2.96  2.69  2.39
 15   90     1.46  2.23  2.89  2.62  2.27  2.19  2.12  2.37  2.32  2.41  1.69  1.20     2.15  1.63  2.60  2.23  2.14
 30   10     1.35  2.11  3.13  4.20  4.71  4.91  4.50  4.43  3.43  2.73  1.64  1.13     3.19  1.53  4.01  4.61  2.60
 30   20     1.41  2.21  3.25  4.25  4.67  4.82  4.43  4.45  3.52  2.89  1.76  1.20     3.24  1.61  4.06  4.57  2.72
 30   30     1.46  2.29  3.32  4.22  4.54  4.64  4.29  4.37  3.53  2.99  1.85  1.25     3.23  1.67  4.03  4.43  2.79
 30   40     1.50  2.33  3.34  4.12  4.33  4.39  4.07  4.21  3.48  3.03  1.90  1.28     3.17  1.70  3.93  4.23  2.80
 30   50     1.51  2.35  3.32  3.94  4.05  4.06  3.79  3.98  3.36  3.01  1.91  1.29     3.05  1.72  3.77  3.94  2.76
 30   60     1.51  2.34  3.25  3.69  3.70  3.68  3.45  3.67  3.17  2.92  1.88  1.28     2.88  1.71  3.55  3.60  2.65
 30   70     1.49  2.30  3.15  3.39  3.30  3.25  3.06  3.31  2.92  2.76  1.81  1.25     2.67  1.68  3.28  3.21  2.50
 30   80     1.45  2.23  3.00  3.03  2.87  2.81  2.66  2.91  2.63  2.55  1.71  1.20     2.42  1.63  2.97  2.79  2.29
 30   90     1.39  2.14  2.81  2.65  2.42  2.35  2.25  2.48  2.29  2.29  1.57  1.14     2.15  1.56  2.63  2.36  2.05
 45   10     1.33  2.09  3.10  4.17  4.70  4.90  4.49  4.42  3.40  2.68  1.61  1.11     3.17  1.51  3.99  4.60  2.56
 45   20     1.38  2.16  3.19  4.20  4.65  4.81  4.42  4.42  3.46  2.81  1.70  1.16     3.20  1.57  4.01  4.55  2.66
 45   30     1.42  2.22  3.23  4.16  4.52  4.64  4.28  4.34  3.46  2.88  1.76  1.20     3.17  1.61  3.97  4.42  2.70
 45   40     1.43  2.24  3.24  4.04  4.33  4.41  4.07  4.18  3.38  2.89  1.79  1.22     3.10  1.63  3.87  4.22  2.69
 45   50     1.44  2.25  3.20  3.87  4.06  4.10  3.80  3.96  3.26  2.84  1.78  1.22     2.98  1.63  3.71  3.96  2.62
 45   60     1.42  2.22  3.13  3.63  3.74  3.74  3.48  3.67  3.07  2.74  1.74  1.20     2.81  1.62  3.50  3.63  2.51
 45   70     1.40  2.17  3.02  3.34  3.37  3.36  3.13  3.34  2.83  2.58  1.66  1.16     2.61  1.58  3.24  3.28  2.36
 45   80     1.35  2.11  2.88  3.01  2.96  2.94  2.75  2.96  2.56  2.37  1.55  1.11     2.38  1.52  2.95  2.88  2.16
 45   90     1.30  2.02  2.71  2.67  2.56  2.52  2.37  2.58  2.25  2.13  1.41  1.04     2.13  1.45  2.65  2.49  1.93
 60   10     1.31  2.06  3.06  4.13  4.68  4.89  4.48  4.39  3.36  2.63  1.57  1.09     3.14  1.49  3.96  4.59  2.52
 60   20     1.34  2.10  3.11  4.13  4.62  4.80  4.40  4.36  3.38  2.70  1.62  1.12     3.14  1.52  3.95  4.52  2.57
 60   30     1.35  2.13  3.13  4.06  4.50  4.63  4.26  4.28  3.35  2.73  1.65  1.14     3.10  1.54  3.90  4.39  2.58
 60   40     1.35  2.13  3.11  3.94  4.29  4.40  4.05  4.12  3.26  2.71  1.65  1.14     3.01  1.54  3.78  4.19  2.54
 60   50     1.34  2.12  3.06  3.75  4.04  4.12  3.79  3.90  3.12  2.63  1.62  1.12     2.88  1.53  3.62  3.94  2.46
 60   60     1.32  2.08  2.98  3.53  3.74  3.79  3.50  3.63  2.94  2.52  1.56  1.10     2.72  1.50  3.42  3.64  2.34
 60   70     1.28  2.03  2.87  3.25  3.40  3.42  3.16  3.31  2.71  2.36  1.48  1.05     2.53  1.46  3.17  3.30  2.18
 60   80     1.24  1.96  2.75  2.96  3.04  3.04  2.81  2.98  2.45  2.16  1.37  1.00     2.31  1.40  2.91  2.94  2.00
 60   90     1.19  1.88  2.60  2.63  2.66  2.65  2.46  2.62  2.17  1.94  1.24  0.93     2.08  1.33  2.63  2.58  1.79
 75   10     1.29  2.02  3.02  4.09  4.66  4.88  4.46  4.36  3.31  2.56  1.52  1.06     3.10  1.46  3.92  4.57  2.46
 75   20     1.29  2.03  3.02  4.04  4.58  4.78  4.37  4.30  3.29  2.58  1.54  1.07     3.08  1.46  3.88  4.49  2.47
 75   30     1.28  2.02  3.00  3.94  4.44  4.61  4.22  4.19  3.22  2.56  1.53  1.07     3.01  1.46  3.79  4.34  2.44
 75   40     1.27  2.01  2.95  3.80  4.24  4.38  4.02  4.02  3.11  2.49  1.50  1.05     2.90  1.44  3.67  4.14  2.37
 75   50     1.24  1.97  2.89  3.61  3.99  4.10  3.76  3.81  2.96  2.40  1.45  1.02     2.77  1.41  3.50  3.89  2.27
 75   60     1.21  1.93  2.80  3.38  3.70  3.79  3.47  3.54  2.77  2.27  1.38  0.99     2.60  1.38  3.29  3.60  2.14
 75   70     1.17  1.88  2.70  3.13  3.38  3.44  3.16  3.25  2.56  2.12  1.29  0.94     2.42  1.33  3.07  3.29  1.99
 75   80     1.13  1.82  2.59  2.84  3.03  3.08  2.83  2.93  2.31  1.94  1.19  0.89     2.21  1.28  2.82  2.95  1.81
 75   90     1.09  1.75  2.47  2.56  2.69  2.71  2.50  2.61  2.07  1.74  1.07  0.83     2.01  1.22  2.57  2.61  1.62
 90   10     1.26  1.98  2.96  4.04  4.63  4.87  4.45  4.32  3.26  2.49  1.47  1.04     3.06  1.43  3.88  4.54  2.41
 90   20     1.24  1.95  2.92  3.95  4.53  4.75  4.34  4.23  3.19  2.44  1.44  1.02     3.00  1.40  3.80  4.44  2.36
 90   30     1.21  1.92  2.86  3.81  4.37  4.56  4.17  4.08  3.08  2.37  1.40  1.00     2.90  1.38  3.68  4.27  2.28
 90   40     1.18  1.88  2.79  3.63  4.15  4.33  3.95  3.89  2.94  2.27  1.34  0.96     2.78  1.34  3.52  4.06  2.18
 90   50     1.15  1.83  2.71  3.43  3.90  4.04  3.70  3.67  2.77  2.15  1.28  0.93     2.63  1.30  3.35  3.80  2.06
 90   60     1.11  1.78  2.62  3.20  3.61  3.73  3.41  3.41  2.58  2.02  1.20  0.88     2.46  1.26  3.14  3.52  1.93
 90   70     1.08  1.74  2.52  2.95  3.30  3.40  3.11  3.12  2.36  1.86  1.11  0.84     2.28  1.22  2.92  3.21  1.78
 90   80     1.03  1.68  2.42  2.70  2.98  3.06  2.80  2.83  2.15  1.70  1.02  0.79     2.10  1.17  2.70  2.90  1.62
 90   90     1.00  1.63  2.32  2.43  2.65  2.71  2.48  2.53  1.91  1.52  0.92  0.74     1.90  1.12  2.47  2.57  1.45
105   10     1.23  1.94  2.91  3.99  4.61  4.85  4.43  4.28  3.20  2.42  1.42  1.01     3.02  1.40  3.84  4.52  2.35
105   20     1.19  1.88  2.82  3.85  4.47  4.71  4.30  4.15  3.08  2.30  1.35  0.97     2.92  1.35  3.71  4.39  2.25
105   30     1.14  1.81  2.72  3.66  4.28  4.50  4.11  3.96  2.93  2.17  1.27  0.92     2.79  1.29  3.55  4.19  2.12
105   40     1.10  1.75  2.62  3.45  4.04  4.25  3.87  3.73  2.75  2.04  1.19  0.88     2.64  1.24  3.37  3.95  1.99
105   50     1.06  1.70  2.52  3.22  3.76  3.95  3.60  3.49  2.56  1.90  1.11  0.84     2.48  1.20  3.17  3.68  1.86
105   60     1.02  1.65  2.42  2.99  3.47  3.63  3.31  3.23  2.36  1.75  1.03  0.80     2.31  1.16  2.96  3.39  1.72
105   70     1.00  1.60  2.33  2.75  3.16  3.30  3.00  2.95  2.16  1.61  0.94  0.76     2.13  1.12  2.75  3.08  1.57
105   80     0.96  1.56  2.25  2.50  2.86  2.97  2.70  2.66  1.95  1.46  0.87  0.72     1.96  1.08  2.54  2.78  1.43
105   90     0.94  1.52  2.17  2.27  2.56  2.65  2.41  2.39  1.75  1.32  0.79  0.67     1.79  1.05  2.33  2.48  1.29
120   10     1.21  1.90  2.87  3.94  4.58  4.84  4.41  4.24  3.15  2.35  1.38  0.99     2.99  1.37  3.79  4.50  2.29
120   20     1.14  1.81  2.73  3.74  4.41  4.68  4.26  4.06  2.98  2.17  1.26  0.92     2.85  1.29  3.63  4.33  2.13
120   30     1.08  1.71  2.58  3.51  4.18  4.44  4.04  3.83  2.77  1.98  1.15  0.86     2.68  1.22  3.42  4.10  1.97
120   40     1.03  1.63  2.45  3.25  3.89  4.14  3.77  3.56  2.56  1.81  1.05  0.81     2.50  1.16  3.20  3.82  1.80
120   50     1.00  1.57  2.33  2.99  3.59  3.81  3.47  3.27  2.34  1.65  0.97  0.77     2.31  1.11  2.97  3.52  1.65
120   60     0.97  1.53  2.23  2.74  3.28  3.48  3.16  2.99  2.13  1.50  0.89  0.73     2.14  1.08  2.75  3.21  1.51
120   70     0.94  1.49  2.16  2.50  2.97  3.14  2.86  2.72  1.93  1.38  0.82  0.70     1.97  1.04  2.54  2.91  1.38
120   80     0.92  1.47  2.09  2.29  2.67  2.82  2.56  2.46  1.75  1.24  0.75  0.67     1.81  1.02  2.35  2.61  1.25
120   90     0.91  1.45  2.03  2.08  2.39  2.51  2.28  2.20  1.58  1.13  0.69  0.63     1.66  1.00  2.17  2.33  1.13
135   10     1.19  1.87  2.82  3.90  4.56  4.83  4.40  4.20  3.11  2.29  1.34  0.96     2.96  1.34  3.76  4.48  2.24
135   20     1.11  1.74  2.64  3.65  4.36  4.65  4.23  3.99  2.88  2.05  1.18  0.88     2.78  1.24  3.55  4.29  2.04
135   30     1.03  1.63  2.46  3.36  4.08  4.38  3.98  3.70  2.63  1.80  1.04  0.81     2.58  1.16  3.30  4.02  1.82
135   40     0.98  1.53  2.29  3.05  3.75  4.04  3.67  3.38  2.36  1.59  0.93  0.76     2.36  1.09  3.03  3.70  1.63
135   50     0.96  1.47  2.15  2.75  3.39  3.67  3.33  3.04  2.11  1.42  0.85  0.73     2.16  1.05  2.76  3.35  1.46
135   60     0.94  1.44  2.06  2.48  3.05  3.28  2.99  2.73  1.90  1.28  0.79  0.70     1.97  1.02  2.53  3.00  1.32
135   70     0.93  1.42  1.99  2.25  2.73  2.94  2.67  2.45  1.72  1.17  0.73  0.67     1.81  1.00  2.33  2.69  1.21
135   80     0.91  1.41  1.94  2.05  2.45  2.62  2.39  2.21  1.55  1.06  0.68  0.65     1.66  0.99  2.15  2.40  1.10
135   90     0.90  1.40  1.92  1.87  2.19  2.33  2.13  1.99  1.40  0.98  0.63  0.62     1.53  0.97  1.99  2.15  1.00
150   10     1.18  1.85  2.79  3.86  4.54  4.82  4.39  4.18  3.07  2.24  1.30  0.95     2.93  1.32  3.73  4.46  2.21
150   20     1.08  1.70  2.58  3.59  4.32  4.63  4.21  3.93  2.81  1.95  1.12  0.85     2.73  1.21  3.49  4.25  1.96
150   30     0.99  1.55  2.35  3.25  4.01  4.35  3.94  3.60  2.50  1.65  0.95  0.77     2.49  1.10  3.20  3.96  1.70
150   40     0.96  1.45  2.14  2.88  3.63  3.98  3.60  3.22  2.18  1.39  0.84  0.73     2.25  1.04  2.88  3.60  1.47
150   50     0.95  1.40  1.99  2.51  3.20  3.54  3.20  2.81  1.89  1.22  0.79  0.71     2.02  1.02  2.57  3.19  1.30
150   60     0.94  1.38  1.90  2.21  2.79  3.08  2.80  2.45  1.68  1.10  0.74  0.69     1.81  1.00  2.30  2.78  1.17
150   70     0.93  1.38  1.86  1.99  2.45  2.69  2.45  2.17  1.51  1.02  0.70  0.67     1.65  0.99  2.10  2.44  1.08
150   80     0.92  1.38  1.84  1.82  2.18  2.37  2.17  1.95  1.38  0.95  0.65  0.64     1.52  0.98  1.95  2.17  0.99
150   90     0.91  1.39  1.84  1.69  1.96  2.11  1.94  1.77  1.25  0.88  0.61  0.62     1.41  0.97  1.83  1.94  0.91
165   10     1.17  1.83  2.77  3.85  4.53  4.82  4.39  4.16  3.05  2.21  1.28  0.94     2.92  1.31  3.72  4.46  2.18
165   20     1.06  1.66  2.54  3.55  4.30  4.63  4.20  3.89  2.76  1.88  1.07  0.82     2.70  1.18  3.46  4.24  1.90
165   30     0.96  1.50  2.28  3.18  3.99  4.34  3.93  3.54  2.42  1.53  0.88  0.75     2.44  1.07  3.15  3.94  1.61
165   40     0.95  1.38  2.02  2.77  3.60  3.97  3.59  3.13  2.05  1.23  0.81  0.73     2.19  1.02  2.80  3.56  1.36
165   50     0.95  1.38  1.85  2.32  3.14  3.53  3.18  2.67  1.70  1.07  0.78  0.71     1.94  1.01  2.43  3.13  1.18
165   60     0.94  1.38  1.79  1.95  2.63  3.03  2.73  2.18  1.48  1.01  0.74  0.69     1.71  1.00  2.13  2.64  1.08
165   70     0.93  1.38  1.79  1.76  2.19  2.49  2.26  1.89  1.35  0.96  0.70  0.67     1.53  0.99  1.91  2.21  1.00
165   80     0.92  1.38  1.79  1.64  1.95  2.16  1.99  1.71  1.25  0.90  0.65  0.64     1.42  0.98  1.79  1.95  0.94
165   90     0.91  1.38  1.80  1.54  1.76  1.94  1.79  1.57  1.16  0.84  0.61  0.62     1.33  0.97  1.70  1.76  0.87
180   10     1.16  1.83  2.76  3.84  4.53  4.82  4.39  4.15  3.04  2.20  1.28  0.93     2.91  1.31  3.71  4.45  2.17
180   20     1.05  1.65  2.52  3.54  4.30  4.63  4.20  3.87  2.74  1.85  1.06  0.82     2.69  1.17  3.45  4.23  1.88
180   30     0.96  1.47  2.25  3.17  3.98  4.34  3.93  3.52  2.39  1.48  0.85  0.75     2.42  1.06  3.13  3.93  1.58
180   40     0.95  1.37  1.97  2.75  3.59  3.97  3.59  3.10  2.00  1.13  0.81  0.73     2.16  1.02  2.77  3.55  1.31
180   50     0.95  1.38  1.76  2.29  3.13  3.53  3.18  2.63  1.59  1.06  0.78  0.71     1.92  1.01  2.39  3.11  1.14
180   60     0.94  1.38  1.77  1.80  2.62  3.03  2.73  2.12  1.37  1.01  0.74  0.69     1.68  1.00  2.06  2.62  1.04
180   70     0.93  1.38  1.78  1.64  2.10  2.48  2.23  1.74  1.29  0.96  0.70  0.67     1.49  0.99  1.84  2.15  0.98
180   80     0.92  1.38  1.78  1.56  1.86  2.08  1.92  1.59  1.21  0.90  0.65  0.64     1.37  0.98  1.73  1.86  0.92
180   90     0.91  1.38  1.79  1.48  1.70  1.87  1.74  1.47  1.12  0.84  0.61  0.62     1.29  0.97  1.66  1.69  0.86
             57.8  55.4  43.7  23.0  11.1   4.3   7.2  16.6  29.1  44.2  52.0  54.6     25.2  55.8  22.3   9.4  40.0
             1.58  2.45  3.43  4.30  4.72  4.92  4.51  4.47  3.60  3.17  2.04  1.35     3.38  1.79  4.09  4.62  2.91
             1.48  2.30  3.35  4.30  4.62  4.73  4.37  4.43  3.59  3.04  1.88  1.26     3.28  1.68  4.09  4.51  2.84
             1.07  1.07  1.02  1.00  1.02  1.04  1.03  1.01  1.00  1.04  1.09  1.07     1.04  1.07  1.02  1.03  1.04
             1.17  1.14  1.12  1.05  0.99  0.96  0.97  1.02  1.09  1.21  1.25  1.20     1.10  1.17  1.06  0.99  1.19
temperature  -2.2  -1.8   1.1   7.6  13.5  18.1  21.8  23.1  18.2  11.5   5.4   0.4      9.7  -1.2   7.4  21.0  11.7
diffusedrad  1.02  1.51  2.00  2.25  2.50  2.68  2.60  2.31  1.89  1.42  0.98  0.82     1.83  1.12  2.25  2.53  1.43
snow10cm     0.95  1.00  0.83  0.13  0.00  0.00  0.00  0.00  0.00  0.00  0.06  0.50     0.29  0.81  0.32  0.00  0.02
