2 32571   本荘            39 21.6  140  3.3   11
             1.21  1.93  3.06  4.30  4.77  4.88  4.57  4.72  3.56  2.67  1.53  1.03     3.19  1.39  4.04  4.73  2.59
             1.46  2.40  3.40  5.23  5.61  5.62  5.99  6.11  4.36  3.21  1.81  1.20     3.34  1.57  4.41  5.34  2.98
             1.06  1.62  2.53  3.64  4.08  4.14  3.34  3.47  2.76  2.16  1.03  0.87     2.96  1.24  3.65  4.22  2.17
  0   10     1.29  2.05  3.26  4.46  4.80  4.87  4.57  4.83  3.77  2.94  1.71  1.12     3.31  1.49  4.17  4.76  2.81
  0   20     1.35  2.17  3.40  4.53  4.76  4.78  4.50  4.85  3.89  3.17  1.86  1.20     3.37  1.57  4.23  4.71  2.97
  0   30     1.40  2.24  3.48  4.50  4.61  4.59  4.34  4.77  3.93  3.31  1.97  1.25     3.37  1.63  4.20  4.57  3.07
  0   40     1.43  2.29  3.48  4.38  4.38  4.32  4.11  4.58  3.88  3.39  2.04  1.28     3.30  1.67  4.08  4.33  3.11
  0   50     1.43  2.30  3.42  4.16  4.07  3.97  3.79  4.30  3.75  3.39  2.07  1.29     3.16  1.68  3.88  4.02  3.07
  0   60     1.42  2.27  3.29  3.87  3.68  3.56  3.42  3.93  3.55  3.31  2.06  1.28     2.97  1.66  3.61  3.63  2.97
  0   70     1.39  2.21  3.10  3.49  3.22  3.09  2.99  3.49  3.26  3.15  2.00  1.24     2.72  1.61  3.27  3.19  2.80
  0   80     1.33  2.11  2.85  3.05  2.73  2.59  2.53  2.99  2.92  2.93  1.89  1.18     2.42  1.54  2.87  2.70  2.58
  0   90     1.26  1.99  2.55  2.55  2.21  2.08  2.06  2.45  2.52  2.64  1.75  1.11     2.10  1.45  2.44  2.19  2.31
 15   10     1.28  2.05  3.25  4.45  4.80  4.88  4.57  4.83  3.76  2.94  1.70  1.12     3.30  1.48  4.17  4.76  2.80
 15   20     1.35  2.15  3.39  4.52  4.75  4.78  4.50  4.85  3.88  3.15  1.84  1.19     3.36  1.56  4.22  4.71  2.96
 15   30     1.39  2.23  3.46  4.49  4.62  4.59  4.34  4.77  3.91  3.29  1.95  1.24     3.36  1.62  4.19  4.57  3.05
 15   40     1.41  2.27  3.46  4.37  4.39  4.33  4.11  4.58  3.87  3.35  2.02  1.27     3.29  1.65  4.07  4.34  3.08
 15   50     1.42  2.27  3.39  4.15  4.07  3.98  3.80  4.31  3.74  3.34  2.04  1.28     3.15  1.66  3.87  4.03  3.04
 15   60     1.40  2.24  3.26  3.86  3.70  3.58  3.44  3.95  3.53  3.26  2.02  1.26     2.96  1.64  3.61  3.65  2.93
 15   70     1.37  2.18  3.07  3.50  3.25  3.12  3.02  3.51  3.25  3.10  1.95  1.23     2.71  1.59  3.27  3.22  2.77
 15   80     1.31  2.08  2.82  3.06  2.78  2.64  2.57  3.03  2.92  2.87  1.85  1.17     2.42  1.52  2.88  2.75  2.54
 15   90     1.24  1.96  2.52  2.59  2.27  2.15  2.11  2.51  2.52  2.59  1.71  1.09     2.10  1.43  2.46  2.26  2.27
 30   10     1.27  2.03  3.23  4.43  4.80  4.87  4.57  4.82  3.73  2.90  1.68  1.11     3.29  1.47  4.15  4.75  2.77
 30   20     1.33  2.12  3.35  4.48  4.75  4.78  4.50  4.84  3.84  3.09  1.80  1.17     3.34  1.54  4.19  4.71  2.91
 30   30     1.36  2.19  3.40  4.44  4.62  4.60  4.34  4.75  3.86  3.20  1.89  1.21     3.32  1.59  4.15  4.57  2.98
 30   40     1.38  2.21  3.39  4.33  4.40  4.35  4.12  4.59  3.81  3.25  1.94  1.24     3.25  1.61  4.04  4.35  3.00
 30   50     1.38  2.21  3.31  4.12  4.11  4.02  3.83  4.32  3.67  3.22  1.95  1.24     3.11  1.61  3.85  4.06  2.95
 30   60     1.35  2.17  3.17  3.83  3.75  3.64  3.48  3.99  3.47  3.13  1.91  1.21     2.92  1.58  3.58  3.71  2.83
 30   70     1.31  2.10  2.98  3.48  3.34  3.21  3.09  3.59  3.20  2.96  1.84  1.17     2.69  1.53  3.27  3.29  2.67
 30   80     1.26  2.00  2.73  3.07  2.90  2.77  2.67  3.14  2.88  2.73  1.73  1.11     2.42  1.45  2.90  2.86  2.44
 30   90     1.18  1.87  2.44  2.64  2.43  2.32  2.25  2.66  2.50  2.45  1.59  1.03     2.11  1.36  2.51  2.41  2.18
 45   10     1.26  2.01  3.19  4.39  4.79  4.87  4.56  4.80  3.70  2.86  1.65  1.09     3.26  1.45  4.13  4.75  2.73
 45   20     1.30  2.08  3.28  4.42  4.74  4.78  4.49  4.81  3.77  3.00  1.74  1.14     3.29  1.50  4.15  4.69  2.84
 45   30     1.32  2.12  3.31  4.37  4.61  4.61  4.34  4.72  3.77  3.08  1.80  1.17     3.27  1.53  4.10  4.56  2.88
 45   40     1.32  2.13  3.27  4.24  4.40  4.37  4.12  4.55  3.70  3.09  1.82  1.18     3.18  1.54  3.97  4.35  2.87
 45   50     1.31  2.10  3.19  4.04  4.13  4.07  3.85  4.32  3.57  3.04  1.81  1.16     3.05  1.53  3.79  4.08  2.81
 45   60     1.28  2.05  3.04  3.76  3.79  3.70  3.52  3.99  3.37  2.93  1.76  1.13     2.86  1.49  3.53  3.74  2.69
 45   70     1.23  1.98  2.85  3.44  3.42  3.32  3.16  3.63  3.10  2.76  1.68  1.08     2.64  1.43  3.23  3.37  2.52
 45   80     1.17  1.88  2.62  3.06  3.00  2.90  2.78  3.22  2.81  2.54  1.57  1.02     2.38  1.35  2.90  2.97  2.30
 45   90     1.10  1.75  2.34  2.67  2.59  2.49  2.39  2.79  2.46  2.28  1.43  0.94     2.10  1.26  2.54  2.56  2.06
 60   10     1.24  1.98  3.15  4.35  4.77  4.86  4.55  4.78  3.65  2.79  1.61  1.07     3.23  1.43  4.09  4.73  2.68
 60   20     1.26  2.02  3.19  4.34  4.71  4.77  4.47  4.75  3.69  2.88  1.66  1.10     3.24  1.46  4.08  4.66  2.74
 60   30     1.26  2.03  3.19  4.27  4.58  4.60  4.32  4.66  3.65  2.91  1.69  1.11     3.19  1.47  4.01  4.53  2.75
 60   40     1.25  2.01  3.13  4.13  4.37  4.37  4.11  4.50  3.57  2.89  1.69  1.10     3.09  1.45  3.88  4.32  2.71
 60   50     1.22  1.98  3.02  3.92  4.12  4.08  3.85  4.25  3.42  2.82  1.65  1.07     2.95  1.43  3.69  4.06  2.63
 60   60     1.18  1.92  2.88  3.66  3.81  3.75  3.55  3.97  3.22  2.69  1.59  1.03     2.77  1.38  3.45  3.76  2.50
 60   70     1.13  1.83  2.68  3.34  3.45  3.38  3.20  3.62  2.97  2.53  1.50  0.98     2.55  1.31  3.16  3.40  2.33
 60   80     1.07  1.74  2.47  3.01  3.09  3.00  2.85  3.26  2.69  2.31  1.39  0.91     2.31  1.24  2.86  3.04  2.13
 60   90     1.00  1.62  2.22  2.64  2.70  2.62  2.49  2.86  2.38  2.08  1.25  0.83     2.06  1.15  2.52  2.66  1.91
 75   10     1.22  1.94  3.10  4.30  4.75  4.85  4.53  4.74  3.60  2.72  1.56  1.05     3.20  1.40  4.05  4.71  2.63
 75   20     1.22  1.95  3.09  4.25  4.67  4.75  4.44  4.69  3.58  2.74  1.57  1.05     3.17  1.40  4.00  4.62  2.63
 75   30     1.20  1.93  3.04  4.14  4.53  4.58  4.29  4.56  3.51  2.72  1.56  1.04     3.09  1.39  3.90  4.47  2.60
 75   40     1.17  1.89  2.96  3.98  4.32  4.35  4.08  4.39  3.39  2.66  1.53  1.01     2.98  1.36  3.75  4.27  2.53
 75   50     1.13  1.84  2.83  3.76  4.06  4.06  3.82  4.16  3.23  2.56  1.48  0.98     2.83  1.31  3.55  4.01  2.43
 75   60     1.09  1.77  2.68  3.50  3.77  3.75  3.52  3.87  3.03  2.42  1.40  0.93     2.64  1.26  3.32  3.72  2.28
 75   70     1.03  1.69  2.50  3.22  3.45  3.41  3.21  3.56  2.80  2.26  1.31  0.87     2.44  1.20  3.05  3.40  2.13
 75   80     0.97  1.59  2.29  2.89  3.09  3.05  2.87  3.21  2.53  2.07  1.20  0.80     2.21  1.12  2.76  3.04  1.94
 75   90     0.91  1.50  2.08  2.57  2.74  2.69  2.53  2.86  2.27  1.86  1.08  0.73     1.98  1.04  2.46  2.69  1.73
 90   10     1.20  1.90  3.04  4.25  4.72  4.84  4.52  4.70  3.54  2.64  1.51  1.02     3.15  1.37  4.00  4.68  2.56
 90   20     1.17  1.87  2.97  4.15  4.62  4.72  4.41  4.60  3.46  2.59  1.48  1.00     3.09  1.35  3.91  4.58  2.51
 90   30     1.14  1.82  2.88  3.99  4.45  4.54  4.24  4.45  3.35  2.51  1.43  0.97     2.98  1.31  3.77  4.41  2.43
 90   40     1.09  1.76  2.77  3.79  4.24  4.30  4.02  4.24  3.19  2.41  1.37  0.93     2.84  1.26  3.60  4.19  2.33
 90   50     1.04  1.70  2.62  3.57  3.98  4.02  3.76  4.01  3.02  2.28  1.30  0.88     2.68  1.21  3.39  3.93  2.20
 90   60     0.99  1.62  2.46  3.31  3.68  3.70  3.46  3.73  2.81  2.15  1.22  0.82     2.50  1.15  3.15  3.63  2.06
 90   70     0.94  1.54  2.29  3.02  3.37  3.38  3.15  3.42  2.58  1.98  1.13  0.77     2.30  1.09  2.89  3.32  1.89
 90   80     0.88  1.45  2.10  2.74  3.04  3.04  2.84  3.11  2.35  1.81  1.03  0.71     2.09  1.01  2.63  3.00  1.73
 90   90     0.83  1.38  1.91  2.43  2.70  2.69  2.52  2.78  2.10  1.62  0.92  0.64     1.88  0.95  2.35  2.66  1.55
105   10     1.17  1.86  2.98  4.19  4.70  4.83  4.50  4.65  3.47  2.56  1.46  0.99     3.11  1.34  3.95  4.66  2.50
105   20     1.13  1.79  2.86  4.03  4.56  4.69  4.37  4.51  3.34  2.44  1.38  0.95     3.00  1.29  3.82  4.52  2.39
105   30     1.07  1.72  2.71  3.83  4.36  4.48  4.17  4.30  3.17  2.30  1.30  0.90     2.86  1.23  3.63  4.32  2.26
105   40     1.02  1.64  2.56  3.59  4.12  4.22  3.93  4.06  2.98  2.15  1.22  0.85     2.69  1.17  3.42  4.07  2.12
105   50     0.97  1.56  2.40  3.33  3.84  3.93  3.66  3.80  2.77  2.01  1.13  0.80     2.52  1.11  3.19  3.79  1.97
105   60     0.92  1.48  2.23  3.07  3.54  3.61  3.36  3.52  2.56  1.85  1.05  0.74     2.33  1.05  2.95  3.50  1.82
105   70     0.87  1.41  2.06  2.80  3.22  3.28  3.05  3.22  2.35  1.70  0.96  0.69     2.13  0.99  2.69  3.18  1.67
105   80     0.82  1.34  1.90  2.51  2.91  2.95  2.74  2.91  2.12  1.55  0.88  0.63     1.94  0.93  2.44  2.87  1.51
105   90     0.77  1.27  1.72  2.25  2.61  2.63  2.45  2.62  1.91  1.40  0.79  0.57     1.75  0.87  2.19  2.56  1.36
120   10     1.15  1.83  2.92  4.14  4.67  4.81  4.49  4.60  3.41  2.49  1.41  0.97     3.07  1.31  3.91  4.63  2.44
120   20     1.08  1.72  2.74  3.92  4.50  4.65  4.33  4.41  3.22  2.29  1.29  0.90     2.92  1.24  3.72  4.46  2.27
120   30     1.02  1.62  2.55  3.65  4.26  4.42  4.11  4.15  2.99  2.09  1.18  0.84     2.74  1.16  3.49  4.22  2.09
120   40     0.96  1.52  2.35  3.36  3.97  4.12  3.83  3.86  2.75  1.90  1.07  0.78     2.54  1.09  3.23  3.94  1.91
120   50     0.91  1.44  2.17  3.07  3.66  3.80  3.53  3.55  2.52  1.73  0.99  0.73     2.34  1.02  2.97  3.63  1.74
120   60     0.86  1.37  2.00  2.78  3.34  3.46  3.21  3.25  2.29  1.57  0.91  0.68     2.14  0.97  2.71  3.31  1.59
120   70     0.82  1.30  1.84  2.52  3.03  3.13  2.90  2.95  2.08  1.44  0.83  0.63     1.96  0.92  2.46  3.00  1.45
120   80     0.78  1.24  1.69  2.27  2.72  2.80  2.60  2.67  1.88  1.30  0.76  0.58     1.78  0.87  2.23  2.69  1.31
120   90     0.74  1.19  1.55  2.03  2.44  2.50  2.31  2.40  1.70  1.19  0.69  0.54     1.61  0.82  2.00  2.40  1.19
135   10     1.13  1.79  2.87  4.09  4.65  4.80  4.47  4.56  3.36  2.42  1.37  0.95     3.04  1.29  3.87  4.61  2.38
135   20     1.05  1.66  2.64  3.82  4.45  4.63  4.30  4.32  3.11  2.15  1.21  0.86     2.85  1.19  3.63  4.42  2.16
135   30     0.97  1.53  2.39  3.49  4.17  4.36  4.04  4.01  2.82  1.89  1.07  0.78     2.63  1.10  3.35  4.14  1.93
135   40     0.91  1.42  2.16  3.14  3.83  4.03  3.73  3.65  2.52  1.66  0.95  0.73     2.39  1.02  3.04  3.80  1.71
135   50     0.87  1.33  1.95  2.80  3.46  3.66  3.38  3.28  2.25  1.47  0.87  0.68     2.17  0.96  2.73  3.44  1.53
135   60     0.84  1.27  1.78  2.49  3.10  3.27  3.03  2.93  2.01  1.33  0.80  0.64     1.96  0.92  2.46  3.08  1.38
135   70     0.80  1.22  1.63  2.23  2.78  2.93  2.71  2.63  1.82  1.21  0.74  0.60     1.77  0.88  2.21  2.76  1.25
135   80     0.77  1.18  1.50  2.00  2.49  2.61  2.42  2.37  1.64  1.10  0.68  0.56     1.61  0.84  2.00  2.46  1.14
135   90     0.74  1.14  1.40  1.79  2.23  2.32  2.15  2.14  1.48  1.01  0.63  0.52     1.46  0.80  1.80  2.20  1.04
150   10     1.12  1.77  2.83  4.05  4.63  4.80  4.46  4.53  3.32  2.37  1.34  0.93     3.01  1.27  3.84  4.60  2.34
150   20     1.02  1.61  2.56  3.74  4.41  4.61  4.28  4.25  3.01  2.04  1.15  0.83     2.79  1.15  3.57  4.38  2.07
150   30     0.94  1.45  2.26  3.36  4.10  4.33  4.00  3.89  2.67  1.72  0.97  0.74     2.54  1.04  3.24  4.08  1.79
150   40     0.89  1.33  1.97  2.94  3.71  3.97  3.66  3.46  2.31  1.44  0.86  0.69     2.27  0.97  2.87  3.70  1.53
150   50     0.86  1.25  1.74  2.53  3.27  3.54  3.25  3.00  1.99  1.24  0.79  0.67     2.01  0.93  2.51  3.27  1.34
150   60     0.84  1.21  1.58  2.19  2.84  3.08  2.84  2.60  1.75  1.12  0.75  0.63     1.78  0.89  2.20  2.84  1.21
150   70     0.81  1.18  1.46  1.92  2.49  2.68  2.48  2.29  1.57  1.04  0.70  0.60     1.60  0.86  1.96  2.49  1.10
150   80     0.78  1.15  1.36  1.73  2.21  2.37  2.19  2.06  1.43  0.96  0.65  0.56     1.45  0.83  1.77  2.21  1.02
150   90     0.75  1.12  1.28  1.57  1.98  2.11  1.96  1.86  1.30  0.90  0.60  0.52     1.33  0.80  1.61  1.98  0.94
165   10     1.11  1.76  2.80  4.03  4.61  4.79  4.45  4.51  3.29  2.34  1.32  0.92     3.00  1.26  3.82  4.59  2.31
165   20     1.00  1.58  2.50  3.70  4.38  4.61  4.26  4.21  2.96  1.97  1.10  0.81     2.76  1.13  3.53  4.36  2.01
165   30     0.91  1.40  2.17  3.29  4.05  4.33  3.98  3.82  2.57  1.59  0.90  0.72     2.48  1.01  3.17  4.04  1.69
165   40     0.88  1.26  1.83  2.82  3.65  3.96  3.63  3.35  2.15  1.25  0.82  0.69     2.19  0.95  2.77  3.65  1.41
165   50     0.86  1.23  1.56  2.31  3.18  3.53  3.21  2.83  1.75  1.08  0.79  0.67     1.92  0.92  2.35  3.19  1.20
165   60     0.84  1.20  1.43  1.89  2.66  3.03  2.75  2.27  1.50  1.01  0.75  0.63     1.66  0.89  1.99  2.69  1.09
165   70     0.81  1.17  1.35  1.66  2.19  2.50  2.27  1.95  1.37  0.96  0.70  0.60     1.46  0.86  1.73  2.24  1.01
165   80     0.78  1.15  1.28  1.51  1.94  2.16  1.98  1.75  1.27  0.91  0.65  0.56     1.33  0.83  1.58  1.96  0.94
165   90     0.75  1.12  1.21  1.40  1.75  1.93  1.77  1.62  1.19  0.85  0.60  0.52     1.23  0.79  1.45  1.77  0.88
180   10     1.11  1.75  2.79  4.03  4.61  4.79  4.45  4.50  3.29  2.32  1.31  0.92     2.99  1.26  3.81  4.58  2.31
180   20     1.00  1.57  2.48  3.69  4.36  4.61  4.25  4.19  2.94  1.94  1.09  0.80     2.74  1.12  3.51  4.35  1.99
180   30     0.90  1.38  2.13  3.27  4.03  4.33  3.97  3.79  2.54  1.54  0.87  0.72     2.46  1.00  3.15  4.03  1.65
180   40     0.88  1.25  1.76  2.80  3.62  3.97  3.62  3.32  2.10  1.14  0.82  0.69     2.16  0.94  2.73  3.63  1.36
180   50     0.86  1.23  1.44  2.28  3.15  3.53  3.20  2.78  1.63  1.05  0.79  0.67     1.88  0.92  2.29  3.17  1.16
180   60     0.84  1.20  1.38  1.73  2.62  3.04  2.73  2.21  1.36  1.01  0.75  0.63     1.62  0.89  1.91  2.66  1.04
180   70     0.81  1.17  1.33  1.52  2.06  2.50  2.22  1.76  1.28  0.96  0.70  0.60     1.41  0.86  1.64  2.16  0.98
180   80     0.78  1.15  1.26  1.42  1.81  2.08  1.88  1.60  1.21  0.91  0.65  0.56     1.27  0.83  1.50  1.85  0.92
180   90     0.75  1.12  1.20  1.33  1.65  1.86  1.70  1.49  1.14  0.85  0.60  0.52     1.18  0.79  1.39  1.68  0.86
             48.1  47.5  36.0  22.2  10.7   3.9   6.7  16.7  29.7  44.7  51.3  49.1     24.4  48.1  21.4   9.3  40.0
             1.43  2.30  3.49  4.53  4.80  4.89  4.58  4.86  3.93  3.40  2.07  1.29     3.46  1.68  4.23  4.76  3.11
             1.38  2.20  3.44  4.53  4.71  4.71  4.44  4.82  3.92  3.24  1.91  1.22     3.38  1.60  4.23  4.66  3.02
             1.04  1.05  1.01  1.00  1.02  1.04  1.03  1.01  1.00  1.05  1.08  1.06     1.03  1.05  1.01  1.03  1.05
             1.14  1.14  1.12  1.05  0.99  0.97  0.97  1.02  1.10  1.21  1.25  1.18     1.10  1.15  1.06  0.99  1.19
temperature   0.6   0.9   3.7   9.3  14.5  18.9  22.5  24.3  19.9  13.8   8.1   3.4     11.7   1.6   9.2  21.9  13.9
diffusedrad  0.98  1.43  1.85  2.19  2.49  2.67  2.59  2.29  1.91  1.44  1.00  0.80     1.80  1.07  2.18  2.52  1.45
snow10cm     0.54  0.58  0.15  0.00  0.00  0.00  0.00  0.00  0.00  0.00  0.03  0.16     0.12  0.43  0.05  0.00  0.01
