2 32616   象潟            39 13.3  139 54.1    5
             1.21  1.90  2.99  4.28  4.79  4.84  4.62  4.78  3.55  2.67  1.56  1.04     3.19  1.38  4.02  4.75  2.59
             1.46  2.48  3.37  5.04  5.92  5.72  6.08  5.98  4.17  3.13  1.89  1.25     3.41  1.58  4.44  5.35  2.86
             1.03  1.56  2.60  3.67  4.09  4.07  3.34  3.53  2.72  2.13  1.05  0.86     2.92  1.20  3.74  4.21  2.21
  0   10     1.30  2.01  3.18  4.44  4.82  4.84  4.62  4.90  3.75  2.94  1.74  1.13     3.30  1.48  4.14  4.78  2.81
  0   20     1.37  2.11  3.31  4.51  4.77  4.74  4.54  4.91  3.87  3.16  1.90  1.20     3.37  1.56  4.20  4.73  2.97
  0   30     1.42  2.18  3.38  4.48  4.63  4.55  4.38  4.83  3.90  3.31  2.01  1.26     3.36  1.62  4.16  4.59  3.08
  0   40     1.44  2.22  3.38  4.36  4.39  4.28  4.14  4.64  3.86  3.38  2.09  1.29     3.29  1.65  4.04  4.35  3.11
  0   50     1.45  2.23  3.31  4.14  4.08  3.94  3.82  4.35  3.73  3.38  2.12  1.30     3.15  1.66  3.84  4.04  3.07
  0   60     1.43  2.19  3.18  3.84  3.69  3.53  3.44  3.98  3.52  3.30  2.10  1.28     2.96  1.64  3.57  3.65  2.97
  0   70     1.39  2.13  2.99  3.47  3.23  3.06  3.01  3.53  3.24  3.14  2.04  1.25     2.71  1.59  3.23  3.20  2.81
  0   80     1.33  2.04  2.74  3.03  2.73  2.57  2.54  3.02  2.90  2.92  1.94  1.19     2.41  1.52  2.83  2.71  2.58
  0   90     1.25  1.91  2.44  2.54  2.21  2.07  2.06  2.46  2.50  2.63  1.79  1.11     2.08  1.42  2.40  2.20  2.31
 15   10     1.29  2.00  3.17  4.43  4.82  4.84  4.62  4.90  3.74  2.93  1.73  1.12     3.30  1.47  4.14  4.78  2.80
 15   20     1.36  2.10  3.30  4.50  4.77  4.74  4.54  4.92  3.85  3.14  1.88  1.20     3.36  1.55  4.19  4.73  2.96
 15   30     1.41  2.17  3.36  4.47  4.63  4.56  4.38  4.83  3.89  3.28  1.99  1.25     3.35  1.61  4.15  4.59  3.05
 15   40     1.43  2.20  3.35  4.35  4.40  4.29  4.14  4.64  3.84  3.34  2.06  1.28     3.28  1.64  4.03  4.36  3.08
 15   50     1.43  2.20  3.28  4.13  4.08  3.95  3.83  4.36  3.71  3.33  2.08  1.28     3.14  1.64  3.83  4.05  3.04
 15   60     1.41  2.17  3.15  3.84  3.70  3.55  3.46  4.00  3.50  3.25  2.06  1.27     2.95  1.62  3.57  3.67  2.94
 15   70     1.37  2.10  2.96  3.48  3.26  3.10  3.04  3.55  3.23  3.09  1.99  1.23     2.70  1.57  3.23  3.23  2.77
 15   80     1.31  2.01  2.71  3.04  2.78  2.62  2.58  3.06  2.89  2.86  1.89  1.17     2.41  1.50  2.84  2.75  2.55
 15   90     1.23  1.88  2.42  2.58  2.27  2.14  2.12  2.53  2.50  2.57  1.74  1.09     2.09  1.40  2.42  2.26  2.27
 30   10     1.28  1.99  3.15  4.41  4.82  4.83  4.61  4.89  3.72  2.90  1.71  1.11     3.29  1.46  4.13  4.78  2.78
 30   20     1.34  2.07  3.26  4.46  4.77  4.74  4.54  4.91  3.81  3.08  1.84  1.18     3.33  1.53  4.16  4.73  2.91
 30   30     1.38  2.13  3.31  4.42  4.63  4.56  4.38  4.82  3.83  3.19  1.93  1.22     3.32  1.57  4.12  4.59  2.98
 30   40     1.39  2.15  3.29  4.30  4.41  4.31  4.16  4.65  3.78  3.24  1.98  1.24     3.24  1.59  4.00  4.37  3.00
 30   50     1.39  2.14  3.21  4.09  4.12  3.99  3.86  4.38  3.65  3.21  1.99  1.24     3.10  1.59  3.81  4.07  2.95
 30   60     1.36  2.10  3.06  3.81  3.76  3.61  3.51  4.04  3.44  3.12  1.95  1.22     2.92  1.56  3.54  3.72  2.84
 30   70     1.32  2.03  2.87  3.46  3.34  3.19  3.11  3.63  3.17  2.95  1.88  1.17     2.68  1.51  3.23  3.31  2.67
 30   80     1.25  1.93  2.63  3.05  2.90  2.75  2.69  3.18  2.85  2.72  1.76  1.11     2.40  1.43  2.86  2.87  2.44
 30   90     1.18  1.80  2.34  2.63  2.44  2.30  2.27  2.69  2.48  2.44  1.62  1.03     2.10  1.34  2.47  2.42  2.18
 45   10     1.27  1.97  3.12  4.38  4.80  4.83  4.60  4.87  3.68  2.85  1.68  1.10     3.26  1.44  4.10  4.77  2.74
 45   20     1.31  2.03  3.20  4.40  4.75  4.74  4.53  4.87  3.75  2.99  1.77  1.14     3.29  1.49  4.12  4.71  2.84
 45   30     1.33  2.06  3.21  4.36  4.62  4.57  4.38  4.79  3.75  3.07  1.83  1.17     3.26  1.52  4.06  4.58  2.88
 45   40     1.33  2.07  3.18  4.22  4.41  4.33  4.16  4.61  3.68  3.08  1.86  1.18     3.17  1.53  3.94  4.37  2.87
 45   50     1.32  2.04  3.09  4.02  4.14  4.03  3.88  4.37  3.54  3.03  1.85  1.17     3.04  1.51  3.75  4.10  2.81
 45   60     1.28  1.99  2.94  3.74  3.80  3.67  3.55  4.05  3.34  2.92  1.80  1.14     2.85  1.47  3.49  3.76  2.69
 45   70     1.23  1.91  2.75  3.42  3.43  3.29  3.19  3.68  3.08  2.75  1.72  1.09     2.63  1.41  3.20  3.39  2.52
 45   80     1.16  1.81  2.51  3.04  3.01  2.88  2.80  3.26  2.78  2.53  1.60  1.02     2.37  1.33  2.86  2.98  2.30
 45   90     1.08  1.69  2.25  2.65  2.60  2.47  2.40  2.83  2.44  2.27  1.45  0.94     2.09  1.24  2.50  2.56  2.05
 60   10     1.25  1.94  3.07  4.34  4.79  4.82  4.59  4.84  3.63  2.79  1.63  1.07     3.23  1.42  4.07  4.75  2.69
 60   20     1.27  1.97  3.11  4.33  4.73  4.73  4.51  4.82  3.67  2.88  1.69  1.10     3.23  1.45  4.05  4.68  2.74
 60   30     1.27  1.98  3.10  4.25  4.59  4.56  4.36  4.72  3.63  2.90  1.72  1.11     3.18  1.45  3.98  4.55  2.75
 60   40     1.26  1.96  3.04  4.11  4.39  4.33  4.15  4.56  3.54  2.89  1.72  1.10     3.09  1.44  3.85  4.34  2.72
 60   50     1.23  1.92  2.93  3.90  4.13  4.05  3.88  4.31  3.39  2.81  1.68  1.08     2.94  1.41  3.65  4.08  2.63
 60   60     1.19  1.86  2.78  3.64  3.82  3.72  3.58  4.02  3.20  2.69  1.62  1.04     2.76  1.36  3.41  3.77  2.50
 60   70     1.13  1.77  2.58  3.33  3.46  3.35  3.23  3.67  2.95  2.52  1.53  0.98     2.54  1.29  3.12  3.42  2.33
 60   80     1.06  1.68  2.37  3.00  3.09  2.98  2.87  3.30  2.67  2.31  1.41  0.91     2.30  1.22  2.82  3.05  2.13
 60   90     0.98  1.57  2.13  2.63  2.71  2.60  2.51  2.90  2.36  2.07  1.27  0.83     2.05  1.13  2.49  2.67  1.90
 75   10     1.23  1.90  3.02  4.29  4.76  4.81  4.58  4.80  3.58  2.72  1.59  1.05     3.19  1.39  4.03  4.73  2.63
 75   20     1.22  1.91  3.01  4.24  4.68  4.71  4.48  4.75  3.56  2.74  1.60  1.05     3.16  1.39  3.98  4.65  2.63
 75   30     1.21  1.88  2.96  4.12  4.54  4.54  4.33  4.63  3.49  2.72  1.59  1.04     3.09  1.38  3.88  4.50  2.60
 75   40     1.18  1.85  2.87  3.96  4.34  4.31  4.12  4.45  3.37  2.65  1.56  1.02     2.97  1.35  3.72  4.29  2.53
 75   50     1.13  1.79  2.75  3.75  4.08  4.03  3.85  4.22  3.21  2.56  1.50  0.98     2.82  1.30  3.52  4.03  2.42
 75   60     1.08  1.72  2.59  3.48  3.78  3.72  3.56  3.92  3.01  2.42  1.42  0.93     2.64  1.25  3.29  3.73  2.28
 75   70     1.02  1.64  2.41  3.20  3.46  3.38  3.24  3.61  2.78  2.26  1.33  0.87     2.43  1.18  3.02  3.41  2.12
 75   80     0.95  1.54  2.21  2.88  3.10  3.02  2.90  3.26  2.51  2.06  1.22  0.80     2.21  1.10  2.73  3.06  1.93
 75   90     0.89  1.45  1.99  2.56  2.75  2.66  2.55  2.90  2.25  1.85  1.10  0.73     1.97  1.02  2.43  2.70  1.73
 90   10     1.20  1.87  2.97  4.23  4.74  4.80  4.56  4.76  3.52  2.64  1.53  1.02     3.15  1.36  3.98  4.71  2.56
 90   20     1.18  1.83  2.90  4.13  4.63  4.68  4.45  4.66  3.45  2.59  1.50  1.00     3.08  1.34  3.89  4.60  2.51
 90   30     1.14  1.79  2.81  3.98  4.47  4.50  4.28  4.51  3.33  2.51  1.45  0.97     2.98  1.30  3.75  4.43  2.43
 90   40     1.09  1.72  2.69  3.77  4.25  4.26  4.05  4.30  3.18  2.41  1.39  0.93     2.84  1.25  3.57  4.21  2.33
 90   50     1.04  1.66  2.55  3.55  3.99  3.98  3.79  4.06  3.00  2.28  1.32  0.88     2.68  1.20  3.36  3.94  2.20
 90   60     0.99  1.58  2.39  3.29  3.69  3.67  3.50  3.78  2.80  2.14  1.24  0.83     2.49  1.13  3.12  3.65  2.06
 90   70     0.93  1.50  2.21  3.00  3.38  3.35  3.18  3.46  2.56  1.97  1.14  0.77     2.29  1.07  2.87  3.33  1.89
 90   80     0.86  1.41  2.02  2.72  3.05  3.01  2.87  3.15  2.34  1.81  1.04  0.71     2.08  1.00  2.60  3.01  1.73
 90   90     0.81  1.33  1.83  2.42  2.71  2.66  2.54  2.82  2.08  1.62  0.93  0.64     1.87  0.93  2.32  2.67  1.54
105   10     1.18  1.83  2.91  4.18  4.71  4.79  4.54  4.71  3.46  2.56  1.48  1.00     3.11  1.34  3.93  4.68  2.50
105   20     1.13  1.76  2.79  4.02  4.58  4.65  4.41  4.57  3.32  2.44  1.40  0.95     3.00  1.28  3.80  4.54  2.39
105   30     1.07  1.69  2.65  3.81  4.38  4.45  4.21  4.36  3.16  2.30  1.32  0.90     2.86  1.22  3.62  4.34  2.26
105   40     1.02  1.61  2.50  3.57  4.13  4.19  3.97  4.12  2.97  2.15  1.23  0.85     2.69  1.16  3.40  4.09  2.12
105   50     0.96  1.53  2.34  3.31  3.85  3.90  3.69  3.85  2.76  2.01  1.14  0.80     2.51  1.10  3.17  3.81  1.97
105   60     0.91  1.45  2.17  3.06  3.55  3.58  3.39  3.56  2.54  1.85  1.06  0.74     2.32  1.03  2.93  3.51  1.82
105   70     0.85  1.38  2.00  2.79  3.23  3.25  3.08  3.27  2.33  1.70  0.97  0.69     2.13  0.97  2.67  3.20  1.67
105   80     0.80  1.30  1.83  2.50  2.92  2.93  2.77  2.95  2.11  1.55  0.89  0.63     1.93  0.91  2.42  2.88  1.51
105   90     0.75  1.23  1.66  2.24  2.62  2.61  2.47  2.66  1.90  1.39  0.80  0.57     1.74  0.85  2.17  2.58  1.36
120   10     1.15  1.79  2.86  4.12  4.69  4.77  4.53  4.67  3.40  2.49  1.43  0.97     3.07  1.31  3.89  4.66  2.44
120   20     1.09  1.70  2.69  3.91  4.52  4.62  4.37  4.47  3.20  2.29  1.31  0.91     2.92  1.23  3.70  4.49  2.27
120   30     1.02  1.59  2.50  3.64  4.28  4.38  4.14  4.21  2.98  2.09  1.19  0.84     2.74  1.15  3.47  4.25  2.09
120   40     0.95  1.50  2.31  3.35  3.99  4.09  3.87  3.91  2.74  1.90  1.08  0.78     2.54  1.08  3.22  3.96  1.91
120   50     0.90  1.41  2.12  3.06  3.67  3.77  3.56  3.60  2.51  1.73  1.00  0.73     2.34  1.01  2.95  3.64  1.74
120   60     0.85  1.34  1.95  2.78  3.35  3.44  3.24  3.29  2.29  1.58  0.91  0.68     2.14  0.95  2.69  3.32  1.59
120   70     0.80  1.27  1.79  2.51  3.04  3.10  2.93  2.99  2.07  1.44  0.83  0.63     1.95  0.90  2.45  3.01  1.45
120   80     0.76  1.21  1.64  2.26  2.73  2.78  2.63  2.71  1.87  1.30  0.76  0.58     1.77  0.85  2.21  2.70  1.31
120   90     0.71  1.16  1.50  2.02  2.44  2.48  2.33  2.43  1.69  1.18  0.69  0.53     1.60  0.80  1.99  2.41  1.19
135   10     1.14  1.77  2.81  4.08  4.67  4.76  4.51  4.62  3.35  2.42  1.39  0.95     3.04  1.28  3.85  4.63  2.39
135   20     1.05  1.64  2.59  3.81  4.46  4.59  4.34  4.38  3.10  2.16  1.23  0.86     2.85  1.18  3.62  4.44  2.16
135   30     0.97  1.51  2.35  3.48  4.18  4.33  4.08  4.06  2.81  1.90  1.08  0.79     2.63  1.09  3.34  4.16  1.93
135   40     0.90  1.40  2.12  3.13  3.84  4.00  3.77  3.69  2.52  1.66  0.96  0.73     2.39  1.01  3.03  3.82  1.71
135   50     0.86  1.32  1.92  2.79  3.47  3.63  3.41  3.32  2.25  1.47  0.87  0.68     2.17  0.95  2.73  3.45  1.53
135   60     0.82  1.25  1.74  2.49  3.11  3.25  3.06  2.97  2.01  1.33  0.80  0.64     1.96  0.90  2.45  3.09  1.38
135   70     0.78  1.20  1.60  2.22  2.79  2.91  2.73  2.66  1.81  1.21  0.74  0.60     1.77  0.86  2.20  2.77  1.25
135   80     0.74  1.15  1.46  1.99  2.50  2.59  2.44  2.39  1.64  1.10  0.68  0.56     1.60  0.82  1.98  2.47  1.14
135   90     0.71  1.11  1.35  1.78  2.23  2.30  2.17  2.16  1.48  1.01  0.63  0.52     1.46  0.78  1.79  2.21  1.04
150   10     1.12  1.74  2.77  4.04  4.65  4.76  4.50  4.59  3.31  2.37  1.36  0.94     3.01  1.27  3.82  4.62  2.34
150   20     1.02  1.59  2.51  3.73  4.42  4.58  4.32  4.30  3.01  2.05  1.16  0.83     2.79  1.15  3.56  4.40  2.07
150   30     0.93  1.44  2.23  3.36  4.11  4.30  4.04  3.94  2.67  1.72  0.98  0.74     2.54  1.04  3.23  4.09  1.79
150   40     0.87  1.32  1.95  2.94  3.72  3.95  3.69  3.50  2.31  1.44  0.86  0.69     2.27  0.96  2.87  3.71  1.54
150   50     0.84  1.24  1.72  2.53  3.28  3.52  3.28  3.04  1.99  1.25  0.80  0.67     2.01  0.92  2.51  3.28  1.34
150   60     0.81  1.20  1.56  2.19  2.85  3.06  2.86  2.63  1.75  1.13  0.75  0.63     1.78  0.88  2.20  2.85  1.21
150   70     0.78  1.16  1.44  1.92  2.50  2.67  2.50  2.31  1.57  1.04  0.70  0.60     1.60  0.85  1.95  2.50  1.10
150   80     0.75  1.13  1.33  1.73  2.22  2.36  2.21  2.07  1.43  0.97  0.65  0.56     1.45  0.81  1.76  2.21  1.02
150   90     0.71  1.09  1.25  1.57  1.99  2.09  1.97  1.88  1.30  0.90  0.60  0.52     1.32  0.77  1.60  1.98  0.94
165   10     1.11  1.73  2.75  4.02  4.63  4.76  4.50  4.57  3.28  2.34  1.34  0.92     3.00  1.25  3.80  4.61  2.32
165   20     1.00  1.56  2.46  3.69  4.40  4.57  4.30  4.26  2.95  1.98  1.11  0.81     2.76  1.12  3.52  4.38  2.01
165   30     0.90  1.39  2.14  3.28  4.07  4.30  4.02  3.87  2.57  1.60  0.91  0.72     2.48  1.00  3.17  4.06  1.69
165   40     0.87  1.25  1.81  2.82  3.67  3.94  3.66  3.39  2.15  1.26  0.82  0.69     2.19  0.94  2.77  3.67  1.41
165   50     0.84  1.22  1.55  2.31  3.20  3.51  3.24  2.86  1.76  1.08  0.79  0.67     1.92  0.91  2.35  3.20  1.21
165   60     0.81  1.19  1.42  1.89  2.67  3.02  2.77  2.29  1.51  1.02  0.75  0.63     1.66  0.88  1.99  2.69  1.09
165   70     0.78  1.16  1.33  1.66  2.20  2.49  2.28  1.95  1.37  0.97  0.70  0.60     1.46  0.85  1.73  2.24  1.01
165   80     0.75  1.13  1.26  1.51  1.94  2.15  1.99  1.76  1.27  0.91  0.65  0.56     1.32  0.81  1.57  1.97  0.95
165   90     0.71  1.09  1.19  1.40  1.76  1.92  1.78  1.62  1.19  0.85  0.60  0.52     1.22  0.77  1.45  1.77  0.88
180   10     1.11  1.73  2.74  4.02  4.62  4.76  4.49  4.56  3.27  2.33  1.33  0.92     2.99  1.25  3.79  4.60  2.31
180   20     0.99  1.55  2.44  3.68  4.38  4.57  4.29  4.24  2.94  1.95  1.10  0.80     2.74  1.11  3.50  4.37  1.99
180   30     0.89  1.37  2.11  3.27  4.05  4.30  4.01  3.84  2.54  1.54  0.88  0.72     2.46  0.99  3.14  4.05  1.65
180   40     0.87  1.24  1.75  2.80  3.64  3.94  3.65  3.35  2.11  1.15  0.82  0.69     2.17  0.93  2.73  3.65  1.36
180   50     0.84  1.22  1.43  2.28  3.16  3.51  3.23  2.81  1.64  1.06  0.79  0.67     1.89  0.91  2.29  3.18  1.16
180   60     0.81  1.19  1.38  1.73  2.63  3.02  2.75  2.22  1.36  1.01  0.75  0.63     1.63  0.88  1.91  2.67  1.04
180   70     0.78  1.16  1.31  1.52  2.07  2.49  2.24  1.76  1.29  0.96  0.70  0.60     1.41  0.85  1.64  2.16  0.98
180   80     0.75  1.13  1.25  1.42  1.81  2.07  1.89  1.61  1.22  0.91  0.65  0.56     1.27  0.81  1.49  1.86  0.93
180   90     0.71  1.09  1.18  1.33  1.65  1.85  1.70  1.49  1.14  0.85  0.60  0.52     1.18  0.77  1.38  1.68  0.86
             47.3  46.2  35.0  22.1  10.5   3.8   6.6  16.6  29.4  44.5  51.5  48.9     24.1  47.3  20.9   9.3  39.9
             1.45  2.23  3.39  4.51  4.82  4.85  4.62  4.92  3.90  3.39  2.12  1.30     3.46  1.66  4.20  4.78  3.11
             1.39  2.14  3.35  4.51  4.73  4.68  4.49  4.89  3.89  3.23  1.95  1.23     3.37  1.59  4.19  4.68  3.02
             1.04  1.04  1.01  1.00  1.02  1.04  1.03  1.01  1.00  1.05  1.09  1.06     1.03  1.05  1.01  1.02  1.05
             1.15  1.13  1.12  1.05  0.99  0.96  0.97  1.02  1.10  1.21  1.25  1.18     1.09  1.15  1.05  0.99  1.19
temperature   2.2   2.2   4.8  10.0  14.8  19.0  22.8  24.9  21.0  15.4   9.9   5.1     12.7   3.2   9.9  22.2  15.4
diffusedrad  0.97  1.42  1.85  2.19  2.49  2.67  2.59  2.29  1.91  1.44  1.01  0.80     1.80  1.06  2.17  2.52  1.45
snow10cm     0.44  0.55  0.12  0.00  0.00  0.00  0.00  0.00  0.00  0.00  0.01  0.15     0.11  0.38  0.04  0.00  0.01
