2 32771   湯の岱          38 57.6  140 31.7  335
             1.27  1.98  2.95  4.05  4.50  4.66  4.27  4.30  3.17  2.43  1.47  1.09     3.01  1.45  3.84  4.41  2.36
             1.64  2.41  3.25  4.92  5.35  5.44  5.18  5.16  3.71  2.82  1.70  1.37     3.21  1.65  4.34  4.99  2.68
             1.08  1.68  2.37  3.42  3.71  3.74  3.22  3.27  2.44  1.98  1.06  0.93     2.80  1.32  3.45  3.84  2.01
  0   10     1.35  2.08  3.11  4.19  4.53  4.65  4.27  4.37  3.32  2.64  1.62  1.18     3.11  1.54  3.94  4.43  2.53
  0   20     1.42  2.19  3.24  4.25  4.48  4.56  4.20  4.38  3.40  2.81  1.75  1.26     3.16  1.62  3.99  4.38  2.65
  0   30     1.47  2.26  3.32  4.23  4.34  4.38  4.05  4.30  3.42  2.91  1.84  1.32     3.15  1.68  3.96  4.24  2.72
  0   40     1.50  2.31  3.36  4.13  4.12  4.12  3.84  4.13  3.37  2.96  1.90  1.36     3.09  1.73  3.87  4.03  2.74
  0   50     1.52  2.34  3.35  3.95  3.83  3.79  3.55  3.88  3.24  2.94  1.92  1.38     2.97  1.75  3.71  3.74  2.70
  0   60     1.52  2.33  3.30  3.70  3.47  3.40  3.21  3.55  3.06  2.85  1.89  1.38     2.81  1.74  3.49  3.39  2.60
  0   70     1.50  2.30  3.21  3.38  3.05  2.96  2.82  3.16  2.81  2.71  1.84  1.35     2.59  1.72  3.21  2.98  2.45
  0   80     1.47  2.23  3.07  3.01  2.59  2.50  2.40  2.72  2.52  2.51  1.74  1.31     2.34  1.67  2.89  2.54  2.25
  0   90     1.42  2.15  2.90  2.60  2.12  2.02  1.97  2.25  2.18  2.26  1.61  1.24     2.06  1.60  2.54  2.08  2.02
 15   10     1.35  2.08  3.11  4.18  4.53  4.65  4.27  4.37  3.31  2.63  1.62  1.17     3.10  1.53  3.94  4.43  2.52
 15   20     1.41  2.17  3.23  4.24  4.47  4.55  4.20  4.37  3.39  2.79  1.74  1.25     3.15  1.61  3.98  4.37  2.64
 15   30     1.46  2.25  3.30  4.22  4.34  4.38  4.05  4.29  3.41  2.89  1.82  1.31     3.14  1.67  3.96  4.24  2.71
 15   40     1.49  2.29  3.34  4.12  4.13  4.13  3.84  4.12  3.35  2.93  1.87  1.35     3.08  1.71  3.86  4.03  2.72
 15   50     1.51  2.31  3.33  3.94  3.84  3.81  3.56  3.88  3.23  2.90  1.89  1.37     2.96  1.73  3.70  3.75  2.67
 15   60     1.50  2.31  3.27  3.69  3.49  3.43  3.22  3.56  3.04  2.81  1.86  1.36     2.80  1.72  3.48  3.40  2.57
 15   70     1.48  2.27  3.18  3.38  3.08  3.00  2.84  3.18  2.80  2.67  1.80  1.34     2.58  1.70  3.21  3.00  2.42
 15   80     1.45  2.21  3.04  3.02  2.63  2.54  2.43  2.75  2.51  2.46  1.70  1.29     2.34  1.65  2.90  2.58  2.23
 15   90     1.39  2.12  2.87  2.63  2.17  2.09  2.02  2.29  2.18  2.21  1.57  1.22     2.06  1.58  2.56  2.13  1.99
 30   10     1.34  2.06  3.09  4.16  4.52  4.65  4.26  4.35  3.29  2.61  1.60  1.16     3.09  1.52  3.92  4.42  2.50
 30   20     1.39  2.15  3.19  4.21  4.47  4.56  4.19  4.35  3.36  2.75  1.70  1.23     3.13  1.59  3.96  4.37  2.60
 30   30     1.43  2.21  3.25  4.17  4.34  4.39  4.05  4.26  3.36  2.82  1.77  1.28     3.11  1.64  3.92  4.23  2.65
 30   40     1.46  2.25  3.28  4.08  4.14  4.15  3.85  4.10  3.30  2.84  1.81  1.31     3.05  1.67  3.83  4.03  2.65
 30   50     1.47  2.25  3.26  3.90  3.86  3.84  3.57  3.86  3.17  2.81  1.81  1.32     2.93  1.68  3.67  3.76  2.60
 30   60     1.46  2.24  3.19  3.66  3.53  3.48  3.26  3.56  2.99  2.71  1.77  1.31     2.76  1.67  3.46  3.43  2.49
 30   70     1.43  2.20  3.10  3.37  3.15  3.07  2.89  3.20  2.75  2.55  1.71  1.28     2.56  1.64  3.20  3.05  2.34
 30   80     1.39  2.13  2.96  3.02  2.73  2.66  2.52  2.80  2.47  2.35  1.60  1.23     2.32  1.58  2.91  2.66  2.14
 30   90     1.34  2.04  2.80  2.66  2.31  2.23  2.13  2.38  2.15  2.10  1.47  1.16     2.07  1.51  2.59  2.25  1.91
 45   10     1.33  2.04  3.06  4.14  4.51  4.64  4.25  4.33  3.27  2.57  1.57  1.15     3.07  1.50  3.90  4.41  2.47
 45   20     1.37  2.11  3.14  4.16  4.46  4.55  4.18  4.31  3.31  2.67  1.65  1.20     3.09  1.56  3.92  4.35  2.54
 45   30     1.39  2.15  3.18  4.12  4.33  4.39  4.04  4.22  3.29  2.72  1.70  1.23     3.06  1.59  3.88  4.22  2.57
 45   40     1.40  2.17  3.18  4.00  4.14  4.16  3.84  4.05  3.22  2.72  1.71  1.25     2.99  1.61  3.77  4.02  2.55
 45   50     1.40  2.16  3.15  3.83  3.88  3.87  3.59  3.82  3.09  2.66  1.69  1.25     2.87  1.60  3.62  3.76  2.48
 45   60     1.38  2.13  3.08  3.60  3.56  3.53  3.28  3.52  2.90  2.55  1.65  1.23     2.70  1.58  3.41  3.45  2.37
 45   70     1.35  2.09  2.98  3.32  3.21  3.17  2.95  3.19  2.67  2.40  1.57  1.19     2.51  1.54  3.17  3.11  2.21
 45   80     1.31  2.02  2.86  3.01  2.83  2.78  2.60  2.82  2.41  2.19  1.46  1.14     2.29  1.49  2.90  2.73  2.02
 45   90     1.25  1.93  2.70  2.68  2.44  2.38  2.24  2.44  2.11  1.97  1.33  1.07     2.05  1.42  2.61  2.36  1.80
 60   10     1.31  2.02  3.02  4.10  4.50  4.63  4.24  4.30  3.23  2.52  1.54  1.13     3.04  1.48  3.87  4.39  2.43
 60   20     1.33  2.05  3.07  4.09  4.43  4.54  4.17  4.25  3.24  2.58  1.58  1.16     3.04  1.51  3.87  4.32  2.47
 60   30     1.34  2.07  3.08  4.03  4.31  4.38  4.03  4.15  3.20  2.59  1.60  1.17     3.00  1.53  3.80  4.19  2.46
 60   40     1.33  2.07  3.06  3.90  4.11  4.16  3.83  3.98  3.11  2.56  1.59  1.17     2.91  1.52  3.69  3.99  2.42
 60   50     1.31  2.05  3.01  3.73  3.87  3.89  3.58  3.74  2.96  2.48  1.56  1.16     2.78  1.51  3.53  3.74  2.33
 60   60     1.29  2.01  2.94  3.51  3.57  3.57  3.30  3.47  2.78  2.36  1.49  1.13     2.62  1.48  3.34  3.45  2.21
 60   70     1.25  1.96  2.84  3.24  3.24  3.22  2.98  3.15  2.56  2.21  1.41  1.08     2.43  1.43  3.11  3.12  2.06
 60   80     1.21  1.89  2.73  2.96  2.89  2.86  2.65  2.82  2.31  2.01  1.31  1.03     2.22  1.38  2.86  2.78  1.88
 60   90     1.16  1.81  2.60  2.65  2.53  2.50  2.32  2.47  2.05  1.80  1.18  0.96     2.00  1.31  2.59  2.43  1.68
 75   10     1.28  1.99  2.98  4.06  4.48  4.63  4.23  4.27  3.19  2.47  1.50  1.10     3.01  1.46  3.84  4.38  2.38
 75   20     1.28  1.99  2.98  4.01  4.40  4.53  4.14  4.19  3.16  2.47  1.50  1.11     2.98  1.46  3.80  4.29  2.38
 75   30     1.27  1.98  2.96  3.91  4.26  4.36  4.00  4.06  3.09  2.44  1.49  1.10     2.91  1.45  3.71  4.14  2.34
 75   40     1.25  1.96  2.92  3.78  4.06  4.14  3.80  3.88  2.98  2.37  1.46  1.09     2.81  1.43  3.59  3.94  2.27
 75   50     1.23  1.92  2.86  3.59  3.81  3.87  3.56  3.65  2.82  2.28  1.41  1.06     2.67  1.40  3.42  3.69  2.17
 75   60     1.19  1.88  2.78  3.37  3.54  3.57  3.28  3.37  2.63  2.15  1.33  1.02     2.51  1.36  3.23  3.41  2.04
 75   70     1.15  1.83  2.69  3.13  3.23  3.25  2.98  3.08  2.43  1.99  1.25  0.97     2.33  1.32  3.02  3.11  1.89
 75   80     1.11  1.76  2.58  2.86  2.89  2.90  2.67  2.76  2.19  1.82  1.15  0.92     2.13  1.26  2.78  2.78  1.72
 75   90     1.07  1.70  2.48  2.59  2.57  2.56  2.35  2.44  1.95  1.63  1.03  0.86     1.94  1.21  2.54  2.45  1.54
 90   10     1.26  1.95  2.94  4.01  4.45  4.61  4.22  4.23  3.14  2.41  1.45  1.07     2.98  1.43  3.80  4.35  2.33
 90   20     1.24  1.93  2.89  3.92  4.35  4.50  4.11  4.12  3.07  2.35  1.42  1.05     2.92  1.41  3.72  4.25  2.28
 90   30     1.21  1.89  2.84  3.79  4.20  4.33  3.95  3.95  2.96  2.28  1.38  1.03     2.82  1.38  3.61  4.08  2.21
 90   40     1.18  1.84  2.77  3.62  3.99  4.10  3.75  3.75  2.82  2.18  1.32  1.00     2.69  1.34  3.46  3.86  2.11
 90   50     1.14  1.80  2.69  3.43  3.74  3.83  3.50  3.51  2.65  2.06  1.25  0.96     2.55  1.30  3.29  3.61  1.99
 90   60     1.10  1.75  2.61  3.21  3.45  3.53  3.23  3.24  2.47  1.93  1.18  0.92     2.38  1.25  3.09  3.33  1.86
 90   70     1.07  1.70  2.52  2.96  3.16  3.21  2.94  2.95  2.26  1.77  1.09  0.87     2.21  1.21  2.88  3.03  1.70
 90   80     1.03  1.64  2.43  2.73  2.85  2.89  2.64  2.66  2.05  1.62  1.00  0.82     2.03  1.16  2.67  2.73  1.55
 90   90     0.99  1.59  2.35  2.47  2.53  2.56  2.34  2.35  1.82  1.44  0.90  0.77     1.84  1.12  2.45  2.42  1.39
105   10     1.24  1.92  2.89  3.97  4.43  4.60  4.20  4.19  3.09  2.34  1.41  1.05     2.94  1.40  3.76  4.33  2.28
105   20     1.20  1.86  2.81  3.83  4.30  4.47  4.08  4.04  2.98  2.23  1.34  1.00     2.85  1.35  3.65  4.20  2.18
105   30     1.15  1.80  2.71  3.65  4.12  4.28  3.90  3.84  2.83  2.11  1.26  0.96     2.72  1.30  3.49  4.00  2.07
105   40     1.11  1.74  2.61  3.45  3.88  4.03  3.68  3.60  2.66  1.98  1.19  0.92     2.57  1.25  3.31  3.77  1.94
105   50     1.07  1.68  2.52  3.23  3.62  3.75  3.42  3.34  2.47  1.84  1.11  0.87     2.41  1.21  3.12  3.50  1.80
105   60     1.03  1.63  2.43  3.00  3.33  3.44  3.14  3.06  2.28  1.70  1.03  0.83     2.24  1.16  2.92  3.22  1.67
105   70     1.00  1.58  2.35  2.78  3.03  3.13  2.85  2.78  2.08  1.55  0.94  0.79     2.07  1.12  2.72  2.92  1.53
105   80     0.97  1.54  2.28  2.54  2.74  2.81  2.56  2.49  1.87  1.41  0.87  0.75     1.90  1.09  2.52  2.62  1.38
105   90     0.94  1.50  2.21  2.32  2.45  2.50  2.28  2.22  1.68  1.27  0.79  0.70     1.74  1.05  2.33  2.34  1.24
120   10     1.22  1.89  2.85  3.92  4.41  4.59  4.19  4.16  3.05  2.29  1.37  1.02     2.91  1.38  3.73  4.31  2.23
120   20     1.16  1.80  2.72  3.74  4.25  4.44  4.05  3.96  2.89  2.12  1.26  0.96     2.78  1.30  3.57  4.15  2.09
120   30     1.10  1.71  2.58  3.51  4.03  4.22  3.85  3.72  2.69  1.95  1.16  0.90     2.62  1.24  3.37  3.93  1.93
120   40     1.05  1.63  2.46  3.26  3.76  3.94  3.59  3.44  2.49  1.78  1.06  0.85     2.44  1.18  3.16  3.66  1.77
120   50     1.01  1.57  2.34  3.01  3.47  3.64  3.31  3.14  2.28  1.62  0.98  0.80     2.26  1.13  2.94  3.36  1.63
120   60     0.98  1.53  2.26  2.77  3.17  3.31  3.02  2.85  2.08  1.48  0.91  0.77     2.09  1.09  2.73  3.06  1.49
120   70     0.96  1.49  2.19  2.55  2.87  2.99  2.73  2.57  1.88  1.35  0.83  0.73     1.93  1.06  2.53  2.76  1.35
120   80     0.94  1.46  2.13  2.34  2.57  2.68  2.44  2.31  1.70  1.22  0.77  0.70     1.77  1.03  2.35  2.48  1.23
120   90     0.92  1.44  2.08  2.14  2.30  2.39  2.17  2.05  1.52  1.11  0.70  0.67     1.62  1.01  2.17  2.20  1.11
135   10     1.20  1.86  2.81  3.88  4.39  4.58  4.18  4.13  3.01  2.23  1.33  1.00     2.88  1.35  3.69  4.29  2.19
135   20     1.13  1.74  2.64  3.65  4.21  4.42  4.02  3.90  2.80  2.01  1.19  0.92     2.72  1.26  3.50  4.11  2.00
135   30     1.05  1.63  2.47  3.38  3.95  4.18  3.79  3.61  2.56  1.79  1.06  0.84     2.53  1.18  3.27  3.86  1.81
135   40     1.01  1.54  2.31  3.08  3.63  3.87  3.51  3.28  2.32  1.59  0.96  0.79     2.32  1.11  3.01  3.55  1.62
135   50     0.98  1.48  2.18  2.79  3.29  3.51  3.19  2.94  2.08  1.42  0.88  0.76     2.13  1.07  2.75  3.21  1.46
135   60     0.96  1.45  2.10  2.53  2.96  3.15  2.87  2.61  1.87  1.29  0.81  0.73     1.94  1.04  2.53  2.88  1.32
135   70     0.94  1.42  2.04  2.31  2.65  2.82  2.56  2.33  1.69  1.17  0.76  0.70     1.78  1.02  2.33  2.57  1.21
135   80     0.93  1.41  2.00  2.11  2.37  2.51  2.29  2.08  1.52  1.06  0.70  0.68     1.64  1.00  2.16  2.29  1.10
135   90     0.92  1.40  1.98  1.95  2.12  2.23  2.04  1.86  1.37  0.97  0.65  0.65     1.51  0.99  2.01  2.04  1.00
150   10     1.19  1.84  2.78  3.85  4.37  4.58  4.17  4.10  2.98  2.19  1.31  0.98     2.86  1.34  3.67  4.28  2.16
150   20     1.10  1.70  2.58  3.59  4.17  4.41  4.00  3.85  2.74  1.93  1.14  0.88     2.67  1.23  3.45  4.09  1.94
150   30     1.02  1.57  2.37  3.27  3.89  4.15  3.76  3.53  2.46  1.66  0.98  0.80     2.46  1.13  3.18  3.81  1.70
150   40     0.98  1.47  2.18  2.92  3.54  3.81  3.45  3.14  2.16  1.42  0.88  0.76     2.23  1.07  2.88  3.47  1.49
150   50     0.97  1.42  2.03  2.57  3.13  3.41  3.09  2.73  1.89  1.25  0.81  0.74     2.00  1.04  2.58  3.08  1.32
150   60     0.96  1.40  1.95  2.28  2.73  2.98  2.71  2.37  1.67  1.13  0.77  0.72     1.81  1.03  2.32  2.69  1.19
150   70     0.95  1.40  1.92  2.06  2.40  2.60  2.38  2.08  1.50  1.04  0.73  0.70     1.65  1.01  2.13  2.35  1.09
150   80     0.94  1.39  1.90  1.89  2.13  2.30  2.10  1.85  1.37  0.96  0.68  0.68     1.52  1.00  1.98  2.08  1.00
150   90     0.93  1.39  1.91  1.77  1.91  2.04  1.87  1.66  1.24  0.89  0.63  0.65     1.41  0.99  1.86  1.86  0.92
165   10     1.18  1.83  2.76  3.84  4.36  4.57  4.16  4.09  2.96  2.17  1.29  0.97     2.85  1.33  3.65  4.28  2.14
165   20     1.08  1.68  2.54  3.55  4.15  4.40  3.99  3.83  2.70  1.88  1.10  0.86     2.65  1.21  3.42  4.07  1.89
165   30     1.00  1.52  2.31  3.21  3.85  4.14  3.74  3.48  2.39  1.56  0.92  0.77     2.41  1.10  3.13  3.79  1.63
165   40     0.98  1.41  2.08  2.82  3.49  3.81  3.43  3.08  2.05  1.28  0.84  0.76     2.17  1.05  2.79  3.44  1.39
165   50     0.97  1.40  1.90  2.39  3.06  3.40  3.06  2.62  1.72  1.12  0.81  0.74     1.93  1.04  2.45  3.03  1.21
165   60     0.96  1.40  1.85  2.03  2.58  2.94  2.64  2.13  1.49  1.05  0.77  0.72     1.71  1.03  2.15  2.57  1.10
165   70     0.95  1.39  1.85  1.83  2.14  2.44  2.20  1.83  1.36  0.99  0.72  0.70     1.53  1.01  1.94  2.15  1.03
165   80     0.94  1.39  1.86  1.72  1.90  2.11  1.93  1.64  1.26  0.93  0.68  0.68     1.42  1.00  1.83  1.89  0.95
165   90     0.93  1.39  1.87  1.63  1.71  1.89  1.73  1.50  1.16  0.86  0.63  0.65     1.33  0.99  1.74  1.70  0.88
180   10     1.18  1.82  2.75  3.83  4.35  4.57  4.16  4.09  2.95  2.16  1.28  0.97     2.84  1.32  3.65  4.27  2.13
180   20     1.08  1.67  2.53  3.54  4.13  4.40  3.98  3.82  2.68  1.85  1.09  0.85     2.64  1.20  3.40  4.07  1.87
180   30     0.99  1.51  2.29  3.20  3.83  4.14  3.73  3.48  2.37  1.52  0.90  0.77     2.39  1.09  3.11  3.78  1.60
180   40     0.98  1.40  2.03  2.80  3.46  3.81  3.42  3.07  2.01  1.20  0.84  0.76     2.15  1.04  2.77  3.43  1.35
180   50     0.97  1.40  1.82  2.36  3.03  3.40  3.04  2.61  1.63  1.10  0.81  0.74     1.91  1.04  2.40  3.02  1.18
180   60     0.96  1.40  1.83  1.90  2.55  2.94  2.62  2.11  1.39  1.05  0.77  0.72     1.69  1.03  2.09  2.56  1.07
180   70     0.95  1.39  1.84  1.72  2.04  2.44  2.17  1.70  1.30  0.99  0.72  0.70     1.50  1.01  1.87  2.10  1.01
180   80     0.94  1.39  1.86  1.64  1.78  2.04  1.84  1.55  1.22  0.93  0.68  0.68     1.38  1.00  1.76  1.81  0.94
180   90     0.93  1.39  1.87  1.57  1.62  1.82  1.66  1.43  1.13  0.86  0.63  0.65     1.30  0.99  1.69  1.64  0.87
             54.8  53.0  43.7  22.4  10.1   3.8   6.5  15.7  27.3  41.8  49.6  54.1     23.9  53.8  21.5   9.0  37.7
             1.52  2.34  3.36  4.25  4.52  4.66  4.27  4.39  3.42  2.96  1.92  1.38     3.25  1.75  3.99  4.43  2.74
             1.44  2.22  3.27  4.25  4.44  4.50  4.15  4.36  3.42  2.86  1.79  1.28     3.16  1.65  3.99  4.34  2.69
             1.06  1.05  1.03  1.00  1.02  1.04  1.03  1.01  1.00  1.03  1.07  1.08     1.03  1.06  1.02  1.02  1.04
             1.13  1.12  1.11  1.05  0.99  0.97  0.97  1.01  1.08  1.18  1.22  1.17     1.08  1.14  1.05  0.98  1.16
temperature  -2.4  -2.0   0.9   7.1  13.0  17.3  20.9  22.4  17.9  11.5   5.6   0.4      9.4  -1.3   7.0  20.2  11.7
diffusedrad  1.05  1.53  2.03  2.29  2.50  2.68  2.59  2.32  1.90  1.45  1.01  0.85     1.85  1.14  2.27  2.53  1.45
snow10cm     0.95  0.99  0.92  0.20  0.00  0.00  0.00  0.00  0.00  0.00  0.09  0.54     0.31  0.83  0.37  0.00  0.03
