2 33146   久慈            40 11.3  141 46.5    5
             2.05  2.69  3.63  4.49  4.91  4.74  4.43  4.21  3.32  2.87  2.08  1.74     3.43  2.16  4.34  4.46  2.76
             2.30  3.14  4.06  5.34  6.04  5.62  5.91  5.16  4.16  3.31  2.39  1.97     3.69  2.37  4.83  5.33  3.15
             1.78  2.05  2.99  3.57  3.95  3.68  3.14  3.34  2.59  2.11  1.52  1.51     3.22  1.93  3.94  3.67  2.41
  0   10     2.48  3.06  3.95  4.67  4.96  4.74  4.45  4.29  3.50  3.21  2.48  2.15     3.66  2.56  4.53  4.49  3.06
  0   20     2.88  3.39  4.19  4.76  4.92  4.66  4.39  4.30  3.61  3.49  2.83  2.52     3.83  2.93  4.63  4.45  3.31
  0   30     3.22  3.65  4.34  4.75  4.78  4.48  4.24  4.22  3.65  3.68  3.11  2.83     3.91  3.23  4.62  4.32  3.48
  0   40     3.47  3.82  4.40  4.63  4.54  4.22  4.02  4.07  3.60  3.79  3.31  3.07     3.91  3.46  4.52  4.10  3.57
  0   50     3.65  3.92  4.36  4.41  4.22  3.90  3.72  3.83  3.49  3.81  3.44  3.23     3.83  3.60  4.33  3.82  3.58
  0   60     3.73  3.92  4.22  4.10  3.83  3.50  3.37  3.52  3.30  3.74  3.47  3.31     3.67  3.65  4.05  3.47  3.50
  0   70     3.72  3.83  3.99  3.71  3.36  3.05  2.96  3.15  3.04  3.58  3.42  3.30     3.43  3.62  3.69  3.06  3.35
  0   80     3.61  3.66  3.68  3.24  2.84  2.59  2.53  2.72  2.73  3.34  3.29  3.21     3.12  3.50  3.25  2.61  3.12
  0   90     3.42  3.41  3.29  2.72  2.31  2.09  2.07  2.26  2.37  3.02  3.07  3.04     2.76  3.29  2.77  2.14  2.82
 15   10     2.46  3.05  3.94  4.67  4.96  4.74  4.45  4.28  3.50  3.20  2.46  2.14     3.65  2.55  4.52  4.49  3.05
 15   20     2.84  3.37  4.18  4.75  4.92  4.66  4.38  4.29  3.60  3.47  2.79  2.50     3.81  2.90  4.62  4.44  3.29
 15   30     3.16  3.61  4.32  4.74  4.78  4.48  4.24  4.22  3.63  3.65  3.05  2.79     3.89  3.19  4.62  4.32  3.45
 15   40     3.40  3.78  4.37  4.62  4.55  4.23  4.02  4.06  3.59  3.76  3.24  3.02     3.89  3.40  4.52  4.11  3.53
 15   50     3.56  3.87  4.33  4.41  4.23  3.91  3.73  3.83  3.47  3.77  3.35  3.17     3.80  3.53  4.32  3.82  3.53
 15   60     3.63  3.86  4.19  4.10  3.84  3.52  3.39  3.53  3.28  3.69  3.38  3.24     3.64  3.58  4.04  3.48  3.45
 15   70     3.61  3.77  3.96  3.72  3.39  3.09  2.99  3.16  3.03  3.53  3.32  3.23     3.40  3.54  3.69  3.08  3.29
 15   80     3.50  3.60  3.65  3.26  2.89  2.63  2.56  2.75  2.72  3.28  3.18  3.13     3.10  3.41  3.27  2.65  3.06
 15   90     3.31  3.35  3.26  2.76  2.37  2.16  2.12  2.31  2.37  2.96  2.96  2.96     2.74  3.21  2.80  2.20  2.76
 30   10     2.41  3.01  3.91  4.64  4.96  4.74  4.45  4.26  3.48  3.17  2.41  2.10     3.63  2.51  4.50  4.49  3.02
 30   20     2.74  3.29  4.12  4.72  4.92  4.65  4.38  4.27  3.57  3.40  2.70  2.41     3.76  2.81  4.58  4.43  3.22
 30   30     3.02  3.50  4.24  4.69  4.79  4.49  4.24  4.19  3.58  3.55  2.92  2.67     3.82  3.06  4.57  4.31  3.35
 30   40     3.21  3.64  4.28  4.58  4.56  4.25  4.03  4.04  3.53  3.63  3.07  2.86     3.81  3.24  4.47  4.11  3.41
 30   50     3.34  3.69  4.22  4.37  4.27  3.94  3.75  3.81  3.41  3.63  3.14  2.98     3.71  3.34  4.29  3.83  3.39
 30   60     3.38  3.67  4.07  4.07  3.90  3.58  3.42  3.52  3.22  3.54  3.15  3.03     3.54  3.36  4.01  3.50  3.30
 30   70     3.34  3.56  3.85  3.71  3.48  3.17  3.04  3.17  2.97  3.37  3.07  3.00     3.31  3.30  3.68  3.13  3.14
 30   80     3.22  3.38  3.55  3.28  3.02  2.74  2.65  2.78  2.68  3.12  2.92  2.89     3.02  3.16  3.28  2.72  2.90
 30   90     3.02  3.14  3.18  2.82  2.54  2.30  2.24  2.38  2.34  2.81  2.69  2.71     2.68  2.96  2.84  2.31  2.61
 45   10     2.33  2.95  3.86  4.61  4.95  4.74  4.44  4.24  3.45  3.11  2.34  2.03     3.59  2.44  4.47  4.47  2.96
 45   20     2.59  3.17  4.03  4.65  4.90  4.65  4.37  4.23  3.51  3.29  2.56  2.27     3.69  2.68  4.53  4.42  3.12
 45   30     2.79  3.32  4.11  4.61  4.77  4.49  4.23  4.14  3.51  3.41  2.73  2.47     3.71  2.86  4.50  4.29  3.21
 45   40     2.94  3.42  4.11  4.49  4.57  4.26  4.03  3.98  3.44  3.45  2.83  2.61     3.68  2.99  4.39  4.09  3.24
 45   50     3.01  3.44  4.05  4.28  4.29  3.97  3.76  3.77  3.31  3.41  2.87  2.68     3.57  3.05  4.21  3.83  3.19
 45   60     3.02  3.39  3.90  4.00  3.95  3.63  3.45  3.48  3.13  3.31  2.84  2.70     3.40  3.04  3.95  3.52  3.09
 45   70     2.95  3.27  3.67  3.66  3.56  3.26  3.11  3.16  2.88  3.13  2.75  2.64     3.17  2.96  3.63  3.17  2.92
 45   80     2.82  3.10  3.39  3.27  3.13  2.86  2.73  2.80  2.61  2.89  2.59  2.52     2.89  2.81  3.27  2.80  2.70
 45   90     2.62  2.87  3.05  2.85  2.71  2.45  2.36  2.43  2.29  2.61  2.37  2.34     2.58  2.61  2.87  2.41  2.42
 60   10     2.23  2.86  3.79  4.56  4.93  4.73  4.43  4.21  3.40  3.03  2.26  1.94     3.53  2.34  4.43  4.46  2.90
 60   20     2.41  3.00  3.90  4.56  4.87  4.64  4.35  4.17  3.43  3.15  2.40  2.10     3.58  2.50  4.44  4.39  2.99
 60   30     2.53  3.10  3.93  4.50  4.74  4.48  4.21  4.08  3.40  3.21  2.50  2.23     3.58  2.62  4.39  4.25  3.04
 60   40     2.60  3.14  3.91  4.36  4.53  4.25  4.00  3.91  3.31  3.21  2.55  2.31     3.51  2.68  4.27  4.06  3.02
 60   50     2.63  3.12  3.81  4.15  4.28  3.98  3.75  3.69  3.17  3.15  2.54  2.33     3.38  2.69  4.08  3.81  2.96
 60   60     2.60  3.06  3.66  3.88  3.96  3.67  3.46  3.42  2.99  3.02  2.48  2.31     3.21  2.66  3.83  3.52  2.83
 60   70     2.52  2.93  3.44  3.56  3.60  3.31  3.13  3.11  2.76  2.85  2.38  2.24     2.99  2.56  3.53  3.18  2.67
 60   80     2.38  2.77  3.19  3.21  3.22  2.95  2.79  2.79  2.50  2.63  2.23  2.12     2.73  2.42  3.20  2.84  2.45
 60   90     2.21  2.56  2.88  2.82  2.81  2.57  2.44  2.44  2.22  2.37  2.02  1.95     2.44  2.24  2.84  2.48  2.20
 75   10     2.12  2.76  3.71  4.51  4.91  4.72  4.41  4.18  3.36  2.94  2.16  1.83     3.47  2.24  4.37  4.44  2.82
 75   20     2.20  2.82  3.74  4.46  4.83  4.62  4.32  4.11  3.34  2.98  2.21  1.91     3.46  2.31  4.34  4.35  2.85
 75   30     2.24  2.84  3.72  4.35  4.69  4.45  4.17  3.98  3.27  2.98  2.24  1.95     3.41  2.34  4.25  4.20  2.83
 75   40     2.25  2.83  3.64  4.19  4.48  4.23  3.97  3.81  3.16  2.93  2.23  1.98     3.31  2.35  4.11  4.00  2.77
 75   50     2.22  2.77  3.53  3.97  4.21  3.96  3.72  3.58  3.01  2.84  2.19  1.96     3.16  2.32  3.91  3.75  2.68
 75   60     2.17  2.69  3.36  3.71  3.92  3.66  3.44  3.32  2.82  2.71  2.11  1.90     2.98  2.25  3.67  3.47  2.54
 75   70     2.07  2.57  3.17  3.41  3.59  3.33  3.13  3.04  2.60  2.53  1.99  1.82     2.77  2.15  3.39  3.17  2.38
 75   80     1.94  2.41  2.92  3.07  3.22  2.97  2.80  2.72  2.36  2.33  1.85  1.71     2.53  2.02  3.07  2.83  2.18
 75   90     1.80  2.24  2.67  2.74  2.86  2.63  2.47  2.41  2.11  2.09  1.68  1.55     2.27  1.86  2.76  2.50  1.96
 90   10     2.00  2.65  3.61  4.44  4.88  4.70  4.39  4.14  3.30  2.85  2.05  1.72     3.40  2.13  4.31  4.41  2.73
 90   20     1.97  2.62  3.56  4.34  4.77  4.59  4.29  4.04  3.23  2.80  2.02  1.70     3.33  2.10  4.22  4.30  2.68
 90   30     1.93  2.57  3.48  4.18  4.61  4.41  4.12  3.88  3.12  2.73  1.97  1.68     3.22  2.06  4.09  4.14  2.61
 90   40     1.88  2.49  3.36  3.98  4.38  4.18  3.91  3.68  2.98  2.63  1.91  1.63     3.09  2.00  3.91  3.92  2.51
 90   50     1.82  2.41  3.21  3.75  4.12  3.91  3.66  3.45  2.81  2.50  1.83  1.58     2.92  1.94  3.69  3.67  2.38
 90   60     1.73  2.30  3.04  3.49  3.82  3.61  3.37  3.18  2.62  2.37  1.73  1.50     2.73  1.85  3.45  3.39  2.24
 90   70     1.65  2.19  2.85  3.20  3.50  3.29  3.08  2.90  2.41  2.19  1.61  1.42     2.52  1.75  3.18  3.09  2.07
 90   80     1.53  2.05  2.64  2.90  3.17  2.96  2.77  2.62  2.19  2.02  1.49  1.32     2.31  1.64  2.90  2.78  1.90
 90   90     1.42  1.92  2.41  2.58  2.81  2.62  2.45  2.32  1.95  1.82  1.35  1.20     2.07  1.51  2.60  2.46  1.71
105   10     1.89  2.55  3.52  4.38  4.85  4.69  4.38  4.10  3.24  2.75  1.94  1.62     3.33  2.02  4.25  4.39  2.65
105   20     1.75  2.42  3.38  4.21  4.71  4.56  4.25  3.96  3.12  2.61  1.82  1.50     3.19  1.89  4.10  4.25  2.52
105   30     1.63  2.29  3.21  4.00  4.51  4.36  4.06  3.76  2.97  2.46  1.70  1.40     3.03  1.77  3.90  4.06  2.38
105   40     1.52  2.17  3.04  3.75  4.25  4.11  3.83  3.53  2.79  2.32  1.59  1.31     2.85  1.67  3.68  3.82  2.23
105   50     1.44  2.04  2.87  3.49  3.97  3.82  3.56  3.27  2.59  2.17  1.47  1.23     2.66  1.57  3.44  3.55  2.08
105   60     1.34  1.94  2.68  3.22  3.67  3.51  3.27  3.01  2.40  2.01  1.38  1.15     2.46  1.48  3.19  3.26  1.93
105   70     1.27  1.83  2.50  2.94  3.34  3.19  2.97  2.73  2.20  1.86  1.26  1.07     2.26  1.39  2.93  2.97  1.77
105   80     1.18  1.72  2.32  2.65  3.03  2.88  2.68  2.45  1.98  1.69  1.17  0.99     2.06  1.30  2.67  2.67  1.61
105   90     1.10  1.61  2.12  2.38  2.71  2.56  2.38  2.19  1.79  1.54  1.06  0.90     1.86  1.20  2.40  2.38  1.46
120   10     1.77  2.45  3.43  4.32  4.82  4.67  4.36  4.07  3.19  2.66  1.84  1.51     3.26  1.91  4.19  4.37  2.56
120   20     1.54  2.22  3.19  4.08  4.64  4.52  4.21  3.88  3.01  2.43  1.63  1.31     3.06  1.69  3.97  4.20  2.36
120   30     1.35  2.01  2.95  3.80  4.39  4.29  4.00  3.64  2.81  2.21  1.44  1.15     2.84  1.50  3.71  3.98  2.15
120   40     1.21  1.84  2.71  3.50  4.10  4.01  3.73  3.37  2.59  2.00  1.28  1.02     2.61  1.36  3.44  3.70  1.96
120   50     1.11  1.70  2.50  3.19  3.78  3.69  3.44  3.08  2.37  1.82  1.17  0.93     2.40  1.25  3.16  3.40  1.79
120   60     1.02  1.60  2.31  2.90  3.46  3.37  3.14  2.80  2.16  1.67  1.07  0.85     2.19  1.16  2.89  3.10  1.63
120   70     0.96  1.50  2.15  2.63  3.14  3.05  2.84  2.53  1.96  1.53  0.97  0.79     2.00  1.09  2.64  2.80  1.49
120   80     0.91  1.42  1.98  2.38  2.82  2.73  2.54  2.27  1.78  1.39  0.90  0.74     1.82  1.02  2.39  2.52  1.36
120   90     0.85  1.34  1.84  2.13  2.53  2.44  2.26  2.02  1.60  1.27  0.82  0.67     1.65  0.95  2.17  2.24  1.23
135   10     1.68  2.36  3.35  4.26  4.79  4.66  4.35  4.04  3.14  2.58  1.76  1.42     3.20  1.82  4.13  4.35  2.49
135   20     1.36  2.04  3.03  3.97  4.58  4.49  4.18  3.81  2.91  2.27  1.45  1.13     2.94  1.51  3.86  4.16  2.21
135   30     1.10  1.76  2.70  3.62  4.29  4.24  3.94  3.53  2.65  1.97  1.21  0.91     2.66  1.26  3.54  3.90  1.94
135   40     0.94  1.54  2.40  3.24  3.94  3.92  3.64  3.21  2.38  1.71  1.03  0.78     2.40  1.09  3.19  3.59  1.71
135   50     0.85  1.40  2.15  2.88  3.56  3.56  3.30  2.88  2.14  1.51  0.91  0.70     2.15  0.98  2.86  3.25  1.52
135   60     0.80  1.30  1.96  2.57  3.20  3.19  2.97  2.56  1.92  1.36  0.83  0.65     1.94  0.92  2.58  2.91  1.37
135   70     0.77  1.24  1.80  2.30  2.87  2.86  2.66  2.29  1.74  1.24  0.77  0.62     1.76  0.87  2.33  2.60  1.25
135   80     0.73  1.19  1.67  2.06  2.58  2.55  2.37  2.05  1.57  1.14  0.72  0.58     1.60  0.83  2.10  2.33  1.14
135   90     0.72  1.15  1.57  1.86  2.31  2.27  2.12  1.83  1.42  1.05  0.67  0.55     1.46  0.80  1.91  2.07  1.04
150   10     1.60  2.29  3.28  4.22  4.78  4.66  4.34  4.01  3.11  2.51  1.69  1.35     3.15  1.75  4.09  4.34  2.43
150   20     1.20  1.90  2.89  3.88  4.54  4.48  4.16  3.76  2.83  2.13  1.31  0.99     2.84  1.36  3.77  4.13  2.09
150   30     0.90  1.54  2.48  3.47  4.21  4.21  3.90  3.44  2.52  1.75  1.00  0.73     2.51  1.05  3.39  3.85  1.76
150   40     0.75  1.28  2.10  3.02  3.81  3.86  3.57  3.07  2.20  1.44  0.82  0.63     2.21  0.89  2.97  3.50  1.49
150   50     0.72  1.15  1.81  2.58  3.35  3.44  3.18  2.67  1.91  1.23  0.74  0.60     1.95  0.83  2.58  3.10  1.29
150   60     0.71  1.10  1.63  2.23  2.91  3.00  2.79  2.32  1.69  1.11  0.70  0.58     1.73  0.80  2.25  2.71  1.17
150   70     0.70  1.08  1.51  1.96  2.56  2.63  2.45  2.05  1.52  1.03  0.67  0.56     1.56  0.78  2.01  2.38  1.08
150   80     0.69  1.05  1.42  1.77  2.28  2.33  2.17  1.83  1.39  0.96  0.63  0.54     1.42  0.76  1.82  2.11  1.00
150   90     0.68  1.04  1.36  1.61  2.05  2.08  1.94  1.65  1.27  0.91  0.60  0.51     1.31  0.75  1.67  1.89  0.92
165   10     1.55  2.25  3.24  4.20  4.76  4.65  4.33  4.00  3.08  2.47  1.64  1.30     3.12  1.70  4.07  4.33  2.40
165   20     1.09  1.80  2.80  3.83  4.52  4.47  4.15  3.74  2.78  2.04  1.21  0.89     2.77  1.26  3.72  4.12  2.01
165   30     0.75  1.36  2.32  3.38  4.18  4.20  3.88  3.40  2.44  1.59  0.85  0.64     2.42  0.92  3.29  3.83  1.63
165   40     0.73  1.07  1.85  2.87  3.76  3.85  3.55  3.00  2.06  1.20  0.74  0.62     2.11  0.81  2.83  3.47  1.34
165   50     0.72  1.04  1.50  2.32  3.27  3.43  3.16  2.56  1.70  1.03  0.72  0.60     1.84  0.79  2.37  3.05  1.15
165   60     0.71  1.04  1.37  1.89  2.73  2.95  2.71  2.09  1.49  0.98  0.69  0.58     1.60  0.78  2.00  2.59  1.05
165   70     0.70  1.03  1.31  1.66  2.26  2.44  2.27  1.81  1.36  0.93  0.67  0.56     1.42  0.77  1.75  2.17  0.98
165   80     0.69  1.02  1.27  1.52  2.01  2.13  2.00  1.63  1.26  0.89  0.63  0.54     1.30  0.75  1.60  1.92  0.93
165   90     0.68  1.02  1.23  1.41  1.82  1.91  1.79  1.49  1.17  0.84  0.60  0.51     1.21  0.74  1.49  1.73  0.87
180   10     1.53  2.23  3.22  4.19  4.76  4.65  4.33  4.00  3.08  2.45  1.63  1.28     3.11  1.68  4.06  4.33  2.38
180   20     1.04  1.76  2.76  3.81  4.51  4.47  4.15  3.73  2.77  2.00  1.18  0.85     2.75  1.22  3.70  4.11  1.98
180   30     0.73  1.29  2.25  3.36  4.17  4.19  3.88  3.39  2.41  1.52  0.79  0.64     2.38  0.89  3.26  3.82  1.57
180   40     0.73  1.05  1.71  2.84  3.75  3.84  3.55  2.99  2.01  1.07  0.74  0.62     2.08  0.80  2.77  3.46  1.28
180   50     0.72  1.04  1.32  2.28  3.25  3.42  3.15  2.54  1.59  1.01  0.72  0.60     1.80  0.79  2.28  3.04  1.11
180   60     0.71  1.04  1.29  1.69  2.71  2.95  2.71  2.05  1.37  0.97  0.69  0.58     1.56  0.78  1.90  2.57  1.01
180   70     0.70  1.03  1.26  1.50  2.15  2.43  2.23  1.69  1.29  0.93  0.67  0.56     1.37  0.77  1.64  2.12  0.96
180   80     0.69  1.02  1.23  1.41  1.90  2.05  1.93  1.55  1.21  0.88  0.63  0.54     1.25  0.75  1.51  1.84  0.91
180   90     0.68  1.02  1.19  1.33  1.74  1.84  1.74  1.43  1.13  0.84  0.60  0.51     1.17  0.74  1.42  1.67  0.86
             63.9  55.4  40.7  23.5  11.4   4.7   6.6  16.5  29.4  47.2  59.2  64.2     34.9  61.2  24.8   9.4  46.0
             3.73  3.93  4.40  4.77  4.96  4.75  4.45  4.31  3.65  3.82  3.47  3.32     4.13  3.65  4.64  4.49  3.59
             3.35  3.74  4.38  4.70  4.67  4.36  4.14  4.16  3.64  3.75  3.22  2.96     3.92  3.35  4.59  4.22  3.53
             1.11  1.05  1.00  1.01  1.06  1.09  1.07  1.04  1.00  1.02  1.08  1.12     1.06  1.10  1.03  1.07  1.03
             1.63  1.39  1.21  1.05  0.95  0.92  0.93  0.99  1.10  1.31  1.55  1.70     1.23  1.58  1.07  0.95  1.32
temperature  -0.7  -0.4   2.6   8.0  12.3  15.5  19.2  21.7  18.4  12.5   6.6   1.8      9.8   0.2   7.6  18.8  12.5
diffusedrad  1.00  1.38  1.81  2.18  2.53  2.71  2.65  2.33  1.90  1.42  1.02  0.85     1.81  1.08  2.17  2.56  1.45
snow10cm     0.20  0.33  0.15  0.00  0.00  0.00  0.00  0.00  0.00  0.00  0.00  0.02     0.06  0.18  0.05  0.00  0.00
