2 33206   普代            40  0.2  141   53    8
             2.08  2.75  3.63  4.42  4.93  4.79  4.51  4.22  3.26  2.76  2.10  1.79     3.44  2.20  4.33  4.51  2.71
             2.30  3.20  4.19  5.43  6.01  5.62  6.16  5.27  3.94  3.14  2.40  2.05     3.68  2.41  4.87  5.30  3.03
             1.81  2.23  3.12  3.82  4.11  3.49  3.08  3.22  2.70  1.95  1.53  1.57     3.08  2.03  3.87  3.64  2.35
  0   10     2.52  3.12  3.94  4.60  4.97  4.79  4.53  4.29  3.43  3.07  2.49  2.21     3.67  2.62  4.51  4.54  3.00
  0   20     2.93  3.46  4.18  4.69  4.93  4.70  4.46  4.31  3.53  3.32  2.84  2.60     3.83  3.00  4.60  4.49  3.23
  0   30     3.27  3.72  4.33  4.67  4.79  4.52  4.31  4.23  3.56  3.50  3.12  2.92     3.91  3.31  4.59  4.35  3.39
  0   40     3.53  3.91  4.38  4.55  4.55  4.25  4.08  4.07  3.52  3.59  3.33  3.17     3.91  3.54  4.49  4.13  3.48
  0   50     3.71  4.01  4.34  4.33  4.23  3.93  3.78  3.83  3.40  3.60  3.45  3.34     3.83  3.69  4.30  3.85  3.48
  0   60     3.79  4.03  4.21  4.03  3.83  3.53  3.41  3.52  3.21  3.53  3.48  3.42     3.67  3.75  4.02  3.49  3.41
  0   70     3.78  3.96  3.98  3.64  3.36  3.07  3.00  3.15  2.96  3.37  3.43  3.41     3.42  3.72  3.66  3.07  3.25
  0   80     3.67  3.81  3.67  3.18  2.84  2.59  2.55  2.72  2.65  3.14  3.29  3.32     3.12  3.60  3.23  2.62  3.03
  0   90     3.47  3.57  3.29  2.67  2.30  2.09  2.08  2.26  2.30  2.84  3.07  3.14     2.76  3.39  2.75  2.15  2.74
 15   10     2.50  3.11  3.93  4.59  4.98  4.79  4.53  4.29  3.42  3.06  2.47  2.20     3.66  2.60  4.50  4.54  2.99
 15   20     2.89  3.44  4.17  4.68  4.93  4.70  4.46  4.30  3.52  3.30  2.80  2.57     3.81  2.97  4.59  4.48  3.21
 15   30     3.21  3.69  4.31  4.66  4.79  4.52  4.31  4.23  3.55  3.47  3.07  2.88     3.89  3.26  4.59  4.35  3.36
 15   40     3.46  3.87  4.36  4.54  4.56  4.27  4.08  4.07  3.50  3.56  3.25  3.12     3.89  3.48  4.49  4.14  3.44
 15   50     3.62  3.96  4.31  4.33  4.24  3.94  3.79  3.83  3.38  3.56  3.36  3.27     3.80  3.62  4.29  3.85  3.44
 15   60     3.69  3.98  4.17  4.03  3.85  3.55  3.43  3.53  3.19  3.48  3.39  3.35     3.64  3.67  4.02  3.50  3.35
 15   70     3.67  3.90  3.95  3.65  3.39  3.10  3.02  3.16  2.95  3.32  3.33  3.33     3.40  3.63  3.66  3.09  3.20
 15   80     3.56  3.74  3.65  3.20  2.89  2.63  2.59  2.74  2.65  3.09  3.18  3.23     3.10  3.51  3.25  2.65  2.97
 15   90     3.36  3.50  3.27  2.71  2.36  2.16  2.14  2.30  2.30  2.78  2.96  3.05     2.74  3.31  2.78  2.20  2.68
 30   10     2.45  3.07  3.90  4.57  4.97  4.79  4.52  4.27  3.41  3.03  2.43  2.15     3.63  2.56  4.48  4.53  2.95
 30   20     2.79  3.36  4.10  4.64  4.93  4.70  4.45  4.28  3.49  3.24  2.71  2.48     3.77  2.88  4.56  4.48  3.15
 30   30     3.07  3.58  4.23  4.61  4.80  4.53  4.31  4.20  3.50  3.38  2.93  2.75     3.82  3.13  4.55  4.34  3.27
 30   40     3.27  3.72  4.26  4.50  4.57  4.29  4.09  4.04  3.45  3.44  3.08  2.95     3.81  3.31  4.44  4.14  3.32
 30   50     3.39  3.79  4.21  4.29  4.28  3.97  3.81  3.81  3.33  3.43  3.15  3.08     3.71  3.42  4.26  3.86  3.30
 30   60     3.43  3.78  4.06  3.99  3.90  3.60  3.47  3.52  3.14  3.34  3.15  3.12     3.54  3.45  3.98  3.53  3.21
 30   70     3.39  3.69  3.84  3.64  3.48  3.19  3.09  3.17  2.90  3.17  3.08  3.09     3.31  3.39  3.65  3.15  3.05
 30   80     3.27  3.52  3.55  3.22  3.02  2.75  2.68  2.78  2.61  2.93  2.92  2.98     3.02  3.26  3.26  2.74  2.82
 30   90     3.06  3.29  3.18  2.77  2.54  2.31  2.27  2.38  2.28  2.64  2.70  2.80     2.68  3.05  2.83  2.32  2.54
 45   10     2.37  3.01  3.85  4.54  4.96  4.78  4.51  4.25  3.38  2.98  2.35  2.08     3.59  2.49  4.45  4.52  2.90
 45   20     2.63  3.23  4.01  4.58  4.92  4.70  4.44  4.24  3.43  3.14  2.58  2.34     3.69  2.73  4.50  4.46  3.05
 45   30     2.84  3.39  4.10  4.54  4.78  4.53  4.30  4.15  3.43  3.24  2.74  2.54     3.72  2.93  4.47  4.33  3.14
 45   40     2.99  3.50  4.10  4.41  4.58  4.30  4.09  3.99  3.36  3.27  2.85  2.69     3.68  3.06  4.36  4.13  3.16
 45   50     3.06  3.54  4.04  4.20  4.29  4.01  3.82  3.77  3.23  3.23  2.88  2.77     3.57  3.12  4.18  3.87  3.11
 45   60     3.07  3.50  3.89  3.93  3.96  3.66  3.50  3.49  3.05  3.13  2.85  2.78     3.40  3.12  3.92  3.55  3.01
 45   70     3.00  3.39  3.67  3.59  3.57  3.29  3.15  3.17  2.81  2.96  2.76  2.73     3.17  3.04  3.61  3.20  2.84
 45   80     2.86  3.23  3.40  3.21  3.14  2.88  2.77  2.80  2.54  2.73  2.60  2.60     2.90  2.90  3.25  2.82  2.62
 45   90     2.66  3.02  3.06  2.79  2.71  2.47  2.39  2.43  2.23  2.45  2.38  2.42     2.58  2.70  2.85  2.43  2.35
 60   10     2.27  2.92  3.78  4.49  4.94  4.78  4.50  4.22  3.34  2.91  2.27  1.99     3.53  2.39  4.41  4.50  2.84
 60   20     2.45  3.07  3.89  4.49  4.89  4.68  4.42  4.18  3.36  3.01  2.41  2.16     3.59  2.56  4.42  4.43  2.93
 60   30     2.58  3.17  3.92  4.43  4.75  4.52  4.28  4.08  3.33  3.06  2.51  2.30     3.58  2.68  4.37  4.29  2.96
 60   40     2.65  3.22  3.90  4.29  4.54  4.30  4.07  3.92  3.24  3.05  2.56  2.38     3.51  2.75  4.24  4.09  2.95
 60   50     2.67  3.22  3.80  4.08  4.29  4.02  3.82  3.69  3.10  2.99  2.56  2.40     3.39  2.76  4.05  3.85  2.88
 60   60     2.64  3.16  3.66  3.81  3.97  3.70  3.52  3.43  2.91  2.86  2.49  2.38     3.21  2.73  3.81  3.55  2.75
 60   70     2.56  3.05  3.44  3.50  3.61  3.34  3.18  3.12  2.69  2.70  2.39  2.31     2.99  2.64  3.52  3.21  2.59
 60   80     2.41  2.90  3.19  3.15  3.23  2.97  2.84  2.79  2.43  2.48  2.23  2.18     2.73  2.50  3.19  2.87  2.38
 60   90     2.24  2.71  2.90  2.76  2.82  2.59  2.48  2.44  2.16  2.23  2.03  2.00     2.45  2.32  2.83  2.51  2.14
 75   10     2.15  2.82  3.70  4.44  4.92  4.76  4.49  4.19  3.29  2.83  2.17  1.88     3.47  2.29  4.35  4.48  2.76
 75   20     2.23  2.88  3.73  4.39  4.84  4.66  4.40  4.12  3.27  2.86  2.23  1.97     3.46  2.36  4.32  4.39  2.79
 75   30     2.27  2.91  3.71  4.28  4.70  4.50  4.24  3.99  3.20  2.85  2.26  2.01     3.41  2.40  4.23  4.25  2.77
 75   40     2.29  2.91  3.64  4.13  4.49  4.28  4.04  3.82  3.09  2.80  2.24  2.03     3.31  2.41  4.09  4.04  2.71
 75   50     2.25  2.86  3.53  3.91  4.23  4.00  3.78  3.59  2.94  2.71  2.20  2.01     3.17  2.38  3.89  3.79  2.62
 75   60     2.20  2.79  3.36  3.65  3.94  3.70  3.50  3.33  2.75  2.57  2.12  1.95     2.99  2.31  3.65  3.51  2.48
 75   70     2.10  2.68  3.17  3.35  3.60  3.36  3.18  3.04  2.54  2.40  2.00  1.87     2.78  2.22  3.38  3.20  2.31
 75   80     1.97  2.54  2.93  3.02  3.23  3.00  2.85  2.72  2.30  2.21  1.86  1.75     2.53  2.09  3.06  2.86  2.12
 75   90     1.82  2.38  2.69  2.69  2.87  2.66  2.52  2.41  2.05  1.98  1.68  1.60     2.28  1.93  2.75  2.53  1.91
 90   10     2.04  2.71  3.61  4.38  4.89  4.75  4.47  4.15  3.24  2.74  2.06  1.77     3.40  2.17  4.29  4.46  2.68
 90   20     2.00  2.68  3.55  4.28  4.79  4.64  4.36  4.04  3.17  2.69  2.03  1.75     3.33  2.14  4.21  4.35  2.63
 90   30     1.96  2.63  3.47  4.12  4.62  4.46  4.19  3.88  3.06  2.62  1.98  1.72     3.23  2.11  4.07  4.18  2.55
 90   40     1.91  2.57  3.36  3.92  4.40  4.22  3.98  3.69  2.92  2.52  1.92  1.67     3.09  2.05  3.90  3.96  2.45
 90   50     1.84  2.50  3.21  3.70  4.13  3.95  3.72  3.45  2.75  2.40  1.84  1.63     2.93  1.99  3.68  3.71  2.33
 90   60     1.75  2.40  3.05  3.43  3.83  3.65  3.43  3.19  2.56  2.26  1.74  1.54     2.74  1.90  3.44  3.42  2.19
 90   70     1.67  2.31  2.85  3.15  3.52  3.33  3.13  2.91  2.35  2.09  1.62  1.46     2.53  1.81  3.17  3.12  2.02
 90   80     1.55  2.18  2.65  2.85  3.18  2.99  2.82  2.62  2.14  1.92  1.50  1.36     2.31  1.70  2.89  2.81  1.85
 90   90     1.43  2.06  2.43  2.53  2.83  2.65  2.50  2.32  1.90  1.73  1.35  1.23     2.08  1.57  2.60  2.49  1.66
105   10     1.92  2.60  3.52  4.32  4.86  4.74  4.45  4.11  3.18  2.65  1.96  1.65     3.33  2.06  4.23  4.43  2.60
105   20     1.78  2.47  3.38  4.15  4.73  4.60  4.32  3.96  3.06  2.52  1.83  1.53     3.20  1.93  4.09  4.30  2.47
105   30     1.65  2.35  3.21  3.94  4.52  4.40  4.13  3.77  2.91  2.38  1.71  1.43     3.03  1.81  3.89  4.10  2.33
105   40     1.55  2.24  3.04  3.70  4.27  4.15  3.89  3.54  2.74  2.23  1.60  1.34     2.86  1.71  3.67  3.86  2.19
105   50     1.46  2.12  2.87  3.44  3.99  3.86  3.62  3.28  2.54  2.09  1.49  1.26     2.67  1.61  3.43  3.59  2.04
105   60     1.36  2.03  2.69  3.17  3.68  3.55  3.33  3.02  2.35  1.93  1.39  1.17     2.47  1.52  3.18  3.30  1.89
105   70     1.28  1.93  2.51  2.90  3.36  3.23  3.02  2.74  2.15  1.78  1.27  1.09     2.27  1.44  2.92  3.00  1.74
105   80     1.19  1.84  2.33  2.61  3.04  2.91  2.73  2.46  1.94  1.62  1.17  1.01     2.07  1.35  2.66  2.70  1.58
105   90     1.10  1.74  2.14  2.34  2.73  2.59  2.43  2.20  1.75  1.47  1.06  0.92     1.87  1.25  2.40  2.40  1.43
120   10     1.80  2.50  3.43  4.26  4.84  4.72  4.44  4.08  3.13  2.56  1.86  1.55     3.26  1.95  4.17  4.41  2.52
120   20     1.56  2.27  3.20  4.03  4.66  4.57  4.28  3.89  2.96  2.35  1.64  1.34     3.06  1.73  3.96  4.25  2.32
120   30     1.37  2.07  2.95  3.75  4.41  4.34  4.06  3.65  2.76  2.14  1.45  1.17     2.84  1.53  3.71  4.02  2.12
120   40     1.22  1.90  2.72  3.45  4.12  4.05  3.79  3.38  2.54  1.95  1.29  1.04     2.62  1.39  3.43  3.74  1.93
120   50     1.12  1.78  2.51  3.15  3.79  3.73  3.50  3.09  2.33  1.77  1.18  0.94     2.41  1.28  3.15  3.44  1.76
120   60     1.03  1.68  2.33  2.87  3.47  3.41  3.19  2.81  2.13  1.62  1.08  0.86     2.21  1.19  2.89  3.13  1.61
120   70     0.97  1.60  2.17  2.60  3.15  3.08  2.88  2.54  1.93  1.49  0.98  0.80     2.01  1.12  2.64  2.83  1.47
120   80     0.91  1.54  2.00  2.35  2.84  2.76  2.58  2.27  1.75  1.35  0.90  0.74     1.83  1.06  2.39  2.54  1.33
120   90     0.86  1.47  1.86  2.10  2.54  2.47  2.30  2.02  1.57  1.23  0.83  0.68     1.66  1.00  2.17  2.26  1.21
135   10     1.70  2.41  3.34  4.21  4.81  4.71  4.42  4.05  3.09  2.49  1.77  1.45     3.20  1.86  4.12  4.39  2.45
135   20     1.37  2.10  3.03  3.92  4.60  4.54  4.25  3.82  2.87  2.20  1.47  1.15     2.94  1.54  3.85  4.21  2.18
135   30     1.11  1.82  2.71  3.58  4.31  4.28  4.00  3.54  2.61  1.92  1.22  0.92     2.67  1.28  3.53  3.94  1.92
135   40     0.95  1.61  2.41  3.21  3.95  3.96  3.69  3.21  2.35  1.68  1.04  0.79     2.40  1.11  3.19  3.62  1.69
135   50     0.85  1.47  2.17  2.86  3.57  3.60  3.35  2.88  2.11  1.49  0.92  0.70     2.16  1.01  2.86  3.28  1.50
135   60     0.80  1.39  1.98  2.55  3.21  3.23  3.01  2.57  1.90  1.34  0.84  0.65     1.96  0.95  2.58  2.94  1.36
135   70     0.77  1.34  1.83  2.28  2.88  2.89  2.70  2.29  1.72  1.23  0.77  0.61     1.77  0.91  2.33  2.63  1.24
135   80     0.73  1.31  1.70  2.04  2.59  2.58  2.41  2.05  1.55  1.12  0.72  0.57     1.62  0.87  2.11  2.35  1.13
135   90     0.71  1.28  1.60  1.84  2.32  2.29  2.15  1.84  1.40  1.03  0.67  0.54     1.47  0.84  1.92  2.09  1.03
150   10     1.62  2.34  3.28  4.17  4.79  4.71  4.41  4.02  3.05  2.43  1.70  1.37     3.16  1.78  4.08  4.38  2.39
150   20     1.21  1.95  2.90  3.84  4.55  4.52  4.23  3.77  2.79  2.08  1.33  1.00     2.85  1.39  3.76  4.17  2.06
150   30     0.90  1.59  2.50  3.43  4.23  4.25  3.96  3.45  2.49  1.73  1.01  0.73     2.52  1.08  3.38  3.89  1.74
150   40     0.75  1.34  2.12  2.99  3.82  3.90  3.63  3.08  2.18  1.43  0.82  0.62     2.22  0.90  2.98  3.54  1.48
150   50     0.72  1.22  1.83  2.56  3.36  3.48  3.23  2.68  1.89  1.24  0.75  0.60     1.96  0.84  2.58  3.13  1.29
150   60     0.71  1.18  1.65  2.21  2.92  3.03  2.83  2.33  1.68  1.12  0.71  0.58     1.75  0.82  2.26  2.73  1.17
150   70     0.70  1.17  1.54  1.95  2.57  2.65  2.48  2.06  1.51  1.03  0.67  0.56     1.58  0.81  2.02  2.40  1.07
150   80     0.69  1.17  1.45  1.76  2.29  2.35  2.20  1.84  1.38  0.96  0.64  0.53     1.44  0.79  1.83  2.13  0.99
150   90     0.68  1.17  1.39  1.60  2.05  2.09  1.96  1.65  1.26  0.90  0.60  0.51     1.32  0.79  1.68  1.90  0.92
165   10     1.57  2.30  3.24  4.14  4.78  4.70  4.41  4.01  3.03  2.39  1.66  1.32     3.13  1.73  4.06  4.37  2.36
165   20     1.10  1.85  2.81  3.79  4.54  4.51  4.22  3.75  2.74  1.99  1.23  0.90     2.79  1.28  3.71  4.16  1.99
165   30     0.75  1.42  2.34  3.35  4.20  4.24  3.95  3.41  2.41  1.58  0.86  0.63     2.43  0.93  3.29  3.87  1.62
165   40     0.72  1.13  1.87  2.85  3.78  3.89  3.61  3.01  2.04  1.22  0.75  0.62     2.12  0.82  2.83  3.50  1.34
165   50     0.72  1.11  1.53  2.31  3.29  3.46  3.20  2.56  1.70  1.05  0.72  0.60     1.85  0.81  2.38  3.08  1.16
165   60     0.71  1.12  1.40  1.89  2.74  2.98  2.75  2.10  1.48  0.99  0.70  0.58     1.62  0.80  2.01  2.61  1.06
165   70     0.70  1.13  1.34  1.66  2.27  2.46  2.29  1.81  1.36  0.94  0.67  0.56     1.43  0.79  1.76  2.19  0.99
165   80     0.69  1.14  1.30  1.52  2.01  2.14  2.01  1.64  1.26  0.89  0.64  0.53     1.31  0.79  1.61  1.93  0.93
165   90     0.68  1.15  1.26  1.41  1.83  1.92  1.81  1.49  1.16  0.84  0.60  0.51     1.22  0.78  1.50  1.74  0.87
180   10     1.55  2.28  3.23  4.14  4.78  4.70  4.41  4.01  3.02  2.38  1.64  1.30     3.12  1.71  4.05  4.37  2.35
180   20     1.06  1.81  2.77  3.77  4.53  4.51  4.22  3.74  2.73  1.96  1.19  0.85     2.76  1.24  3.69  4.16  1.96
180   30     0.73  1.34  2.27  3.33  4.19  4.24  3.95  3.40  2.38  1.51  0.80  0.63     2.40  0.90  3.26  3.86  1.57
180   40     0.72  1.10  1.74  2.82  3.76  3.88  3.61  3.00  2.00  1.10  0.75  0.62     2.09  0.81  2.77  3.50  1.28
180   50     0.72  1.11  1.34  2.27  3.27  3.46  3.20  2.55  1.59  1.03  0.72  0.60     1.82  0.81  2.29  3.07  1.12
180   60     0.71  1.12  1.31  1.69  2.72  2.97  2.74  2.06  1.37  0.99  0.70  0.58     1.58  0.80  1.91  2.59  1.02
180   70     0.70  1.13  1.29  1.51  2.15  2.45  2.25  1.70  1.29  0.94  0.67  0.56     1.39  0.79  1.65  2.13  0.97
180   80     0.69  1.14  1.26  1.41  1.90  2.06  1.94  1.55  1.21  0.89  0.64  0.53     1.27  0.79  1.52  1.85  0.91
180   90     0.68  1.15  1.23  1.33  1.75  1.84  1.75  1.43  1.13  0.84  0.60  0.51     1.19  0.78  1.43  1.67  0.86
             63.7  56.9  40.8  23.1  11.2   4.5   6.4  16.4  28.9  46.2  59.0  64.2     34.8  61.7  24.5   9.2  45.6
             3.80  4.04  4.38  4.69  4.98  4.80  4.53  4.31  3.56  3.61  3.48  3.43     4.13  3.75  4.61  4.54  3.49
             3.41  3.82  4.37  4.62  4.68  4.40  4.21  4.16  3.55  3.55  3.23  3.05     3.92  3.43  4.56  4.26  3.44
             1.11  1.06  1.00  1.02  1.06  1.09  1.08  1.04  1.00  1.02  1.08  1.12     1.06  1.10  1.03  1.07  1.03
             1.64  1.39  1.20  1.05  0.95  0.92  0.93  0.99  1.09  1.29  1.54  1.70     1.22  1.58  1.07  0.95  1.30
temperature  -1.0  -0.8   2.3   7.9  12.3  15.5  19.4  21.5  18.0  12.0   6.4   1.6      9.6  -0.1   7.5  18.8  12.1
diffusedrad  1.00  1.42  1.83  2.18  2.53  2.70  2.64  2.33  1.89  1.43  1.02  0.86     1.82  1.09  2.18  2.56  1.45
snow10cm     0.19  0.48  0.18  0.00  0.00  0.00  0.00  0.00  0.00  0.00  0.00  0.00     0.07  0.23  0.06  0.00  0.00
