1 33431   盛岡            39 41.9  141  9.9  155
             1.93  2.75  3.62  4.36  4.82  4.75  4.19  4.16  3.29  2.73  1.89  1.56     3.34  2.08  4.27  4.37  2.64
             2.32  3.07  4.10  5.01  5.36  5.68  5.19  5.06  3.81  3.35  2.21  1.74     3.50  2.31  4.55  4.76  2.91
             1.48  2.25  3.10  3.79  4.30  3.83  3.31  3.23  2.48  2.08  1.52  1.33     3.12  1.72  3.88  3.77  2.34
  0   10     2.31  3.10  3.92  4.53  4.87  4.74  4.20  4.23  3.46  3.04  2.21  1.86     3.54  2.42  4.44  4.39  2.90
  0   20     2.64  3.41  4.15  4.61  4.82  4.66  4.14  4.24  3.55  3.28  2.49  2.13     3.68  2.73  4.53  4.34  3.11
  0   30     2.92  3.66  4.29  4.58  4.68  4.48  4.00  4.16  3.58  3.45  2.71  2.35     3.74  2.98  4.52  4.21  3.25
  0   40     3.13  3.84  4.34  4.46  4.44  4.21  3.79  4.00  3.53  3.54  2.86  2.52     3.72  3.16  4.42  4.00  3.31
  0   50     3.28  3.94  4.30  4.25  4.13  3.89  3.52  3.77  3.41  3.55  2.95  2.62     3.63  3.28  4.23  3.72  3.30
  0   60     3.36  3.97  4.17  3.95  3.74  3.49  3.19  3.46  3.22  3.48  2.97  2.67     3.47  3.33  3.95  3.38  3.22
  0   70     3.36  3.91  3.95  3.57  3.28  3.04  2.81  3.09  2.97  3.32  2.91  2.65     3.24  3.31  3.60  2.98  3.07
  0   80     3.29  3.77  3.64  3.12  2.77  2.57  2.41  2.68  2.66  3.09  2.79  2.58     2.95  3.21  3.18  2.55  2.85
  0   90     3.15  3.56  3.27  2.61  2.25  2.08  1.99  2.23  2.31  2.79  2.59  2.44     2.61  3.05  2.71  2.10  2.56
 15   10     2.30  3.09  3.92  4.52  4.87  4.74  4.20  4.22  3.45  3.03  2.19  1.85     3.53  2.41  4.43  4.39  2.89
 15   20     2.62  3.39  4.14  4.59  4.82  4.65  4.13  4.23  3.54  3.26  2.46  2.10     3.66  2.71  4.52  4.34  3.09
 15   30     2.89  3.63  4.27  4.58  4.68  4.48  4.00  4.16  3.57  3.42  2.66  2.32     3.72  2.94  4.51  4.21  3.22
 15   40     3.10  3.80  4.32  4.45  4.45  4.23  3.79  4.00  3.52  3.51  2.81  2.48     3.70  3.13  4.41  4.00  3.28
 15   50     3.24  3.90  4.27  4.24  4.13  3.90  3.52  3.76  3.39  3.51  2.88  2.58     3.61  3.24  4.21  3.73  3.26
 15   60     3.31  3.91  4.13  3.94  3.75  3.51  3.20  3.46  3.20  3.43  2.89  2.62     3.45  3.28  3.94  3.39  3.17
 15   70     3.31  3.85  3.91  3.57  3.31  3.07  2.83  3.10  2.96  3.27  2.83  2.60     3.22  3.25  3.60  3.00  3.02
 15   80     3.23  3.71  3.61  3.13  2.82  2.61  2.44  2.70  2.65  3.04  2.70  2.51     2.93  3.15  3.19  2.58  2.80
 15   90     3.09  3.49  3.24  2.65  2.31  2.15  2.03  2.27  2.30  2.74  2.50  2.37     2.60  2.98  2.73  2.15  2.52
 30   10     2.26  3.05  3.88  4.50  4.86  4.74  4.20  4.21  3.43  2.99  2.16  1.81     3.51  2.38  4.42  4.38  2.86
 30   20     2.55  3.32  4.08  4.56  4.82  4.65  4.13  4.21  3.51  3.20  2.38  2.04     3.62  2.64  4.49  4.33  3.03
 30   30     2.79  3.52  4.20  4.53  4.68  4.49  4.00  4.13  3.52  3.33  2.55  2.22     3.66  2.85  4.47  4.20  3.13
 30   40     2.97  3.66  4.22  4.41  4.47  4.24  3.80  3.97  3.46  3.39  2.67  2.36     3.63  3.00  4.37  4.00  3.17
 30   50     3.08  3.73  4.17  4.20  4.17  3.93  3.54  3.74  3.34  3.38  2.71  2.44     3.54  3.08  4.18  3.74  3.14
 30   60     3.13  3.73  4.02  3.91  3.81  3.57  3.23  3.45  3.15  3.29  2.70  2.46     3.37  3.11  3.91  3.42  3.04
 30   70     3.12  3.65  3.81  3.56  3.40  3.16  2.88  3.12  2.90  3.12  2.63  2.42     3.15  3.06  3.59  3.05  2.88
 30   80     3.03  3.50  3.52  3.15  2.94  2.73  2.51  2.73  2.61  2.88  2.49  2.33     2.87  2.96  3.20  2.66  2.66
 30   90     2.88  3.29  3.16  2.71  2.47  2.29  2.13  2.33  2.28  2.59  2.29  2.19     2.55  2.79  2.78  2.25  2.39
 45   10     2.20  2.99  3.83  4.47  4.85  4.74  4.19  4.19  3.40  2.94  2.10  1.76     3.47  2.32  4.38  4.37  2.81
 45   20     2.43  3.20  3.99  4.50  4.80  4.65  4.12  4.17  3.45  3.10  2.27  1.94     3.55  2.52  4.43  4.32  2.94
 45   30     2.62  3.35  4.07  4.46  4.67  4.48  3.99  4.08  3.45  3.20  2.40  2.08     3.57  2.68  4.40  4.18  3.02
 45   40     2.76  3.45  4.07  4.32  4.47  4.26  3.79  3.92  3.37  3.22  2.47  2.17     3.52  2.79  4.29  3.99  3.02
 45   50     2.84  3.49  4.00  4.12  4.19  3.96  3.54  3.70  3.24  3.18  2.49  2.22     3.42  2.85  4.10  3.74  2.97
 45   60     2.86  3.46  3.85  3.85  3.86  3.62  3.25  3.42  3.05  3.08  2.45  2.21     3.25  2.85  3.85  3.43  2.86
 45   70     2.82  3.37  3.63  3.51  3.48  3.25  2.93  3.11  2.81  2.91  2.37  2.16     3.03  2.78  3.54  3.09  2.69
 45   80     2.73  3.23  3.37  3.14  3.06  2.85  2.58  2.75  2.54  2.68  2.22  2.06     2.77  2.67  3.19  2.72  2.48
 45   90     2.58  3.03  3.04  2.73  2.64  2.44  2.22  2.39  2.23  2.41  2.03  1.92     2.47  2.51  2.80  2.35  2.22
 60   10     2.12  2.91  3.77  4.42  4.83  4.73  4.18  4.16  3.36  2.87  2.03  1.70     3.42  2.24  4.34  4.36  2.75
 60   20     2.29  3.05  3.86  4.42  4.78  4.64  4.10  4.12  3.38  2.97  2.14  1.81     3.46  2.38  4.35  4.29  2.83
 60   30     2.41  3.15  3.89  4.35  4.64  4.48  3.97  4.02  3.34  3.02  2.21  1.90     3.45  2.49  4.30  4.15  2.86
 60   40     2.49  3.19  3.87  4.21  4.44  4.25  3.77  3.85  3.25  3.01  2.24  1.95     3.38  2.54  4.17  3.96  2.84
 60   50     2.53  3.19  3.77  4.00  4.18  3.98  3.53  3.63  3.11  2.94  2.23  1.95     3.25  2.56  3.98  3.71  2.76
 60   60     2.53  3.15  3.62  3.74  3.87  3.66  3.26  3.37  2.92  2.82  2.16  1.92     3.09  2.53  3.74  3.43  2.63
 60   70     2.48  3.04  3.41  3.42  3.51  3.30  2.94  3.06  2.70  2.66  2.06  1.86     2.87  2.46  3.45  3.10  2.47
 60   80     2.38  2.91  3.17  3.08  3.14  2.94  2.62  2.74  2.44  2.44  1.92  1.76     2.63  2.35  3.13  2.77  2.27
 60   90     2.25  2.74  2.88  2.70  2.75  2.56  2.30  2.40  2.16  2.20  1.74  1.62     2.36  2.20  2.77  2.42  2.03
 75   10     2.04  2.82  3.69  4.37  4.81  4.72  4.17  4.13  3.31  2.79  1.95  1.62     3.37  2.16  4.29  4.34  2.69
 75   20     2.12  2.88  3.71  4.32  4.73  4.62  4.08  4.06  3.29  2.82  1.99  1.67     3.36  2.22  4.26  4.25  2.70
 75   30     2.17  2.90  3.69  4.21  4.59  4.45  3.93  3.93  3.22  2.81  2.00  1.69     3.30  2.25  4.16  4.11  2.68
 75   40     2.20  2.90  3.62  4.05  4.39  4.23  3.74  3.75  3.11  2.76  1.98  1.70     3.20  2.27  4.02  3.91  2.62
 75   50     2.20  2.86  3.50  3.84  4.12  3.96  3.50  3.53  2.95  2.67  1.94  1.67     3.06  2.24  3.82  3.66  2.52
 75   60     2.17  2.80  3.34  3.58  3.84  3.66  3.23  3.27  2.76  2.53  1.85  1.62     2.89  2.20  3.58  3.38  2.38
 75   70     2.12  2.70  3.15  3.29  3.50  3.32  2.94  2.98  2.55  2.37  1.75  1.55     2.69  2.12  3.31  3.08  2.22
 75   80     2.02  2.58  2.92  2.96  3.14  2.97  2.63  2.67  2.30  2.17  1.62  1.45     2.45  2.02  3.00  2.76  2.03
 75   90     1.92  2.44  2.68  2.63  2.79  2.62  2.32  2.37  2.06  1.95  1.46  1.33     2.21  1.90  2.70  2.44  1.82
 90   10     1.94  2.72  3.60  4.31  4.79  4.71  4.15  4.09  3.26  2.71  1.86  1.54     3.31  2.06  4.23  4.32  2.61
 90   20     1.93  2.69  3.54  4.21  4.68  4.59  4.05  3.99  3.19  2.66  1.83  1.52     3.24  2.04  4.15  4.21  2.56
 90   30     1.92  2.64  3.46  4.05  4.52  4.41  3.89  3.83  3.08  2.59  1.78  1.49     3.14  2.02  4.01  4.04  2.48
 90   40     1.90  2.58  3.35  3.86  4.30  4.18  3.69  3.63  2.94  2.49  1.72  1.44     3.00  1.97  3.83  3.83  2.38
 90   50     1.87  2.52  3.19  3.63  4.04  3.91  3.44  3.40  2.77  2.36  1.64  1.40     2.85  1.93  3.62  3.59  2.26
 90   60     1.81  2.43  3.03  3.37  3.73  3.60  3.17  3.14  2.58  2.23  1.55  1.33     2.67  1.86  3.38  3.31  2.12
 90   70     1.76  2.35  2.85  3.08  3.43  3.29  2.89  2.86  2.36  2.06  1.44  1.25     2.47  1.79  3.12  3.01  1.95
 90   80     1.68  2.24  2.64  2.80  3.10  2.96  2.60  2.58  2.15  1.89  1.33  1.17     2.26  1.70  2.85  2.71  1.79
 90   90     1.60  2.14  2.43  2.48  2.75  2.61  2.30  2.28  1.91  1.70  1.20  1.06     2.04  1.60  2.55  2.40  1.60
105   10     1.84  2.62  3.51  4.25  4.76  4.69  4.13  4.06  3.21  2.62  1.78  1.46     3.24  1.97  4.17  4.30  2.54
105   20     1.75  2.49  3.37  4.09  4.62  4.56  4.02  3.91  3.09  2.49  1.67  1.37     3.12  1.87  4.03  4.16  2.42
105   30     1.67  2.38  3.21  3.88  4.42  4.36  3.84  3.72  2.93  2.35  1.56  1.28     2.97  1.77  3.84  3.97  2.28
105   40     1.60  2.27  3.04  3.64  4.17  4.11  3.62  3.49  2.76  2.20  1.46  1.21     2.80  1.69  3.62  3.74  2.14
105   50     1.54  2.17  2.87  3.38  3.90  3.82  3.36  3.24  2.56  2.06  1.35  1.14     2.62  1.62  3.38  3.47  1.99
105   60     1.48  2.09  2.69  3.12  3.59  3.51  3.09  2.98  2.37  1.90  1.26  1.06     2.43  1.54  3.14  3.19  1.84
105   70     1.44  2.01  2.51  2.85  3.27  3.19  2.80  2.70  2.17  1.76  1.16  0.99     2.24  1.48  2.88  2.90  1.69
105   80     1.38  1.93  2.34  2.56  2.97  2.88  2.52  2.42  1.95  1.60  1.06  0.93     2.04  1.41  2.62  2.61  1.54
105   90     1.32  1.85  2.15  2.30  2.65  2.56  2.24  2.16  1.75  1.45  0.96  0.85     1.85  1.34  2.37  2.32  1.39
120   10     1.75  2.52  3.43  4.20  4.73  4.68  4.12  4.02  3.16  2.54  1.70  1.38     3.19  1.88  4.12  4.28  2.46
120   20     1.57  2.31  3.20  3.97  4.56  4.53  3.98  3.84  2.98  2.33  1.51  1.23     3.00  1.70  3.91  4.12  2.27
120   30     1.43  2.12  2.96  3.70  4.32  4.30  3.78  3.61  2.78  2.12  1.35  1.09     2.80  1.55  3.66  3.90  2.08
120   40     1.33  1.96  2.73  3.41  4.03  4.02  3.53  3.34  2.57  1.92  1.21  0.99     2.59  1.43  3.39  3.63  1.90
120   50     1.25  1.85  2.52  3.11  3.71  3.70  3.26  3.06  2.35  1.75  1.11  0.91     2.38  1.34  3.12  3.34  1.73
120   60     1.20  1.77  2.34  2.83  3.39  3.38  2.97  2.78  2.14  1.60  1.01  0.85     2.19  1.27  2.85  3.04  1.59
120   70     1.17  1.70  2.18  2.56  3.08  3.05  2.68  2.51  1.94  1.46  0.92  0.79     2.00  1.22  2.61  2.75  1.44
120   80     1.13  1.65  2.02  2.31  2.77  2.73  2.40  2.25  1.76  1.32  0.85  0.74     1.83  1.18  2.37  2.46  1.31
120   90     1.11  1.60  1.89  2.06  2.48  2.44  2.14  2.00  1.58  1.21  0.78  0.69     1.66  1.13  2.14  2.19  1.19
135   10     1.66  2.44  3.35  4.15  4.71  4.67  4.11  4.00  3.11  2.46  1.63  1.32     3.13  1.81  4.07  4.26  2.40
135   20     1.41  2.14  3.04  3.87  4.50  4.50  3.96  3.78  2.89  2.18  1.37  1.10     2.90  1.55  3.80  4.08  2.15
135   30     1.21  1.88  2.73  3.54  4.22  4.25  3.73  3.51  2.64  1.90  1.16  0.92     2.64  1.34  3.49  3.83  1.90
135   40     1.09  1.69  2.43  3.18  3.87  3.93  3.45  3.19  2.38  1.66  1.00  0.81     2.39  1.20  3.16  3.52  1.68
135   50     1.03  1.56  2.19  2.83  3.50  3.57  3.14  2.87  2.13  1.47  0.90  0.75     2.16  1.11  2.84  3.19  1.50
135   60     1.00  1.50  2.00  2.52  3.15  3.20  2.83  2.56  1.92  1.32  0.82  0.70     1.96  1.06  2.56  2.86  1.35
135   70     0.98  1.46  1.86  2.26  2.82  2.86  2.53  2.29  1.73  1.21  0.76  0.67     1.78  1.03  2.31  2.56  1.23
135   80     0.97  1.44  1.73  2.02  2.53  2.56  2.26  2.04  1.56  1.10  0.71  0.63     1.63  1.01  2.09  2.29  1.12
135   90     0.96  1.43  1.64  1.82  2.26  2.27  2.01  1.83  1.41  1.01  0.65  0.60     1.49  1.00  1.91  2.04  1.02
150   10     1.60  2.37  3.29  4.11  4.69  4.66  4.10  3.98  3.08  2.40  1.57  1.26     3.09  1.74  4.03  4.25  2.35
150   20     1.27  2.01  2.92  3.79  4.46  4.49  3.94  3.73  2.82  2.06  1.26  0.99     2.81  1.43  3.72  4.05  2.04
150   30     1.03  1.68  2.52  3.40  4.14  4.22  3.70  3.43  2.52  1.71  1.00  0.79     2.51  1.17  3.36  3.78  1.74
150   40     0.91  1.44  2.15  2.97  3.75  3.87  3.40  3.07  2.20  1.41  0.83  0.70     2.23  1.02  2.96  3.45  1.48
150   50     0.89  1.33  1.87  2.55  3.30  3.46  3.04  2.68  1.92  1.22  0.76  0.68     1.98  0.97  2.57  3.06  1.30
150   60     0.89  1.30  1.69  2.20  2.87  3.02  2.67  2.33  1.70  1.10  0.72  0.66     1.76  0.95  2.25  2.68  1.17
150   70     0.90  1.31  1.58  1.94  2.52  2.64  2.35  2.06  1.53  1.02  0.68  0.63     1.60  0.94  2.01  2.35  1.08
150   80     0.90  1.31  1.50  1.75  2.24  2.34  2.09  1.84  1.39  0.94  0.64  0.61     1.46  0.94  1.83  2.09  0.99
150   90     0.90  1.33  1.44  1.59  2.01  2.08  1.86  1.65  1.27  0.89  0.61  0.58     1.35  0.94  1.68  1.86  0.92
165   10     1.55  2.33  3.25  4.09  4.68  4.66  4.10  3.96  3.06  2.37  1.54  1.23     3.07  1.70  4.01  4.24  2.32
165   20     1.18  1.92  2.83  3.74  4.44  4.48  3.93  3.71  2.77  1.97  1.18  0.92     2.76  1.34  3.67  4.04  1.98
165   30     0.90  1.52  2.37  3.32  4.12  4.21  3.69  3.39  2.44  1.56  0.87  0.71     2.42  1.04  3.27  3.76  1.63
165   40     0.89  1.24  1.92  2.84  3.71  3.86  3.38  3.01  2.07  1.20  0.77  0.70     2.13  0.94  2.82  3.42  1.35
165   50     0.89  1.23  1.58  2.31  3.23  3.44  3.02  2.57  1.73  1.03  0.74  0.68     1.87  0.93  2.38  3.01  1.17
165   60     0.89  1.25  1.45  1.89  2.70  2.97  2.61  2.12  1.50  0.97  0.71  0.66     1.64  0.93  2.01  2.57  1.06
165   70     0.89  1.27  1.39  1.66  2.24  2.46  2.19  1.84  1.37  0.93  0.68  0.63     1.46  0.93  1.76  2.16  0.99
165   80     0.90  1.29  1.36  1.52  1.98  2.14  1.93  1.65  1.27  0.88  0.64  0.61     1.35  0.93  1.62  1.91  0.93
165   90     0.90  1.31  1.32  1.41  1.80  1.91  1.74  1.51  1.18  0.83  0.61  0.58     1.26  0.93  1.51  1.72  0.87
180   10     1.53  2.32  3.23  4.08  4.68  4.66  4.10  3.96  3.05  2.35  1.52  1.21     3.06  1.69  4.00  4.24  2.31
180   20     1.15  1.88  2.79  3.73  4.44  4.48  3.93  3.70  2.76  1.94  1.15  0.89     2.74  1.30  3.65  4.04  1.95
180   30     0.88  1.45  2.31  3.30  4.11  4.21  3.69  3.38  2.41  1.50  0.82  0.71     2.40  1.01  3.24  3.76  1.58
180   40     0.89  1.21  1.80  2.81  3.70  3.86  3.38  2.99  2.03  1.08  0.77  0.70     2.10  0.93  2.77  3.41  1.30
180   50     0.89  1.23  1.40  2.27  3.22  3.44  3.02  2.56  1.63  1.01  0.74  0.68     1.84  0.93  2.30  3.00  1.13
180   60     0.89  1.25  1.37  1.71  2.69  2.97  2.61  2.09  1.39  0.97  0.71  0.66     1.61  0.93  1.92  2.56  1.02
180   70     0.89  1.27  1.35  1.51  2.13  2.45  2.17  1.72  1.31  0.92  0.68  0.63     1.42  0.93  1.66  2.12  0.97
180   80     0.90  1.29  1.32  1.42  1.88  2.06  1.87  1.57  1.23  0.88  0.64  0.61     1.30  0.93  1.54  1.83  0.92
180   90     0.90  1.31  1.29  1.33  1.72  1.85  1.69  1.45  1.14  0.83  0.61  0.58     1.22  0.93  1.45  1.66  0.86
             65.3  57.8  40.4  22.7  10.9   4.3   6.4  15.9  28.5  46.0  57.3  62.4     33.1  61.7  24.1   9.3  43.9
             3.37  3.97  4.34  4.61  4.87  4.76  4.20  4.25  3.58  3.56  2.97  2.67     3.93  3.33  4.53  4.39  3.32
             2.99  3.73  4.32  4.55  4.62  4.40  3.94  4.12  3.57  3.49  2.76  2.40     3.74  3.04  4.50  4.16  3.27
             1.13  1.06  1.00  1.01  1.05  1.08  1.07  1.03  1.00  1.02  1.08  1.11     1.05  1.10  1.02  1.06  1.03
             1.55  1.36  1.19  1.04  0.96  0.93  0.94  0.99  1.09  1.28  1.46  1.54     1.19  1.48  1.07  0.95  1.27
temperature  -2.0  -1.3   2.2   8.7  14.0  18.2  21.7  23.3  18.7  12.1   5.9   0.9     10.2  -0.8   8.3  21.1  12.2
diffusedrad  1.09  1.52  1.88  2.18  2.50  2.72  2.61  2.38  1.92  1.39  1.01  0.89     1.84  1.17  2.19  2.57  1.44
snow10cm     0.55  0.64  0.22  0.00  0.00  0.00  0.00  0.00  0.00  0.00  0.01  0.15     0.13  0.45  0.07  0.00  0.00
