2 33716   北上            39 17.3  141  6.6   61
             1.65  2.40  3.34  4.22  4.70  4.55  4.08  4.03  3.09  2.66  1.75  1.32     3.15  1.79  4.09  4.22  2.50
             1.88  2.79  3.82  4.86  5.69  5.29  4.97  4.99  3.73  3.03  2.09  1.62     3.34  2.04  4.42  4.73  2.83
             1.36  1.96  2.88  3.50  3.94  3.82  3.40  3.17  2.47  2.13  1.20  1.08     2.91  1.55  3.62  3.77  2.11
  0   10     1.90  2.65  3.60  4.38  4.74  4.54  4.09  4.10  3.23  2.94  2.00  1.52     3.31  2.02  4.24  4.24  2.72
  0   20     2.11  2.88  3.79  4.45  4.70  4.46  4.03  4.10  3.31  3.15  2.21  1.69     3.41  2.23  4.31  4.20  2.90
  0   30     2.29  3.05  3.89  4.42  4.56  4.29  3.89  4.02  3.33  3.30  2.38  1.83     3.44  2.39  4.29  4.07  3.01
  0   40     2.42  3.16  3.92  4.30  4.32  4.04  3.69  3.87  3.28  3.38  2.50  1.93     3.40  2.50  4.18  3.87  3.05
  0   50     2.50  3.22  3.86  4.09  4.02  3.73  3.42  3.64  3.16  3.38  2.56  1.99     3.30  2.57  3.99  3.60  3.03
  0   60     2.53  3.21  3.72  3.80  3.64  3.35  3.10  3.34  2.98  3.30  2.56  2.00     3.13  2.58  3.72  3.27  2.94
  0   70     2.51  3.14  3.51  3.43  3.19  2.93  2.74  2.99  2.74  3.14  2.50  1.98     2.90  2.54  3.38  2.88  2.79
  0   80     2.44  3.01  3.22  3.00  2.70  2.48  2.35  2.58  2.46  2.92  2.38  1.90     2.62  2.45  2.97  2.47  2.59
  0   90     2.32  2.82  2.87  2.51  2.19  2.02  1.94  2.15  2.13  2.63  2.21  1.79     2.30  2.31  2.53  2.04  2.32
 15   10     1.89  2.64  3.59  4.37  4.75  4.54  4.09  4.09  3.23  2.93  1.98  1.51     3.30  2.01  4.24  4.24  2.71
 15   20     2.10  2.86  3.77  4.44  4.69  4.46  4.02  4.09  3.30  3.14  2.19  1.68     3.40  2.21  4.30  4.19  2.88
 15   30     2.27  3.02  3.87  4.41  4.56  4.29  3.89  4.02  3.32  3.28  2.35  1.81     3.42  2.37  4.28  4.07  2.98
 15   40     2.39  3.13  3.89  4.29  4.33  4.05  3.69  3.86  3.26  3.34  2.46  1.90     3.38  2.48  4.17  3.87  3.02
 15   50     2.47  3.18  3.83  4.08  4.02  3.74  3.43  3.63  3.14  3.34  2.50  1.96     3.28  2.54  3.98  3.60  2.99
 15   60     2.50  3.17  3.69  3.79  3.65  3.37  3.11  3.34  2.96  3.25  2.50  1.97     3.11  2.54  3.71  3.28  2.90
 15   70     2.47  3.09  3.48  3.43  3.22  2.96  2.75  3.00  2.73  3.09  2.43  1.94     2.88  2.50  3.38  2.90  2.75
 15   80     2.40  2.96  3.19  3.01  2.75  2.52  2.37  2.61  2.45  2.87  2.31  1.86     2.61  2.41  2.98  2.50  2.54
 15   90     2.28  2.77  2.85  2.55  2.25  2.08  1.98  2.19  2.13  2.58  2.14  1.75     2.29  2.26  2.55  2.08  2.28
 30   10     1.86  2.62  3.56  4.35  4.74  4.54  4.08  4.08  3.21  2.90  1.95  1.49     3.28  1.99  4.22  4.24  2.69
 30   20     2.05  2.80  3.72  4.41  4.69  4.46  4.02  4.08  3.27  3.08  2.13  1.64     3.36  2.16  4.27  4.18  2.83
 30   30     2.20  2.94  3.81  4.37  4.56  4.30  3.89  3.99  3.27  3.19  2.26  1.75     3.38  2.30  4.25  4.06  2.91
 30   40     2.30  3.03  3.81  4.25  4.35  4.06  3.69  3.84  3.21  3.24  2.34  1.83     3.33  2.38  4.14  3.87  2.93
 30   50     2.36  3.06  3.74  4.04  4.06  3.77  3.44  3.62  3.09  3.22  2.37  1.86     3.22  2.43  3.95  3.61  2.89
 30   60     2.37  3.03  3.59  3.76  3.70  3.42  3.14  3.34  2.91  3.12  2.35  1.86     3.05  2.42  3.69  3.30  2.79
 30   70     2.34  2.94  3.38  3.42  3.30  3.03  2.80  3.01  2.68  2.96  2.27  1.82     2.83  2.37  3.37  2.94  2.63
 30   80     2.26  2.81  3.11  3.02  2.87  2.62  2.44  2.64  2.41  2.73  2.14  1.74     2.56  2.27  3.00  2.57  2.43
 30   90     2.13  2.62  2.77  2.60  2.41  2.21  2.08  2.25  2.10  2.45  1.97  1.62     2.27  2.13  2.59  2.18  2.17
 45   10     1.82  2.57  3.52  4.32  4.73  4.54  4.08  4.06  3.18  2.85  1.91  1.46     3.25  1.95  4.19  4.22  2.65
 45   20     1.97  2.72  3.64  4.35  4.68  4.45  4.01  4.04  3.22  2.99  2.05  1.57     3.31  2.08  4.22  4.17  2.75
 45   30     2.08  2.81  3.69  4.30  4.55  4.29  3.88  3.95  3.21  3.07  2.14  1.65     3.30  2.18  4.18  4.04  2.81
 45   40     2.16  2.87  3.68  4.17  4.35  4.07  3.69  3.79  3.13  3.09  2.19  1.70     3.24  2.24  4.07  3.85  2.80
 45   50     2.19  2.88  3.60  3.97  4.08  3.79  3.45  3.58  3.00  3.03  2.19  1.72     3.12  2.26  3.88  3.61  2.74
 45   60     2.18  2.83  3.44  3.70  3.75  3.46  3.15  3.30  2.83  2.93  2.15  1.70     2.95  2.24  3.63  3.31  2.63
 45   70     2.13  2.73  3.23  3.38  3.38  3.11  2.84  3.00  2.60  2.76  2.06  1.64     2.74  2.17  3.33  2.98  2.47
 45   80     2.04  2.60  2.97  3.01  2.97  2.73  2.51  2.65  2.35  2.54  1.93  1.56     2.49  2.07  2.99  2.63  2.27
 45   90     1.92  2.42  2.66  2.63  2.57  2.34  2.16  2.30  2.06  2.28  1.75  1.44     2.21  1.93  2.62  2.27  2.03
 60   10     1.77  2.51  3.46  4.28  4.71  4.53  4.07  4.04  3.15  2.79  1.85  1.41     3.21  1.90  4.15  4.21  2.60
 60   20     1.87  2.60  3.54  4.27  4.66  4.44  3.99  3.99  3.16  2.87  1.94  1.48     3.23  1.99  4.16  4.14  2.66
 60   30     1.94  2.66  3.55  4.20  4.53  4.29  3.86  3.89  3.12  2.90  1.99  1.53     3.20  2.04  4.09  4.01  2.67
 60   40     1.97  2.67  3.50  4.06  4.32  4.07  3.67  3.73  3.03  2.89  2.00  1.55     3.12  2.06  3.96  3.82  2.64
 60   50     1.98  2.65  3.40  3.86  4.07  3.81  3.43  3.51  2.89  2.82  1.97  1.54     2.99  2.06  3.77  3.58  2.56
 60   60     1.95  2.59  3.25  3.60  3.77  3.50  3.17  3.25  2.71  2.69  1.91  1.50     2.82  2.01  3.54  3.31  2.44
 60   70     1.89  2.48  3.04  3.29  3.42  3.15  2.86  2.95  2.50  2.53  1.81  1.44     2.61  1.94  3.25  2.99  2.28
 60   80     1.80  2.36  2.80  2.96  3.06  2.81  2.55  2.64  2.25  2.32  1.68  1.35     2.38  1.84  2.94  2.67  2.08
 60   90     1.69  2.20  2.52  2.60  2.67  2.45  2.23  2.32  2.00  2.08  1.52  1.24     2.13  1.71  2.60  2.33  1.87
 75   10     1.71  2.44  3.40  4.24  4.69  4.52  4.05  4.00  3.11  2.71  1.79  1.36     3.17  1.84  4.11  4.19  2.54
 75   20     1.75  2.47  3.41  4.18  4.62  4.42  3.97  3.93  3.08  2.74  1.81  1.39     3.15  1.87  4.07  4.11  2.54
 75   30     1.77  2.47  3.37  4.07  4.47  4.26  3.83  3.81  3.01  2.72  1.82  1.39     3.08  1.88  3.97  3.97  2.51
 75   40     1.77  2.45  3.29  3.92  4.28  4.05  3.64  3.64  2.90  2.66  1.79  1.38     2.98  1.87  3.83  3.77  2.45
 75   50     1.75  2.40  3.17  3.71  4.02  3.78  3.40  3.42  2.75  2.56  1.74  1.35     2.84  1.83  3.63  3.54  2.35
 75   60     1.71  2.33  3.00  3.45  3.73  3.50  3.14  3.16  2.57  2.43  1.65  1.29     2.66  1.77  3.40  3.27  2.22
 75   70     1.64  2.23  2.81  3.17  3.41  3.18  2.86  2.89  2.36  2.26  1.55  1.23     2.47  1.70  3.13  2.97  2.06
 75   80     1.55  2.10  2.59  2.85  3.06  2.84  2.56  2.59  2.13  2.08  1.43  1.14     2.24  1.60  2.83  2.66  1.88
 75   90     1.46  1.97  2.35  2.54  2.72  2.50  2.25  2.29  1.90  1.86  1.29  1.04     2.01  1.49  2.53  2.35  1.68
 90   10     1.64  2.37  3.32  4.18  4.67  4.51  4.04  3.97  3.06  2.64  1.72  1.31     3.12  1.77  4.06  4.17  2.47
 90   20     1.63  2.33  3.26  4.08  4.57  4.40  3.94  3.87  3.00  2.58  1.69  1.28     3.05  1.75  3.97  4.07  2.42
 90   30     1.60  2.28  3.17  3.93  4.41  4.23  3.79  3.71  2.89  2.51  1.63  1.25     2.95  1.71  3.84  3.91  2.35
 90   40     1.56  2.21  3.06  3.74  4.19  4.00  3.59  3.52  2.75  2.41  1.57  1.21     2.82  1.66  3.66  3.71  2.24
 90   50     1.52  2.15  2.90  3.52  3.93  3.74  3.35  3.30  2.59  2.28  1.49  1.16     2.66  1.61  3.45  3.46  2.12
 90   60     1.46  2.05  2.74  3.26  3.64  3.45  3.09  3.04  2.40  2.15  1.41  1.09     2.48  1.53  3.21  3.19  1.99
 90   70     1.40  1.96  2.55  2.98  3.34  3.14  2.81  2.77  2.20  1.98  1.30  1.03     2.29  1.46  2.96  2.91  1.83
 90   80     1.32  1.85  2.35  2.70  3.02  2.83  2.53  2.50  2.00  1.82  1.20  0.95     2.09  1.38  2.69  2.62  1.67
 90   90     1.25  1.75  2.14  2.40  2.68  2.50  2.24  2.21  1.77  1.63  1.07  0.86     1.87  1.29  2.40  2.31  1.49
105   10     1.58  2.29  3.25  4.13  4.64  4.50  4.03  3.94  3.02  2.56  1.65  1.25     3.07  1.71  4.00  4.15  2.41
105   20     1.50  2.19  3.12  3.97  4.51  4.37  3.91  3.80  2.90  2.43  1.55  1.18     2.95  1.63  3.87  4.03  2.30
105   30     1.43  2.09  2.96  3.77  4.32  4.18  3.74  3.61  2.76  2.29  1.46  1.11     2.81  1.54  3.68  3.84  2.17
105   40     1.36  1.99  2.80  3.53  4.08  3.94  3.52  3.39  2.59  2.15  1.36  1.05     2.65  1.47  3.47  3.62  2.04
105   50     1.30  1.89  2.63  3.29  3.80  3.66  3.27  3.15  2.41  2.01  1.26  0.98     2.47  1.39  3.24  3.36  1.89
105   60     1.24  1.80  2.45  3.03  3.51  3.37  3.01  2.89  2.22  1.85  1.17  0.92     2.29  1.32  3.00  3.09  1.75
105   70     1.19  1.71  2.27  2.76  3.19  3.06  2.73  2.62  2.03  1.71  1.07  0.85     2.10  1.25  2.74  2.80  1.60
105   80     1.12  1.62  2.09  2.48  2.89  2.75  2.45  2.35  1.83  1.55  0.98  0.79     1.91  1.18  2.49  2.52  1.45
105   90     1.06  1.53  1.91  2.23  2.59  2.45  2.18  2.10  1.64  1.40  0.89  0.72     1.72  1.11  2.24  2.24  1.31
120   10     1.51  2.22  3.17  4.07  4.62  4.49  4.01  3.90  2.97  2.48  1.58  1.20     3.02  1.65  3.96  4.13  2.35
120   20     1.38  2.05  2.97  3.86  4.45  4.34  3.88  3.73  2.82  2.29  1.43  1.09     2.86  1.51  3.76  3.98  2.18
120   30     1.27  1.89  2.75  3.60  4.22  4.13  3.69  3.51  2.63  2.09  1.28  0.99     2.67  1.38  3.52  3.77  2.00
120   40     1.18  1.75  2.53  3.32  3.94  3.86  3.45  3.25  2.43  1.90  1.16  0.90     2.47  1.28  3.26  3.52  1.83
120   50     1.11  1.65  2.33  3.03  3.63  3.56  3.18  2.98  2.23  1.72  1.06  0.83     2.27  1.20  3.00  3.24  1.67
120   60     1.05  1.56  2.15  2.75  3.32  3.24  2.90  2.70  2.03  1.58  0.97  0.78     2.09  1.13  2.74  2.95  1.52
120   70     1.01  1.48  1.99  2.49  3.01  2.93  2.62  2.44  1.84  1.44  0.89  0.72     1.90  1.07  2.50  2.66  1.39
120   80     0.97  1.42  1.82  2.25  2.71  2.63  2.34  2.19  1.66  1.30  0.81  0.67     1.73  1.02  2.26  2.39  1.26
120   90     0.93  1.36  1.68  2.01  2.42  2.34  2.08  1.94  1.49  1.19  0.74  0.62     1.57  0.97  2.04  2.12  1.14
135   10     1.46  2.16  3.11  4.03  4.60  4.48  4.00  3.88  2.94  2.41  1.52  1.16     2.98  1.59  3.91  4.12  2.29
135   20     1.28  1.93  2.84  3.77  4.40  4.32  3.86  3.68  2.74  2.15  1.31  1.00     2.77  1.40  3.67  3.95  2.07
135   30     1.12  1.72  2.55  3.45  4.13  4.08  3.64  3.41  2.51  1.89  1.13  0.87     2.54  1.24  3.38  3.71  1.84
135   40     1.02  1.55  2.28  3.10  3.79  3.78  3.37  3.11  2.27  1.66  0.99  0.79     2.31  1.12  3.06  3.42  1.64
135   50     0.96  1.44  2.05  2.77  3.43  3.44  3.07  2.80  2.04  1.47  0.89  0.73     2.09  1.04  2.75  3.10  1.47
135   60     0.92  1.36  1.87  2.47  3.08  3.09  2.76  2.50  1.83  1.33  0.82  0.68     1.89  0.99  2.47  2.78  1.33
135   70     0.89  1.30  1.71  2.21  2.77  2.76  2.48  2.23  1.65  1.21  0.75  0.64     1.72  0.95  2.23  2.49  1.20
135   80     0.87  1.27  1.58  1.98  2.48  2.46  2.21  1.99  1.49  1.10  0.70  0.60     1.56  0.91  2.01  2.22  1.10
135   90     0.85  1.23  1.47  1.78  2.22  2.19  1.97  1.78  1.34  1.01  0.64  0.56     1.42  0.88  1.82  1.98  1.00
150   10     1.42  2.11  3.06  3.99  4.58  4.47  4.00  3.86  2.90  2.36  1.48  1.12     2.95  1.55  3.88  4.11  2.25
150   20     1.19  1.83  2.73  3.69  4.36  4.30  3.84  3.63  2.67  2.04  1.22  0.93     2.70  1.32  3.60  3.92  1.98
150   30     1.00  1.57  2.38  3.32  4.06  4.06  3.61  3.34  2.40  1.71  1.00  0.78     2.44  1.12  3.25  3.67  1.71
150   40     0.91  1.37  2.04  2.91  3.68  3.73  3.32  2.99  2.12  1.44  0.85  0.71     2.17  1.00  2.88  3.35  1.47
150   50     0.88  1.27  1.78  2.51  3.25  3.34  2.98  2.62  1.85  1.24  0.78  0.68     1.93  0.94  2.51  2.98  1.29
150   60     0.86  1.22  1.60  2.17  2.83  2.93  2.63  2.29  1.64  1.12  0.74  0.65     1.72  0.91  2.20  2.61  1.17
150   70     0.85  1.20  1.48  1.92  2.48  2.56  2.31  2.02  1.48  1.04  0.69  0.62     1.55  0.89  1.96  2.30  1.07
150   80     0.83  1.18  1.38  1.72  2.21  2.27  2.05  1.80  1.35  0.96  0.65  0.59     1.42  0.87  1.77  2.04  0.99
150   90     0.81  1.17  1.31  1.56  1.98  2.02  1.82  1.62  1.22  0.90  0.60  0.55     1.30  0.84  1.62  1.82  0.91
165   10     1.39  2.09  3.02  3.97  4.57  4.47  3.99  3.85  2.89  2.33  1.45  1.10     2.93  1.52  3.86  4.10  2.22
165   20     1.13  1.77  2.66  3.65  4.34  4.30  3.83  3.61  2.63  1.97  1.16  0.88     2.66  1.26  3.55  3.91  1.92
165   30     0.92  1.45  2.25  3.25  4.03  4.05  3.60  3.30  2.34  1.59  0.90  0.73     2.37  1.03  3.18  3.65  1.61
165   40     0.89  1.23  1.85  2.79  3.64  3.72  3.31  2.94  2.01  1.25  0.80  0.71     2.09  0.94  2.76  3.32  1.35
165   50     0.88  1.19  1.53  2.29  3.18  3.33  2.96  2.52  1.69  1.07  0.77  0.68     1.84  0.92  2.34  2.94  1.18
165   60     0.86  1.18  1.39  1.88  2.67  2.88  2.57  2.09  1.48  1.01  0.73  0.65     1.62  0.90  1.98  2.51  1.07
165   70     0.85  1.18  1.32  1.65  2.21  2.40  2.16  1.80  1.35  0.96  0.69  0.62     1.43  0.88  1.73  2.12  1.00
165   80     0.83  1.17  1.27  1.51  1.96  2.08  1.90  1.62  1.25  0.90  0.65  0.59     1.31  0.86  1.58  1.87  0.93
165   90     0.81  1.16  1.21  1.39  1.77  1.87  1.71  1.48  1.15  0.85  0.60  0.55     1.21  0.84  1.46  1.68  0.87
180   10     1.38  2.07  3.01  3.97  4.57  4.47  3.99  3.85  2.88  2.32  1.44  1.09     2.92  1.51  3.85  4.10  2.21
180   20     1.10  1.74  2.63  3.64  4.34  4.30  3.83  3.60  2.62  1.93  1.14  0.86     2.64  1.24  3.54  3.91  1.90
180   30     0.90  1.40  2.21  3.23  4.02  4.04  3.60  3.29  2.32  1.53  0.86  0.73     2.34  1.01  3.15  3.65  1.57
180   40     0.89  1.20  1.75  2.77  3.63  3.72  3.30  2.92  1.97  1.14  0.80  0.71     2.07  0.93  2.72  3.31  1.30
180   50     0.88  1.19  1.37  2.26  3.17  3.33  2.96  2.51  1.61  1.05  0.77  0.68     1.81  0.92  2.27  2.93  1.14
180   60     0.86  1.18  1.33  1.72  2.66  2.88  2.56  2.06  1.38  1.00  0.73  0.65     1.59  0.90  1.90  2.50  1.04
180   70     0.85  1.18  1.28  1.51  2.12  2.40  2.14  1.70  1.29  0.95  0.69  0.62     1.39  0.88  1.64  2.08  0.98
180   80     0.83  1.17  1.24  1.41  1.86  2.01  1.84  1.54  1.21  0.90  0.65  0.59     1.27  0.86  1.50  1.80  0.92
180   90     0.81  1.16  1.19  1.32  1.70  1.80  1.66  1.42  1.12  0.85  0.60  0.55     1.18  0.84  1.40  1.63  0.86
             61.0  53.7  38.1  22.0  10.5   4.2   6.2  15.4  27.3  44.7  54.8  58.4     29.5  57.4  22.7   9.0  41.9
             2.53  3.22  3.92  4.45  4.74  4.56  4.09  4.11  3.33  3.39  2.56  2.00     3.58  2.58  4.31  4.24  3.05
             2.28  3.04  3.89  4.42  4.57  4.30  3.90  4.03  3.33  3.30  2.38  1.82     3.44  2.38  4.29  4.08  3.00
             1.11  1.06  1.01  1.01  1.04  1.06  1.05  1.02  1.00  1.03  1.08  1.10     1.05  1.09  1.02  1.04  1.03
             1.38  1.27  1.16  1.05  0.97  0.95  0.96  1.00  1.08  1.24  1.36  1.38     1.15  1.34  1.06  0.97  1.23
temperature  -1.3  -0.6   2.9   9.2  14.5  18.7  22.1  23.7  19.3  12.9   6.6   1.5     10.8  -0.1   8.9  21.5  12.9
diffusedrad  1.05  1.46  1.83  2.18  2.48  2.69  2.59  2.33  1.88  1.43  1.01  0.86     1.81  1.12  2.16  2.54  1.44
snow10cm     0.47  0.52  0.14  0.00  0.00  0.00  0.00  0.00  0.00  0.00  0.01  0.14     0.11  0.37  0.05  0.00  0.00
