2 34012   駒ノ湯          38 54.8  140 49.7  525
             1.70  2.46  3.41  4.41  4.65  4.27  3.72  3.63  2.91  2.62  1.83  1.40     3.09  1.86  4.16  3.87  2.45
             2.12  2.97  3.79  5.17  5.44  5.47  4.45  4.65  3.43  2.94  2.21  1.60     3.31  2.17  4.58  4.43  2.65
             1.45  2.12  2.99  3.73  3.90  3.34  2.96  2.85  2.42  2.06  1.27  1.08     2.89  1.62  3.78  3.36  2.23
  0   10     1.94  2.69  3.65  4.57  4.68  4.26  3.73  3.67  3.04  2.87  2.09  1.60     3.23  2.08  4.30  3.89  2.67
  0   20     2.14  2.91  3.85  4.66  4.64  4.19  3.68  3.67  3.10  3.08  2.33  1.78     3.33  2.28  4.38  3.84  2.84
  0   30     2.32  3.08  3.99  4.65  4.50  4.03  3.56  3.59  3.11  3.21  2.51  1.93     3.37  2.44  4.38  3.73  2.94
  0   40     2.45  3.21  4.06  4.56  4.27  3.80  3.38  3.45  3.05  3.28  2.64  2.04     3.35  2.57  4.30  3.54  2.99
  0   50     2.55  3.29  4.08  4.39  3.97  3.52  3.14  3.25  2.93  3.27  2.71  2.12     3.27  2.65  4.14  3.30  2.97
  0   60     2.60  3.31  4.03  4.15  3.59  3.17  2.86  2.99  2.76  3.18  2.71  2.15     3.13  2.69  3.92  3.01  2.89
  0   70     2.61  3.28  3.91  3.83  3.16  2.78  2.54  2.69  2.54  3.03  2.65  2.14     2.93  2.67  3.63  2.67  2.74
  0   80     2.56  3.19  3.74  3.44  2.68  2.38  2.19  2.34  2.28  2.81  2.54  2.09     2.69  2.62  3.29  2.30  2.54
  0   90     2.48  3.06  3.52  3.01  2.19  1.95  1.84  1.97  1.98  2.53  2.36  2.00     2.41  2.51  2.91  1.92  2.29
 15   10     1.93  2.68  3.65  4.56  4.68  4.26  3.73  3.67  3.03  2.87  2.08  1.59     3.23  2.07  4.30  3.89  2.66
 15   20     2.13  2.89  3.83  4.65  4.63  4.18  3.67  3.66  3.09  3.06  2.30  1.77     3.32  2.26  4.37  3.84  2.82
 15   30     2.30  3.06  3.96  4.64  4.50  4.03  3.56  3.59  3.09  3.19  2.47  1.91     3.36  2.42  4.37  3.73  2.92
 15   40     2.43  3.18  4.04  4.56  4.28  3.81  3.38  3.45  3.03  3.24  2.59  2.02     3.33  2.54  4.29  3.54  2.96
 15   50     2.52  3.25  4.04  4.38  3.97  3.52  3.14  3.25  2.92  3.23  2.65  2.09     3.25  2.62  4.13  3.30  2.93
 15   60     2.56  3.27  3.99  4.14  3.61  3.19  2.87  2.99  2.75  3.14  2.65  2.12     3.11  2.65  3.92  3.02  2.84
 15   70     2.57  3.23  3.88  3.83  3.19  2.81  2.55  2.69  2.53  2.98  2.58  2.10     2.91  2.63  3.63  2.68  2.70
 15   80     2.52  3.15  3.71  3.46  2.73  2.41  2.21  2.35  2.27  2.76  2.46  2.05     2.67  2.57  3.30  2.33  2.50
 15   90     2.44  3.01  3.49  3.05  2.25  2.00  1.87  2.00  1.97  2.48  2.29  1.95     2.40  2.47  2.93  1.96  2.25
 30   10     1.91  2.66  3.62  4.54  4.68  4.26  3.73  3.66  3.02  2.84  2.05  1.57     3.21  2.04  4.28  3.88  2.63
 30   20     2.08  2.84  3.79  4.61  4.63  4.18  3.67  3.65  3.06  3.00  2.24  1.72     3.29  2.21  4.34  3.83  2.77
 30   30     2.23  2.98  3.90  4.60  4.50  4.03  3.55  3.56  3.05  3.11  2.38  1.85     3.31  2.35  4.33  3.71  2.85
 30   40     2.34  3.08  3.96  4.51  4.29  3.82  3.37  3.43  2.99  3.15  2.47  1.94     3.28  2.45  4.25  3.54  2.87
 30   50     2.41  3.13  3.96  4.35  4.01  3.54  3.15  3.23  2.87  3.12  2.51  1.99     3.19  2.51  4.10  3.30  2.83
 30   60     2.45  3.14  3.89  4.11  3.66  3.22  2.88  2.98  2.69  3.02  2.49  2.01     3.04  2.53  3.89  3.03  2.73
 30   70     2.44  3.09  3.78  3.82  3.27  2.86  2.58  2.69  2.48  2.85  2.41  1.99     2.86  2.51  3.62  2.71  2.58
 30   80     2.39  3.00  3.62  3.47  2.84  2.49  2.26  2.37  2.23  2.63  2.29  1.93     2.63  2.44  3.31  2.37  2.38
 30   90     2.30  2.87  3.41  3.10  2.40  2.11  1.94  2.03  1.94  2.36  2.11  1.83     2.37  2.33  2.97  2.03  2.14
 45   10     1.87  2.62  3.58  4.51  4.67  4.26  3.72  3.65  2.99  2.79  2.00  1.53     3.18  2.01  4.25  3.88  2.60
 45   20     2.01  2.76  3.71  4.55  4.62  4.18  3.66  3.62  3.02  2.92  2.15  1.66     3.24  2.14  4.30  3.82  2.69
 45   30     2.12  2.86  3.80  4.53  4.49  4.03  3.54  3.53  3.00  2.99  2.25  1.75     3.24  2.24  4.27  3.70  2.75
 45   40     2.21  2.94  3.83  4.43  4.29  3.82  3.36  3.38  2.92  3.00  2.31  1.81     3.19  2.32  4.18  3.52  2.74
 45   50     2.25  2.96  3.82  4.27  4.03  3.56  3.14  3.19  2.79  2.94  2.31  1.84     3.09  2.35  4.04  3.30  2.68
 45   60     2.27  2.95  3.75  4.05  3.70  3.25  2.88  2.95  2.62  2.84  2.27  1.84     2.95  2.35  3.83  3.03  2.58
 45   70     2.25  2.89  3.64  3.78  3.34  2.92  2.60  2.67  2.40  2.67  2.19  1.81     2.76  2.31  3.59  2.73  2.42
 45   80     2.19  2.81  3.49  3.46  2.94  2.57  2.30  2.37  2.17  2.45  2.06  1.74     2.54  2.25  3.30  2.41  2.22
 45   90     2.10  2.68  3.30  3.13  2.55  2.22  1.99  2.06  1.90  2.20  1.88  1.64     2.31  2.14  2.99  2.09  1.99
 60   10     1.82  2.56  3.53  4.47  4.66  4.25  3.71  3.63  2.96  2.73  1.94  1.49     3.15  1.96  4.22  3.86  2.54
 60   20     1.91  2.65  3.61  4.48  4.59  4.17  3.64  3.58  2.96  2.81  2.03  1.57     3.17  2.04  4.23  3.80  2.60
 60   30     1.99  2.72  3.66  4.43  4.47  4.02  3.52  3.48  2.92  2.83  2.09  1.63     3.15  2.11  4.18  3.67  2.61
 60   40     2.03  2.75  3.67  4.32  4.26  3.81  3.34  3.33  2.82  2.81  2.11  1.66     3.08  2.15  4.08  3.49  2.58
 60   50     2.06  2.75  3.63  4.15  4.02  3.56  3.13  3.13  2.69  2.74  2.08  1.66     2.97  2.16  3.93  3.27  2.50
 60   60     2.05  2.73  3.56  3.94  3.72  3.28  2.88  2.90  2.52  2.61  2.02  1.64     2.82  2.14  3.74  3.02  2.38
 60   70     2.02  2.66  3.45  3.69  3.38  2.96  2.61  2.63  2.31  2.45  1.93  1.60     2.64  2.09  3.50  2.73  2.23
 60   80     1.96  2.58  3.33  3.41  3.02  2.63  2.32  2.36  2.09  2.24  1.80  1.53     2.44  2.02  3.25  2.44  2.04
 60   90     1.88  2.48  3.16  3.11  2.65  2.30  2.04  2.07  1.84  2.01  1.64  1.43     2.22  1.93  2.97  2.13  1.83
 75   10     1.76  2.50  3.47  4.42  4.63  4.24  3.70  3.60  2.93  2.67  1.87  1.44     3.10  1.90  4.17  3.85  2.49
 75   20     1.80  2.54  3.49  4.39  4.56  4.15  3.62  3.54  2.90  2.68  1.90  1.47     3.09  1.94  4.15  3.77  2.49
 75   30     1.83  2.55  3.50  4.30  4.42  4.00  3.49  3.42  2.82  2.66  1.91  1.48     3.03  1.95  4.07  3.63  2.46
 75   40     1.85  2.55  3.46  4.17  4.22  3.79  3.31  3.26  2.71  2.59  1.88  1.48     2.94  1.96  3.95  3.46  2.40
 75   50     1.84  2.52  3.42  4.00  3.97  3.54  3.10  3.06  2.57  2.50  1.84  1.47     2.82  1.94  3.79  3.23  2.30
 75   60     1.82  2.48  3.34  3.79  3.69  3.27  2.85  2.83  2.39  2.36  1.75  1.43     2.67  1.91  3.60  2.98  2.17
 75   70     1.78  2.42  3.24  3.56  3.37  2.97  2.60  2.58  2.20  2.20  1.66  1.38     2.50  1.86  3.39  2.71  2.02
 75   80     1.73  2.35  3.12  3.29  3.03  2.65  2.32  2.31  1.98  2.01  1.54  1.31     2.30  1.79  3.15  2.43  1.84
 75   90     1.67  2.27  3.00  3.04  2.69  2.34  2.04  2.04  1.76  1.80  1.39  1.23     2.11  1.72  2.91  2.14  1.65
 90   10     1.70  2.43  3.40  4.37  4.61  4.23  3.69  3.58  2.89  2.59  1.80  1.38     3.06  1.84  4.13  3.83  2.43
 90   20     1.69  2.41  3.36  4.28  4.51  4.13  3.60  3.49  2.82  2.54  1.76  1.36     3.00  1.82  4.05  3.74  2.38
 90   30     1.67  2.37  3.31  4.15  4.35  3.96  3.46  3.35  2.72  2.46  1.71  1.34     2.90  1.79  3.94  3.59  2.30
 90   40     1.65  2.33  3.25  3.99  4.14  3.75  3.27  3.17  2.58  2.36  1.65  1.30     2.79  1.76  3.79  3.40  2.20
 90   50     1.62  2.29  3.17  3.81  3.89  3.50  3.05  2.97  2.43  2.23  1.58  1.27     2.65  1.73  3.62  3.17  2.08
 90   60     1.59  2.23  3.09  3.60  3.60  3.23  2.81  2.73  2.25  2.10  1.49  1.22     2.50  1.68  3.43  2.92  1.95
 90   70     1.56  2.18  3.00  3.37  3.30  2.94  2.55  2.48  2.06  1.93  1.39  1.18     2.33  1.64  3.22  2.66  1.79
 90   80     1.51  2.11  2.91  3.14  2.99  2.64  2.29  2.24  1.86  1.77  1.29  1.12     2.15  1.58  3.01  2.39  1.64
 90   90     1.47  2.06  2.81  2.90  2.66  2.33  2.03  1.98  1.65  1.58  1.17  1.05     1.97  1.53  2.79  2.11  1.47
105   10     1.64  2.36  3.33  4.31  4.59  4.22  3.68  3.55  2.85  2.52  1.72  1.33     3.01  1.78  4.08  3.82  2.36
105   20     1.57  2.27  3.23  4.17  4.46  4.10  3.58  3.44  2.75  2.40  1.63  1.26     2.90  1.70  3.95  3.70  2.26
105   30     1.51  2.19  3.12  3.99  4.27  3.92  3.42  3.27  2.61  2.26  1.53  1.20     2.77  1.63  3.79  3.54  2.13
105   40     1.46  2.12  3.01  3.78  4.03  3.70  3.22  3.07  2.45  2.12  1.43  1.14     2.63  1.57  3.61  3.33  2.00
105   50     1.42  2.05  2.92  3.57  3.76  3.44  2.99  2.85  2.27  1.98  1.33  1.09     2.47  1.52  3.42  3.09  1.86
105   60     1.38  1.99  2.83  3.36  3.47  3.15  2.75  2.62  2.09  1.82  1.25  1.04     2.31  1.47  3.22  2.84  1.72
105   70     1.36  1.95  2.74  3.15  3.17  2.86  2.49  2.38  1.91  1.68  1.15  1.00     2.15  1.43  3.02  2.58  1.58
105   80     1.33  1.91  2.67  2.92  2.87  2.58  2.23  2.13  1.72  1.52  1.06  0.96     1.99  1.40  2.82  2.31  1.43
105   90     1.30  1.87  2.60  2.73  2.57  2.29  1.98  1.90  1.54  1.37  0.97  0.91     1.83  1.36  2.63  2.06  1.29
120   10     1.58  2.30  3.26  4.26  4.57  4.21  3.67  3.53  2.81  2.45  1.65  1.28     2.96  1.72  4.03  3.80  2.30
120   20     1.46  2.15  3.10  4.06  4.40  4.08  3.55  3.38  2.67  2.26  1.49  1.16     2.81  1.59  3.85  3.67  2.14
120   30     1.36  2.01  2.93  3.82  4.17  3.88  3.38  3.19  2.50  2.06  1.34  1.07     2.64  1.48  3.64  3.48  1.97
120   40     1.29  1.90  2.78  3.57  3.90  3.63  3.16  2.97  2.31  1.88  1.22  1.00     2.47  1.40  3.41  3.25  1.80
120   50     1.24  1.83  2.65  3.31  3.60  3.35  2.92  2.73  2.12  1.71  1.12  0.94     2.29  1.34  3.19  3.00  1.65
120   60     1.21  1.78  2.56  3.08  3.29  3.05  2.66  2.48  1.93  1.56  1.03  0.90     2.13  1.30  2.98  2.73  1.51
120   70     1.20  1.74  2.49  2.87  2.99  2.76  2.40  2.24  1.75  1.43  0.95  0.87     1.97  1.27  2.78  2.47  1.37
120   80     1.19  1.72  2.43  2.69  2.69  2.47  2.15  2.01  1.58  1.29  0.88  0.84     1.83  1.25  2.60  2.21  1.25
120   90     1.18  1.71  2.40  2.50  2.41  2.20  1.91  1.78  1.41  1.17  0.81  0.80     1.69  1.23  2.44  1.96  1.13
135   10     1.53  2.24  3.21  4.21  4.54  4.20  3.66  3.51  2.78  2.38  1.59  1.23     2.92  1.67  3.99  3.79  2.25
135   20     1.36  2.04  2.98  3.96  4.35  4.06  3.53  3.34  2.61  2.13  1.37  1.08     2.73  1.49  3.76  3.64  2.04
135   30     1.23  1.86  2.75  3.67  4.09  3.84  3.34  3.12  2.40  1.88  1.18  0.95     2.52  1.34  3.50  3.44  1.82
135   40     1.15  1.72  2.55  3.35  3.76  3.57  3.11  2.87  2.17  1.66  1.04  0.88     2.32  1.25  3.22  3.18  1.62
135   50     1.11  1.64  2.40  3.05  3.41  3.25  2.84  2.59  1.96  1.47  0.94  0.83     2.12  1.19  2.95  2.90  1.46
135   60     1.09  1.60  2.30  2.79  3.07  2.93  2.56  2.33  1.77  1.33  0.86  0.80     1.95  1.17  2.72  2.61  1.32
135   70     1.10  1.58  2.25  2.58  2.75  2.62  2.30  2.08  1.59  1.21  0.80  0.79     1.80  1.16  2.53  2.33  1.20
135   80     1.10  1.59  2.22  2.41  2.47  2.33  2.05  1.86  1.44  1.10  0.76  0.77     1.67  1.15  2.37  2.08  1.10
135   90     1.11  1.60  2.22  2.27  2.22  2.07  1.82  1.67  1.29  1.01  0.71  0.75     1.56  1.15  2.23  1.85  1.00
150   10     1.49  2.20  3.16  4.18  4.53  4.20  3.65  3.49  2.76  2.33  1.55  1.20     2.89  1.63  3.96  3.78  2.21
150   20     1.28  1.95  2.88  3.89  4.32  4.05  3.52  3.31  2.55  2.03  1.28  1.01     2.67  1.41  3.70  3.62  1.95
150   30     1.12  1.72  2.60  3.54  4.02  3.82  3.32  3.07  2.31  1.72  1.04  0.86     2.43  1.23  3.39  3.40  1.69
150   40     1.04  1.55  2.34  3.15  3.65  3.53  3.07  2.78  2.05  1.45  0.89  0.80     2.19  1.13  3.05  3.13  1.46
150   50     1.03  1.49  2.16  2.79  3.24  3.17  2.77  2.47  1.81  1.25  0.82  0.78     1.98  1.10  2.73  2.81  1.29
150   60     1.04  1.47  2.07  2.49  2.82  2.79  2.46  2.17  1.61  1.13  0.78  0.78     1.80  1.10  2.46  2.48  1.17
150   70     1.06  1.49  2.04  2.29  2.48  2.45  2.17  1.93  1.45  1.05  0.74  0.76     1.66  1.10  2.27  2.19  1.08
150   80     1.07  1.51  2.05  2.15  2.21  2.17  1.93  1.73  1.32  0.97  0.70  0.75     1.55  1.11  2.13  1.94  1.00
150   90     1.08  1.54  2.08  2.05  1.99  1.93  1.72  1.55  1.19  0.90  0.67  0.74     1.45  1.12  2.04  1.73  0.92
165   10     1.46  2.17  3.13  4.16  4.52  4.19  3.65  3.48  2.74  2.30  1.52  1.17     2.88  1.60  3.94  3.77  2.19
165   20     1.23  1.89  2.82  3.84  4.30  4.04  3.51  3.29  2.52  1.96  1.21  0.96     2.63  1.36  3.65  3.61  1.90
165   30     1.04  1.62  2.49  3.46  4.00  3.81  3.31  3.04  2.26  1.60  0.93  0.80     2.36  1.15  3.32  3.39  1.60
165   40     1.02  1.42  2.17  3.03  3.62  3.52  3.05  2.74  1.96  1.27  0.82  0.79     2.12  1.08  2.94  3.10  1.35
165   50     1.03  1.42  1.94  2.57  3.17  3.16  2.75  2.40  1.67  1.09  0.80  0.78     1.90  1.08  2.56  2.77  1.19
165   60     1.04  1.44  1.89  2.19  2.68  2.76  2.42  2.03  1.47  1.03  0.77  0.78     1.71  1.09  2.25  2.40  1.09
165   70     1.06  1.47  1.91  2.01  2.22  2.32  2.06  1.77  1.34  0.97  0.74  0.76     1.55  1.10  2.05  2.05  1.02
165   80     1.07  1.50  1.95  1.93  1.97  2.02  1.82  1.60  1.24  0.92  0.70  0.75     1.46  1.11  1.95  1.81  0.95
165   90     1.08  1.53  2.00  1.88  1.79  1.81  1.63  1.45  1.14  0.86  0.67  0.74     1.38  1.12  1.89  1.63  0.89
180   10     1.45  2.16  3.12  4.15  4.52  4.19  3.65  3.48  2.74  2.29  1.51  1.16     2.87  1.59  3.93  3.77  2.18
180   20     1.20  1.87  2.80  3.83  4.30  4.04  3.51  3.29  2.51  1.93  1.18  0.94     2.62  1.34  3.64  3.61  1.87
180   30     1.01  1.57  2.45  3.45  3.99  3.81  3.31  3.03  2.24  1.55  0.89  0.80     2.34  1.13  3.30  3.38  1.56
180   40     1.02  1.39  2.09  3.01  3.61  3.51  3.05  2.73  1.94  1.17  0.82  0.79     2.10  1.07  2.90  3.10  1.31
180   50     1.03  1.42  1.79  2.54  3.16  3.16  2.75  2.39  1.61  1.07  0.80  0.78     1.88  1.08  2.50  2.76  1.16
180   60     1.04  1.44  1.83  2.04  2.67  2.76  2.41  2.01  1.39  1.02  0.77  0.78     1.68  1.09  2.18  2.39  1.06
180   70     1.06  1.47  1.88  1.87  2.14  2.32  2.04  1.69  1.30  0.97  0.74  0.76     1.52  1.10  1.96  2.02  1.00
180   80     1.07  1.50  1.93  1.83  1.88  1.96  1.77  1.54  1.21  0.91  0.70  0.75     1.42  1.11  1.88  1.76  0.94
180   90     1.08  1.53  1.98  1.81  1.72  1.75  1.59  1.41  1.12  0.86  0.67  0.74     1.36  1.12  1.84  1.59  0.88
             66.1  59.3  47.1  24.6  10.3   4.3   6.6  14.1  25.7  43.7  55.9  62.7     31.2  62.5  24.7   8.2  42.0
             2.61  3.31  4.08  4.66  4.68  4.28  3.74  3.68  3.11  3.28  2.72  2.15     3.53  2.69  4.39  3.89  2.99
             2.34  3.10  4.00  4.65  4.47  4.01  3.54  3.58  3.10  3.22  2.53  1.95     3.37  2.46  4.37  3.71  2.95
             1.12  1.07  1.02  1.00  1.05  1.07  1.06  1.03  1.00  1.02  1.08  1.10     1.05  1.10  1.02  1.05  1.03
             1.38  1.26  1.17  1.05  0.96  0.94  0.95  0.99  1.07  1.23  1.38  1.39     1.15  1.34  1.06  0.96  1.23
temperature  -3.0  -2.7   0.2   6.5  11.7  15.5  19.1  20.7  16.7  10.8   5.0  -0.1      8.4  -1.9   6.1  18.4  10.8
diffusedrad  1.15  1.60  2.04  2.33  2.49  2.69  2.56  2.34  1.87  1.44  1.04  0.92     1.87  1.22  2.29  2.53  1.45
snow10cm     0.97  1.00  0.94  0.38  0.02  0.00  0.00  0.00  0.00  0.00  0.11  0.56     0.33  0.84  0.44  0.00  0.04
