2 34186   志津川          38 40.9  141 26.9   39
             2.11  2.78  3.63  4.53  4.88  4.58  4.29  4.26  3.32  2.88  2.15  1.84     3.44  2.24  4.35  4.38  2.79
             2.37  3.09  4.05  5.39  5.91  5.54  5.71  5.52  3.87  3.28  2.53  2.09     3.76  2.40  4.71  5.49  3.11
             1.87  2.33  3.01  3.68  4.11  3.23  3.14  3.28  2.61  2.40  1.70  1.59     3.16  2.08  3.87  3.73  2.45
  0   10     2.56  3.15  3.94  4.70  4.92  4.57  4.29  4.33  3.48  3.20  2.53  2.23     3.66  2.65  4.52  4.40  3.07
  0   20     2.96  3.47  4.16  4.78  4.87  4.48  4.23  4.34  3.58  3.45  2.86  2.59     3.81  3.01  4.60  4.35  3.30
  0   30     3.28  3.72  4.29  4.75  4.71  4.30  4.08  4.25  3.60  3.63  3.12  2.88     3.88  3.29  4.58  4.21  3.45
  0   40     3.53  3.88  4.32  4.61  4.46  4.04  3.85  4.08  3.55  3.71  3.31  3.11     3.87  3.50  4.47  3.99  3.52
  0   50     3.68  3.94  4.25  4.38  4.14  3.73  3.56  3.83  3.42  3.72  3.42  3.25     3.78  3.63  4.26  3.71  3.52
  0   60     3.75  3.91  4.09  4.06  3.74  3.34  3.22  3.51  3.23  3.63  3.44  3.32     3.60  3.66  3.96  3.36  3.43
  0   70     3.71  3.79  3.83  3.66  3.27  2.91  2.82  3.12  2.97  3.46  3.37  3.30     3.35  3.60  3.59  2.95  3.27
  0   80     3.59  3.58  3.49  3.18  2.75  2.46  2.40  2.68  2.65  3.22  3.22  3.19     3.03  3.45  3.14  2.51  3.03
  0   90     3.37  3.28  3.07  2.65  2.22  1.99  1.97  2.22  2.29  2.90  3.00  3.00     2.66  3.22  2.65  2.06  2.73
 15   10     2.55  3.14  3.93  4.69  4.92  4.57  4.29  4.33  3.48  3.19  2.51  2.22     3.65  2.63  4.51  4.40  3.06
 15   20     2.94  3.45  4.14  4.77  4.86  4.48  4.22  4.33  3.57  3.43  2.83  2.56     3.80  2.98  4.59  4.34  3.28
 15   30     3.25  3.69  4.27  4.74  4.72  4.30  4.08  4.25  3.59  3.60  3.07  2.84     3.87  3.26  4.58  4.21  3.42
 15   40     3.48  3.83  4.29  4.61  4.48  4.06  3.86  4.08  3.54  3.68  3.24  3.06     3.85  3.46  4.46  4.00  3.48
 15   50     3.63  3.89  4.22  4.38  4.15  3.74  3.57  3.83  3.41  3.67  3.33  3.19     3.75  3.57  4.25  3.71  3.47
 15   60     3.69  3.85  4.05  4.07  3.76  3.36  3.23  3.52  3.21  3.58  3.34  3.25     3.58  3.60  3.96  3.37  3.38
 15   70     3.65  3.72  3.80  3.67  3.30  2.94  2.85  3.14  2.96  3.41  3.27  3.22     3.33  3.53  3.59  2.98  3.21
 15   80     3.52  3.51  3.46  3.20  2.81  2.50  2.44  2.72  2.65  3.16  3.12  3.11     3.02  3.38  3.16  2.55  2.98
 15   90     3.31  3.21  3.05  2.69  2.29  2.05  2.02  2.27  2.29  2.84  2.89  2.92     2.65  3.15  2.68  2.11  2.67
 30   10     2.51  3.10  3.90  4.67  4.92  4.57  4.29  4.31  3.46  3.16  2.47  2.17     3.63  2.59  4.50  4.39  3.03
 30   20     2.85  3.37  4.09  4.74  4.87  4.48  4.22  4.31  3.54  3.37  2.73  2.48     3.75  2.90  4.56  4.34  3.21
 30   30     3.13  3.57  4.19  4.69  4.72  4.31  4.08  4.22  3.54  3.50  2.94  2.72     3.80  3.14  4.54  4.20  3.33
 30   40     3.33  3.69  4.20  4.57  4.50  4.07  3.87  4.06  3.48  3.56  3.07  2.90     3.77  3.30  4.42  4.00  3.37
 30   50     3.44  3.71  4.12  4.35  4.19  3.77  3.59  3.82  3.35  3.54  3.13  3.00     3.67  3.39  4.22  3.73  3.34
 30   60     3.48  3.65  3.94  4.04  3.82  3.42  3.27  3.51  3.16  3.44  3.12  3.04     3.49  3.39  3.93  3.40  3.24
 30   70     3.42  3.51  3.70  3.67  3.40  3.02  2.90  3.16  2.91  3.26  3.03  2.99     3.25  3.31  3.59  3.03  3.07
 30   80     3.28  3.29  3.37  3.23  2.94  2.61  2.52  2.77  2.61  3.00  2.87  2.87     2.95  3.15  3.18  2.63  2.83
 30   90     3.06  3.00  2.98  2.77  2.47  2.19  2.14  2.35  2.27  2.69  2.64  2.68     2.60  2.91  2.74  2.23  2.54
 45   10     2.43  3.03  3.85  4.64  4.91  4.57  4.29  4.29  3.43  3.10  2.40  2.11     3.59  2.52  4.46  4.38  2.98
 45   20     2.71  3.25  4.00  4.67  4.86  4.48  4.21  4.27  3.48  3.26  2.61  2.34     3.68  2.77  4.51  4.32  3.12
 45   30     2.92  3.38  4.07  4.62  4.72  4.31  4.07  4.18  3.47  3.36  2.76  2.53     3.70  2.94  4.47  4.19  3.20
 45   40     3.07  3.46  4.05  4.48  4.51  4.09  3.87  4.01  3.40  3.39  2.85  2.65     3.65  3.06  4.35  3.99  3.21
 45   50     3.15  3.46  3.96  4.27  4.22  3.81  3.61  3.78  3.26  3.33  2.87  2.71     3.54  3.11  4.15  3.73  3.15
 45   60     3.15  3.38  3.78  3.98  3.88  3.47  3.30  3.49  3.07  3.22  2.83  2.71     3.36  3.08  3.88  3.42  3.04
 45   70     3.07  3.22  3.53  3.63  3.49  3.11  2.97  3.16  2.82  3.04  2.72  2.65     3.12  2.98  3.55  3.08  2.86
 45   80     2.92  3.01  3.23  3.23  3.06  2.73  2.61  2.79  2.55  2.80  2.56  2.52     2.83  2.81  3.18  2.71  2.63
 45   90     2.70  2.73  2.87  2.81  2.65  2.34  2.25  2.42  2.23  2.51  2.33  2.33     2.51  2.59  2.77  2.34  2.36
 60   10     2.34  2.95  3.78  4.60  4.89  4.56  4.28  4.26  3.39  3.03  2.32  2.02     3.53  2.44  4.42  4.37  2.91
 60   20     2.53  3.08  3.87  4.59  4.83  4.47  4.20  4.22  3.41  3.13  2.45  2.17     3.58  2.60  4.43  4.29  3.00
 60   30     2.68  3.16  3.89  4.52  4.70  4.31  4.06  4.11  3.37  3.17  2.53  2.29     3.57  2.71  4.37  4.16  3.03
 60   40     2.75  3.18  3.85  4.37  4.48  4.09  3.86  3.94  3.28  3.16  2.58  2.36     3.49  2.76  4.23  3.96  3.01
 60   50     2.78  3.14  3.73  4.15  4.22  3.83  3.61  3.71  3.13  3.09  2.56  2.37     3.36  2.76  4.03  3.71  2.93
 60   60     2.75  3.04  3.56  3.88  3.90  3.52  3.32  3.44  2.94  2.96  2.48  2.33     3.18  2.71  3.78  3.43  2.79
 60   70     2.66  2.88  3.32  3.54  3.54  3.17  3.00  3.12  2.71  2.78  2.37  2.25     2.94  2.60  3.47  3.10  2.62
 60   80     2.50  2.67  3.04  3.19  3.16  2.82  2.67  2.79  2.45  2.55  2.21  2.12     2.68  2.43  3.13  2.76  2.40
 60   90     2.31  2.43  2.72  2.79  2.77  2.46  2.34  2.44  2.17  2.29  2.00  1.94     2.39  2.23  2.76  2.41  2.15
 75   10     2.23  2.85  3.70  4.54  4.87  4.55  4.26  4.23  3.35  2.95  2.22  1.91     3.47  2.33  4.37  4.35  2.84
 75   20     2.33  2.90  3.72  4.49  4.79  4.45  4.17  4.16  3.32  2.98  2.27  1.99     3.46  2.40  4.34  4.26  2.86
 75   30     2.38  2.90  3.69  4.38  4.65  4.29  4.03  4.02  3.25  2.96  2.29  2.02     3.40  2.43  4.24  4.12  2.83
 75   40     2.41  2.87  3.60  4.21  4.44  4.08  3.83  3.84  3.14  2.90  2.26  2.03     3.30  2.44  4.08  3.92  2.77
 75   50     2.38  2.78  3.47  3.98  4.17  3.81  3.58  3.61  2.98  2.80  2.22  2.00     3.15  2.39  3.87  3.67  2.67
 75   60     2.32  2.67  3.27  3.71  3.88  3.52  3.31  3.34  2.79  2.66  2.12  1.93     2.96  2.31  3.62  3.39  2.52
 75   70     2.22  2.51  3.06  3.41  3.54  3.20  3.01  3.05  2.57  2.48  2.00  1.85     2.74  2.19  3.34  3.09  2.35
 75   80     2.08  2.32  2.79  3.06  3.18  2.85  2.69  2.73  2.32  2.28  1.85  1.72     2.49  2.04  3.01  2.76  2.15
 75   90     1.92  2.11  2.52  2.73  2.82  2.52  2.37  2.42  2.07  2.04  1.67  1.56     2.23  1.86  2.69  2.44  1.93
 90   10     2.11  2.74  3.61  4.48  4.85  4.54  4.25  4.19  3.29  2.86  2.12  1.81     3.40  2.22  4.32  4.33  2.76
 90   20     2.10  2.69  3.55  4.38  4.75  4.43  4.15  4.09  3.23  2.81  2.08  1.78     3.34  2.19  4.22  4.22  2.70
 90   30     2.08  2.62  3.45  4.21  4.58  4.26  3.98  3.92  3.11  2.73  2.02  1.75     3.23  2.15  4.08  4.05  2.62
 90   40     2.03  2.52  3.32  4.01  4.36  4.04  3.78  3.72  2.96  2.62  1.95  1.69     3.08  2.08  3.90  3.84  2.51
 90   50     1.98  2.42  3.15  3.78  4.09  3.77  3.53  3.48  2.80  2.49  1.86  1.63     2.92  2.01  3.67  3.59  2.38
 90   60     1.89  2.27  2.97  3.50  3.79  3.48  3.25  3.21  2.60  2.34  1.76  1.55     2.72  1.90  3.42  3.31  2.23
 90   70     1.79  2.13  2.75  3.21  3.47  3.17  2.96  2.93  2.39  2.17  1.63  1.46     2.50  1.79  3.14  3.02  2.06
 90   80     1.66  1.96  2.52  2.90  3.14  2.85  2.67  2.64  2.17  1.99  1.50  1.35     2.28  1.66  2.85  2.72  1.89
 90   90     1.53  1.78  2.27  2.58  2.78  2.52  2.36  2.34  1.93  1.78  1.35  1.22     2.04  1.51  2.54  2.40  1.69
105   10     1.99  2.63  3.52  4.42  4.82  4.53  4.24  4.16  3.24  2.77  2.02  1.70     3.34  2.11  4.25  4.31  2.67
105   20     1.88  2.48  3.37  4.25  4.69  4.41  4.12  4.01  3.12  2.63  1.89  1.58     3.20  1.98  4.11  4.18  2.55
105   30     1.76  2.34  3.20  4.04  4.49  4.21  3.93  3.81  2.97  2.48  1.76  1.47     3.04  1.86  3.91  3.98  2.40
105   40     1.67  2.19  3.02  3.78  4.24  3.97  3.71  3.58  2.79  2.33  1.64  1.38     2.86  1.75  3.68  3.75  2.25
105   50     1.58  2.04  2.82  3.52  3.96  3.69  3.45  3.32  2.59  2.17  1.52  1.28     2.66  1.63  3.43  3.49  2.10
105   60     1.48  1.90  2.62  3.24  3.65  3.39  3.17  3.05  2.39  2.00  1.42  1.20     2.46  1.52  3.17  3.20  1.94
105   70     1.39  1.75  2.41  2.96  3.33  3.09  2.87  2.76  2.19  1.85  1.29  1.11     2.25  1.42  2.90  2.91  1.78
105   80     1.29  1.62  2.21  2.66  3.01  2.78  2.59  2.48  1.97  1.68  1.19  1.02     2.04  1.31  2.63  2.62  1.61
105   90     1.18  1.47  1.99  2.39  2.69  2.47  2.30  2.21  1.77  1.52  1.07  0.92     1.83  1.19  2.36  2.33  1.46
120   10     1.88  2.53  3.43  4.36  4.80  4.52  4.22  4.12  3.19  2.68  1.92  1.60     3.27  2.00  4.20  4.29  2.60
120   20     1.66  2.28  3.20  4.13  4.63  4.38  4.08  3.94  3.02  2.46  1.70  1.39     3.07  1.78  3.99  4.13  2.40
120   30     1.47  2.05  2.95  3.85  4.39  4.16  3.88  3.69  2.81  2.24  1.51  1.22     2.85  1.58  3.73  3.91  2.19
120   40     1.33  1.85  2.70  3.54  4.09  3.89  3.62  3.42  2.60  2.03  1.35  1.09     2.63  1.42  3.44  3.64  1.99
120   50     1.21  1.69  2.47  3.23  3.78  3.59  3.34  3.13  2.38  1.85  1.22  0.98     2.40  1.29  3.16  3.35  1.81
120   60     1.12  1.54  2.26  2.93  3.45  3.27  3.04  2.84  2.17  1.69  1.11  0.90     2.19  1.19  2.88  3.05  1.65
120   70     1.05  1.41  2.07  2.65  3.13  2.95  2.75  2.56  1.96  1.54  1.01  0.83     1.99  1.10  2.62  2.75  1.50
120   80     0.97  1.31  1.88  2.39  2.81  2.65  2.46  2.29  1.78  1.40  0.93  0.77     1.80  1.01  2.36  2.47  1.37
120   90     0.90  1.19  1.71  2.13  2.52  2.36  2.19  2.04  1.59  1.27  0.85  0.70     1.62  0.93  2.12  2.20  1.24
135   10     1.77  2.44  3.36  4.31  4.77  4.51  4.21  4.09  3.15  2.60  1.84  1.51     3.21  1.91  4.15  4.27  2.53
135   20     1.46  2.10  3.04  4.02  4.57  4.35  4.05  3.87  2.93  2.31  1.54  1.22     2.96  1.60  3.88  4.09  2.26
135   30     1.20  1.79  2.71  3.67  4.29  4.12  3.83  3.59  2.67  2.01  1.28  0.99     2.68  1.33  3.56  3.84  1.99
135   40     1.02  1.55  2.39  3.30  3.95  3.81  3.54  3.26  2.41  1.76  1.09  0.84     2.41  1.14  3.21  3.54  1.75
135   50     0.92  1.37  2.12  2.93  3.57  3.47  3.22  2.92  2.16  1.55  0.96  0.75     2.16  1.01  2.87  3.21  1.56
135   60     0.84  1.24  1.90  2.60  3.20  3.12  2.89  2.61  1.94  1.39  0.87  0.69     1.94  0.92  2.57  2.87  1.40
135   70     0.80  1.13  1.73  2.33  2.87  2.78  2.59  2.32  1.75  1.26  0.80  0.65     1.75  0.86  2.31  2.56  1.27
135   80     0.75  1.06  1.57  2.08  2.57  2.48  2.31  2.07  1.58  1.16  0.75  0.61     1.58  0.81  2.08  2.29  1.16
135   90     0.71  0.98  1.45  1.87  2.30  2.20  2.05  1.85  1.42  1.06  0.69  0.57     1.43  0.76  1.87  2.04  1.06
150   10     1.69  2.37  3.29  4.27  4.76  4.50  4.20  4.07  3.11  2.54  1.77  1.44     3.17  1.83  4.11  4.26  2.48
150   20     1.29  1.96  2.91  3.94  4.53  4.34  4.04  3.82  2.85  2.18  1.40  1.08     2.86  1.44  3.79  4.07  2.15
150   30     0.96  1.57  2.50  3.53  4.22  4.09  3.79  3.51  2.55  1.81  1.09  0.80     2.54  1.11  3.42  3.80  1.82
150   40     0.79  1.27  2.10  3.08  3.83  3.76  3.48  3.13  2.23  1.50  0.88  0.67     2.23  0.91  3.00  3.46  1.54
150   50     0.73  1.10  1.78  2.63  3.38  3.37  3.12  2.73  1.94  1.28  0.79  0.64     1.96  0.82  2.60  3.07  1.34
150   60     0.70  1.01  1.57  2.26  2.93  2.95  2.73  2.36  1.71  1.15  0.74  0.61     1.73  0.78  2.26  2.68  1.20
150   70     0.67  0.96  1.43  1.99  2.57  2.58  2.40  2.07  1.54  1.06  0.70  0.59     1.55  0.74  2.00  2.35  1.10
150   80     0.65  0.91  1.32  1.78  2.28  2.28  2.12  1.85  1.40  0.98  0.67  0.56     1.40  0.71  1.79  2.08  1.02
150   90     0.62  0.87  1.23  1.62  2.04  2.02  1.89  1.66  1.27  0.92  0.63  0.54     1.28  0.68  1.63  1.86  0.94
165   10     1.63  2.32  3.25  4.25  4.75  4.50  4.20  4.06  3.09  2.51  1.73  1.39     3.14  1.78  4.09  4.25  2.44
165   20     1.17  1.85  2.82  3.89  4.52  4.34  4.03  3.80  2.81  2.10  1.31  0.98     2.80  1.33  3.74  4.05  2.07
165   30     0.80  1.39  2.34  3.45  4.19  4.08  3.78  3.46  2.47  1.67  0.93  0.68     2.44  0.96  3.33  3.78  1.69
165   40     0.74  1.04  1.86  2.94  3.78  3.75  3.47  3.07  2.11  1.28  0.78  0.66     2.12  0.81  2.86  3.43  1.39
165   50     0.72  0.96  1.48  2.39  3.31  3.36  3.10  2.62  1.75  1.07  0.76  0.64     1.85  0.77  2.39  3.02  1.19
165   60     0.69  0.94  1.31  1.93  2.77  2.91  2.67  2.13  1.51  1.01  0.73  0.61     1.60  0.75  2.00  2.57  1.08
165   70     0.67  0.91  1.22  1.67  2.28  2.42  2.23  1.82  1.37  0.96  0.70  0.59     1.40  0.72  1.73  2.16  1.01
165   80     0.64  0.88  1.16  1.52  2.01  2.08  1.95  1.64  1.27  0.91  0.67  0.56     1.27  0.69  1.57  1.89  0.95
165   90     0.61  0.84  1.10  1.41  1.82  1.86  1.75  1.49  1.18  0.86  0.63  0.54     1.18  0.67  1.44  1.70  0.89
180   10     1.61  2.31  3.24  4.24  4.75  4.50  4.20  4.06  3.08  2.49  1.71  1.37     3.13  1.76  4.08  4.25  2.43
180   20     1.13  1.81  2.78  3.88  4.51  4.33  4.03  3.79  2.79  2.06  1.27  0.94     2.78  1.29  3.72  4.05  2.04
180   30     0.76  1.31  2.28  3.43  4.18  4.08  3.78  3.46  2.45  1.60  0.87  0.67     2.41  0.92  3.30  3.77  1.64
180   40     0.74  0.98  1.74  2.91  3.77  3.75  3.47  3.05  2.06  1.15  0.78  0.66     2.09  0.79  2.81  3.42  1.33
180   50     0.72  0.96  1.25  2.35  3.29  3.36  3.10  2.60  1.65  1.04  0.76  0.64     1.81  0.77  2.30  3.02  1.15
180   60     0.69  0.94  1.21  1.76  2.76  2.91  2.67  2.11  1.38  1.00  0.73  0.61     1.56  0.75  1.91  2.56  1.04
180   70     0.67  0.91  1.17  1.50  2.19  2.41  2.22  1.70  1.30  0.96  0.70  0.59     1.36  0.72  1.62  2.11  0.98
180   80     0.64  0.88  1.12  1.41  1.90  2.01  1.88  1.54  1.22  0.91  0.67  0.56     1.23  0.69  1.48  1.81  0.93
180   90     0.61  0.84  1.06  1.33  1.74  1.80  1.70  1.42  1.14  0.86  0.63  0.54     1.14  0.67  1.38  1.64  0.88
             61.6  51.9  38.1  22.1  10.1   3.6   5.6  15.4  27.9  45.3  57.4  62.5     33.4  58.6  23.2   8.5  44.2
             3.75  3.94  4.32  4.78  4.92  4.59  4.30  4.34  3.60  3.73  3.44  3.32     4.09  3.66  4.61  4.40  3.53
             3.37  3.78  4.31  4.71  4.64  4.22  4.01  4.20  3.59  3.66  3.20  2.97     3.89  3.37  4.55  4.14  3.48
             1.11  1.04  1.00  1.01  1.06  1.09  1.07  1.03  1.00  1.02  1.08  1.12     1.05  1.09  1.03  1.06  1.03
             1.60  1.36  1.19  1.04  0.95  0.92  0.93  0.99  1.08  1.27  1.49  1.61     1.20  1.52  1.06  0.95  1.28
temperature   0.4   0.9   3.7   8.9  13.4  16.8  20.5  22.7  19.2  13.7   8.0   3.2     11.0   1.5   8.7  20.0  13.6
diffusedrad  1.02  1.36  1.78  2.17  2.51  2.64  2.58  2.31  1.91  1.45  1.07  0.90     1.81  1.10  2.15  2.51  1.48
snow10cm     0.03  0.07  0.02  0.00  0.00  0.00  0.00  0.00  0.00  0.00  0.00  0.01     0.01  0.04  0.01  0.00  0.00
