2 34361   江ノ島          38 23.9  141 35.8   40
             2.25  2.99  3.74  4.61  4.94  4.60  4.40  4.48  3.53  2.96  2.27  1.91     3.56  2.38  4.43  4.49  2.92
             2.47  3.30  4.14  5.36  5.98  5.56  5.93  5.68  4.08  3.45  2.67  2.12     3.82  2.56  4.90  5.41  3.23
             2.03  2.37  2.96  3.88  4.18  3.55  3.23  3.43  2.88  2.36  1.92  1.71     3.36  2.13  3.97  3.73  2.59
  0   10     2.75  3.45  4.06  4.78  4.97  4.59  4.41  4.56  3.71  3.29  2.69  2.33     3.80  2.84  4.61  4.52  3.23
  0   20     3.20  3.83  4.29  4.86  4.92  4.50  4.33  4.57  3.82  3.56  3.05  2.71     3.97  3.25  4.69  4.46  3.48
  0   30     3.56  4.13  4.43  4.83  4.76  4.32  4.17  4.47  3.85  3.74  3.34  3.03     4.05  3.57  4.67  4.32  3.64
  0   40     3.84  4.32  4.46  4.69  4.50  4.05  3.94  4.29  3.80  3.83  3.54  3.27     4.04  3.81  4.55  4.10  3.72
  0   50     4.02  4.40  4.39  4.46  4.17  3.73  3.64  4.03  3.66  3.83  3.66  3.42     3.95  3.95  4.34  3.80  3.72
  0   60     4.09  4.37  4.22  4.13  3.76  3.34  3.28  3.68  3.45  3.75  3.69  3.49     3.77  3.99  4.04  3.44  3.63
  0   70     4.06  4.24  3.95  3.71  3.28  2.90  2.87  3.27  3.17  3.57  3.62  3.47     3.51  3.92  3.65  3.02  3.46
  0   80     3.92  4.00  3.59  3.22  2.76  2.45  2.44  2.80  2.83  3.32  3.46  3.36     3.18  3.76  3.19  2.56  3.20
  0   90     3.68  3.66  3.15  2.67  2.22  1.98  1.98  2.29  2.44  2.98  3.22  3.17     2.79  3.50  2.68  2.09  2.88
 15   10     2.74  3.42  4.05  4.78  4.97  4.59  4.41  4.55  3.71  3.28  2.67  2.32     3.79  2.83  4.60  4.52  3.22
 15   20     3.17  3.79  4.28  4.85  4.91  4.49  4.33  4.56  3.81  3.54  3.01  2.68     3.95  3.21  4.68  4.46  3.45
 15   30     3.53  4.06  4.41  4.82  4.76  4.32  4.18  4.47  3.84  3.71  3.28  2.99     4.03  3.52  4.67  4.32  3.61
 15   40     3.80  4.23  4.44  4.69  4.52  4.07  3.95  4.29  3.78  3.79  3.47  3.21     4.02  3.75  4.55  4.10  3.68
 15   50     3.97  4.29  4.36  4.45  4.18  3.74  3.65  4.03  3.65  3.79  3.57  3.36     3.92  3.87  4.33  3.81  3.67
 15   60     4.03  4.25  4.19  4.13  3.79  3.37  3.30  3.69  3.44  3.70  3.59  3.42     3.74  3.90  4.03  3.45  3.57
 15   70     4.00  4.11  3.92  3.72  3.32  2.94  2.90  3.29  3.17  3.52  3.51  3.39     3.48  3.83  3.65  3.04  3.40
 15   80     3.85  3.86  3.56  3.24  2.82  2.49  2.48  2.84  2.83  3.26  3.35  3.28     3.15  3.67  3.21  2.60  3.15
 15   90     3.61  3.52  3.13  2.73  2.29  2.04  2.04  2.35  2.44  2.93  3.10  3.08     2.77  3.41  2.72  2.15  2.83
 30   10     2.69  3.37  4.02  4.75  4.97  4.59  4.40  4.54  3.69  3.25  2.62  2.27     3.76  2.78  4.58  4.51  3.18
 30   20     3.08  3.68  4.22  4.82  4.92  4.50  4.33  4.54  3.78  3.47  2.91  2.60     3.90  3.12  4.65  4.46  3.38
 30   30     3.39  3.91  4.33  4.78  4.77  4.33  4.18  4.44  3.79  3.61  3.14  2.86     3.96  3.39  4.63  4.32  3.51
 30   40     3.62  4.04  4.35  4.65  4.54  4.09  3.96  4.27  3.73  3.67  3.29  3.05     3.94  3.57  4.51  4.11  3.56
 30   50     3.76  4.08  4.26  4.42  4.23  3.78  3.68  4.02  3.59  3.65  3.35  3.16     3.83  3.67  4.30  3.82  3.53
 30   60     3.80  4.01  4.08  4.10  3.85  3.42  3.34  3.69  3.38  3.55  3.34  3.20     3.65  3.67  4.01  3.49  3.42
 30   70     3.74  3.85  3.82  3.73  3.42  3.02  2.96  3.32  3.12  3.36  3.25  3.15     3.39  3.58  3.65  3.10  3.24
 30   80     3.58  3.60  3.48  3.28  2.96  2.61  2.57  2.90  2.80  3.10  3.08  3.02     3.08  3.40  3.24  2.69  2.99
 30   90     3.34  3.27  3.06  2.81  2.48  2.19  2.17  2.45  2.43  2.78  2.83  2.82     2.72  3.14  2.78  2.27  2.68
 45   10     2.61  3.29  3.97  4.72  4.96  4.59  4.40  4.52  3.65  3.19  2.54  2.20     3.72  2.70  4.55  4.50  3.13
 45   20     2.92  3.54  4.13  4.76  4.91  4.50  4.32  4.50  3.71  3.36  2.77  2.45     3.82  2.97  4.60  4.44  3.28
 45   30     3.17  3.70  4.20  4.71  4.76  4.33  4.18  4.40  3.71  3.46  2.94  2.65     3.85  3.17  4.56  4.30  3.37
 45   40     3.34  3.78  4.18  4.56  4.55  4.11  3.96  4.22  3.63  3.49  3.04  2.78     3.81  3.30  4.43  4.10  3.39
 45   50     3.43  3.79  4.09  4.34  4.26  3.82  3.70  3.98  3.49  3.44  3.06  2.85     3.69  3.35  4.23  3.83  3.33
 45   60     3.43  3.69  3.91  4.05  3.92  3.48  3.38  3.67  3.29  3.33  3.02  2.85     3.50  3.33  3.96  3.51  3.21
 45   70     3.35  3.52  3.65  3.69  3.52  3.12  3.04  3.33  3.03  3.14  2.92  2.78     3.26  3.21  3.62  3.16  3.03
 45   80     3.18  3.28  3.33  3.29  3.09  2.73  2.67  2.93  2.74  2.88  2.74  2.64     2.96  3.03  3.24  2.78  2.79
 45   90     2.94  2.97  2.95  2.86  2.67  2.34  2.29  2.54  2.40  2.59  2.50  2.44     2.62  2.78  2.82  2.39  2.50
 60   10     2.51  3.19  3.90  4.68  4.95  4.58  4.39  4.49  3.61  3.12  2.45  2.11     3.66  2.60  4.51  4.49  3.06
 60   20     2.73  3.34  4.00  4.67  4.88  4.49  4.31  4.44  3.64  3.23  2.60  2.27     3.72  2.78  4.52  4.41  3.15
 60   30     2.89  3.44  4.02  4.60  4.75  4.33  4.16  4.33  3.60  3.27  2.69  2.40     3.71  2.91  4.45  4.27  3.19
 60   40     2.98  3.47  3.98  4.44  4.53  4.10  3.96  4.15  3.51  3.26  2.74  2.47     3.63  2.97  4.32  4.07  3.17
 60   50     3.02  3.42  3.85  4.22  4.27  3.84  3.70  3.91  3.36  3.19  2.73  2.48     3.50  2.98  4.11  3.82  3.09
 60   60     2.99  3.32  3.68  3.94  3.94  3.53  3.41  3.63  3.16  3.05  2.65  2.45     3.31  2.92  3.86  3.52  2.95
 60   70     2.89  3.13  3.42  3.61  3.58  3.18  3.08  3.29  2.91  2.87  2.53  2.36     3.07  2.80  3.54  3.18  2.77
 60   80     2.72  2.90  3.14  3.24  3.19  2.83  2.74  2.94  2.63  2.63  2.36  2.22     2.80  2.62  3.19  2.84  2.54
 60   90     2.52  2.63  2.80  2.84  2.79  2.47  2.39  2.57  2.33  2.37  2.13  2.03     2.49  2.39  2.81  2.48  2.28
 75   10     2.38  3.08  3.81  4.62  4.93  4.57  4.38  4.45  3.56  3.03  2.35  2.00     3.60  2.48  4.45  4.47  2.98
 75   20     2.50  3.14  3.84  4.57  4.85  4.47  4.29  4.37  3.54  3.06  2.40  2.07     3.59  2.57  4.42  4.38  3.00
 75   30     2.56  3.14  3.81  4.45  4.70  4.31  4.13  4.24  3.46  3.05  2.43  2.11     3.53  2.61  4.32  4.23  2.98
 75   40     2.60  3.11  3.71  4.29  4.49  4.09  3.93  4.05  3.35  2.99  2.40  2.12     3.43  2.61  4.16  4.02  2.91
 75   50     2.57  3.02  3.58  4.05  4.22  3.83  3.68  3.81  3.19  2.89  2.35  2.10     3.27  2.56  3.95  3.77  2.81
 75   60     2.51  2.89  3.38  3.78  3.92  3.53  3.39  3.52  2.98  2.74  2.26  2.02     3.08  2.48  3.69  3.48  2.66
 75   70     2.41  2.72  3.16  3.47  3.58  3.21  3.09  3.22  2.75  2.56  2.13  1.93     2.85  2.35  3.40  3.17  2.48
 75   80     2.25  2.50  2.88  3.12  3.21  2.87  2.76  2.88  2.49  2.35  1.97  1.80     2.59  2.18  3.07  2.84  2.27
 75   90     2.07  2.27  2.60  2.78  2.85  2.53  2.43  2.55  2.23  2.11  1.78  1.63     2.32  1.99  2.74  2.50  2.04
 90   10     2.25  2.95  3.72  4.56  4.90  4.56  4.36  4.41  3.50  2.94  2.24  1.88     3.52  2.36  4.39  4.45  2.89
 90   20     2.24  2.90  3.66  4.46  4.80  4.45  4.26  4.30  3.43  2.88  2.20  1.86     3.45  2.33  4.30  4.34  2.84
 90   30     2.22  2.83  3.56  4.29  4.63  4.28  4.09  4.13  3.32  2.81  2.13  1.82     3.34  2.29  4.16  4.17  2.75
 90   40     2.18  2.72  3.43  4.08  4.41  4.05  3.88  3.91  3.16  2.70  2.06  1.76     3.19  2.22  3.97  3.95  2.64
 90   50     2.12  2.60  3.25  3.84  4.14  3.79  3.63  3.67  2.99  2.56  1.97  1.70     3.02  2.14  3.74  3.69  2.50
 90   60     2.02  2.44  3.06  3.57  3.83  3.49  3.34  3.38  2.78  2.41  1.86  1.61     2.82  2.03  3.49  3.41  2.35
 90   70     1.93  2.29  2.83  3.26  3.52  3.19  3.05  3.08  2.55  2.23  1.72  1.51     2.60  1.91  3.20  3.11  2.17
 90   80     1.79  2.09  2.59  2.96  3.18  2.86  2.74  2.78  2.32  2.04  1.59  1.40     2.36  1.76  2.91  2.79  1.99
 90   90     1.64  1.89  2.33  2.63  2.82  2.53  2.42  2.46  2.06  1.84  1.44  1.26     2.11  1.60  2.59  2.47  1.78
105   10     2.12  2.83  3.63  4.50  4.88  4.55  4.35  4.37  3.44  2.84  2.13  1.77     3.45  2.24  4.33  4.42  2.80
105   20     1.99  2.67  3.47  4.33  4.74  4.43  4.22  4.21  3.31  2.70  1.99  1.64     3.31  2.10  4.18  4.29  2.67
105   30     1.87  2.50  3.29  4.11  4.54  4.24  4.04  4.00  3.15  2.55  1.85  1.52     3.14  1.96  3.98  4.09  2.52
105   40     1.77  2.34  3.10  3.85  4.29  3.99  3.81  3.75  2.96  2.39  1.72  1.43     2.95  1.84  3.75  3.85  2.36
105   50     1.67  2.17  2.90  3.58  4.00  3.71  3.54  3.48  2.75  2.23  1.60  1.33     2.75  1.72  3.50  3.58  2.19
105   60     1.56  2.02  2.69  3.30  3.69  3.41  3.25  3.20  2.55  2.06  1.48  1.24     2.54  1.61  3.23  3.29  2.03
105   70     1.47  1.85  2.48  3.01  3.37  3.10  2.95  2.90  2.33  1.90  1.36  1.14     2.32  1.49  2.95  2.99  1.86
105   80     1.36  1.70  2.26  2.71  3.05  2.79  2.66  2.60  2.10  1.72  1.25  1.05     2.11  1.37  2.67  2.69  1.69
105   90     1.25  1.53  2.04  2.43  2.73  2.48  2.37  2.33  1.89  1.56  1.13  0.95     1.89  1.24  2.40  2.39  1.53
120   10     1.99  2.71  3.53  4.44  4.85  4.54  4.33  4.33  3.39  2.75  2.02  1.66     3.38  2.12  4.28  4.40  2.72
120   20     1.75  2.44  3.29  4.20  4.68  4.40  4.19  4.13  3.20  2.52  1.78  1.44     3.17  1.87  4.06  4.24  2.50
120   30     1.54  2.17  3.02  3.91  4.44  4.18  3.98  3.88  2.98  2.29  1.58  1.26     2.94  1.66  3.79  4.01  2.28
120   40     1.38  1.95  2.77  3.60  4.14  3.91  3.72  3.58  2.75  2.08  1.40  1.11     2.70  1.48  3.50  3.74  2.08
120   50     1.26  1.76  2.53  3.29  3.82  3.61  3.43  3.27  2.51  1.89  1.26  1.00     2.47  1.34  3.21  3.44  1.89
120   60     1.16  1.60  2.31  2.98  3.49  3.29  3.13  2.97  2.29  1.73  1.15  0.92     2.25  1.23  2.93  3.13  1.72
120   70     1.08  1.45  2.11  2.70  3.17  2.97  2.82  2.68  2.08  1.57  1.05  0.84     2.04  1.13  2.66  2.82  1.57
120   80     1.00  1.34  1.91  2.43  2.85  2.67  2.53  2.40  1.88  1.43  0.96  0.78     1.85  1.04  2.40  2.53  1.42
120   90     0.93  1.21  1.74  2.17  2.56  2.37  2.25  2.13  1.69  1.30  0.88  0.71     1.66  0.95  2.15  2.25  1.29
135   10     1.87  2.61  3.45  4.38  4.83  4.53  4.32  4.30  3.34  2.67  1.93  1.56     3.32  2.01  4.22  4.39  2.65
135   20     1.52  2.23  3.12  4.09  4.63  4.38  4.16  4.07  3.10  2.36  1.60  1.26     3.04  1.67  3.95  4.20  2.35
135   30     1.23  1.88  2.77  3.74  4.34  4.14  3.93  3.76  2.82  2.06  1.32  1.01     2.75  1.37  3.62  3.94  2.07
135   40     1.04  1.60  2.44  3.35  3.99  3.84  3.63  3.41  2.53  1.79  1.12  0.85     2.47  1.16  3.26  3.63  1.81
135   50     0.92  1.39  2.16  2.98  3.61  3.49  3.30  3.05  2.26  1.58  0.98  0.75     2.21  1.02  2.92  3.28  1.61
135   60     0.84  1.24  1.93  2.64  3.24  3.13  2.96  2.71  2.03  1.42  0.89  0.69     1.98  0.93  2.61  2.94  1.44
135   70     0.79  1.13  1.74  2.36  2.90  2.80  2.65  2.41  1.83  1.28  0.81  0.65     1.78  0.86  2.34  2.62  1.31
135   80     0.74  1.05  1.59  2.11  2.60  2.49  2.37  2.15  1.65  1.17  0.76  0.61     1.61  0.80  2.10  2.34  1.20
135   90     0.71  0.96  1.46  1.90  2.33  2.21  2.10  1.92  1.49  1.08  0.71  0.57     1.45  0.75  1.90  2.08  1.09
150   10     1.78  2.53  3.39  4.35  4.81  4.53  4.32  4.28  3.30  2.61  1.86  1.49     3.27  1.93  4.18  4.37  2.59
150   20     1.33  2.06  2.98  4.01  4.59  4.36  4.14  4.01  3.01  2.23  1.46  1.10     2.94  1.50  3.86  4.17  2.23
150   30     0.97  1.61  2.55  3.59  4.27  4.11  3.89  3.67  2.68  1.85  1.11  0.81     2.59  1.13  3.47  3.89  1.88
150   40     0.77  1.28  2.13  3.13  3.87  3.79  3.57  3.26  2.33  1.52  0.88  0.66     2.27  0.90  3.04  3.54  1.58
150   50     0.70  1.08  1.80  2.67  3.42  3.39  3.19  2.83  2.02  1.29  0.78  0.63     1.98  0.80  2.63  3.14  1.36
150   60     0.67  0.98  1.57  2.29  2.97  2.97  2.80  2.44  1.77  1.16  0.74  0.61     1.75  0.75  2.28  2.73  1.22
150   70     0.65  0.92  1.43  2.01  2.60  2.59  2.45  2.13  1.59  1.07  0.70  0.58     1.56  0.72  2.01  2.39  1.12
150   80     0.62  0.87  1.31  1.80  2.30  2.29  2.17  1.90  1.44  0.99  0.67  0.56     1.41  0.68  1.80  2.12  1.03
150   90     0.59  0.83  1.23  1.64  2.06  2.03  1.93  1.70  1.32  0.93  0.64  0.53     1.28  0.65  1.64  1.89  0.96
165   10     1.71  2.48  3.34  4.32  4.80  4.53  4.31  4.27  3.27  2.57  1.81  1.44     3.24  1.87  4.16  4.37  2.55
165   20     1.20  1.94  2.89  3.95  4.57  4.36  4.14  3.98  2.96  2.14  1.35  1.00     2.87  1.38  3.80  4.16  2.15
165   30     0.78  1.41  2.38  3.50  4.24  4.11  3.88  3.62  2.59  1.69  0.94  0.67     2.49  0.96  3.38  3.87  1.74
165   40     0.70  1.01  1.88  2.98  3.83  3.78  3.56  3.19  2.19  1.29  0.77  0.65     2.15  0.79  2.90  3.51  1.42
165   50     0.69  0.91  1.47  2.42  3.35  3.38  3.17  2.71  1.79  1.07  0.75  0.63     1.86  0.74  2.41  3.09  1.20
165   60     0.67  0.89  1.29  1.94  2.80  2.93  2.74  2.19  1.53  1.00  0.72  0.61     1.61  0.72  2.01  2.62  1.09
165   70     0.64  0.86  1.20  1.68  2.30  2.43  2.27  1.85  1.39  0.96  0.70  0.58     1.41  0.69  1.73  2.18  1.02
165   80     0.62  0.83  1.14  1.53  2.02  2.09  1.98  1.66  1.29  0.91  0.67  0.56     1.27  0.67  1.56  1.91  0.96
165   90     0.59  0.79  1.08  1.42  1.83  1.87  1.78  1.51  1.20  0.86  0.64  0.53     1.18  0.64  1.44  1.72  0.90
180   10     1.69  2.45  3.33  4.32  4.80  4.53  4.31  4.26  3.27  2.55  1.79  1.42     3.23  1.85  4.15  4.37  2.54
180   20     1.15  1.89  2.85  3.94  4.56  4.36  4.14  3.98  2.94  2.10  1.31  0.95     2.85  1.33  3.78  4.16  2.12
180   30     0.73  1.32  2.32  3.48  4.23  4.11  3.88  3.61  2.56  1.63  0.87  0.66     2.45  0.90  3.34  3.87  1.69
180   40     0.70  0.94  1.75  2.96  3.82  3.77  3.56  3.18  2.14  1.16  0.77  0.65     2.12  0.76  2.84  3.50  1.36
180   50     0.69  0.91  1.23  2.38  3.33  3.38  3.17  2.69  1.69  1.03  0.75  0.63     1.82  0.74  2.31  3.08  1.16
180   60     0.67  0.89  1.18  1.77  2.79  2.92  2.73  2.16  1.38  1.00  0.72  0.61     1.57  0.72  1.92  2.61  1.03
180   70     0.64  0.86  1.14  1.50  2.21  2.43  2.26  1.71  1.30  0.95  0.70  0.58     1.36  0.69  1.62  2.13  0.98
180   80     0.62  0.83  1.09  1.41  1.91  2.02  1.91  1.55  1.23  0.91  0.67  0.56     1.22  0.67  1.47  1.83  0.93
180   90     0.59  0.79  1.04  1.33  1.74  1.80  1.72  1.43  1.15  0.86  0.64  0.53     1.14  0.64  1.37  1.65  0.88
             61.9  52.6  38.1  22.0   9.9   3.4   5.3  15.5  28.4  45.4  57.8  62.6     34.2  58.8  23.2   8.5  44.5
             4.09  4.40  4.46  4.86  4.97  4.61  4.41  4.58  3.85  3.84  3.69  3.50     4.27  3.99  4.70  4.52  3.73
             3.69  4.22  4.46  4.78  4.66  4.21  4.09  4.41  3.84  3.79  3.44  3.14     4.06  3.68  4.63  4.24  3.69
             1.11  1.04  1.00  1.02  1.07  1.10  1.08  1.04  1.00  1.01  1.07  1.11     1.05  1.09  1.03  1.07  1.03
             1.64  1.41  1.19  1.04  0.94  0.92  0.93  0.98  1.09  1.28  1.51  1.64     1.21  1.57  1.06  0.94  1.29
temperature   2.7   2.6   4.8   9.1  12.8  16.1  19.7  22.3  20.1  15.8  10.6   5.7     11.9   3.7   8.9  19.4  15.5
diffusedrad  1.01  1.34  1.77  2.17  2.50  2.63  2.58  2.31  1.93  1.46  1.08  0.90     1.81  1.09  2.14  2.51  1.49
snow10cm     0.00  0.01  0.00  0.00  0.00  0.00  0.00  0.00  0.00  0.00  0.00  0.00     0.00  0.00  0.00  0.00  0.00
