2 34331   塩釜            38 20.3  141  0.8  105
             2.08  2.81  3.61  4.49  4.77  4.32  3.98  4.03  3.21  2.79  2.12  1.76     3.33  2.22  4.29  4.11  2.71
             2.27  3.12  4.05  5.37  5.73  5.39  5.34  5.16  3.81  3.19  2.41  1.92     3.65  2.42  4.74  5.04  2.99
             1.83  2.30  2.98  3.59  3.97  3.11  2.96  3.13  2.51  2.19  1.74  1.48     3.06  2.05  3.86  3.38  2.26
  0   10     2.50  3.18  3.90  4.65  4.80  4.31  3.98  4.09  3.36  3.08  2.46  2.11     3.54  2.60  4.45  4.13  2.97
  0   20     2.88  3.50  4.12  4.72  4.75  4.22  3.91  4.09  3.44  3.31  2.77  2.42     3.68  2.93  4.53  4.08  3.17
  0   30     3.18  3.74  4.24  4.69  4.60  4.06  3.78  4.00  3.46  3.46  3.02  2.68     3.74  3.20  4.51  3.95  3.31
  0   40     3.41  3.90  4.27  4.56  4.36  3.82  3.58  3.84  3.40  3.54  3.19  2.87     3.73  3.39  4.39  3.75  3.38
  0   50     3.55  3.96  4.20  4.33  4.04  3.53  3.31  3.61  3.28  3.53  3.28  2.99     3.63  3.50  4.19  3.48  3.36
  0   60     3.61  3.93  4.04  4.01  3.65  3.17  3.00  3.31  3.09  3.44  3.29  3.04     3.46  3.52  3.90  3.16  3.27
  0   70     3.57  3.80  3.78  3.61  3.19  2.77  2.64  2.95  2.84  3.28  3.22  3.01     3.22  3.46  3.52  2.79  3.11
  0   80     3.45  3.58  3.44  3.13  2.69  2.35  2.26  2.54  2.53  3.04  3.08  2.91     2.92  3.31  3.09  2.38  2.88
  0   90     3.24  3.28  3.04  2.60  2.17  1.92  1.86  2.11  2.19  2.73  2.86  2.73     2.56  3.08  2.61  1.96  2.59
 15   10     2.49  3.17  3.90  4.64  4.80  4.31  3.98  4.08  3.35  3.07  2.45  2.09     3.53  2.58  4.45  4.12  2.96
 15   20     2.86  3.48  4.10  4.71  4.75  4.22  3.91  4.08  3.43  3.29  2.74  2.40     3.66  2.91  4.52  4.07  3.15
 15   30     3.15  3.71  4.22  4.68  4.60  4.06  3.78  4.00  3.45  3.44  2.96  2.64     3.72  3.17  4.50  3.95  3.28
 15   40     3.37  3.85  4.24  4.55  4.37  3.83  3.58  3.84  3.39  3.50  3.12  2.82     3.71  3.35  4.39  3.75  3.34
 15   50     3.50  3.91  4.17  4.32  4.05  3.54  3.32  3.61  3.26  3.49  3.20  2.94     3.61  3.45  4.18  3.49  3.32
 15   60     3.55  3.87  4.00  4.01  3.67  3.19  3.01  3.31  3.07  3.40  3.20  2.98     3.44  3.46  3.89  3.17  3.22
 15   70     3.51  3.73  3.75  3.62  3.22  2.80  2.66  2.96  2.82  3.23  3.13  2.94     3.20  3.40  3.53  2.81  3.06
 15   80     3.38  3.52  3.42  3.15  2.74  2.39  2.29  2.57  2.53  2.99  2.98  2.84     2.90  3.25  3.10  2.41  2.83
 15   90     3.17  3.21  3.02  2.65  2.24  1.97  1.91  2.15  2.19  2.68  2.75  2.66     2.55  3.02  2.64  2.01  2.54
 30   10     2.45  3.13  3.87  4.62  4.80  4.31  3.97  4.07  3.34  3.04  2.40  2.06     3.50  2.54  4.43  4.12  2.93
 30   20     2.77  3.40  4.05  4.68  4.75  4.22  3.91  4.06  3.40  3.23  2.65  2.32     3.62  2.83  4.49  4.07  3.10
 30   30     3.03  3.59  4.15  4.64  4.61  4.07  3.77  3.97  3.40  3.35  2.84  2.53     3.66  3.05  4.46  3.94  3.20
 30   40     3.22  3.71  4.16  4.51  4.38  3.84  3.58  3.82  3.34  3.39  2.96  2.68     3.63  3.20  4.35  3.75  3.23
 30   50     3.32  3.73  4.07  4.29  4.09  3.56  3.33  3.59  3.21  3.37  3.01  2.77     3.53  3.27  4.15  3.49  3.20
 30   60     3.35  3.67  3.89  3.98  3.72  3.23  3.04  3.31  3.02  3.26  2.99  2.79     3.35  3.27  3.87  3.19  3.09
 30   70     3.29  3.52  3.65  3.62  3.31  2.86  2.70  2.97  2.78  3.09  2.90  2.74     3.12  3.18  3.53  2.85  2.92
 30   80     3.15  3.30  3.33  3.18  2.87  2.48  2.36  2.61  2.49  2.84  2.74  2.62     2.83  3.02  3.13  2.48  2.69
 30   90     2.94  3.00  2.94  2.73  2.41  2.10  2.00  2.22  2.17  2.55  2.52  2.44     2.50  2.79  2.69  2.11  2.41
 45   10     2.38  3.06  3.82  4.59  4.79  4.30  3.97  4.05  3.31  2.99  2.34  2.00     3.47  2.48  4.40  4.11  2.88
 45   20     2.64  3.27  3.96  4.62  4.74  4.22  3.90  4.03  3.35  3.13  2.53  2.20     3.55  2.70  4.44  4.05  3.01
 45   30     2.84  3.40  4.02  4.57  4.60  4.07  3.77  3.94  3.34  3.22  2.67  2.36     3.57  2.87  4.40  3.92  3.08
 45   40     2.98  3.48  4.00  4.43  4.39  3.86  3.58  3.77  3.26  3.23  2.75  2.46     3.52  2.97  4.27  3.73  3.08
 45   50     3.04  3.47  3.91  4.21  4.11  3.59  3.34  3.56  3.12  3.18  2.76  2.51     3.40  3.01  4.08  3.50  3.02
 45   60     3.04  3.39  3.73  3.92  3.77  3.27  3.06  3.28  2.94  3.06  2.72  2.50     3.22  2.97  3.81  3.20  2.90
 45   70     2.96  3.22  3.49  3.58  3.40  2.94  2.75  2.97  2.70  2.89  2.61  2.43     3.00  2.87  3.49  2.89  2.73
 45   80     2.81  3.01  3.19  3.19  2.98  2.58  2.42  2.63  2.43  2.65  2.45  2.30     2.72  2.71  3.12  2.54  2.51
 45   90     2.60  2.73  2.83  2.77  2.57  2.22  2.09  2.28  2.13  2.38  2.23  2.12     2.41  2.48  2.73  2.20  2.25
 60   10     2.29  2.97  3.75  4.55  4.78  4.30  3.96  4.03  3.27  2.92  2.26  1.92     3.42  2.40  4.36  4.09  2.82
 60   20     2.47  3.10  3.84  4.54  4.71  4.21  3.88  3.98  3.28  3.02  2.38  2.05     3.46  2.54  4.37  4.03  2.90
 60   30     2.60  3.19  3.85  4.46  4.58  4.06  3.75  3.88  3.24  3.04  2.46  2.15     3.44  2.65  4.30  3.90  2.92
 60   40     2.67  3.20  3.81  4.32  4.37  3.85  3.56  3.71  3.15  3.03  2.49  2.20     3.36  2.69  4.16  3.71  2.89
 60   50     2.70  3.15  3.69  4.10  4.11  3.60  3.33  3.49  3.00  2.95  2.47  2.20     3.23  2.68  3.96  3.48  2.81
 60   60     2.66  3.05  3.52  3.83  3.80  3.31  3.07  3.23  2.82  2.81  2.39  2.16     3.06  2.63  3.71  3.21  2.67
 60   70     2.57  2.88  3.28  3.49  3.44  2.98  2.77  2.93  2.59  2.65  2.28  2.08     2.83  2.51  3.40  2.90  2.51
 60   80     2.41  2.68  3.01  3.15  3.08  2.65  2.47  2.62  2.34  2.42  2.12  1.95     2.58  2.35  3.08  2.58  2.29
 60   90     2.23  2.43  2.69  2.75  2.69  2.32  2.16  2.30  2.07  2.17  1.91  1.78     2.29  2.15  2.71  2.26  2.05
 75   10     2.19  2.87  3.67  4.50  4.76  4.29  3.95  4.00  3.23  2.85  2.17  1.83     3.36  2.30  4.31  4.08  2.75
 75   20     2.28  2.92  3.69  4.45  4.68  4.20  3.86  3.93  3.20  2.87  2.21  1.89     3.35  2.36  4.27  4.00  2.76
 75   30     2.33  2.92  3.66  4.33  4.53  4.04  3.73  3.80  3.13  2.85  2.23  1.91     3.29  2.38  4.17  3.86  2.74
 75   40     2.35  2.88  3.56  4.16  4.33  3.84  3.54  3.63  3.02  2.79  2.20  1.91     3.18  2.38  4.02  3.67  2.67
 75   50     2.31  2.80  3.43  3.94  4.06  3.58  3.31  3.41  2.86  2.69  2.15  1.88     3.03  2.33  3.81  3.43  2.56
 75   60     2.26  2.68  3.24  3.67  3.77  3.31  3.05  3.15  2.67  2.54  2.05  1.80     2.85  2.25  3.56  3.17  2.42
 75   70     2.16  2.52  3.03  3.37  3.45  3.00  2.77  2.88  2.46  2.37  1.93  1.72     2.64  2.13  3.28  2.88  2.25
 75   80     2.01  2.32  2.77  3.02  3.09  2.68  2.48  2.57  2.22  2.17  1.78  1.60     2.39  1.98  2.96  2.58  2.06
 75   90     1.86  2.11  2.50  2.69  2.74  2.37  2.19  2.27  1.98  1.94  1.60  1.45     2.14  1.80  2.64  2.27  1.84
 90   10     2.08  2.76  3.59  4.44  4.74  4.28  3.94  3.97  3.18  2.77  2.08  1.73     3.30  2.19  4.25  4.06  2.68
 90   20     2.06  2.72  3.52  4.34  4.63  4.18  3.84  3.87  3.11  2.71  2.04  1.71     3.23  2.16  4.16  3.96  2.62
 90   30     2.04  2.64  3.43  4.17  4.47  4.01  3.69  3.71  3.00  2.63  1.98  1.67     3.12  2.12  4.02  3.80  2.54
 90   40     1.99  2.54  3.30  3.97  4.25  3.80  3.49  3.52  2.86  2.53  1.91  1.61     2.98  2.05  3.84  3.60  2.43
 90   50     1.93  2.43  3.13  3.73  3.99  3.55  3.26  3.29  2.69  2.39  1.81  1.55     2.81  1.97  3.62  3.37  2.30
 90   60     1.84  2.28  2.94  3.46  3.69  3.27  3.00  3.04  2.50  2.25  1.71  1.46     2.62  1.86  3.36  3.10  2.15
 90   70     1.75  2.14  2.73  3.17  3.38  2.98  2.73  2.76  2.29  2.07  1.58  1.37     2.41  1.75  3.09  2.82  1.98
 90   80     1.62  1.96  2.50  2.87  3.05  2.67  2.46  2.49  2.08  1.90  1.46  1.27     2.19  1.62  2.81  2.54  1.81
 90   90     1.49  1.79  2.25  2.55  2.71  2.36  2.17  2.20  1.85  1.70  1.31  1.14     1.96  1.47  2.50  2.25  1.62
105   10     1.97  2.65  3.50  4.38  4.71  4.27  3.92  3.94  3.13  2.68  1.98  1.64     3.23  2.09  4.20  4.04  2.60
105   20     1.85  2.51  3.35  4.22  4.58  4.15  3.81  3.80  3.02  2.55  1.86  1.53     3.10  1.96  4.05  3.92  2.48
105   30     1.74  2.36  3.18  4.00  4.38  3.97  3.65  3.61  2.87  2.41  1.74  1.42     2.94  1.84  3.86  3.74  2.34
105   40     1.65  2.21  3.00  3.75  4.14  3.74  3.44  3.39  2.69  2.26  1.61  1.33     2.77  1.73  3.63  3.52  2.19
105   50     1.56  2.05  2.81  3.48  3.86  3.48  3.19  3.15  2.50  2.10  1.50  1.24     2.58  1.62  3.38  3.27  2.03
105   60     1.46  1.91  2.60  3.21  3.56  3.20  2.93  2.89  2.31  1.94  1.39  1.15     2.38  1.51  3.12  3.00  1.88
105   70     1.37  1.76  2.40  2.93  3.24  2.90  2.66  2.62  2.11  1.79  1.27  1.06     2.18  1.40  2.86  2.73  1.72
105   80     1.27  1.62  2.20  2.63  2.93  2.61  2.39  2.35  1.90  1.62  1.16  0.98     1.97  1.29  2.59  2.45  1.56
105   90     1.17  1.47  1.98  2.36  2.62  2.32  2.13  2.09  1.71  1.46  1.05  0.88     1.77  1.17  2.32  2.18  1.41
120   10     1.86  2.55  3.42  4.32  4.69  4.26  3.91  3.90  3.09  2.60  1.89  1.55     3.17  1.99  4.14  4.03  2.53
120   20     1.65  2.31  3.18  4.10  4.53  4.13  3.79  3.73  2.92  2.40  1.68  1.36     2.98  1.77  3.94  3.88  2.34
120   30     1.47  2.07  2.94  3.82  4.29  3.93  3.60  3.51  2.73  2.19  1.50  1.20     2.77  1.58  3.68  3.68  2.14
120   40     1.33  1.87  2.69  3.51  4.00  3.67  3.37  3.25  2.52  1.98  1.34  1.07     2.55  1.42  3.40  3.43  1.95
120   50     1.21  1.70  2.46  3.20  3.69  3.39  3.10  2.98  2.31  1.80  1.21  0.97     2.34  1.29  3.12  3.16  1.77
120   60     1.12  1.55  2.25  2.91  3.37  3.09  2.83  2.71  2.10  1.65  1.10  0.89     2.13  1.19  2.84  2.88  1.62
120   70     1.05  1.42  2.06  2.63  3.05  2.79  2.56  2.44  1.90  1.50  1.00  0.82     1.94  1.10  2.58  2.60  1.47
120   80     0.97  1.31  1.87  2.37  2.74  2.50  2.29  2.19  1.72  1.36  0.92  0.76     1.75  1.01  2.33  2.33  1.33
120   90     0.91  1.19  1.71  2.12  2.46  2.23  2.03  1.94  1.54  1.24  0.84  0.69     1.57  0.93  2.10  2.07  1.21
135   10     1.76  2.46  3.34  4.27  4.67  4.25  3.90  3.88  3.05  2.53  1.81  1.47     3.12  1.90  4.09  4.01  2.46
135   20     1.46  2.12  3.03  3.99  4.47  4.11  3.76  3.68  2.84  2.25  1.53  1.21     2.87  1.60  3.83  3.85  2.21
135   30     1.21  1.81  2.70  3.65  4.20  3.89  3.56  3.42  2.60  1.98  1.28  1.00     2.61  1.34  3.52  3.62  1.95
135   40     1.04  1.56  2.39  3.28  3.87  3.61  3.30  3.12  2.35  1.73  1.10  0.85     2.35  1.15  3.18  3.34  1.73
135   50     0.93  1.37  2.12  2.91  3.50  3.29  3.00  2.81  2.11  1.53  0.97  0.77     2.11  1.02  2.84  3.03  1.54
135   60     0.86  1.24  1.91  2.59  3.14  2.96  2.70  2.50  1.89  1.38  0.88  0.71     1.90  0.94  2.55  2.72  1.38
135   70     0.81  1.14  1.73  2.31  2.81  2.64  2.42  2.23  1.70  1.25  0.81  0.66     1.71  0.87  2.28  2.43  1.25
135   80     0.77  1.06  1.58  2.07  2.52  2.36  2.16  1.99  1.54  1.14  0.75  0.62     1.54  0.81  2.05  2.17  1.14
135   90     0.73  0.98  1.46  1.86  2.25  2.09  1.92  1.78  1.38  1.05  0.69  0.58     1.40  0.76  1.86  1.93  1.04
150   10     1.68  2.39  3.28  4.24  4.65  4.25  3.90  3.86  3.02  2.48  1.75  1.41     3.08  1.83  4.06  4.00  2.42
150   20     1.30  1.98  2.90  3.91  4.44  4.10  3.75  3.64  2.77  2.14  1.40  1.08     2.79  1.46  3.75  3.83  2.11
150   30     0.99  1.59  2.50  3.51  4.13  3.87  3.53  3.35  2.49  1.79  1.10  0.83     2.47  1.13  3.38  3.58  1.79
150   40     0.81  1.28  2.11  3.06  3.75  3.57  3.25  3.00  2.19  1.50  0.90  0.70     2.18  0.93  2.98  3.27  1.53
150   50     0.76  1.11  1.80  2.63  3.32  3.21  2.92  2.63  1.91  1.28  0.80  0.67     1.92  0.84  2.58  2.92  1.33
150   60     0.73  1.01  1.58  2.26  2.89  2.82  2.57  2.29  1.68  1.15  0.75  0.64     1.70  0.79  2.24  2.56  1.20
150   70     0.70  0.96  1.44  1.98  2.53  2.47  2.26  2.02  1.51  1.06  0.71  0.61     1.52  0.76  1.98  2.25  1.10
150   80     0.67  0.91  1.33  1.77  2.24  2.18  2.00  1.80  1.38  0.98  0.67  0.58     1.38  0.72  1.78  1.99  1.01
150   90     0.64  0.87  1.25  1.61  2.01  1.94  1.78  1.61  1.25  0.92  0.64  0.55     1.26  0.69  1.62  1.78  0.94
165   10     1.63  2.35  3.24  4.22  4.64  4.25  3.89  3.85  3.00  2.44  1.71  1.36     3.05  1.78  4.03  4.00  2.38
165   20     1.19  1.88  2.82  3.86  4.42  4.09  3.73  3.62  2.73  2.06  1.31  0.99     2.73  1.35  3.70  3.81  2.04
165   30     0.83  1.41  2.35  3.43  4.11  3.86  3.51  3.31  2.42  1.66  0.95  0.72     2.38  0.99  3.30  3.56  1.68
165   40     0.76  1.05  1.88  2.93  3.71  3.56  3.23  2.95  2.07  1.30  0.80  0.69     2.08  0.83  2.84  3.25  1.39
165   50     0.74  0.96  1.50  2.39  3.25  3.20  2.90  2.54  1.73  1.09  0.77  0.67     1.81  0.79  2.38  2.88  1.20
165   60     0.72  0.94  1.32  1.93  2.74  2.79  2.52  2.10  1.50  1.02  0.74  0.64     1.58  0.77  2.00  2.47  1.09
165   70     0.70  0.91  1.24  1.68  2.25  2.34  2.11  1.80  1.36  0.97  0.71  0.61     1.39  0.74  1.72  2.08  1.02
165   80     0.67  0.88  1.18  1.52  1.99  2.02  1.85  1.62  1.26  0.92  0.67  0.58     1.26  0.71  1.56  1.83  0.95
165   90     0.64  0.84  1.12  1.41  1.79  1.80  1.66  1.47  1.16  0.86  0.64  0.55     1.16  0.68  1.44  1.64  0.89
180   10     1.61  2.33  3.23  4.21  4.64  4.25  3.89  3.85  2.99  2.43  1.70  1.35     3.04  1.76  4.03  3.99  2.37
180   20     1.15  1.83  2.78  3.85  4.42  4.09  3.73  3.61  2.72  2.03  1.28  0.96     2.71  1.32  3.68  3.81  2.01
180   30     0.79  1.33  2.29  3.41  4.10  3.86  3.51  3.30  2.40  1.60  0.90  0.71     2.35  0.94  3.27  3.56  1.63
180   40     0.76  0.99  1.76  2.91  3.71  3.56  3.22  2.94  2.04  1.18  0.80  0.69     2.05  0.81  2.79  3.24  1.34
180   50     0.74  0.96  1.27  2.36  3.25  3.19  2.88  2.53  1.65  1.06  0.77  0.67     1.78  0.79  2.29  2.87  1.16
180   60     0.72  0.94  1.23  1.77  2.73  2.78  2.50  2.08  1.38  1.02  0.74  0.64     1.54  0.77  1.91  2.46  1.05
180   70     0.70  0.91  1.18  1.51  2.17  2.33  2.09  1.69  1.30  0.97  0.71  0.61     1.35  0.74  1.62  2.04  0.99
180   80     0.67  0.88  1.14  1.41  1.89  1.95  1.78  1.53  1.22  0.92  0.67  0.58     1.22  0.71  1.48  1.75  0.94
180   90     0.64  0.84  1.09  1.33  1.72  1.74  1.60  1.41  1.13  0.86  0.64  0.55     1.13  0.68  1.38  1.59  0.88
             61.1  51.5  37.8  21.8   9.8   3.7   6.1  14.8  27.1  44.3  56.6  61.3     33.0  57.7  22.9   8.5  43.3
             3.61  3.96  4.27  4.73  4.80  4.32  3.98  4.10  3.46  3.55  3.30  3.04     3.93  3.53  4.54  4.13  3.38
             3.26  3.80  4.26  4.66  4.53  4.00  3.72  3.96  3.45  3.49  3.07  2.74     3.75  3.27  4.49  3.89  3.34
             1.11  1.04  1.00  1.02  1.06  1.08  1.07  1.04  1.00  1.02  1.07  1.11     1.05  1.09  1.03  1.06  1.03
             1.57  1.35  1.18  1.04  0.95  0.93  0.93  0.98  1.07  1.25  1.45  1.56     1.19  1.49  1.06  0.95  1.26
temperature   0.5   0.9   3.9   9.4  14.0  17.5  21.1  23.1  19.7  14.2   8.5   3.5     11.4   1.6   9.1  20.6  14.1
diffusedrad  1.04  1.37  1.78  2.17  2.50  2.62  2.52  2.30  1.89  1.46  1.08  0.92     1.80  1.11  2.15  2.48  1.48
snow10cm     0.07  0.07  0.04  0.00  0.00  0.00  0.00  0.00  0.00  0.00  0.00  0.02     0.02  0.05  0.01  0.00  0.00
