1 35052   酒田            38 54.5  139 50.6    3
             1.35  2.08  3.20  4.48  5.05  5.14  4.65  4.95  3.74  2.84  1.64  1.12     3.35  1.51  4.24  4.91  2.74
             1.48  2.39  3.52  5.16  5.54  5.93  5.87  6.14  4.31  3.49  1.83  1.25     3.55  1.63  4.52  5.38  3.00
             1.07  1.60  2.57  3.69  4.33  4.11  3.39  3.37  2.65  2.25  1.26  0.96     3.02  1.30  3.69  4.15  2.38
  0   10     1.45  2.21  3.41  4.65  5.08  5.12  4.64  5.07  3.96  3.15  1.84  1.23     3.48  1.63  4.38  4.95  2.98
  0   20     1.53  2.33  3.56  4.72  5.03  5.02  4.57  5.08  4.09  3.39  2.01  1.32     3.55  1.73  4.43  4.89  3.16
  0   30     1.60  2.42  3.64  4.69  4.87  4.81  4.40  4.99  4.13  3.56  2.14  1.38     3.55  1.80  4.40  4.74  3.27
  0   40     1.63  2.46  3.64  4.56  4.62  4.52  4.16  4.79  4.08  3.64  2.23  1.43     3.48  1.84  4.27  4.49  3.31
  0   50     1.64  2.47  3.56  4.33  4.28  4.15  3.83  4.49  3.94  3.64  2.26  1.44     3.34  1.85  4.06  4.16  3.28
  0   60     1.63  2.43  3.42  4.01  3.86  3.70  3.45  4.10  3.72  3.55  2.25  1.43     3.13  1.83  3.77  3.75  3.17
  0   70     1.58  2.35  3.20  3.62  3.38  3.20  3.02  3.64  3.42  3.39  2.18  1.39     2.86  1.77  3.40  3.29  3.00
  0   80     1.52  2.23  2.92  3.16  2.85  2.68  2.54  3.11  3.05  3.15  2.07  1.32     2.55  1.69  2.98  2.77  2.75
  0   90     1.43  2.08  2.60  2.64  2.29  2.14  2.06  2.53  2.63  2.83  1.91  1.23     2.20  1.58  2.51  2.24  2.46
 15   10     1.45  2.21  3.41  4.64  5.08  5.12  4.64  5.07  3.95  3.14  1.83  1.22     3.48  1.63  4.37  4.95  2.97
 15   20     1.53  2.32  3.55  4.71  5.02  5.01  4.57  5.09  4.07  3.37  1.99  1.31     3.54  1.72  4.42  4.89  3.14
 15   30     1.58  2.40  3.62  4.68  4.87  4.82  4.40  4.99  4.11  3.52  2.11  1.37     3.54  1.79  4.39  4.74  3.25
 15   40     1.62  2.44  3.61  4.55  4.63  4.53  4.16  4.79  4.06  3.60  2.19  1.41     3.46  1.82  4.26  4.49  3.28
 15   50     1.62  2.44  3.53  4.32  4.29  4.16  3.85  4.50  3.92  3.59  2.22  1.42     3.32  1.83  4.05  4.17  3.24
 15   60     1.61  2.40  3.38  4.02  3.89  3.73  3.47  4.12  3.70  3.50  2.20  1.41     3.12  1.80  3.76  3.78  3.13
 15   70     1.56  2.32  3.17  3.63  3.41  3.25  3.05  3.66  3.41  3.33  2.13  1.36     2.86  1.75  3.40  3.32  2.96
 15   80     1.49  2.20  2.89  3.17  2.90  2.73  2.59  3.15  3.05  3.08  2.01  1.30     2.55  1.66  2.99  2.82  2.72
 15   90     1.40  2.05  2.56  2.68  2.37  2.22  2.12  2.60  2.63  2.77  1.86  1.21     2.21  1.55  2.54  2.31  2.42
 30   10     1.43  2.19  3.38  4.62  5.07  5.12  4.64  5.06  3.92  3.10  1.80  1.21     3.46  1.61  4.36  4.94  2.94
 30   20     1.50  2.29  3.50  4.67  5.02  5.02  4.57  5.07  4.03  3.30  1.94  1.29     3.52  1.69  4.40  4.89  3.09
 30   30     1.55  2.35  3.56  4.63  4.88  4.83  4.41  4.98  4.05  3.43  2.04  1.34     3.50  1.75  4.35  4.74  3.17
 30   40     1.57  2.38  3.54  4.50  4.65  4.56  4.18  4.80  4.00  3.48  2.10  1.37     3.43  1.77  4.23  4.51  3.19
 30   50     1.57  2.37  3.45  4.28  4.33  4.21  3.87  4.52  3.86  3.46  2.11  1.37     3.28  1.77  4.02  4.20  3.14
 30   60     1.55  2.31  3.29  3.98  3.95  3.81  3.52  4.17  3.63  3.35  2.08  1.35     3.08  1.74  3.74  3.83  3.02
 30   70     1.50  2.23  3.08  3.62  3.51  3.35  3.12  3.75  3.35  3.17  2.00  1.30     2.83  1.68  3.40  3.40  2.84
 30   80     1.43  2.11  2.81  3.19  3.04  2.88  2.70  3.27  3.01  2.93  1.88  1.23     2.54  1.59  3.01  2.95  2.61
 30   90     1.33  1.96  2.49  2.74  2.55  2.40  2.27  2.76  2.62  2.63  1.72  1.14     2.22  1.48  2.59  2.48  2.32
 45   10     1.42  2.16  3.34  4.58  5.06  5.12  4.63  5.04  3.89  3.05  1.77  1.19     3.44  1.59  4.33  4.93  2.90
 45   20     1.47  2.23  3.44  4.61  5.01  5.02  4.55  5.04  3.96  3.21  1.87  1.25     3.47  1.65  4.35  4.87  3.01
 45   30     1.50  2.27  3.46  4.56  4.87  4.84  4.40  4.95  3.96  3.29  1.94  1.28     3.44  1.69  4.29  4.73  3.07
 45   40     1.50  2.28  3.42  4.41  4.65  4.58  4.18  4.77  3.89  3.31  1.97  1.30     3.36  1.69  4.16  4.51  3.06
 45   50     1.49  2.25  3.32  4.21  4.36  4.26  3.90  4.52  3.74  3.26  1.96  1.28     3.21  1.68  3.96  4.23  2.99
 45   60     1.45  2.19  3.15  3.91  4.00  3.88  3.56  4.18  3.53  3.15  1.91  1.25     3.01  1.63  3.69  3.87  2.86
 45   70     1.39  2.09  2.94  3.57  3.60  3.47  3.20  3.80  3.25  2.96  1.82  1.20     2.78  1.56  3.37  3.49  2.68
 45   80     1.32  1.97  2.69  3.18  3.16  3.03  2.81  3.36  2.94  2.72  1.70  1.12     2.50  1.47  3.01  3.07  2.45
 45   90     1.23  1.82  2.39  2.77  2.72  2.59  2.41  2.91  2.58  2.44  1.54  1.03     2.20  1.36  2.63  2.64  2.19
 60   10     1.39  2.13  3.30  4.54  5.04  5.11  4.62  5.01  3.84  2.98  1.72  1.17     3.40  1.56  4.29  4.91  2.85
 60   20     1.42  2.17  3.34  4.53  4.98  5.01  4.54  4.98  3.87  3.08  1.78  1.20     3.41  1.60  4.28  4.84  2.91
 60   30     1.43  2.18  3.33  4.45  4.84  4.83  4.39  4.89  3.84  3.11  1.82  1.21     3.36  1.61  4.21  4.70  2.92
 60   40     1.41  2.16  3.26  4.30  4.62  4.58  4.17  4.71  3.75  3.10  1.82  1.21     3.26  1.59  4.06  4.49  2.89
 60   50     1.38  2.11  3.14  4.08  4.35  4.28  3.90  4.46  3.59  3.02  1.78  1.18     3.11  1.56  3.86  4.21  2.79
 60   60     1.34  2.04  2.98  3.81  4.02  3.94  3.59  4.16  3.38  2.88  1.71  1.14     2.92  1.50  3.61  3.90  2.66
 60   70     1.27  1.93  2.77  3.48  3.64  3.55  3.25  3.79  3.12  2.71  1.62  1.08     2.68  1.43  3.29  3.53  2.48
 60   80     1.19  1.82  2.53  3.13  3.25  3.15  2.88  3.41  2.82  2.48  1.50  1.00     2.43  1.34  2.97  3.15  2.27
 60   90     1.11  1.68  2.26  2.75  2.85  2.74  2.52  3.00  2.50  2.23  1.35  0.91     2.16  1.23  2.62  2.75  2.02
 75   10     1.36  2.09  3.24  4.49  5.02  5.10  4.61  4.97  3.78  2.90  1.67  1.14     3.36  1.53  4.25  4.89  2.78
 75   20     1.36  2.09  3.23  4.43  4.94  4.99  4.51  4.92  3.76  2.93  1.69  1.14     3.33  1.53  4.20  4.80  2.79
 75   30     1.35  2.06  3.18  4.31  4.79  4.81  4.35  4.79  3.69  2.91  1.68  1.13     3.25  1.51  4.09  4.65  2.76
 75   40     1.32  2.02  3.08  4.14  4.57  4.57  4.14  4.61  3.56  2.84  1.64  1.11     3.13  1.48  3.93  4.44  2.68
 75   50     1.27  1.95  2.95  3.92  4.30  4.27  3.88  4.36  3.40  2.74  1.59  1.07     2.97  1.43  3.72  4.17  2.58
 75   60     1.22  1.87  2.77  3.64  3.99  3.94  3.57  4.06  3.18  2.59  1.50  1.01     2.78  1.37  3.47  3.86  2.42
 75   70     1.15  1.77  2.57  3.35  3.64  3.58  3.25  3.74  2.94  2.42  1.41  0.95     2.56  1.29  3.19  3.52  2.26
 75   80     1.07  1.66  2.35  3.01  3.27  3.20  2.91  3.37  2.66  2.22  1.29  0.87     2.32  1.20  2.87  3.16  2.06
 75   90     0.99  1.54  2.11  2.67  2.90  2.82  2.56  2.99  2.38  1.99  1.16  0.79     2.08  1.11  2.56  2.79  1.84
 90   10     1.33  2.04  3.18  4.43  5.00  5.09  4.59  4.93  3.71  2.82  1.61  1.11     3.32  1.49  4.20  4.87  2.71
 90   20     1.30  2.00  3.11  4.32  4.89  4.96  4.48  4.83  3.64  2.76  1.58  1.08     3.25  1.46  4.11  4.76  2.66
 90   30     1.27  1.95  3.01  4.16  4.71  4.77  4.30  4.66  3.52  2.68  1.53  1.05     3.13  1.42  3.96  4.58  2.58
 90   40     1.22  1.88  2.88  3.95  4.48  4.52  4.08  4.45  3.35  2.57  1.47  1.01     2.99  1.37  3.77  4.35  2.46
 90   50     1.16  1.80  2.72  3.72  4.21  4.22  3.81  4.20  3.17  2.43  1.39  0.96     2.82  1.31  3.55  4.08  2.33
 90   60     1.10  1.71  2.54  3.45  3.89  3.89  3.52  3.91  2.95  2.29  1.30  0.89     2.62  1.23  3.29  3.77  2.18
 90   70     1.04  1.61  2.35  3.14  3.56  3.55  3.20  3.58  2.71  2.11  1.20  0.83     2.41  1.16  3.02  3.44  2.00
 90   80     0.96  1.50  2.14  2.85  3.22  3.19  2.88  3.26  2.47  1.93  1.10  0.76     2.19  1.08  2.74  3.11  1.83
 90   90     0.90  1.41  1.93  2.53  2.86  2.83  2.56  2.91  2.20  1.73  0.98  0.69     1.96  1.00  2.44  2.76  1.64
105   10     1.30  2.00  3.11  4.37  4.97  5.08  4.57  4.88  3.65  2.73  1.55  1.08     3.27  1.46  4.15  4.84  2.65
105   20     1.25  1.92  2.99  4.21  4.83  4.93  4.44  4.73  3.51  2.60  1.47  1.03     3.16  1.40  4.01  4.70  2.52
105   30     1.19  1.83  2.83  3.99  4.62  4.71  4.24  4.52  3.33  2.44  1.38  0.97     3.00  1.33  3.81  4.49  2.38
105   40     1.12  1.74  2.66  3.74  4.36  4.44  4.00  4.26  3.13  2.29  1.29  0.91     2.83  1.26  3.59  4.23  2.24
105   50     1.06  1.64  2.49  3.47  4.06  4.13  3.72  3.98  2.91  2.13  1.20  0.85     2.64  1.19  3.34  3.94  2.08
105   60     1.00  1.55  2.30  3.19  3.74  3.79  3.42  3.69  2.68  1.97  1.11  0.79     2.44  1.12  3.08  3.63  1.92
105   70     0.94  1.46  2.11  2.91  3.41  3.44  3.10  3.38  2.46  1.81  1.01  0.73     2.23  1.05  2.81  3.31  1.76
105   80     0.88  1.37  1.93  2.62  3.08  3.10  2.79  3.05  2.22  1.64  0.93  0.68     2.02  0.98  2.54  2.98  1.60
105   90     0.82  1.28  1.73  2.34  2.76  2.76  2.48  2.75  2.00  1.48  0.83  0.61     1.82  0.91  2.28  2.67  1.44
120   10     1.28  1.96  3.05  4.32  4.94  5.06  4.56  4.83  3.59  2.65  1.50  1.05     3.23  1.43  4.10  4.82  2.58
120   20     1.20  1.84  2.87  4.09  4.76  4.89  4.40  4.63  3.38  2.43  1.37  0.97     3.07  1.34  3.91  4.64  2.39
120   30     1.12  1.72  2.66  3.81  4.51  4.64  4.17  4.36  3.14  2.21  1.24  0.90     2.87  1.24  3.66  4.39  2.20
120   40     1.05  1.60  2.44  3.51  4.20  4.34  3.90  4.05  2.89  2.01  1.13  0.83     2.66  1.16  3.38  4.09  2.01
120   50     0.98  1.50  2.24  3.20  3.87  3.99  3.59  3.73  2.64  1.82  1.03  0.77     2.45  1.09  3.10  3.77  1.83
120   60     0.93  1.42  2.05  2.90  3.53  3.64  3.27  3.40  2.40  1.66  0.95  0.72     2.24  1.02  2.83  3.44  1.67
120   70     0.88  1.33  1.88  2.62  3.20  3.29  2.95  3.10  2.18  1.52  0.86  0.67     2.04  0.96  2.57  3.11  1.52
120   80     0.83  1.26  1.71  2.36  2.88  2.94  2.64  2.80  1.97  1.37  0.79  0.61     1.85  0.90  2.32  2.79  1.38
120   90     0.78  1.19  1.55  2.11  2.57  2.62  2.35  2.51  1.77  1.25  0.71  0.56     1.67  0.84  2.08  2.49  1.25
135   10     1.25  1.92  3.00  4.27  4.92  5.05  4.54  4.79  3.53  2.58  1.46  1.02     3.19  1.40  4.06  4.79  2.52
135   20     1.15  1.77  2.75  3.98  4.70  4.87  4.37  4.54  3.26  2.28  1.28  0.92     2.99  1.28  3.81  4.59  2.27
135   30     1.06  1.62  2.49  3.65  4.41  4.59  4.11  4.21  2.96  2.00  1.12  0.83     2.75  1.17  3.52  4.30  2.02
135   40     0.98  1.49  2.24  3.27  4.05  4.24  3.79  3.83  2.65  1.75  0.99  0.77     2.50  1.08  3.19  3.95  1.79
135   50     0.93  1.39  2.01  2.91  3.65  3.84  3.44  3.44  2.36  1.54  0.90  0.72     2.26  1.01  2.86  3.57  1.60
135   60     0.89  1.31  1.82  2.60  3.28  3.44  3.08  3.07  2.11  1.39  0.82  0.67     2.04  0.95  2.56  3.20  1.44
135   70     0.84  1.24  1.66  2.32  2.93  3.07  2.75  2.75  1.90  1.26  0.76  0.63     1.84  0.91  2.30  2.86  1.31
135   80     0.81  1.18  1.51  2.07  2.62  2.73  2.45  2.47  1.72  1.15  0.70  0.58     1.67  0.86  2.07  2.55  1.19
135   90     0.77  1.13  1.39  1.86  2.35  2.43  2.18  2.23  1.55  1.06  0.64  0.54     1.51  0.81  1.86  2.28  1.08
150   10     1.24  1.89  2.96  4.23  4.90  5.05  4.53  4.76  3.49  2.52  1.42  1.00     3.17  1.38  4.03  4.78  2.47
150   20     1.12  1.71  2.67  3.91  4.66  4.85  4.35  4.46  3.17  2.16  1.20  0.89     2.93  1.24  3.75  4.55  2.18
150   30     1.01  1.53  2.35  3.51  4.33  4.56  4.07  4.08  2.80  1.81  1.01  0.78     2.65  1.11  3.40  4.24  1.88
150   40     0.94  1.38  2.04  3.07  3.92  4.18  3.72  3.63  2.42  1.50  0.88  0.73     2.37  1.02  3.01  3.84  1.60
150   50     0.91  1.29  1.78  2.63  3.45  3.72  3.31  3.15  2.08  1.29  0.81  0.69     2.09  0.97  2.62  3.39  1.39
150   60     0.88  1.24  1.60  2.27  2.99  3.23  2.89  2.72  1.82  1.16  0.76  0.66     1.85  0.93  2.29  2.94  1.25
150   70     0.84  1.19  1.47  2.00  2.62  2.81  2.52  2.39  1.64  1.07  0.71  0.62     1.66  0.89  2.03  2.57  1.14
150   80     0.81  1.15  1.36  1.79  2.32  2.47  2.22  2.14  1.49  0.99  0.67  0.58     1.50  0.84  1.82  2.28  1.05
150   90     0.77  1.11  1.26  1.63  2.08  2.20  1.98  1.94  1.36  0.93  0.62  0.54     1.37  0.80  1.66  2.04  0.97
165   10     1.23  1.88  2.93  4.21  4.88  5.04  4.53  4.73  3.46  2.48  1.40  0.99     3.15  1.36  4.01  4.77  2.45
165   20     1.09  1.68  2.61  3.86  4.63  4.85  4.33  4.42  3.11  2.08  1.16  0.86     2.89  1.21  3.70  4.53  2.12
165   30     0.97  1.47  2.25  3.43  4.29  4.55  4.05  4.01  2.70  1.67  0.93  0.75     2.59  1.06  3.33  4.21  1.77
165   40     0.94  1.30  1.89  2.94  3.86  4.17  3.70  3.52  2.26  1.29  0.83  0.72     2.29  0.99  2.90  3.79  1.46
165   50     0.91  1.26  1.59  2.41  3.36  3.71  3.27  2.96  1.83  1.10  0.80  0.69     1.99  0.95  2.45  3.32  1.24
165   60     0.88  1.22  1.44  1.96  2.81  3.18  2.80  2.37  1.56  1.03  0.76  0.66     1.72  0.92  2.07  2.79  1.12
165   70     0.84  1.18  1.35  1.71  2.29  2.61  2.30  2.02  1.42  0.98  0.71  0.62     1.50  0.88  1.78  2.31  1.04
165   80     0.81  1.14  1.27  1.56  2.02  2.24  2.00  1.82  1.32  0.93  0.67  0.58     1.36  0.84  1.62  2.02  0.97
165   90     0.77  1.10  1.19  1.44  1.83  2.00  1.79  1.67  1.23  0.87  0.62  0.54     1.25  0.80  1.49  1.82  0.91
180   10     1.22  1.87  2.92  4.21  4.87  5.05  4.52  4.72  3.45  2.47  1.39  0.99     3.14  1.36  4.00  4.76  2.44
180   20     1.08  1.66  2.59  3.85  4.62  4.85  4.32  4.39  3.09  2.05  1.14  0.85     2.87  1.20  3.69  4.52  2.09
180   30     0.96  1.44  2.22  3.42  4.26  4.56  4.04  3.98  2.67  1.61  0.90  0.75     2.57  1.05  3.30  4.19  1.73
180   40     0.94  1.28  1.81  2.92  3.83  4.17  3.68  3.48  2.21  1.18  0.83  0.72     2.25  0.98  2.86  3.78  1.41
180   50     0.91  1.26  1.45  2.38  3.32  3.71  3.26  2.92  1.71  1.07  0.80  0.69     1.96  0.95  2.38  3.29  1.19
180   60     0.88  1.22  1.39  1.80  2.76  3.19  2.78  2.31  1.40  1.03  0.76  0.66     1.68  0.92  1.98  2.76  1.06
180   70     0.84  1.18  1.32  1.56  2.16  2.62  2.26  1.82  1.33  0.98  0.71  0.62     1.45  0.88  1.68  2.23  1.01
180   80     0.81  1.14  1.25  1.46  1.88  2.16  1.90  1.65  1.25  0.93  0.67  0.58     1.31  0.84  1.53  1.91  0.95
180   90     0.77  1.10  1.18  1.37  1.71  1.93  1.71  1.54  1.18  0.87  0.62  0.54     1.21  0.80  1.42  1.73  0.89
             48.8  45.9  35.1  21.9  10.4   3.4   6.4  16.4  29.5  44.9  52.0  50.2     24.7  47.9  21.0   9.0  40.3
             1.64  2.47  3.65  4.72  5.08  5.14  4.65  5.09  4.13  3.65  2.26  1.44     3.66  1.85  4.44  4.94  3.31
             1.57  2.38  3.61  4.72  4.97  4.93  4.50  5.05  4.12  3.48  2.08  1.35     3.56  1.77  4.43  4.83  3.22
             1.04  1.04  1.01  1.00  1.02  1.04  1.03  1.01  1.00  1.05  1.09  1.07     1.03  1.05  1.01  1.03  1.05
             1.16  1.14  1.13  1.05  0.98  0.96  0.97  1.02  1.10  1.23  1.27  1.21     1.10  1.17  1.06  0.98  1.20
temperature   1.6   1.9   4.7  10.2  15.3  19.6  23.3  25.3  21.0  15.1   9.3   4.5     12.7   2.7  10.1  22.7  15.1
diffusedrad  1.06  1.50  1.91  2.27  2.58  2.74  2.60  2.37  1.99  1.48  1.03  0.85     1.87  1.14  2.25  2.57  1.50
snow10cm     0.42  0.43  0.07  0.00  0.00  0.00  0.00  0.00  0.00  0.00  0.01  0.12     0.09  0.32  0.02  0.00  0.00
