2 35141   鶴岡            38 44.1  139 49.7   16
             1.22  1.89  2.96  4.28  4.90  4.92  4.63  4.76  3.50  2.59  1.53  1.05     3.19  1.39  4.05  4.77  2.54
             1.43  2.43  3.33  5.30  6.02  6.70  5.77  5.81  4.30  3.03  1.72  1.25     3.73  1.57  4.82  5.61  2.97
             1.07  1.55  2.40  3.77  4.17  3.85  3.52  3.42  2.52  2.12  1.03  0.86     2.81  1.16  3.65  4.17  2.15
  0   10     1.30  1.99  3.13  4.43  4.93  4.91  4.62  4.87  3.69  2.84  1.69  1.13     3.29  1.48  4.16  4.80  2.74
  0   20     1.36  2.08  3.26  4.49  4.88  4.80  4.55  4.89  3.80  3.03  1.83  1.21     3.35  1.55  4.21  4.75  2.89
  0   30     1.41  2.14  3.32  4.46  4.73  4.61  4.38  4.80  3.83  3.16  1.93  1.26     3.34  1.60  4.17  4.59  2.97
  0   40     1.43  2.18  3.32  4.34  4.48  4.33  4.14  4.61  3.78  3.22  1.99  1.29     3.26  1.63  4.04  4.36  3.00
  0   50     1.44  2.18  3.26  4.12  4.15  3.97  3.81  4.31  3.65  3.20  2.01  1.30     3.12  1.64  3.84  4.03  2.95
  0   60     1.42  2.16  3.14  3.82  3.75  3.55  3.43  3.94  3.44  3.12  1.99  1.28     2.92  1.62  3.57  3.64  2.85
  0   70     1.39  2.10  2.97  3.44  3.27  3.07  2.99  3.49  3.16  2.96  1.93  1.25     2.67  1.58  3.23  3.19  2.68
  0   80     1.33  2.02  2.74  3.00  2.75  2.57  2.52  2.98  2.82  2.75  1.82  1.19     2.38  1.51  2.83  2.69  2.46
  0   90     1.26  1.91  2.47  2.51  2.22  2.06  2.04  2.43  2.44  2.47  1.68  1.11     2.05  1.43  2.40  2.18  2.20
 15   10     1.30  1.99  3.13  4.42  4.93  4.91  4.62  4.87  3.68  2.83  1.68  1.13     3.29  1.47  4.16  4.80  2.73
 15   20     1.36  2.07  3.24  4.48  4.88  4.80  4.54  4.89  3.78  3.01  1.81  1.20     3.34  1.54  4.20  4.74  2.87
 15   30     1.40  2.13  3.30  4.45  4.73  4.61  4.38  4.80  3.81  3.13  1.91  1.25     3.33  1.59  4.16  4.60  2.95
 15   40     1.42  2.16  3.30  4.33  4.49  4.34  4.14  4.60  3.76  3.18  1.97  1.28     3.25  1.62  4.04  4.36  2.97
 15   50     1.42  2.16  3.24  4.11  4.16  3.99  3.83  4.32  3.63  3.16  1.98  1.28     3.11  1.62  3.84  4.05  2.92
 15   60     1.40  2.14  3.12  3.82  3.77  3.58  3.45  3.96  3.42  3.07  1.96  1.27     2.91  1.60  3.57  3.66  2.82
 15   70     1.37  2.08  2.94  3.45  3.30  3.11  3.02  3.52  3.15  2.92  1.89  1.23     2.67  1.56  3.23  3.22  2.65
 15   80     1.31  2.00  2.71  3.02  2.81  2.62  2.57  3.03  2.82  2.70  1.78  1.17     2.38  1.49  2.85  2.74  2.43
 15   90     1.25  1.89  2.44  2.56  2.29  2.13  2.10  2.50  2.44  2.42  1.64  1.09     2.06  1.41  2.43  2.24  2.17
 30   10     1.29  1.97  3.11  4.40  4.93  4.91  4.62  4.86  3.66  2.80  1.66  1.12     3.28  1.46  4.14  4.80  2.71
 30   20     1.34  2.05  3.21  4.45  4.88  4.81  4.54  4.88  3.75  2.96  1.78  1.18     3.32  1.52  4.18  4.74  2.83
 30   30     1.37  2.09  3.25  4.41  4.74  4.62  4.38  4.79  3.76  3.06  1.85  1.22     3.29  1.56  4.13  4.60  2.89
 30   40     1.39  2.12  3.23  4.28  4.51  4.36  4.16  4.61  3.70  3.09  1.89  1.24     3.22  1.58  4.01  4.38  2.90
 30   50     1.38  2.11  3.16  4.07  4.20  4.03  3.85  4.34  3.57  3.05  1.90  1.24     3.08  1.58  3.81  4.07  2.84
 30   60     1.36  2.07  3.03  3.79  3.83  3.65  3.50  4.00  3.36  2.95  1.86  1.22     2.88  1.55  3.55  3.72  2.72
 30   70     1.32  2.01  2.86  3.44  3.40  3.21  3.10  3.60  3.10  2.79  1.78  1.18     2.65  1.50  3.23  3.30  2.56
 30   80     1.26  1.92  2.63  3.03  2.94  2.76  2.68  3.14  2.78  2.56  1.67  1.11     2.38  1.43  2.87  2.86  2.34
 30   90     1.19  1.82  2.37  2.61  2.47  2.31  2.25  2.65  2.42  2.30  1.53  1.03     2.08  1.35  2.48  2.40  2.08
 45   10     1.27  1.95  3.08  4.37  4.92  4.90  4.61  4.85  3.62  2.76  1.63  1.11     3.26  1.44  4.12  4.79  2.67
 45   20     1.31  2.01  3.15  4.39  4.87  4.81  4.54  4.84  3.68  2.88  1.72  1.15     3.28  1.49  4.13  4.73  2.76
 45   30     1.33  2.04  3.17  4.34  4.73  4.63  4.38  4.76  3.68  2.94  1.77  1.18     3.25  1.51  4.08  4.59  2.80
 45   40     1.33  2.04  3.13  4.20  4.51  4.38  4.16  4.58  3.60  2.94  1.79  1.19     3.15  1.52  3.95  4.38  2.78
 45   50     1.32  2.02  3.05  4.00  4.23  4.08  3.88  4.34  3.47  2.89  1.77  1.17     3.02  1.50  3.76  4.10  2.71
 45   60     1.29  1.97  2.91  3.72  3.88  3.71  3.55  4.01  3.27  2.78  1.72  1.14     2.83  1.47  3.50  3.76  2.59
 45   70     1.24  1.91  2.74  3.40  3.50  3.32  3.18  3.65  3.01  2.61  1.63  1.09     2.61  1.41  3.21  3.38  2.42
 45   80     1.18  1.82  2.52  3.03  3.07  2.91  2.79  3.23  2.71  2.39  1.52  1.02     2.35  1.34  2.87  2.98  2.21
 45   90     1.11  1.71  2.28  2.64  2.64  2.48  2.40  2.80  2.38  2.14  1.38  0.94     2.08  1.25  2.52  2.56  1.97
 60   10     1.26  1.93  3.04  4.33  4.90  4.89  4.60  4.82  3.58  2.70  1.60  1.08     3.23  1.42  4.09  4.77  2.63
 60   20     1.27  1.96  3.07  4.32  4.84  4.80  4.52  4.79  3.61  2.77  1.64  1.11     3.23  1.45  4.08  4.70  2.67
 60   30     1.27  1.96  3.06  4.24  4.70  4.63  4.37  4.70  3.57  2.79  1.67  1.12     3.17  1.45  4.00  4.56  2.67
 60   40     1.26  1.95  3.00  4.10  4.49  4.39  4.15  4.53  3.48  2.77  1.66  1.11     3.07  1.44  3.86  4.36  2.63
 60   50     1.24  1.91  2.90  3.88  4.22  4.10  3.88  4.28  3.32  2.68  1.62  1.08     2.93  1.41  3.67  4.09  2.54
 60   60     1.20  1.86  2.76  3.63  3.91  3.77  3.58  3.99  3.13  2.56  1.55  1.04     2.75  1.37  3.43  3.78  2.41
 60   70     1.14  1.78  2.58  3.31  3.54  3.40  3.23  3.64  2.88  2.40  1.46  0.99     2.53  1.30  3.14  3.42  2.25
 60   80     1.08  1.70  2.39  2.98  3.16  3.01  2.87  3.27  2.61  2.19  1.35  0.92     2.29  1.23  2.85  3.05  2.05
 60   90     1.01  1.60  2.17  2.62  2.77  2.63  2.51  2.88  2.31  1.96  1.21  0.84     2.04  1.15  2.52  2.67  1.83
 75   10     1.24  1.90  2.99  4.28  4.88  4.88  4.59  4.78  3.53  2.64  1.55  1.06     3.19  1.40  4.05  4.75  2.57
 75   20     1.23  1.90  2.98  4.23  4.80  4.78  4.49  4.73  3.51  2.65  1.56  1.06     3.16  1.40  4.00  4.67  2.57
 75   30     1.22  1.88  2.93  4.11  4.65  4.61  4.33  4.60  3.43  2.62  1.55  1.05     3.08  1.38  3.90  4.51  2.53
 75   40     1.19  1.84  2.85  3.95  4.44  4.38  4.12  4.43  3.31  2.55  1.51  1.03     2.97  1.35  3.75  4.31  2.46
 75   50     1.15  1.79  2.73  3.74  4.18  4.09  3.86  4.19  3.15  2.46  1.46  0.99     2.81  1.31  3.55  4.05  2.36
 75   60     1.10  1.73  2.59  3.47  3.88  3.77  3.56  3.90  2.95  2.32  1.37  0.94     2.63  1.26  3.31  3.74  2.21
 75   70     1.05  1.66  2.42  3.19  3.54  3.43  3.24  3.59  2.73  2.16  1.28  0.88     2.43  1.20  3.05  3.42  2.06
 75   80     0.99  1.58  2.23  2.87  3.17  3.06  2.90  3.24  2.46  1.97  1.18  0.81     2.21  1.13  2.76  3.07  1.87
 75   90     0.93  1.49  2.04  2.55  2.81  2.70  2.55  2.88  2.20  1.76  1.05  0.74     1.98  1.05  2.47  2.71  1.67
 90   10     1.21  1.86  2.94  4.23  4.86  4.87  4.57  4.74  3.47  2.57  1.50  1.03     3.15  1.37  4.01  4.73  2.51
 90   20     1.19  1.83  2.88  4.13  4.75  4.75  4.46  4.65  3.40  2.51  1.47  1.01     3.09  1.35  3.92  4.62  2.46
 90   30     1.15  1.79  2.79  3.97  4.58  4.57  4.29  4.49  3.28  2.43  1.42  0.98     2.98  1.31  3.78  4.45  2.38
 90   40     1.11  1.73  2.68  3.77  4.36  4.33  4.06  4.28  3.13  2.33  1.36  0.94     2.84  1.26  3.60  4.22  2.27
 90   50     1.06  1.67  2.54  3.55  4.09  4.05  3.80  4.04  2.95  2.20  1.29  0.90     2.68  1.21  3.39  3.96  2.15
 90   60     1.01  1.61  2.40  3.29  3.78  3.73  3.50  3.76  2.75  2.06  1.20  0.84     2.50  1.15  3.16  3.66  2.01
 90   70     0.96  1.54  2.24  3.00  3.46  3.40  3.19  3.44  2.52  1.90  1.11  0.78     2.29  1.10  2.90  3.34  1.84
 90   80     0.91  1.46  2.06  2.72  3.13  3.06  2.87  3.13  2.29  1.74  1.01  0.72     2.09  1.03  2.64  3.02  1.68
 90   90     0.85  1.39  1.89  2.42  2.78  2.71  2.54  2.80  2.04  1.55  0.91  0.66     1.88  0.97  2.36  2.68  1.50
105   10     1.19  1.83  2.88  4.17  4.83  4.86  4.56  4.70  3.41  2.50  1.46  1.01     3.12  1.34  3.96  4.71  2.45
105   20     1.15  1.77  2.77  4.02  4.69  4.72  4.42  4.55  3.28  2.38  1.38  0.96     3.01  1.29  3.83  4.57  2.35
105   30     1.09  1.70  2.64  3.81  4.49  4.52  4.23  4.35  3.12  2.24  1.30  0.91     2.87  1.24  3.65  4.36  2.22
105   40     1.04  1.63  2.50  3.57  4.24  4.26  3.98  4.10  2.93  2.10  1.22  0.86     2.70  1.18  3.44  4.11  2.08
105   50     0.99  1.56  2.35  3.31  3.95  3.96  3.70  3.84  2.72  1.95  1.13  0.81     2.52  1.12  3.21  3.83  1.93
105   60     0.94  1.49  2.19  3.06  3.64  3.64  3.40  3.55  2.51  1.80  1.05  0.76     2.34  1.06  2.96  3.53  1.78
105   70     0.90  1.43  2.04  2.79  3.32  3.30  3.09  3.25  2.30  1.65  0.95  0.70     2.14  1.01  2.71  3.21  1.63
105   80     0.85  1.36  1.89  2.50  3.00  2.97  2.78  2.94  2.08  1.50  0.87  0.65     1.95  0.95  2.46  2.90  1.48
105   90     0.80  1.30  1.73  2.24  2.69  2.65  2.48  2.64  1.86  1.35  0.78  0.59     1.76  0.90  2.22  2.59  1.33
120   10     1.17  1.80  2.83  4.12  4.80  4.85  4.54  4.65  3.36  2.43  1.41  0.98     3.08  1.32  3.92  4.68  2.40
120   20     1.11  1.71  2.67  3.91  4.63  4.69  4.39  4.46  3.17  2.24  1.29  0.92     2.93  1.25  3.74  4.51  2.23
120   30     1.04  1.62  2.50  3.65  4.38  4.45  4.16  4.20  2.95  2.05  1.18  0.85     2.75  1.17  3.51  4.27  2.06
120   40     0.98  1.53  2.32  3.36  4.09  4.16  3.88  3.90  2.71  1.87  1.08  0.80     2.56  1.10  3.25  3.98  1.89
120   50     0.94  1.46  2.15  3.07  3.77  3.83  3.57  3.59  2.48  1.70  0.99  0.74     2.36  1.04  2.99  3.67  1.72
120   60     0.89  1.39  1.99  2.78  3.44  3.49  3.25  3.28  2.26  1.55  0.91  0.69     2.16  0.99  2.74  3.34  1.57
120   70     0.85  1.34  1.85  2.52  3.12  3.15  2.94  2.98  2.04  1.41  0.83  0.65     1.97  0.94  2.49  3.02  1.43
120   80     0.81  1.29  1.71  2.27  2.80  2.82  2.63  2.70  1.85  1.27  0.76  0.60     1.79  0.90  2.26  2.72  1.29
120   90     0.78  1.24  1.58  2.03  2.50  2.52  2.34  2.42  1.67  1.16  0.69  0.55     1.62  0.85  2.04  2.42  1.17
135   10     1.15  1.77  2.79  4.08  4.78  4.84  4.53  4.61  3.31  2.37  1.37  0.96     3.05  1.30  3.88  4.66  2.35
135   20     1.07  1.66  2.58  3.81  4.57  4.67  4.35  4.37  3.06  2.12  1.22  0.88     2.86  1.20  3.66  4.46  2.13
135   30     1.00  1.54  2.36  3.49  4.29  4.40  4.10  4.05  2.79  1.87  1.08  0.80     2.65  1.11  3.38  4.19  1.91
135   40     0.94  1.45  2.15  3.14  3.94  4.07  3.78  3.69  2.50  1.65  0.97  0.74     2.42  1.04  3.08  3.85  1.71
135   50     0.90  1.37  1.96  2.80  3.55  3.69  3.43  3.32  2.23  1.47  0.88  0.70     2.19  0.99  2.77  3.48  1.53
135   60     0.86  1.32  1.80  2.50  3.19  3.31  3.07  2.97  2.00  1.32  0.81  0.66     1.98  0.94  2.49  3.12  1.38
135   70     0.83  1.27  1.67  2.23  2.85  2.95  2.74  2.66  1.80  1.20  0.75  0.62     1.80  0.91  2.25  2.78  1.25
135   80     0.80  1.24  1.55  2.00  2.55  2.63  2.44  2.39  1.63  1.09  0.69  0.57     1.63  0.87  2.03  2.49  1.14
135   90     0.77  1.20  1.45  1.79  2.28  2.33  2.18  2.15  1.47  1.00  0.63  0.54     1.48  0.84  1.84  2.22  1.03
150   10     1.14  1.75  2.75  4.04  4.76  4.84  4.52  4.58  3.27  2.32  1.34  0.95     3.02  1.28  3.85  4.64  2.31
150   20     1.05  1.62  2.52  3.74  4.54  4.65  4.33  4.30  2.98  2.02  1.16  0.85     2.81  1.17  3.60  4.43  2.05
150   30     0.96  1.48  2.25  3.37  4.21  4.38  4.06  3.94  2.65  1.72  0.99  0.76     2.56  1.07  3.28  4.12  1.79
150   40     0.91  1.37  1.99  2.95  3.81  4.01  3.71  3.50  2.30  1.45  0.87  0.71     2.30  1.00  2.92  3.74  1.54
150   50     0.89  1.31  1.77  2.54  3.36  3.58  3.30  3.04  1.99  1.26  0.81  0.68     2.04  0.96  2.56  3.31  1.35
150   60     0.86  1.27  1.62  2.20  2.91  3.11  2.88  2.63  1.75  1.14  0.76  0.65     1.81  0.93  2.25  2.87  1.21
150   70     0.84  1.24  1.52  1.93  2.55  2.70  2.51  2.32  1.57  1.05  0.71  0.61     1.63  0.90  2.00  2.51  1.11
150   80     0.81  1.22  1.43  1.74  2.26  2.38  2.21  2.07  1.43  0.97  0.66  0.57     1.48  0.87  1.81  2.22  1.02
150   90     0.78  1.19  1.35  1.58  2.02  2.12  1.97  1.88  1.30  0.90  0.61  0.53     1.35  0.84  1.65  1.99  0.94
165   10     1.14  1.74  2.73  4.02  4.75  4.83  4.51  4.56  3.24  2.29  1.33  0.94     3.01  1.27  3.83  4.63  2.29
165   20     1.03  1.60  2.47  3.70  4.51  4.65  4.32  4.26  2.93  1.96  1.12  0.82     2.78  1.15  3.56  4.41  2.00
165   30     0.94  1.44  2.17  3.29  4.17  4.37  4.04  3.87  2.56  1.61  0.92  0.73     2.51  1.04  3.21  4.09  1.70
165   40     0.91  1.32  1.87  2.83  3.76  4.01  3.68  3.40  2.16  1.28  0.83  0.71     2.23  0.98  2.82  3.70  1.43
165   50     0.89  1.28  1.62  2.33  3.27  3.57  3.26  2.87  1.77  1.11  0.80  0.68     1.95  0.95  2.41  3.23  1.22
165   60     0.87  1.26  1.49  1.91  2.73  3.07  2.79  2.31  1.51  1.04  0.76  0.65     1.70  0.93  2.04  2.72  1.10
165   70     0.84  1.24  1.42  1.67  2.23  2.52  2.29  1.96  1.38  0.98  0.71  0.61     1.49  0.90  1.77  2.26  1.02
165   80     0.81  1.22  1.36  1.52  1.97  2.17  1.99  1.76  1.28  0.92  0.66  0.57     1.35  0.87  1.62  1.97  0.95
165   90     0.78  1.19  1.30  1.40  1.78  1.93  1.78  1.62  1.19  0.86  0.61  0.53     1.25  0.84  1.49  1.78  0.89
180   10     1.13  1.74  2.73  4.02  4.74  4.84  4.51  4.55  3.24  2.28  1.32  0.93     3.00  1.27  3.83  4.63  2.28
180   20     1.02  1.59  2.45  3.69  4.49  4.65  4.31  4.24  2.91  1.93  1.10  0.82     2.77  1.14  3.54  4.40  1.98
180   30     0.93  1.42  2.14  3.28  4.15  4.37  4.03  3.84  2.53  1.56  0.90  0.73     2.49  1.03  3.19  4.08  1.66
180   40     0.91  1.30  1.81  2.82  3.73  4.01  3.67  3.36  2.11  1.19  0.83  0.71     2.20  0.97  2.78  3.68  1.38
180   50     0.89  1.28  1.50  2.30  3.23  3.57  3.25  2.83  1.66  1.09  0.80  0.68     1.92  0.95  2.35  3.21  1.18
180   60     0.87  1.26  1.46  1.76  2.69  3.07  2.77  2.25  1.37  1.04  0.76  0.65     1.66  0.93  1.97  2.70  1.05
180   70     0.84  1.24  1.41  1.53  2.11  2.53  2.26  1.77  1.30  0.98  0.71  0.61     1.44  0.90  1.68  2.18  1.00
180   80     0.81  1.22  1.35  1.43  1.82  2.09  1.89  1.61  1.22  0.92  0.66  0.57     1.30  0.87  1.53  1.86  0.93
180   90     0.78  1.19  1.29  1.34  1.66  1.86  1.70  1.49  1.14  0.86  0.61  0.53     1.21  0.84  1.43  1.69  0.87
             47.5  46.7  35.3  21.6   9.2   3.3   6.3  16.2  28.7  43.1  49.7  48.5     23.0  47.5  20.3   8.8  38.6
             1.44  2.19  3.33  4.49  4.93  4.93  4.63  4.89  3.83  3.22  2.01  1.30     3.43  1.64  4.21  4.80  3.00
             1.38  2.10  3.28  4.49  4.85  4.76  4.51  4.87  3.81  3.08  1.86  1.23     3.35  1.57  4.21  4.71  2.92
             1.04  1.04  1.02  1.00  1.02  1.04  1.03  1.00  1.01  1.05  1.08  1.06     1.03  1.05  1.01  1.02  1.04
             1.13  1.11  1.11  1.05  0.99  0.97  0.97  1.02  1.09  1.19  1.22  1.17     1.08  1.14  1.05  0.99  1.16
temperature   1.3   1.5   4.4  10.3  15.4  19.6  23.2  25.0  20.7  14.7   9.0   4.2     12.4   2.3  10.0  22.6  14.8
diffusedrad  1.00  1.46  1.88  2.19  2.48  2.65  2.58  2.29  1.92  1.46  1.02  0.81     1.81  1.09  2.18  2.50  1.46
snow10cm     0.60  0.71  0.25  0.01  0.00  0.00  0.00  0.00  0.00  0.00  0.01  0.19     0.15  0.50  0.09  0.00  0.00
