2 35361   大井沢          38 23.4  139 59.6  440
             1.33  2.10  3.16  4.44  4.76  4.57  4.12  4.08  3.02  2.46  1.54  1.13     3.06  1.52  4.12  4.26  2.34
             1.56  2.47  3.72  5.44  5.45  5.30  5.24  4.91  3.44  2.80  1.77  1.40     3.26  1.70  4.49  5.02  2.56
             1.14  1.62  2.68  3.99  4.22  3.85  3.20  3.19  2.44  1.97  1.11  0.94     2.87  1.32  3.82  3.63  2.10
  0   10     1.42  2.23  3.35  4.60  4.78  4.56  4.12  4.16  3.15  2.67  1.69  1.22     3.16  1.62  4.24  4.28  2.50
  0   20     1.49  2.35  3.50  4.69  4.73  4.47  4.05  4.16  3.21  2.83  1.83  1.30     3.22  1.72  4.31  4.22  2.62
  0   30     1.55  2.44  3.61  4.71  4.59  4.29  3.91  4.07  3.22  2.93  1.93  1.37     3.22  1.79  4.30  4.09  2.69
  0   40     1.59  2.50  3.67  4.66  4.36  4.03  3.70  3.91  3.16  2.97  1.99  1.42     3.16  1.84  4.23  3.88  2.71
  0   50     1.61  2.54  3.67  4.53  4.05  3.71  3.42  3.67  3.04  2.95  2.01  1.44     3.05  1.86  4.08  3.60  2.67
  0   60     1.62  2.53  3.63  4.34  3.67  3.33  3.10  3.36  2.86  2.86  1.99  1.44     2.90  1.87  3.88  3.26  2.57
  0   70     1.60  2.50  3.53  4.09  3.23  2.90  2.73  3.00  2.63  2.71  1.93  1.43     2.69  1.84  3.62  2.88  2.42
  0   80     1.56  2.43  3.39  3.78  2.75  2.45  2.32  2.59  2.35  2.51  1.83  1.39     2.45  1.79  3.31  2.45  2.23
  0   90     1.51  2.33  3.20  3.42  2.25  1.99  1.92  2.15  2.04  2.26  1.70  1.33     2.17  1.72  2.96  2.02  2.00
 15   10     1.42  2.22  3.35  4.59  4.78  4.56  4.12  4.16  3.14  2.66  1.69  1.22     3.16  1.62  4.24  4.28  2.50
 15   20     1.49  2.34  3.49  4.68  4.73  4.46  4.05  4.16  3.20  2.81  1.81  1.30     3.21  1.71  4.30  4.22  2.61
 15   30     1.54  2.42  3.59  4.70  4.59  4.29  3.91  4.07  3.21  2.91  1.91  1.36     3.21  1.77  4.29  4.09  2.67
 15   40     1.58  2.48  3.64  4.64  4.37  4.04  3.70  3.90  3.14  2.94  1.97  1.40     3.15  1.82  4.22  3.88  2.68
 15   50     1.60  2.51  3.64  4.52  4.06  3.73  3.43  3.67  3.02  2.91  1.98  1.43     3.04  1.85  4.08  3.61  2.64
 15   60     1.60  2.51  3.60  4.34  3.69  3.35  3.11  3.37  2.84  2.82  1.96  1.43     2.88  1.84  3.88  3.28  2.54
 15   70     1.58  2.47  3.50  4.09  3.26  2.93  2.75  3.01  2.62  2.67  1.89  1.41     2.68  1.82  3.62  2.90  2.39
 15   80     1.54  2.40  3.36  3.79  2.80  2.49  2.36  2.61  2.34  2.46  1.79  1.37     2.44  1.77  3.31  2.49  2.20
 15   90     1.49  2.30  3.17  3.46  2.32  2.05  1.96  2.18  2.03  2.21  1.66  1.31     2.18  1.70  2.98  2.06  1.97
 30   10     1.41  2.21  3.33  4.57  4.78  4.56  4.11  4.15  3.12  2.64  1.67  1.21     3.15  1.61  4.22  4.27  2.48
 30   20     1.47  2.31  3.45  4.65  4.73  4.47  4.04  4.14  3.17  2.77  1.78  1.28     3.19  1.68  4.28  4.22  2.57
 30   30     1.51  2.38  3.54  4.65  4.59  4.30  3.90  4.05  3.17  2.84  1.85  1.33     3.18  1.74  4.26  4.09  2.62
 30   40     1.54  2.43  3.58  4.60  4.38  4.06  3.71  3.90  3.10  2.86  1.90  1.37     3.12  1.78  4.19  3.89  2.62
 30   50     1.55  2.44  3.56  4.48  4.09  3.75  3.44  3.67  2.97  2.82  1.90  1.38     3.01  1.79  4.05  3.62  2.56
 30   60     1.55  2.43  3.51  4.30  3.75  3.40  3.14  3.38  2.79  2.72  1.86  1.38     2.85  1.78  3.85  3.31  2.46
 30   70     1.52  2.38  3.41  4.07  3.35  3.01  2.79  3.05  2.57  2.56  1.79  1.35     2.65  1.75  3.61  2.95  2.31
 30   80     1.49  2.31  3.27  3.80  2.92  2.60  2.43  2.67  2.30  2.35  1.69  1.31     2.43  1.70  3.33  2.57  2.11
 30   90     1.43  2.21  3.10  3.50  2.48  2.19  2.06  2.28  2.01  2.10  1.55  1.25     2.18  1.63  3.03  2.18  1.89
 45   10     1.39  2.18  3.29  4.54  4.77  4.55  4.11  4.13  3.10  2.60  1.64  1.19     3.13  1.59  4.20  4.26  2.45
 45   20     1.44  2.26  3.39  4.59  4.72  4.46  4.04  4.12  3.13  2.70  1.72  1.25     3.15  1.65  4.23  4.21  2.52
 45   30     1.47  2.31  3.45  4.59  4.59  4.30  3.90  4.03  3.11  2.74  1.77  1.28     3.13  1.69  4.21  4.08  2.54
 45   40     1.48  2.34  3.47  4.52  4.39  4.07  3.70  3.87  3.02  2.73  1.79  1.30     3.06  1.71  4.12  3.88  2.52
 45   50     1.48  2.34  3.45  4.41  4.12  3.79  3.46  3.65  2.89  2.67  1.78  1.31     2.94  1.71  3.99  3.63  2.45
 45   60     1.47  2.31  3.38  4.24  3.79  3.45  3.16  3.38  2.71  2.56  1.73  1.29     2.79  1.69  3.80  3.33  2.34
 45   70     1.44  2.26  3.29  4.03  3.44  3.10  2.84  3.07  2.49  2.40  1.65  1.26     2.61  1.65  3.58  3.00  2.18
 45   80     1.39  2.19  3.16  3.78  3.04  2.72  2.51  2.72  2.25  2.19  1.54  1.22     2.39  1.60  3.33  2.65  1.99
 45   90     1.34  2.09  3.00  3.53  2.64  2.33  2.16  2.36  1.97  1.97  1.41  1.16     2.16  1.53  3.06  2.28  1.78
 60   10     1.37  2.15  3.25  4.50  4.75  4.55  4.10  4.11  3.07  2.55  1.60  1.17     3.10  1.56  4.17  4.25  2.41
 60   20     1.40  2.19  3.31  4.52  4.69  4.45  4.02  4.08  3.07  2.61  1.65  1.20     3.10  1.60  4.17  4.18  2.44
 60   30     1.41  2.22  3.34  4.49  4.56  4.29  3.88  3.98  3.02  2.61  1.67  1.22     3.06  1.62  4.13  4.05  2.44
 60   40     1.41  2.22  3.33  4.42  4.36  4.07  3.69  3.82  2.93  2.58  1.67  1.23     2.98  1.62  4.04  3.86  2.39
 60   50     1.39  2.21  3.29  4.29  4.12  3.80  3.45  3.60  2.79  2.50  1.63  1.21     2.86  1.61  3.90  3.62  2.30
 60   60     1.37  2.17  3.23  4.14  3.82  3.50  3.18  3.35  2.61  2.37  1.57  1.19     2.71  1.58  3.73  3.34  2.18
 60   70     1.33  2.11  3.13  3.94  3.47  3.15  2.87  3.05  2.40  2.21  1.49  1.16     2.52  1.53  3.51  3.02  2.03
 60   80     1.28  2.04  3.02  3.73  3.12  2.80  2.55  2.73  2.16  2.02  1.38  1.11     2.33  1.48  3.29  2.69  1.85
 60   90     1.23  1.96  2.88  3.50  2.76  2.44  2.23  2.40  1.91  1.81  1.25  1.05     2.12  1.41  3.05  2.36  1.66
 75   10     1.35  2.11  3.20  4.46  4.73  4.54  4.09  4.09  3.03  2.49  1.56  1.15     3.07  1.53  4.13  4.24  2.36
 75   20     1.35  2.12  3.21  4.43  4.66  4.44  4.00  4.03  3.00  2.50  1.57  1.15     3.04  1.54  4.10  4.15  2.36
 75   30     1.34  2.12  3.21  4.37  4.52  4.28  3.85  3.91  2.92  2.46  1.56  1.15     2.97  1.53  4.03  4.01  2.31
 75   40     1.32  2.10  3.17  4.28  4.32  4.06  3.66  3.74  2.81  2.39  1.52  1.14     2.88  1.52  3.92  3.82  2.24
 75   50     1.29  2.06  3.12  4.15  4.07  3.79  3.42  3.53  2.66  2.29  1.47  1.12     2.75  1.49  3.78  3.58  2.14
 75   60     1.26  2.02  3.04  3.99  3.79  3.50  3.15  3.27  2.48  2.16  1.40  1.08     2.60  1.46  3.61  3.31  2.01
 75   70     1.23  1.96  2.96  3.82  3.48  3.18  2.87  3.00  2.28  2.00  1.31  1.04     2.43  1.41  3.42  3.02  1.86
 75   80     1.18  1.90  2.86  3.62  3.13  2.84  2.57  2.69  2.05  1.83  1.21  1.00     2.24  1.36  3.21  2.70  1.70
 75   90     1.14  1.83  2.75  3.44  2.80  2.50  2.26  2.39  1.83  1.63  1.09  0.94     2.05  1.30  3.00  2.38  1.52
 90   10     1.32  2.07  3.15  4.41  4.71  4.53  4.07  4.06  2.99  2.43  1.51  1.12     3.03  1.50  4.09  4.22  2.31
 90   20     1.30  2.05  3.11  4.34  4.61  4.42  3.97  3.97  2.92  2.38  1.48  1.10     2.97  1.48  4.02  4.12  2.26
 90   30     1.27  2.01  3.06  4.23  4.45  4.24  3.81  3.82  2.81  2.30  1.44  1.08     2.88  1.45  3.91  3.96  2.18
 90   40     1.24  1.96  3.00  4.10  4.24  4.02  3.61  3.63  2.67  2.20  1.38  1.05     2.76  1.42  3.78  3.76  2.09
 90   50     1.20  1.92  2.92  3.96  3.99  3.75  3.38  3.42  2.51  2.07  1.31  1.02     2.62  1.38  3.63  3.52  1.97
 90   60     1.17  1.86  2.85  3.81  3.70  3.45  3.11  3.17  2.33  1.94  1.23  0.98     2.47  1.34  3.45  3.24  1.84
 90   70     1.13  1.81  2.77  3.64  3.41  3.15  2.83  2.89  2.13  1.78  1.14  0.94     2.30  1.30  3.27  2.95  1.68
 90   80     1.09  1.75  2.68  3.48  3.10  2.83  2.54  2.62  1.93  1.62  1.05  0.90     2.13  1.25  3.09  2.66  1.53
 90   90     1.06  1.71  2.60  3.31  2.77  2.50  2.25  2.33  1.71  1.45  0.95  0.85     1.96  1.21  2.89  2.36  1.37
105   10     1.30  2.03  3.10  4.35  4.69  4.52  4.06  4.02  2.95  2.37  1.47  1.09     3.00  1.47  4.04  4.20  2.26
105   20     1.25  1.97  3.01  4.23  4.56  4.39  3.94  3.90  2.84  2.26  1.40  1.05     2.90  1.42  3.93  4.08  2.17
105   30     1.21  1.90  2.91  4.08  4.37  4.20  3.77  3.72  2.70  2.13  1.32  1.01     2.77  1.37  3.78  3.90  2.05
105   40     1.16  1.84  2.81  3.91  4.13  3.96  3.55  3.51  2.53  2.00  1.24  0.97     2.63  1.32  3.62  3.67  1.92
105   50     1.12  1.78  2.72  3.74  3.86  3.68  3.30  3.27  2.35  1.86  1.15  0.93     2.48  1.28  3.44  3.42  1.79
105   60     1.09  1.73  2.64  3.59  3.57  3.38  3.03  3.02  2.16  1.71  1.08  0.89     2.32  1.23  3.27  3.14  1.65
105   70     1.06  1.68  2.56  3.43  3.27  3.06  2.75  2.75  1.98  1.57  0.99  0.86     2.16  1.20  3.09  2.86  1.51
105   80     1.02  1.64  2.50  3.27  2.98  2.76  2.47  2.48  1.78  1.42  0.91  0.82     2.00  1.16  2.92  2.57  1.37
105   90     1.00  1.60  2.43  3.14  2.68  2.45  2.19  2.22  1.59  1.27  0.83  0.79     1.85  1.13  2.75  2.29  1.23
120   10     1.27  1.99  3.04  4.30  4.66  4.51  4.05  3.99  2.91  2.31  1.42  1.07     2.96  1.45  4.00  4.18  2.22
120   20     1.21  1.90  2.90  4.13  4.50  4.36  3.92  3.83  2.76  2.15  1.31  1.00     2.83  1.37  3.85  4.04  2.07
120   30     1.15  1.80  2.76  3.92  4.27  4.15  3.72  3.62  2.58  1.97  1.20  0.94     2.67  1.30  3.65  3.83  1.92
120   40     1.10  1.71  2.63  3.71  3.99  3.88  3.48  3.37  2.39  1.80  1.11  0.90     2.50  1.24  3.44  3.57  1.76
120   50     1.06  1.65  2.51  3.51  3.69  3.57  3.21  3.10  2.19  1.64  1.02  0.86     2.33  1.19  3.24  3.29  1.62
120   60     1.03  1.60  2.43  3.32  3.38  3.26  2.92  2.83  1.99  1.50  0.94  0.82     2.17  1.15  3.05  3.00  1.48
120   70     1.01  1.56  2.37  3.18  3.08  2.94  2.64  2.56  1.80  1.36  0.87  0.80     2.01  1.12  2.88  2.71  1.34
120   80     0.98  1.54  2.32  3.05  2.79  2.63  2.36  2.31  1.63  1.23  0.81  0.77     1.87  1.10  2.72  2.43  1.22
120   90     0.97  1.51  2.29  2.94  2.52  2.34  2.10  2.06  1.46  1.11  0.74  0.75     1.73  1.08  2.58  2.17  1.10
135   10     1.26  1.96  3.00  4.26  4.64  4.50  4.04  3.96  2.88  2.26  1.39  1.04     2.93  1.42  3.97  4.17  2.17
135   20     1.17  1.83  2.81  4.04  4.45  4.34  3.89  3.77  2.69  2.04  1.24  0.96     2.77  1.32  3.77  4.00  1.99
135   30     1.10  1.71  2.62  3.78  4.18  4.11  3.68  3.52  2.47  1.82  1.10  0.89     2.58  1.23  3.53  3.77  1.80
135   40     1.05  1.61  2.45  3.51  3.86  3.80  3.40  3.23  2.24  1.62  0.99  0.84     2.38  1.17  3.27  3.48  1.62
135   50     1.02  1.54  2.32  3.26  3.50  3.46  3.10  2.91  2.02  1.44  0.91  0.81     2.19  1.12  3.02  3.16  1.46
135   60     1.00  1.50  2.23  3.06  3.15  3.11  2.79  2.61  1.81  1.30  0.85  0.79     2.02  1.10  2.81  2.84  1.32
135   70     0.98  1.48  2.18  2.91  2.84  2.77  2.49  2.34  1.64  1.19  0.79  0.77     1.87  1.08  2.64  2.54  1.20
135   80     0.97  1.47  2.15  2.80  2.56  2.47  2.22  2.10  1.48  1.08  0.74  0.75     1.73  1.06  2.50  2.27  1.10
135   90     0.96  1.46  2.15  2.72  2.31  2.19  1.98  1.89  1.32  0.98  0.68  0.73     1.62  1.05  2.39  2.02  1.00
150   10     1.24  1.94  2.96  4.23  4.62  4.49  4.03  3.94  2.85  2.22  1.36  1.03     2.91  1.40  3.94  4.16  2.14
150   20     1.15  1.78  2.74  3.97  4.41  4.33  3.87  3.72  2.63  1.96  1.18  0.93     2.72  1.28  3.71  3.98  1.93
150   30     1.06  1.63  2.51  3.66  4.12  4.08  3.65  3.44  2.38  1.69  1.02  0.85     2.51  1.18  3.43  3.72  1.70
150   40     1.02  1.52  2.29  3.33  3.75  3.76  3.36  3.10  2.11  1.45  0.90  0.81     2.28  1.11  3.12  3.40  1.49
150   50     1.00  1.46  2.13  3.02  3.32  3.37  3.01  2.73  1.85  1.27  0.84  0.79     2.07  1.09  2.82  3.04  1.32
150   60     1.00  1.44  2.06  2.78  2.90  2.95  2.65  2.39  1.64  1.15  0.80  0.78     1.88  1.07  2.58  2.66  1.20
150   70     0.99  1.44  2.03  2.63  2.56  2.57  2.33  2.11  1.48  1.06  0.75  0.76     1.73  1.06  2.41  2.34  1.10
150   80     0.98  1.44  2.03  2.55  2.29  2.27  2.06  1.89  1.35  0.98  0.71  0.75     1.61  1.06  2.29  2.07  1.01
150   90     0.97  1.45  2.05  2.52  2.07  2.02  1.83  1.70  1.22  0.90  0.66  0.73     1.51  1.05  2.21  1.85  0.93
165   10     1.23  1.92  2.94  4.21  4.61  4.49  4.02  3.93  2.83  2.20  1.34  1.02     2.90  1.39  3.92  4.15  2.12
165   20     1.13  1.75  2.69  3.93  4.39  4.33  3.86  3.70  2.60  1.91  1.14  0.91     2.69  1.26  3.67  3.96  1.88
165   30     1.03  1.58  2.43  3.59  4.08  4.08  3.63  3.40  2.32  1.59  0.95  0.81     2.46  1.14  3.37  3.70  1.62
165   40     1.01  1.45  2.17  3.22  3.69  3.75  3.33  3.03  2.02  1.30  0.86  0.80     2.22  1.09  3.03  3.37  1.39
165   50     1.01  1.43  1.97  2.82  3.24  3.36  2.98  2.62  1.71  1.13  0.83  0.79     1.99  1.08  2.68  2.99  1.22
165   60     1.00  1.43  1.92  2.50  2.74  2.91  2.59  2.17  1.49  1.06  0.79  0.78     1.78  1.07  2.39  2.56  1.12
165   70     0.99  1.44  1.94  2.38  2.27  2.43  2.17  1.87  1.36  1.00  0.75  0.76     1.61  1.06  2.19  2.16  1.04
165   80     0.98  1.44  1.97  2.35  2.02  2.09  1.90  1.69  1.25  0.94  0.71  0.75     1.51  1.06  2.11  1.89  0.97
165   90     0.97  1.44  2.00  2.36  1.84  1.87  1.70  1.54  1.15  0.87  0.66  0.73     1.43  1.05  2.07  1.70  0.90
180   10     1.23  1.92  2.93  4.21  4.60  4.49  4.02  3.92  2.83  2.19  1.33  1.01     2.89  1.39  3.91  4.14  2.12
180   20     1.12  1.74  2.68  3.92  4.37  4.33  3.86  3.68  2.59  1.88  1.13  0.90     2.68  1.25  3.66  3.96  1.87
180   30     1.02  1.55  2.40  3.58  4.06  4.08  3.62  3.38  2.31  1.55  0.93  0.81     2.44  1.13  3.35  3.69  1.60
180   40     1.01  1.42  2.11  3.20  3.66  3.75  3.32  3.01  1.99  1.22  0.86  0.80     2.20  1.08  2.99  3.36  1.36
180   50     1.01  1.43  1.85  2.79  3.21  3.36  2.97  2.59  1.64  1.11  0.83  0.79     1.97  1.08  2.62  2.97  1.20
180   60     1.00  1.43  1.89  2.37  2.70  2.92  2.57  2.14  1.40  1.06  0.79  0.78     1.75  1.07  2.32  2.54  1.08
180   70     0.99  1.44  1.92  2.25  2.16  2.43  2.14  1.75  1.31  1.00  0.75  0.76     1.58  1.06  2.11  2.11  1.02
180   80     0.98  1.44  1.96  2.26  1.89  2.02  1.82  1.59  1.22  0.94  0.71  0.75     1.46  1.06  2.04  1.81  0.96
180   90     0.97  1.44  2.00  2.30  1.74  1.80  1.64  1.46  1.13  0.87  0.66  0.73     1.40  1.05  2.01  1.63  0.89
             56.3  54.4  46.0  27.5  10.1   3.5   6.1  14.8  25.8  41.2  50.2  56.7     25.0  55.6  24.0   8.2  37.6
             1.62  2.54  3.68  4.71  4.78  4.57  4.12  4.17  3.22  2.97  2.01  1.45     3.32  1.87  4.31  4.28  2.71
             1.52  2.40  3.56  4.71  4.67  4.39  3.99  4.12  3.22  2.89  1.88  1.34     3.23  1.75  4.31  4.17  2.67
             1.07  1.06  1.03  1.00  1.02  1.04  1.03  1.01  1.00  1.03  1.07  1.08     1.04  1.07  1.02  1.03  1.03
             1.14  1.14  1.13  1.06  0.98  0.96  0.97  1.01  1.07  1.17  1.22  1.19     1.09  1.16  1.06  0.98  1.15
temperature  -2.6  -2.3   0.3   5.3  11.8  16.7  20.4  21.7  17.1  10.6   4.9   0.2      8.7  -1.6   5.8  19.6  10.9
diffusedrad  1.08  1.57  2.06  2.48  2.50  2.67  2.57  2.33  1.89  1.46  1.03  0.89     1.88  1.18  2.35  2.52  1.46
snow10cm     0.99  1.00  1.00  0.74  0.07  0.00  0.00  0.00  0.00  0.00  0.13  0.73     0.39  0.90  0.60  0.00  0.04
