2 35552   米沢            37 54.7  140  8.6  245
             1.62  2.45  3.39  4.40  4.82  4.60  4.38  4.57  3.36  2.64  1.74  1.35     3.28  1.81  4.20  4.52  2.58
             1.91  2.80  3.89  5.19  5.48  5.43  5.59  5.52  3.95  3.05  2.04  1.66     3.57  1.99  4.60  5.39  2.88
             1.33  1.99  3.00  3.90  4.19  3.69  3.33  3.54  2.61  2.09  1.25  1.09     3.04  1.61  3.87  3.93  2.26
  0   10     1.80  2.65  3.63  4.55  4.84  4.59  4.38  4.65  3.52  2.89  1.95  1.51     3.41  1.99  4.34  4.54  2.79
  0   20     1.96  2.85  3.80  4.62  4.79  4.49  4.30  4.66  3.62  3.08  2.14  1.67     3.50  2.16  4.40  4.48  2.94
  0   30     2.09  3.01  3.91  4.58  4.63  4.31  4.14  4.56  3.63  3.21  2.28  1.79     3.51  2.29  4.37  4.34  3.04
  0   40     2.19  3.12  3.95  4.45  4.38  4.05  3.91  4.37  3.57  3.26  2.37  1.87     3.46  2.39  4.26  4.11  3.07
  0   50     2.25  3.18  3.92  4.22  4.06  3.72  3.61  4.09  3.44  3.24  2.41  1.92     3.34  2.45  4.07  3.81  3.03
  0   60     2.28  3.19  3.82  3.92  3.65  3.33  3.25  3.74  3.24  3.15  2.40  1.93     3.16  2.46  3.80  3.44  2.93
  0   70     2.26  3.14  3.65  3.53  3.18  2.89  2.84  3.31  2.97  2.99  2.33  1.90     2.92  2.44  3.45  3.01  2.76
  0   80     2.21  3.05  3.41  3.08  2.68  2.44  2.40  2.83  2.65  2.77  2.21  1.84     2.63  2.37  3.06  2.55  2.54
  0   90     2.12  2.91  3.12  2.57  2.15  1.97  1.95  2.31  2.29  2.49  2.04  1.74     2.31  2.26  2.62  2.08  2.27
 15   10     1.80  2.65  3.62  4.54  4.85  4.59  4.38  4.64  3.52  2.88  1.94  1.51     3.41  1.98  4.34  4.54  2.78
 15   20     1.95  2.84  3.79  4.61  4.78  4.49  4.30  4.65  3.60  3.06  2.12  1.65     3.49  2.15  4.39  4.48  2.93
 15   30     2.08  2.98  3.89  4.57  4.63  4.31  4.14  4.56  3.62  3.18  2.25  1.77     3.50  2.27  4.37  4.34  3.02
 15   40     2.17  3.09  3.93  4.44  4.39  4.05  3.91  4.37  3.56  3.23  2.33  1.85     3.44  2.37  4.25  4.11  3.04
 15   50     2.23  3.14  3.89  4.22  4.07  3.73  3.62  4.10  3.42  3.20  2.36  1.89     3.32  2.42  4.06  3.82  3.00
 15   60     2.25  3.15  3.79  3.92  3.68  3.35  3.26  3.75  3.23  3.11  2.34  1.90     3.14  2.43  3.79  3.46  2.89
 15   70     2.23  3.10  3.62  3.54  3.22  2.93  2.87  3.33  2.96  2.94  2.27  1.87     2.91  2.40  3.46  3.04  2.73
 15   80     2.17  3.01  3.38  3.09  2.73  2.48  2.44  2.87  2.65  2.72  2.15  1.80     2.62  2.33  3.07  2.59  2.50
 15   90     2.09  2.87  3.09  2.62  2.22  2.03  2.01  2.37  2.29  2.44  1.98  1.70     2.31  2.22  2.65  2.13  2.23
 30   10     1.78  2.62  3.59  4.52  4.84  4.59  4.37  4.63  3.50  2.85  1.91  1.49     3.39  1.96  4.32  4.53  2.75
 30   20     1.91  2.79  3.74  4.57  4.79  4.49  4.30  4.63  3.57  3.01  2.06  1.62     3.46  2.11  4.37  4.47  2.88
 30   30     2.02  2.91  3.83  4.53  4.64  4.32  4.14  4.52  3.57  3.10  2.17  1.71     3.46  2.22  4.33  4.33  2.95
 30   40     2.10  3.00  3.85  4.40  4.41  4.08  3.93  4.35  3.51  3.13  2.23  1.78     3.40  2.29  4.22  4.12  2.96
 30   50     2.14  3.03  3.80  4.18  4.11  3.77  3.64  4.08  3.37  3.09  2.25  1.81     3.27  2.33  4.03  3.83  2.90
 30   60     2.15  3.03  3.69  3.89  3.74  3.41  3.31  3.75  3.17  2.99  2.21  1.81     3.10  2.33  3.77  3.49  2.79
 30   70     2.13  2.97  3.52  3.54  3.32  3.01  2.93  3.36  2.92  2.82  2.13  1.77     2.87  2.29  3.46  3.10  2.62
 30   80     2.07  2.88  3.30  3.12  2.87  2.60  2.54  2.93  2.61  2.59  2.00  1.69     2.60  2.21  3.10  2.69  2.40
 30   90     1.98  2.74  3.02  2.68  2.40  2.18  2.14  2.47  2.27  2.31  1.83  1.59     2.30  2.10  2.70  2.27  2.14
 45   10     1.75  2.59  3.55  4.49  4.83  4.58  4.37  4.61  3.47  2.81  1.87  1.46     3.37  1.93  4.29  4.52  2.72
 45   20     1.85  2.71  3.67  4.51  4.78  4.49  4.29  4.58  3.51  2.93  1.99  1.56     3.41  2.04  4.32  4.46  2.81
 45   30     1.93  2.80  3.73  4.46  4.64  4.32  4.14  4.48  3.50  2.99  2.06  1.63     3.39  2.12  4.28  4.32  2.85
 45   40     1.99  2.86  3.72  4.32  4.42  4.09  3.93  4.29  3.42  2.99  2.10  1.67     3.32  2.17  4.16  4.11  2.83
 45   50     2.01  2.88  3.67  4.12  4.14  3.81  3.67  4.05  3.28  2.93  2.09  1.68     3.19  2.19  3.97  3.84  2.76
 45   60     2.00  2.85  3.55  3.83  3.79  3.46  3.35  3.73  3.08  2.81  2.03  1.66     3.01  2.17  3.73  3.51  2.64
 45   70     1.97  2.79  3.38  3.50  3.42  3.11  3.00  3.37  2.84  2.64  1.94  1.61     2.80  2.12  3.43  3.16  2.47
 45   80     1.90  2.69  3.17  3.12  3.00  2.72  2.64  2.97  2.56  2.42  1.81  1.53     2.54  2.04  3.10  2.78  2.26
 45   90     1.81  2.56  2.92  2.73  2.58  2.33  2.27  2.56  2.24  2.16  1.64  1.43     2.27  1.94  2.74  2.39  2.01
 60   10     1.71  2.53  3.50  4.45  4.82  4.58  4.36  4.58  3.43  2.75  1.82  1.42     3.33  1.89  4.26  4.50  2.67
 60   20     1.78  2.62  3.57  4.44  4.75  4.48  4.28  4.53  3.44  2.82  1.89  1.48     3.34  1.96  4.25  4.43  2.72
 60   30     1.82  2.67  3.59  4.36  4.62  4.32  4.13  4.41  3.40  2.84  1.93  1.52     3.30  2.00  4.19  4.29  2.72
 60   40     1.85  2.69  3.56  4.22  4.41  4.10  3.92  4.23  3.31  2.81  1.93  1.53     3.21  2.02  4.06  4.08  2.68
 60   50     1.85  2.68  3.48  4.00  4.14  3.83  3.67  3.97  3.15  2.73  1.89  1.52     3.08  2.02  3.87  3.82  2.59
 60   60     1.83  2.65  3.37  3.74  3.83  3.52  3.38  3.68  2.96  2.60  1.82  1.49     2.90  1.99  3.65  3.52  2.46
 60   70     1.78  2.57  3.20  3.42  3.46  3.17  3.05  3.34  2.73  2.43  1.72  1.43     2.69  1.93  3.36  3.18  2.29
 60   80     1.72  2.49  3.02  3.08  3.09  2.81  2.71  2.98  2.46  2.21  1.59  1.35     2.46  1.85  3.06  2.83  2.09
 60   90     1.64  2.37  2.79  2.71  2.71  2.45  2.37  2.61  2.17  1.99  1.44  1.25     2.21  1.75  2.74  2.48  1.87
 75   10     1.66  2.48  3.44  4.40  4.80  4.57  4.34  4.54  3.38  2.69  1.77  1.38     3.29  1.84  4.21  4.49  2.61
 75   20     1.69  2.50  3.45  4.35  4.72  4.47  4.25  4.46  3.36  2.70  1.78  1.40     3.26  1.86  4.17  4.39  2.61
 75   30     1.70  2.51  3.43  4.23  4.57  4.30  4.10  4.31  3.28  2.67  1.78  1.40     3.19  1.87  4.08  4.24  2.58
 75   40     1.69  2.50  3.36  4.07  4.36  4.09  3.90  4.12  3.16  2.60  1.74  1.39     3.08  1.86  3.93  4.04  2.50
 75   50     1.67  2.46  3.27  3.85  4.10  3.82  3.65  3.87  3.00  2.50  1.69  1.35     2.94  1.83  3.74  3.78  2.40
 75   60     1.64  2.42  3.14  3.59  3.80  3.52  3.36  3.58  2.80  2.35  1.60  1.30     2.76  1.79  3.51  3.49  2.25
 75   70     1.59  2.35  3.00  3.30  3.47  3.20  3.06  3.27  2.58  2.19  1.50  1.24     2.56  1.73  3.26  3.17  2.09
 75   80     1.52  2.27  2.82  2.97  3.11  2.85  2.73  2.93  2.33  2.00  1.38  1.17     2.34  1.65  2.97  2.84  1.90
 75   90     1.46  2.18  2.64  2.65  2.76  2.51  2.40  2.58  2.08  1.79  1.23  1.08     2.11  1.57  2.68  2.50  1.70
 90   10     1.61  2.41  3.37  4.35  4.78  4.56  4.33  4.50  3.33  2.62  1.71  1.33     3.24  1.78  4.17  4.46  2.55
 90   20     1.59  2.38  3.32  4.25  4.67  4.45  4.23  4.38  3.26  2.56  1.67  1.30     3.17  1.76  4.08  4.35  2.50
 90   30     1.57  2.35  3.24  4.09  4.51  4.27  4.06  4.20  3.15  2.48  1.62  1.27     3.07  1.73  3.95  4.18  2.41
 90   40     1.53  2.29  3.15  3.89  4.29  4.05  3.85  3.98  2.99  2.38  1.55  1.23     2.93  1.69  3.77  3.96  2.31
 90   50     1.50  2.25  3.03  3.66  4.02  3.78  3.60  3.73  2.82  2.24  1.47  1.19     2.77  1.64  3.57  3.70  2.18
 90   60     1.45  2.18  2.90  3.40  3.72  3.48  3.31  3.44  2.62  2.10  1.38  1.13     2.59  1.59  3.34  3.41  2.04
 90   70     1.41  2.13  2.76  3.11  3.41  3.17  3.02  3.13  2.40  1.93  1.27  1.07     2.40  1.53  3.09  3.10  1.87
 90   80     1.35  2.05  2.60  2.83  3.08  2.85  2.71  2.82  2.18  1.76  1.17  1.00     2.20  1.47  2.83  2.79  1.70
 90   90     1.30  1.99  2.45  2.52  2.73  2.52  2.40  2.50  1.94  1.57  1.04  0.92     1.99  1.40  2.56  2.47  1.52
105   10     1.56  2.35  3.30  4.29  4.75  4.55  4.32  4.46  3.28  2.54  1.64  1.28     3.19  1.73  4.12  4.44  2.49
105   20     1.50  2.26  3.19  4.13  4.62  4.42  4.20  4.30  3.16  2.42  1.55  1.22     3.08  1.66  3.98  4.31  2.38
105   30     1.44  2.18  3.05  3.93  4.42  4.23  4.01  4.08  3.00  2.28  1.46  1.15     2.94  1.59  3.80  4.11  2.25
105   40     1.38  2.10  2.91  3.68  4.17  3.99  3.78  3.82  2.82  2.14  1.36  1.09     2.77  1.52  3.59  3.86  2.11
105   50     1.34  2.02  2.77  3.42  3.89  3.71  3.51  3.54  2.62  1.99  1.26  1.03     2.59  1.46  3.36  3.59  1.96
105   60     1.28  1.96  2.63  3.16  3.59  3.40  3.23  3.25  2.41  1.83  1.17  0.97     2.41  1.41  3.13  3.29  1.80
105   70     1.25  1.91  2.49  2.89  3.27  3.09  2.93  2.95  2.21  1.68  1.07  0.91     2.22  1.36  2.88  2.99  1.65
105   80     1.21  1.86  2.37  2.60  2.96  2.78  2.63  2.64  1.99  1.52  0.98  0.86     2.03  1.31  2.64  2.68  1.50
105   90     1.17  1.81  2.23  2.34  2.64  2.47  2.34  2.35  1.78  1.37  0.88  0.80     1.85  1.26  2.40  2.39  1.35
120   10     1.52  2.29  3.23  4.24  4.73  4.54  4.31  4.42  3.23  2.48  1.59  1.24     3.15  1.68  4.07  4.42  2.43
120   20     1.41  2.15  3.05  4.02  4.57  4.40  4.17  4.21  3.06  2.29  1.44  1.13     2.99  1.56  3.88  4.26  2.26
120   30     1.32  2.01  2.86  3.76  4.33  4.18  3.96  3.95  2.85  2.09  1.31  1.04     2.80  1.46  3.65  4.03  2.08
120   40     1.25  1.90  2.67  3.46  4.04  3.91  3.69  3.65  2.63  1.91  1.19  0.96     2.60  1.37  3.39  3.75  1.91
120   50     1.19  1.82  2.50  3.16  3.72  3.60  3.40  3.33  2.40  1.73  1.08  0.90     2.40  1.30  3.13  3.44  1.74
120   60     1.15  1.76  2.36  2.88  3.40  3.29  3.10  3.01  2.19  1.58  0.99  0.84     2.21  1.25  2.88  3.13  1.59
120   70     1.12  1.71  2.24  2.61  3.08  2.96  2.80  2.71  1.98  1.44  0.90  0.80     2.03  1.21  2.64  2.83  1.44
120   80     1.10  1.69  2.12  2.36  2.76  2.65  2.51  2.43  1.79  1.30  0.83  0.75     1.86  1.18  2.41  2.53  1.30
120   90     1.08  1.66  2.03  2.11  2.47  2.36  2.23  2.15  1.61  1.18  0.75  0.71     1.70  1.15  2.20  2.25  1.18
135   10     1.48  2.24  3.18  4.19  4.71  4.53  4.30  4.39  3.19  2.42  1.54  1.20     3.11  1.64  4.03  4.41  2.38
135   20     1.34  2.04  2.93  3.92  4.51  4.38  4.14  4.14  2.97  2.17  1.34  1.06     2.91  1.48  3.79  4.22  2.16
135   30     1.21  1.87  2.68  3.60  4.24  4.14  3.91  3.83  2.71  1.92  1.17  0.94     2.68  1.34  3.50  3.96  1.93
135   40     1.13  1.73  2.44  3.24  3.90  3.84  3.61  3.47  2.44  1.69  1.03  0.85     2.45  1.24  3.19  3.64  1.72
135   50     1.08  1.64  2.24  2.89  3.52  3.49  3.28  3.10  2.18  1.50  0.93  0.80     2.22  1.17  2.88  3.29  1.54
135   60     1.06  1.59  2.09  2.58  3.16  3.13  2.94  2.75  1.96  1.35  0.85  0.76     2.02  1.14  2.61  2.94  1.39
135   70     1.04  1.57  1.98  2.31  2.83  2.80  2.63  2.44  1.76  1.22  0.78  0.73     1.84  1.11  2.37  2.62  1.26
135   80     1.03  1.56  1.89  2.07  2.53  2.49  2.34  2.17  1.59  1.11  0.73  0.69     1.68  1.10  2.16  2.33  1.14
135   90     1.03  1.56  1.84  1.87  2.26  2.21  2.08  1.94  1.43  1.02  0.67  0.67     1.55  1.09  1.99  2.08  1.04
150   10     1.45  2.20  3.13  4.16  4.69  4.53  4.29  4.37  3.15  2.37  1.50  1.17     3.08  1.60  3.99  4.39  2.34
150   20     1.27  1.96  2.84  3.85  4.48  4.37  4.12  4.09  2.89  2.07  1.26  1.00     2.85  1.41  3.72  4.19  2.08
150   30     1.13  1.74  2.52  3.47  4.17  4.12  3.87  3.74  2.59  1.76  1.05  0.86     2.59  1.24  3.39  3.91  1.80
150   40     1.04  1.57  2.22  3.04  3.78  3.79  3.55  3.32  2.27  1.49  0.91  0.78     2.31  1.13  3.02  3.56  1.55
150   50     1.03  1.49  1.99  2.62  3.34  3.40  3.18  2.87  1.97  1.29  0.83  0.76     2.06  1.09  2.65  3.15  1.36
150   60     1.02  1.47  1.85  2.27  2.90  2.97  2.78  2.47  1.73  1.16  0.78  0.73     1.84  1.08  2.34  2.74  1.22
150   70     1.02  1.48  1.77  2.00  2.53  2.59  2.43  2.15  1.55  1.07  0.73  0.71     1.67  1.07  2.10  2.39  1.12
150   80     1.02  1.49  1.71  1.79  2.24  2.29  2.15  1.91  1.41  0.99  0.68  0.68     1.53  1.06  1.92  2.11  1.03
150   90     1.01  1.51  1.69  1.64  2.00  2.03  1.91  1.71  1.28  0.92  0.64  0.66     1.42  1.06  1.78  1.88  0.94
165   10     1.43  2.17  3.10  4.14  4.68  4.53  4.28  4.35  3.13  2.34  1.47  1.15     3.06  1.58  3.97  4.39  2.31
165   20     1.23  1.91  2.77  3.81  4.45  4.36  4.11  4.06  2.85  2.00  1.21  0.95     2.81  1.36  3.68  4.18  2.02
165   30     1.06  1.65  2.41  3.40  4.13  4.11  3.85  3.69  2.51  1.65  0.96  0.80     2.52  1.17  3.31  3.89  1.71
165   40     1.02  1.45  2.05  2.92  3.73  3.79  3.53  3.25  2.14  1.32  0.84  0.77     2.23  1.08  2.90  3.52  1.43
165   50     1.02  1.42  1.76  2.41  3.26  3.39  3.15  2.75  1.77  1.12  0.81  0.76     1.97  1.07  2.48  3.10  1.24
165   60     1.02  1.44  1.65  1.96  2.73  2.94  2.71  2.21  1.52  1.05  0.77  0.73     1.73  1.06  2.12  2.62  1.11
165   70     1.02  1.46  1.62  1.71  2.23  2.45  2.25  1.85  1.38  0.99  0.73  0.71     1.53  1.06  1.85  2.18  1.03
165   80     1.02  1.48  1.61  1.56  1.96  2.10  1.95  1.66  1.28  0.93  0.68  0.68     1.41  1.06  1.71  1.90  0.96
165   90     1.01  1.50  1.60  1.45  1.77  1.87  1.74  1.51  1.18  0.87  0.64  0.66     1.32  1.06  1.61  1.71  0.90
180   10     1.42  2.17  3.09  4.14  4.67  4.53  4.28  4.35  3.13  2.33  1.47  1.14     3.06  1.58  3.96  4.38  2.31
180   20     1.21  1.89  2.75  3.80  4.43  4.36  4.10  4.06  2.83  1.98  1.19  0.94     2.79  1.35  3.66  4.17  2.00
180   30     1.03  1.61  2.37  3.38  4.11  4.11  3.85  3.69  2.49  1.60  0.93  0.79     2.50  1.14  3.29  3.88  1.67
180   40     1.02  1.41  1.97  2.90  3.70  3.79  3.52  3.24  2.10  1.22  0.84  0.77     2.21  1.07  2.86  3.52  1.39
180   50     1.02  1.42  1.59  2.38  3.22  3.39  3.13  2.74  1.69  1.09  0.81  0.76     1.94  1.07  2.40  3.09  1.20
180   60     1.02  1.44  1.59  1.82  2.69  2.94  2.69  2.20  1.39  1.04  0.77  0.73     1.70  1.06  2.04  2.61  1.07
180   70     1.02  1.46  1.59  1.55  2.13  2.45  2.22  1.72  1.31  0.99  0.73  0.71     1.49  1.06  1.75  2.13  1.01
180   80     1.02  1.48  1.58  1.46  1.81  2.02  1.86  1.55  1.23  0.93  0.68  0.68     1.36  1.06  1.62  1.81  0.95
180   90     1.01  1.50  1.58  1.37  1.65  1.80  1.67  1.43  1.14  0.87  0.64  0.66     1.28  1.06  1.53  1.64  0.88
             61.3  56.9  40.5  21.4   8.5   3.0   5.7  15.2  27.3  42.5  52.3  57.7     27.1  58.5  21.9   8.5  39.4
             2.28  3.19  3.95  4.62  4.84  4.61  4.38  4.67  3.64  3.26  2.41  1.93     3.65  2.47  4.40  4.54  3.07
             2.06  2.97  3.89  4.60  4.69  4.37  4.19  4.60  3.64  3.18  2.24  1.75     3.51  2.26  4.39  4.39  3.02
             1.11  1.07  1.02  1.00  1.03  1.05  1.05  1.02  1.00  1.03  1.08  1.10     1.05  1.09  1.02  1.04  1.03
             1.27  1.21  1.15  1.05  0.97  0.95  0.96  1.01  1.08  1.20  1.29  1.30     1.12  1.26  1.06  0.97  1.19
temperature  -1.0  -0.6   2.5   9.3  15.2  19.5  23.0  24.4  19.8  13.1   6.9   1.9     11.2   0.1   9.0  22.3  13.3
diffusedrad  1.15  1.61  1.94  2.19  2.47  2.64  2.56  2.30  1.92  1.47  1.05  0.91     1.85  1.23  2.20  2.50  1.48
snow10cm     0.83  0.93  0.53  0.04  0.00  0.00  0.00  0.00  0.00  0.00  0.03  0.34     0.23  0.70  0.19  0.00  0.01
