2 36151   相馬            37   47  140 55.5    9
             2.29  2.98  3.69  4.46  4.71  4.27  4.04  4.10  3.17  2.81  2.27  2.02     3.40  2.43  4.29  4.13  2.75
             2.53  3.38  4.09  5.42  5.43  5.40  5.64  5.56  3.73  3.23  2.78  2.31     3.81  2.66  4.82  5.25  3.09
             1.99  2.24  3.04  3.55  3.74  2.90  2.80  3.15  2.48  2.26  1.85  1.79     3.12  2.17  3.81  3.40  2.52
  0   10     2.80  3.38  4.00  4.62  4.72  4.25  4.03  4.16  3.32  3.09  2.65  2.46     3.63  2.88  4.45  4.15  3.02
  0   20     3.24  3.73  4.22  4.69  4.67  4.17  3.96  4.16  3.40  3.32  2.99  2.87     3.78  3.28  4.52  4.09  3.24
  0   30     3.61  4.00  4.34  4.65  4.51  4.00  3.82  4.07  3.40  3.47  3.26  3.20     3.86  3.60  4.50  3.96  3.38
  0   40     3.88  4.17  4.37  4.51  4.27  3.77  3.61  3.90  3.35  3.54  3.45  3.45     3.86  3.83  4.38  3.76  3.44
  0   50     4.05  4.24  4.29  4.28  3.96  3.47  3.34  3.66  3.22  3.53  3.56  3.62     3.77  3.97  4.17  3.49  3.43
  0   60     4.12  4.21  4.12  3.96  3.57  3.12  3.01  3.35  3.03  3.44  3.58  3.69     3.60  4.01  3.88  3.16  3.35
  0   70     4.09  4.07  3.85  3.55  3.12  2.72  2.65  2.98  2.78  3.27  3.50  3.67     3.35  3.94  3.51  2.78  3.18
  0   80     3.94  3.84  3.50  3.08  2.63  2.31  2.26  2.56  2.48  3.02  3.34  3.55     3.04  3.78  3.07  2.38  2.95
  0   90     3.70  3.51  3.07  2.56  2.12  1.89  1.85  2.12  2.14  2.72  3.10  3.34     2.68  3.52  2.59  1.95  2.65
 15   10     2.79  3.37  3.99  4.62  4.72  4.25  4.03  4.16  3.31  3.09  2.63  2.44     3.62  2.87  4.44  4.15  3.01
 15   20     3.22  3.71  4.20  4.68  4.66  4.16  3.96  4.15  3.39  3.30  2.96  2.83     3.77  3.25  4.51  4.09  3.21
 15   30     3.57  3.96  4.32  4.64  4.52  4.00  3.82  4.07  3.39  3.44  3.21  3.15     3.84  3.56  4.49  3.96  3.35
 15   40     3.83  4.12  4.34  4.51  4.28  3.77  3.61  3.90  3.33  3.50  3.38  3.39     3.83  3.78  4.38  3.76  3.40
 15   50     4.00  4.18  4.26  4.27  3.97  3.48  3.35  3.66  3.20  3.48  3.47  3.54     3.74  3.91  4.16  3.49  3.39
 15   60     4.06  4.14  4.08  3.96  3.59  3.14  3.03  3.35  3.01  3.39  3.48  3.61     3.57  3.94  3.88  3.17  3.29
 15   70     4.01  4.00  3.82  3.57  3.15  2.75  2.67  2.99  2.77  3.21  3.40  3.58     3.33  3.86  3.51  2.80  3.13
 15   80     3.87  3.76  3.47  3.10  2.68  2.35  2.29  2.59  2.47  2.97  3.23  3.45     3.02  3.70  3.09  2.41  2.89
 15   90     3.63  3.44  3.05  2.61  2.19  1.94  1.90  2.16  2.14  2.66  2.99  3.24     2.66  3.44  2.62  2.00  2.60
 30   10     2.74  3.33  3.96  4.59  4.72  4.25  4.03  4.14  3.29  3.05  2.59  2.40     3.59  2.82  4.42  4.14  2.98
 30   20     3.12  3.62  4.14  4.65  4.67  4.17  3.96  4.13  3.36  3.24  2.86  2.74     3.72  3.16  4.49  4.09  3.15
 30   30     3.43  3.84  4.24  4.60  4.52  4.01  3.82  4.04  3.35  3.35  3.07  3.01     3.77  3.43  4.46  3.95  3.26
 30   40     3.65  3.96  4.25  4.47  4.30  3.79  3.62  3.88  3.28  3.39  3.20  3.21     3.75  3.61  4.34  3.76  3.29
 30   50     3.78  3.99  4.16  4.24  4.01  3.51  3.36  3.64  3.15  3.36  3.26  3.33     3.65  3.70  4.13  3.50  3.26
 30   60     3.82  3.92  3.97  3.93  3.65  3.18  3.06  3.35  2.96  3.25  3.24  3.37     3.48  3.70  3.85  3.20  3.15
 30   70     3.75  3.77  3.72  3.57  3.24  2.81  2.72  3.01  2.72  3.07  3.14  3.32     3.24  3.61  3.51  2.85  2.98
 30   80     3.60  3.53  3.38  3.13  2.81  2.44  2.37  2.63  2.44  2.83  2.97  3.18     2.94  3.43  3.11  2.48  2.75
 30   90     3.35  3.21  2.98  2.68  2.36  2.06  2.01  2.24  2.12  2.53  2.73  2.96     2.60  3.17  2.67  2.10  2.46
 45   10     2.66  3.25  3.91  4.57  4.71  4.25  4.02  4.13  3.27  3.00  2.51  2.32     3.55  2.74  4.39  4.13  2.93
 45   20     2.96  3.48  4.05  4.59  4.66  4.17  3.95  4.10  3.31  3.15  2.73  2.59     3.64  3.01  4.43  4.07  3.06
 45   30     3.20  3.63  4.12  4.53  4.52  4.01  3.81  4.00  3.29  3.23  2.88  2.79     3.67  3.21  4.39  3.94  3.13
 45   40     3.37  3.72  4.09  4.39  4.31  3.80  3.62  3.83  3.21  3.23  2.97  2.93     3.62  3.34  4.26  3.75  3.14
 45   50     3.45  3.71  4.00  4.17  4.03  3.54  3.38  3.61  3.07  3.17  2.98  3.00     3.51  3.39  4.07  3.51  3.08
 45   60     3.45  3.62  3.81  3.88  3.70  3.22  3.09  3.33  2.88  3.06  2.94  3.00     3.33  3.36  3.80  3.21  2.96
 45   70     3.36  3.45  3.56  3.54  3.33  2.89  2.78  3.01  2.65  2.88  2.83  2.92     3.10  3.25  3.48  2.89  2.78
 45   80     3.19  3.22  3.25  3.14  2.92  2.54  2.44  2.66  2.38  2.63  2.65  2.78     2.82  3.06  3.11  2.55  2.56
 45   90     2.95  2.92  2.88  2.73  2.52  2.18  2.11  2.30  2.09  2.36  2.40  2.56     2.50  2.81  2.71  2.20  2.29
 60   10     2.55  3.16  3.84  4.52  4.70  4.24  4.01  4.10  3.23  2.94  2.43  2.22     3.50  2.64  4.35  4.12  2.87
 60   20     2.77  3.30  3.93  4.51  4.63  4.16  3.94  4.05  3.24  3.03  2.56  2.39     3.54  2.82  4.36  4.05  2.94
 60   30     2.92  3.39  3.94  4.43  4.50  4.01  3.80  3.94  3.20  3.05  2.65  2.53     3.53  2.95  4.29  3.92  2.97
 60   40     3.01  3.41  3.90  4.28  4.29  3.80  3.61  3.77  3.10  3.03  2.69  2.60     3.46  3.01  4.16  3.73  2.94
 60   50     3.05  3.37  3.77  4.06  4.04  3.55  3.37  3.55  2.96  2.95  2.66  2.61     3.33  3.01  3.95  3.49  2.86
 60   60     3.01  3.26  3.59  3.79  3.73  3.26  3.11  3.29  2.77  2.81  2.58  2.57     3.15  2.95  3.70  3.22  2.72
 60   70     2.91  3.08  3.34  3.46  3.37  2.94  2.81  2.98  2.55  2.64  2.46  2.48     2.92  2.82  3.39  2.91  2.55
 60   80     2.73  2.86  3.06  3.11  3.01  2.61  2.49  2.66  2.30  2.41  2.29  2.33     2.66  2.64  3.06  2.59  2.33
 60   90     2.53  2.60  2.73  2.72  2.64  2.28  2.18  2.33  2.03  2.17  2.06  2.13     2.37  2.42  2.70  2.27  2.09
 75   10     2.43  3.05  3.76  4.47  4.68  4.24  4.00  4.07  3.19  2.86  2.33  2.10     3.43  2.53  4.30  4.10  2.80
 75   20     2.54  3.10  3.78  4.42  4.60  4.14  3.92  4.00  3.17  2.89  2.38  2.18     3.42  2.61  4.27  4.02  2.81
 75   30     2.60  3.10  3.74  4.30  4.46  3.99  3.77  3.87  3.09  2.86  2.39  2.22     3.37  2.64  4.17  3.88  2.78
 75   40     2.63  3.07  3.64  4.13  4.25  3.79  3.59  3.69  2.97  2.79  2.36  2.23     3.26  2.64  4.01  3.69  2.71
 75   50     2.60  2.98  3.51  3.91  3.99  3.54  3.35  3.46  2.82  2.69  2.31  2.20     3.11  2.59  3.80  3.45  2.61
 75   60     2.54  2.86  3.31  3.63  3.71  3.26  3.09  3.20  2.63  2.55  2.21  2.12     2.92  2.50  3.55  3.18  2.46
 75   70     2.43  2.69  3.09  3.34  3.38  2.96  2.81  2.92  2.42  2.37  2.08  2.03     2.71  2.38  3.27  2.90  2.29
 75   80     2.26  2.48  2.82  3.00  3.03  2.64  2.51  2.61  2.18  2.17  1.92  1.89     2.46  2.21  2.95  2.59  2.09
 75   90     2.09  2.25  2.54  2.67  2.69  2.33  2.21  2.31  1.95  1.94  1.72  1.71     2.20  2.02  2.63  2.28  1.87
 90   10     2.30  2.93  3.67  4.42  4.66  4.23  3.99  4.04  3.15  2.78  2.22  1.98     3.37  2.40  4.25  4.09  2.72
 90   20     2.28  2.88  3.61  4.31  4.56  4.13  3.89  3.94  3.08  2.73  2.18  1.95     3.29  2.37  4.16  3.98  2.66
 90   30     2.26  2.80  3.51  4.15  4.40  3.96  3.74  3.77  2.97  2.65  2.11  1.91     3.19  2.33  4.02  3.83  2.58
 90   40     2.21  2.69  3.37  3.94  4.18  3.75  3.54  3.58  2.82  2.54  2.04  1.85     3.04  2.25  3.83  3.63  2.47
 90   50     2.15  2.58  3.19  3.71  3.92  3.50  3.31  3.35  2.66  2.40  1.94  1.78     2.88  2.17  3.61  3.39  2.33
 90   60     2.05  2.42  3.00  3.44  3.62  3.23  3.05  3.09  2.47  2.26  1.83  1.69     2.68  2.05  3.36  3.12  2.19
 90   70     1.95  2.27  2.78  3.14  3.32  2.94  2.77  2.81  2.26  2.08  1.69  1.59     2.47  1.94  3.08  2.84  2.01
 90   80     1.80  2.08  2.54  2.85  3.00  2.64  2.49  2.53  2.05  1.90  1.56  1.47     2.24  1.78  2.79  2.55  1.84
 90   90     1.66  1.90  2.29  2.52  2.66  2.33  2.21  2.24  1.82  1.70  1.40  1.32     2.00  1.63  2.49  2.26  1.64
105   10     2.16  2.81  3.58  4.36  4.64  4.22  3.98  4.01  3.10  2.70  2.12  1.86     3.29  2.28  4.19  4.07  2.64
105   20     2.03  2.65  3.43  4.20  4.51  4.10  3.87  3.87  2.99  2.57  1.98  1.72     3.16  2.14  4.05  3.95  2.51
105   30     1.91  2.49  3.25  3.98  4.32  3.93  3.70  3.68  2.84  2.42  1.85  1.60     3.00  2.00  3.85  3.77  2.37
105   40     1.80  2.33  3.06  3.73  4.08  3.70  3.48  3.45  2.67  2.27  1.71  1.49     2.81  1.87  3.62  3.54  2.22
105   50     1.70  2.16  2.87  3.47  3.80  3.44  3.24  3.20  2.48  2.12  1.59  1.39     2.62  1.75  3.38  3.29  2.06
105   60     1.59  2.02  2.65  3.19  3.50  3.16  2.97  2.94  2.28  1.95  1.47  1.29     2.42  1.63  3.12  3.02  1.90
105   70     1.49  1.86  2.44  2.91  3.19  2.87  2.70  2.66  2.09  1.79  1.35  1.19     2.21  1.51  2.85  2.74  1.74
105   80     1.38  1.71  2.23  2.61  2.88  2.58  2.42  2.39  1.88  1.62  1.23  1.10     2.00  1.40  2.58  2.46  1.58
105   90     1.27  1.55  2.01  2.34  2.58  2.29  2.16  2.13  1.68  1.47  1.11  0.99     1.80  1.27  2.31  2.19  1.42
120   10     2.04  2.70  3.50  4.30  4.62  4.21  3.97  3.98  3.06  2.62  2.02  1.75     3.23  2.16  4.14  4.05  2.57
120   20     1.79  2.43  3.26  4.08  4.46  4.08  3.84  3.80  2.90  2.42  1.79  1.51     3.03  1.91  3.93  3.91  2.37
120   30     1.58  2.18  3.00  3.81  4.23  3.88  3.65  3.58  2.71  2.20  1.58  1.31     2.81  1.69  3.68  3.70  2.17
120   40     1.42  1.96  2.74  3.50  3.95  3.64  3.41  3.31  2.50  2.00  1.41  1.16     2.58  1.51  3.40  3.45  1.97
120   50     1.29  1.77  2.51  3.19  3.64  3.35  3.15  3.03  2.29  1.82  1.27  1.04     2.36  1.37  3.11  3.18  1.79
120   60     1.19  1.62  2.29  2.90  3.32  3.06  2.87  2.75  2.09  1.66  1.15  0.95     2.15  1.25  2.84  2.89  1.63
120   70     1.11  1.48  2.09  2.62  3.01  2.76  2.59  2.48  1.89  1.51  1.05  0.87     1.95  1.15  2.58  2.61  1.48
120   80     1.02  1.37  1.90  2.36  2.70  2.47  2.32  2.22  1.71  1.37  0.96  0.81     1.77  1.06  2.32  2.34  1.34
120   90     0.95  1.24  1.73  2.10  2.42  2.20  2.06  1.97  1.53  1.24  0.88  0.73     1.59  0.97  2.09  2.08  1.22
135   10     1.92  2.60  3.42  4.26  4.60  4.20  3.96  3.95  3.02  2.55  1.93  1.65     3.17  2.06  4.09  4.04  2.50
135   20     1.57  2.23  3.10  3.98  4.41  4.06  3.82  3.75  2.82  2.28  1.62  1.32     2.91  1.71  3.83  3.88  2.24
135   30     1.27  1.89  2.76  3.64  4.14  3.85  3.61  3.48  2.58  2.00  1.34  1.05     2.64  1.41  3.52  3.65  1.98
135   40     1.07  1.62  2.43  3.28  3.82  3.58  3.35  3.17  2.34  1.75  1.14  0.87     2.37  1.19  3.18  3.36  1.74
135   50     0.95  1.42  2.16  2.91  3.46  3.26  3.05  2.85  2.10  1.55  1.00  0.77     2.12  1.04  2.84  3.05  1.55
135   60     0.87  1.27  1.93  2.59  3.10  2.93  2.74  2.54  1.88  1.39  0.90  0.70     1.90  0.95  2.54  2.74  1.39
135   70     0.82  1.16  1.74  2.31  2.78  2.62  2.45  2.26  1.70  1.26  0.82  0.66     1.72  0.88  2.28  2.44  1.26
135   80     0.77  1.09  1.59  2.06  2.48  2.33  2.19  2.02  1.53  1.15  0.77  0.62     1.55  0.82  2.04  2.18  1.15
135   90     0.73  1.01  1.46  1.85  2.22  2.07  1.94  1.80  1.37  1.05  0.71  0.58     1.40  0.78  1.84  1.94  1.05
150   10     1.83  2.52  3.36  4.22  4.58  4.20  3.95  3.93  2.99  2.50  1.86  1.56     3.13  1.97  4.05  4.03  2.45
150   20     1.38  2.07  2.97  3.90  4.37  4.05  3.80  3.70  2.76  2.16  1.48  1.16     2.82  1.54  3.75  3.85  2.13
150   30     1.01  1.64  2.55  3.51  4.08  3.83  3.58  3.41  2.48  1.82  1.14  0.83     2.49  1.16  3.38  3.61  1.81
150   40     0.79  1.31  2.14  3.07  3.71  3.54  3.30  3.06  2.19  1.52  0.91  0.67     2.18  0.93  2.97  3.30  1.54
150   50     0.72  1.12  1.82  2.63  3.29  3.18  2.96  2.68  1.91  1.30  0.81  0.63     1.92  0.82  2.58  2.94  1.34
150   60     0.70  1.02  1.59  2.26  2.86  2.80  2.61  2.33  1.68  1.16  0.76  0.61     1.70  0.77  2.24  2.58  1.20
150   70     0.67  0.96  1.44  1.98  2.50  2.45  2.29  2.04  1.51  1.07  0.72  0.59     1.52  0.74  1.98  2.26  1.10
150   80     0.65  0.91  1.33  1.77  2.22  2.16  2.02  1.81  1.37  0.99  0.68  0.57     1.37  0.71  1.77  2.00  1.01
150   90     0.63  0.88  1.24  1.61  1.98  1.92  1.80  1.63  1.25  0.93  0.65  0.54     1.25  0.68  1.61  1.78  0.94
165   10     1.76  2.48  3.32  4.20  4.57  4.20  3.94  3.92  2.97  2.47  1.82  1.51     3.10  1.92  4.03  4.02  2.42
165   20     1.25  1.96  2.88  3.86  4.35  4.05  3.79  3.68  2.72  2.09  1.38  1.04     2.75  1.42  3.69  3.84  2.06
165   30     0.82  1.46  2.40  3.43  4.04  3.82  3.56  3.37  2.41  1.69  0.98  0.68     2.39  0.98  3.29  3.59  1.69
165   40     0.72  1.05  1.91  2.94  3.66  3.53  3.28  3.00  2.08  1.32  0.80  0.65     2.08  0.81  2.84  3.27  1.40
165   50     0.71  0.95  1.50  2.41  3.21  3.17  2.94  2.58  1.74  1.10  0.77  0.63     1.81  0.76  2.37  2.90  1.21
165   60     0.69  0.93  1.31  1.94  2.71  2.77  2.55  2.13  1.50  1.03  0.74  0.61     1.58  0.74  1.99  2.48  1.09
165   70     0.67  0.90  1.23  1.68  2.22  2.33  2.13  1.81  1.37  0.98  0.71  0.59     1.39  0.72  1.71  2.09  1.02
165   80     0.65  0.88  1.16  1.52  1.95  2.00  1.86  1.62  1.26  0.93  0.68  0.57     1.26  0.70  1.55  1.83  0.96
165   90     0.62  0.85  1.10  1.41  1.76  1.78  1.66  1.48  1.16  0.87  0.65  0.54     1.16  0.67  1.42  1.64  0.89
180   10     1.74  2.46  3.30  4.20  4.56  4.20  3.94  3.92  2.97  2.45  1.80  1.49     3.09  1.90  4.02  4.02  2.41
180   20     1.20  1.92  2.84  3.84  4.33  4.05  3.78  3.68  2.70  2.06  1.34  1.00     2.73  1.37  3.67  3.84  2.03
180   30     0.76  1.37  2.33  3.42  4.02  3.82  3.56  3.37  2.39  1.63  0.92  0.66     2.35  0.93  3.26  3.58  1.65
180   40     0.72  0.97  1.79  2.92  3.63  3.53  3.27  2.99  2.04  1.21  0.80  0.65     2.04  0.78  2.78  3.26  1.35
180   50     0.71  0.95  1.25  2.38  3.17  3.17  2.92  2.57  1.67  1.07  0.77  0.63     1.77  0.76  2.27  2.89  1.17
180   60     0.69  0.93  1.21  1.80  2.67  2.77  2.53  2.11  1.39  1.02  0.74  0.61     1.54  0.74  1.89  2.47  1.05
180   70     0.67  0.90  1.17  1.51  2.12  2.33  2.11  1.70  1.30  0.98  0.71  0.59     1.34  0.72  1.60  2.05  1.00
180   80     0.65  0.88  1.12  1.41  1.81  1.94  1.78  1.54  1.22  0.92  0.68  0.57     1.21  0.70  1.45  1.75  0.94
180   90     0.62  0.85  1.07  1.32  1.65  1.73  1.60  1.41  1.13  0.87  0.65  0.54     1.12  0.67  1.35  1.58  0.88
             61.5  51.7  37.4  21.2   9.3   3.3   5.7  14.4  26.3  43.7  56.9  62.5     34.2  58.5  22.7   8.1  43.6
             4.12  4.24  4.37  4.69  4.72  4.27  4.04  4.17  3.41  3.54  3.58  3.69     4.07  4.01  4.53  4.15  3.45
             3.73  4.08  4.36  4.60  4.42  3.91  3.74  4.01  3.39  3.51  3.35  3.32     3.87  3.71  4.46  3.88  3.42
             1.10  1.04  1.00  1.02  1.07  1.09  1.08  1.04  1.01  1.01  1.07  1.11     1.05  1.09  1.03  1.07  1.03
             1.62  1.37  1.18  1.03  0.94  0.92  0.93  0.98  1.07  1.25  1.48  1.64     1.20  1.54  1.05  0.94  1.26
temperature   1.9   2.1   4.8  10.2  14.9  18.2  21.9  23.8  20.3  14.8   9.3   4.6     12.2   2.9  10.0  21.3  14.8
diffusedrad  1.03  1.37  1.78  2.16  2.50  2.60  2.50  2.30  1.89  1.47  1.10  0.92     1.80  1.11  2.15  2.47  1.49
snow10cm     0.03  0.07  0.02  0.00  0.00  0.00  0.00  0.00  0.00  0.00  0.00  0.01     0.01  0.04  0.01  0.00  0.00
