2 36251   西会津          37 35.3  139 39.4  165
             1.53  2.34  3.12  4.16  4.66  4.61  4.57  4.60  3.39  2.58  1.60  1.22     3.20  1.70  3.98  4.59  2.52
             1.76  2.74  3.80  4.84  5.41  5.51  5.69  5.63  4.35  2.98  1.89  1.51     3.47  1.87  4.40  5.29  2.90
             1.29  2.02  2.73  3.61  3.90  3.75  3.37  3.49  2.64  2.18  1.16  1.00     2.91  1.61  3.47  3.75  2.19
  0   10     1.67  2.51  3.30  4.29  4.68  4.59  4.56  4.70  3.55  2.81  1.76  1.34     3.31  1.84  4.09  4.62  2.71
  0   20     1.79  2.68  3.44  4.34  4.62  4.50  4.47  4.70  3.64  2.99  1.91  1.44     3.38  1.97  4.13  4.55  2.85
  0   30     1.89  2.81  3.52  4.30  4.46  4.31  4.30  4.60  3.66  3.10  2.01  1.53     3.37  2.07  4.09  4.40  2.92
  0   40     1.96  2.89  3.54  4.17  4.23  4.05  4.06  4.41  3.60  3.15  2.07  1.58     3.31  2.14  3.98  4.17  2.94
  0   50     2.00  2.94  3.51  3.96  3.92  3.72  3.73  4.12  3.46  3.12  2.09  1.60     3.18  2.18  3.79  3.86  2.89
  0   60     2.01  2.94  3.41  3.67  3.53  3.33  3.35  3.76  3.26  3.03  2.06  1.60     3.00  2.18  3.54  3.48  2.78
  0   70     1.99  2.90  3.27  3.31  3.08  2.89  2.92  3.32  2.99  2.87  1.99  1.56     2.76  2.15  3.22  3.04  2.62
  0   80     1.94  2.81  3.07  2.90  2.60  2.43  2.45  2.84  2.66  2.65  1.88  1.50     2.48  2.08  2.86  2.57  2.40
  0   90     1.86  2.68  2.83  2.43  2.10  1.96  1.98  2.31  2.29  2.38  1.73  1.41     2.16  1.98  2.45  2.08  2.13
 15   10     1.66  2.50  3.30  4.28  4.68  4.60  4.56  4.70  3.54  2.81  1.76  1.33     3.31  1.83  4.09  4.62  2.70
 15   20     1.78  2.66  3.43  4.33  4.62  4.49  4.47  4.70  3.63  2.97  1.89  1.44     3.37  1.96  4.12  4.55  2.83
 15   30     1.87  2.79  3.50  4.29  4.47  4.32  4.31  4.60  3.64  3.08  1.99  1.51     3.36  2.06  4.09  4.41  2.90
 15   40     1.94  2.87  3.52  4.16  4.24  4.05  4.06  4.41  3.58  3.11  2.04  1.56     3.29  2.12  3.97  4.17  2.91
 15   50     1.98  2.91  3.48  3.95  3.92  3.73  3.75  4.13  3.44  3.08  2.06  1.58     3.17  2.16  3.79  3.87  2.86
 15   60     1.99  2.90  3.39  3.67  3.55  3.35  3.37  3.77  3.24  2.98  2.02  1.57     2.98  2.15  3.54  3.50  2.75
 15   70     1.96  2.86  3.24  3.32  3.11  2.92  2.95  3.35  2.98  2.82  1.95  1.54     2.75  2.12  3.22  3.07  2.58
 15   80     1.91  2.77  3.04  2.91  2.65  2.47  2.50  2.88  2.66  2.60  1.84  1.47     2.47  2.05  2.87  2.62  2.37
 15   90     1.83  2.64  2.80  2.47  2.17  2.02  2.04  2.37  2.29  2.33  1.69  1.38     2.17  1.95  2.48  2.15  2.10
 30   10     1.65  2.48  3.28  4.26  4.67  4.59  4.55  4.69  3.53  2.78  1.74  1.32     3.29  1.82  4.07  4.61  2.68
 30   20     1.75  2.62  3.39  4.30  4.62  4.50  4.47  4.69  3.60  2.92  1.85  1.41     3.34  1.93  4.10  4.55  2.79
 30   30     1.83  2.73  3.45  4.25  4.47  4.32  4.31  4.59  3.60  3.00  1.93  1.47     3.33  2.01  4.06  4.41  2.84
 30   40     1.89  2.79  3.46  4.13  4.25  4.08  4.08  4.42  3.53  3.02  1.97  1.51     3.26  2.06  3.95  4.19  2.84
 30   50     1.91  2.82  3.40  3.92  3.96  3.77  3.77  4.15  3.39  2.98  1.97  1.52     3.13  2.08  3.76  3.90  2.78
 30   60     1.91  2.80  3.30  3.64  3.61  3.41  3.43  3.82  3.19  2.87  1.92  1.50     2.95  2.07  3.52  3.55  2.66
 30   70     1.88  2.75  3.15  3.31  3.20  3.00  3.03  3.42  2.93  2.70  1.84  1.46     2.72  2.03  3.22  3.15  2.49
 30   80     1.83  2.66  2.96  2.93  2.77  2.59  2.61  2.99  2.62  2.48  1.72  1.39     2.46  1.96  2.89  2.73  2.27
 30   90     1.74  2.53  2.73  2.52  2.33  2.17  2.20  2.52  2.28  2.22  1.57  1.30     2.18  1.86  2.53  2.30  2.02
 45   10     1.62  2.45  3.24  4.24  4.66  4.59  4.55  4.67  3.50  2.74  1.71  1.30     3.27  1.79  4.05  4.60  2.65
 45   20     1.70  2.56  3.33  4.25  4.61  4.50  4.47  4.66  3.54  2.85  1.79  1.37     3.30  1.88  4.06  4.54  2.73
 45   30     1.76  2.63  3.36  4.19  4.47  4.33  4.31  4.57  3.53  2.90  1.84  1.41     3.27  1.93  4.01  4.40  2.76
 45   40     1.80  2.67  3.35  4.05  4.26  4.10  4.09  4.39  3.44  2.89  1.86  1.43     3.19  1.97  3.89  4.19  2.73
 45   50     1.81  2.68  3.29  3.86  3.99  3.81  3.81  4.15  3.30  2.82  1.84  1.43     3.06  1.97  3.71  3.92  2.65
 45   60     1.79  2.65  3.18  3.59  3.65  3.47  3.48  3.83  3.10  2.71  1.78  1.40     2.88  1.95  3.47  3.59  2.53
 45   70     1.75  2.59  3.03  3.28  3.29  3.10  3.11  3.47  2.85  2.54  1.69  1.35     2.67  1.90  3.20  3.23  2.36
 45   80     1.69  2.50  2.85  2.92  2.89  2.72  2.73  3.07  2.56  2.32  1.57  1.27     2.42  1.82  2.89  2.84  2.15
 45   90     1.61  2.38  2.64  2.56  2.48  2.33  2.34  2.66  2.25  2.07  1.42  1.18     2.16  1.72  2.56  2.44  1.91
 60   10     1.59  2.41  3.20  4.20  4.65  4.59  4.54  4.65  3.46  2.69  1.67  1.27     3.24  1.76  4.02  4.59  2.60
 60   20     1.64  2.47  3.25  4.18  4.58  4.49  4.45  4.62  3.47  2.75  1.72  1.31     3.25  1.81  4.01  4.52  2.65
 60   30     1.67  2.51  3.25  4.10  4.45  4.33  4.30  4.51  3.43  2.75  1.74  1.33     3.20  1.84  3.93  4.38  2.64
 60   40     1.68  2.52  3.21  3.96  4.24  4.10  4.09  4.34  3.33  2.72  1.73  1.33     3.11  1.84  3.81  4.18  2.59
 60   50     1.67  2.51  3.14  3.75  3.98  3.83  3.81  4.10  3.17  2.63  1.68  1.31     2.97  1.83  3.62  3.91  2.50
 60   60     1.65  2.47  3.03  3.50  3.68  3.52  3.51  3.82  2.98  2.50  1.61  1.27     2.79  1.79  3.40  3.61  2.36
 60   70     1.60  2.40  2.88  3.20  3.33  3.17  3.17  3.48  2.74  2.34  1.52  1.21     2.59  1.74  3.14  3.27  2.20
 60   80     1.54  2.32  2.72  2.89  2.97  2.81  2.81  3.11  2.48  2.13  1.39  1.13     2.36  1.66  2.86  2.91  2.00
 60   90     1.46  2.21  2.53  2.54  2.60  2.45  2.46  2.74  2.18  1.91  1.25  1.04     2.12  1.57  2.56  2.55  1.78
 75   10     1.56  2.36  3.15  4.16  4.63  4.58  4.53  4.62  3.41  2.63  1.62  1.24     3.21  1.72  3.98  4.58  2.55
 75   20     1.57  2.38  3.15  4.11  4.55  4.48  4.43  4.56  3.38  2.63  1.63  1.25     3.18  1.73  3.94  4.49  2.55
 75   30     1.57  2.38  3.12  3.99  4.41  4.31  4.27  4.43  3.31  2.60  1.61  1.24     3.10  1.73  3.84  4.34  2.51
 75   40     1.56  2.36  3.06  3.83  4.20  4.09  4.06  4.25  3.18  2.52  1.57  1.22     2.99  1.71  3.70  4.14  2.43
 75   50     1.53  2.32  2.97  3.62  3.94  3.82  3.80  4.02  3.02  2.42  1.51  1.18     2.85  1.68  3.51  3.88  2.32
 75   60     1.49  2.27  2.85  3.37  3.65  3.52  3.50  3.73  2.82  2.28  1.43  1.13     2.67  1.63  3.29  3.59  2.17
 75   70     1.44  2.21  2.71  3.10  3.34  3.20  3.18  3.43  2.60  2.12  1.33  1.07     2.48  1.57  3.05  3.27  2.02
 75   80     1.38  2.13  2.56  2.79  2.99  2.86  2.85  3.09  2.34  1.93  1.22  0.99     2.26  1.50  2.78  2.93  1.83
 75   90     1.32  2.04  2.40  2.49  2.65  2.51  2.50  2.74  2.09  1.72  1.09  0.91     2.04  1.43  2.51  2.59  1.63
 90   10     1.52  2.30  3.10  4.11  4.61  4.57  4.51  4.58  3.36  2.56  1.57  1.20     3.17  1.67  3.94  4.55  2.50
 90   20     1.50  2.27  3.05  4.01  4.51  4.46  4.40  4.49  3.29  2.50  1.54  1.18     3.10  1.65  3.86  4.45  2.44
 90   30     1.47  2.23  2.97  3.86  4.34  4.28  4.23  4.33  3.17  2.42  1.49  1.15     3.00  1.62  3.73  4.28  2.36
 90   40     1.43  2.18  2.88  3.67  4.13  4.06  4.01  4.13  3.02  2.32  1.42  1.10     2.86  1.57  3.56  4.07  2.25
 90   50     1.39  2.13  2.77  3.45  3.87  3.79  3.75  3.89  2.84  2.18  1.34  1.05     2.71  1.53  3.37  3.81  2.12
 90   60     1.35  2.07  2.65  3.20  3.58  3.48  3.45  3.61  2.64  2.04  1.25  0.99     2.53  1.47  3.14  3.52  1.98
 90   70     1.30  2.01  2.52  2.93  3.27  3.17  3.14  3.30  2.41  1.87  1.15  0.94     2.34  1.42  2.91  3.21  1.81
 90   80     1.24  1.94  2.38  2.66  2.95  2.85  2.83  3.00  2.19  1.71  1.05  0.87     2.14  1.35  2.67  2.89  1.65
 90   90     1.20  1.88  2.25  2.37  2.62  2.52  2.50  2.68  1.95  1.52  0.94  0.80     1.94  1.29  2.41  2.57  1.47
105   10     1.48  2.25  3.04  4.06  4.59  4.56  4.50  4.54  3.31  2.49  1.52  1.17     3.13  1.63  3.90  4.53  2.44
105   20     1.42  2.17  2.94  3.92  4.46  4.43  4.37  4.40  3.18  2.38  1.45  1.11     3.02  1.57  3.77  4.40  2.34
105   30     1.36  2.09  2.82  3.72  4.27  4.24  4.18  4.21  3.02  2.24  1.36  1.05     2.88  1.50  3.60  4.21  2.21
105   40     1.31  2.02  2.70  3.49  4.03  4.00  3.94  3.97  2.84  2.10  1.27  1.00     2.72  1.44  3.41  3.97  2.07
105   50     1.26  1.94  2.57  3.25  3.75  3.72  3.66  3.71  2.64  1.95  1.18  0.94     2.55  1.38  3.19  3.69  1.92
105   60     1.21  1.88  2.44  2.99  3.46  3.41  3.36  3.43  2.43  1.79  1.09  0.88     2.37  1.32  2.96  3.40  1.77
105   70     1.17  1.83  2.31  2.73  3.15  3.10  3.05  3.13  2.22  1.64  0.99  0.82     2.18  1.27  2.73  3.09  1.62
105   80     1.13  1.77  2.20  2.46  2.84  2.79  2.74  2.83  2.00  1.49  0.91  0.77     1.99  1.22  2.50  2.78  1.46
105   90     1.10  1.73  2.08  2.21  2.54  2.48  2.44  2.54  1.79  1.34  0.81  0.70     1.81  1.18  2.28  2.48  1.31
120   10     1.44  2.20  2.99  4.02  4.57  4.55  4.49  4.50  3.26  2.43  1.48  1.13     3.09  1.59  3.86  4.51  2.39
120   20     1.35  2.07  2.84  3.82  4.41  4.41  4.34  4.32  3.08  2.25  1.36  1.05     2.94  1.49  3.69  4.36  2.23
120   30     1.27  1.95  2.67  3.57  4.18  4.19  4.12  4.08  2.88  2.06  1.24  0.97     2.77  1.40  3.48  4.13  2.06
120   40     1.20  1.85  2.51  3.30  3.90  3.92  3.85  3.79  2.65  1.88  1.13  0.90     2.57  1.32  3.24  3.85  1.89
120   50     1.15  1.77  2.36  3.02  3.60  3.61  3.54  3.49  2.42  1.71  1.03  0.84     2.38  1.25  2.99  3.55  1.72
120   60     1.11  1.71  2.23  2.75  3.28  3.29  3.23  3.19  2.21  1.56  0.95  0.79     2.19  1.20  2.75  3.23  1.57
120   70     1.08  1.66  2.12  2.49  2.97  2.97  2.91  2.89  1.99  1.42  0.86  0.74     2.01  1.16  2.53  2.92  1.42
120   80     1.05  1.63  2.01  2.25  2.67  2.66  2.61  2.61  1.80  1.28  0.79  0.69     1.84  1.13  2.31  2.63  1.29
120   90     1.03  1.61  1.93  2.02  2.38  2.37  2.31  2.34  1.62  1.16  0.71  0.64     1.68  1.09  2.11  2.34  1.16
135   10     1.41  2.15  2.95  3.98  4.55  4.54  4.48  4.46  3.21  2.37  1.44  1.10     3.06  1.56  3.83  4.50  2.34
135   20     1.29  1.99  2.75  3.73  4.36  4.39  4.31  4.25  2.99  2.14  1.28  0.99     2.87  1.42  3.62  4.32  2.14
135   30     1.19  1.83  2.53  3.44  4.10  4.15  4.07  3.95  2.73  1.90  1.13  0.89     2.66  1.30  3.36  4.06  1.92
135   40     1.11  1.70  2.33  3.11  3.78  3.85  3.76  3.61  2.46  1.68  1.01  0.82     2.44  1.21  3.07  3.74  1.72
135   50     1.07  1.62  2.16  2.78  3.42  3.50  3.41  3.25  2.20  1.49  0.91  0.77     2.21  1.15  2.79  3.39  1.54
135   60     1.04  1.57  2.02  2.49  3.07  3.14  3.05  2.91  1.97  1.35  0.84  0.73     2.02  1.11  2.53  3.03  1.39
135   70     1.02  1.54  1.92  2.23  2.74  2.80  2.73  2.60  1.78  1.22  0.77  0.69     1.84  1.08  2.30  2.71  1.25
135   80     1.01  1.53  1.84  2.00  2.45  2.49  2.43  2.33  1.60  1.11  0.71  0.65     1.68  1.06  2.10  2.42  1.14
135   90     1.00  1.52  1.78  1.81  2.19  2.21  2.16  2.10  1.44  1.01  0.65  0.62     1.54  1.04  1.93  2.15  1.03
150   10     1.39  2.12  2.91  3.95  4.53  4.54  4.47  4.44  3.18  2.33  1.41  1.08     3.03  1.53  3.80  4.48  2.31
150   20     1.24  1.92  2.67  3.67  4.33  4.38  4.29  4.18  2.92  2.05  1.22  0.95     2.82  1.37  3.56  4.28  2.06
150   30     1.12  1.72  2.42  3.33  4.04  4.13  4.03  3.85  2.62  1.75  1.04  0.83     2.57  1.22  3.26  4.00  1.80
150   40     1.05  1.57  2.17  2.94  3.67  3.81  3.69  3.44  2.29  1.49  0.91  0.77     2.32  1.13  2.93  3.65  1.56
150   50     1.03  1.49  1.97  2.56  3.25  3.41  3.29  3.00  1.99  1.30  0.83  0.74     2.07  1.09  2.59  3.24  1.37
150   60     1.02  1.47  1.84  2.22  2.83  2.98  2.87  2.61  1.74  1.17  0.78  0.71     1.85  1.07  2.30  2.82  1.23
150   70     1.01  1.47  1.76  1.96  2.48  2.60  2.51  2.29  1.56  1.08  0.73  0.68     1.68  1.05  2.07  2.46  1.12
150   80     1.00  1.47  1.71  1.77  2.19  2.29  2.21  2.04  1.42  0.99  0.68  0.65     1.53  1.04  1.89  2.18  1.03
150   90     0.99  1.49  1.68  1.61  1.96  2.03  1.96  1.84  1.29  0.92  0.63  0.61     1.42  1.03  1.75  1.94  0.94
165   10     1.37  2.10  2.89  3.93  4.52  4.54  4.46  4.42  3.16  2.30  1.39  1.07     3.01  1.51  3.78  4.47  2.28
165   20     1.21  1.87  2.63  3.63  4.31  4.38  4.28  4.15  2.88  1.99  1.18  0.92     2.78  1.33  3.52  4.27  2.01
165   30     1.07  1.64  2.34  3.27  4.01  4.13  4.01  3.79  2.54  1.65  0.97  0.79     2.52  1.17  3.20  3.98  1.72
165   40     1.03  1.46  2.04  2.84  3.63  3.80  3.67  3.35  2.17  1.34  0.86  0.76     2.25  1.09  2.84  3.61  1.45
165   50     1.02  1.43  1.80  2.38  3.18  3.41  3.26  2.86  1.79  1.14  0.82  0.74     1.99  1.06  2.45  3.17  1.25
165   60     1.02  1.44  1.70  1.96  2.69  2.96  2.80  2.32  1.53  1.07  0.78  0.71     1.75  1.06  2.11  2.69  1.13
165   70     1.01  1.45  1.66  1.71  2.20  2.46  2.30  1.96  1.39  1.01  0.73  0.68     1.55  1.05  1.86  2.24  1.04
165   80     1.00  1.47  1.64  1.56  1.93  2.10  1.99  1.76  1.29  0.94  0.68  0.65     1.42  1.04  1.71  1.95  0.97
165   90     0.99  1.48  1.62  1.45  1.74  1.87  1.78  1.61  1.19  0.88  0.63  0.61     1.32  1.03  1.61  1.75  0.90
180   10     1.37  2.09  2.88  3.93  4.51  4.54  4.46  4.41  3.15  2.29  1.38  1.06     3.01  1.51  3.77  4.47  2.28
180   20     1.20  1.85  2.61  3.63  4.29  4.38  4.27  4.13  2.86  1.97  1.16  0.91     2.77  1.32  3.51  4.26  2.00
180   30     1.05  1.61  2.31  3.25  3.99  4.13  4.00  3.76  2.52  1.61  0.94  0.78     2.50  1.15  3.18  3.96  1.69
180   40     1.03  1.42  1.99  2.82  3.60  3.80  3.66  3.32  2.13  1.25  0.86  0.76     2.22  1.07  2.80  3.59  1.41
180   50     1.02  1.43  1.66  2.35  3.15  3.41  3.25  2.82  1.71  1.12  0.82  0.74     1.96  1.06  2.39  3.16  1.22
180   60     1.02  1.44  1.65  1.85  2.65  2.96  2.78  2.27  1.40  1.06  0.78  0.71     1.71  1.06  2.05  2.67  1.08
180   70     1.01  1.45  1.64  1.58  2.12  2.47  2.28  1.78  1.32  1.01  0.73  0.68     1.50  1.05  1.78  2.18  1.02
180   80     1.00  1.47  1.63  1.48  1.80  2.03  1.89  1.61  1.24  0.94  0.68  0.65     1.37  1.04  1.64  1.84  0.95
180   90     0.99  1.48  1.61  1.39  1.64  1.81  1.70  1.49  1.15  0.88  0.63  0.61     1.28  1.03  1.55  1.67  0.89
             58.5  55.2  38.9  20.5   8.3   2.8   5.4  15.0  27.0  41.4  49.0  53.1     24.7  55.5  20.3   7.9  37.4
             2.01  2.94  3.54  4.34  4.68  4.62  4.57  4.71  3.66  3.15  2.09  1.60     3.49  2.19  4.13  4.62  2.94
             1.84  2.74  3.48  4.33  4.56  4.42  4.40  4.66  3.66  3.05  1.96  1.49     3.38  2.02  4.13  4.49  2.89
             1.09  1.07  1.02  1.00  1.03  1.05  1.04  1.01  1.00  1.03  1.07  1.07     1.04  1.08  1.02  1.03  1.03
             1.20  1.17  1.12  1.04  0.98  0.96  0.96  1.01  1.08  1.18  1.23  1.22     1.10  1.20  1.04  0.98  1.16
temperature  -0.6  -0.3   2.4   9.1  14.8  19.1  22.7  24.0  19.6  12.9   6.7   1.9     11.0   0.3   8.8  21.9  13.1
diffusedrad  1.14  1.61  1.97  2.22  2.48  2.64  2.56  2.30  1.93  1.48  1.05  0.89     1.86  1.21  2.22  2.50  1.49
snow10cm     0.83  0.93  0.59  0.04  0.00  0.00  0.00  0.00  0.00  0.00  0.01  0.28     0.22  0.68  0.21  0.00  0.00
