2 36426   只見            37 20.6  139 18.8  377
             1.40  2.20  3.06  4.29  4.60  4.37  4.18  4.29  3.06  2.37  1.57  1.18     3.05  1.59  3.98  4.28  2.34
             1.59  2.61  3.46  5.08  5.23  4.93  5.27  5.27  3.87  2.70  1.81  1.59     3.20  1.72  4.28  4.78  2.66
             1.23  1.81  2.59  3.61  4.03  3.72  3.23  3.44  2.34  1.97  1.17  0.98     2.92  1.45  3.71  3.74  1.99
  0   10     1.50  2.33  3.22  4.42  4.62  4.35  4.17  4.36  3.19  2.55  1.72  1.27     3.14  1.70  4.09  4.29  2.49
  0   20     1.58  2.46  3.35  4.49  4.56  4.26  4.09  4.36  3.25  2.68  1.85  1.36     3.19  1.80  4.13  4.24  2.60
  0   30     1.64  2.56  3.44  4.49  4.41  4.09  3.94  4.26  3.25  2.76  1.95  1.42     3.18  1.87  4.11  4.10  2.65
  0   40     1.68  2.63  3.48  4.42  4.18  3.85  3.73  4.08  3.19  2.78  2.00  1.47     3.12  1.93  4.02  3.88  2.66
  0   50     1.71  2.66  3.47  4.27  3.87  3.54  3.44  3.82  3.06  2.74  2.02  1.49     3.01  1.95  3.87  3.60  2.61
  0   60     1.71  2.66  3.42  4.07  3.50  3.18  3.10  3.49  2.88  2.65  1.99  1.49     2.84  1.95  3.66  3.26  2.50
  0   70     1.69  2.62  3.33  3.80  3.06  2.77  2.72  3.10  2.64  2.50  1.92  1.46     2.63  1.92  3.40  2.86  2.35
  0   80     1.65  2.55  3.19  3.49  2.59  2.35  2.31  2.66  2.36  2.31  1.82  1.41     2.39  1.87  3.09  2.44  2.16
  0   90     1.59  2.44  3.02  3.13  2.11  1.91  1.89  2.18  2.04  2.07  1.68  1.34     2.12  1.79  2.75  2.00  1.93
 15   10     1.49  2.33  3.22  4.41  4.62  4.35  4.17  4.36  3.18  2.54  1.72  1.26     3.14  1.70  4.08  4.29  2.48
 15   20     1.57  2.45  3.34  4.48  4.56  4.26  4.09  4.36  3.24  2.67  1.84  1.35     3.18  1.79  4.13  4.24  2.58
 15   30     1.63  2.54  3.42  4.48  4.42  4.09  3.94  4.26  3.24  2.74  1.93  1.41     3.17  1.86  4.10  4.10  2.63
 15   40     1.67  2.61  3.46  4.40  4.19  3.85  3.72  4.08  3.17  2.75  1.98  1.45     3.11  1.91  4.01  3.89  2.63
 15   50     1.69  2.64  3.45  4.26  3.88  3.55  3.45  3.83  3.04  2.71  1.99  1.47     3.00  1.93  3.87  3.61  2.58
 15   60     1.69  2.63  3.40  4.07  3.52  3.20  3.12  3.50  2.86  2.61  1.96  1.47     2.83  1.93  3.66  3.27  2.48
 15   70     1.67  2.59  3.30  3.81  3.09  2.80  2.75  3.11  2.63  2.46  1.89  1.44     2.63  1.90  3.40  2.89  2.33
 15   80     1.63  2.52  3.16  3.50  2.64  2.38  2.34  2.69  2.35  2.27  1.78  1.39     2.39  1.85  3.10  2.47  2.13
 15   90     1.57  2.41  2.99  3.16  2.17  1.97  1.94  2.23  2.03  2.03  1.64  1.32     2.12  1.77  2.77  2.05  1.90
 30   10     1.48  2.31  3.20  4.39  4.62  4.35  4.17  4.36  3.17  2.52  1.70  1.25     3.13  1.68  4.07  4.29  2.46
 30   20     1.55  2.42  3.30  4.45  4.56  4.26  4.09  4.35  3.21  2.63  1.80  1.33     3.16  1.76  4.11  4.23  2.55
 30   30     1.60  2.50  3.37  4.44  4.42  4.10  3.94  4.25  3.20  2.68  1.87  1.38     3.15  1.83  4.08  4.10  2.59
 30   40     1.63  2.55  3.39  4.37  4.21  3.87  3.74  4.08  3.13  2.68  1.91  1.41     3.08  1.86  3.99  3.90  2.57
 30   50     1.64  2.56  3.38  4.23  3.92  3.58  3.46  3.83  3.00  2.63  1.91  1.43     2.96  1.88  3.84  3.63  2.51
 30   60     1.64  2.55  3.32  4.03  3.57  3.25  3.15  3.53  2.81  2.52  1.86  1.41     2.80  1.87  3.64  3.31  2.40
 30   70     1.61  2.50  3.22  3.79  3.18  2.87  2.80  3.17  2.58  2.37  1.78  1.38     2.60  1.83  3.40  2.94  2.24
 30   80     1.57  2.42  3.09  3.51  2.76  2.48  2.43  2.77  2.31  2.17  1.67  1.33     2.38  1.77  3.12  2.56  2.05
 30   90     1.51  2.32  2.92  3.21  2.33  2.10  2.06  2.35  2.01  1.93  1.53  1.26     2.13  1.70  2.82  2.17  1.83
 45   10     1.47  2.28  3.17  4.37  4.61  4.35  4.16  4.34  3.14  2.49  1.67  1.24     3.11  1.66  4.05  4.28  2.43
 45   20     1.52  2.37  3.25  4.40  4.55  4.26  4.08  4.32  3.17  2.57  1.75  1.29     3.13  1.73  4.07  4.22  2.49
 45   30     1.55  2.42  3.29  4.38  4.41  4.10  3.94  4.23  3.14  2.60  1.79  1.33     3.10  1.77  4.03  4.09  2.51
 45   40     1.57  2.45  3.30  4.29  4.21  3.88  3.74  4.05  3.05  2.57  1.81  1.35     3.02  1.79  3.93  3.89  2.48
 45   50     1.57  2.45  3.27  4.16  3.94  3.61  3.49  3.83  2.92  2.50  1.78  1.35     2.91  1.79  3.79  3.64  2.40
 45   60     1.55  2.42  3.20  3.97  3.61  3.29  3.19  3.53  2.73  2.39  1.73  1.33     2.75  1.77  3.60  3.34  2.28
 45   70     1.52  2.37  3.11  3.76  3.26  2.95  2.86  3.20  2.51  2.23  1.65  1.29     2.56  1.73  3.38  3.00  2.13
 45   80     1.47  2.29  2.98  3.49  2.87  2.59  2.52  2.83  2.25  2.03  1.53  1.23     2.34  1.67  3.12  2.65  1.94
 45   90     1.41  2.19  2.84  3.23  2.48  2.23  2.17  2.45  1.98  1.81  1.39  1.16     2.11  1.59  2.85  2.28  1.73
 60   10     1.44  2.25  3.13  4.33  4.59  4.34  4.15  4.32  3.11  2.45  1.63  1.21     3.08  1.64  4.02  4.27  2.40
 60   20     1.47  2.30  3.18  4.34  4.53  4.25  4.07  4.28  3.11  2.49  1.68  1.25     3.08  1.67  4.01  4.20  2.42
 60   30     1.49  2.33  3.19  4.29  4.39  4.09  3.93  4.18  3.06  2.48  1.69  1.26     3.03  1.69  3.96  4.07  2.41
 60   40     1.49  2.33  3.18  4.20  4.19  3.88  3.73  4.01  2.96  2.44  1.68  1.26     2.95  1.69  3.86  3.87  2.36
 60   50     1.47  2.31  3.13  4.06  3.94  3.62  3.48  3.78  2.81  2.35  1.64  1.25     2.82  1.68  3.71  3.63  2.27
 60   60     1.45  2.28  3.07  3.89  3.64  3.33  3.21  3.51  2.63  2.22  1.57  1.22     2.67  1.65  3.53  3.35  2.14
 60   70     1.41  2.21  2.97  3.67  3.30  3.00  2.90  3.20  2.41  2.07  1.48  1.18     2.48  1.60  3.31  3.03  1.99
 60   80     1.36  2.14  2.86  3.46  2.95  2.66  2.57  2.86  2.18  1.88  1.37  1.12     2.28  1.54  3.09  2.69  1.81
 60   90     1.30  2.05  2.73  3.22  2.59  2.32  2.25  2.51  1.92  1.68  1.24  1.05     2.07  1.47  2.85  2.36  1.61
 75   10     1.42  2.21  3.09  4.29  4.58  4.34  4.14  4.29  3.08  2.40  1.59  1.19     3.05  1.61  3.99  4.26  2.36
 75   20     1.42  2.22  3.09  4.26  4.50  4.24  4.05  4.23  3.04  2.39  1.60  1.20     3.02  1.61  3.95  4.17  2.35
 75   30     1.42  2.22  3.08  4.18  4.35  4.08  3.90  4.10  2.96  2.35  1.58  1.19     2.95  1.61  3.87  4.03  2.30
 75   40     1.40  2.20  3.04  4.07  4.15  3.87  3.71  3.93  2.84  2.28  1.54  1.17     2.85  1.59  3.75  3.84  2.22
 75   50     1.37  2.16  2.98  3.93  3.90  3.61  3.46  3.71  2.69  2.17  1.49  1.14     2.72  1.56  3.60  3.60  2.12
 75   60     1.34  2.12  2.90  3.75  3.62  3.33  3.19  3.44  2.50  2.04  1.40  1.11     2.56  1.52  3.42  3.32  1.98
 75   70     1.30  2.06  2.82  3.57  3.31  3.02  2.90  3.15  2.30  1.89  1.31  1.06     2.39  1.47  3.23  3.02  1.83
 75   80     1.25  1.99  2.72  3.36  2.97  2.70  2.59  2.84  2.07  1.71  1.20  1.00     2.20  1.41  3.02  2.71  1.66
 75   90     1.20  1.92  2.62  3.16  2.63  2.37  2.28  2.51  1.84  1.53  1.08  0.94     2.01  1.35  2.80  2.39  1.48
 90   10     1.39  2.17  3.04  4.25  4.56  4.33  4.13  4.26  3.04  2.35  1.54  1.16     3.02  1.57  3.95  4.24  2.31
 90   20     1.37  2.14  3.00  4.17  4.46  4.22  4.03  4.17  2.96  2.29  1.51  1.14     2.96  1.55  3.88  4.14  2.26
 90   30     1.34  2.10  2.95  4.06  4.29  4.05  3.87  4.02  2.86  2.21  1.46  1.11     2.86  1.52  3.77  3.98  2.18
 90   40     1.31  2.06  2.88  3.92  4.08  3.84  3.66  3.82  2.71  2.11  1.40  1.08     2.74  1.48  3.63  3.77  2.08
 90   50     1.27  2.01  2.81  3.77  3.83  3.58  3.42  3.59  2.55  1.98  1.33  1.04     2.60  1.44  3.47  3.53  1.95
 90   60     1.23  1.95  2.73  3.60  3.54  3.29  3.15  3.33  2.36  1.85  1.24  1.00     2.44  1.39  3.29  3.26  1.82
 90   70     1.20  1.90  2.65  3.41  3.24  3.00  2.86  3.04  2.15  1.69  1.15  0.95     2.27  1.35  3.10  2.96  1.66
 90   80     1.15  1.84  2.56  3.23  2.93  2.69  2.57  2.75  1.95  1.54  1.05  0.90     2.10  1.30  2.91  2.67  1.51
 90   90     1.12  1.79  2.49  3.04  2.61  2.38  2.28  2.45  1.73  1.37  0.94  0.85     1.92  1.25  2.71  2.37  1.35
105   10     1.37  2.13  3.00  4.20  4.54  4.32  4.12  4.23  2.99  2.29  1.50  1.13     2.98  1.54  3.91  4.22  2.26
105   20     1.32  2.06  2.91  4.08  4.41  4.20  4.00  4.10  2.88  2.19  1.43  1.09     2.89  1.49  3.80  4.10  2.17
105   30     1.27  1.99  2.82  3.92  4.22  4.02  3.83  3.91  2.74  2.07  1.35  1.04     2.76  1.43  3.65  3.92  2.05
105   40     1.23  1.92  2.72  3.75  3.98  3.79  3.60  3.69  2.57  1.94  1.26  0.99     2.62  1.38  3.49  3.69  1.92
105   50     1.19  1.86  2.63  3.57  3.72  3.52  3.35  3.44  2.39  1.80  1.17  0.95     2.46  1.33  3.31  3.44  1.79
105   60     1.14  1.80  2.55  3.40  3.43  3.23  3.07  3.17  2.19  1.65  1.09  0.90     2.30  1.28  3.12  3.16  1.65
105   70     1.11  1.75  2.47  3.22  3.12  2.93  2.79  2.90  2.00  1.51  1.00  0.86     2.14  1.24  2.94  2.87  1.50
105   80     1.08  1.71  2.41  3.05  2.82  2.63  2.50  2.61  1.80  1.37  0.91  0.82     1.98  1.20  2.76  2.58  1.36
105   90     1.05  1.67  2.34  2.90  2.53  2.34  2.22  2.33  1.61  1.22  0.82  0.77     1.82  1.17  2.59  2.30  1.22
120   10     1.34  2.09  2.95  4.16  4.52  4.31  4.11  4.19  2.96  2.25  1.46  1.10     2.95  1.51  3.88  4.20  2.22
120   20     1.27  1.98  2.83  3.99  4.36  4.18  3.98  4.03  2.81  2.10  1.35  1.03     2.82  1.43  3.72  4.06  2.08
120   30     1.21  1.88  2.69  3.78  4.14  3.98  3.78  3.80  2.63  1.93  1.23  0.97     2.67  1.35  3.54  3.85  1.93
120   40     1.15  1.79  2.56  3.57  3.87  3.72  3.53  3.54  2.43  1.77  1.13  0.91     2.50  1.28  3.33  3.60  1.77
120   50     1.11  1.72  2.45  3.36  3.57  3.43  3.25  3.25  2.22  1.61  1.04  0.87     2.32  1.23  3.13  3.31  1.62
120   60     1.08  1.67  2.37  3.16  3.26  3.13  2.96  2.97  2.02  1.47  0.95  0.83     2.16  1.19  2.93  3.02  1.48
120   70     1.05  1.63  2.30  2.99  2.96  2.82  2.68  2.69  1.83  1.34  0.88  0.79     2.00  1.16  2.75  2.73  1.35
120   80     1.03  1.60  2.25  2.85  2.66  2.52  2.39  2.42  1.65  1.20  0.80  0.76     1.85  1.13  2.58  2.45  1.22
120   90     1.02  1.58  2.21  2.71  2.38  2.24  2.12  2.17  1.47  1.09  0.73  0.73     1.70  1.11  2.43  2.18  1.10
135   10     1.32  2.05  2.91  4.12  4.50  4.30  4.10  4.16  2.92  2.20  1.42  1.08     2.92  1.48  3.84  4.19  2.18
135   20     1.23  1.91  2.75  3.90  4.32  4.16  3.95  3.96  2.74  2.01  1.27  0.99     2.77  1.38  3.65  4.03  2.01
135   30     1.15  1.78  2.57  3.65  4.06  3.94  3.73  3.70  2.52  1.80  1.13  0.91     2.58  1.28  3.43  3.79  1.82
135   40     1.10  1.67  2.41  3.39  3.74  3.66  3.46  3.38  2.28  1.61  1.02  0.85     2.38  1.21  3.18  3.50  1.64
135   50     1.06  1.60  2.29  3.13  3.39  3.34  3.15  3.06  2.05  1.44  0.93  0.81     2.19  1.16  2.94  3.18  1.48
135   60     1.04  1.56  2.20  2.92  3.05  3.00  2.83  2.74  1.85  1.30  0.86  0.78     2.01  1.13  2.72  2.86  1.34
135   70     1.03  1.53  2.14  2.75  2.74  2.68  2.53  2.45  1.66  1.19  0.79  0.76     1.85  1.11  2.54  2.55  1.21
135   80     1.01  1.52  2.11  2.61  2.45  2.38  2.25  2.19  1.50  1.07  0.73  0.73     1.71  1.09  2.39  2.27  1.10
135   90     1.00  1.52  2.10  2.51  2.19  2.11  2.00  1.97  1.34  0.98  0.68  0.71     1.59  1.08  2.27  2.02  1.00
150   10     1.31  2.02  2.88  4.09  4.48  4.30  4.09  4.14  2.90  2.17  1.39  1.06     2.90  1.47  3.82  4.18  2.15
150   20     1.20  1.86  2.69  3.84  4.29  4.15  3.94  3.91  2.68  1.94  1.22  0.95     2.72  1.34  3.61  4.00  1.95
150   30     1.11  1.70  2.48  3.55  4.00  3.92  3.71  3.61  2.43  1.69  1.05  0.86     2.51  1.22  3.34  3.75  1.72
150   40     1.06  1.57  2.27  3.23  3.65  3.62  3.41  3.25  2.15  1.47  0.93  0.81     2.29  1.15  3.05  3.43  1.51
150   50     1.04  1.51  2.13  2.92  3.24  3.26  3.06  2.86  1.89  1.29  0.85  0.79     2.07  1.11  2.76  3.06  1.35
150   60     1.03  1.49  2.04  2.66  2.83  2.87  2.69  2.49  1.67  1.17  0.80  0.77     1.88  1.10  2.51  2.68  1.22
150   70     1.03  1.48  2.01  2.49  2.48  2.50  2.36  2.19  1.50  1.08  0.76  0.75     1.72  1.09  2.33  2.35  1.11
150   80     1.02  1.49  2.00  2.39  2.20  2.21  2.08  1.95  1.36  0.99  0.71  0.73     1.59  1.08  2.20  2.08  1.02
150   90     1.01  1.50  2.02  2.33  1.97  1.96  1.85  1.76  1.23  0.91  0.66  0.71     1.49  1.07  2.11  1.85  0.93
165   10     1.30  2.01  2.87  4.07  4.47  4.30  4.09  4.13  2.88  2.15  1.38  1.05     2.89  1.45  3.80  4.17  2.13
165   20     1.18  1.83  2.65  3.81  4.26  4.15  3.92  3.88  2.65  1.89  1.18  0.93     2.69  1.31  3.57  3.98  1.91
165   30     1.08  1.64  2.41  3.49  3.97  3.92  3.69  3.56  2.37  1.62  0.98  0.83     2.46  1.18  3.29  3.72  1.66
165   40     1.05  1.49  2.17  3.13  3.60  3.62  3.39  3.18  2.06  1.35  0.88  0.81     2.23  1.12  2.97  3.40  1.43
165   50     1.04  1.46  1.98  2.75  3.17  3.25  3.04  2.74  1.75  1.17  0.84  0.79     2.00  1.10  2.64  3.01  1.25
165   60     1.04  1.47  1.93  2.41  2.69  2.84  2.63  2.26  1.51  1.10  0.80  0.77     1.79  1.09  2.34  2.58  1.14
165   70     1.03  1.48  1.93  2.26  2.22  2.39  2.20  1.92  1.38  1.03  0.76  0.75     1.61  1.09  2.14  2.17  1.05
165   80     1.02  1.48  1.95  2.20  1.95  2.04  1.91  1.72  1.27  0.96  0.71  0.73     1.50  1.08  2.04  1.89  0.98
165   90     1.01  1.49  1.98  2.18  1.76  1.82  1.71  1.57  1.17  0.89  0.66  0.71     1.41  1.07  1.97  1.70  0.90
180   10     1.29  2.00  2.86  4.07  4.46  4.30  4.08  4.12  2.88  2.14  1.37  1.05     2.88  1.45  3.80  4.17  2.13
180   20     1.17  1.81  2.63  3.80  4.25  4.15  3.92  3.87  2.64  1.87  1.16  0.92     2.68  1.30  3.56  3.98  1.89
180   30     1.06  1.62  2.39  3.48  3.95  3.92  3.69  3.54  2.36  1.58  0.96  0.82     2.45  1.17  3.27  3.72  1.63
180   40     1.05  1.46  2.13  3.12  3.58  3.62  3.38  3.15  2.04  1.28  0.88  0.81     2.21  1.10  2.94  3.38  1.40
180   50     1.04  1.46  1.88  2.73  3.14  3.26  3.03  2.71  1.69  1.15  0.84  0.79     1.98  1.10  2.58  3.00  1.23
180   60     1.04  1.47  1.89  2.31  2.66  2.84  2.62  2.22  1.42  1.09  0.80  0.77     1.76  1.09  2.29  2.56  1.10
180   70     1.03  1.48  1.92  2.13  2.14  2.39  2.19  1.77  1.33  1.03  0.76  0.75     1.58  1.09  2.06  2.12  1.04
180   80     1.02  1.48  1.95  2.12  1.83  1.98  1.83  1.60  1.24  0.96  0.71  0.73     1.45  1.08  1.96  1.81  0.97
180   90     1.01  1.49  1.97  2.13  1.66  1.77  1.64  1.48  1.14  0.89  0.66  0.71     1.38  1.07  1.92  1.63  0.90
             56.1  54.2  44.0  24.8   8.2   3.0   5.4  14.3  25.0  38.6  48.5  54.3     23.8  54.7  21.8   7.7  35.7
             1.71  2.66  3.48  4.50  4.62  4.37  4.18  4.37  3.26  2.78  2.02  1.49     3.29  1.95  4.13  4.30  2.66
             1.60  2.50  3.39  4.50  4.52  4.20  4.05  4.33  3.26  2.72  1.89  1.38     3.19  1.83  4.13  4.19  2.62
             1.07  1.06  1.03  1.00  1.02  1.04  1.03  1.01  1.00  1.02  1.07  1.08     1.04  1.07  1.02  1.03  1.03
             1.14  1.14  1.11  1.05  0.98  0.96  0.97  1.01  1.07  1.15  1.20  1.17     1.08  1.15  1.05  0.98  1.14
temperature  -1.6  -1.3   1.2   6.7  13.4  18.1  21.9  23.1  18.7  12.2   6.0   1.1     10.0  -0.6   7.1  21.0  12.3
diffusedrad  1.13  1.62  2.06  2.45  2.48  2.66  2.56  2.33  1.91  1.49  1.06  0.90     1.89  1.22  2.33  2.52  1.49
snow10cm     0.97  1.00  1.00  0.62  0.03  0.00  0.00  0.00  0.00  0.00  0.07  0.58     0.36  0.85  0.55  0.00  0.03
