2 36476   郡山            37 22.1  140 19.8  249
             2.03  2.80  3.59  4.47  4.94  4.45  4.32  4.40  3.28  2.77  2.11  1.79     3.41  2.21  4.33  4.39  2.72
             2.24  3.16  4.29  5.33  5.63  5.25  5.93  5.56  3.88  3.36  2.46  2.00     3.66  2.37  4.68  4.98  3.01
             1.79  2.35  3.03  3.79  4.16  3.64  3.12  3.47  2.28  2.12  1.80  1.52     3.14  2.05  3.89  3.61  2.46
  0   10     2.40  3.13  3.87  4.62  4.96  4.43  4.31  4.47  3.43  3.04  2.43  2.11     3.60  2.55  4.48  4.40  2.97
  0   20     2.71  3.42  4.07  4.68  4.89  4.34  4.23  4.47  3.51  3.25  2.71  2.41     3.73  2.85  4.55  4.34  3.16
  0   30     2.97  3.65  4.18  4.64  4.73  4.16  4.07  4.37  3.52  3.38  2.93  2.65     3.77  3.09  4.52  4.20  3.28
  0   40     3.17  3.80  4.20  4.50  4.47  3.90  3.84  4.19  3.46  3.45  3.08  2.83     3.74  3.26  4.39  3.98  3.33
  0   50     3.29  3.86  4.13  4.26  4.13  3.59  3.54  3.92  3.33  3.43  3.16  2.94     3.63  3.36  4.17  3.68  3.31
  0   60     3.34  3.85  3.97  3.94  3.71  3.21  3.18  3.58  3.13  3.34  3.16  2.98     3.45  3.39  3.87  3.33  3.21
  0   70     3.32  3.75  3.72  3.54  3.23  2.79  2.78  3.17  2.87  3.17  3.08  2.94     3.20  3.34  3.50  2.91  3.04
  0   80     3.22  3.58  3.40  3.06  2.71  2.35  2.35  2.71  2.56  2.93  2.93  2.84     2.89  3.21  3.06  2.47  2.81
  0   90     3.04  3.33  3.01  2.54  2.16  1.91  1.91  2.22  2.20  2.63  2.71  2.67     2.53  3.01  2.57  2.01  2.52
 15   10     2.38  3.12  3.86  4.61  4.96  4.43  4.31  4.47  3.42  3.03  2.42  2.10     3.59  2.53  4.48  4.40  2.96
 15   20     2.69  3.40  4.05  4.67  4.89  4.33  4.23  4.46  3.50  3.23  2.68  2.38     3.71  2.83  4.54  4.34  3.14
 15   30     2.94  3.62  4.16  4.63  4.73  4.16  4.07  4.37  3.51  3.36  2.88  2.61     3.75  3.06  4.51  4.20  3.25
 15   40     3.13  3.75  4.17  4.49  4.48  3.91  3.84  4.18  3.44  3.41  3.02  2.78     3.72  3.22  4.38  3.98  3.29
 15   50     3.25  3.81  4.10  4.26  4.14  3.60  3.55  3.92  3.31  3.39  3.09  2.88     3.61  3.31  4.17  3.69  3.26
 15   60     3.29  3.79  3.94  3.94  3.74  3.23  3.20  3.59  3.11  3.29  3.08  2.91     3.43  3.33  3.87  3.34  3.16
 15   70     3.26  3.69  3.69  3.55  3.26  2.83  2.81  3.19  2.86  3.12  2.99  2.88     3.18  3.28  3.50  2.94  2.99
 15   80     3.16  3.51  3.37  3.08  2.77  2.39  2.39  2.75  2.55  2.87  2.84  2.77     2.87  3.15  3.07  2.51  2.75
 15   90     2.98  3.26  2.98  2.59  2.24  1.97  1.97  2.27  2.20  2.57  2.62  2.60     2.52  2.95  2.61  2.07  2.46
 30   10     2.35  3.08  3.83  4.59  4.96  4.43  4.30  4.45  3.40  3.00  2.38  2.06     3.57  2.50  4.46  4.40  2.93
 30   20     2.62  3.33  4.00  4.64  4.90  4.34  4.23  4.44  3.47  3.17  2.60  2.31     3.67  2.75  4.51  4.34  3.08
 30   30     2.84  3.51  4.09  4.59  4.74  4.17  4.07  4.34  3.46  3.27  2.77  2.51     3.70  2.95  4.47  4.20  3.17
 30   40     3.00  3.62  4.09  4.46  4.51  3.93  3.86  4.17  3.40  3.31  2.87  2.65     3.65  3.09  4.35  3.99  3.19
 30   50     3.09  3.65  4.00  4.23  4.19  3.63  3.57  3.91  3.26  3.27  2.91  2.72     3.54  3.15  4.14  3.71  3.15
 30   60     3.11  3.61  3.83  3.92  3.81  3.29  3.25  3.59  3.06  3.16  2.88  2.73     3.35  3.15  3.85  3.38  3.03
 30   70     3.07  3.50  3.60  3.55  3.37  2.90  2.88  3.22  2.81  2.98  2.78  2.68     3.11  3.08  3.51  3.00  2.86
 30   80     2.95  3.31  3.29  3.12  2.91  2.51  2.49  2.81  2.52  2.73  2.62  2.56     2.82  2.94  3.11  2.60  2.63
 30   90     2.78  3.07  2.92  2.67  2.44  2.11  2.10  2.37  2.19  2.45  2.40  2.39     2.49  2.74  2.67  2.19  2.35
 45   10     2.29  3.02  3.78  4.57  4.95  4.43  4.30  4.43  3.38  2.95  2.31  2.01     3.54  2.44  4.43  4.39  2.88
 45   20     2.51  3.21  3.92  4.58  4.89  4.34  4.22  4.40  3.42  3.08  2.49  2.20     3.61  2.64  4.46  4.32  3.00
 45   30     2.67  3.34  3.97  4.53  4.74  4.17  4.08  4.30  3.40  3.15  2.61  2.34     3.61  2.79  4.41  4.18  3.05
 45   40     2.79  3.42  3.94  4.38  4.52  3.95  3.86  4.12  3.31  3.15  2.67  2.44     3.55  2.88  4.28  3.98  3.05
 45   50     2.85  3.42  3.85  4.16  4.23  3.67  3.60  3.88  3.17  3.09  2.67  2.48     3.42  2.92  4.08  3.72  2.98
 45   60     2.84  3.36  3.68  3.87  3.87  3.34  3.29  3.57  2.98  2.97  2.62  2.46     3.24  2.89  3.81  3.40  2.86
 45   70     2.78  3.23  3.44  3.52  3.48  3.00  2.95  3.23  2.74  2.79  2.51  2.39     3.00  2.80  3.48  3.06  2.68
 45   80     2.65  3.06  3.16  3.13  3.05  2.63  2.59  2.85  2.46  2.55  2.34  2.26     2.73  2.66  3.11  2.69  2.45
 45   90     2.48  2.82  2.82  2.72  2.62  2.25  2.23  2.46  2.16  2.29  2.13  2.09     2.42  2.46  2.72  2.31  2.19
 60   10     2.21  2.94  3.72  4.52  4.93  4.42  4.29  4.41  3.34  2.89  2.24  1.93     3.49  2.36  4.39  4.37  2.83
 60   20     2.36  3.06  3.80  4.51  4.87  4.33  4.21  4.35  3.35  2.97  2.35  2.06     3.52  2.49  4.39  4.30  2.89
 60   30     2.47  3.14  3.81  4.43  4.72  4.17  4.06  4.24  3.31  2.99  2.41  2.15     3.49  2.59  4.32  4.16  2.90
 60   40     2.53  3.16  3.76  4.27  4.51  3.96  3.86  4.06  3.21  2.96  2.43  2.19     3.41  2.63  4.18  3.96  2.87
 60   50     2.55  3.13  3.64  4.05  4.24  3.69  3.61  3.81  3.06  2.88  2.40  2.18     3.27  2.62  3.97  3.70  2.78
 60   60     2.52  3.06  3.48  3.78  3.91  3.39  3.32  3.53  2.87  2.74  2.32  2.14     3.09  2.57  3.72  3.41  2.64
 60   70     2.44  2.92  3.24  3.44  3.54  3.06  3.00  3.20  2.63  2.57  2.20  2.06     2.86  2.47  3.41  3.08  2.47
 60   80     2.32  2.76  2.99  3.10  3.16  2.71  2.66  2.86  2.38  2.34  2.04  1.93     2.60  2.34  3.08  2.74  2.25
 60   90     2.17  2.55  2.68  2.71  2.76  2.37  2.33  2.50  2.10  2.10  1.84  1.76     2.32  2.16  2.72  2.40  2.01
 75   10     2.12  2.85  3.65  4.47  4.92  4.42  4.28  4.37  3.30  2.82  2.16  1.85     3.43  2.27  4.35  4.36  2.76
 75   20     2.19  2.90  3.66  4.42  4.83  4.32  4.19  4.29  3.27  2.83  2.19  1.90     3.42  2.33  4.30  4.27  2.77
 75   30     2.23  2.90  3.62  4.29  4.68  4.16  4.04  4.15  3.19  2.81  2.20  1.92     3.35  2.35  4.20  4.12  2.73
 75   40     2.25  2.88  3.53  4.13  4.47  3.95  3.84  3.96  3.07  2.73  2.16  1.91     3.24  2.35  4.04  3.92  2.66
 75   50     2.22  2.81  3.40  3.90  4.20  3.69  3.59  3.72  2.92  2.63  2.10  1.88     3.09  2.30  3.83  3.67  2.55
 75   60     2.17  2.72  3.22  3.62  3.89  3.40  3.31  3.44  2.72  2.48  2.00  1.80     2.90  2.23  3.58  3.38  2.40
 75   70     2.09  2.59  3.01  3.33  3.56  3.09  3.01  3.14  2.50  2.31  1.88  1.72     2.68  2.13  3.30  3.08  2.23
 75   80     1.97  2.44  2.76  2.99  3.19  2.75  2.69  2.81  2.26  2.11  1.73  1.60     2.44  2.00  2.98  2.75  2.03
 75   90     1.85  2.27  2.50  2.65  2.82  2.43  2.37  2.48  2.01  1.89  1.55  1.45     2.19  1.86  2.66  2.42  1.82
 90   10     2.03  2.75  3.57  4.42  4.89  4.41  4.27  4.34  3.25  2.74  2.07  1.76     3.38  2.18  4.29  4.34  2.69
 90   20     2.01  2.71  3.50  4.31  4.79  4.30  4.17  4.22  3.18  2.69  2.03  1.73     3.30  2.15  4.20  4.23  2.63
 90   30     1.99  2.65  3.41  4.15  4.62  4.13  4.00  4.05  3.07  2.60  1.96  1.69     3.19  2.11  4.06  4.06  2.54
 90   40     1.94  2.57  3.28  3.94  4.39  3.91  3.79  3.84  2.92  2.49  1.89  1.63     3.05  2.04  3.87  3.85  2.43
 90   50     1.89  2.48  3.11  3.71  4.12  3.65  3.54  3.59  2.75  2.36  1.79  1.56     2.88  1.98  3.65  3.60  2.30
 90   60     1.82  2.36  2.93  3.44  3.81  3.36  3.26  3.31  2.55  2.21  1.68  1.48     2.69  1.89  3.39  3.31  2.15
 90   70     1.74  2.25  2.73  3.13  3.49  3.06  2.97  3.01  2.33  2.03  1.55  1.39     2.48  1.79  3.12  3.02  1.97
 90   80     1.64  2.11  2.51  2.84  3.15  2.75  2.67  2.71  2.12  1.86  1.43  1.28     2.25  1.68  2.83  2.71  1.80
 90   90     1.54  1.98  2.28  2.52  2.80  2.43  2.37  2.40  1.88  1.66  1.28  1.16     2.02  1.56  2.53  2.40  1.61
105   10     1.93  2.66  3.48  4.36  4.87  4.40  4.26  4.30  3.20  2.67  1.98  1.67     3.31  2.09  4.24  4.32  2.62
105   20     1.83  2.53  3.34  4.20  4.74  4.28  4.14  4.15  3.09  2.54  1.86  1.56     3.19  1.97  4.09  4.19  2.49
105   30     1.73  2.39  3.17  3.99  4.54  4.09  3.96  3.94  2.93  2.39  1.74  1.45     3.03  1.86  3.90  4.00  2.35
105   40     1.65  2.27  3.00  3.73  4.28  3.86  3.73  3.69  2.75  2.24  1.61  1.36     2.85  1.76  3.67  3.76  2.20
105   50     1.57  2.14  2.81  3.47  3.99  3.59  3.47  3.42  2.56  2.08  1.49  1.27     2.65  1.66  3.42  3.49  2.04
105   60     1.49  2.02  2.61  3.19  3.68  3.29  3.18  3.14  2.36  1.92  1.38  1.18     2.45  1.56  3.16  3.21  1.88
105   70     1.42  1.91  2.41  2.91  3.35  2.99  2.89  2.85  2.15  1.76  1.26  1.09     2.25  1.48  2.89  2.91  1.72
105   80     1.34  1.80  2.22  2.61  3.03  2.69  2.60  2.55  1.94  1.59  1.15  1.01     2.04  1.39  2.62  2.61  1.56
105   90     1.27  1.69  2.02  2.34  2.71  2.39  2.31  2.27  1.74  1.44  1.03  0.92     1.84  1.29  2.36  2.32  1.40
120   10     1.84  2.56  3.40  4.31  4.85  4.39  4.25  4.26  3.16  2.59  1.90  1.58     3.26  2.00  4.19  4.30  2.55
120   20     1.66  2.35  3.18  4.09  4.68  4.26  4.11  4.07  2.99  2.39  1.70  1.40     3.07  1.80  3.98  4.14  2.36
120   30     1.50  2.14  2.94  3.81  4.44  4.05  3.90  3.82  2.79  2.18  1.51  1.24     2.86  1.63  3.73  3.92  2.16
120   40     1.37  1.96  2.70  3.51  4.14  3.79  3.65  3.53  2.58  1.98  1.36  1.11     2.64  1.48  3.45  3.66  1.97
120   50     1.28  1.82  2.48  3.20  3.82  3.49  3.36  3.23  2.36  1.80  1.23  1.01     2.42  1.37  3.17  3.36  1.79
120   60     1.20  1.70  2.28  2.90  3.49  3.19  3.06  2.93  2.15  1.64  1.11  0.93     2.21  1.28  2.89  3.06  1.63
120   70     1.15  1.60  2.10  2.62  3.16  2.87  2.77  2.63  1.94  1.49  1.01  0.86     2.02  1.20  2.63  2.76  1.48
120   80     1.09  1.53  1.92  2.36  2.84  2.57  2.47  2.36  1.75  1.35  0.92  0.80     1.83  1.14  2.37  2.47  1.34
120   90     1.05  1.45  1.77  2.10  2.54  2.29  2.20  2.09  1.57  1.22  0.84  0.73     1.65  1.08  2.14  2.19  1.21
135   10     1.76  2.48  3.33  4.26  4.83  4.38  4.24  4.23  3.12  2.52  1.82  1.51     3.21  1.92  4.14  4.29  2.49
135   20     1.50  2.19  3.04  3.99  4.63  4.24  4.08  4.01  2.91  2.26  1.55  1.26     2.97  1.65  3.88  4.11  2.24
135   30     1.28  1.91  2.72  3.65  4.35  4.01  3.86  3.71  2.66  1.99  1.31  1.05     2.71  1.41  3.57  3.86  1.99
135   40     1.13  1.68  2.42  3.29  4.00  3.72  3.57  3.37  2.40  1.75  1.13  0.90     2.45  1.24  3.24  3.56  1.76
135   50     1.04  1.52  2.16  2.92  3.62  3.39  3.25  3.02  2.15  1.54  1.00  0.81     2.20  1.13  2.90  3.22  1.56
135   60     0.98  1.42  1.95  2.59  3.24  3.05  2.91  2.69  1.93  1.39  0.90  0.75     1.98  1.05  2.60  2.88  1.41
135   70     0.95  1.35  1.78  2.31  2.90  2.72  2.60  2.38  1.74  1.25  0.82  0.71     1.79  1.00  2.33  2.57  1.27
135   80     0.92  1.31  1.64  2.06  2.59  2.42  2.32  2.12  1.57  1.14  0.77  0.67     1.63  0.96  2.10  2.29  1.16
135   90     0.90  1.26  1.52  1.85  2.31  2.15  2.06  1.89  1.40  1.05  0.71  0.63     1.48  0.93  1.90  2.03  1.05
150   10     1.69  2.42  3.28  4.23  4.81  4.38  4.23  4.21  3.09  2.47  1.77  1.45     3.17  1.86  4.10  4.27  2.44
150   20     1.37  2.06  2.92  3.91  4.59  4.23  4.07  3.96  2.84  2.15  1.44  1.14     2.89  1.52  3.81  4.08  2.14
150   30     1.09  1.70  2.54  3.52  4.28  3.99  3.83  3.63  2.55  1.82  1.14  0.89     2.58  1.23  3.44  3.82  1.84
150   40     0.93  1.44  2.16  3.08  3.88  3.68  3.52  3.24  2.24  1.53  0.94  0.75     2.28  1.04  3.04  3.48  1.57
150   50     0.88  1.28  1.85  2.65  3.43  3.31  3.15  2.82  1.95  1.31  0.83  0.71     2.02  0.96  2.64  3.09  1.36
150   60     0.87  1.21  1.64  2.27  2.98  2.90  2.76  2.43  1.72  1.17  0.78  0.69     1.78  0.92  2.30  2.70  1.22
150   70     0.86  1.19  1.50  1.99  2.60  2.53  2.41  2.12  1.54  1.08  0.74  0.66     1.60  0.90  2.03  2.35  1.12
150   80     0.85  1.17  1.40  1.78  2.29  2.23  2.13  1.88  1.40  1.00  0.69  0.63     1.45  0.88  1.82  2.08  1.03
150   90     0.84  1.16  1.33  1.61  2.05  1.98  1.89  1.68  1.27  0.93  0.66  0.60     1.33  0.87  1.66  1.85  0.95
165   10     1.65  2.38  3.24  4.21  4.79  4.38  4.22  4.20  3.07  2.44  1.73  1.41     3.14  1.81  4.08  4.27  2.41
165   20     1.27  1.97  2.84  3.87  4.56  4.22  4.05  3.94  2.80  2.08  1.36  1.05     2.83  1.43  3.76  4.07  2.08
165   30     0.95  1.55  2.40  3.44  4.24  3.99  3.81  3.59  2.48  1.70  1.01  0.77     2.50  1.09  3.36  3.80  1.73
165   40     0.88  1.23  1.94  2.96  3.83  3.68  3.49  3.18  2.13  1.34  0.83  0.73     2.19  0.94  2.91  3.45  1.43
165   50     0.87  1.14  1.57  2.43  3.35  3.30  3.12  2.71  1.77  1.12  0.80  0.71     1.91  0.91  2.45  3.04  1.23
165   60     0.86  1.14  1.39  1.95  2.81  2.87  2.69  2.20  1.52  1.04  0.77  0.69     1.66  0.90  2.05  2.59  1.11
165   70     0.85  1.14  1.31  1.68  2.28  2.40  2.23  1.85  1.38  0.99  0.73  0.66     1.46  0.89  1.76  2.16  1.03
165   80     0.85  1.14  1.26  1.52  2.00  2.05  1.93  1.65  1.27  0.93  0.69  0.63     1.33  0.87  1.59  1.88  0.97
165   90     0.84  1.14  1.20  1.41  1.80  1.83  1.73  1.50  1.18  0.88  0.66  0.60     1.23  0.86  1.47  1.69  0.90
180   10     1.63  2.37  3.23  4.20  4.79  4.38  4.22  4.20  3.06  2.43  1.72  1.40     3.14  1.80  4.07  4.27  2.40
180   20     1.24  1.93  2.81  3.86  4.55  4.23  4.05  3.93  2.79  2.05  1.32  1.02     2.81  1.40  3.74  4.07  2.05
180   30     0.91  1.49  2.34  3.43  4.21  3.99  3.80  3.59  2.46  1.65  0.95  0.75     2.46  1.05  3.33  3.79  1.69
180   40     0.88  1.14  1.84  2.94  3.80  3.68  3.48  3.17  2.09  1.24  0.83  0.73     2.15  0.92  2.86  3.44  1.39
180   50     0.87  1.14  1.34  2.40  3.31  3.30  3.10  2.70  1.70  1.08  0.80  0.71     1.87  0.91  2.35  3.04  1.20
180   60     0.86  1.14  1.29  1.82  2.77  2.87  2.68  2.19  1.39  1.04  0.77  0.69     1.63  0.90  1.96  2.58  1.07
180   70     0.85  1.14  1.26  1.52  2.18  2.40  2.21  1.72  1.31  0.99  0.73  0.66     1.42  0.89  1.65  2.11  1.01
180   80     0.85  1.14  1.22  1.41  1.84  1.98  1.84  1.55  1.23  0.93  0.69  0.63     1.28  0.87  1.49  1.79  0.95
180   90     0.84  1.14  1.17  1.33  1.67  1.77  1.65  1.43  1.14  0.88  0.66  0.60     1.19  0.86  1.39  1.62  0.89
             61.6  53.2  37.3  20.8   8.1   2.7   5.3  14.6  26.4  42.9  55.0  60.5     30.9  58.2  21.7   8.0  41.7
             3.34  3.87  4.20  4.68  4.96  4.45  4.32  4.48  3.53  3.45  3.17  2.98     3.95  3.39  4.55  4.41  3.33
             2.99  3.66  4.18  4.63  4.71  4.14  4.05  4.36  3.52  3.39  2.95  2.67     3.77  3.11  4.51  4.18  3.29
             1.12  1.06  1.00  1.01  1.05  1.07  1.07  1.03  1.00  1.02  1.07  1.12     1.05  1.10  1.02  1.06  1.03
             1.47  1.31  1.16  1.04  0.95  0.93  0.94  0.99  1.07  1.22  1.40  1.49     1.16  1.42  1.05  0.95  1.23
temperature   0.7   1.2   4.2  10.4  15.6  19.4  22.8  24.3  20.0  14.1   8.3   3.4     12.0   1.8  10.1  22.2  14.1
diffusedrad  1.11  1.47  1.81  2.17  2.49  2.60  2.53  2.30  1.91  1.48  1.11  0.96     1.83  1.18  2.15  2.48  1.50
snow10cm     0.37  0.41  0.12  0.00  0.00  0.00  0.00  0.00  0.00  0.00  0.00  0.09     0.08  0.29  0.04  0.00  0.00
