2 36501   川内            37 20.2  140 48.5  410
             2.24  2.96  3.64  4.41  4.79  4.27  4.19  4.16  3.05  2.67  2.24  2.00     3.38  2.40  4.28  4.21  2.65
             2.46  3.37  4.09  5.31  5.56  5.02  5.78  5.48  3.60  3.36  2.68  2.24     3.72  2.61  4.71  4.97  2.99
             1.94  2.29  2.69  3.73  4.12  2.90  2.85  3.31  2.08  1.91  1.88  1.75     3.09  2.20  3.85  3.46  2.44
  0   10     2.70  3.34  3.93  4.56  4.81  4.26  4.18  4.22  3.18  2.91  2.60  2.42     3.59  2.82  4.43  4.22  2.90
  0   20     3.11  3.68  4.14  4.62  4.75  4.17  4.10  4.21  3.25  3.10  2.92  2.80     3.74  3.20  4.50  4.16  3.09
  0   30     3.44  3.94  4.25  4.58  4.59  4.00  3.95  4.12  3.25  3.22  3.17  3.11     3.80  3.50  4.47  4.02  3.22
  0   40     3.68  4.09  4.27  4.43  4.34  3.76  3.73  3.94  3.19  3.28  3.35  3.35     3.78  3.71  4.35  3.81  3.27
  0   50     3.84  4.15  4.19  4.20  4.01  3.46  3.44  3.69  3.06  3.25  3.44  3.50     3.69  3.83  4.13  3.53  3.25
  0   60     3.89  4.11  4.01  3.88  3.61  3.11  3.10  3.38  2.88  3.16  3.45  3.56     3.51  3.85  3.84  3.19  3.16
  0   70     3.85  3.97  3.75  3.48  3.15  2.71  2.71  3.00  2.64  3.00  3.37  3.53     3.26  3.78  3.46  2.81  3.00
  0   80     3.70  3.73  3.40  3.02  2.65  2.29  2.30  2.57  2.36  2.77  3.21  3.41     2.95  3.62  3.02  2.39  2.78
  0   90     3.47  3.41  2.98  2.50  2.13  1.87  1.87  2.12  2.04  2.48  2.98  3.21     2.59  3.36  2.54  1.95  2.50
 15   10     2.69  3.33  3.92  4.55  4.81  4.26  4.18  4.21  3.18  2.90  2.58  2.40     3.59  2.81  4.43  4.22  2.89
 15   20     3.08  3.66  4.12  4.61  4.74  4.17  4.10  4.21  3.24  3.09  2.88  2.77     3.72  3.17  4.49  4.16  3.07
 15   30     3.40  3.90  4.23  4.57  4.59  4.00  3.95  4.12  3.24  3.20  3.12  3.07     3.78  3.46  4.46  4.02  3.19
 15   40     3.64  4.05  4.24  4.43  4.35  3.77  3.73  3.94  3.17  3.25  3.28  3.29     3.76  3.66  4.34  3.81  3.23
 15   50     3.78  4.10  4.16  4.20  4.02  3.47  3.45  3.70  3.05  3.22  3.36  3.43     3.66  3.77  4.13  3.54  3.21
 15   60     3.83  4.05  3.98  3.89  3.63  3.13  3.11  3.39  2.86  3.12  3.36  3.48     3.49  3.79  3.83  3.21  3.11
 15   70     3.78  3.90  3.72  3.50  3.18  2.74  2.73  3.01  2.63  2.95  3.27  3.45     3.24  3.71  3.47  2.83  2.95
 15   80     3.63  3.66  3.38  3.04  2.70  2.33  2.33  2.61  2.35  2.72  3.11  3.32     2.93  3.54  3.04  2.42  2.73
 15   90     3.40  3.34  2.96  2.56  2.20  1.92  1.93  2.17  2.03  2.44  2.87  3.12     2.58  3.28  2.57  2.00  2.44
 30   10     2.65  3.29  3.89  4.53  4.81  4.26  4.17  4.20  3.16  2.88  2.54  2.36     3.56  2.76  4.41  4.21  2.86
 30   20     3.00  3.58  4.07  4.58  4.75  4.17  4.10  4.19  3.21  3.03  2.80  2.68     3.68  3.08  4.46  4.15  3.01
 30   30     3.27  3.78  4.16  4.53  4.60  4.01  3.95  4.09  3.20  3.12  2.99  2.94     3.72  3.33  4.43  4.02  3.10
 30   40     3.47  3.89  4.16  4.39  4.37  3.79  3.74  3.92  3.13  3.15  3.11  3.12     3.69  3.49  4.31  3.82  3.13
 30   50     3.58  3.91  4.06  4.17  4.07  3.50  3.47  3.68  3.00  3.11  3.16  3.23     3.58  3.57  4.10  3.55  3.09
 30   60     3.61  3.84  3.88  3.86  3.70  3.17  3.15  3.39  2.81  3.00  3.14  3.26     3.40  3.57  3.81  3.24  2.98
 30   70     3.54  3.67  3.62  3.50  3.28  2.81  2.79  3.04  2.59  2.83  3.04  3.20     3.16  3.47  3.47  2.88  2.82
 30   80     3.38  3.43  3.29  3.07  2.83  2.43  2.42  2.65  2.31  2.59  2.86  3.06     2.86  3.29  3.07  2.50  2.59
 30   90     3.14  3.11  2.90  2.63  2.38  2.05  2.05  2.25  2.02  2.32  2.62  2.85     2.53  3.04  2.63  2.12  2.32
 45   10     2.57  3.22  3.84  4.50  4.80  4.25  4.17  4.18  3.14  2.83  2.47  2.28     3.52  2.69  4.38  4.20  2.81
 45   20     2.85  3.44  3.98  4.52  4.74  4.17  4.09  4.15  3.17  2.95  2.67  2.54     3.61  2.94  4.42  4.14  2.93
 45   30     3.06  3.58  4.04  4.46  4.60  4.01  3.95  4.05  3.14  3.01  2.81  2.73     3.62  3.12  4.37  4.01  2.99
 45   40     3.21  3.65  4.01  4.32  4.38  3.80  3.75  3.88  3.06  3.01  2.89  2.85     3.57  3.24  4.24  3.81  2.98
 45   50     3.28  3.64  3.91  4.10  4.10  3.53  3.49  3.65  2.92  2.94  2.90  2.92     3.45  3.28  4.04  3.56  2.92
 45   60     3.27  3.54  3.72  3.81  3.76  3.22  3.19  3.36  2.74  2.83  2.85  2.91     3.27  3.24  3.76  3.26  2.81
 45   70     3.17  3.37  3.47  3.47  3.38  2.89  2.86  3.04  2.51  2.65  2.73  2.83     3.03  3.12  3.44  2.93  2.63
 45   80     3.00  3.14  3.16  3.08  2.96  2.53  2.52  2.69  2.26  2.42  2.55  2.68     2.75  2.94  3.07  2.58  2.41
 45   90     2.78  2.83  2.80  2.68  2.55  2.18  2.17  2.32  1.98  2.17  2.32  2.47     2.44  2.69  2.68  2.22  2.16
 60   10     2.47  3.13  3.78  4.46  4.79  4.25  4.16  4.16  3.11  2.77  2.39  2.19     3.47  2.60  4.34  4.19  2.76
 60   20     2.67  3.26  3.86  4.45  4.72  4.16  4.08  4.11  3.11  2.85  2.51  2.35     3.51  2.76  4.34  4.12  2.82
 60   30     2.81  3.35  3.87  4.37  4.58  4.01  3.94  4.00  3.06  2.86  2.59  2.47     3.49  2.88  4.27  3.98  2.84
 60   40     2.88  3.36  3.82  4.21  4.37  3.80  3.74  3.82  2.96  2.83  2.62  2.54     3.41  2.92  4.13  3.79  2.80
 60   50     2.90  3.31  3.69  3.99  4.11  3.55  3.50  3.59  2.82  2.75  2.59  2.54     3.28  2.92  3.93  3.54  2.72
 60   60     2.86  3.19  3.51  3.72  3.79  3.26  3.22  3.33  2.64  2.61  2.51  2.50     3.10  2.85  3.68  3.27  2.59
 60   70     2.75  3.01  3.26  3.40  3.43  2.94  2.90  3.01  2.42  2.44  2.39  2.41     2.86  2.73  3.36  2.95  2.42
 60   80     2.58  2.79  2.99  3.05  3.06  2.61  2.58  2.69  2.19  2.23  2.21  2.26     2.60  2.54  3.03  2.63  2.21
 60   90     2.38  2.52  2.66  2.67  2.68  2.28  2.26  2.36  1.93  2.00  2.00  2.06     2.32  2.32  2.67  2.30  1.97
 75   10     2.36  3.02  3.70  4.42  4.77  4.24  4.15  4.13  3.07  2.71  2.30  2.08     3.41  2.49  4.30  4.17  2.69
 75   20     2.46  3.07  3.72  4.36  4.69  4.15  4.06  4.05  3.04  2.72  2.34  2.15     3.40  2.56  4.25  4.09  2.70
 75   30     2.50  3.07  3.68  4.24  4.54  4.00  3.92  3.92  2.96  2.69  2.35  2.18     3.34  2.58  4.15  3.94  2.67
 75   40     2.52  3.03  3.58  4.07  4.33  3.79  3.72  3.74  2.85  2.62  2.31  2.19     3.23  2.58  3.99  3.75  2.59
 75   50     2.48  2.93  3.44  3.85  4.07  3.54  3.48  3.51  2.69  2.52  2.26  2.15     3.08  2.52  3.79  3.51  2.49
 75   60     2.42  2.80  3.24  3.58  3.77  3.26  3.21  3.24  2.51  2.37  2.15  2.07     2.89  2.43  3.53  3.24  2.35
 75   70     2.31  2.63  3.02  3.28  3.44  2.96  2.92  2.96  2.31  2.21  2.02  1.98     2.67  2.31  3.25  2.95  2.18
 75   80     2.15  2.42  2.75  2.95  3.08  2.65  2.61  2.65  2.08  2.01  1.87  1.84     2.42  2.13  2.93  2.63  1.99
 75   90     1.98  2.19  2.48  2.62  2.73  2.33  2.29  2.34  1.85  1.80  1.67  1.66     2.16  1.95  2.61  2.32  1.77
 90   10     2.24  2.91  3.62  4.36  4.75  4.24  4.14  4.10  3.03  2.64  2.19  1.96     3.35  2.37  4.24  4.16  2.62
 90   20     2.22  2.86  3.55  4.26  4.64  4.13  4.04  3.99  2.96  2.58  2.15  1.93     3.28  2.34  4.15  4.05  2.56
 90   30     2.19  2.77  3.45  4.10  4.48  3.97  3.88  3.83  2.85  2.50  2.08  1.89     3.17  2.29  4.01  3.89  2.48
 90   40     2.13  2.66  3.32  3.90  4.26  3.76  3.68  3.63  2.71  2.40  2.01  1.82     3.02  2.21  3.82  3.69  2.37
 90   50     2.07  2.55  3.14  3.66  4.00  3.51  3.44  3.39  2.55  2.26  1.91  1.76     2.85  2.12  3.60  3.45  2.24
 90   60     1.97  2.38  2.95  3.39  3.69  3.23  3.16  3.13  2.36  2.12  1.80  1.66     2.65  2.00  3.34  3.17  2.09
 90   70     1.87  2.23  2.73  3.10  3.38  2.94  2.88  2.84  2.16  1.95  1.66  1.56     2.44  1.88  3.07  2.89  1.92
 90   80     1.72  2.04  2.49  2.80  3.06  2.64  2.59  2.56  1.96  1.78  1.53  1.44     2.22  1.73  2.78  2.60  1.75
 90   90     1.58  1.85  2.24  2.49  2.71  2.33  2.29  2.27  1.73  1.59  1.37  1.29     1.98  1.58  2.48  2.30  1.56
105   10     2.12  2.79  3.53  4.31  4.72  4.23  4.13  4.06  2.99  2.57  2.09  1.85     3.28  2.25  4.19  4.14  2.55
105   20     1.99  2.63  3.39  4.15  4.60  4.11  4.01  3.92  2.88  2.44  1.96  1.71     3.15  2.11  4.04  4.02  2.43
105   30     1.86  2.47  3.21  3.94  4.40  3.94  3.84  3.73  2.74  2.31  1.83  1.59     2.99  1.98  3.85  3.83  2.29
105   40     1.76  2.31  3.02  3.69  4.16  3.71  3.62  3.50  2.57  2.16  1.70  1.49     2.81  1.85  3.62  3.61  2.14
105   50     1.66  2.14  2.82  3.43  3.88  3.45  3.36  3.25  2.38  2.01  1.57  1.38     2.61  1.73  3.38  3.35  1.99
105   60     1.54  1.99  2.61  3.16  3.57  3.17  3.09  2.98  2.20  1.85  1.46  1.28     2.41  1.61  3.11  3.08  1.83
105   70     1.45  1.83  2.40  2.87  3.25  2.88  2.80  2.70  2.00  1.70  1.33  1.18     2.20  1.49  2.84  2.79  1.68
105   80     1.34  1.68  2.19  2.58  2.94  2.59  2.52  2.42  1.80  1.54  1.22  1.09     1.99  1.37  2.57  2.51  1.52
105   90     1.23  1.52  1.97  2.31  2.63  2.29  2.24  2.15  1.61  1.39  1.10  0.98     1.78  1.24  2.30  2.23  1.36
120   10     2.00  2.68  3.45  4.26  4.70  4.22  4.12  4.03  2.95  2.50  2.00  1.74     3.22  2.14  4.14  4.12  2.48
120   20     1.76  2.42  3.22  4.04  4.54  4.09  3.98  3.86  2.80  2.31  1.78  1.51     3.03  1.90  3.93  3.98  2.30
120   30     1.56  2.17  2.96  3.77  4.31  3.90  3.79  3.63  2.62  2.11  1.58  1.32     2.81  1.69  3.68  3.77  2.10
120   40     1.40  1.95  2.71  3.47  4.03  3.65  3.54  3.36  2.42  1.92  1.41  1.17     2.59  1.51  3.40  3.52  1.92
120   50     1.27  1.77  2.48  3.17  3.71  3.36  3.26  3.07  2.22  1.75  1.27  1.04     2.37  1.36  3.12  3.23  1.75
120   60     1.17  1.61  2.27  2.87  3.39  3.07  2.98  2.79  2.02  1.60  1.15  0.96     2.15  1.25  2.84  2.94  1.59
120   70     1.09  1.46  2.07  2.60  3.07  2.77  2.69  2.51  1.82  1.45  1.05  0.88     1.95  1.14  2.58  2.65  1.44
120   80     1.01  1.35  1.87  2.34  2.75  2.48  2.40  2.25  1.65  1.31  0.96  0.81     1.76  1.05  2.32  2.38  1.30
120   90     0.93  1.22  1.70  2.08  2.47  2.20  2.14  1.99  1.47  1.19  0.87  0.74     1.58  0.96  2.08  2.11  1.18
135   10     1.89  2.59  3.37  4.21  4.68  4.21  4.11  4.00  2.91  2.44  1.92  1.64     3.17  2.04  4.09  4.11  2.42
135   20     1.56  2.23  3.07  3.94  4.49  4.08  3.96  3.80  2.73  2.19  1.62  1.33     2.92  1.71  3.83  3.94  2.18
135   30     1.28  1.89  2.74  3.61  4.22  3.86  3.74  3.53  2.50  1.94  1.35  1.07     2.65  1.41  3.52  3.71  1.93
135   40     1.08  1.62  2.42  3.25  3.89  3.59  3.47  3.22  2.27  1.71  1.15  0.89     2.38  1.20  3.19  3.42  1.71
135   50     0.96  1.42  2.14  2.89  3.52  3.27  3.16  2.89  2.04  1.51  1.01  0.79     2.13  1.05  2.85  3.11  1.52
135   60     0.88  1.27  1.92  2.57  3.16  2.94  2.83  2.58  1.84  1.36  0.91  0.72     1.91  0.95  2.55  2.78  1.37
135   70     0.82  1.16  1.73  2.29  2.83  2.63  2.53  2.29  1.65  1.23  0.83  0.68     1.72  0.89  2.28  2.48  1.24
135   80     0.77  1.08  1.57  2.04  2.53  2.34  2.26  2.04  1.49  1.12  0.78  0.63     1.55  0.83  2.05  2.21  1.13
135   90     0.73  0.99  1.44  1.84  2.26  2.07  2.00  1.82  1.33  1.03  0.72  0.60     1.40  0.77  1.85  1.97  1.03
150   10     1.80  2.52  3.32  4.18  4.67  4.21  4.10  3.99  2.89  2.39  1.85  1.57     3.12  1.96  4.05  4.10  2.38
150   20     1.39  2.08  2.94  3.87  4.46  4.06  3.94  3.76  2.67  2.09  1.49  1.18     2.83  1.55  3.76  3.92  2.08
150   30     1.03  1.66  2.54  3.48  4.16  3.84  3.71  3.46  2.41  1.78  1.16  0.86     2.51  1.18  3.39  3.67  1.78
150   40     0.82  1.33  2.14  3.05  3.78  3.55  3.42  3.10  2.14  1.50  0.93  0.69     2.21  0.95  2.99  3.36  1.52
150   50     0.75  1.12  1.81  2.63  3.35  3.20  3.06  2.72  1.87  1.30  0.82  0.65     1.94  0.84  2.60  2.99  1.33
150   60     0.72  1.02  1.58  2.26  2.91  2.81  2.69  2.36  1.65  1.17  0.77  0.63     1.71  0.79  2.25  2.62  1.20
150   70     0.69  0.96  1.44  1.98  2.54  2.46  2.35  2.06  1.49  1.07  0.73  0.61     1.53  0.75  1.99  2.29  1.10
150   80     0.67  0.91  1.32  1.77  2.25  2.17  2.08  1.83  1.35  0.99  0.69  0.58     1.38  0.72  1.78  2.02  1.01
150   90     0.64  0.87  1.23  1.60  2.01  1.92  1.85  1.64  1.22  0.92  0.66  0.56     1.26  0.69  1.62  1.80  0.93
165   10     1.75  2.47  3.28  4.16  4.65  4.21  4.09  3.98  2.87  2.36  1.81  1.51     3.10  1.91  4.03  4.09  2.35
165   20     1.26  1.97  2.86  3.82  4.43  4.06  3.93  3.73  2.63  2.03  1.39  1.06     2.77  1.43  3.70  3.91  2.02
165   30     0.86  1.47  2.39  3.41  4.12  3.84  3.70  3.42  2.35  1.67  1.00  0.71     2.41  1.01  3.31  3.65  1.68
165   40     0.75  1.07  1.91  2.94  3.73  3.54  3.40  3.05  2.04  1.33  0.81  0.67     2.10  0.83  2.86  3.33  1.40
165   50     0.73  0.95  1.51  2.42  3.27  3.19  3.04  2.62  1.72  1.13  0.79  0.65     1.83  0.78  2.40  2.95  1.21
165   60     0.71  0.93  1.32  1.95  2.76  2.78  2.63  2.15  1.49  1.05  0.76  0.63     1.60  0.76  2.01  2.52  1.10
165   70     0.69  0.90  1.23  1.68  2.25  2.34  2.19  1.83  1.36  0.99  0.73  0.61     1.40  0.73  1.72  2.12  1.02
165   80     0.66  0.87  1.16  1.52  1.97  2.00  1.90  1.63  1.25  0.93  0.69  0.58     1.26  0.70  1.55  1.84  0.96
165   90     0.63  0.84  1.10  1.41  1.78  1.78  1.70  1.48  1.15  0.87  0.66  0.56     1.16  0.68  1.43  1.65  0.89
180   10     1.73  2.45  3.26  4.15  4.64  4.21  4.09  3.97  2.86  2.35  1.80  1.50     3.09  1.89  4.02  4.09  2.34
180   20     1.22  1.92  2.82  3.81  4.42  4.06  3.93  3.73  2.62  2.00  1.35  1.03     2.74  1.39  3.68  3.90  1.99
180   30     0.80  1.39  2.33  3.40  4.10  3.84  3.69  3.42  2.34  1.62  0.95  0.68     2.38  0.96  3.27  3.65  1.63
180   40     0.75  0.97  1.80  2.91  3.70  3.54  3.38  3.04  2.01  1.24  0.81  0.67     2.07  0.80  2.81  3.32  1.35
180   50     0.73  0.95  1.27  2.38  3.23  3.19  3.02  2.61  1.66  1.09  0.79  0.65     1.80  0.78  2.30  2.94  1.18
180   60     0.71  0.93  1.22  1.82  2.71  2.78  2.61  2.14  1.39  1.04  0.76  0.63     1.56  0.76  1.92  2.51  1.06
180   70     0.69  0.90  1.17  1.52  2.16  2.34  2.17  1.71  1.30  0.99  0.73  0.61     1.36  0.73  1.61  2.07  1.00
180   80     0.66  0.87  1.12  1.41  1.83  1.94  1.81  1.54  1.21  0.93  0.69  0.58     1.22  0.70  1.45  1.76  0.94
180   90     0.63  0.84  1.06  1.32  1.66  1.73  1.62  1.42  1.12  0.87  0.66  0.56     1.12  0.68  1.35  1.59  0.88
             60.5  50.9  36.8  20.7   9.0   3.0   5.3  14.2  25.3  42.1  56.0  61.8     32.9  57.6  21.9   7.6  42.5
             3.89  4.15  4.27  4.62  4.81  4.28  4.19  4.23  3.26  3.28  3.46  3.56     4.00  3.86  4.50  4.22  3.27
             3.52  3.99  4.27  4.54  4.52  3.94  3.89  4.08  3.24  3.25  3.23  3.19     3.80  3.57  4.44  3.97  3.24
             1.11  1.04  1.00  1.02  1.06  1.09  1.08  1.04  1.01  1.01  1.07  1.12     1.05  1.09  1.03  1.07  1.03
             1.57  1.35  1.17  1.03  0.94  0.92  0.93  0.98  1.06  1.22  1.44  1.60     1.18  1.50  1.05  0.94  1.24
temperature  -0.8  -0.4   2.7   8.6  13.6  17.2  21.0  22.2  18.1  12.1   6.6   1.9     10.2   0.2   8.3  20.1  12.3
diffusedrad  1.05  1.38  1.78  2.16  2.49  2.59  2.51  2.30  1.88  1.47  1.11  0.94     1.80  1.12  2.14  2.46  1.49
snow10cm     0.03  0.04  0.02  0.00  0.00  0.00  0.00  0.00  0.00  0.00  0.00  0.01     0.01  0.03  0.01  0.00  0.00
