2 36641   田島            37 12.4  139 47.7  544
             1.68  2.44  3.24  4.24  4.72  4.49  4.38  4.41  3.13  2.49  1.78  1.44     3.20  1.85  4.07  4.43  2.47
             1.95  2.79  3.64  5.06  5.30  5.42  6.24  5.16  3.72  3.10  2.03  1.79     3.55  2.05  4.57  5.15  2.78
             1.48  1.91  2.83  3.72  3.91  3.70  3.42  3.47  2.47  1.93  1.22  1.10     2.93  1.62  3.63  3.77  2.11
  0   10     1.87  2.62  3.44  4.37  4.74  4.47  4.37  4.48  3.26  2.70  1.99  1.62     3.33  2.04  4.18  4.44  2.65
  0   20     2.03  2.80  3.59  4.42  4.67  4.38  4.29  4.48  3.33  2.85  2.18  1.79     3.40  2.21  4.23  4.38  2.79
  0   30     2.17  2.94  3.69  4.38  4.52  4.19  4.13  4.38  3.33  2.94  2.32  1.93     3.41  2.35  4.19  4.23  2.86
  0   40     2.27  3.04  3.72  4.25  4.27  3.94  3.89  4.20  3.27  2.98  2.40  2.02     3.35  2.44  4.08  4.01  2.88
  0   50     2.33  3.10  3.69  4.03  3.95  3.62  3.58  3.92  3.14  2.94  2.44  2.08     3.23  2.50  3.89  3.71  2.84
  0   60     2.35  3.10  3.60  3.74  3.56  3.24  3.22  3.58  2.95  2.85  2.42  2.09     3.06  2.52  3.63  3.35  2.74
  0   70     2.34  3.06  3.45  3.37  3.10  2.82  2.81  3.17  2.70  2.69  2.35  2.06     2.83  2.49  3.31  2.93  2.58
  0   80     2.29  2.98  3.25  2.94  2.61  2.37  2.37  2.71  2.41  2.49  2.23  1.98     2.55  2.42  2.93  2.48  2.37
  0   90     2.20  2.85  3.00  2.47  2.09  1.92  1.93  2.21  2.08  2.23  2.05  1.87     2.24  2.30  2.52  2.02  2.12
 15   10     1.86  2.62  3.44  4.36  4.74  4.47  4.37  4.48  3.25  2.69  1.98  1.61     3.32  2.03  4.18  4.44  2.64
 15   20     2.02  2.79  3.58  4.41  4.67  4.37  4.29  4.47  3.32  2.84  2.15  1.78     3.39  2.19  4.22  4.38  2.77
 15   30     2.15  2.92  3.67  4.37  4.52  4.20  4.13  4.38  3.32  2.92  2.29  1.90     3.40  2.32  4.19  4.24  2.84
 15   40     2.24  3.02  3.69  4.24  4.28  3.95  3.89  4.19  3.25  2.95  2.37  1.99     3.34  2.42  4.07  4.01  2.85
 15   50     2.30  3.06  3.66  4.02  3.96  3.63  3.60  3.93  3.12  2.91  2.39  2.04     3.22  2.47  3.88  3.72  2.81
 15   60     2.32  3.07  3.57  3.74  3.58  3.26  3.24  3.59  2.93  2.81  2.37  2.05     3.04  2.48  3.63  3.36  2.70
 15   70     2.31  3.02  3.42  3.38  3.13  2.85  2.84  3.19  2.69  2.65  2.29  2.02     2.82  2.45  3.31  2.96  2.54
 15   80     2.25  2.93  3.22  2.96  2.66  2.41  2.41  2.75  2.40  2.44  2.16  1.94     2.54  2.38  2.95  2.52  2.34
 15   90     2.16  2.80  2.98  2.51  2.17  1.98  1.98  2.27  2.08  2.18  1.99  1.83     2.24  2.26  2.55  2.08  2.08
 30   10     1.84  2.59  3.41  4.34  4.73  4.47  4.37  4.46  3.24  2.67  1.95  1.59     3.31  2.01  4.16  4.43  2.62
 30   20     1.98  2.74  3.54  4.38  4.68  4.38  4.29  4.45  3.29  2.79  2.10  1.73     3.36  2.15  4.20  4.37  2.73
 30   30     2.09  2.86  3.61  4.33  4.53  4.21  4.13  4.35  3.28  2.86  2.21  1.84     3.36  2.26  4.16  4.23  2.78
 30   40     2.17  2.93  3.63  4.20  4.30  3.97  3.91  4.17  3.21  2.87  2.27  1.92     3.29  2.34  4.04  4.02  2.78
 30   50     2.21  2.96  3.58  3.99  4.00  3.66  3.62  3.91  3.07  2.82  2.28  1.95     3.17  2.38  3.86  3.73  2.72
 30   60     2.23  2.96  3.48  3.71  3.64  3.32  3.29  3.60  2.88  2.71  2.24  1.95     3.00  2.38  3.61  3.40  2.61
 30   70     2.20  2.90  3.34  3.38  3.23  2.93  2.91  3.22  2.65  2.54  2.15  1.90     2.78  2.34  3.31  3.02  2.45
 30   80     2.14  2.81  3.14  2.98  2.79  2.52  2.52  2.81  2.37  2.33  2.02  1.82     2.52  2.26  2.97  2.62  2.24
 30   90     2.05  2.68  2.91  2.57  2.34  2.13  2.12  2.37  2.06  2.08  1.84  1.70     2.24  2.14  2.61  2.21  2.00
 45   10     1.81  2.56  3.38  4.32  4.73  4.47  4.36  4.44  3.21  2.63  1.91  1.56     3.28  1.98  4.14  4.42  2.59
 45   20     1.92  2.67  3.48  4.33  4.67  4.38  4.28  4.41  3.24  2.72  2.03  1.67     3.32  2.09  4.16  4.36  2.66
 45   30     2.00  2.76  3.52  4.27  4.53  4.21  4.13  4.31  3.22  2.76  2.10  1.75     3.30  2.17  4.11  4.22  2.69
 45   40     2.06  2.81  3.51  4.13  4.31  3.98  3.92  4.12  3.13  2.75  2.13  1.79     3.22  2.22  3.98  4.01  2.67
 45   50     2.08  2.82  3.46  3.93  4.03  3.70  3.65  3.88  2.99  2.68  2.11  1.80     3.10  2.23  3.81  3.75  2.59
 45   60     2.08  2.79  3.36  3.66  3.69  3.37  3.33  3.57  2.80  2.56  2.06  1.78     2.92  2.22  3.57  3.42  2.47
 45   70     2.04  2.73  3.21  3.35  3.32  3.02  2.99  3.23  2.57  2.39  1.96  1.73     2.71  2.17  3.29  3.08  2.31
 45   80     1.97  2.64  3.03  2.98  2.92  2.65  2.62  2.85  2.31  2.18  1.82  1.64     2.47  2.09  2.98  2.71  2.11
 45   90     1.88  2.52  2.82  2.61  2.50  2.27  2.25  2.45  2.03  1.95  1.65  1.52     2.21  1.97  2.65  2.33  1.88
 60   10     1.77  2.51  3.33  4.28  4.71  4.46  4.35  4.42  3.18  2.58  1.86  1.51     3.25  1.93  4.11  4.41  2.54
 60   20     1.84  2.58  3.39  4.26  4.65  4.37  4.27  4.36  3.18  2.63  1.93  1.58     3.25  2.00  4.10  4.33  2.58
 60   30     1.89  2.63  3.40  4.18  4.51  4.21  4.12  4.24  3.13  2.63  1.96  1.63     3.21  2.05  4.03  4.19  2.58
 60   40     1.91  2.65  3.37  4.04  4.30  3.99  3.91  4.06  3.03  2.59  1.96  1.64     3.12  2.07  3.90  3.99  2.53
 60   50     1.92  2.64  3.30  3.82  4.03  3.72  3.65  3.81  2.88  2.50  1.92  1.63     2.99  2.06  3.72  3.73  2.44
 60   60     1.89  2.60  3.20  3.58  3.73  3.42  3.36  3.53  2.70  2.38  1.85  1.59     2.82  2.03  3.50  3.44  2.31
 60   70     1.85  2.53  3.05  3.27  3.37  3.08  3.04  3.20  2.48  2.21  1.75  1.53     2.61  1.97  3.23  3.11  2.15
 60   80     1.78  2.45  2.89  2.95  3.00  2.73  2.69  2.86  2.23  2.01  1.61  1.44     2.39  1.89  2.95  2.76  1.95
 60   90     1.70  2.35  2.70  2.60  2.63  2.38  2.35  2.50  1.97  1.80  1.45  1.33     2.15  1.79  2.64  2.41  1.74
 75   10     1.72  2.46  3.28  4.24  4.70  4.46  4.34  4.38  3.14  2.53  1.81  1.46     3.21  1.88  4.07  4.39  2.49
 75   20     1.75  2.48  3.29  4.18  4.61  4.36  4.25  4.30  3.11  2.53  1.82  1.49     3.18  1.91  4.03  4.30  2.49
 75   30     1.76  2.48  3.26  4.06  4.47  4.20  4.10  4.16  3.03  2.49  1.81  1.49     3.11  1.91  3.93  4.15  2.44
 75   40     1.76  2.47  3.20  3.90  4.26  3.98  3.89  3.97  2.91  2.41  1.77  1.48     3.00  1.90  3.79  3.95  2.37
 75   50     1.73  2.44  3.12  3.69  4.00  3.72  3.64  3.73  2.76  2.31  1.71  1.44     2.86  1.87  3.60  3.69  2.26
 75   60     1.70  2.39  3.00  3.44  3.71  3.42  3.35  3.44  2.57  2.17  1.62  1.39     2.68  1.83  3.38  3.40  2.12
 75   70     1.65  2.33  2.88  3.16  3.38  3.11  3.05  3.14  2.36  2.01  1.52  1.32     2.49  1.77  3.14  3.10  1.96
 75   80     1.59  2.25  2.72  2.86  3.03  2.77  2.73  2.81  2.12  1.83  1.39  1.23     2.28  1.69  2.87  2.77  1.78
 75   90     1.52  2.17  2.57  2.55  2.68  2.44  2.39  2.47  1.89  1.63  1.25  1.14     2.06  1.61  2.60  2.44  1.59
 90   10     1.67  2.40  3.22  4.19  4.67  4.45  4.33  4.35  3.10  2.47  1.75  1.41     3.17  1.83  4.03  4.38  2.44
 90   20     1.65  2.37  3.17  4.09  4.57  4.34  4.22  4.23  3.03  2.41  1.71  1.39     3.10  1.80  3.94  4.26  2.38
 90   30     1.63  2.33  3.10  3.94  4.41  4.17  4.06  4.06  2.92  2.33  1.65  1.35     3.00  1.77  3.82  4.09  2.30
 90   40     1.59  2.28  3.02  3.74  4.19  3.95  3.85  3.84  2.77  2.23  1.58  1.30     2.86  1.73  3.65  3.88  2.19
 90   50     1.55  2.23  2.91  3.52  3.93  3.69  3.59  3.60  2.61  2.10  1.50  1.25     2.71  1.68  3.45  3.63  2.07
 90   60     1.51  2.17  2.79  3.27  3.63  3.39  3.31  3.32  2.42  1.96  1.40  1.19     2.53  1.62  3.23  3.34  1.93
 90   70     1.47  2.12  2.67  2.99  3.32  3.09  3.01  3.01  2.21  1.79  1.29  1.12     2.34  1.57  2.99  3.04  1.76
 90   80     1.41  2.05  2.54  2.72  3.00  2.77  2.71  2.71  2.00  1.64  1.18  1.05     2.15  1.50  2.75  2.73  1.61
 90   90     1.36  1.99  2.41  2.43  2.66  2.45  2.40  2.40  1.77  1.46  1.06  0.96     1.95  1.44  2.50  2.42  1.43
105   10     1.62  2.34  3.17  4.14  4.65  4.44  4.32  4.31  3.06  2.41  1.68  1.36     3.13  1.77  3.99  4.36  2.38
105   20     1.56  2.26  3.06  3.99  4.53  4.32  4.20  4.16  2.95  2.30  1.59  1.28     3.02  1.70  3.86  4.22  2.28
105   30     1.49  2.18  2.94  3.79  4.33  4.13  4.01  3.94  2.80  2.17  1.49  1.21     2.87  1.63  3.69  4.03  2.15
105   40     1.44  2.10  2.81  3.56  4.09  3.89  3.78  3.70  2.63  2.03  1.39  1.15     2.71  1.56  3.49  3.79  2.02
105   50     1.39  2.03  2.69  3.31  3.81  3.62  3.52  3.43  2.44  1.89  1.29  1.08     2.54  1.50  3.27  3.52  1.87
105   60     1.34  1.97  2.57  3.06  3.51  3.32  3.23  3.14  2.24  1.73  1.20  1.01     2.36  1.44  3.04  3.23  1.72
105   70     1.30  1.92  2.45  2.79  3.19  3.01  2.93  2.85  2.05  1.59  1.09  0.95     2.18  1.39  2.81  2.93  1.58
105   80     1.26  1.87  2.34  2.52  2.88  2.71  2.63  2.55  1.84  1.43  1.00  0.89     1.99  1.34  2.58  2.63  1.42
105   90     1.23  1.83  2.22  2.27  2.58  2.41  2.34  2.27  1.65  1.29  0.90  0.82     1.82  1.29  2.36  2.34  1.28
120   10     1.57  2.29  3.11  4.09  4.63  4.43  4.31  4.28  3.02  2.35  1.63  1.31     3.08  1.72  3.94  4.34  2.33
120   20     1.47  2.15  2.95  3.89  4.47  4.30  4.17  4.08  2.87  2.19  1.48  1.19     2.93  1.60  3.77  4.18  2.18
120   30     1.37  2.02  2.78  3.64  4.24  4.09  3.96  3.83  2.68  2.01  1.34  1.09     2.75  1.49  3.55  3.96  2.01
120   40     1.29  1.92  2.61  3.36  3.96  3.82  3.70  3.54  2.47  1.84  1.22  1.00     2.56  1.40  3.31  3.69  1.84
120   50     1.24  1.84  2.46  3.08  3.65  3.53  3.41  3.23  2.27  1.67  1.11  0.93     2.37  1.33  3.06  3.39  1.68
120   60     1.20  1.78  2.34  2.80  3.33  3.21  3.11  2.93  2.06  1.52  1.01  0.87     2.18  1.28  2.82  3.08  1.53
120   70     1.17  1.74  2.23  2.54  3.02  2.90  2.80  2.64  1.86  1.39  0.92  0.82     2.00  1.24  2.60  2.78  1.39
120   80     1.14  1.72  2.13  2.30  2.71  2.59  2.51  2.36  1.68  1.25  0.84  0.77     1.83  1.21  2.38  2.49  1.26
120   90     1.13  1.69  2.05  2.07  2.42  2.31  2.23  2.09  1.50  1.13  0.77  0.72     1.68  1.18  2.18  2.21  1.13
135   10     1.53  2.24  3.06  4.05  4.61  4.42  4.30  4.25  2.98  2.30  1.58  1.26     3.05  1.68  3.91  4.32  2.29
135   20     1.39  2.06  2.85  3.80  4.43  4.28  4.14  4.02  2.79  2.09  1.38  1.11     2.86  1.52  3.69  4.15  2.09
135   30     1.26  1.89  2.63  3.50  4.16  4.05  3.91  3.73  2.56  1.86  1.20  0.97     2.64  1.37  3.43  3.90  1.88
135   40     1.17  1.76  2.42  3.17  3.83  3.76  3.62  3.38  2.32  1.66  1.06  0.88     2.42  1.27  3.14  3.59  1.68
135   50     1.12  1.67  2.25  2.84  3.47  3.42  3.29  3.03  2.09  1.48  0.95  0.81     2.20  1.20  2.85  3.25  1.51
135   60     1.10  1.63  2.11  2.54  3.11  3.08  2.95  2.69  1.87  1.33  0.87  0.77     2.00  1.16  2.59  2.91  1.36
135   70     1.09  1.60  2.02  2.27  2.78  2.74  2.64  2.39  1.69  1.21  0.80  0.73     1.83  1.14  2.36  2.59  1.23
135   80     1.08  1.60  1.94  2.04  2.48  2.44  2.35  2.12  1.52  1.10  0.74  0.70     1.68  1.13  2.16  2.30  1.12
135   90     1.07  1.60  1.90  1.85  2.22  2.16  2.08  1.89  1.36  1.00  0.68  0.67     1.54  1.11  1.99  2.05  1.01
150   10     1.50  2.20  3.02  4.02  4.60  4.42  4.29  4.23  2.96  2.26  1.54  1.23     3.02  1.65  3.88  4.31  2.25
150   20     1.32  1.98  2.77  3.74  4.39  4.27  4.13  3.97  2.73  2.01  1.30  1.04     2.80  1.45  3.63  4.12  2.01
150   30     1.17  1.77  2.50  3.39  4.10  4.03  3.88  3.64  2.47  1.74  1.09  0.88     2.56  1.27  3.33  3.85  1.76
150   40     1.08  1.62  2.24  3.00  3.73  3.72  3.56  3.25  2.18  1.49  0.93  0.79     2.30  1.16  2.99  3.51  1.53
150   50     1.06  1.54  2.04  2.60  3.30  3.34  3.19  2.83  1.91  1.30  0.84  0.76     2.06  1.12  2.65  3.12  1.35
150   60     1.06  1.51  1.91  2.26  2.87  2.93  2.79  2.44  1.69  1.17  0.79  0.74     1.85  1.10  2.35  2.72  1.22
150   70     1.06  1.52  1.84  2.00  2.51  2.55  2.44  2.13  1.52  1.08  0.75  0.71     1.68  1.10  2.11  2.37  1.12
150   80     1.06  1.54  1.80  1.80  2.21  2.25  2.15  1.88  1.37  1.00  0.70  0.68     1.54  1.09  1.94  2.09  1.02
150   90     1.06  1.56  1.78  1.64  1.98  1.99  1.91  1.69  1.24  0.92  0.65  0.66     1.42  1.09  1.80  1.86  0.94
165   10     1.48  2.18  3.00  4.00  4.59  4.42  4.28  4.21  2.94  2.24  1.51  1.21     3.00  1.62  3.86  4.31  2.23
165   20     1.28  1.93  2.72  3.70  4.37  4.27  4.11  3.95  2.70  1.96  1.25  0.99     2.77  1.40  3.60  4.11  1.97
165   30     1.10  1.69  2.41  3.32  4.07  4.03  3.86  3.60  2.41  1.65  1.00  0.81     2.50  1.20  3.27  3.83  1.68
165   40     1.06  1.50  2.10  2.89  3.68  3.71  3.54  3.19  2.09  1.35  0.86  0.78     2.23  1.11  2.89  3.48  1.43
165   50     1.06  1.47  1.85  2.42  3.23  3.34  3.16  2.72  1.76  1.16  0.83  0.76     1.98  1.09  2.50  3.07  1.25
165   60     1.06  1.48  1.74  1.98  2.72  2.90  2.73  2.21  1.52  1.08  0.79  0.74     1.75  1.09  2.15  2.62  1.13
165   70     1.06  1.50  1.72  1.74  2.23  2.43  2.26  1.86  1.38  1.02  0.74  0.71     1.55  1.09  1.89  2.18  1.05
165   80     1.06  1.53  1.72  1.59  1.95  2.07  1.95  1.66  1.27  0.95  0.70  0.68     1.43  1.09  1.75  1.89  0.97
165   90     1.06  1.55  1.71  1.48  1.75  1.84  1.74  1.51  1.17  0.89  0.65  0.66     1.33  1.09  1.65  1.70  0.90
180   10     1.47  2.17  2.99  4.00  4.58  4.42  4.28  4.21  2.93  2.23  1.50  1.20     3.00  1.62  3.86  4.30  2.22
180   20     1.26  1.92  2.70  3.69  4.36  4.27  4.11  3.94  2.69  1.93  1.23  0.97     2.75  1.38  3.58  4.11  1.95
180   30     1.07  1.66  2.38  3.31  4.04  4.03  3.86  3.60  2.39  1.61  0.96  0.80     2.48  1.17  3.25  3.83  1.65
180   40     1.06  1.45  2.04  2.88  3.65  3.72  3.53  3.18  2.06  1.28  0.86  0.78     2.21  1.10  2.86  3.48  1.40
180   50     1.06  1.47  1.70  2.39  3.20  3.34  3.15  2.71  1.70  1.14  0.83  0.76     1.95  1.09  2.43  3.07  1.22
180   60     1.06  1.48  1.69  1.88  2.69  2.91  2.71  2.20  1.41  1.08  0.79  0.74     1.72  1.09  2.08  2.61  1.09
180   70     1.06  1.50  1.69  1.59  2.14  2.43  2.24  1.73  1.32  1.02  0.74  0.71     1.52  1.09  1.81  2.13  1.03
180   80     1.06  1.53  1.70  1.49  1.81  2.00  1.86  1.56  1.23  0.95  0.70  0.68     1.38  1.09  1.67  1.81  0.96
180   90     1.06  1.55  1.70  1.41  1.64  1.78  1.67  1.44  1.14  0.89  0.65  0.66     1.30  1.09  1.58  1.63  0.89
             61.4  56.4  40.3  20.4   8.0   2.6   5.2  14.4  25.3  39.9  51.6  57.7     26.2  58.3  20.6   7.8  38.1
             2.35  3.11  3.72  4.42  4.74  4.49  4.38  4.49  3.34  2.98  2.44  2.09     3.55  2.52  4.23  4.44  2.88
             2.12  2.89  3.66  4.40  4.59  4.27  4.20  4.43  3.34  2.92  2.27  1.88     3.41  2.30  4.22  4.30  2.84
             1.11  1.08  1.02  1.00  1.03  1.05  1.04  1.01  1.00  1.02  1.07  1.11     1.05  1.10  1.02  1.04  1.03
             1.26  1.18  1.13  1.04  0.97  0.95  0.96  1.00  1.07  1.17  1.28  1.31     1.11  1.25  1.05  0.97  1.17
temperature  -2.7  -2.3   0.9   7.5  13.3  17.4  21.1  22.3  17.9  11.1   5.1   0.1      9.3  -1.6   7.2  20.3  11.4
diffusedrad  1.18  1.65  1.99  2.22  2.47  2.63  2.55  2.31  1.92  1.49  1.08  0.94     1.87  1.25  2.23  2.50  1.50
snow10cm     0.86  0.98  0.66  0.06  0.00  0.00  0.00  0.00  0.00  0.00  0.03  0.29     0.24  0.71  0.24  0.00  0.01
