2 40061   大子            36 46.7  140 20.7  120
             2.43  3.14  3.63  4.23  4.42  3.96  3.91  3.93  3.04  2.68  2.29  2.22     3.32  2.60  4.10  3.93  2.67
             2.76  3.58  4.12  5.26  5.18  4.65  5.27  4.87  3.70  3.33  2.87  2.47     3.67  2.86  4.61  4.60  3.03
             2.10  2.44  2.53  3.46  3.65  2.73  2.79  3.08  1.95  2.12  1.64  1.92     2.84  2.34  3.44  3.01  2.33
  0   10     2.96  3.56  3.91  4.37  4.43  3.94  3.90  3.98  3.16  2.92  2.65  2.71     3.54  3.07  4.24  3.94  2.91
  0   20     3.42  3.93  4.11  4.41  4.38  3.86  3.83  3.97  3.22  3.10  2.97  3.16     3.70  3.50  4.30  3.88  3.10
  0   30     3.79  4.21  4.22  4.36  4.23  3.71  3.69  3.88  3.22  3.22  3.22  3.53     3.77  3.84  4.27  3.76  3.22
  0   40     4.07  4.38  4.23  4.22  4.00  3.49  3.48  3.71  3.15  3.27  3.40  3.81     3.77  4.09  4.15  3.56  3.27
  0   50     4.25  4.44  4.14  4.00  3.70  3.22  3.22  3.47  3.03  3.24  3.49  3.99     3.68  4.23  3.95  3.31  3.25
  0   60     4.31  4.40  3.96  3.69  3.34  2.90  2.90  3.18  2.84  3.14  3.49  4.07     3.52  4.26  3.66  2.99  3.16
  0   70     4.26  4.25  3.69  3.31  2.92  2.54  2.55  2.83  2.60  2.98  3.41  4.04     3.28  4.18  3.31  2.64  3.00
  0   80     4.11  3.99  3.34  2.87  2.47  2.17  2.17  2.43  2.32  2.75  3.25  3.90     2.98  4.00  2.90  2.26  2.77
  0   90     3.84  3.64  2.92  2.38  2.00  1.79  1.78  2.01  2.00  2.46  3.00  3.66     2.63  3.71  2.44  1.86  2.49
 15   10     2.94  3.55  3.90  4.36  4.43  3.94  3.90  3.98  3.15  2.91  2.63  2.69     3.53  3.06  4.23  3.94  2.90
 15   20     3.39  3.90  4.10  4.41  4.37  3.86  3.83  3.96  3.21  3.09  2.93  3.12     3.68  3.47  4.29  3.88  3.08
 15   30     3.75  4.16  4.20  4.36  4.23  3.71  3.69  3.87  3.21  3.20  3.17  3.47     3.75  3.80  4.26  3.76  3.19
 15   40     4.02  4.33  4.20  4.22  4.01  3.50  3.48  3.71  3.14  3.23  3.32  3.74     3.74  4.03  4.14  3.56  3.23
 15   50     4.18  4.38  4.11  3.99  3.71  3.23  3.22  3.48  3.01  3.20  3.40  3.90     3.65  4.16  3.94  3.31  3.21
 15   60     4.24  4.33  3.93  3.69  3.36  2.92  2.92  3.18  2.83  3.10  3.39  3.97     3.49  4.18  3.66  3.00  3.11
 15   70     4.19  4.17  3.66  3.32  2.95  2.57  2.57  2.84  2.59  2.93  3.30  3.93     3.25  4.10  3.31  2.66  2.94
 15   80     4.02  3.91  3.31  2.89  2.52  2.20  2.20  2.46  2.31  2.70  3.13  3.79     2.95  3.91  2.91  2.29  2.71
 15   90     3.76  3.56  2.90  2.43  2.06  1.83  1.83  2.05  2.00  2.41  2.89  3.55     2.61  3.62  2.46  1.90  2.43
 30   10     2.89  3.50  3.88  4.34  4.43  3.94  3.90  3.96  3.14  2.88  2.59  2.63     3.51  3.01  4.22  3.93  2.87
 30   20     3.29  3.81  4.04  4.38  4.37  3.86  3.83  3.94  3.19  3.03  2.84  3.01     3.63  3.37  4.26  3.88  3.02
 30   30     3.60  4.03  4.13  4.32  4.23  3.71  3.69  3.85  3.17  3.12  3.03  3.32     3.68  3.65  4.22  3.75  3.11
 30   40     3.83  4.15  4.12  4.18  4.02  3.51  3.49  3.69  3.10  3.14  3.15  3.54     3.66  3.84  4.11  3.56  3.13
 30   50     3.96  4.18  4.01  3.96  3.74  3.25  3.24  3.46  2.97  3.10  3.20  3.67     3.56  3.93  3.91  3.32  3.09
 30   60     3.98  4.10  3.83  3.67  3.41  2.95  2.95  3.18  2.78  2.98  3.17  3.70     3.39  3.93  3.63  3.03  2.98
 30   70     3.91  3.92  3.57  3.32  3.03  2.62  2.62  2.85  2.55  2.81  3.06  3.64     3.16  3.82  3.31  2.70  2.81
 30   80     3.73  3.66  3.23  2.92  2.62  2.27  2.28  2.50  2.28  2.57  2.88  3.48     2.87  3.63  2.92  2.35  2.58
 30   90     3.46  3.31  2.84  2.50  2.21  1.93  1.93  2.12  1.99  2.30  2.64  3.24     2.54  3.34  2.51  2.00  2.31
 45   10     2.81  3.42  3.83  4.32  4.42  3.94  3.89  3.95  3.12  2.84  2.52  2.55     3.47  2.92  4.19  3.93  2.82
 45   20     3.12  3.66  3.96  4.33  4.37  3.86  3.82  3.92  3.14  2.95  2.72  2.84     3.56  3.21  4.22  3.86  2.94
 45   30     3.36  3.81  4.00  4.26  4.23  3.71  3.68  3.82  3.11  3.01  2.86  3.07     3.58  3.42  4.17  3.74  2.99
 45   40     3.53  3.90  3.97  4.11  4.03  3.52  3.49  3.65  3.03  3.00  2.93  3.22     3.53  3.55  4.04  3.55  2.99
 45   50     3.61  3.88  3.86  3.90  3.77  3.27  3.26  3.44  2.89  2.93  2.93  3.29     3.42  3.60  3.85  3.32  2.92
 45   60     3.60  3.78  3.67  3.62  3.45  2.98  2.98  3.16  2.71  2.81  2.88  3.29     3.24  3.56  3.58  3.04  2.80
 45   70     3.50  3.59  3.42  3.30  3.10  2.68  2.67  2.86  2.48  2.64  2.76  3.20     3.02  3.43  3.27  2.74  2.63
 45   80     3.31  3.34  3.11  2.92  2.73  2.36  2.35  2.52  2.23  2.41  2.58  3.04     2.74  3.23  2.92  2.41  2.40
 45   90     3.06  3.01  2.75  2.54  2.35  2.03  2.03  2.18  1.96  2.15  2.33  2.79     2.43  2.95  2.54  2.08  2.15
 60   10     2.69  3.32  3.76  4.28  4.41  3.93  3.88  3.93  3.09  2.78  2.44  2.43     3.41  2.82  4.15  3.92  2.77
 60   20     2.91  3.47  3.84  4.26  4.35  3.85  3.81  3.88  3.09  2.85  2.56  2.63     3.46  3.00  4.15  3.84  2.83
 60   30     3.07  3.56  3.84  4.17  4.21  3.71  3.67  3.77  3.03  2.86  2.63  2.77     3.44  3.13  4.08  3.72  2.84
 60   40     3.16  3.57  3.79  4.02  4.01  3.51  3.49  3.60  2.94  2.83  2.66  2.85     3.37  3.19  3.94  3.53  2.81
 60   50     3.19  3.52  3.65  3.80  3.76  3.28  3.25  3.38  2.79  2.74  2.63  2.86     3.24  3.19  3.74  3.30  2.72
 60   60     3.14  3.40  3.47  3.54  3.47  3.01  3.00  3.13  2.61  2.60  2.54  2.82     3.06  3.12  3.50  3.04  2.58
 60   70     3.02  3.20  3.21  3.23  3.14  2.71  2.70  2.83  2.40  2.43  2.41  2.71     2.83  2.98  3.19  2.75  2.41
 60   80     2.84  2.97  2.94  2.90  2.80  2.41  2.40  2.53  2.16  2.21  2.23  2.54     2.58  2.79  2.88  2.45  2.20
 60   90     2.62  2.68  2.61  2.54  2.45  2.11  2.10  2.21  1.90  1.98  2.01  2.32     2.29  2.54  2.53  2.14  1.97
 75   10     2.56  3.21  3.69  4.24  4.40  3.93  3.88  3.90  3.05  2.72  2.34  2.30     3.35  2.69  4.11  3.90  2.70
 75   20     2.67  3.26  3.70  4.18  4.32  3.84  3.79  3.83  3.02  2.73  2.38  2.39     3.34  2.77  4.07  3.82  2.71
 75   30     2.73  3.25  3.65  4.06  4.18  3.69  3.65  3.70  2.94  2.69  2.39  2.43     3.28  2.81  3.96  3.68  2.67
 75   40     2.75  3.22  3.55  3.89  3.98  3.50  3.47  3.52  2.82  2.62  2.35  2.44     3.18  2.80  3.81  3.50  2.60
 75   50     2.71  3.11  3.41  3.67  3.73  3.27  3.24  3.31  2.67  2.51  2.29  2.40     3.03  2.74  3.60  3.27  2.49
 75   60     2.65  2.98  3.21  3.41  3.45  3.01  2.98  3.05  2.49  2.37  2.18  2.31     2.84  2.65  3.36  3.02  2.35
 75   70     2.52  2.79  2.98  3.13  3.15  2.73  2.71  2.78  2.28  2.20  2.05  2.21     2.63  2.51  3.09  2.74  2.18
 75   80     2.35  2.57  2.71  2.81  2.82  2.44  2.42  2.49  2.05  2.00  1.89  2.05     2.38  2.32  2.78  2.45  1.98
 75   90     2.16  2.32  2.43  2.49  2.49  2.15  2.13  2.19  1.83  1.79  1.69  1.86     2.13  2.12  2.47  2.16  1.77
 90   10     2.43  3.08  3.61  4.19  4.38  3.92  3.87  3.88  3.01  2.65  2.24  2.17     3.29  2.56  4.06  3.89  2.63
 90   20     2.41  3.03  3.54  4.09  4.28  3.83  3.77  3.77  2.94  2.59  2.19  2.13     3.21  2.52  3.97  3.79  2.58
 90   30     2.38  2.94  3.44  3.93  4.12  3.67  3.62  3.62  2.84  2.51  2.12  2.09     3.11  2.47  3.83  3.64  2.49
 90   40     2.32  2.82  3.29  3.73  3.92  3.48  3.43  3.43  2.69  2.40  2.04  2.01     2.96  2.38  3.65  3.44  2.38
 90   50     2.25  2.69  3.11  3.50  3.67  3.24  3.20  3.21  2.53  2.27  1.94  1.94     2.80  2.29  3.43  3.22  2.24
 90   60     2.14  2.52  2.92  3.24  3.39  2.98  2.95  2.95  2.35  2.12  1.82  1.83     2.60  2.16  3.18  2.96  2.10
 90   70     2.02  2.36  2.69  2.96  3.10  2.71  2.68  2.68  2.14  1.95  1.68  1.72     2.39  2.03  2.92  2.69  1.92
 90   80     1.87  2.15  2.45  2.67  2.79  2.43  2.41  2.41  1.94  1.78  1.54  1.59     2.17  1.87  2.64  2.42  1.75
 90   90     1.72  1.95  2.20  2.37  2.47  2.15  2.13  2.14  1.72  1.58  1.38  1.43     1.94  1.70  2.35  2.14  1.56
105   10     2.29  2.96  3.52  4.14  4.36  3.91  3.86  3.85  2.97  2.58  2.14  2.03     3.22  2.42  4.01  3.87  2.56
105   20     2.15  2.79  3.38  3.99  4.24  3.81  3.75  3.71  2.86  2.46  2.00  1.88     3.08  2.27  3.87  3.76  2.44
105   30     2.00  2.61  3.20  3.79  4.06  3.64  3.59  3.53  2.72  2.32  1.87  1.74     2.92  2.12  3.68  3.59  2.30
105   40     1.89  2.43  3.01  3.55  3.83  3.44  3.38  3.32  2.56  2.17  1.73  1.62     2.74  1.98  3.46  3.38  2.15
105   50     1.78  2.25  2.81  3.29  3.57  3.19  3.14  3.08  2.37  2.02  1.60  1.49     2.55  1.84  3.22  3.14  2.00
105   60     1.66  2.09  2.59  3.03  3.28  2.93  2.88  2.82  2.18  1.85  1.48  1.39     2.35  1.71  2.97  2.88  1.84
105   70     1.55  1.92  2.37  2.76  2.98  2.66  2.61  2.56  1.99  1.70  1.35  1.27     2.14  1.58  2.71  2.61  1.68
105   80     1.43  1.75  2.16  2.47  2.69  2.38  2.35  2.29  1.79  1.54  1.23  1.17     1.94  1.45  2.44  2.34  1.52
105   90     1.31  1.59  1.94  2.21  2.40  2.12  2.08  2.04  1.60  1.38  1.11  1.05     1.74  1.32  2.18  2.08  1.36
120   10     2.15  2.84  3.44  4.09  4.34  3.91  3.85  3.82  2.93  2.51  2.04  1.91     3.15  2.30  3.96  3.86  2.50
120   20     1.89  2.55  3.21  3.89  4.20  3.79  3.73  3.66  2.79  2.33  1.82  1.64     2.96  2.03  3.77  3.73  2.31
120   30     1.67  2.28  2.96  3.63  3.99  3.61  3.54  3.45  2.61  2.13  1.61  1.42     2.74  1.79  3.53  3.53  2.12
120   40     1.49  2.04  2.71  3.35  3.73  3.38  3.32  3.20  2.41  1.94  1.44  1.24     2.52  1.59  3.26  3.30  1.93
120   50     1.34  1.84  2.47  3.06  3.43  3.12  3.06  2.93  2.21  1.76  1.29  1.10     2.30  1.43  2.99  3.04  1.75
120   60     1.23  1.67  2.25  2.77  3.13  2.85  2.79  2.66  2.01  1.61  1.17  1.00     2.09  1.30  2.72  2.77  1.59
120   70     1.14  1.51  2.05  2.51  2.83  2.57  2.52  2.40  1.81  1.46  1.06  0.92     1.90  1.19  2.46  2.49  1.45
120   80     1.05  1.39  1.85  2.25  2.54  2.30  2.25  2.14  1.64  1.31  0.97  0.84     1.71  1.10  2.21  2.23  1.31
120   90     0.97  1.26  1.68  2.00  2.27  2.04  2.00  1.90  1.46  1.19  0.88  0.76     1.53  1.00  1.98  1.98  1.18
135   10     2.03  2.73  3.37  4.05  4.33  3.90  3.84  3.80  2.90  2.45  1.96  1.79     3.10  2.19  3.92  3.85  2.44
135   20     1.66  2.35  3.06  3.80  4.16  3.78  3.71  3.61  2.72  2.21  1.66  1.43     2.84  1.81  3.67  3.70  2.19
135   30     1.34  1.98  2.73  3.49  3.92  3.59  3.51  3.37  2.50  1.95  1.38  1.12     2.57  1.48  3.38  3.49  1.95
135   40     1.11  1.68  2.41  3.15  3.62  3.34  3.26  3.08  2.27  1.72  1.18  0.91     2.31  1.24  3.06  3.22  1.72
135   50     0.98  1.46  2.14  2.81  3.28  3.05  2.97  2.77  2.04  1.53  1.03  0.79     2.07  1.08  2.74  2.93  1.53
135   60     0.89  1.30  1.91  2.50  2.95  2.75  2.67  2.48  1.83  1.37  0.93  0.71     1.86  0.97  2.45  2.63  1.38
135   70     0.83  1.17  1.71  2.23  2.64  2.45  2.39  2.21  1.65  1.24  0.84  0.67     1.67  0.89  2.19  2.35  1.25
135   80     0.78  1.09  1.55  1.99  2.35  2.18  2.13  1.96  1.48  1.13  0.79  0.63     1.51  0.83  1.96  2.09  1.13
135   90     0.74  1.01  1.42  1.78  2.10  1.93  1.89  1.75  1.33  1.03  0.73  0.60     1.36  0.78  1.77  1.86  1.03
150   10     1.94  2.66  3.31  4.02  4.31  3.90  3.83  3.78  2.87  2.41  1.90  1.71     3.05  2.10  3.88  3.84  2.39
150   20     1.46  2.18  2.94  3.73  4.13  3.77  3.69  3.57  2.66  2.11  1.52  1.25     2.75  1.63  3.60  3.68  2.10
150   30     1.06  1.72  2.54  3.38  3.87  3.57  3.48  3.30  2.41  1.80  1.19  0.87     2.43  1.22  3.26  3.45  1.80
150   40     0.82  1.36  2.14  2.98  3.53  3.31  3.21  2.98  2.14  1.53  0.95  0.67     2.13  0.95  2.88  3.17  1.54
150   50     0.73  1.13  1.82  2.57  3.14  2.99  2.90  2.62  1.88  1.31  0.83  0.62     1.88  0.83  2.51  2.84  1.34
150   60     0.70  1.01  1.58  2.22  2.75  2.65  2.55  2.29  1.65  1.18  0.78  0.60     1.66  0.77  2.18  2.50  1.20
150   70     0.68  0.95  1.42  1.94  2.40  2.32  2.24  2.00  1.49  1.08  0.74  0.59     1.49  0.74  1.92  2.19  1.10
150   80     0.65  0.90  1.30  1.74  2.13  2.05  1.98  1.78  1.34  1.00  0.70  0.57     1.35  0.71  1.72  1.94  1.01
150   90     0.63  0.87  1.21  1.57  1.90  1.81  1.75  1.59  1.22  0.93  0.66  0.55     1.23  0.68  1.56  1.72  0.94
165   10     1.87  2.61  3.28  4.00  4.30  3.90  3.83  3.77  2.86  2.38  1.86  1.64     3.02  2.04  3.86  3.83  2.36
165   20     1.32  2.06  2.86  3.69  4.11  3.77  3.68  3.56  2.63  2.05  1.43  1.11     2.69  1.50  3.56  3.67  2.04
165   30     0.85  1.52  2.40  3.31  3.84  3.56  3.47  3.27  2.35  1.70  1.03  0.69     2.33  1.02  3.18  3.44  1.69
165   40     0.72  1.08  1.92  2.87  3.49  3.30  3.20  2.93  2.05  1.36  0.82  0.63     2.03  0.81  2.76  3.14  1.41
165   50     0.71  0.93  1.52  2.39  3.08  2.99  2.87  2.54  1.73  1.14  0.80  0.62     1.78  0.75  2.33  2.80  1.22
165   60     0.69  0.91  1.31  1.94  2.63  2.62  2.50  2.12  1.50  1.06  0.77  0.60     1.55  0.73  1.96  2.42  1.11
165   70     0.67  0.88  1.22  1.67  2.17  2.23  2.10  1.80  1.36  1.00  0.73  0.59     1.37  0.71  1.69  2.04  1.03
165   80     0.65  0.86  1.15  1.51  1.90  1.91  1.83  1.61  1.25  0.94  0.70  0.57     1.24  0.69  1.52  1.78  0.96
165   90     0.63  0.83  1.08  1.39  1.71  1.70  1.63  1.46  1.15  0.88  0.66  0.55     1.14  0.67  1.39  1.60  0.90
180   10     1.85  2.59  3.26  4.00  4.30  3.90  3.82  3.77  2.85  2.37  1.84  1.63     3.01  2.02  3.85  3.83  2.35
180   20     1.27  2.01  2.83  3.69  4.10  3.76  3.68  3.55  2.62  2.02  1.39  1.07     2.67  1.45  3.54  3.66  2.01
180   30     0.79  1.43  2.34  3.30  3.82  3.56  3.46  3.27  2.34  1.65  0.97  0.65     2.30  0.96  3.15  3.43  1.65
180   40     0.72  0.95  1.82  2.85  3.47  3.30  3.19  2.92  2.02  1.27  0.82  0.63     2.00  0.77  2.71  3.14  1.37
180   50     0.71  0.93  1.29  2.36  3.06  2.98  2.86  2.53  1.67  1.10  0.80  0.62     1.74  0.75  2.23  2.79  1.19
180   60     0.69  0.91  1.21  1.83  2.60  2.62  2.49  2.11  1.39  1.05  0.77  0.60     1.52  0.73  1.88  2.41  1.07
180   70     0.67  0.88  1.16  1.52  2.10  2.23  2.09  1.70  1.30  1.00  0.73  0.59     1.33  0.71  1.59  2.01  1.01
180   80     0.65  0.86  1.10  1.41  1.78  1.86  1.75  1.53  1.21  0.94  0.70  0.57     1.20  0.69  1.43  1.71  0.95
180   90     0.63  0.83  1.05  1.32  1.61  1.66  1.57  1.40  1.12  0.88  0.66  0.55     1.11  0.67  1.33  1.54  0.89
             60.8  51.0  36.0  19.8   7.6   3.1   5.0  13.4  24.8  41.4  55.5  62.2     34.5  58.0  21.7   7.4  42.1
             4.31  4.44  4.23  4.41  4.44  3.96  3.91  3.98  3.23  3.27  3.50  4.07     3.98  4.26  4.30  3.94  3.27
             3.93  4.30  4.23  4.31  4.13  3.62  3.60  3.81  3.20  3.25  3.31  3.67     3.78  3.96  4.23  3.68  3.25
             1.10  1.03  1.00  1.02  1.08  1.09  1.09  1.04  1.01  1.01  1.06  1.11     1.05  1.08  1.03  1.07  1.02
             1.62  1.37  1.17  1.02  0.93  0.91  0.92  0.97  1.05  1.21  1.45  1.65     1.19  1.55  1.04  0.93  1.24
temperature   0.4   1.4   4.9  10.8  15.7  19.5  23.3  24.6  20.6  14.2   7.9   2.5     12.2   1.4  10.5  22.5  14.2
diffusedrad  1.05  1.38  1.77  2.16  2.48  2.55  2.46  2.29  1.87  1.48  1.13  0.93     1.79  1.12  2.14  2.43  1.49
snow10cm     0.02  0.04  0.00  0.00  0.00  0.00  0.00  0.00  0.00  0.00  0.00  0.00     0.00  0.02  0.00  0.00  0.00
