2 41076   五十里          36 55.3  139 41.7  620
             1.96  2.75  3.58  4.21  4.54  4.09  3.98  3.94  2.91  2.51  2.10  1.85     3.20  2.19  4.11  4.00  2.51
             2.37  3.11  4.12  5.02  5.20  4.90  5.89  4.92  3.50  3.13  2.48  2.17     3.51  2.45  4.59  4.71  2.82
             1.58  2.15  3.15  3.59  3.85  3.03  3.10  3.11  2.01  1.96  1.60  1.56     2.70  1.90  3.72  3.16  1.99
  0   10     2.27  3.04  3.84  4.34  4.55  4.08  3.97  3.99  3.02  2.72  2.41  2.18     3.37  2.50  4.25  4.01  2.72
  0   20     2.54  3.30  4.04  4.39  4.49  3.99  3.90  3.98  3.08  2.88  2.68  2.48     3.48  2.78  4.31  3.96  2.88
  0   30     2.76  3.51  4.16  4.35  4.34  3.83  3.75  3.89  3.07  2.98  2.89  2.73     3.52  3.00  4.28  3.83  2.98
  0   40     2.94  3.66  4.20  4.21  4.11  3.61  3.54  3.72  3.01  3.01  3.03  2.92     3.50  3.17  4.17  3.63  3.02
  0   50     3.05  3.74  4.16  3.99  3.80  3.33  3.27  3.49  2.88  2.98  3.10  3.03     3.40  3.27  3.98  3.36  2.99
  0   60     3.10  3.75  4.04  3.69  3.42  2.99  2.95  3.19  2.71  2.88  3.09  3.08     3.24  3.31  3.72  3.04  2.89
  0   70     3.08  3.69  3.84  3.32  2.99  2.62  2.59  2.84  2.48  2.73  3.01  3.05     3.02  3.27  3.38  2.68  2.74
  0   80     3.01  3.56  3.58  2.88  2.53  2.22  2.20  2.44  2.22  2.52  2.86  2.94     2.75  3.17  3.00  2.29  2.53
  0   90     2.87  3.36  3.25  2.40  2.04  1.82  1.81  2.02  1.92  2.25  2.65  2.77     2.43  3.00  2.56  1.88  2.27
 15   10     2.26  3.03  3.84  4.34  4.55  4.08  3.97  3.98  3.02  2.71  2.39  2.17     3.36  2.48  4.24  4.01  2.71
 15   20     2.52  3.28  4.02  4.38  4.49  3.99  3.90  3.97  3.07  2.86  2.65  2.46     3.47  2.75  4.30  3.96  2.86
 15   30     2.74  3.48  4.13  4.34  4.34  3.84  3.75  3.88  3.06  2.95  2.84  2.69     3.50  2.97  4.27  3.83  2.95
 15   40     2.90  3.62  4.17  4.20  4.11  3.61  3.54  3.72  2.99  2.98  2.96  2.87     3.47  3.13  4.16  3.63  2.98
 15   50     3.01  3.69  4.12  3.98  3.81  3.34  3.28  3.49  2.87  2.94  3.02  2.98     3.38  3.22  3.97  3.37  2.94
 15   60     3.05  3.69  4.00  3.69  3.44  3.01  2.97  3.19  2.69  2.85  3.01  3.01     3.22  3.25  3.71  3.06  2.85
 15   70     3.03  3.63  3.81  3.33  3.02  2.64  2.61  2.85  2.47  2.69  2.92  2.98     3.00  3.21  3.38  2.70  2.69
 15   80     2.95  3.50  3.55  2.90  2.57  2.25  2.23  2.47  2.21  2.47  2.77  2.87     2.73  3.11  3.01  2.32  2.48
 15   90     2.81  3.30  3.22  2.45  2.11  1.87  1.85  2.06  1.91  2.21  2.55  2.69     2.42  2.94  2.59  1.93  2.22
 30   10     2.23  2.99  3.81  4.32  4.55  4.08  3.97  3.98  3.00  2.69  2.35  2.13     3.34  2.45  4.22  4.01  2.68
 30   20     2.46  3.22  3.97  4.36  4.49  3.99  3.90  3.96  3.04  2.82  2.57  2.38     3.43  2.69  4.27  3.95  2.81
 30   30     2.65  3.39  4.07  4.30  4.34  3.84  3.75  3.86  3.02  2.89  2.73  2.59     3.45  2.87  4.24  3.82  2.88
 30   40     2.79  3.50  4.09  4.17  4.13  3.63  3.56  3.70  2.95  2.90  2.82  2.73     3.41  3.00  4.13  3.63  2.89
 30   50     2.87  3.55  4.03  3.95  3.84  3.36  3.30  3.47  2.82  2.85  2.85  2.81     3.31  3.08  3.94  3.37  2.84
 30   60     2.90  3.53  3.90  3.67  3.50  3.05  3.00  3.19  2.64  2.74  2.82  2.82     3.15  3.08  3.69  3.08  2.73
 30   70     2.86  3.46  3.71  3.33  3.10  2.70  2.67  2.86  2.43  2.58  2.72  2.77     2.93  3.03  3.38  2.74  2.57
 30   80     2.78  3.32  3.46  2.93  2.69  2.34  2.31  2.51  2.17  2.36  2.56  2.66     2.67  2.92  3.03  2.39  2.36
 30   90     2.63  3.13  3.15  2.51  2.26  1.98  1.96  2.13  1.89  2.11  2.34  2.48     2.38  2.75  2.64  2.02  2.11
 45   10     2.17  2.94  3.76  4.29  4.54  4.08  3.96  3.96  2.98  2.65  2.29  2.07     3.31  2.40  4.20  4.00  2.64
 45   20     2.36  3.11  3.89  4.30  4.48  3.99  3.89  3.92  3.00  2.75  2.46  2.27     3.37  2.58  4.22  3.94  2.74
 45   30     2.50  3.24  3.95  4.24  4.34  3.84  3.75  3.83  2.97  2.79  2.57  2.42     3.37  2.72  4.18  3.81  2.78
 45   40     2.61  3.32  3.95  4.10  4.13  3.64  3.56  3.66  2.88  2.77  2.63  2.51     3.31  2.81  4.06  3.62  2.76
 45   50     2.66  3.34  3.89  3.89  3.87  3.38  3.32  3.44  2.75  2.71  2.63  2.56     3.20  2.85  3.88  3.38  2.69
 45   60     2.66  3.30  3.75  3.62  3.54  3.08  3.03  3.17  2.58  2.59  2.57  2.54     3.04  2.84  3.63  3.10  2.58
 45   70     2.61  3.22  3.57  3.30  3.19  2.77  2.72  2.87  2.36  2.42  2.46  2.47     2.83  2.77  3.35  2.79  2.41
 45   80     2.52  3.09  3.34  2.93  2.80  2.43  2.39  2.53  2.12  2.21  2.29  2.35     2.58  2.65  3.02  2.45  2.21
 45   90     2.38  2.90  3.06  2.56  2.40  2.09  2.06  2.19  1.86  1.97  2.08  2.17     2.31  2.49  2.67  2.12  1.97
 60   10     2.11  2.87  3.71  4.26  4.53  4.07  3.96  3.94  2.95  2.60  2.23  1.99     3.27  2.33  4.16  3.99  2.59
 60   20     2.24  2.98  3.78  4.24  4.46  3.98  3.88  3.88  2.95  2.66  2.33  2.12     3.29  2.45  4.16  3.92  2.64
 60   30     2.33  3.06  3.81  4.15  4.32  3.84  3.74  3.77  2.90  2.66  2.38  2.21     3.26  2.53  4.09  3.79  2.65
 60   40     2.38  3.09  3.77  4.00  4.12  3.64  3.55  3.61  2.80  2.62  2.40  2.26     3.19  2.58  3.97  3.60  2.61
 60   50     2.40  3.08  3.69  3.79  3.87  3.39  3.31  3.39  2.66  2.53  2.36  2.25     3.06  2.58  3.78  3.36  2.52
 60   60     2.38  3.03  3.56  3.54  3.57  3.12  3.05  3.13  2.48  2.40  2.28  2.22     2.90  2.54  3.56  3.10  2.39
 60   70     2.32  2.94  3.38  3.22  3.23  2.81  2.75  2.84  2.28  2.24  2.16  2.13     2.69  2.46  3.27  2.80  2.23
 60   80     2.23  2.82  3.17  2.90  2.88  2.49  2.44  2.53  2.05  2.04  2.00  2.00     2.46  2.35  2.98  2.49  2.03
 60   90     2.11  2.66  2.92  2.55  2.52  2.18  2.14  2.22  1.81  1.82  1.80  1.84     2.21  2.20  2.66  2.18  1.81
 75   10     2.03  2.79  3.64  4.21  4.51  4.07  3.95  3.91  2.92  2.55  2.15  1.91     3.22  2.24  4.12  3.97  2.54
 75   20     2.09  2.84  3.65  4.16  4.43  3.97  3.86  3.84  2.89  2.55  2.17  1.96     3.20  2.29  4.08  3.89  2.54
 75   30     2.12  2.84  3.63  4.04  4.29  3.82  3.72  3.71  2.81  2.51  2.17  1.98     3.14  2.31  3.98  3.75  2.50
 75   40     2.14  2.84  3.56  3.88  4.09  3.63  3.53  3.53  2.69  2.44  2.14  1.98     3.04  2.32  3.84  3.56  2.42
 75   50     2.12  2.79  3.46  3.66  3.83  3.38  3.30  3.31  2.55  2.33  2.07  1.94     2.90  2.28  3.65  3.33  2.32
 75   60     2.08  2.73  3.32  3.40  3.55  3.12  3.04  3.06  2.37  2.19  1.97  1.87     2.72  2.23  3.42  3.07  2.18
 75   70     2.02  2.64  3.16  3.12  3.23  2.83  2.76  2.79  2.17  2.03  1.85  1.78     2.53  2.15  3.17  2.79  2.02
 75   80     1.93  2.53  2.96  2.81  2.90  2.53  2.47  2.50  1.95  1.85  1.70  1.66     2.31  2.04  2.89  2.50  1.83
 75   90     1.83  2.41  2.76  2.50  2.56  2.22  2.17  2.20  1.74  1.65  1.52  1.52     2.09  1.92  2.61  2.20  1.64
 90   10     1.95  2.71  3.56  4.17  4.49  4.06  3.94  3.88  2.88  2.49  2.06  1.81     3.17  2.16  4.07  3.96  2.48
 90   20     1.93  2.67  3.51  4.07  4.39  3.96  3.84  3.78  2.82  2.43  2.02  1.78     3.10  2.13  3.99  3.86  2.42
 90   30     1.91  2.63  3.43  3.91  4.23  3.80  3.69  3.63  2.71  2.35  1.95  1.74     3.00  2.09  3.86  3.71  2.34
 90   40     1.88  2.56  3.33  3.71  4.02  3.60  3.49  3.43  2.57  2.25  1.87  1.68     2.87  2.04  3.69  3.51  2.23
 90   50     1.84  2.50  3.19  3.49  3.77  3.36  3.26  3.21  2.42  2.11  1.77  1.62     2.71  1.99  3.48  3.28  2.10
 90   60     1.78  2.42  3.05  3.24  3.48  3.09  3.00  2.96  2.24  1.98  1.67  1.53     2.54  1.91  3.25  3.02  1.96
 90   70     1.72  2.34  2.90  2.95  3.18  2.81  2.73  2.69  2.04  1.81  1.54  1.45     2.34  1.84  3.01  2.74  1.79
 90   80     1.64  2.24  2.72  2.68  2.87  2.52  2.45  2.42  1.85  1.65  1.41  1.34     2.15  1.74  2.75  2.46  1.64
 90   90     1.57  2.15  2.55  2.38  2.54  2.23  2.17  2.14  1.64  1.47  1.26  1.22     1.94  1.65  2.49  2.18  1.46
105   10     1.87  2.62  3.49  4.12  4.47  4.05  3.92  3.85  2.85  2.42  1.97  1.72     3.11  2.07  4.03  3.94  2.42
105   20     1.78  2.51  3.36  3.97  4.35  3.94  3.81  3.72  2.74  2.31  1.85  1.61     3.00  1.97  3.89  3.83  2.30
105   30     1.70  2.40  3.21  3.77  4.16  3.77  3.65  3.54  2.61  2.18  1.73  1.50     2.85  1.86  3.71  3.65  2.17
105   40     1.62  2.29  3.06  3.53  3.93  3.55  3.44  3.32  2.45  2.04  1.61  1.41     2.69  1.77  3.51  3.44  2.03
105   50     1.56  2.19  2.91  3.28  3.66  3.30  3.20  3.08  2.27  1.90  1.49  1.32     2.51  1.69  3.28  3.19  1.89
105   60     1.50  2.12  2.76  3.02  3.37  3.03  2.93  2.83  2.09  1.74  1.38  1.23     2.33  1.61  3.05  2.93  1.74
105   70     1.45  2.04  2.60  2.75  3.06  2.75  2.66  2.56  1.90  1.60  1.25  1.14     2.15  1.54  2.81  2.65  1.58
105   80     1.39  1.97  2.46  2.48  2.76  2.47  2.39  2.29  1.71  1.44  1.15  1.06     1.96  1.47  2.57  2.38  1.43
105   90     1.34  1.91  2.31  2.22  2.46  2.19  2.12  2.04  1.53  1.30  1.03  0.97     1.78  1.41  2.33  2.12  1.28
120   10     1.79  2.54  3.41  4.07  4.46  4.04  3.92  3.83  2.81  2.37  1.89  1.64     3.06  1.99  3.98  3.93  2.36
120   20     1.63  2.35  3.21  3.87  4.30  3.92  3.79  3.66  2.67  2.20  1.70  1.45     2.90  1.81  3.80  3.79  2.19
120   30     1.50  2.17  3.00  3.62  4.09  3.73  3.61  3.45  2.50  2.02  1.52  1.28     2.71  1.65  3.57  3.60  2.01
120   40     1.39  2.02  2.79  3.34  3.81  3.50  3.37  3.20  2.32  1.84  1.36  1.15     2.51  1.52  3.31  3.36  1.84
120   50     1.31  1.91  2.61  3.05  3.52  3.23  3.11  2.93  2.12  1.68  1.23  1.05     2.31  1.43  3.06  3.09  1.68
120   60     1.25  1.83  2.45  2.77  3.21  2.94  2.83  2.66  1.93  1.53  1.12  0.97     2.13  1.35  2.81  2.81  1.52
120   70     1.22  1.77  2.31  2.50  2.90  2.65  2.56  2.40  1.74  1.39  1.01  0.90     1.95  1.30  2.57  2.54  1.38
120   80     1.18  1.73  2.18  2.26  2.60  2.37  2.29  2.14  1.57  1.25  0.93  0.84     1.78  1.25  2.35  2.27  1.25
120   90     1.16  1.69  2.08  2.02  2.32  2.11  2.03  1.90  1.41  1.13  0.84  0.78     1.62  1.21  2.14  2.01  1.13
135   10     1.72  2.47  3.35  4.03  4.44  4.04  3.91  3.80  2.78  2.31  1.82  1.56     3.02  1.92  3.94  3.92  2.31
135   20     1.50  2.21  3.08  3.78  4.26  3.91  3.77  3.62  2.61  2.09  1.56  1.30     2.81  1.67  3.71  3.77  2.09
135   30     1.31  1.97  2.80  3.48  4.01  3.71  3.57  3.37  2.41  1.87  1.32  1.08     2.57  1.45  3.43  3.55  1.87
135   40     1.18  1.78  2.54  3.14  3.70  3.45  3.31  3.08  2.19  1.66  1.14  0.93     2.34  1.30  3.13  3.28  1.66
135   50     1.11  1.66  2.32  2.80  3.35  3.15  3.02  2.77  1.97  1.48  1.01  0.84     2.12  1.20  2.82  2.98  1.49
135   60     1.07  1.59  2.15  2.50  3.01  2.83  2.71  2.48  1.77  1.33  0.91  0.79     1.93  1.15  2.55  2.67  1.34
135   70     1.06  1.55  2.02  2.23  2.69  2.53  2.42  2.20  1.60  1.20  0.83  0.75     1.76  1.12  2.31  2.38  1.21
135   80     1.04  1.54  1.93  2.00  2.40  2.25  2.16  1.96  1.44  1.09  0.78  0.71     1.61  1.10  2.11  2.12  1.10
135   90     1.04  1.53  1.86  1.80  2.14  1.99  1.91  1.75  1.28  1.00  0.71  0.68     1.48  1.09  1.93  1.89  1.00
150   10     1.67  2.41  3.30  4.00  4.42  4.03  3.90  3.79  2.76  2.27  1.77  1.50     2.98  1.86  3.91  3.91  2.27
150   20     1.39  2.09  2.98  3.71  4.23  3.90  3.76  3.58  2.56  2.01  1.45  1.18     2.74  1.55  3.64  3.75  2.01
150   30     1.15  1.79  2.63  3.36  3.96  3.69  3.54  3.31  2.33  1.74  1.16  0.92     2.46  1.29  3.32  3.51  1.74
150   40     1.02  1.56  2.29  2.97  3.61  3.41  3.27  2.98  2.07  1.49  0.95  0.78     2.20  1.12  2.96  3.22  1.50
150   50     0.98  1.44  2.03  2.57  3.21  3.08  2.94  2.62  1.82  1.29  0.85  0.73     1.96  1.05  2.60  2.88  1.32
150   60     0.98  1.41  1.86  2.22  2.80  2.72  2.59  2.29  1.61  1.16  0.80  0.72     1.76  1.03  2.29  2.53  1.19
150   70     0.98  1.41  1.77  1.95  2.44  2.38  2.27  2.00  1.45  1.07  0.75  0.70     1.60  1.03  2.06  2.22  1.09
150   80     0.99  1.42  1.71  1.75  2.16  2.10  2.00  1.78  1.31  0.98  0.71  0.67     1.47  1.03  1.87  1.96  1.00
150   90     0.99  1.45  1.68  1.59  1.93  1.86  1.77  1.59  1.19  0.91  0.67  0.65     1.36  1.03  1.73  1.74  0.92
165   10     1.63  2.38  3.27  3.98  4.41  4.03  3.90  3.78  2.74  2.25  1.74  1.46     2.96  1.82  3.89  3.90  2.24
165   20     1.31  2.02  2.90  3.68  4.21  3.90  3.75  3.56  2.53  1.96  1.37  1.09     2.69  1.47  3.60  3.73  1.95
165   30     1.03  1.66  2.51  3.30  3.93  3.69  3.53  3.28  2.28  1.64  1.03  0.80     2.39  1.16  3.24  3.50  1.65
165   40     0.97  1.38  2.10  2.86  3.57  3.41  3.25  2.93  1.99  1.34  0.85  0.75     2.12  1.03  2.84  3.20  1.39
165   50     0.97  1.32  1.77  2.38  3.14  3.08  2.92  2.54  1.70  1.15  0.82  0.73     1.88  1.01  2.43  2.84  1.22
165   60     0.98  1.34  1.63  1.94  2.67  2.69  2.54  2.12  1.47  1.07  0.78  0.72     1.66  1.01  2.08  2.45  1.11
165   70     0.98  1.37  1.59  1.69  2.19  2.28  2.13  1.80  1.34  1.01  0.75  0.70     1.49  1.02  1.82  2.07  1.03
165   80     0.99  1.40  1.59  1.53  1.92  1.95  1.84  1.61  1.23  0.94  0.71  0.67     1.37  1.02  1.68  1.80  0.96
165   90     0.99  1.43  1.58  1.42  1.73  1.74  1.65  1.46  1.13  0.88  0.67  0.65     1.28  1.03  1.57  1.61  0.89
180   10     1.62  2.37  3.25  3.98  4.41  4.03  3.89  3.78  2.74  2.24  1.72  1.44     2.96  1.81  3.88  3.90  2.23
180   20     1.28  1.98  2.88  3.67  4.20  3.90  3.74  3.56  2.52  1.94  1.34  1.06     2.67  1.44  3.58  3.73  1.93
180   30     0.99  1.60  2.46  3.29  3.91  3.69  3.52  3.27  2.26  1.61  0.98  0.77     2.36  1.12  3.22  3.49  1.62
180   40     0.97  1.30  2.02  2.85  3.54  3.41  3.24  2.93  1.97  1.26  0.85  0.75     2.09  1.00  2.80  3.19  1.36
180   50     0.97  1.32  1.57  2.36  3.11  3.08  2.90  2.53  1.64  1.12  0.82  0.73     1.85  1.01  2.35  2.84  1.19
180   60     0.98  1.34  1.55  1.84  2.63  2.70  2.53  2.11  1.38  1.06  0.78  0.72     1.63  1.01  2.01  2.44  1.07
180   70     0.98  1.37  1.55  1.54  2.12  2.28  2.11  1.70  1.29  1.00  0.75  0.70     1.45  1.02  1.74  2.03  1.01
180   80     0.99  1.40  1.55  1.44  1.79  1.90  1.77  1.53  1.20  0.94  0.71  0.67     1.32  1.02  1.59  1.73  0.95
180   90     0.99  1.43  1.55  1.35  1.63  1.69  1.59  1.40  1.11  0.88  0.67  0.65     1.24  1.03  1.51  1.56  0.88
             62.9  56.3  40.0  20.1   7.7   2.9   5.1  13.5  24.2  40.2  54.4  60.9     31.2  59.9  21.9   7.4  40.7
             3.10  3.75  4.20  4.39  4.55  4.10  3.98  4.00  3.08  3.01  3.10  3.08     3.70  3.31  4.31  4.02  3.01
             2.79  3.53  4.17  4.34  4.31  3.81  3.73  3.87  3.07  2.98  2.91  2.76     3.52  3.03  4.27  3.81  2.99
             1.11  1.06  1.01  1.01  1.06  1.08  1.07  1.03  1.00  1.01  1.07  1.12     1.05  1.10  1.02  1.06  1.03
             1.42  1.28  1.16  1.03  0.95  0.93  0.94  0.98  1.05  1.19  1.39  1.49     1.15  1.40  1.05  0.95  1.21
temperature  -1.9  -1.5   2.1   8.3  13.2  16.9  20.5  21.7  17.6  11.4   5.8   0.8      9.6  -0.9   7.9  19.7  11.6
diffusedrad  1.15  1.57  1.93  2.17  2.48  2.56  2.47  2.29  1.85  1.47  1.12  0.98     1.84  1.23  2.19  2.44  1.48
snow10cm     0.65  0.77  0.47  0.02  0.00  0.00  0.00  0.00  0.00  0.00  0.01  0.17     0.17  0.53  0.17  0.00  0.00
