2 41361   佐野            36 20.1  139 33.6   39
             2.67  3.37  3.85  4.43  4.57  4.05  3.99  4.29  3.25  2.89  2.49  2.37     3.52  2.80  4.28  4.11  2.88
             3.05  3.82  4.34  5.45  5.63  5.26  5.74  5.55  3.96  3.51  3.16  2.76     3.91  3.12  4.74  5.19  3.22
             2.16  2.38  2.64  3.43  3.91  2.75  3.03  3.33  2.21  2.13  1.90  2.04     3.18  2.50  3.73  3.46  2.49
  0   10     3.28  3.84  4.16  4.57  4.58  4.04  3.98  4.35  3.39  3.17  2.95  2.90     3.77  3.34  4.44  4.12  3.17
  0   20     3.81  4.25  4.38  4.62  4.52  3.95  3.90  4.34  3.46  3.38  3.34  3.39     3.95  3.82  4.51  4.06  3.39
  0   30     4.25  4.56  4.50  4.57  4.36  3.79  3.76  4.24  3.46  3.52  3.65  3.80     4.04  4.20  4.48  3.93  3.54
  0   40     4.58  4.75  4.52  4.42  4.12  3.56  3.54  4.05  3.39  3.58  3.86  4.11     4.04  4.48  4.35  3.72  3.61
  0   50     4.79  4.83  4.42  4.18  3.81  3.28  3.27  3.78  3.25  3.56  3.98  4.31     3.96  4.64  4.14  3.44  3.60
  0   60     4.87  4.78  4.23  3.85  3.42  2.94  2.94  3.45  3.05  3.46  4.00  4.39     3.78  4.68  3.84  3.11  3.50
  0   70     4.82  4.62  3.94  3.45  2.98  2.57  2.58  3.05  2.79  3.28  3.92  4.36     3.53  4.60  3.46  2.73  3.33
  0   80     4.64  4.33  3.56  2.98  2.51  2.18  2.19  2.60  2.49  3.02  3.74  4.21     3.21  4.40  3.02  2.32  3.08
  0   90     4.34  3.94  3.11  2.46  2.02  1.78  1.79  2.13  2.14  2.71  3.47  3.96     2.82  4.08  2.53  1.90  2.77
 15   10     3.26  3.82  4.15  4.56  4.58  4.04  3.98  4.34  3.38  3.16  2.94  2.88     3.76  3.32  4.43  4.12  3.16
 15   20     3.78  4.22  4.36  4.61  4.51  3.94  3.90  4.33  3.45  3.36  3.31  3.35     3.93  3.78  4.50  4.06  3.37
 15   30     4.20  4.51  4.47  4.56  4.36  3.79  3.76  4.23  3.45  3.49  3.60  3.74     4.01  4.15  4.47  3.93  3.52
 15   40     4.51  4.69  4.48  4.41  4.13  3.56  3.54  4.05  3.38  3.54  3.81  4.03     4.01  4.41  4.34  3.72  3.58
 15   50     4.71  4.75  4.39  4.18  3.82  3.29  3.28  3.79  3.24  3.52  3.92  4.21     3.92  4.56  4.13  3.45  3.56
 15   60     4.78  4.70  4.20  3.86  3.44  2.96  2.96  3.46  3.04  3.41  3.93  4.28     3.75  4.59  3.83  3.13  3.46
 15   70     4.72  4.52  3.91  3.46  3.02  2.60  2.60  3.07  2.79  3.22  3.84  4.24     3.50  4.50  3.46  2.76  3.28
 15   80     4.54  4.24  3.53  3.00  2.56  2.21  2.22  2.64  2.48  2.97  3.65  4.09     3.18  4.29  3.03  2.36  3.03
 15   90     4.24  3.85  3.08  2.51  2.09  1.83  1.84  2.18  2.14  2.65  3.38  3.83     2.80  3.97  2.56  1.95  2.72
 30   10     3.20  3.77  4.12  4.55  4.58  4.03  3.98  4.33  3.36  3.12  2.89  2.82     3.73  3.26  4.42  4.12  3.13
 30   20     3.66  4.11  4.30  4.58  4.52  3.95  3.90  4.31  3.42  3.30  3.22  3.23     3.88  3.67  4.47  4.05  3.31
 30   30     4.03  4.36  4.40  4.52  4.37  3.79  3.76  4.21  3.41  3.40  3.47  3.56     3.94  3.98  4.43  3.92  3.43
 30   40     4.29  4.50  4.39  4.38  4.15  3.58  3.56  4.03  3.33  3.44  3.63  3.80     3.92  4.20  4.31  3.72  3.47
 30   50     4.44  4.52  4.29  4.15  3.85  3.31  3.30  3.77  3.19  3.39  3.71  3.94     3.82  4.30  4.09  3.46  3.43
 30   60     4.48  4.43  4.09  3.84  3.50  3.00  3.00  3.46  2.99  3.27  3.70  3.98     3.65  4.30  3.81  3.15  3.32
 30   70     4.39  4.25  3.81  3.47  3.10  2.66  2.66  3.10  2.74  3.08  3.60  3.91     3.40  4.18  3.46  2.80  3.14
 30   80     4.20  3.96  3.44  3.04  2.69  2.30  2.30  2.70  2.45  2.82  3.40  3.75     3.09  3.97  3.06  2.44  2.89
 30   90     3.89  3.57  3.02  2.59  2.26  1.95  1.95  2.28  2.13  2.52  3.13  3.48     2.73  3.65  2.62  2.06  2.59
 45   10     3.10  3.68  4.06  4.52  4.57  4.03  3.97  4.31  3.34  3.08  2.81  2.72     3.68  3.17  4.38  4.11  3.08
 45   20     3.46  3.95  4.21  4.53  4.51  3.95  3.90  4.28  3.37  3.21  3.08  3.04     3.79  3.48  4.42  4.04  3.22
 45   30     3.75  4.12  4.27  4.46  4.37  3.80  3.76  4.17  3.35  3.28  3.27  3.29     3.82  3.72  4.37  3.91  3.30
 45   40     3.95  4.21  4.24  4.30  4.15  3.59  3.56  3.99  3.25  3.28  3.39  3.45     3.78  3.87  4.23  3.71  3.31
 45   50     4.04  4.20  4.12  4.09  3.88  3.34  3.32  3.75  3.11  3.21  3.43  3.54     3.67  3.92  4.03  3.47  3.25
 45   60     4.03  4.08  3.92  3.79  3.55  3.04  3.03  3.45  2.92  3.08  3.39  3.53     3.48  3.88  3.75  3.17  3.13
 45   70     3.92  3.88  3.65  3.45  3.19  2.73  2.72  3.11  2.67  2.89  3.27  3.44     3.24  3.75  3.43  2.85  2.94
 45   80     3.71  3.60  3.31  3.05  2.80  2.39  2.39  2.74  2.40  2.64  3.08  3.25     2.95  3.52  3.06  2.51  2.71
 45   90     3.43  3.24  2.93  2.65  2.40  2.06  2.06  2.36  2.10  2.36  2.81  2.99     2.62  3.22  2.66  2.16  2.42
 60   10     2.97  3.57  4.00  4.48  4.56  4.03  3.97  4.29  3.30  3.01  2.72  2.60     3.63  3.05  4.34  4.09  3.01
 60   20     3.23  3.73  4.08  4.46  4.49  3.94  3.89  4.23  3.31  3.09  2.90  2.81     3.68  3.26  4.34  4.02  3.10
 60   30     3.41  3.84  4.09  4.37  4.35  3.79  3.75  4.11  3.25  3.11  3.02  2.96     3.67  3.40  4.27  3.89  3.13
 60   40     3.51  3.85  4.03  4.21  4.14  3.59  3.56  3.93  3.15  3.08  3.09  3.05     3.60  3.47  4.13  3.69  3.11
 60   50     3.55  3.79  3.89  3.98  3.89  3.35  3.32  3.69  3.00  2.99  3.08  3.06     3.47  3.47  3.92  3.45  3.02
 60   60     3.51  3.66  3.70  3.71  3.59  3.08  3.05  3.41  2.81  2.84  3.01  3.02     3.28  3.40  3.66  3.18  2.89
 60   70     3.38  3.45  3.43  3.38  3.24  2.77  2.76  3.09  2.58  2.66  2.89  2.90     3.04  3.24  3.35  2.87  2.71
 60   80     3.17  3.20  3.13  3.03  2.89  2.46  2.44  2.75  2.33  2.42  2.70  2.72     2.77  3.03  3.02  2.55  2.48
 60   90     2.92  2.87  2.78  2.65  2.53  2.15  2.14  2.41  2.05  2.17  2.46  2.48     2.47  2.76  2.65  2.23  2.23
 75   10     2.82  3.44  3.92  4.43  4.55  4.02  3.96  4.26  3.26  2.94  2.61  2.46     3.56  2.91  4.30  4.08  2.94
 75   20     2.95  3.50  3.92  4.37  4.46  3.93  3.87  4.18  3.23  2.95  2.69  2.55     3.55  3.00  4.25  3.99  2.96
 75   30     3.02  3.49  3.88  4.25  4.32  3.78  3.73  4.04  3.15  2.92  2.74  2.59     3.49  3.03  4.15  3.85  2.94
 75   40     3.05  3.45  3.78  4.07  4.11  3.59  3.54  3.85  3.03  2.84  2.74  2.60     3.39  3.04  3.99  3.66  2.87
 75   50     3.01  3.34  3.63  3.85  3.86  3.35  3.31  3.61  2.87  2.73  2.70  2.56     3.23  2.97  3.78  3.42  2.77
 75   60     2.94  3.20  3.42  3.56  3.57  3.08  3.04  3.33  2.67  2.58  2.60  2.47     3.04  2.87  3.52  3.15  2.61
 75   70     2.80  2.99  3.17  3.27  3.25  2.79  2.77  3.04  2.46  2.40  2.47  2.35     2.81  2.71  3.23  2.87  2.44
 75   80     2.61  2.75  2.89  2.94  2.91  2.49  2.47  2.72  2.21  2.18  2.30  2.18     2.56  2.51  2.91  2.56  2.23
 75   90     2.40  2.48  2.59  2.60  2.57  2.19  2.17  2.39  1.97  1.95  2.09  1.98     2.28  2.29  2.59  2.25  2.00
 90   10     2.67  3.30  3.83  4.38  4.53  4.02  3.95  4.23  3.22  2.86  2.49  2.31     3.48  2.76  4.25  4.07  2.86
 90   20     2.64  3.24  3.75  4.27  4.43  3.92  3.85  4.12  3.15  2.79  2.48  2.27     3.41  2.72  4.15  3.96  2.81
 90   30     2.61  3.14  3.64  4.11  4.26  3.76  3.70  3.95  3.03  2.71  2.43  2.22     3.30  2.66  4.00  3.80  2.72
 90   40     2.55  3.01  3.50  3.90  4.05  3.56  3.50  3.73  2.88  2.59  2.37  2.13     3.15  2.56  3.81  3.60  2.62
 90   50     2.47  2.88  3.31  3.66  3.79  3.32  3.27  3.49  2.71  2.45  2.28  2.06     2.97  2.47  3.59  3.36  2.48
 90   60     2.35  2.69  3.10  3.39  3.50  3.05  3.01  3.22  2.52  2.29  2.17  1.94     2.77  2.33  3.33  3.09  2.33
 90   70     2.23  2.51  2.86  3.09  3.20  2.78  2.73  2.92  2.29  2.10  2.04  1.82     2.55  2.19  3.05  2.81  2.14
 90   80     2.05  2.28  2.60  2.79  2.88  2.49  2.46  2.63  2.08  1.92  1.89  1.68     2.31  2.00  2.76  2.53  1.97
 90   90     1.89  2.07  2.34  2.48  2.56  2.20  2.17  2.33  1.85  1.71  1.71  1.51     2.07  1.82  2.46  2.23  1.76
105   10     2.50  3.16  3.73  4.33  4.51  4.01  3.94  4.19  3.17  2.78  2.37  2.16     3.40  2.61  4.19  4.05  2.77
105   20     2.34  2.97  3.57  4.17  4.38  3.90  3.83  4.05  3.06  2.64  2.25  1.99     3.26  2.43  4.04  3.93  2.65
105   30     2.18  2.78  3.38  3.96  4.20  3.73  3.66  3.84  2.90  2.49  2.12  1.83     3.09  2.26  3.84  3.75  2.50
105   40     2.05  2.58  3.18  3.70  3.96  3.52  3.45  3.60  2.73  2.33  1.99  1.70     2.90  2.11  3.61  3.52  2.35
105   50     1.93  2.38  2.96  3.44  3.69  3.27  3.21  3.34  2.53  2.16  1.87  1.57     2.70  1.96  3.36  3.27  2.19
105   60     1.79  2.21  2.74  3.16  3.40  3.00  2.94  3.06  2.33  1.99  1.75  1.45     2.48  1.82  3.10  3.00  2.02
105   70     1.68  2.02  2.51  2.87  3.09  2.72  2.67  2.77  2.13  1.82  1.62  1.34     2.27  1.68  2.82  2.72  1.86
105   80     1.54  1.85  2.29  2.58  2.79  2.44  2.40  2.48  1.91  1.65  1.50  1.23     2.05  1.54  2.55  2.44  1.69
105   90     1.42  1.67  2.04  2.31  2.48  2.17  2.13  2.21  1.71  1.49  1.37  1.10     1.84  1.40  2.28  2.17  1.52
120   10     2.35  3.03  3.64  4.28  4.49  4.00  3.93  4.16  3.13  2.70  2.25  2.02     3.33  2.47  4.14  4.03  2.69
120   20     2.05  2.71  3.39  4.06  4.34  3.88  3.81  3.98  2.97  2.49  2.02  1.73     3.12  2.16  3.93  3.89  2.49
120   30     1.79  2.41  3.12  3.79  4.12  3.70  3.62  3.74  2.77  2.27  1.81  1.48     2.89  1.89  3.68  3.69  2.28
120   40     1.58  2.15  2.85  3.49  3.85  3.46  3.39  3.46  2.56  2.06  1.63  1.29     2.65  1.67  3.40  3.44  2.08
120   50     1.42  1.93  2.59  3.18  3.55  3.20  3.13  3.16  2.34  1.87  1.48  1.14     2.42  1.49  3.11  3.16  1.90
120   60     1.29  1.74  2.36  2.88  3.24  2.92  2.85  2.87  2.13  1.70  1.36  1.03     2.20  1.36  2.83  2.88  1.73
120   70     1.20  1.57  2.14  2.60  2.93  2.63  2.57  2.58  1.92  1.54  1.25  0.94     1.99  1.24  2.56  2.59  1.57
120   80     1.11  1.44  1.93  2.34  2.62  2.35  2.29  2.31  1.74  1.39  1.15  0.87     1.79  1.14  2.30  2.32  1.43
120   90     1.03  1.30  1.75  2.08  2.34  2.09  2.04  2.04  1.55  1.26  1.06  0.79     1.61  1.04  2.06  2.06  1.29
135   10     2.21  2.92  3.56  4.23  4.47  4.00  3.92  4.13  3.09  2.63  2.15  1.90     3.27  2.34  4.09  4.02  2.63
135   20     1.78  2.48  3.23  3.96  4.30  3.87  3.79  3.92  2.89  2.35  1.81  1.50     2.99  1.92  3.83  3.86  2.35
135   30     1.41  2.07  2.87  3.64  4.05  3.67  3.59  3.64  2.65  2.07  1.51  1.16     2.70  1.55  3.52  3.63  2.08
135   40     1.15  1.74  2.52  3.28  3.74  3.42  3.33  3.32  2.40  1.81  1.29  0.93     2.41  1.27  3.18  3.36  1.83
135   50     0.99  1.49  2.22  2.91  3.39  3.12  3.03  2.98  2.15  1.60  1.13  0.80     2.15  1.10  2.84  3.04  1.63
135   60     0.90  1.32  1.98  2.59  3.04  2.81  2.73  2.65  1.93  1.43  1.03  0.72     1.92  0.98  2.53  2.73  1.46
135   70     0.84  1.19  1.77  2.30  2.71  2.51  2.44  2.35  1.73  1.29  0.94  0.67     1.73  0.90  2.26  2.43  1.32
135   80     0.79  1.10  1.60  2.05  2.42  2.23  2.17  2.09  1.56  1.17  0.89  0.63     1.56  0.84  2.02  2.16  1.20
135   90     0.76  1.02  1.47  1.84  2.16  1.97  1.92  1.86  1.39  1.07  0.83  0.60     1.41  0.79  1.82  1.92  1.10
150   10     2.10  2.83  3.50  4.20  4.46  4.00  3.92  4.12  3.06  2.58  2.07  1.80     3.22  2.24  4.05  4.01  2.57
150   20     1.55  2.30  3.10  3.90  4.27  3.86  3.77  3.88  2.83  2.24  1.64  1.30     2.89  1.72  3.75  3.84  2.24
150   30     1.08  1.78  2.66  3.51  4.00  3.66  3.56  3.57  2.55  1.89  1.26  0.89     2.54  1.25  3.39  3.60  1.90
150   40     0.80  1.38  2.23  3.09  3.65  3.39  3.29  3.20  2.25  1.58  0.99  0.66     2.21  0.95  2.99  3.29  1.61
150   50     0.70  1.12  1.87  2.66  3.24  3.06  2.96  2.80  1.96  1.34  0.86  0.60     1.93  0.81  2.59  2.94  1.39
150   60     0.67  1.00  1.61  2.27  2.83  2.70  2.60  2.42  1.72  1.19  0.80  0.59     1.70  0.75  2.24  2.57  1.24
150   70     0.66  0.93  1.45  1.99  2.47  2.36  2.28  2.10  1.54  1.09  0.77  0.58     1.52  0.72  1.97  2.25  1.13
150   80     0.64  0.88  1.32  1.77  2.18  2.08  2.01  1.86  1.39  1.01  0.73  0.56     1.37  0.69  1.76  1.98  1.04
150   90     0.62  0.85  1.23  1.60  1.94  1.84  1.78  1.66  1.26  0.94  0.69  0.55     1.25  0.68  1.59  1.76  0.97
165   10     2.02  2.77  3.46  4.18  4.45  3.99  3.91  4.11  3.04  2.55  2.01  1.74     3.19  2.18  4.03  4.00  2.53
165   20     1.39  2.17  3.01  3.85  4.25  3.86  3.77  3.86  2.79  2.17  1.52  1.16     2.81  1.57  3.70  3.83  2.16
165   30     0.84  1.56  2.50  3.44  3.96  3.65  3.55  3.54  2.48  1.77  1.06  0.69     2.42  1.03  3.30  3.58  1.77
165   40     0.68  1.07  1.98  2.97  3.60  3.38  3.27  3.14  2.15  1.38  0.81  0.61     2.09  0.79  2.85  3.27  1.45
165   50     0.67  0.89  1.54  2.45  3.18  3.06  2.93  2.70  1.80  1.14  0.79  0.60     1.81  0.72  2.39  2.90  1.24
165   60     0.66  0.87  1.31  1.97  2.70  2.68  2.55  2.21  1.53  1.05  0.76  0.59     1.58  0.71  1.99  2.48  1.12
165   70     0.65  0.86  1.21  1.69  2.21  2.27  2.14  1.85  1.39  1.00  0.73  0.58     1.38  0.69  1.70  2.09  1.04
165   80     0.63  0.84  1.14  1.52  1.93  1.94  1.85  1.64  1.28  0.94  0.70  0.56     1.25  0.68  1.53  1.81  0.97
165   90     0.62  0.82  1.08  1.40  1.73  1.72  1.65  1.49  1.18  0.89  0.68  0.55     1.15  0.66  1.41  1.62  0.91
180   10     1.99  2.75  3.44  4.18  4.44  3.99  3.91  4.11  3.04  2.53  1.99  1.72     3.17  2.15  4.02  4.00  2.52
180   20     1.33  2.11  2.97  3.85  4.24  3.86  3.76  3.86  2.78  2.14  1.47  1.11     2.79  1.52  3.69  3.83  2.13
180   30     0.77  1.47  2.44  3.44  3.95  3.65  3.54  3.53  2.47  1.71  1.00  0.64     2.38  0.96  3.27  3.58  1.73
180   40     0.68  0.92  1.87  2.96  3.58  3.38  3.26  3.14  2.11  1.28  0.81  0.61     2.05  0.74  2.80  3.26  1.40
180   50     0.67  0.89  1.28  2.43  3.15  3.06  2.92  2.69  1.73  1.09  0.79  0.60     1.77  0.72  2.29  2.89  1.20
180   60     0.66  0.87  1.18  1.87  2.67  2.68  2.54  2.21  1.40  1.04  0.76  0.59     1.54  0.71  1.91  2.48  1.07
180   70     0.65  0.86  1.14  1.52  2.15  2.27  2.13  1.73  1.31  0.99  0.73  0.58     1.34  0.69  1.60  2.04  1.01
180   80     0.63  0.84  1.09  1.41  1.80  1.88  1.77  1.55  1.23  0.94  0.70  0.56     1.20  0.68  1.43  1.74  0.96
180   90     0.62  0.82  1.04  1.32  1.63  1.67  1.58  1.43  1.14  0.89  0.68  0.55     1.11  0.66  1.33  1.56  0.90
             61.2  51.2  36.4  19.8   7.3   2.5   4.7  13.5  25.3  42.4  56.9  62.3     35.4  58.2  21.9   7.5  43.5
             4.87  4.83  4.52  4.62  4.58  4.05  3.99  4.36  3.47  3.59  4.01  4.39     4.27  4.68  4.51  4.12  3.62
             4.44  4.68  4.52  4.50  4.24  3.67  3.65  4.15  3.43  3.57  3.78  3.98     4.05  4.37  4.42  3.82  3.59
             1.10  1.03  1.00  1.03  1.08  1.10  1.09  1.05  1.01  1.01  1.06  1.10     1.06  1.08  1.04  1.08  1.03
             1.66  1.39  1.17  1.02  0.93  0.91  0.91  0.97  1.06  1.24  1.52  1.68     1.20  1.58  1.04  0.93  1.27
temperature   2.8   3.6   6.9  12.5  17.1  20.9  24.2  25.6  21.7  15.9  10.0   4.9     13.8   3.8  12.2  23.6  15.9
diffusedrad  1.04  1.37  1.77  2.16  2.47  2.54  2.46  2.30  1.91  1.49  1.14  0.93     1.80  1.11  2.13  2.43  1.51
snow10cm     0.01  0.02  0.00  0.00  0.00  0.00  0.00  0.00  0.00  0.00  0.00  0.00     0.00  0.01  0.00  0.00  0.00
