2 42121   草津            36   37  138 35.4 1223
             2.15  2.96  3.77  4.43  4.65  3.98  3.74  3.71  2.80  2.64  2.37  2.07     3.27  2.39  4.29  3.81  2.61
             2.43  3.40  4.40  5.24  5.30  4.77  4.81  4.60  3.33  3.51  2.79  2.36     3.52  2.63  4.73  4.31  2.92
             1.24  1.62  2.59  3.69  4.18  3.08  2.93  2.96  1.98  1.35  1.59  1.71     2.80  1.65  3.73  3.28  1.68
  0   10     2.53  3.29  4.05  4.58  4.67  3.95  3.73  3.76  2.89  2.87  2.79  2.48     3.47  2.76  4.43  3.81  2.85
  0   20     2.86  3.59  4.27  4.63  4.60  3.87  3.66  3.75  2.94  3.05  3.15  2.86     3.60  3.11  4.50  3.76  3.05
  0   30     3.14  3.84  4.41  4.59  4.44  3.72  3.53  3.66  2.93  3.16  3.43  3.18     3.67  3.38  4.48  3.63  3.17
  0   40     3.36  4.01  4.47  4.46  4.20  3.50  3.34  3.50  2.86  3.21  3.63  3.42     3.66  3.60  4.38  3.45  3.23
  0   50     3.51  4.11  4.46  4.24  3.88  3.23  3.09  3.28  2.75  3.18  3.74  3.58     3.59  3.73  4.19  3.20  3.22
  0   60     3.59  4.13  4.36  3.94  3.49  2.90  2.79  3.00  2.58  3.08  3.76  3.65     3.44  3.79  3.93  2.90  3.14
  0   70     3.59  4.08  4.19  3.56  3.04  2.55  2.46  2.68  2.36  2.92  3.68  3.64     3.23  3.77  3.60  2.56  2.98
  0   80     3.52  3.94  3.95  3.12  2.56  2.17  2.10  2.32  2.11  2.69  3.51  3.54     2.96  3.67  3.21  2.19  2.77
  0   90     3.37  3.73  3.64  2.63  2.06  1.78  1.74  1.93  1.83  2.41  3.25  3.36     2.64  3.49  2.78  1.81  2.49
 15   10     2.51  3.27  4.04  4.57  4.67  3.95  3.73  3.76  2.89  2.86  2.78  2.46     3.46  2.75  4.43  3.81  2.84
 15   20     2.84  3.57  4.25  4.62  4.60  3.87  3.66  3.74  2.93  3.03  3.12  2.83     3.59  3.08  4.49  3.76  3.03
 15   30     3.11  3.80  4.38  4.59  4.45  3.72  3.53  3.65  2.92  3.14  3.39  3.13     3.65  3.34  4.47  3.63  3.15
 15   40     3.31  3.97  4.44  4.45  4.21  3.50  3.34  3.50  2.85  3.17  3.58  3.35     3.64  3.54  4.37  3.44  3.20
 15   50     3.46  4.06  4.42  4.24  3.89  3.24  3.09  3.28  2.73  3.14  3.67  3.50     3.56  3.67  4.18  3.20  3.18
 15   60     3.53  4.07  4.33  3.94  3.51  2.92  2.80  3.01  2.56  3.03  3.68  3.57     3.41  3.72  3.93  2.91  3.09
 15   70     3.52  4.01  4.15  3.57  3.08  2.57  2.48  2.69  2.35  2.87  3.59  3.55     3.20  3.69  3.60  2.58  2.94
 15   80     3.45  3.87  3.91  3.14  2.61  2.19  2.13  2.34  2.10  2.64  3.42  3.44     2.94  3.59  3.22  2.22  2.72
 15   90     3.30  3.66  3.61  2.68  2.13  1.83  1.77  1.96  1.82  2.35  3.16  3.25     2.63  3.40  2.81  1.85  2.44
 30   10     2.48  3.23  4.01  4.55  4.67  3.95  3.73  3.75  2.87  2.84  2.73  2.42     3.44  2.71  4.41  3.81  2.81
 30   20     2.76  3.49  4.20  4.59  4.60  3.87  3.66  3.73  2.91  2.98  3.03  2.73     3.55  3.00  4.46  3.75  2.97
 30   30     3.00  3.69  4.31  4.54  4.45  3.72  3.53  3.64  2.88  3.06  3.26  2.99     3.59  3.23  4.44  3.63  3.07
 30   40     3.17  3.82  4.35  4.42  4.23  3.52  3.34  3.49  2.81  3.08  3.41  3.18     3.57  3.39  4.33  3.45  3.10
 30   50     3.29  3.89  4.32  4.20  3.93  3.25  3.10  3.27  2.69  3.03  3.48  3.29     3.48  3.49  4.15  3.21  3.07
 30   60     3.34  3.88  4.22  3.92  3.57  2.96  2.83  3.02  2.52  2.92  3.46  3.33     3.33  3.52  3.90  2.93  2.97
 30   70     3.32  3.81  4.05  3.57  3.16  2.62  2.52  2.71  2.31  2.74  3.36  3.29     3.12  3.47  3.60  2.62  2.81
 30   80     3.23  3.67  3.82  3.17  2.74  2.27  2.19  2.38  2.06  2.51  3.18  3.17     2.87  3.36  3.24  2.28  2.59
 30   90     3.08  3.46  3.54  2.75  2.30  1.93  1.86  2.03  1.80  2.24  2.92  2.98     2.57  3.17  2.86  1.94  2.32
 45   10     2.41  3.17  3.97  4.52  4.66  3.95  3.72  3.74  2.85  2.79  2.67  2.34     3.40  2.64  4.38  3.80  2.77
 45   20     2.64  3.37  4.11  4.53  4.59  3.87  3.65  3.71  2.87  2.90  2.91  2.59     3.48  2.87  4.41  3.74  2.89
 45   30     2.83  3.52  4.19  4.48  4.45  3.72  3.52  3.62  2.83  2.95  3.08  2.78     3.50  3.04  4.37  3.62  2.96
 45   40     2.96  3.62  4.21  4.34  4.23  3.52  3.34  3.46  2.75  2.94  3.18  2.91     3.46  3.16  4.26  3.44  2.96
 45   50     3.04  3.65  4.17  4.14  3.96  3.28  3.11  3.26  2.62  2.88  3.21  2.98     3.36  3.22  4.09  3.22  2.90
 45   60     3.06  3.62  4.05  3.86  3.62  2.99  2.85  3.00  2.45  2.75  3.17  2.99     3.20  3.22  3.84  2.95  2.79
 45   70     3.02  3.54  3.90  3.55  3.25  2.68  2.56  2.72  2.25  2.58  3.06  2.92     3.00  3.16  3.57  2.65  2.63
 45   80     2.92  3.40  3.69  3.18  2.86  2.36  2.25  2.41  2.02  2.35  2.87  2.79     2.76  3.04  3.24  2.34  2.41
 45   90     2.78  3.21  3.44  2.80  2.45  2.03  1.95  2.09  1.77  2.10  2.62  2.60     2.49  2.86  2.90  2.02  2.16
 60   10     2.33  3.09  3.91  4.48  4.64  3.94  3.71  3.72  2.83  2.74  2.58  2.25     3.35  2.56  4.34  3.79  2.72
 60   20     2.49  3.22  4.00  4.47  4.57  3.86  3.64  3.68  2.82  2.80  2.74  2.41     3.39  2.71  4.34  3.73  2.79
 60   30     2.61  3.32  4.04  4.38  4.43  3.72  3.51  3.58  2.77  2.81  2.85  2.53     3.38  2.82  4.28  3.60  2.81
 60   40     2.69  3.35  4.02  4.24  4.22  3.52  3.33  3.42  2.67  2.77  2.90  2.60     3.31  2.88  4.16  3.42  2.78
 60   50     2.73  3.36  3.96  4.03  3.96  3.28  3.11  3.22  2.53  2.68  2.89  2.61     3.20  2.90  3.98  3.20  2.70
 60   60     2.73  3.31  3.85  3.78  3.65  3.02  2.86  2.98  2.37  2.55  2.82  2.59     3.04  2.88  3.76  2.95  2.58
 60   70     2.67  3.22  3.69  3.47  3.30  2.72  2.58  2.71  2.16  2.38  2.70  2.51     2.84  2.80  3.49  2.67  2.41
 60   80     2.58  3.10  3.51  3.15  2.94  2.41  2.29  2.42  1.95  2.16  2.52  2.38     2.62  2.69  3.20  2.37  2.21
 60   90     2.46  2.93  3.29  2.80  2.57  2.11  2.01  2.13  1.71  1.94  2.30  2.21     2.37  2.53  2.89  2.08  1.98
 75   10     2.24  3.00  3.84  4.43  4.63  3.94  3.71  3.70  2.80  2.68  2.48  2.14     3.30  2.46  4.30  3.78  2.65
 75   20     2.32  3.06  3.86  4.38  4.54  3.85  3.62  3.64  2.76  2.68  2.55  2.21     3.29  2.53  4.26  3.70  2.67
 75   30     2.37  3.07  3.85  4.26  4.39  3.70  3.49  3.52  2.69  2.65  2.59  2.24     3.23  2.56  4.17  3.57  2.64
 75   40     2.40  3.07  3.80  4.10  4.19  3.51  3.31  3.36  2.57  2.57  2.58  2.26     3.14  2.58  4.03  3.39  2.57
 75   50     2.39  3.03  3.71  3.89  3.93  3.27  3.09  3.16  2.43  2.47  2.53  2.23     3.01  2.55  3.85  3.18  2.48
 75   60     2.37  2.98  3.60  3.63  3.63  3.01  2.84  2.92  2.25  2.32  2.43  2.17     2.85  2.50  3.62  2.93  2.33
 75   70     2.31  2.88  3.46  3.36  3.31  2.73  2.59  2.67  2.07  2.15  2.31  2.08     2.66  2.43  3.38  2.66  2.18
 75   80     2.23  2.78  3.30  3.06  2.97  2.44  2.31  2.39  1.86  1.96  2.15  1.96     2.45  2.32  3.11  2.38  1.99
 75   90     2.13  2.65  3.12  2.74  2.62  2.15  2.03  2.11  1.65  1.75  1.95  1.82     2.23  2.20  2.83  2.10  1.78
 90   10     2.15  2.90  3.76  4.38  4.61  3.93  3.70  3.68  2.76  2.61  2.37  2.03     3.24  2.36  4.25  3.77  2.58
 90   20     2.13  2.87  3.71  4.28  4.50  3.83  3.60  3.59  2.70  2.55  2.35  2.00     3.18  2.33  4.16  3.68  2.53
 90   30     2.12  2.82  3.63  4.13  4.34  3.68  3.46  3.46  2.60  2.47  2.30  1.96     3.08  2.30  4.03  3.53  2.46
 90   40     2.09  2.76  3.55  3.93  4.12  3.48  3.27  3.28  2.46  2.36  2.24  1.90     2.95  2.25  3.86  3.35  2.35
 90   50     2.05  2.70  3.44  3.71  3.86  3.25  3.06  3.07  2.31  2.22  2.15  1.84     2.81  2.20  3.67  3.13  2.23
 90   60     2.01  2.62  3.31  3.46  3.56  2.99  2.81  2.84  2.14  2.08  2.04  1.75     2.63  2.13  3.45  2.88  2.09
 90   70     1.96  2.54  3.19  3.18  3.25  2.71  2.55  2.58  1.95  1.91  1.91  1.68     2.45  2.06  3.21  2.62  1.92
 90   80     1.88  2.44  3.04  2.91  2.93  2.43  2.29  2.33  1.76  1.74  1.77  1.57     2.26  1.97  2.96  2.35  1.76
 90   90     1.82  2.36  2.90  2.62  2.60  2.15  2.03  2.07  1.56  1.54  1.60  1.46     2.06  1.88  2.71  2.08  1.57
105   10     2.05  2.80  3.67  4.33  4.59  3.92  3.69  3.65  2.73  2.54  2.25  1.92     3.18  2.26  4.20  3.76  2.51
105   20     1.95  2.68  3.55  4.17  4.46  3.82  3.58  3.54  2.63  2.42  2.13  1.78     3.06  2.14  4.06  3.65  2.40
105   30     1.86  2.56  3.41  3.97  4.27  3.65  3.43  3.38  2.50  2.28  2.01  1.66     2.92  2.03  3.88  3.49  2.27
105   40     1.78  2.45  3.27  3.73  4.03  3.44  3.23  3.18  2.35  2.14  1.89  1.56     2.75  1.93  3.68  3.28  2.13
105   50     1.73  2.35  3.14  3.48  3.75  3.20  3.00  2.96  2.18  1.99  1.77  1.47     2.58  1.85  3.46  3.05  1.98
105   60     1.66  2.27  3.00  3.23  3.45  2.93  2.75  2.73  2.00  1.82  1.66  1.38     2.41  1.77  3.23  2.80  1.83
105   70     1.63  2.20  2.87  2.96  3.14  2.66  2.50  2.48  1.82  1.67  1.53  1.31     2.23  1.71  2.99  2.54  1.67
105   80     1.58  2.13  2.77  2.70  2.83  2.38  2.23  2.22  1.64  1.51  1.42  1.23     2.05  1.65  2.76  2.28  1.52
105   90     1.54  2.08  2.64  2.45  2.52  2.12  1.99  1.98  1.46  1.35  1.28  1.15     1.88  1.59  2.54  2.03  1.37
120   10     1.95  2.71  3.60  4.28  4.57  3.92  3.68  3.63  2.70  2.48  2.15  1.81     3.12  2.16  4.15  3.74  2.44
120   20     1.77  2.50  3.40  4.07  4.42  3.80  3.56  3.49  2.57  2.30  1.93  1.59     2.95  1.95  3.96  3.62  2.27
120   30     1.62  2.30  3.19  3.81  4.19  3.62  3.39  3.30  2.41  2.10  1.73  1.40     2.75  1.77  3.73  3.44  2.08
120   40     1.50  2.14  2.99  3.52  3.91  3.39  3.17  3.08  2.23  1.91  1.55  1.25     2.56  1.63  3.47  3.21  1.90
120   50     1.42  2.03  2.81  3.23  3.60  3.13  2.93  2.83  2.04  1.74  1.42  1.14     2.36  1.53  3.21  2.96  1.73
120   60     1.37  1.95  2.68  2.95  3.28  2.85  2.67  2.58  1.86  1.58  1.30  1.07     2.18  1.46  2.97  2.70  1.58
120   70     1.35  1.89  2.57  2.69  2.97  2.57  2.41  2.34  1.68  1.44  1.19  1.01     2.01  1.42  2.74  2.44  1.43
120   80     1.32  1.86  2.47  2.46  2.66  2.30  2.15  2.10  1.51  1.29  1.10  0.96     1.85  1.38  2.53  2.18  1.30
120   90     1.32  1.83  2.40  2.23  2.37  2.04  1.91  1.87  1.35  1.17  1.01  0.92     1.70  1.36  2.33  1.94  1.18
135   10     1.87  2.63  3.53  4.23  4.55  3.91  3.67  3.61  2.67  2.42  2.05  1.72     3.07  2.07  4.11  3.73  2.38
135   20     1.61  2.34  3.25  3.97  4.37  3.79  3.55  3.45  2.51  2.18  1.74  1.41     2.85  1.78  3.87  3.59  2.15
135   30     1.39  2.07  2.97  3.66  4.11  3.59  3.36  3.23  2.32  1.93  1.46  1.15     2.61  1.54  3.58  3.40  1.91
135   40     1.25  1.87  2.71  3.31  3.79  3.35  3.12  2.97  2.11  1.71  1.25  0.98     2.37  1.37  3.27  3.15  1.69
135   50     1.18  1.74  2.51  2.96  3.43  3.06  2.85  2.70  1.91  1.51  1.10  0.89     2.15  1.27  2.97  2.87  1.51
135   60     1.15  1.67  2.36  2.66  3.08  2.75  2.56  2.42  1.71  1.36  1.00  0.84     1.96  1.22  2.70  2.58  1.36
135   70     1.15  1.63  2.26  2.40  2.75  2.46  2.29  2.17  1.54  1.23  0.92  0.82     1.80  1.20  2.47  2.31  1.23
135   80     1.16  1.64  2.19  2.17  2.45  2.19  2.04  1.94  1.39  1.11  0.86  0.79     1.66  1.20  2.27  2.05  1.12
135   90     1.17  1.65  2.17  1.98  2.18  1.94  1.81  1.73  1.24  1.02  0.80  0.79     1.54  1.20  2.11  1.83  1.02
150   10     1.80  2.57  3.47  4.20  4.54  3.91  3.67  3.60  2.65  2.38  1.98  1.64     3.03  2.01  4.07  3.72  2.34
150   20     1.47  2.21  3.14  3.90  4.34  3.78  3.53  3.42  2.47  2.09  1.58  1.26     2.77  1.65  3.79  3.58  2.05
150   30     1.20  1.87  2.79  3.53  4.05  3.58  3.34  3.18  2.25  1.79  1.23  0.95     2.48  1.34  3.46  3.36  1.76
150   40     1.05  1.62  2.46  3.12  3.69  3.32  3.09  2.88  2.01  1.51  0.98  0.79     2.21  1.15  3.09  3.10  1.50
150   50     1.01  1.49  2.21  2.71  3.28  3.00  2.79  2.56  1.77  1.30  0.86  0.75     1.98  1.08  2.73  2.78  1.31
150   60     1.03  1.45  2.05  2.36  2.85  2.65  2.46  2.25  1.57  1.17  0.80  0.75     1.78  1.08  2.42  2.46  1.18
150   70     1.06  1.47  1.99  2.09  2.49  2.32  2.16  1.99  1.41  1.07  0.76  0.75     1.63  1.09  2.19  2.16  1.08
150   80     1.08  1.50  1.97  1.90  2.19  2.05  1.91  1.77  1.28  0.99  0.72  0.75     1.51  1.11  2.02  1.91  1.00
150   90     1.11  1.55  1.98  1.75  1.96  1.81  1.69  1.59  1.16  0.92  0.69  0.75     1.41  1.14  1.90  1.70  0.92
165   10     1.76  2.53  3.44  4.18  4.53  3.90  3.66  3.59  2.64  2.35  1.93  1.60     3.01  1.96  4.05  3.72  2.31
165   20     1.38  2.12  3.07  3.86  4.32  3.77  3.53  3.40  2.44  2.03  1.47  1.15     2.71  1.55  3.75  3.56  1.98
165   30     1.06  1.72  2.66  3.47  4.03  3.57  3.33  3.14  2.21  1.68  1.05  0.80     2.39  1.19  3.38  3.35  1.65
165   40     0.98  1.40  2.26  3.01  3.65  3.30  3.07  2.84  1.94  1.35  0.82  0.75     2.12  1.04  2.97  3.07  1.37
165   50     1.00  1.34  1.93  2.51  3.21  2.98  2.77  2.49  1.66  1.14  0.80  0.75     1.88  1.03  2.55  2.75  1.20
165   60     1.02  1.38  1.81  2.05  2.72  2.62  2.42  2.10  1.45  1.06  0.77  0.75     1.68  1.05  2.19  2.38  1.09
165   70     1.05  1.43  1.80  1.80  2.23  2.22  2.05  1.80  1.31  1.00  0.74  0.75     1.51  1.08  1.94  2.02  1.02
165   80     1.08  1.48  1.83  1.66  1.94  1.90  1.78  1.62  1.21  0.94  0.71  0.75     1.41  1.10  1.81  1.77  0.95
165   90     1.11  1.53  1.87  1.57  1.74  1.69  1.58  1.47  1.11  0.88  0.67  0.75     1.33  1.13  1.73  1.58  0.89
180   10     1.74  2.52  3.43  4.18  4.52  3.90  3.66  3.58  2.63  2.34  1.91  1.58     3.00  1.95  4.04  3.71  2.29
180   20     1.34  2.09  3.04  3.86  4.31  3.77  3.52  3.39  2.43  2.00  1.43  1.12     2.69  1.51  3.73  3.56  1.96
180   30     1.01  1.66  2.61  3.46  4.01  3.56  3.32  3.13  2.19  1.64  0.99  0.76     2.36  1.14  3.36  3.34  1.61
180   40     0.98  1.31  2.17  3.00  3.63  3.30  3.07  2.82  1.92  1.27  0.82  0.75     2.09  1.01  2.93  3.06  1.34
180   50     1.00  1.34  1.72  2.49  3.19  2.98  2.76  2.47  1.61  1.10  0.80  0.75     1.85  1.03  2.47  2.74  1.17
180   60     1.02  1.38  1.72  1.95  2.69  2.61  2.41  2.08  1.36  1.05  0.77  0.75     1.65  1.05  2.12  2.37  1.06
180   70     1.05  1.43  1.76  1.64  2.16  2.21  2.04  1.71  1.27  1.00  0.74  0.75     1.48  1.08  1.85  1.99  1.00
180   80     1.08  1.48  1.80  1.56  1.81  1.84  1.72  1.54  1.18  0.94  0.71  0.75     1.37  1.10  1.72  1.70  0.94
180   90     1.11  1.53  1.84  1.50  1.64  1.64  1.54  1.41  1.09  0.88  0.67  0.75     1.30  1.13  1.66  1.53  0.88
             65.3  57.7  43.0  20.9   7.5   3.4   5.0  12.8  23.5  41.1  56.6  63.5     34.3  62.2  22.8   7.0  43.2
             3.60  4.14  4.48  4.63  4.67  3.97  3.74  3.76  2.94  3.21  3.76  3.66     3.88  3.79  4.50  3.82  3.24
             3.24  3.92  4.45  4.55  4.35  3.63  3.45  3.60  2.91  3.19  3.53  3.29     3.68  3.49  4.45  3.56  3.21
             1.11  1.06  1.01  1.02  1.07  1.09  1.08  1.04  1.01  1.01  1.07  1.11     1.06  1.09  1.03  1.07  1.03
             1.51  1.32  1.18  1.03  0.94  0.91  0.92  0.97  1.04  1.21  1.49  1.59     1.18  1.47  1.05  0.93  1.25
temperature  -4.3  -4.0  -0.6   6.0  11.1  14.7  18.4  19.4  15.3   9.4   4.1  -1.1      7.4  -3.1   5.5  17.5   9.6
diffusedrad  1.17  1.59  2.02  2.20  2.48  2.55  2.42  2.28  1.83  1.47  1.13  1.00     1.85  1.25  2.23  2.42  1.48
snow10cm     0.79  0.84  0.71  0.14  0.00  0.00  0.00  0.00  0.00  0.00  0.00  0.33     0.23  0.65  0.28  0.00  0.00
