2 42326   西野牧          36 14.7  138 42.4  375
             2.57  3.25  3.69  4.28  4.56  4.10  4.11  4.09  3.00  2.81  2.52  2.34     3.44  2.72  4.18  4.10  2.78
             2.89  3.69  4.13  5.13  5.55  5.15  6.40  5.10  3.68  3.67  3.04  2.61     3.79  2.99  4.68  5.07  3.21
             1.92  2.43  2.42  3.45  3.73  2.64  2.38  2.92  1.99  2.17  1.91  2.04     2.84  2.36  3.28  2.82  2.18
  0   10     3.14  3.67  3.98  4.41  4.57  4.07  4.10  4.15  3.10  3.07  2.98  2.86     3.68  3.22  4.32  4.11  3.05
  0   20     3.64  4.05  4.18  4.46  4.50  3.98  4.02  4.14  3.15  3.28  3.38  3.33     3.84  3.67  4.38  4.04  3.27
  0   30     4.04  4.34  4.29  4.41  4.35  3.82  3.86  4.04  3.15  3.40  3.69  3.73     3.93  4.04  4.34  3.91  3.42
  0   40     4.35  4.52  4.30  4.26  4.11  3.59  3.64  3.86  3.08  3.46  3.91  4.02     3.92  4.30  4.22  3.70  3.48
  0   50     4.54  4.60  4.21  4.03  3.79  3.30  3.35  3.61  2.96  3.43  4.03  4.22     3.84  4.45  4.01  3.42  3.47
  0   60     4.62  4.57  4.03  3.71  3.41  2.96  3.01  3.29  2.77  3.33  4.05  4.30     3.67  4.49  3.72  3.09  3.39
  0   70     4.57  4.43  3.76  3.32  2.98  2.58  2.63  2.92  2.54  3.15  3.97  4.26     3.43  4.42  3.35  2.71  3.22
  0   80     4.41  4.19  3.41  2.87  2.50  2.18  2.21  2.50  2.26  2.91  3.79  4.12     3.11  4.24  2.93  2.30  2.99
  0   90     4.14  3.85  2.99  2.38  2.02  1.78  1.80  2.05  1.95  2.60  3.51  3.86     2.75  3.95  2.46  1.88  2.69
 15   10     3.13  3.66  3.97  4.40  4.57  4.07  4.10  4.15  3.09  3.06  2.97  2.83     3.67  3.21  4.31  4.11  3.04
 15   20     3.60  4.02  4.16  4.45  4.50  3.98  4.02  4.14  3.15  3.26  3.35  3.29     3.83  3.64  4.37  4.05  3.25
 15   30     3.99  4.29  4.26  4.40  4.35  3.82  3.86  4.04  3.14  3.38  3.64  3.66     3.90  3.98  4.34  3.91  3.39
 15   40     4.28  4.46  4.26  4.25  4.11  3.59  3.64  3.86  3.07  3.42  3.85  3.94     3.90  4.23  4.21  3.70  3.45
 15   50     4.46  4.53  4.18  4.02  3.81  3.31  3.36  3.62  2.94  3.39  3.96  4.12     3.81  4.37  4.00  3.43  3.43
 15   60     4.53  4.49  4.00  3.71  3.43  2.97  3.02  3.30  2.76  3.28  3.97  4.18     3.64  4.40  3.71  3.10  3.34
 15   70     4.47  4.34  3.73  3.33  3.01  2.61  2.65  2.93  2.53  3.10  3.88  4.14     3.39  4.32  3.36  2.73  3.17
 15   80     4.31  4.10  3.38  2.90  2.55  2.21  2.25  2.53  2.25  2.85  3.69  3.99     3.09  4.13  2.94  2.33  2.93
 15   90     4.03  3.76  2.96  2.43  2.09  1.83  1.85  2.10  1.95  2.54  3.42  3.73     2.72  3.84  2.49  1.93  2.63
 30   10     3.07  3.61  3.94  4.39  4.57  4.07  4.09  4.15  3.08  3.03  2.92  2.77     3.64  3.15  4.30  4.10  3.01
 30   20     3.49  3.92  4.11  4.42  4.50  3.98  4.02  4.13  3.12  3.20  3.25  3.17     3.78  3.53  4.34  4.04  3.19
 30   30     3.83  4.15  4.19  4.36  4.35  3.83  3.87  4.03  3.10  3.29  3.50  3.49     3.83  3.82  4.30  3.91  3.30
 30   40     4.07  4.28  4.18  4.22  4.13  3.61  3.66  3.86  3.03  3.32  3.67  3.72     3.81  4.02  4.18  3.71  3.34
 30   50     4.21  4.31  4.07  3.99  3.84  3.33  3.38  3.62  2.90  3.27  3.75  3.85     3.71  4.12  3.97  3.44  3.31
 30   60     4.24  4.25  3.89  3.69  3.49  3.02  3.07  3.33  2.71  3.15  3.74  3.88     3.54  4.12  3.69  3.14  3.20
 30   70     4.16  4.09  3.63  3.34  3.09  2.67  2.72  2.98  2.49  2.96  3.63  3.82     3.30  4.02  3.35  2.79  3.03
 30   80     3.98  3.84  3.29  2.93  2.67  2.31  2.35  2.61  2.22  2.72  3.43  3.65     3.00  3.82  2.96  2.42  2.79
 30   90     3.70  3.50  2.90  2.50  2.25  1.95  1.98  2.21  1.93  2.42  3.15  3.39     2.66  3.53  2.55  2.05  2.50
 45   10     2.98  3.53  3.89  4.36  4.56  4.07  4.09  4.13  3.06  2.99  2.84  2.68     3.60  3.06  4.27  4.10  2.96
 45   20     3.31  3.77  4.02  4.36  4.50  3.98  4.01  4.10  3.08  3.11  3.11  2.99     3.69  3.35  4.29  4.03  3.10
 45   30     3.57  3.93  4.06  4.30  4.35  3.83  3.87  4.01  3.05  3.17  3.31  3.22     3.72  3.57  4.24  3.90  3.17
 45   40     3.75  4.02  4.03  4.14  4.14  3.62  3.66  3.84  2.96  3.17  3.42  3.38     3.68  3.71  4.11  3.71  3.18
 45   50     3.84  4.01  3.92  3.93  3.87  3.37  3.41  3.62  2.83  3.10  3.46  3.46     3.57  3.77  3.91  3.46  3.13
 45   60     3.83  3.92  3.73  3.64  3.54  3.07  3.11  3.33  2.64  2.97  3.42  3.45     3.39  3.73  3.63  3.17  3.01
 45   70     3.72  3.75  3.48  3.31  3.18  2.74  2.79  3.02  2.42  2.78  3.30  3.35     3.15  3.61  3.33  2.85  2.83
 45   80     3.53  3.51  3.17  2.93  2.79  2.41  2.45  2.67  2.17  2.54  3.10  3.17     2.87  3.40  2.96  2.51  2.60
 45   90     3.27  3.19  2.81  2.55  2.40  2.07  2.11  2.30  1.91  2.27  2.83  2.91     2.55  3.12  2.59  2.16  2.33
 60   10     2.85  3.43  3.83  4.32  4.55  4.07  4.09  4.11  3.03  2.92  2.75  2.56     3.54  2.95  4.23  4.09  2.90
 60   20     3.09  3.58  3.90  4.30  4.48  3.98  4.00  4.07  3.02  3.00  2.93  2.76     3.59  3.14  4.22  4.02  2.98
 60   30     3.25  3.67  3.90  4.21  4.34  3.83  3.86  3.96  2.97  3.01  3.05  2.91     3.58  3.28  4.15  3.88  3.01
 60   40     3.34  3.68  3.84  4.05  4.13  3.63  3.66  3.80  2.87  2.98  3.12  2.98     3.51  3.34  4.01  3.70  2.99
 60   50     3.38  3.65  3.71  3.83  3.87  3.38  3.42  3.57  2.73  2.88  3.11  2.99     3.38  3.34  3.80  3.46  2.90
 60   60     3.34  3.54  3.52  3.57  3.57  3.10  3.14  3.32  2.55  2.75  3.04  2.95     3.20  3.27  3.55  3.19  2.78
 60   70     3.21  3.35  3.27  3.25  3.23  2.80  2.84  3.02  2.33  2.56  2.91  2.83     2.97  3.13  3.25  2.88  2.60
 60   80     3.03  3.14  3.00  2.91  2.87  2.48  2.51  2.69  2.10  2.33  2.71  2.65     2.70  2.94  2.93  2.56  2.38
 60   90     2.80  2.86  2.67  2.55  2.51  2.17  2.19  2.37  1.85  2.09  2.48  2.42     2.41  2.69  2.58  2.24  2.14
 75   10     2.72  3.31  3.75  4.28  4.54  4.06  4.08  4.09  2.99  2.86  2.64  2.42     3.48  2.81  4.19  4.08  2.83
 75   20     2.83  3.36  3.75  4.22  4.45  3.97  3.98  4.03  2.96  2.87  2.72  2.51     3.47  2.90  4.14  3.99  2.85
 75   30     2.89  3.36  3.71  4.09  4.30  3.82  3.84  3.90  2.88  2.83  2.77  2.54     3.41  2.93  4.04  3.85  2.83
 75   40     2.92  3.33  3.61  3.92  4.10  3.62  3.65  3.73  2.76  2.75  2.76  2.55     3.31  2.93  3.88  3.67  2.76
 75   50     2.87  3.23  3.46  3.70  3.84  3.38  3.41  3.51  2.61  2.64  2.72  2.50     3.16  2.87  3.67  3.43  2.66
 75   60     2.81  3.11  3.27  3.43  3.55  3.11  3.13  3.25  2.43  2.49  2.61  2.42     2.97  2.78  3.42  3.16  2.51
 75   70     2.68  2.93  3.04  3.14  3.24  2.82  2.85  2.98  2.23  2.31  2.49  2.30     2.75  2.64  3.14  2.88  2.34
 75   80     2.51  2.73  2.77  2.82  2.90  2.52  2.55  2.68  2.00  2.10  2.31  2.13     2.50  2.46  2.83  2.58  2.14
 75   90     2.31  2.50  2.49  2.50  2.56  2.21  2.24  2.36  1.78  1.88  2.10  1.93     2.24  2.25  2.52  2.27  1.92
 90   10     2.57  3.18  3.67  4.23  4.52  4.05  4.07  4.06  2.96  2.78  2.52  2.28     3.41  2.68  4.14  4.06  2.75
 90   20     2.54  3.12  3.60  4.13  4.41  3.95  3.96  3.97  2.89  2.72  2.50  2.23     3.34  2.63  4.05  3.96  2.70
 90   30     2.51  3.04  3.49  3.97  4.25  3.80  3.81  3.83  2.78  2.63  2.45  2.18     3.23  2.58  3.90  3.81  2.62
 90   40     2.45  2.92  3.35  3.76  4.04  3.59  3.61  3.63  2.64  2.52  2.39  2.10     3.08  2.49  3.71  3.61  2.52
 90   50     2.37  2.81  3.17  3.53  3.78  3.35  3.37  3.41  2.48  2.37  2.30  2.02     2.91  2.40  3.49  3.38  2.38
 90   60     2.27  2.65  2.97  3.27  3.49  3.08  3.10  3.16  2.29  2.22  2.18  1.90     2.71  2.27  3.24  3.12  2.23
 90   70     2.15  2.50  2.75  2.97  3.18  2.80  2.81  2.88  2.09  2.04  2.05  1.78     2.50  2.14  2.97  2.83  2.06
 90   80     1.99  2.30  2.51  2.69  2.87  2.52  2.53  2.60  1.89  1.86  1.90  1.64     2.27  1.98  2.69  2.55  1.88
 90   90     1.85  2.13  2.27  2.39  2.54  2.22  2.24  2.32  1.68  1.66  1.72  1.48     2.04  1.82  2.40  2.26  1.68
105   10     2.42  3.05  3.59  4.18  4.50  4.05  4.06  4.03  2.92  2.71  2.39  2.14     3.34  2.54  4.09  4.05  2.67
105   20     2.27  2.88  3.43  4.03  4.37  3.94  3.94  3.91  2.81  2.58  2.26  1.97     3.20  2.37  3.94  3.93  2.55
105   30     2.12  2.71  3.25  3.82  4.18  3.77  3.77  3.73  2.67  2.42  2.13  1.81     3.03  2.21  3.75  3.76  2.41
105   40     1.99  2.54  3.06  3.58  3.95  3.55  3.55  3.52  2.51  2.27  2.00  1.68     2.85  2.07  3.53  3.54  2.26
105   50     1.88  2.36  2.86  3.32  3.67  3.30  3.30  3.28  2.33  2.11  1.87  1.55     2.65  1.93  3.28  3.29  2.10
105   60     1.75  2.21  2.64  3.05  3.38  3.03  3.03  3.02  2.14  1.94  1.76  1.43     2.45  1.79  3.02  3.03  1.94
105   70     1.65  2.06  2.42  2.77  3.07  2.74  2.75  2.75  1.95  1.77  1.62  1.31     2.24  1.67  2.76  2.75  1.78
105   80     1.52  1.91  2.22  2.49  2.77  2.46  2.46  2.48  1.75  1.60  1.50  1.20     2.03  1.54  2.49  2.47  1.62
105   90     1.41  1.76  2.00  2.22  2.47  2.19  2.19  2.21  1.56  1.44  1.37  1.08     1.83  1.42  2.23  2.20  1.46
120   10     2.28  2.93  3.50  4.13  4.48  4.04  4.05  4.00  2.88  2.63  2.27  2.00     3.27  2.40  4.04  4.03  2.60
120   20     2.00  2.65  3.27  3.93  4.33  3.92  3.92  3.85  2.74  2.43  2.04  1.72     3.06  2.12  3.84  3.90  2.40
120   30     1.75  2.37  3.02  3.67  4.11  3.73  3.73  3.64  2.56  2.22  1.82  1.47     2.84  1.87  3.60  3.70  2.20
120   40     1.56  2.14  2.76  3.38  3.84  3.50  3.48  3.39  2.37  2.02  1.63  1.28     2.61  1.66  3.33  3.46  2.01
120   50     1.41  1.94  2.51  3.08  3.54  3.23  3.21  3.12  2.17  1.83  1.49  1.13     2.39  1.50  3.04  3.19  1.83
120   60     1.29  1.79  2.30  2.79  3.22  2.94  2.92  2.84  1.97  1.66  1.36  1.02     2.18  1.37  2.77  2.90  1.67
120   70     1.21  1.65  2.10  2.52  2.91  2.65  2.64  2.57  1.78  1.51  1.25  0.93     1.98  1.26  2.51  2.62  1.51
120   80     1.12  1.54  1.90  2.26  2.61  2.37  2.36  2.31  1.61  1.36  1.15  0.85     1.79  1.17  2.26  2.35  1.37
120   90     1.06  1.43  1.73  2.01  2.33  2.10  2.09  2.06  1.44  1.23  1.06  0.78     1.61  1.09  2.02  2.09  1.24
135   10     2.15  2.83  3.43  4.09  4.46  4.04  4.04  3.98  2.85  2.57  2.17  1.88     3.21  2.29  4.00  4.02  2.53
135   20     1.75  2.44  3.12  3.84  4.29  3.91  3.90  3.79  2.67  2.30  1.83  1.49     2.94  1.89  3.75  3.87  2.27
135   30     1.41  2.07  2.79  3.53  4.04  3.71  3.69  3.55  2.46  2.03  1.52  1.16     2.66  1.55  3.45  3.65  2.01
135   40     1.17  1.77  2.47  3.18  3.72  3.45  3.42  3.25  2.23  1.78  1.29  0.93     2.39  1.29  3.12  3.37  1.77
135   50     1.02  1.56  2.19  2.83  3.37  3.15  3.11  2.94  2.01  1.57  1.14  0.80     2.14  1.13  2.80  3.07  1.57
135   60     0.93  1.41  1.95  2.52  3.03  2.83  2.79  2.64  1.80  1.41  1.03  0.72     1.92  1.02  2.50  2.75  1.41
135   70     0.88  1.30  1.76  2.24  2.70  2.52  2.49  2.36  1.62  1.27  0.94  0.68     1.73  0.95  2.24  2.46  1.28
135   80     0.84  1.24  1.60  2.00  2.41  2.24  2.21  2.11  1.46  1.15  0.89  0.63     1.56  0.90  2.00  2.19  1.17
135   90     0.81  1.18  1.48  1.79  2.15  1.99  1.96  1.89  1.30  1.05  0.82  0.60     1.42  0.87  1.80  1.95  1.06
150   10     2.05  2.75  3.37  4.06  4.45  4.03  4.03  3.96  2.83  2.52  2.09  1.79     3.16  2.20  3.96  4.01  2.48
150   20     1.54  2.27  3.00  3.77  4.26  3.90  3.88  3.75  2.62  2.20  1.66  1.30     2.85  1.70  3.68  3.84  2.16
150   30     1.11  1.81  2.60  3.42  3.98  3.69  3.66  3.48  2.38  1.87  1.27  0.90     2.51  1.27  3.33  3.61  1.84
150   40     0.84  1.45  2.20  3.01  3.64  3.42  3.37  3.14  2.11  1.57  0.99  0.68     2.20  0.99  2.95  3.31  1.56
150   50     0.75  1.22  1.86  2.60  3.23  3.08  3.02  2.77  1.85  1.34  0.86  0.62     1.93  0.86  2.56  2.96  1.35
150   60     0.73  1.12  1.62  2.23  2.82  2.72  2.65  2.42  1.63  1.19  0.80  0.60     1.71  0.82  2.22  2.60  1.21
150   70     0.72  1.08  1.47  1.95  2.46  2.37  2.32  2.12  1.47  1.09  0.76  0.59     1.53  0.80  1.96  2.27  1.11
150   80     0.71  1.05  1.35  1.74  2.17  2.09  2.04  1.89  1.33  1.01  0.73  0.57     1.39  0.78  1.75  2.01  1.02
150   90     0.69  1.04  1.27  1.57  1.93  1.85  1.81  1.70  1.20  0.94  0.69  0.56     1.27  0.76  1.59  1.78  0.94
165   10     1.98  2.70  3.34  4.05  4.44  4.03  4.03  3.95  2.81  2.49  2.03  1.73     3.13  2.14  3.94  4.00  2.44
165   20     1.39  2.16  2.92  3.74  4.24  3.89  3.88  3.73  2.59  2.13  1.53  1.16     2.78  1.57  3.63  3.83  2.09
165   30     0.89  1.61  2.46  3.35  3.96  3.68  3.65  3.43  2.32  1.75  1.07  0.71     2.41  1.07  3.25  3.59  1.71
165   40     0.73  1.17  1.98  2.90  3.60  3.40  3.36  3.08  2.03  1.38  0.81  0.62     2.09  0.84  2.83  3.28  1.41
165   50     0.72  1.01  1.57  2.41  3.17  3.07  3.00  2.67  1.72  1.14  0.79  0.61     1.82  0.78  2.38  2.91  1.22
165   60     0.72  1.01  1.35  1.95  2.69  2.69  2.60  2.22  1.48  1.06  0.76  0.60     1.60  0.78  2.00  2.50  1.10
165   70     0.71  1.01  1.26  1.67  2.21  2.27  2.17  1.88  1.34  1.00  0.73  0.59     1.40  0.77  1.71  2.11  1.03
165   80     0.70  1.01  1.20  1.51  1.92  1.92  1.86  1.68  1.23  0.94  0.70  0.57     1.27  0.76  1.54  1.82  0.96
165   90     0.69  1.01  1.14  1.39  1.73  1.71  1.66  1.53  1.13  0.89  0.68  0.56     1.18  0.75  1.42  1.63  0.90
180   10     1.95  2.69  3.32  4.04  4.43  4.03  4.03  3.94  2.80  2.48  2.01  1.71     3.12  2.12  3.93  4.00  2.43
180   20     1.34  2.11  2.89  3.73  4.23  3.89  3.87  3.71  2.58  2.10  1.48  1.12     2.75  1.52  3.62  3.82  2.06
180   30     0.81  1.53  2.40  3.34  3.94  3.67  3.64  3.42  2.31  1.70  1.00  0.65     2.37  1.00  3.23  3.58  1.67
180   40     0.73  1.03  1.88  2.89  3.58  3.40  3.35  3.06  2.00  1.29  0.81  0.62     2.05  0.80  2.78  3.27  1.37
180   50     0.72  1.01  1.34  2.39  3.15  3.06  2.99  2.65  1.66  1.10  0.79  0.61     1.79  0.78  2.29  2.90  1.18
180   60     0.72  1.01  1.24  1.86  2.67  2.67  2.59  2.19  1.37  1.05  0.76  0.60     1.56  0.78  1.92  2.49  1.06
180   70     0.71  1.01  1.20  1.52  2.15  2.25  2.16  1.75  1.28  1.00  0.73  0.59     1.36  0.77  1.62  2.06  1.00
180   80     0.70  1.01  1.16  1.41  1.80  1.86  1.78  1.57  1.20  0.94  0.70  0.57     1.23  0.76  1.46  1.74  0.95
180   90     0.69  1.01  1.11  1.32  1.63  1.64  1.59  1.44  1.11  0.89  0.68  0.56     1.14  0.75  1.35  1.56  0.89
             61.4  52.2  36.1  19.5   7.2   2.9   4.5  13.2  24.3  41.8  57.0  62.1     34.9  58.7  21.3   6.8  43.8
             4.62  4.61  4.30  4.46  4.57  4.09  4.11  4.16  3.16  3.46  4.06  4.30     4.16  4.50  4.38  4.11  3.49
             4.21  4.44  4.30  4.35  4.24  3.71  3.76  3.96  3.12  3.44  3.81  3.89     3.94  4.18  4.30  3.81  3.46
             1.10  1.04  1.00  1.03  1.08  1.10  1.09  1.05  1.01  1.01  1.07  1.11     1.06  1.08  1.03  1.08  1.03
             1.64  1.37  1.17  1.02  0.93  0.90  0.91  0.97  1.04  1.22  1.51  1.66     1.20  1.56  1.04  0.93  1.26
temperature   0.9   1.5   4.8  10.9  15.5  19.0  22.7  23.9  19.8  13.7   7.9   3.2     12.0   1.9  10.4  21.9  13.8
diffusedrad  1.06  1.44  1.79  2.16  2.47  2.52  2.43  2.29  1.86  1.49  1.14  0.94     1.80  1.15  2.14  2.41  1.50
snow10cm     0.10  0.22  0.06  0.00  0.00  0.00  0.00  0.00  0.00  0.00  0.00  0.00     0.03  0.11  0.02  0.00  0.00
