2 42302   伊勢崎          36 19.9  139  9.9   64
             2.61  3.34  3.90  4.61  4.87  4.20  4.29  4.34  3.32  2.91  2.54  2.34     3.61  2.77  4.46  4.28  2.92
             3.00  3.85  4.38  5.37  5.89  5.03  6.73  5.65  4.32  3.47  3.04  2.61     4.03  3.05  4.97  5.21  3.32
             2.26  2.47  2.83  3.32  4.12  3.27  3.06  3.25  2.39  2.23  1.95  1.88     3.30  2.38  3.83  3.57  2.56
  0   10     3.21  3.80  4.22  4.76  4.88  4.17  4.28  4.41  3.47  3.20  3.01  2.87     3.86  3.29  4.62  4.29  3.23
  0   20     3.72  4.20  4.45  4.82  4.81  4.08  4.20  4.40  3.55  3.42  3.41  3.35     4.03  3.76  4.69  4.22  3.46
  0   30     4.14  4.51  4.57  4.77  4.64  3.91  4.03  4.29  3.55  3.56  3.73  3.75     4.12  4.13  4.66  4.08  3.61
  0   40     4.45  4.70  4.59  4.62  4.38  3.67  3.80  4.11  3.48  3.62  3.96  4.05     4.12  4.40  4.53  3.86  3.69
  0   50     4.65  4.77  4.50  4.36  4.04  3.37  3.49  3.83  3.34  3.60  4.08  4.25     4.02  4.56  4.30  3.56  3.67
  0   60     4.73  4.72  4.30  4.01  3.62  3.02  3.13  3.49  3.14  3.50  4.11  4.33     3.84  4.59  3.98  3.21  3.58
  0   70     4.68  4.56  4.01  3.59  3.14  2.63  2.73  3.09  2.87  3.32  4.02  4.30     3.58  4.51  3.58  2.81  3.40
  0   80     4.51  4.28  3.62  3.09  2.63  2.22  2.29  2.63  2.55  3.06  3.84  4.15     3.24  4.31  3.12  2.38  3.15
  0   90     4.22  3.89  3.16  2.55  2.09  1.81  1.86  2.15  2.19  2.74  3.56  3.90     2.84  4.00  2.60  1.94  2.83
 15   10     3.19  3.78  4.21  4.75  4.88  4.17  4.28  4.41  3.46  3.19  2.99  2.85     3.85  3.27  4.61  4.29  3.21
 15   20     3.69  4.17  4.43  4.81  4.81  4.08  4.20  4.40  3.54  3.40  3.38  3.31     4.02  3.72  4.68  4.22  3.44
 15   30     4.09  4.46  4.54  4.76  4.64  3.91  4.03  4.29  3.54  3.53  3.68  3.69     4.10  4.08  4.65  4.08  3.58
 15   40     4.39  4.63  4.55  4.61  4.38  3.67  3.80  4.10  3.47  3.58  3.90  3.97     4.09  4.33  4.51  3.86  3.65
 15   50     4.57  4.69  4.46  4.36  4.05  3.38  3.50  3.84  3.33  3.55  4.01  4.15     3.99  4.47  4.29  3.58  3.63
 15   60     4.64  4.64  4.27  4.02  3.65  3.04  3.15  3.51  3.12  3.44  4.03  4.22     3.81  4.50  3.98  3.23  3.53
 15   70     4.58  4.46  3.97  3.61  3.18  2.66  2.76  3.11  2.86  3.26  3.94  4.18     3.55  4.41  3.59  2.84  3.35
 15   80     4.41  4.18  3.59  3.13  2.69  2.26  2.34  2.67  2.55  3.00  3.75  4.03     3.21  4.20  3.13  2.42  3.10
 15   90     4.11  3.79  3.13  2.61  2.18  1.86  1.92  2.21  2.19  2.67  3.47  3.77     2.83  3.89  2.64  1.99  2.78
 30   10     3.13  3.73  4.17  4.73  4.88  4.17  4.28  4.40  3.44  3.15  2.94  2.79     3.82  3.21  4.59  4.28  3.18
 30   20     3.57  4.07  4.37  4.78  4.81  4.08  4.20  4.39  3.50  3.33  3.28  3.19     3.96  3.61  4.65  4.22  3.37
 30   30     3.92  4.31  4.46  4.72  4.65  3.92  4.04  4.29  3.50  3.44  3.54  3.51     4.02  3.91  4.61  4.08  3.49
 30   40     4.17  4.44  4.46  4.57  4.42  3.69  3.82  4.11  3.42  3.47  3.72  3.75     4.00  4.12  4.48  3.88  3.54
 30   50     4.31  4.46  4.35  4.33  4.09  3.41  3.53  3.85  3.28  3.43  3.80  3.88     3.89  4.22  4.26  3.60  3.50
 30   60     4.34  4.38  4.15  4.01  3.72  3.09  3.20  3.54  3.07  3.31  3.79  3.92     3.71  4.21  3.96  3.28  3.39
 30   70     4.26  4.19  3.87  3.62  3.28  2.73  2.83  3.17  2.82  3.11  3.68  3.85     3.45  4.10  3.59  2.91  3.21
 30   80     4.07  3.90  3.50  3.17  2.83  2.36  2.44  2.77  2.52  2.86  3.48  3.69     3.13  3.89  3.17  2.52  2.95
 30   90     3.77  3.52  3.07  2.69  2.37  1.99  2.06  2.34  2.19  2.55  3.20  3.42     2.77  3.57  2.71  2.13  2.65
 45   10     3.03  3.65  4.12  4.70  4.87  4.17  4.27  4.39  3.42  3.10  2.87  2.69     3.77  3.12  4.56  4.28  3.13
 45   20     3.38  3.90  4.27  4.71  4.80  4.08  4.19  4.36  3.45  3.24  3.14  3.00     3.88  3.43  4.60  4.21  3.28
 45   30     3.65  4.07  4.33  4.65  4.66  3.92  4.04  4.27  3.43  3.31  3.34  3.24     3.91  3.65  4.54  4.08  3.36
 45   40     3.84  4.16  4.30  4.49  4.43  3.71  3.82  4.09  3.34  3.31  3.46  3.40     3.86  3.80  4.41  3.87  3.37
 45   50     3.93  4.14  4.18  4.26  4.14  3.45  3.56  3.86  3.19  3.24  3.50  3.49     3.75  3.85  4.20  3.62  3.31
 45   60     3.92  4.03  3.98  3.95  3.78  3.14  3.25  3.55  2.99  3.11  3.47  3.48     3.55  3.81  3.90  3.31  3.19
 45   70     3.80  3.83  3.71  3.60  3.40  2.81  2.91  3.22  2.75  2.92  3.35  3.38     3.31  3.67  3.57  2.98  3.00
 45   80     3.60  3.55  3.37  3.18  2.98  2.46  2.55  2.84  2.47  2.67  3.15  3.20     3.00  3.45  3.17  2.62  2.76
 45   90     3.32  3.19  2.98  2.76  2.55  2.12  2.19  2.46  2.16  2.38  2.87  2.94     2.66  3.15  2.76  2.26  2.47
 60   10     2.90  3.54  4.05  4.66  4.86  4.16  4.27  4.37  3.38  3.04  2.77  2.57     3.71  3.00  4.52  4.27  3.06
 60   20     3.15  3.69  4.14  4.64  4.79  4.07  4.18  4.33  3.39  3.12  2.96  2.77     3.77  3.21  4.52  4.19  3.15
 60   30     3.33  3.79  4.15  4.55  4.64  3.92  4.03  4.22  3.34  3.14  3.09  2.93     3.76  3.35  4.45  4.06  3.19
 60   40     3.42  3.80  4.09  4.39  4.42  3.71  3.83  4.05  3.24  3.11  3.15  3.01     3.69  3.41  4.30  3.86  3.17
 60   50     3.46  3.75  3.95  4.15  4.15  3.46  3.57  3.81  3.08  3.02  3.15  3.01     3.54  3.40  4.08  3.61  3.08
 60   60     3.41  3.62  3.75  3.87  3.83  3.18  3.28  3.54  2.88  2.87  3.08  2.97     3.36  3.33  3.82  3.33  2.94
 60   70     3.28  3.40  3.48  3.52  3.46  2.86  2.96  3.22  2.64  2.69  2.95  2.86     3.11  3.18  3.49  3.02  2.76
 60   80     3.08  3.15  3.18  3.16  3.08  2.54  2.62  2.88  2.39  2.44  2.76  2.67     2.83  2.97  3.14  2.68  2.53
 60   90     2.84  2.83  2.82  2.77  2.69  2.22  2.29  2.53  2.10  2.19  2.52  2.44     2.52  2.70  2.76  2.35  2.27
 75   10     2.76  3.41  3.97  4.61  4.84  4.16  4.26  4.34  3.34  2.96  2.66  2.43     3.65  2.87  4.47  4.25  2.99
 75   20     2.88  3.46  3.98  4.55  4.75  4.06  4.16  4.28  3.31  2.98  2.75  2.52     3.64  2.96  4.43  4.17  3.01
 75   30     2.95  3.45  3.94  4.42  4.60  3.91  4.01  4.15  3.23  2.95  2.79  2.56     3.58  2.99  4.32  4.02  2.99
 75   40     2.97  3.41  3.83  4.24  4.39  3.71  3.81  3.98  3.10  2.87  2.79  2.57     3.47  2.98  4.15  3.83  2.92
 75   50     2.93  3.30  3.67  4.01  4.12  3.46  3.56  3.75  2.94  2.76  2.75  2.53     3.31  2.92  3.93  3.59  2.82
 75   60     2.86  3.16  3.47  3.71  3.81  3.18  3.27  3.47  2.74  2.60  2.65  2.44     3.11  2.82  3.66  3.31  2.66
 75   70     2.72  2.95  3.22  3.41  3.48  2.89  2.98  3.19  2.52  2.42  2.52  2.32     2.88  2.66  3.37  3.02  2.49
 75   80     2.54  2.71  2.94  3.06  3.12  2.58  2.66  2.87  2.27  2.20  2.35  2.15     2.62  2.47  3.04  2.70  2.27
 75   90     2.33  2.45  2.63  2.71  2.75  2.27  2.34  2.53  2.02  1.97  2.13  1.95     2.34  2.24  2.70  2.38  2.04
 90   10     2.61  3.27  3.88  4.55  4.82  4.15  4.25  4.31  3.29  2.88  2.54  2.29     3.57  2.72  4.42  4.24  2.90
 90   20     2.58  3.21  3.80  4.45  4.71  4.05  4.14  4.22  3.22  2.82  2.52  2.25     3.50  2.68  4.32  4.14  2.85
 90   30     2.55  3.11  3.69  4.27  4.54  3.89  3.98  4.07  3.11  2.73  2.47  2.19     3.38  2.62  4.17  3.98  2.77
 90   40     2.49  2.98  3.54  4.05  4.32  3.68  3.77  3.87  2.95  2.62  2.41  2.11     3.23  2.52  3.97  3.77  2.66
 90   50     2.41  2.84  3.35  3.81  4.05  3.43  3.52  3.64  2.77  2.46  2.32  2.03     3.05  2.43  3.74  3.53  2.52
 90   60     2.29  2.66  3.14  3.53  3.74  3.16  3.24  3.38  2.58  2.31  2.21  1.91     2.85  2.29  3.47  3.26  2.37
 90   70     2.17  2.48  2.90  3.21  3.42  2.87  2.94  3.08  2.35  2.12  2.07  1.80     2.62  2.15  3.18  2.96  2.18
 90   80     2.00  2.25  2.64  2.91  3.09  2.58  2.65  2.79  2.13  1.94  1.93  1.65     2.38  1.97  2.88  2.67  2.00
 90   90     1.84  2.05  2.38  2.58  2.74  2.28  2.35  2.48  1.89  1.73  1.74  1.49     2.13  1.79  2.57  2.37  1.79
105   10     2.46  3.13  3.78  4.50  4.80  4.14  4.24  4.28  3.25  2.80  2.41  2.14     3.49  2.58  4.36  4.22  2.82
105   20     2.30  2.94  3.62  4.33  4.67  4.03  4.12  4.15  3.13  2.66  2.28  1.97     3.35  2.40  4.21  4.10  2.69
105   30     2.14  2.75  3.42  4.11  4.47  3.86  3.94  3.96  2.97  2.50  2.15  1.81     3.17  2.24  4.00  3.92  2.54
105   40     2.01  2.56  3.21  3.85  4.22  3.64  3.71  3.74  2.79  2.35  2.02  1.68     2.98  2.08  3.76  3.69  2.38
105   50     1.89  2.36  3.00  3.56  3.93  3.38  3.45  3.49  2.59  2.18  1.89  1.55     2.77  1.94  3.50  3.44  2.22
105   60     1.75  2.18  2.77  3.28  3.62  3.10  3.17  3.22  2.38  2.00  1.78  1.44     2.56  1.79  3.22  3.16  2.05
105   70     1.64  2.00  2.54  2.98  3.29  2.81  2.87  2.94  2.17  1.84  1.64  1.32     2.34  1.66  2.94  2.87  1.88
105   80     1.51  1.82  2.31  2.67  2.97  2.52  2.58  2.64  1.95  1.66  1.52  1.21     2.12  1.51  2.65  2.58  1.71
105   90     1.39  1.65  2.07  2.39  2.66  2.24  2.29  2.37  1.75  1.49  1.39  1.09     1.90  1.38  2.37  2.30  1.54
120   10     2.31  3.00  3.69  4.44  4.78  4.14  4.23  4.25  3.20  2.72  2.29  2.01     3.42  2.44  4.30  4.20  2.74
120   20     2.02  2.69  3.43  4.21  4.62  4.01  4.09  4.08  3.04  2.51  2.05  1.72     3.21  2.14  4.09  4.06  2.53
120   30     1.76  2.39  3.15  3.93  4.38  3.82  3.89  3.86  2.83  2.29  1.83  1.47     2.97  1.88  3.82  3.86  2.32
120   40     1.56  2.13  2.88  3.61  4.09  3.58  3.64  3.59  2.62  2.07  1.64  1.28     2.72  1.66  3.53  3.60  2.11
120   50     1.40  1.91  2.62  3.29  3.77  3.30  3.35  3.30  2.39  1.88  1.50  1.13     2.49  1.48  3.23  3.32  1.92
120   60     1.28  1.72  2.38  2.98  3.44  3.01  3.05  3.01  2.17  1.71  1.37  1.02     2.26  1.34  2.93  3.02  1.75
120   70     1.19  1.55  2.17  2.69  3.11  2.71  2.75  2.73  1.96  1.55  1.26  0.94     2.05  1.23  2.65  2.73  1.59
120   80     1.09  1.42  1.96  2.41  2.79  2.42  2.46  2.46  1.77  1.39  1.17  0.86     1.85  1.12  2.39  2.45  1.44
120   90     1.02  1.29  1.77  2.15  2.49  2.15  2.18  2.19  1.59  1.27  1.07  0.78     1.66  1.03  2.14  2.18  1.31
135   10     2.17  2.89  3.61  4.40  4.76  4.13  4.22  4.21  3.16  2.65  2.18  1.89     3.36  2.32  4.25  4.19  2.67
135   20     1.76  2.46  3.26  4.11  4.57  4.00  4.07  4.02  2.95  2.37  1.84  1.49     3.08  1.90  3.98  4.03  2.39
135   30     1.40  2.06  2.90  3.77  4.30  3.79  3.85  3.75  2.71  2.08  1.53  1.16     2.77  1.54  3.65  3.80  2.11
135   40     1.15  1.73  2.55  3.38  3.96  3.53  3.56  3.44  2.44  1.82  1.30  0.93     2.48  1.27  3.30  3.51  1.85
135   50     0.99  1.49  2.24  3.00  3.58  3.22  3.24  3.10  2.19  1.60  1.14  0.80     2.22  1.09  2.94  3.19  1.64
135   60     0.90  1.31  1.99  2.66  3.21  2.89  2.91  2.78  1.96  1.43  1.03  0.72     1.98  0.98  2.62  2.86  1.47
135   70     0.84  1.18  1.79  2.36  2.87  2.58  2.59  2.48  1.76  1.29  0.94  0.67     1.78  0.90  2.34  2.55  1.33
135   80     0.79  1.10  1.62  2.10  2.56  2.29  2.31  2.22  1.58  1.17  0.89  0.63     1.61  0.84  2.09  2.27  1.22
135   90     0.76  1.01  1.48  1.88  2.28  2.03  2.04  1.99  1.42  1.08  0.83  0.60     1.45  0.79  1.88  2.02  1.11
150   10     2.07  2.80  3.54  4.36  4.75  4.13  4.21  4.20  3.13  2.60  2.10  1.79     3.31  2.22  4.22  4.18  2.61
150   20     1.54  2.28  3.13  4.04  4.54  3.99  4.05  3.97  2.88  2.26  1.66  1.30     2.97  1.71  3.90  4.00  2.27
150   30     1.09  1.78  2.68  3.63  4.24  3.78  3.82  3.67  2.60  1.90  1.27  0.89     2.61  1.25  3.52  3.75  1.92
150   40     0.81  1.38  2.24  3.18  3.86  3.49  3.51  3.30  2.29  1.59  0.99  0.67     2.27  0.95  3.09  3.44  1.62
150   50     0.71  1.12  1.88  2.72  3.41  3.15  3.15  2.90  1.99  1.34  0.85  0.61     1.99  0.82  2.67  3.07  1.40
150   60     0.68  1.00  1.62  2.32  2.96  2.77  2.76  2.52  1.74  1.20  0.80  0.59     1.75  0.76  2.30  2.68  1.25
150   70     0.67  0.94  1.45  2.02  2.58  2.42  2.40  2.21  1.56  1.10  0.76  0.58     1.56  0.73  2.02  2.35  1.14
150   80     0.65  0.88  1.33  1.80  2.27  2.13  2.11  1.97  1.41  1.01  0.72  0.57     1.41  0.70  1.80  2.07  1.05
150   90     0.63  0.85  1.24  1.63  2.02  1.89  1.87  1.77  1.28  0.94  0.69  0.55     1.28  0.68  1.63  1.84  0.97
165   10     1.99  2.75  3.50  4.34  4.74  4.12  4.21  4.18  3.11  2.56  2.04  1.73     3.27  2.16  4.19  4.17  2.57
165   20     1.38  2.15  3.04  3.99  4.52  3.98  4.04  3.94  2.85  2.18  1.53  1.16     2.90  1.56  3.85  3.99  2.19
165   30     0.85  1.56  2.52  3.56  4.20  3.77  3.80  3.62  2.53  1.77  1.06  0.70     2.50  1.04  3.43  3.73  1.79
165   40     0.69  1.07  1.99  3.05  3.81  3.48  3.49  3.23  2.17  1.39  0.80  0.62     2.15  0.79  2.95  3.40  1.45
165   50     0.68  0.90  1.54  2.50  3.34  3.13  3.12  2.78  1.81  1.14  0.78  0.61     1.86  0.73  2.46  3.01  1.24
165   60     0.67  0.88  1.31  1.99  2.82  2.74  2.70  2.29  1.54  1.05  0.76  0.59     1.61  0.71  2.04  2.58  1.12
165   70     0.66  0.86  1.21  1.70  2.28  2.31  2.24  1.93  1.39  1.00  0.73  0.58     1.41  0.70  1.73  2.16  1.04
165   80     0.64  0.84  1.15  1.53  1.99  1.96  1.92  1.72  1.28  0.94  0.70  0.57     1.27  0.68  1.55  1.87  0.98
165   90     0.63  0.82  1.09  1.41  1.78  1.74  1.71  1.57  1.19  0.89  0.67  0.55     1.17  0.67  1.43  1.67  0.92
180   10     1.96  2.73  3.48  4.34  4.73  4.12  4.20  4.17  3.11  2.55  2.02  1.71     3.26  2.13  4.18  4.17  2.56
180   20     1.33  2.10  3.00  3.98  4.50  3.98  4.04  3.92  2.83  2.15  1.48  1.11     2.87  1.51  3.83  3.98  2.16
180   30     0.78  1.47  2.46  3.55  4.18  3.76  3.80  3.60  2.51  1.72  0.99  0.64     2.45  0.96  3.40  3.72  1.74
180   40     0.69  0.93  1.87  3.04  3.78  3.47  3.48  3.20  2.14  1.28  0.80  0.62     2.11  0.75  2.90  3.39  1.41
180   50     0.68  0.90  1.28  2.48  3.31  3.12  3.11  2.75  1.75  1.09  0.78  0.61     1.82  0.73  2.36  3.00  1.20
180   60     0.67  0.88  1.18  1.88  2.78  2.73  2.69  2.26  1.41  1.04  0.76  0.59     1.57  0.71  1.95  2.56  1.07
180   70     0.66  0.86  1.14  1.52  2.21  2.29  2.23  1.78  1.32  0.99  0.73  0.58     1.36  0.70  1.62  2.10  1.01
180   80     0.64  0.84  1.10  1.41  1.84  1.88  1.83  1.59  1.24  0.94  0.70  0.57     1.22  0.68  1.45  1.77  0.96
180   90     0.63  0.82  1.05  1.33  1.66  1.67  1.64  1.47  1.15  0.89  0.67  0.55     1.13  0.67  1.35  1.59  0.90
             61.1  51.1  36.6  20.1   7.3   3.0   4.5  13.6  25.6  42.5  57.2  62.2     34.7  58.1  21.8   7.0  43.7
             4.73  4.77  4.59  4.82  4.88  4.19  4.29  4.42  3.56  3.62  4.11  4.33     4.36  4.60  4.69  4.29  3.69
             4.30  4.61  4.59  4.71  4.53  3.80  3.93  4.22  3.53  3.60  3.85  3.91     4.13  4.27  4.61  3.98  3.66
             1.10  1.03  1.00  1.02  1.08  1.10  1.09  1.05  1.01  1.01  1.07  1.11     1.06  1.08  1.03  1.08  1.03
             1.65  1.38  1.18  1.02  0.93  0.90  0.92  0.97  1.06  1.24  1.52  1.67     1.20  1.57  1.04  0.93  1.27
temperature   3.4   4.1   7.4  13.3  18.0  21.5  25.1  26.5  22.4  16.5  10.7   5.8     14.6   4.4  12.9  24.4  16.5
diffusedrad  1.04  1.38  1.77  2.15  2.47  2.55  2.49  2.29  1.92  1.50  1.13  0.93     1.80  1.12  2.13  2.44  1.52
snow10cm     0.02  0.02  0.01  0.00  0.00  0.00  0.00  0.00  0.00  0.00  0.00  0.00     0.00  0.01  0.00  0.00  0.00
