2 42396   神流            36  6.5  138 53.8  357
             2.46  3.18  3.79  4.43  4.74  4.17  4.22  4.12  2.98  2.72  2.34  2.26     3.45  2.64  4.32  4.17  2.68
             2.96  3.73  4.39  5.46  5.82  4.95  6.22  5.30  3.64  3.67  2.94  2.57     3.84  2.95  4.82  5.06  3.15
             2.10  2.38  2.64  3.45  4.17  3.05  3.11  3.16  1.99  1.96  1.81  1.87     3.09  2.27  3.62  3.42  2.33
  0   10     2.98  3.60  4.09  4.57  4.75  4.14  4.20  4.18  3.09  2.96  2.73  2.75     3.67  3.11  4.47  4.17  2.93
  0   20     3.42  3.96  4.31  4.62  4.68  4.05  4.12  4.16  3.15  3.14  3.07  3.19     3.82  3.52  4.54  4.11  3.12
  0   30     3.79  4.23  4.42  4.57  4.51  3.88  3.96  4.07  3.14  3.26  3.33  3.55     3.89  3.86  4.50  3.97  3.24
  0   40     4.05  4.39  4.43  4.42  4.26  3.64  3.73  3.89  3.07  3.30  3.51  3.83     3.88  4.09  4.37  3.75  3.29
  0   50     4.22  4.45  4.34  4.17  3.93  3.35  3.42  3.63  2.94  3.27  3.60  4.00     3.78  4.23  4.15  3.47  3.27
  0   60     4.28  4.40  4.14  3.84  3.53  3.00  3.07  3.31  2.76  3.17  3.61  4.07     3.60  4.25  3.84  3.13  3.18
  0   70     4.23  4.24  3.86  3.44  3.06  2.61  2.68  2.93  2.53  3.00  3.52  4.04     3.35  4.17  3.45  2.74  3.02
  0   80     4.07  3.98  3.49  2.96  2.57  2.20  2.26  2.51  2.25  2.76  3.35  3.89     3.02  3.98  3.01  2.32  2.79
  0   90     3.81  3.62  3.04  2.45  2.05  1.79  1.83  2.06  1.94  2.47  3.10  3.65     2.65  3.69  2.52  1.89  2.50
 15   10     2.96  3.58  4.09  4.56  4.75  4.14  4.20  4.18  3.09  2.95  2.72  2.73     3.66  3.09  4.46  4.17  2.92
 15   20     3.39  3.93  4.29  4.61  4.68  4.05  4.12  4.16  3.14  3.13  3.04  3.15     3.81  3.49  4.53  4.11  3.10
 15   30     3.74  4.18  4.39  4.56  4.52  3.88  3.96  4.06  3.13  3.23  3.29  3.50     3.87  3.81  4.49  3.97  3.22
 15   40     4.00  4.34  4.39  4.41  4.27  3.65  3.73  3.88  3.06  3.27  3.46  3.75     3.85  4.03  4.36  3.75  3.26
 15   50     4.15  4.38  4.30  4.17  3.94  3.36  3.44  3.64  2.93  3.23  3.54  3.91     3.75  4.15  4.14  3.48  3.23
 15   60     4.20  4.32  4.11  3.85  3.55  3.02  3.09  3.32  2.75  3.13  3.54  3.97     3.57  4.16  3.84  3.14  3.14
 15   70     4.14  4.16  3.83  3.45  3.10  2.64  2.71  2.95  2.51  2.95  3.45  3.92     3.32  4.07  3.46  2.77  2.97
 15   80     3.98  3.89  3.46  2.99  2.62  2.24  2.30  2.54  2.24  2.71  3.27  3.77     3.00  3.88  3.02  2.36  2.74
 15   90     3.71  3.53  3.02  2.50  2.13  1.85  1.88  2.11  1.94  2.42  3.02  3.53     2.64  3.59  2.55  1.95  2.46
 30   10     2.91  3.53  4.05  4.54  4.75  4.14  4.20  4.17  3.07  2.92  2.68  2.67     3.64  3.04  4.45  4.17  2.89
 30   20     3.29  3.83  4.23  4.58  4.68  4.05  4.12  4.15  3.11  3.07  2.96  3.04     3.76  3.39  4.50  4.11  3.05
 30   30     3.59  4.04  4.32  4.52  4.52  3.89  3.96  4.06  3.09  3.16  3.17  3.33     3.80  3.66  4.45  3.97  3.14
 30   40     3.80  4.16  4.31  4.37  4.29  3.67  3.75  3.89  3.02  3.17  3.30  3.54     3.77  3.84  4.32  3.77  3.17
 30   50     3.92  4.17  4.20  4.14  3.98  3.38  3.46  3.64  2.88  3.13  3.36  3.66     3.66  3.92  4.11  3.50  3.12
 30   60     3.94  4.08  4.00  3.83  3.62  3.07  3.14  3.35  2.70  3.01  3.34  3.69     3.48  3.90  3.82  3.19  3.01
 30   70     3.86  3.91  3.73  3.46  3.20  2.71  2.78  3.00  2.47  2.82  3.23  3.62     3.23  3.80  3.46  2.83  2.84
 30   80     3.68  3.64  3.37  3.03  2.76  2.34  2.40  2.62  2.21  2.59  3.05  3.46     2.93  3.59  3.05  2.45  2.62
 30   90     3.41  3.29  2.96  2.58  2.31  1.97  2.02  2.23  1.92  2.30  2.80  3.21     2.58  3.30  2.62  2.07  2.34
 45   10     2.82  3.46  4.00  4.51  4.74  4.14  4.20  4.16  3.05  2.88  2.61  2.58     3.60  2.95  4.42  4.17  2.85
 45   20     3.12  3.68  4.14  4.52  4.67  4.05  4.12  4.13  3.07  2.99  2.84  2.87     3.68  3.22  4.45  4.10  2.97
 45   30     3.36  3.83  4.19  4.46  4.53  3.90  3.97  4.03  3.04  3.04  3.00  3.08     3.70  3.42  4.39  3.97  3.03
 45   40     3.51  3.90  4.15  4.30  4.30  3.68  3.75  3.86  2.95  3.03  3.09  3.23     3.65  3.55  4.25  3.77  3.02
 45   50     3.58  3.88  4.04  4.08  4.02  3.42  3.50  3.64  2.81  2.96  3.11  3.30     3.53  3.59  4.05  3.52  2.96
 45   60     3.56  3.77  3.83  3.78  3.67  3.11  3.19  3.35  2.63  2.84  3.06  3.28     3.34  3.54  3.76  3.22  2.84
 45   70     3.46  3.58  3.57  3.44  3.30  2.79  2.85  3.04  2.41  2.65  2.95  3.19     3.10  3.41  3.44  2.89  2.67
 45   80     3.27  3.32  3.24  3.04  2.90  2.44  2.50  2.68  2.16  2.42  2.76  3.01     2.81  3.20  3.06  2.54  2.45
 45   90     3.02  2.98  2.87  2.64  2.48  2.10  2.15  2.32  1.89  2.16  2.51  2.76     2.49  2.92  2.66  2.19  2.19
 60   10     2.71  3.36  3.94  4.48  4.73  4.13  4.19  4.14  3.02  2.82  2.53  2.47     3.54  2.85  4.38  4.16  2.79
 60   20     2.92  3.50  4.01  4.46  4.66  4.04  4.10  4.10  3.02  2.89  2.68  2.65     3.59  3.02  4.38  4.08  2.86
 60   30     3.07  3.58  4.02  4.36  4.51  3.89  3.96  3.99  2.96  2.89  2.78  2.79     3.57  3.15  4.30  3.95  2.88
 60   40     3.14  3.58  3.95  4.20  4.30  3.69  3.76  3.83  2.86  2.86  2.83  2.86     3.49  3.19  4.15  3.76  2.85
 60   50     3.17  3.52  3.82  3.97  4.03  3.44  3.50  3.60  2.71  2.76  2.80  2.86     3.35  3.18  3.94  3.51  2.76
 60   60     3.12  3.39  3.62  3.70  3.72  3.15  3.22  3.34  2.54  2.63  2.73  2.81     3.16  3.11  3.68  3.24  2.63
 60   70     2.99  3.19  3.36  3.37  3.36  2.84  2.90  3.04  2.32  2.45  2.61  2.70     2.93  2.96  3.36  2.93  2.46
 60   80     2.81  2.96  3.07  3.02  2.99  2.52  2.57  2.71  2.09  2.23  2.43  2.52     2.66  2.76  3.02  2.60  2.25
 60   90     2.59  2.66  2.72  2.65  2.61  2.20  2.25  2.38  1.84  1.99  2.21  2.30     2.37  2.51  2.66  2.28  2.02
 75   10     2.59  3.24  3.86  4.43  4.71  4.13  4.18  4.12  2.99  2.76  2.44  2.34     3.48  2.72  4.33  4.14  2.73
 75   20     2.69  3.29  3.86  4.37  4.63  4.04  4.09  4.05  2.95  2.77  2.50  2.42     3.47  2.80  4.29  4.06  2.74
 75   30     2.74  3.27  3.82  4.24  4.48  3.88  3.94  3.93  2.87  2.73  2.53  2.45     3.41  2.82  4.18  3.92  2.71
 75   40     2.75  3.23  3.71  4.07  4.27  3.68  3.74  3.76  2.76  2.65  2.52  2.46     3.30  2.81  4.01  3.73  2.64
 75   50     2.70  3.11  3.56  3.84  4.00  3.44  3.50  3.54  2.61  2.54  2.47  2.41     3.14  2.74  3.80  3.49  2.54
 75   60     2.63  2.98  3.35  3.56  3.70  3.16  3.21  3.27  2.42  2.39  2.37  2.32     2.95  2.64  3.54  3.22  2.39
 75   70     2.50  2.78  3.11  3.26  3.38  2.87  2.92  3.00  2.22  2.22  2.24  2.20     2.73  2.50  3.25  2.93  2.23
 75   80     2.33  2.56  2.83  2.93  3.02  2.56  2.61  2.69  2.00  2.02  2.08  2.04     2.47  2.31  2.93  2.62  2.03
 75   90     2.15  2.31  2.54  2.59  2.67  2.25  2.29  2.38  1.77  1.80  1.88  1.85     2.21  2.10  2.60  2.31  1.82
 90   10     2.45  3.12  3.77  4.38  4.70  4.12  4.17  4.09  2.95  2.69  2.34  2.21     3.42  2.59  4.28  4.13  2.66
 90   20     2.42  3.06  3.70  4.27  4.59  4.02  4.07  4.00  2.88  2.63  2.31  2.17     3.34  2.55  4.19  4.03  2.61
 90   30     2.39  2.96  3.58  4.11  4.42  3.86  3.91  3.85  2.78  2.54  2.26  2.11     3.23  2.49  4.04  3.87  2.53
 90   40     2.33  2.83  3.44  3.89  4.20  3.65  3.70  3.66  2.63  2.43  2.20  2.03     3.08  2.40  3.84  3.67  2.42
 90   50     2.24  2.70  3.25  3.66  3.94  3.41  3.46  3.44  2.47  2.29  2.11  1.95     2.91  2.30  3.61  3.44  2.29
 90   60     2.14  2.53  3.04  3.38  3.64  3.14  3.18  3.19  2.29  2.14  2.00  1.83     2.71  2.17  3.35  3.17  2.14
 90   70     2.02  2.36  2.81  3.08  3.32  2.85  2.89  2.90  2.09  1.96  1.87  1.72     2.49  2.03  3.07  2.88  1.97
 90   80     1.86  2.14  2.55  2.79  3.00  2.56  2.60  2.62  1.89  1.79  1.73  1.58     2.26  1.86  2.78  2.59  1.80
 90   90     1.72  1.95  2.30  2.47  2.66  2.26  2.30  2.34  1.67  1.59  1.56  1.42     2.02  1.70  2.48  2.30  1.61
105   10     2.32  2.99  3.68  4.33  4.67  4.12  4.16  4.06  2.91  2.62  2.23  2.08     3.35  2.46  4.23  4.11  2.59
105   20     2.17  2.82  3.52  4.17  4.55  4.01  4.04  3.94  2.81  2.50  2.11  1.91     3.21  2.30  4.08  4.00  2.47
105   30     2.03  2.63  3.33  3.95  4.35  3.83  3.87  3.76  2.67  2.35  1.99  1.76     3.04  2.14  3.88  3.82  2.34
105   40     1.91  2.45  3.13  3.70  4.11  3.61  3.65  3.54  2.51  2.20  1.87  1.64     2.86  2.00  3.65  3.60  2.19
105   50     1.79  2.27  2.92  3.43  3.83  3.36  3.39  3.30  2.32  2.04  1.75  1.51     2.66  1.86  3.39  3.35  2.04
105   60     1.66  2.10  2.69  3.15  3.52  3.08  3.11  3.04  2.14  1.88  1.63  1.39     2.45  1.72  3.12  3.08  1.88
105   70     1.56  1.93  2.46  2.87  3.20  2.79  2.82  2.77  1.95  1.72  1.50  1.28     2.24  1.59  2.85  2.79  1.72
105   80     1.43  1.75  2.25  2.57  2.89  2.51  2.53  2.49  1.75  1.55  1.39  1.17     2.02  1.45  2.57  2.51  1.56
105   90     1.32  1.59  2.01  2.30  2.58  2.23  2.25  2.23  1.56  1.39  1.26  1.05     1.81  1.32  2.30  2.23  1.40
120   10     2.19  2.87  3.60  4.28  4.66  4.11  4.15  4.03  2.88  2.55  2.13  1.95     3.28  2.34  4.18  4.10  2.52
120   20     1.93  2.59  3.35  4.06  4.50  3.99  4.02  3.88  2.74  2.36  1.92  1.68     3.08  2.06  3.97  3.96  2.34
120   30     1.70  2.31  3.08  3.79  4.27  3.80  3.82  3.66  2.56  2.16  1.72  1.45     2.86  1.82  3.71  3.76  2.15
120   40     1.51  2.06  2.81  3.49  3.99  3.56  3.57  3.41  2.37  1.97  1.55  1.26     2.63  1.61  3.43  3.52  1.96
120   50     1.37  1.86  2.56  3.18  3.67  3.28  3.29  3.14  2.17  1.78  1.41  1.12     2.40  1.45  3.14  3.24  1.79
120   60     1.25  1.68  2.33  2.88  3.35  2.99  3.00  2.86  1.97  1.62  1.29  1.01     2.19  1.31  2.85  2.95  1.63
120   70     1.16  1.52  2.12  2.60  3.03  2.70  2.71  2.59  1.78  1.47  1.18  0.92     1.98  1.20  2.58  2.67  1.48
120   80     1.07  1.39  1.91  2.33  2.72  2.41  2.42  2.33  1.61  1.32  1.09  0.85     1.79  1.10  2.32  2.39  1.34
120   90     1.00  1.26  1.73  2.08  2.42  2.14  2.14  2.08  1.44  1.20  1.00  0.77     1.61  1.01  2.08  2.12  1.21
135   10     2.07  2.77  3.52  4.23  4.64  4.11  4.14  4.00  2.85  2.49  2.04  1.84     3.23  2.23  4.13  4.09  2.46
135   20     1.70  2.38  3.19  3.96  4.46  3.98  4.00  3.82  2.67  2.24  1.74  1.47     2.97  1.85  3.87  3.93  2.22
135   30     1.38  2.01  2.84  3.64  4.19  3.77  3.78  3.57  2.46  1.99  1.47  1.16     2.69  1.52  3.56  3.71  1.97
135   40     1.15  1.71  2.50  3.28  3.87  3.51  3.50  3.28  2.24  1.75  1.26  0.94     2.42  1.26  3.22  3.43  1.75
135   50     1.01  1.48  2.21  2.91  3.50  3.20  3.19  2.96  2.02  1.55  1.11  0.81     2.16  1.10  2.87  3.12  1.56
135   60     0.92  1.31  1.96  2.59  3.14  2.88  2.86  2.65  1.81  1.39  1.01  0.73     1.94  0.99  2.56  2.80  1.40
135   70     0.86  1.19  1.76  2.30  2.80  2.56  2.55  2.37  1.63  1.25  0.93  0.68     1.74  0.91  2.29  2.50  1.27
135   80     0.81  1.10  1.59  2.04  2.50  2.28  2.27  2.12  1.46  1.14  0.87  0.64     1.57  0.85  2.04  2.22  1.16
135   90     0.78  1.02  1.46  1.83  2.22  2.02  2.01  1.90  1.31  1.04  0.80  0.61     1.42  0.80  1.84  1.98  1.05
150   10     1.98  2.70  3.46  4.20  4.63  4.10  4.14  3.99  2.83  2.45  1.97  1.75     3.18  2.14  4.09  4.08  2.41
150   20     1.51  2.22  3.07  3.90  4.43  3.96  3.98  3.78  2.62  2.15  1.59  1.29     2.88  1.67  3.80  3.91  2.12
150   30     1.11  1.76  2.64  3.52  4.14  3.75  3.75  3.50  2.38  1.84  1.25  0.91     2.55  1.26  3.43  3.67  1.82
150   40     0.86  1.39  2.22  3.09  3.77  3.48  3.46  3.16  2.12  1.55  1.00  0.70     2.23  0.98  3.03  3.36  1.56
150   50     0.76  1.15  1.87  2.66  3.34  3.14  3.10  2.79  1.86  1.33  0.88  0.64     1.96  0.85  2.62  3.01  1.36
150   60     0.73  1.03  1.61  2.28  2.91  2.76  2.72  2.43  1.64  1.19  0.82  0.62     1.73  0.79  2.26  2.64  1.22
150   70     0.71  0.96  1.45  1.99  2.53  2.41  2.37  2.14  1.47  1.09  0.78  0.60     1.54  0.76  1.99  2.31  1.11
150   80     0.69  0.91  1.32  1.77  2.23  2.12  2.09  1.90  1.33  1.00  0.74  0.58     1.39  0.73  1.77  2.04  1.02
150   90     0.67  0.88  1.23  1.60  1.99  1.88  1.85  1.71  1.21  0.93  0.70  0.56     1.27  0.70  1.61  1.81  0.94
165   10     1.92  2.65  3.42  4.18  4.61  4.10  4.13  3.97  2.81  2.42  1.92  1.69     3.15  2.09  4.07  4.07  2.38
165   20     1.37  2.11  2.98  3.86  4.41  3.96  3.98  3.75  2.59  2.09  1.49  1.16     2.81  1.55  3.75  3.90  2.06
165   30     0.90  1.57  2.49  3.45  4.11  3.74  3.74  3.46  2.33  1.73  1.08  0.73     2.44  1.07  3.35  3.65  1.71
165   40     0.75  1.11  1.98  2.98  3.73  3.46  3.44  3.10  2.04  1.38  0.84  0.65     2.12  0.84  2.90  3.33  1.42
165   50     0.74  0.94  1.55  2.46  3.28  3.12  3.08  2.69  1.73  1.15  0.82  0.63     1.85  0.77  2.43  2.96  1.23
165   60     0.72  0.92  1.32  1.98  2.77  2.73  2.67  2.23  1.49  1.07  0.79  0.62     1.61  0.75  2.02  2.54  1.12
165   70     0.71  0.90  1.22  1.69  2.26  2.30  2.22  1.89  1.35  1.01  0.75  0.60     1.41  0.73  1.72  2.14  1.04
165   80     0.69  0.87  1.16  1.52  1.96  1.95  1.90  1.69  1.24  0.95  0.72  0.58     1.27  0.71  1.54  1.85  0.97
165   90     0.67  0.85  1.09  1.40  1.76  1.73  1.69  1.53  1.14  0.89  0.68  0.56     1.17  0.69  1.42  1.65  0.90
180   10     1.89  2.63  3.40  4.18  4.61  4.10  4.13  3.97  2.81  2.41  1.90  1.68     3.14  2.06  4.07  4.07  2.37
180   20     1.33  2.06  2.95  3.85  4.39  3.95  3.97  3.74  2.58  2.06  1.45  1.12     2.79  1.50  3.73  3.89  2.03
180   30     0.84  1.48  2.43  3.44  4.09  3.74  3.74  3.44  2.32  1.68  1.02  0.68     2.41  1.00  3.32  3.64  1.67
180   40     0.75  0.98  1.88  2.97  3.70  3.45  3.43  3.08  2.01  1.30  0.84  0.65     2.09  0.79  2.85  3.32  1.38
180   50     0.74  0.94  1.31  2.44  3.25  3.11  3.07  2.66  1.68  1.11  0.82  0.63     1.81  0.77  2.33  2.95  1.20
180   60     0.72  0.92  1.20  1.88  2.74  2.72  2.65  2.21  1.39  1.06  0.79  0.62     1.58  0.75  1.94  2.53  1.08
180   70     0.71  0.90  1.16  1.52  2.19  2.29  2.21  1.76  1.30  1.00  0.75  0.60     1.37  0.73  1.62  2.08  1.02
180   80     0.69  0.87  1.11  1.41  1.82  1.88  1.81  1.58  1.21  0.95  0.72  0.58     1.22  0.71  1.45  1.76  0.96
180   90     0.67  0.85  1.06  1.33  1.65  1.66  1.62  1.45  1.12  0.89  0.68  0.56     1.13  0.69  1.34  1.58  0.90
             60.3  50.3  36.0  19.6   7.1   2.8   4.4  13.1  23.8  41.0  55.6  61.6     33.3  57.4  21.3   6.7  42.1
             4.28  4.45  4.44  4.62  4.75  4.16  4.22  4.18  3.15  3.30  3.62  4.07     4.10  4.25  4.54  4.18  3.30
             3.89  4.29  4.43  4.53  4.44  3.81  3.89  4.02  3.12  3.28  3.40  3.66     3.90  3.95  4.47  3.90  3.27
             1.10  1.04  1.00  1.02  1.07  1.09  1.08  1.04  1.01  1.01  1.06  1.11     1.05  1.08  1.03  1.07  1.03
             1.58  1.35  1.17  1.02  0.94  0.91  0.92  0.98  1.05  1.21  1.45  1.62     1.18  1.52  1.04  0.94  1.24
temperature   0.5   1.4   5.1  11.0  15.7  19.1  22.7  23.7  19.7  13.6   7.5   2.6     11.9   1.5  10.6  21.8  13.6
diffusedrad  1.07  1.40  1.77  2.16  2.47  2.54  2.47  2.29  1.86  1.49  1.15  0.95     1.80  1.14  2.13  2.43  1.50
snow10cm     0.06  0.04  0.01  0.00  0.00  0.00  0.00  0.00  0.00  0.00  0.00  0.00     0.01  0.04  0.00  0.00  0.00
