2 43256   越谷            35   53  139 45.4    3
             2.57  3.22  3.61  4.32  4.64  4.09  4.26  4.44  3.28  2.76  2.35  2.24     3.48  2.68  4.19  4.26  2.80
             2.96  3.81  4.22  5.41  5.56  5.11  6.44  5.47  4.04  3.42  2.89  2.61     3.93  2.96  4.59  5.27  3.09
             2.09  2.13  2.14  3.32  3.94  2.94  3.21  3.06  2.09  2.08  1.79  1.90     3.06  2.31  3.56  3.40  2.49
  0   10     3.12  3.64  3.88  4.45  4.65  4.07  4.24  4.51  3.42  3.01  2.74  2.70     3.70  3.15  4.33  4.27  3.06
  0   20     3.60  4.01  4.06  4.50  4.58  3.98  4.15  4.49  3.49  3.20  3.07  3.13     3.86  3.58  4.38  4.21  3.25
  0   30     3.99  4.28  4.16  4.44  4.42  3.81  3.99  4.38  3.49  3.32  3.33  3.48     3.92  3.92  4.34  4.06  3.38
  0   40     4.28  4.45  4.16  4.29  4.17  3.58  3.75  4.19  3.42  3.36  3.50  3.74     3.91  4.15  4.21  3.84  3.43
  0   50     4.45  4.50  4.06  4.05  3.85  3.30  3.45  3.90  3.28  3.33  3.59  3.90     3.81  4.29  3.99  3.55  3.40
  0   60     4.51  4.45  3.88  3.73  3.46  2.95  3.09  3.55  3.08  3.23  3.60  3.97     3.62  4.31  3.69  3.20  3.30
  0   70     4.46  4.28  3.61  3.34  3.00  2.58  2.69  3.13  2.81  3.05  3.51  3.93     3.37  4.22  3.31  2.80  3.13
  0   80     4.29  4.01  3.26  2.88  2.52  2.18  2.26  2.66  2.50  2.81  3.34  3.78     3.04  4.03  2.89  2.37  2.88
  0   90     4.00  3.65  2.84  2.38  2.02  1.78  1.83  2.16  2.14  2.51  3.09  3.54     2.66  3.73  2.41  1.92  2.58
 15   10     3.10  3.63  3.87  4.45  4.65  4.08  4.24  4.50  3.41  3.00  2.73  2.69     3.69  3.14  4.32  4.27  3.05
 15   20     3.57  3.98  4.05  4.49  4.58  3.98  4.15  4.49  3.48  3.18  3.04  3.09     3.84  3.55  4.37  4.21  3.23
 15   30     3.94  4.24  4.13  4.43  4.42  3.82  3.99  4.38  3.48  3.29  3.29  3.42     3.90  3.87  4.33  4.06  3.35
 15   40     4.22  4.39  4.13  4.28  4.18  3.59  3.75  4.18  3.41  3.33  3.45  3.67     3.88  4.09  4.20  3.84  3.40
 15   50     4.38  4.44  4.03  4.05  3.86  3.31  3.46  3.91  3.27  3.29  3.54  3.82     3.78  4.21  3.98  3.56  3.36
 15   60     4.43  4.37  3.85  3.74  3.48  2.97  3.11  3.56  3.06  3.18  3.53  3.87     3.60  4.23  3.69  3.21  3.26
 15   70     4.37  4.20  3.58  3.35  3.04  2.60  2.72  3.15  2.80  3.00  3.44  3.82     3.34  4.13  3.32  2.82  3.08
 15   80     4.20  3.93  3.23  2.91  2.57  2.21  2.30  2.70  2.49  2.76  3.27  3.68     3.02  3.93  2.90  2.40  2.84
 15   90     3.91  3.56  2.82  2.43  2.09  1.83  1.89  2.22  2.14  2.46  3.01  3.44     2.65  3.63  2.45  1.98  2.54
 30   10     3.05  3.58  3.84  4.43  4.65  4.07  4.24  4.49  3.40  2.97  2.69  2.63     3.67  3.09  4.31  4.27  3.02
 30   20     3.46  3.89  3.99  4.46  4.58  3.98  4.16  4.47  3.45  3.13  2.96  2.99     3.79  3.44  4.34  4.20  3.18
 30   30     3.78  4.10  4.07  4.39  4.43  3.83  4.00  4.35  3.44  3.21  3.17  3.27     3.84  3.72  4.30  4.06  3.27
 30   40     4.01  4.22  4.05  4.25  4.20  3.61  3.78  4.17  3.36  3.23  3.31  3.48     3.81  3.90  4.17  3.85  3.30
 30   50     4.14  4.23  3.94  4.02  3.90  3.33  3.49  3.90  3.22  3.18  3.36  3.59     3.69  3.99  3.95  3.57  3.25
 30   60     4.16  4.14  3.75  3.72  3.54  3.02  3.16  3.58  3.01  3.06  3.34  3.61     3.51  3.97  3.67  3.25  3.14
 30   70     4.08  3.95  3.49  3.36  3.13  2.67  2.79  3.19  2.76  2.88  3.23  3.54     3.26  3.86  3.33  2.88  2.96
 30   80     3.89  3.68  3.15  2.95  2.71  2.31  2.41  2.77  2.47  2.63  3.05  3.38     2.95  3.65  2.94  2.50  2.71
 30   90     3.60  3.31  2.76  2.51  2.27  1.95  2.03  2.34  2.14  2.35  2.79  3.13     2.60  3.35  2.51  2.11  2.43
 45   10     2.96  3.50  3.79  4.40  4.64  4.07  4.23  4.47  3.37  2.93  2.62  2.55     3.63  3.00  4.28  4.26  2.97
 45   20     3.28  3.73  3.91  4.41  4.58  3.98  4.15  4.43  3.40  3.04  2.85  2.83     3.72  3.28  4.30  4.19  3.10
 45   30     3.53  3.88  3.95  4.34  4.43  3.83  4.00  4.32  3.38  3.10  3.00  3.03     3.73  3.48  4.24  4.05  3.16
 45   40     3.70  3.96  3.91  4.18  4.21  3.62  3.78  4.13  3.28  3.09  3.09  3.17     3.68  3.61  4.10  3.84  3.16
 45   50     3.78  3.93  3.80  3.97  3.94  3.37  3.52  3.88  3.14  3.02  3.11  3.23     3.56  3.65  3.90  3.59  3.09
 45   60     3.76  3.82  3.60  3.67  3.60  3.06  3.21  3.56  2.94  2.89  3.07  3.22     3.37  3.60  3.62  3.28  2.97
 45   70     3.65  3.62  3.35  3.34  3.23  2.74  2.87  3.21  2.70  2.70  2.95  3.12     3.12  3.46  3.31  2.94  2.78
 45   80     3.44  3.36  3.03  2.96  2.84  2.41  2.52  2.83  2.42  2.47  2.76  2.95     2.83  3.25  2.94  2.59  2.55
 45   90     3.17  3.01  2.68  2.57  2.43  2.07  2.17  2.43  2.12  2.20  2.51  2.70     2.51  2.96  2.56  2.22  2.28
 60   10     2.84  3.40  3.73  4.37  4.63  4.07  4.23  4.44  3.34  2.87  2.54  2.44     3.58  2.89  4.24  4.25  2.92
 60   20     3.07  3.54  3.80  4.34  4.56  3.98  4.14  4.38  3.34  2.94  2.69  2.62     3.62  3.08  4.24  4.17  2.99
 60   30     3.23  3.63  3.80  4.25  4.42  3.83  4.00  4.26  3.29  2.95  2.79  2.75     3.60  3.20  4.16  4.03  3.01
 60   40     3.31  3.63  3.73  4.09  4.21  3.63  3.79  4.07  3.19  2.91  2.83  2.82     3.52  3.25  4.01  3.83  2.98
 60   50     3.33  3.57  3.60  3.87  3.94  3.38  3.53  3.82  3.03  2.82  2.81  2.81     3.38  3.24  3.80  3.58  2.89
 60   60     3.28  3.44  3.41  3.60  3.64  3.10  3.25  3.53  2.84  2.68  2.74  2.76     3.19  3.16  3.55  3.29  2.75
 60   70     3.15  3.23  3.15  3.27  3.29  2.79  2.93  3.20  2.60  2.50  2.62  2.65     2.95  3.01  3.24  2.97  2.57
 60   80     2.96  2.99  2.88  2.94  2.93  2.48  2.59  2.85  2.35  2.27  2.44  2.48     2.68  2.81  2.91  2.64  2.35
 60   90     2.72  2.68  2.55  2.58  2.56  2.17  2.27  2.49  2.06  2.03  2.21  2.25     2.38  2.55  2.56  2.31  2.10
 75   10     2.70  3.28  3.66  4.32  4.62  4.06  4.22  4.41  3.30  2.81  2.45  2.32     3.51  2.77  4.20  4.23  2.85
 75   20     2.81  3.33  3.66  4.26  4.54  3.97  4.13  4.33  3.27  2.81  2.51  2.39     3.50  2.85  4.15  4.14  2.86
 75   30     2.87  3.32  3.62  4.14  4.39  3.82  3.98  4.18  3.18  2.78  2.54  2.42     3.44  2.87  4.05  3.99  2.84
 75   40     2.89  3.27  3.51  3.97  4.18  3.62  3.78  3.98  3.06  2.70  2.52  2.42     3.33  2.86  3.88  3.79  2.76
 75   50     2.84  3.16  3.36  3.74  3.92  3.38  3.53  3.74  2.90  2.59  2.48  2.38     3.17  2.79  3.67  3.55  2.65
 75   60     2.77  3.02  3.16  3.47  3.63  3.11  3.25  3.45  2.70  2.44  2.38  2.28     2.97  2.69  3.42  3.27  2.50
 75   70     2.63  2.82  2.93  3.18  3.31  2.82  2.95  3.14  2.48  2.26  2.25  2.17     2.75  2.54  3.14  2.97  2.33
 75   80     2.45  2.59  2.66  2.85  2.96  2.52  2.64  2.81  2.23  2.06  2.09  2.01     2.49  2.35  2.83  2.66  2.13
 75   90     2.25  2.33  2.38  2.53  2.62  2.21  2.32  2.47  1.99  1.84  1.89  1.82     2.22  2.13  2.51  2.34  1.91
 90   10     2.56  3.16  3.59  4.27  4.60  4.06  4.21  4.38  3.25  2.73  2.35  2.18     3.44  2.63  4.15  4.22  2.78
 90   20     2.53  3.10  3.51  4.17  4.50  3.96  4.11  4.26  3.18  2.67  2.32  2.15     3.37  2.59  4.06  4.11  2.73
 90   30     2.50  3.00  3.40  4.01  4.34  3.80  3.95  4.09  3.07  2.59  2.27  2.09     3.26  2.53  3.92  3.94  2.64
 90   40     2.43  2.87  3.26  3.80  4.12  3.60  3.74  3.87  2.91  2.47  2.21  2.01     3.11  2.44  3.73  3.73  2.53
 90   50     2.35  2.74  3.08  3.57  3.86  3.36  3.49  3.62  2.74  2.33  2.12  1.93     2.93  2.34  3.50  3.49  2.40
 90   60     2.23  2.56  2.88  3.30  3.56  3.09  3.21  3.33  2.54  2.18  2.01  1.82     2.73  2.20  3.25  3.21  2.24
 90   70     2.11  2.38  2.66  3.01  3.26  2.81  2.92  3.02  2.32  2.00  1.88  1.70     2.50  2.06  2.97  2.92  2.06
 90   80     1.94  2.16  2.41  2.72  2.94  2.52  2.63  2.72  2.10  1.83  1.74  1.56     2.27  1.89  2.69  2.62  1.89
 90   90     1.78  1.96  2.17  2.41  2.61  2.23  2.33  2.41  1.87  1.63  1.57  1.41     2.03  1.72  2.40  2.32  1.69
105   10     2.41  3.03  3.50  4.22  4.58  4.05  4.20  4.34  3.21  2.66  2.24  2.06     3.38  2.50  4.10  4.20  2.70
105   20     2.26  2.85  3.36  4.07  4.46  3.94  4.09  4.19  3.09  2.54  2.12  1.90     3.24  2.34  3.96  4.07  2.58
105   30     2.11  2.67  3.18  3.86  4.27  3.77  3.91  3.98  2.94  2.39  2.00  1.76     3.07  2.18  3.77  3.89  2.44
105   40     1.98  2.48  2.99  3.62  4.03  3.56  3.68  3.73  2.76  2.24  1.88  1.63     2.88  2.03  3.54  3.66  2.29
105   50     1.86  2.29  2.78  3.36  3.75  3.31  3.42  3.46  2.56  2.08  1.76  1.50     2.68  1.88  3.30  3.40  2.13
105   60     1.73  2.12  2.57  3.09  3.46  3.03  3.14  3.17  2.36  1.91  1.65  1.39     2.47  1.75  3.04  3.12  1.97
105   70     1.61  1.94  2.35  2.81  3.14  2.75  2.85  2.87  2.15  1.75  1.52  1.28     2.25  1.61  2.77  2.82  1.80
105   80     1.48  1.77  2.14  2.52  2.84  2.47  2.56  2.56  1.93  1.58  1.40  1.17     2.03  1.47  2.50  2.53  1.64
105   90     1.36  1.59  1.91  2.25  2.53  2.19  2.28  2.29  1.73  1.42  1.27  1.04     1.82  1.33  2.23  2.25  1.47
120   10     2.27  2.91  3.42  4.18  4.57  4.05  4.19  4.31  3.16  2.59  2.14  1.94     3.31  2.37  4.06  4.18  2.63
120   20     2.00  2.62  3.20  3.97  4.42  3.93  4.06  4.12  3.00  2.40  1.93  1.67     3.11  2.10  3.86  4.04  2.44
120   30     1.75  2.34  2.95  3.71  4.19  3.74  3.86  3.87  2.81  2.20  1.73  1.45     2.88  1.85  3.62  3.82  2.25
120   40     1.55  2.09  2.70  3.42  3.92  3.51  3.61  3.58  2.59  2.00  1.57  1.27     2.65  1.64  3.35  3.56  2.05
120   50     1.40  1.88  2.46  3.12  3.61  3.23  3.33  3.27  2.37  1.81  1.43  1.12     2.42  1.46  3.06  3.28  1.87
120   60     1.28  1.69  2.24  2.83  3.29  2.95  3.03  2.96  2.15  1.65  1.30  1.02     2.20  1.33  2.79  2.98  1.70
120   70     1.18  1.52  2.03  2.55  2.98  2.66  2.73  2.66  1.95  1.50  1.20  0.93     1.99  1.21  2.52  2.69  1.55
120   80     1.09  1.40  1.83  2.29  2.67  2.38  2.44  2.38  1.75  1.35  1.10  0.85     1.79  1.11  2.26  2.40  1.40
120   90     1.00  1.26  1.66  2.04  2.39  2.11  2.17  2.10  1.57  1.22  1.01  0.77     1.61  1.01  2.03  2.13  1.27
135   10     2.15  2.81  3.36  4.14  4.55  4.04  4.18  4.28  3.13  2.53  2.05  1.83     3.25  2.26  4.01  4.17  2.57
135   20     1.75  2.41  3.06  3.88  4.37  3.91  4.04  4.06  2.92  2.28  1.75  1.47     2.99  1.88  3.77  4.00  2.32
135   30     1.41  2.03  2.74  3.57  4.12  3.72  3.82  3.77  2.68  2.02  1.48  1.17     2.71  1.54  3.48  3.77  2.06
135   40     1.16  1.72  2.42  3.22  3.80  3.46  3.54  3.43  2.42  1.77  1.27  0.95     2.43  1.28  3.15  3.48  1.83
135   50     1.01  1.48  2.14  2.87  3.45  3.16  3.22  3.07  2.17  1.57  1.13  0.82     2.17  1.10  2.82  3.15  1.62
135   60     0.91  1.31  1.90  2.55  3.09  2.84  2.89  2.72  1.95  1.41  1.02  0.74     1.94  0.99  2.51  2.82  1.46
135   70     0.85  1.18  1.71  2.26  2.76  2.54  2.58  2.41  1.75  1.27  0.94  0.69     1.75  0.91  2.24  2.51  1.32
135   80     0.80  1.09  1.54  2.02  2.46  2.25  2.29  2.14  1.57  1.15  0.88  0.65     1.57  0.84  2.01  2.23  1.20
135   90     0.76  1.00  1.41  1.81  2.19  1.99  2.03  1.91  1.41  1.05  0.81  0.61     1.42  0.79  1.80  1.98  1.09
150   10     2.05  2.73  3.30  4.11  4.54  4.04  4.18  4.26  3.10  2.49  1.98  1.74     3.21  2.17  3.98  4.16  2.52
150   20     1.55  2.25  2.94  3.82  4.34  3.91  4.02  4.01  2.86  2.18  1.61  1.30     2.90  1.70  3.70  3.98  2.22
150   30     1.11  1.77  2.55  3.45  4.07  3.70  3.79  3.69  2.58  1.86  1.26  0.92     2.56  1.27  3.36  3.73  1.90
150   40     0.84  1.39  2.16  3.04  3.71  3.43  3.49  3.30  2.27  1.57  1.02  0.71     2.25  0.98  2.97  3.41  1.62
150   50     0.74  1.14  1.83  2.63  3.30  3.10  3.13  2.88  1.98  1.34  0.89  0.65     1.97  0.84  2.58  3.04  1.41
150   60     0.70  1.02  1.58  2.25  2.87  2.73  2.75  2.48  1.74  1.20  0.83  0.63     1.73  0.78  2.24  2.65  1.25
150   70     0.68  0.95  1.42  1.97  2.50  2.39  2.39  2.15  1.55  1.10  0.79  0.61     1.54  0.75  1.97  2.31  1.15
150   80     0.66  0.90  1.30  1.75  2.21  2.10  2.11  1.90  1.40  1.01  0.74  0.59     1.39  0.71  1.75  2.03  1.05
150   90     0.64  0.86  1.21  1.58  1.97  1.86  1.87  1.69  1.27  0.94  0.70  0.57     1.26  0.69  1.59  1.80  0.97
165   10     1.98  2.68  3.27  4.09  4.52  4.04  4.17  4.25  3.08  2.46  1.93  1.69     3.18  2.11  3.96  4.16  2.49
165   20     1.40  2.13  2.87  3.78  4.32  3.90  4.01  3.99  2.82  2.12  1.50  1.17     2.83  1.56  3.65  3.97  2.15
165   30     0.89  1.58  2.42  3.39  4.03  3.70  3.78  3.65  2.51  1.75  1.10  0.75     2.46  1.07  3.28  3.71  1.79
165   40     0.72  1.11  1.95  2.94  3.67  3.43  3.48  3.24  2.17  1.40  0.85  0.66     2.13  0.83  2.85  3.38  1.47
165   50     0.70  0.93  1.54  2.44  3.23  3.10  3.11  2.77  1.82  1.16  0.82  0.65     1.86  0.76  2.40  2.99  1.27
165   60     0.69  0.90  1.32  1.97  2.75  2.71  2.69  2.26  1.55  1.07  0.79  0.63     1.61  0.74  2.01  2.56  1.14
165   70     0.67  0.88  1.22  1.69  2.24  2.30  2.24  1.87  1.39  1.01  0.76  0.61     1.41  0.72  1.71  2.14  1.05
165   80     0.66  0.85  1.15  1.52  1.95  1.95  1.91  1.66  1.28  0.95  0.72  0.59     1.26  0.70  1.54  1.84  0.98
165   90     0.64  0.82  1.08  1.40  1.75  1.73  1.70  1.50  1.18  0.89  0.69  0.57     1.16  0.68  1.41  1.65  0.92
180   10     1.95  2.66  3.25  4.09  4.52  4.04  4.17  4.25  3.07  2.45  1.91  1.67     3.17  2.10  3.95  4.15  2.48
180   20     1.35  2.08  2.84  3.77  4.31  3.91  4.01  3.99  2.81  2.09  1.46  1.13     2.81  1.52  3.64  3.97  2.12
180   30     0.82  1.49  2.36  3.38  4.01  3.70  3.77  3.65  2.49  1.70  1.03  0.70     2.43  1.00  3.25  3.71  1.74
180   40     0.72  0.97  1.85  2.92  3.64  3.43  3.46  3.24  2.14  1.31  0.85  0.66     2.10  0.78  2.81  3.38  1.43
180   50     0.70  0.93  1.33  2.42  3.20  3.10  3.10  2.77  1.75  1.11  0.82  0.65     1.82  0.76  2.32  2.99  1.23
180   60     0.69  0.90  1.21  1.88  2.71  2.72  2.68  2.25  1.41  1.06  0.79  0.63     1.58  0.74  1.93  2.55  1.09
180   70     0.67  0.88  1.16  1.52  2.18  2.30  2.22  1.74  1.32  1.01  0.76  0.61     1.36  0.72  1.62  2.09  1.03
180   80     0.66  0.85  1.10  1.41  1.81  1.90  1.82  1.55  1.23  0.95  0.72  0.59     1.22  0.70  1.44  1.76  0.97
180   90     0.64  0.82  1.05  1.32  1.64  1.68  1.63  1.43  1.15  0.89  0.69  0.57     1.12  0.68  1.33  1.58  0.91
             60.2  50.1  35.1  19.2   6.9   2.1   4.2  13.4  25.0  41.0  55.3  61.1     33.1  57.1  20.6   7.1  41.5
             4.51  4.50  4.17  4.50  4.66  4.10  4.25  4.51  3.50  3.36  3.61  3.97     4.14  4.31  4.38  4.28  3.43
             4.09  4.34  4.17  4.40  4.35  3.75  3.92  4.33  3.48  3.34  3.39  3.57     3.93  4.00  4.31  4.00  3.40
             1.10  1.04  1.00  1.02  1.07  1.09  1.08  1.04  1.01  1.01  1.06  1.11     1.05  1.08  1.03  1.07  1.03
             1.59  1.35  1.16  1.02  0.94  0.91  0.92  0.98  1.06  1.21  1.44  1.59     1.18  1.51  1.04  0.94  1.24
temperature   4.1   4.9   8.1  13.7  18.2  21.4  25.1  26.8  22.8  17.0  11.3   6.4     15.0   5.1  13.3  24.4  17.0
diffusedrad  1.06  1.39  1.76  2.15  2.47  2.53  2.46  2.29  1.92  1.50  1.15  0.96     1.80  1.14  2.13  2.43  1.52
snow10cm     0.01  0.01  0.00  0.00  0.00  0.00  0.00  0.00  0.00  0.00  0.00  0.00     0.00  0.01  0.00  0.00  0.00
