1 44226   三宅島          34  7.4  139 31.3   36
             2.07  2.67  3.15  4.29  4.63  4.21  4.76  5.14  3.51  2.68  2.13  1.94     3.43  2.22  4.02  4.70  2.77
             2.48  3.18  3.88  4.83  5.25  5.07  5.84  6.43  4.38  3.38  2.68  2.44     3.65  2.54  4.48  5.23  3.11
             1.71  1.81  2.34  3.40  3.76  3.37  3.40  4.20  2.51  2.34  1.83  1.37     3.13  1.92  3.61  4.14  2.46
  0   10     2.38  2.92  3.33  4.40  4.62  4.16  4.73  5.20  3.66  2.88  2.42  2.23     3.58  2.51  4.12  4.70  2.98
  0   20     2.65  3.15  3.45  4.43  4.54  4.06  4.61  5.17  3.73  3.02  2.65  2.51     3.66  2.77  4.14  4.61  3.13
  0   30     2.85  3.30  3.49  4.36  4.36  3.88  4.41  5.04  3.72  3.11  2.82  2.73     3.67  2.96  4.07  4.44  3.22
  0   40     2.99  3.38  3.46  4.20  4.11  3.63  4.12  4.79  3.64  3.12  2.93  2.88     3.60  3.09  3.92  4.18  3.23
  0   50     3.06  3.38  3.36  3.95  3.77  3.32  3.76  4.43  3.48  3.08  2.97  2.97     3.46  3.14  3.69  3.84  3.17
  0   60     3.06  3.30  3.19  3.63  3.38  2.96  3.33  3.99  3.25  2.96  2.94  2.98     3.25  3.11  3.40  3.43  3.05
  0   70     2.98  3.15  2.95  3.23  2.92  2.56  2.86  3.47  2.96  2.78  2.84  2.92     2.97  3.02  3.03  2.97  2.86
  0   80     2.83  2.92  2.65  2.77  2.44  2.15  2.36  2.90  2.62  2.55  2.68  2.79     2.64  2.85  2.62  2.47  2.62
  0   90     2.62  2.64  2.31  2.28  1.94  1.74  1.87  2.30  2.23  2.27  2.46  2.59     2.27  2.62  2.17  1.97  2.32
 15   10     2.37  2.91  3.33  4.40  4.62  4.17  4.73  5.19  3.65  2.87  2.41  2.22     3.57  2.50  4.12  4.70  2.98
 15   20     2.63  3.13  3.44  4.42  4.54  4.06  4.62  5.17  3.72  3.01  2.63  2.49     3.65  2.75  4.13  4.62  3.12
 15   30     2.83  3.27  3.48  4.35  4.37  3.88  4.41  5.03  3.71  3.09  2.79  2.69     3.66  2.93  4.07  4.44  3.20
 15   40     2.96  3.34  3.44  4.19  4.11  3.63  4.13  4.78  3.63  3.10  2.89  2.84     3.59  3.04  3.92  4.18  3.21
 15   50     3.02  3.33  3.34  3.95  3.79  3.33  3.78  4.45  3.47  3.04  2.92  2.91     3.44  3.09  3.69  3.85  3.14
 15   60     3.01  3.25  3.16  3.63  3.40  2.98  3.36  4.02  3.25  2.92  2.89  2.92     3.23  3.06  3.40  3.46  3.02
 15   70     2.93  3.09  2.92  3.24  2.96  2.60  2.91  3.52  2.96  2.74  2.79  2.85     2.96  2.96  3.04  3.01  2.83
 15   80     2.78  2.87  2.63  2.81  2.49  2.19  2.42  2.97  2.62  2.51  2.63  2.72     2.63  2.79  2.64  2.53  2.58
 15   90     2.56  2.58  2.29  2.33  2.02  1.80  1.95  2.40  2.24  2.23  2.40  2.52     2.28  2.55  2.21  2.05  2.29
 30   10     2.34  2.88  3.31  4.38  4.62  4.17  4.73  5.18  3.63  2.85  2.38  2.19     3.55  2.47  4.10  4.69  2.95
 30   20     2.56  3.07  3.40  4.39  4.55  4.06  4.63  5.15  3.69  2.96  2.57  2.42     3.62  2.68  4.11  4.61  3.07
 30   30     2.73  3.18  3.43  4.32  4.38  3.89  4.43  5.01  3.67  3.02  2.71  2.59     3.61  2.84  4.04  4.44  3.13
 30   40     2.84  3.23  3.38  4.17  4.15  3.66  4.17  4.78  3.59  3.02  2.78  2.71     3.54  2.92  3.90  4.20  3.13
 30   50     2.87  3.20  3.27  3.93  3.83  3.37  3.83  4.45  3.42  2.95  2.79  2.75     3.39  2.94  3.67  3.88  3.06
 30   60     2.85  3.10  3.09  3.62  3.47  3.04  3.45  4.06  3.20  2.82  2.75  2.74     3.18  2.89  3.40  3.52  2.92
 30   70     2.75  2.93  2.86  3.26  3.06  2.68  3.02  3.59  2.93  2.63  2.63  2.66     2.92  2.78  3.06  3.10  2.73
 30   80     2.59  2.71  2.57  2.85  2.63  2.30  2.58  3.10  2.60  2.40  2.46  2.52     2.61  2.60  2.68  2.66  2.49
 30   90     2.37  2.42  2.25  2.42  2.21  1.94  2.15  2.58  2.25  2.13  2.24  2.31     2.27  2.37  2.29  2.22  2.21
 45   10     2.29  2.83  3.27  4.36  4.62  4.17  4.73  5.16  3.61  2.81  2.33  2.13     3.52  2.42  4.08  4.68  2.92
 45   20     2.46  2.97  3.34  4.35  4.54  4.07  4.63  5.11  3.64  2.89  2.48  2.31     3.56  2.58  4.08  4.60  3.00
 45   30     2.58  3.04  3.34  4.27  4.39  3.90  4.45  4.98  3.61  2.92  2.58  2.43     3.54  2.68  4.00  4.44  3.04
 45   40     2.65  3.06  3.28  4.10  4.16  3.68  4.20  4.74  3.50  2.90  2.62  2.50     3.45  2.73  3.85  4.21  3.01
 45   50     2.66  3.00  3.16  3.88  3.88  3.41  3.89  4.45  3.35  2.81  2.61  2.52     3.30  2.73  3.64  3.92  2.92
 45   60     2.60  2.89  2.98  3.59  3.54  3.10  3.54  4.07  3.13  2.68  2.54  2.47     3.09  2.65  3.37  3.57  2.78
 45   70     2.49  2.71  2.75  3.25  3.17  2.77  3.14  3.65  2.87  2.49  2.42  2.38     2.84  2.53  3.06  3.19  2.59
 45   80     2.33  2.50  2.48  2.87  2.78  2.42  2.75  3.20  2.56  2.26  2.25  2.22     2.55  2.35  2.71  2.79  2.36
 45   90     2.12  2.23  2.18  2.49  2.38  2.08  2.35  2.72  2.24  2.01  2.03  2.02     2.24  2.12  2.35  2.38  2.10
 60   10     2.22  2.77  3.23  4.33  4.61  4.16  4.73  5.13  3.57  2.76  2.27  2.06     3.49  2.35  4.06  4.67  2.87
 60   20     2.33  2.84  3.26  4.29  4.53  4.07  4.62  5.06  3.57  2.81  2.37  2.16     3.49  2.45  4.03  4.58  2.92
 60   30     2.40  2.88  3.23  4.19  4.39  3.91  4.46  4.91  3.52  2.80  2.42  2.23     3.44  2.50  3.94  4.43  2.91
 60   40     2.42  2.84  3.15  4.03  4.17  3.70  4.22  4.69  3.40  2.75  2.43  2.26     3.34  2.51  3.78  4.20  2.86
 60   50     2.39  2.77  3.01  3.79  3.90  3.44  3.92  4.39  3.23  2.64  2.38  2.23     3.18  2.46  3.57  3.92  2.75
 60   60     2.32  2.64  2.84  3.53  3.59  3.15  3.60  4.05  3.03  2.50  2.29  2.17     2.98  2.37  3.32  3.60  2.61
 60   70     2.20  2.46  2.61  3.20  3.24  2.84  3.24  3.66  2.77  2.32  2.17  2.06     2.73  2.24  3.02  3.25  2.42
 60   80     2.04  2.26  2.37  2.87  2.88  2.51  2.86  3.24  2.50  2.10  2.00  1.91     2.46  2.07  2.71  2.87  2.20
 60   90     1.85  2.01  2.09  2.51  2.52  2.19  2.50  2.83  2.19  1.87  1.81  1.72     2.17  1.86  2.37  2.51  1.96
 75   10     2.13  2.69  3.18  4.29  4.60  4.16  4.72  5.10  3.53  2.71  2.20  1.97     3.44  2.27  4.02  4.66  2.81
 75   20     2.18  2.71  3.16  4.22  4.51  4.06  4.61  5.00  3.49  2.70  2.23  2.01     3.41  2.30  3.97  4.56  2.81
 75   30     2.18  2.67  3.10  4.09  4.36  3.91  4.45  4.82  3.40  2.65  2.24  2.01     3.33  2.29  3.85  4.39  2.77
 75   40     2.16  2.61  2.99  3.92  4.15  3.70  4.22  4.59  3.27  2.57  2.19  1.99     3.20  2.25  3.69  4.17  2.68
 75   50     2.10  2.50  2.85  3.69  3.89  3.45  3.94  4.31  3.10  2.45  2.13  1.93     3.03  2.17  3.47  3.90  2.56
 75   60     2.01  2.36  2.66  3.41  3.59  3.17  3.62  3.96  2.88  2.29  2.03  1.84     2.82  2.07  3.22  3.59  2.40
 75   70     1.89  2.19  2.45  3.12  3.27  2.88  3.29  3.61  2.65  2.12  1.90  1.73     2.59  1.93  2.95  3.26  2.22
 75   80     1.73  2.00  2.22  2.80  2.93  2.57  2.94  3.23  2.38  1.92  1.75  1.59     2.34  1.77  2.65  2.91  2.02
 75   90     1.57  1.78  1.97  2.47  2.59  2.25  2.58  2.83  2.12  1.71  1.57  1.43     2.07  1.60  2.34  2.56  1.80
 90   10     2.05  2.61  3.13  4.24  4.59  4.16  4.71  5.06  3.48  2.65  2.13  1.88     3.39  2.18  3.99  4.64  2.75
 90   20     2.02  2.55  3.06  4.14  4.48  4.06  4.60  4.92  3.40  2.59  2.09  1.85     3.31  2.14  3.89  4.53  2.69
 90   30     1.97  2.46  2.95  3.98  4.32  3.90  4.42  4.71  3.28  2.50  2.03  1.79     3.19  2.07  3.75  4.34  2.60
 90   40     1.89  2.35  2.82  3.77  4.10  3.69  4.19  4.46  3.12  2.38  1.96  1.71     3.04  1.98  3.56  4.11  2.48
 90   50     1.80  2.22  2.65  3.53  3.84  3.44  3.91  4.17  2.93  2.24  1.86  1.63     2.85  1.88  3.34  3.84  2.34
 90   60     1.69  2.06  2.46  3.27  3.54  3.16  3.60  3.84  2.72  2.08  1.75  1.52     2.64  1.76  3.09  3.53  2.19
 90   70     1.58  1.91  2.26  2.97  3.24  2.87  3.27  3.48  2.48  1.90  1.62  1.41     2.42  1.63  2.82  3.21  2.00
 90   80     1.43  1.72  2.04  2.68  2.92  2.58  2.94  3.13  2.25  1.73  1.49  1.29     2.18  1.48  2.55  2.88  1.82
 90   90     1.30  1.55  1.82  2.38  2.59  2.28  2.61  2.77  2.00  1.53  1.34  1.15     1.94  1.33  2.26  2.55  1.62
105   10     1.97  2.53  3.07  4.20  4.57  4.16  4.70  5.02  3.43  2.59  2.05  1.79     3.34  2.10  3.95  4.63  2.69
105   20     1.85  2.40  2.95  4.05  4.45  4.05  4.58  4.84  3.31  2.47  1.95  1.68     3.21  1.98  3.82  4.49  2.58
105   30     1.74  2.25  2.79  3.85  4.26  3.88  4.38  4.59  3.14  2.33  1.83  1.56     3.05  1.85  3.63  4.28  2.44
105   40     1.62  2.09  2.62  3.60  4.03  3.65  4.13  4.29  2.95  2.18  1.71  1.45     2.86  1.72  3.42  4.03  2.28
105   50     1.51  1.93  2.44  3.34  3.75  3.40  3.85  3.98  2.73  2.02  1.60  1.33     2.66  1.59  3.18  3.74  2.12
105   60     1.39  1.78  2.24  3.07  3.45  3.12  3.53  3.64  2.52  1.85  1.48  1.23     2.44  1.47  2.92  3.43  1.95
105   70     1.28  1.62  2.04  2.79  3.14  2.83  3.20  3.29  2.29  1.69  1.36  1.12     2.22  1.34  2.65  3.11  1.78
105   80     1.17  1.47  1.85  2.49  2.83  2.54  2.88  2.94  2.06  1.52  1.24  1.02     2.00  1.22  2.39  2.78  1.61
105   90     1.06  1.31  1.64  2.23  2.52  2.25  2.56  2.62  1.85  1.37  1.12  0.91     1.79  1.09  2.13  2.48  1.45
120   10     1.88  2.45  3.02  4.16  4.56  4.15  4.70  4.98  3.38  2.53  1.98  1.71     3.29  2.02  3.91  4.61  2.63
120   20     1.70  2.25  2.84  3.96  4.42  4.04  4.56  4.75  3.21  2.36  1.80  1.52     3.12  1.82  3.74  4.45  2.46
120   30     1.52  2.04  2.64  3.71  4.20  3.85  4.34  4.46  3.00  2.17  1.64  1.34     2.91  1.64  3.51  4.21  2.27
120   40     1.37  1.84  2.42  3.42  3.93  3.61  4.06  4.11  2.77  1.98  1.49  1.19     2.68  1.47  3.26  3.93  2.08
120   50     1.23  1.66  2.21  3.12  3.62  3.33  3.74  3.75  2.53  1.80  1.35  1.07     2.45  1.32  2.99  3.61  1.90
120   60     1.13  1.50  2.01  2.83  3.30  3.04  3.40  3.38  2.29  1.64  1.23  0.97     2.23  1.20  2.71  3.27  1.72
120   70     1.03  1.35  1.82  2.55  2.98  2.74  3.07  3.03  2.07  1.48  1.13  0.88     2.01  1.09  2.45  2.94  1.56
120   80     0.94  1.23  1.63  2.28  2.67  2.45  2.74  2.70  1.87  1.33  1.03  0.81     1.81  0.99  2.20  2.63  1.41
120   90     0.86  1.10  1.47  2.03  2.39  2.17  2.44  2.38  1.67  1.20  0.93  0.72     1.61  0.89  1.96  2.33  1.27
135   10     1.81  2.39  2.97  4.12  4.54  4.15  4.69  4.94  3.35  2.48  1.91  1.64     3.25  1.95  3.88  4.59  2.58
135   20     1.56  2.12  2.74  3.88  4.38  4.02  4.53  4.68  3.13  2.26  1.68  1.38     3.03  1.69  3.67  4.41  2.35
135   30     1.33  1.84  2.49  3.58  4.13  3.83  4.29  4.33  2.87  2.02  1.45  1.16     2.78  1.44  3.40  4.15  2.11
135   40     1.14  1.60  2.23  3.24  3.82  3.56  3.98  3.92  2.59  1.79  1.26  0.98     2.51  1.24  3.10  3.82  1.88
135   50     1.01  1.40  1.98  2.90  3.47  3.26  3.62  3.50  2.31  1.60  1.13  0.86     2.25  1.09  2.78  3.46  1.68
135   60     0.91  1.25  1.77  2.57  3.11  2.93  3.24  3.08  2.07  1.43  1.02  0.78     2.01  0.98  2.48  3.09  1.50
135   70     0.84  1.13  1.59  2.27  2.78  2.61  2.88  2.71  1.85  1.29  0.93  0.72     1.80  0.90  2.21  2.73  1.36
135   80     0.78  1.03  1.44  2.02  2.47  2.31  2.55  2.40  1.66  1.17  0.86  0.67     1.61  0.82  1.98  2.42  1.23
135   90     0.72  0.94  1.30  1.81  2.19  2.04  2.26  2.13  1.49  1.06  0.79  0.62     1.45  0.76  1.77  2.14  1.11
150   10     1.75  2.34  2.93  4.09  4.53  4.15  4.68  4.92  3.31  2.44  1.86  1.59     3.22  1.89  3.85  4.59  2.54
150   20     1.44  2.01  2.67  3.82  4.35  4.02  4.52  4.63  3.06  2.18  1.57  1.27     2.96  1.57  3.61  4.39  2.27
150   30     1.15  1.68  2.37  3.48  4.09  3.81  4.26  4.24  2.76  1.90  1.29  0.99     2.67  1.27  3.31  4.11  1.98
150   40     0.95  1.39  2.05  3.08  3.74  3.54  3.92  3.77  2.43  1.63  1.08  0.81     2.37  1.05  2.96  3.74  1.71
150   50     0.84  1.18  1.77  2.67  3.34  3.20  3.51  3.25  2.10  1.41  0.95  0.73     2.08  0.92  2.59  3.32  1.49
150   60     0.79  1.05  1.55  2.29  2.91  2.83  3.06  2.76  1.83  1.25  0.88  0.69     1.83  0.85  2.25  2.88  1.32
150   70     0.75  0.97  1.39  2.00  2.53  2.46  2.65  2.36  1.62  1.14  0.82  0.66     1.61  0.80  1.97  2.49  1.20
150   80     0.71  0.91  1.27  1.77  2.22  2.15  2.31  2.06  1.46  1.05  0.77  0.63     1.44  0.75  1.75  2.18  1.09
150   90     0.66  0.85  1.16  1.59  1.98  1.90  2.04  1.83  1.33  0.97  0.72  0.59     1.30  0.70  1.58  1.93  1.00
165   10     1.71  2.31  2.91  4.08  4.52  4.14  4.68  4.92  3.29  2.42  1.83  1.55     3.20  1.86  3.84  4.58  2.51
165   20     1.35  1.93  2.61  3.79  4.33  4.01  4.51  4.61  3.02  2.13  1.50  1.19     2.92  1.49  3.58  4.38  2.21
165   30     1.02  1.55  2.28  3.42  4.06  3.81  4.25  4.20  2.68  1.81  1.18  0.87     2.59  1.15  3.25  4.08  1.89
165   40     0.85  1.20  1.92  2.99  3.70  3.53  3.91  3.70  2.31  1.49  0.94  0.75     2.27  0.93  2.87  3.71  1.58
165   50     0.82  1.02  1.57  2.51  3.28  3.19  3.49  3.13  1.92  1.24  0.89  0.72     1.98  0.85  2.45  3.27  1.35
165   60     0.78  0.97  1.36  2.03  2.80  2.80  3.01  2.51  1.60  1.14  0.85  0.69     1.71  0.82  2.06  2.77  1.20
165   70     0.74  0.93  1.25  1.72  2.28  2.37  2.48  1.99  1.43  1.07  0.81  0.66     1.48  0.78  1.75  2.28  1.10
165   80     0.70  0.88  1.16  1.54  1.96  1.99  2.06  1.73  1.31  1.00  0.76  0.63     1.31  0.73  1.55  1.93  1.02
165   90     0.66  0.83  1.08  1.41  1.75  1.75  1.83  1.57  1.21  0.93  0.71  0.59     1.19  0.69  1.41  1.71  0.95
180   10     1.70  2.29  2.90  4.08  4.51  4.14  4.68  4.92  3.29  2.41  1.81  1.54     3.19  1.85  3.83  4.58  2.50
180   20     1.33  1.91  2.59  3.78  4.32  4.01  4.51  4.61  3.00  2.11  1.47  1.16     2.90  1.47  3.56  4.37  2.19
180   30     0.98  1.50  2.24  3.41  4.04  3.80  4.24  4.20  2.66  1.77  1.13  0.82     2.57  1.10  3.23  4.08  1.85
180   40     0.85  1.11  1.86  2.98  3.68  3.52  3.89  3.70  2.28  1.42  0.92  0.75     2.25  0.90  2.84  3.71  1.54
180   50     0.82  1.01  1.45  2.49  3.25  3.18  3.47  3.13  1.86  1.18  0.89  0.72     1.95  0.85  2.40  3.26  1.31
180   60     0.78  0.97  1.27  1.97  2.77  2.79  2.99  2.51  1.43  1.13  0.85  0.69     1.68  0.82  2.00  2.76  1.13
180   70     0.74  0.93  1.20  1.55  2.25  2.36  2.46  1.85  1.33  1.06  0.81  0.66     1.43  0.78  1.67  2.22  1.06
180   80     0.70  0.88  1.13  1.43  1.82  1.91  1.96  1.58  1.25  1.00  0.76  0.63     1.25  0.73  1.46  1.82  1.00
180   90     0.66  0.83  1.06  1.33  1.64  1.68  1.72  1.47  1.17  0.93  0.71  0.59     1.15  0.69  1.34  1.62  0.93
             54.4  45.0  30.9  17.6   5.5   1.4   2.5  12.4  24.3  37.6  50.8  56.7     26.1  51.9  17.2   6.1  37.0
             3.07  3.39  3.49  4.43  4.63  4.19  4.76  5.21  3.74  3.13  2.97  2.98     3.83  3.14  4.14  4.71  3.23
             2.78  3.25  3.49  4.40  4.44  3.95  4.50  5.10  3.74  3.08  2.76  2.65     3.68  2.89  4.11  4.52  3.19
             1.10  1.04  1.00  1.01  1.04  1.06  1.06  1.02  1.00  1.02  1.08  1.12     1.05  1.09  1.02  1.05  1.03
             1.34  1.22  1.11  1.03  0.96  0.94  0.95  0.99  1.07  1.15  1.30  1.37     1.12  1.31  1.03  0.96  1.17
temperature   9.8   9.6  11.9  15.6  18.9  21.6  24.9  26.2  24.2  20.3  16.5  12.2     17.6  10.5  15.5  24.2  20.3
diffusedrad  1.11  1.40  1.77  2.17  2.45  2.53  2.51  2.27  1.95  1.56  1.18  1.00     1.83  1.17  2.13  2.43  1.56
snow10cm     0.00  0.00  0.00  0.00  0.00  0.00  0.00  0.00  0.00  0.00  0.00  0.00     0.00  0.00  0.00  0.00  0.00
