2 45056   我孫子          35 52.6  140  1.5   20
             2.51  3.14  3.60  4.37  4.66  4.30  4.46  4.66  3.40  2.84  2.33  2.22     3.54  2.62  4.21  4.47  2.86
             2.95  3.74  4.13  5.32  5.58  5.23  6.32  5.58  4.19  3.42  2.81  2.70     3.94  2.88  4.56  5.44  3.10
             2.06  2.25  2.38  3.48  4.06  3.53  3.44  3.08  2.35  2.23  1.94  1.85     3.13  2.31  3.76  3.61  2.57
  0   10     3.05  3.54  3.87  4.50  4.67  4.27  4.45  4.73  3.55  3.10  2.69  2.68     3.76  3.09  4.35  4.48  3.11
  0   20     3.52  3.89  4.05  4.54  4.60  4.18  4.35  4.71  3.63  3.30  3.02  3.11     3.91  3.51  4.40  4.42  3.31
  0   30     3.90  4.15  4.14  4.49  4.43  4.00  4.18  4.60  3.63  3.42  3.26  3.46     3.97  3.84  4.36  4.26  3.44
  0   40     4.18  4.31  4.14  4.34  4.18  3.76  3.93  4.39  3.56  3.47  3.43  3.73     3.95  4.07  4.22  4.03  3.49
  0   50     4.35  4.36  4.05  4.10  3.86  3.45  3.61  4.09  3.41  3.44  3.52  3.89     3.85  4.20  4.00  3.72  3.46
  0   60     4.41  4.31  3.86  3.77  3.47  3.09  3.23  3.72  3.20  3.34  3.52  3.96     3.66  4.23  3.70  3.35  3.35
  0   70     4.36  4.15  3.59  3.38  3.01  2.69  2.81  3.27  2.93  3.16  3.43  3.92     3.39  4.14  3.33  2.92  3.17
  0   80     4.19  3.88  3.24  2.92  2.53  2.27  2.35  2.78  2.60  2.91  3.26  3.78     3.06  3.95  2.90  2.47  2.92
  0   90     3.91  3.53  2.83  2.41  2.02  1.85  1.90  2.25  2.23  2.60  3.01  3.54     2.67  3.66  2.42  2.00  2.61
 15   10     3.03  3.53  3.86  4.49  4.67  4.28  4.45  4.72  3.54  3.09  2.67  2.66     3.75  3.07  4.34  4.48  3.10
 15   20     3.49  3.87  4.04  4.54  4.60  4.17  4.35  4.71  3.62  3.28  2.98  3.08     3.89  3.48  4.39  4.41  3.29
 15   30     3.85  4.11  4.12  4.48  4.44  4.01  4.18  4.60  3.62  3.40  3.21  3.41     3.95  3.79  4.35  4.26  3.41
 15   40     4.12  4.26  4.12  4.33  4.19  3.76  3.93  4.39  3.54  3.44  3.36  3.66     3.93  4.01  4.21  4.03  3.45
 15   50     4.29  4.30  4.02  4.09  3.87  3.46  3.62  4.10  3.40  3.40  3.43  3.81     3.82  4.13  4.00  3.73  3.41
 15   60     4.34  4.24  3.83  3.78  3.49  3.11  3.25  3.74  3.19  3.29  3.42  3.87     3.63  4.15  3.70  3.37  3.30
 15   70     4.28  4.07  3.56  3.39  3.05  2.72  2.84  3.30  2.92  3.11  3.32  3.82     3.37  4.05  3.33  2.95  3.12
 15   80     4.10  3.81  3.22  2.94  2.58  2.31  2.40  2.83  2.60  2.86  3.15  3.67     3.04  3.86  2.91  2.51  2.87
 15   90     3.83  3.45  2.81  2.46  2.10  1.90  1.96  2.32  2.23  2.54  2.89  3.43     2.66  3.57  2.46  2.06  2.56
 30   10     2.98  3.48  3.83  4.48  4.67  4.28  4.44  4.71  3.53  3.06  2.63  2.61     3.72  3.02  4.33  4.48  3.07
 30   20     3.38  3.78  3.98  4.51  4.60  4.18  4.36  4.69  3.59  3.22  2.88  2.97     3.85  3.38  4.37  4.41  3.23
 30   30     3.70  3.98  4.06  4.44  4.45  4.01  4.19  4.57  3.58  3.31  3.07  3.26     3.88  3.65  4.32  4.26  3.32
 30   40     3.93  4.09  4.04  4.30  4.22  3.78  3.96  4.38  3.50  3.34  3.19  3.46     3.85  3.83  4.19  4.04  3.34
 30   50     4.05  4.10  3.93  4.07  3.91  3.49  3.65  4.09  3.35  3.29  3.23  3.58     3.73  3.91  3.97  3.75  3.29
 30   60     4.07  4.01  3.74  3.76  3.56  3.16  3.31  3.75  3.14  3.17  3.19  3.60     3.54  3.90  3.68  3.41  3.17
 30   70     3.99  3.83  3.48  3.40  3.14  2.79  2.92  3.34  2.88  2.98  3.08  3.53     3.28  3.79  3.34  3.02  2.98
 30   80     3.80  3.56  3.14  2.98  2.72  2.41  2.52  2.91  2.57  2.72  2.89  3.38     2.97  3.58  2.94  2.61  2.73
 30   90     3.52  3.21  2.75  2.54  2.28  2.03  2.11  2.44  2.23  2.43  2.64  3.13     2.61  3.29  2.52  2.20  2.43
 45   10     2.89  3.41  3.79  4.45  4.66  4.27  4.44  4.69  3.50  3.01  2.56  2.53     3.68  2.94  4.30  4.47  3.02
 45   20     3.21  3.63  3.91  4.46  4.60  4.18  4.35  4.65  3.53  3.13  2.76  2.81     3.77  3.22  4.32  4.39  3.14
 45   30     3.46  3.77  3.94  4.39  4.45  4.02  4.20  4.54  3.51  3.19  2.89  3.02     3.78  3.42  4.26  4.25  3.20
 45   40     3.62  3.84  3.90  4.23  4.23  3.80  3.97  4.33  3.42  3.19  2.96  3.15     3.72  3.54  4.12  4.03  3.19
 45   50     3.70  3.82  3.79  4.01  3.95  3.53  3.69  4.08  3.27  3.11  2.96  3.22     3.59  3.58  3.92  3.77  3.11
 45   60     3.68  3.71  3.59  3.71  3.61  3.21  3.37  3.74  3.06  2.99  2.90  3.21     3.40  3.53  3.64  3.44  2.98
 45   70     3.57  3.51  3.34  3.38  3.25  2.87  3.01  3.38  2.81  2.79  2.77  3.12     3.15  3.40  3.32  3.09  2.79
 45   80     3.37  3.26  3.02  2.99  2.85  2.52  2.64  2.97  2.52  2.55  2.58  2.94     2.85  3.19  2.95  2.71  2.55
 45   90     3.11  2.93  2.67  2.60  2.44  2.17  2.27  2.55  2.21  2.28  2.34  2.70     2.52  2.91  2.57  2.33  2.27
 60   10     2.78  3.31  3.73  4.42  4.65  4.27  4.43  4.66  3.46  2.95  2.48  2.42     3.63  2.84  4.26  4.46  2.96
 60   20     3.00  3.45  3.80  4.39  4.58  4.18  4.34  4.60  3.47  3.02  2.60  2.60     3.67  3.01  4.25  4.37  3.03
 60   30     3.16  3.53  3.79  4.30  4.44  4.02  4.19  4.47  3.42  3.04  2.67  2.73     3.65  3.14  4.18  4.23  3.04
 60   40     3.24  3.53  3.72  4.14  4.23  3.81  3.98  4.28  3.31  3.00  2.69  2.80     3.56  3.19  4.03  4.02  3.00
 60   50     3.26  3.47  3.59  3.91  3.96  3.55  3.71  4.01  3.15  2.91  2.65  2.80     3.41  3.18  3.82  3.75  2.90
 60   60     3.22  3.34  3.40  3.64  3.65  3.25  3.41  3.71  2.95  2.76  2.56  2.75     3.22  3.10  3.56  3.46  2.76
 60   70     3.09  3.14  3.14  3.31  3.30  2.93  3.07  3.36  2.71  2.58  2.43  2.65     2.98  2.96  3.25  3.12  2.57
 60   80     2.90  2.90  2.87  2.97  2.94  2.60  2.72  2.99  2.44  2.35  2.24  2.47     2.70  2.76  2.93  2.77  2.35
 60   90     2.66  2.61  2.54  2.60  2.57  2.27  2.38  2.61  2.15  2.10  2.02  2.25     2.40  2.51  2.57  2.42  2.09
 75   10     2.64  3.20  3.66  4.37  4.64  4.26  4.42  4.63  3.42  2.88  2.38  2.29     3.57  2.71  4.22  4.44  2.89
 75   20     2.75  3.24  3.66  4.31  4.55  4.17  4.33  4.54  3.39  2.89  2.42  2.37     3.55  2.79  4.17  4.35  2.90
 75   30     2.81  3.23  3.61  4.18  4.41  4.01  4.17  4.39  3.31  2.86  2.42  2.40     3.48  2.81  4.07  4.19  2.86
 75   40     2.83  3.19  3.50  4.01  4.20  3.80  3.96  4.18  3.18  2.78  2.38  2.41     3.37  2.81  3.90  3.98  2.78
 75   50     2.78  3.08  3.35  3.78  3.94  3.54  3.70  3.93  3.01  2.67  2.31  2.36     3.21  2.74  3.69  3.72  2.67
 75   60     2.71  2.93  3.15  3.51  3.64  3.26  3.41  3.62  2.81  2.51  2.20  2.27     3.00  2.64  3.44  3.43  2.51
 75   70     2.58  2.74  2.92  3.21  3.32  2.96  3.10  3.30  2.58  2.33  2.06  2.16     2.77  2.50  3.15  3.12  2.33
 75   80     2.40  2.52  2.66  2.88  2.97  2.64  2.77  2.95  2.32  2.12  1.90  2.00     2.51  2.31  2.84  2.79  2.12
 75   90     2.20  2.27  2.38  2.56  2.63  2.32  2.43  2.60  2.07  1.90  1.70  1.81     2.24  2.10  2.52  2.45  1.89
 90   10     2.51  3.08  3.58  4.32  4.62  4.26  4.42  4.59  3.37  2.81  2.28  2.16     3.50  2.58  4.17  4.42  2.82
 90   20     2.48  3.02  3.51  4.22  4.52  4.15  4.31  4.47  3.30  2.75  2.23  2.13     3.42  2.54  4.08  4.31  2.76
 90   30     2.45  2.92  3.40  4.05  4.35  3.99  4.14  4.29  3.18  2.66  2.15  2.07     3.31  2.48  3.94  4.14  2.66
 90   40     2.38  2.80  3.26  3.85  4.14  3.78  3.92  4.06  3.02  2.54  2.07  2.00     3.15  2.39  3.75  3.92  2.54
 90   50     2.30  2.67  3.08  3.61  3.88  3.52  3.66  3.79  2.84  2.40  1.96  1.92     2.97  2.30  3.52  3.66  2.40
 90   60     2.19  2.49  2.88  3.34  3.58  3.24  3.37  3.50  2.64  2.24  1.84  1.80     2.76  2.16  3.27  3.37  2.24
 90   70     2.07  2.32  2.65  3.04  3.27  2.95  3.07  3.17  2.41  2.06  1.70  1.69     2.53  2.03  2.99  3.06  2.06
 90   80     1.91  2.11  2.41  2.75  2.95  2.64  2.76  2.86  2.19  1.88  1.56  1.55     2.30  1.86  2.70  2.75  1.87
 90   90     1.75  1.91  2.16  2.44  2.62  2.34  2.44  2.53  1.94  1.68  1.39  1.40     2.05  1.69  2.41  2.44  1.67
105   10     2.36  2.95  3.50  4.27  4.60  4.25  4.41  4.55  3.32  2.73  2.18  2.03     3.43  2.45  4.13  4.40  2.74
105   20     2.21  2.78  3.36  4.12  4.48  4.14  4.28  4.39  3.20  2.60  2.04  1.87     3.29  2.29  3.98  4.27  2.61
105   30     2.07  2.61  3.18  3.91  4.29  3.96  4.10  4.17  3.04  2.45  1.90  1.74     3.12  2.14  3.79  4.08  2.46
105   40     1.94  2.42  2.99  3.66  4.05  3.73  3.86  3.91  2.86  2.29  1.75  1.61     2.92  1.99  3.56  3.84  2.30
105   50     1.82  2.24  2.78  3.40  3.77  3.47  3.59  3.62  2.65  2.13  1.62  1.49     2.71  1.85  3.32  3.56  2.13
105   60     1.69  2.07  2.57  3.12  3.47  3.18  3.30  3.32  2.44  1.95  1.50  1.38     2.50  1.71  3.05  3.27  1.96
105   70     1.58  1.90  2.35  2.84  3.16  2.89  2.99  3.01  2.23  1.79  1.36  1.26     2.28  1.58  2.78  2.96  1.79
105   80     1.46  1.73  2.14  2.54  2.85  2.59  2.69  2.69  2.00  1.62  1.24  1.16     2.06  1.45  2.51  2.65  1.62
105   90     1.34  1.56  1.91  2.28  2.54  2.30  2.39  2.40  1.79  1.46  1.12  1.04     1.84  1.31  2.24  2.36  1.46
120   10     2.23  2.84  3.42  4.22  4.58  4.25  4.39  4.52  3.28  2.66  2.08  1.91     3.37  2.33  4.08  4.39  2.67
120   20     1.96  2.56  3.20  4.02  4.43  4.12  4.26  4.32  3.11  2.46  1.86  1.65     3.16  2.05  3.88  4.23  2.47
120   30     1.72  2.29  2.95  3.75  4.21  3.93  4.05  4.05  2.90  2.25  1.65  1.42     2.93  1.81  3.64  4.01  2.26
120   40     1.52  2.05  2.70  3.46  3.94  3.68  3.79  3.75  2.68  2.04  1.46  1.24     2.69  1.61  3.37  3.74  2.06
120   50     1.37  1.84  2.46  3.16  3.63  3.39  3.49  3.42  2.45  1.85  1.31  1.10     2.46  1.44  3.08  3.43  1.87
120   60     1.25  1.66  2.24  2.86  3.31  3.09  3.18  3.09  2.22  1.69  1.18  1.00     2.23  1.31  2.81  3.12  1.70
120   70     1.16  1.50  2.04  2.58  2.99  2.79  2.87  2.78  2.01  1.53  1.07  0.91     2.02  1.19  2.54  2.81  1.54
120   80     1.07  1.37  1.83  2.32  2.68  2.50  2.56  2.48  1.81  1.38  0.98  0.84     1.82  1.09  2.28  2.51  1.39
120   90     0.99  1.24  1.66  2.06  2.40  2.22  2.28  2.20  1.62  1.25  0.89  0.76     1.63  1.00  2.04  2.23  1.25
135   10     2.10  2.74  3.36  4.18  4.57  4.24  4.39  4.49  3.24  2.60  2.00  1.80     3.31  2.22  4.04  4.37  2.61
135   20     1.72  2.36  3.06  3.93  4.39  4.11  4.23  4.25  3.02  2.33  1.69  1.44     3.04  1.84  3.79  4.20  2.35
135   30     1.39  2.00  2.74  3.61  4.14  3.90  4.00  3.94  2.77  2.06  1.41  1.14     2.76  1.51  3.50  3.95  2.08
135   40     1.14  1.69  2.42  3.26  3.82  3.63  3.71  3.58  2.50  1.81  1.20  0.93     2.47  1.25  3.17  3.64  1.83
135   50     0.99  1.46  2.15  2.90  3.46  3.31  3.37  3.20  2.24  1.60  1.04  0.80     2.21  1.08  2.84  3.29  1.63
135   60     0.89  1.29  1.91  2.58  3.10  2.98  3.02  2.84  2.00  1.43  0.93  0.72     1.98  0.97  2.53  2.95  1.45
135   70     0.84  1.17  1.72  2.29  2.77  2.65  2.70  2.51  1.80  1.29  0.85  0.67     1.77  0.89  2.26  2.62  1.31
135   80     0.78  1.08  1.55  2.04  2.48  2.36  2.40  2.23  1.62  1.17  0.79  0.63     1.59  0.83  2.02  2.33  1.19
135   90     0.75  0.99  1.42  1.83  2.20  2.09  2.13  1.98  1.45  1.07  0.73  0.59     1.44  0.78  1.82  2.06  1.08
150   10     2.00  2.67  3.30  4.15  4.55  4.24  4.38  4.47  3.20  2.55  1.94  1.72     3.26  2.13  4.00  4.36  2.56
150   20     1.52  2.20  2.95  3.86  4.36  4.10  4.22  4.20  2.95  2.23  1.56  1.27     2.95  1.66  3.72  4.17  2.25
150   30     1.09  1.74  2.56  3.49  4.08  3.88  3.98  3.86  2.66  1.90  1.22  0.90     2.61  1.25  3.38  3.90  1.92
150   40     0.83  1.38  2.17  3.08  3.73  3.60  3.66  3.44  2.34  1.59  0.97  0.68     2.29  0.96  2.99  3.56  1.63
150   50     0.72  1.13  1.84  2.66  3.31  3.25  3.28  2.99  2.03  1.36  0.84  0.62     2.00  0.83  2.60  3.17  1.41
150   60     0.69  1.01  1.60  2.28  2.89  2.86  2.87  2.56  1.78  1.21  0.78  0.60     1.76  0.77  2.25  2.76  1.25
150   70     0.67  0.94  1.44  2.00  2.52  2.50  2.50  2.22  1.59  1.11  0.74  0.59     1.57  0.73  1.98  2.40  1.14
150   80     0.65  0.89  1.31  1.78  2.22  2.19  2.19  1.96  1.43  1.02  0.70  0.57     1.41  0.70  1.77  2.12  1.05
150   90     0.63  0.85  1.22  1.61  1.98  1.94  1.95  1.75  1.30  0.95  0.67  0.55     1.28  0.68  1.60  1.88  0.97
165   10     1.94  2.62  3.27  4.14  4.54  4.24  4.37  4.46  3.18  2.52  1.90  1.66     3.23  2.07  3.98  4.36  2.53
165   20     1.37  2.08  2.87  3.82  4.34  4.10  4.21  4.18  2.91  2.16  1.47  1.14     2.89  1.53  3.68  4.16  2.18
165   30     0.88  1.55  2.43  3.43  4.05  3.88  3.96  3.81  2.59  1.78  1.06  0.72     2.51  1.05  3.30  3.88  1.81
165   40     0.71  1.10  1.96  2.97  3.68  3.59  3.64  3.38  2.22  1.41  0.82  0.63     2.18  0.81  2.87  3.54  1.48
165   50     0.69  0.92  1.56  2.47  3.25  3.24  3.25  2.88  1.85  1.16  0.79  0.62     1.89  0.75  2.43  3.12  1.27
165   60     0.68  0.90  1.34  2.00  2.76  2.84  2.81  2.33  1.57  1.07  0.76  0.60     1.64  0.73  2.03  2.66  1.14
165   70     0.66  0.87  1.23  1.71  2.25  2.40  2.33  1.92  1.41  1.01  0.73  0.59     1.43  0.71  1.73  2.22  1.05
165   80     0.65  0.85  1.16  1.54  1.96  2.04  1.99  1.69  1.30  0.96  0.70  0.57     1.28  0.69  1.55  1.91  0.98
165   90     0.63  0.82  1.09  1.42  1.75  1.80  1.77  1.54  1.20  0.90  0.67  0.55     1.18  0.67  1.42  1.70  0.92
180   10     1.91  2.60  3.25  4.13  4.53  4.24  4.37  4.46  3.18  2.50  1.88  1.64     3.23  2.05  3.97  4.36  2.52
180   20     1.32  2.04  2.84  3.81  4.33  4.10  4.20  4.18  2.90  2.13  1.43  1.10     2.87  1.49  3.66  4.16  2.15
180   30     0.81  1.47  2.38  3.42  4.03  3.88  3.95  3.81  2.56  1.73  1.00  0.67     2.48  0.98  3.27  3.88  1.76
180   40     0.71  0.97  1.87  2.96  3.66  3.59  3.63  3.37  2.19  1.31  0.82  0.63     2.14  0.77  2.83  3.53  1.44
180   50     0.69  0.92  1.35  2.45  3.21  3.24  3.24  2.87  1.78  1.11  0.79  0.62     1.86  0.75  2.34  3.12  1.23
180   60     0.68  0.90  1.23  1.90  2.72  2.84  2.79  2.32  1.42  1.06  0.76  0.60     1.60  0.73  1.95  2.65  1.08
180   70     0.66  0.87  1.18  1.54  2.19  2.40  2.31  1.78  1.33  1.01  0.73  0.59     1.38  0.71  1.64  2.16  1.02
180   80     0.65  0.85  1.12  1.43  1.82  1.97  1.89  1.58  1.25  0.95  0.70  0.57     1.23  0.69  1.46  1.81  0.97
180   90     0.63  0.82  1.06  1.34  1.64  1.75  1.68  1.46  1.16  0.90  0.67  0.55     1.14  0.67  1.35  1.63  0.91
             60.2  49.9  34.9  19.2   6.9   2.0   4.1  13.5  25.5  41.4  54.9  61.3     32.6  57.1  20.4   7.2  41.3
             4.41  4.36  4.16  4.55  4.67  4.30  4.46  4.74  3.64  3.47  3.53  3.96     4.19  4.23  4.40  4.49  3.49
             3.98  4.20  4.15  4.46  4.38  3.94  4.12  4.56  3.62  3.44  3.32  3.54     3.98  3.91  4.33  4.21  3.46
             1.11  1.04  1.00  1.02  1.07  1.09  1.08  1.04  1.01  1.01  1.06  1.12     1.05  1.09  1.03  1.07  1.03
             1.59  1.34  1.15  1.02  0.94  0.92  0.92  0.98  1.06  1.21  1.42  1.59     1.18  1.51  1.04  0.94  1.23
temperature   3.8   4.5   7.8  13.3  17.6  20.8  24.4  26.1  22.4  16.7  11.1   6.1     14.6   4.8  12.9  23.8  16.7
diffusedrad  1.04  1.37  1.79  2.19  2.48  2.63  2.55  2.32  1.94  1.51  1.12  0.92     1.82  1.11  2.15  2.50  1.52
snow10cm     0.02  0.02  0.00  0.00  0.00  0.00  0.00  0.00  0.00  0.00  0.00  0.00     0.00  0.01  0.00  0.00  0.00
