2 45291   牛久            35 23.8  140  8.9   30
             2.43  2.96  3.29  4.15  4.32  3.97  4.26  4.48  3.30  2.67  2.28  2.20     3.36  2.53  3.92  4.24  2.75
             2.95  3.57  3.87  5.15  5.15  4.90  6.46  5.54  4.08  3.51  2.93  2.63     3.74  2.88  4.30  5.21  3.12
             2.01  1.94  2.05  3.15  3.73  2.98  2.98  3.28  2.00  1.99  1.75  1.80     2.98  2.22  3.48  3.41  2.42
  0   10     2.91  3.30  3.51  4.26  4.32  3.95  4.24  4.54  3.44  2.89  2.64  2.62     3.55  2.94  4.03  4.24  2.99
  0   20     3.32  3.60  3.66  4.29  4.26  3.86  4.15  4.52  3.51  3.06  2.94  3.01     3.68  3.31  4.07  4.17  3.17
  0   30     3.66  3.81  3.72  4.24  4.10  3.69  3.98  4.41  3.51  3.16  3.17  3.33     3.73  3.60  4.02  4.03  3.28
  0   40     3.90  3.94  3.71  4.09  3.88  3.47  3.74  4.21  3.43  3.19  3.32  3.57     3.70  3.80  3.89  3.81  3.31
  0   50     4.04  3.97  3.61  3.86  3.58  3.19  3.43  3.92  3.29  3.15  3.40  3.71     3.60  3.91  3.69  3.52  3.28
  0   60     4.08  3.90  3.44  3.55  3.23  2.87  3.07  3.56  3.08  3.05  3.39  3.76     3.41  3.92  3.40  3.17  3.17
  0   70     4.02  3.74  3.19  3.18  2.81  2.50  2.67  3.13  2.81  2.88  3.30  3.71     3.16  3.83  3.06  2.77  3.00
  0   80     3.85  3.50  2.88  2.75  2.38  2.12  2.24  2.66  2.50  2.65  3.13  3.57     2.85  3.64  2.67  2.34  2.76
  0   90     3.59  3.17  2.51  2.27  1.92  1.73  1.81  2.15  2.14  2.36  2.89  3.34     2.49  3.37  2.23  1.90  2.46
 15   10     2.90  3.29  3.50  4.26  4.32  3.95  4.24  4.53  3.43  2.88  2.63  2.60     3.54  2.93  4.03  4.24  2.98
 15   20     3.30  3.57  3.64  4.29  4.25  3.86  4.15  4.52  3.50  3.04  2.91  2.98     3.67  3.28  4.06  4.17  3.15
 15   30     3.62  3.78  3.71  4.23  4.11  3.70  3.98  4.41  3.50  3.13  3.13  3.28     3.71  3.56  4.01  4.03  3.25
 15   40     3.85  3.89  3.68  4.08  3.88  3.48  3.74  4.20  3.42  3.16  3.28  3.50     3.68  3.75  3.88  3.81  3.29
 15   50     3.98  3.91  3.59  3.86  3.59  3.20  3.45  3.93  3.27  3.12  3.35  3.64     3.57  3.85  3.68  3.53  3.25
 15   60     4.01  3.84  3.41  3.56  3.24  2.88  3.09  3.57  3.07  3.01  3.33  3.68     3.39  3.85  3.40  3.18  3.14
 15   70     3.95  3.68  3.17  3.19  2.84  2.53  2.70  3.15  2.81  2.83  3.24  3.62     3.14  3.75  3.07  2.79  2.96
 15   80     3.77  3.43  2.86  2.77  2.42  2.15  2.28  2.70  2.49  2.60  3.06  3.48     2.83  3.56  2.68  2.38  2.72
 15   90     3.51  3.10  2.49  2.32  1.99  1.78  1.87  2.22  2.14  2.31  2.82  3.24     2.48  3.28  2.27  1.96  2.43
 30   10     2.85  3.25  3.48  4.24  4.32  3.95  4.24  4.52  3.42  2.86  2.59  2.56     3.52  2.88  4.01  4.24  2.96
 30   20     3.20  3.50  3.60  4.26  4.26  3.86  4.15  4.50  3.47  2.99  2.84  2.88     3.63  3.19  4.04  4.17  3.10
 30   30     3.48  3.67  3.65  4.20  4.11  3.70  3.99  4.38  3.45  3.06  3.03  3.14     3.65  3.43  3.98  4.03  3.18
 30   40     3.67  3.75  3.62  4.05  3.90  3.49  3.77  4.19  3.38  3.07  3.14  3.33     3.61  3.58  3.86  3.82  3.20
 30   50     3.77  3.74  3.51  3.83  3.62  3.23  3.48  3.92  3.23  3.02  3.19  3.42     3.50  3.65  3.65  3.54  3.15
 30   60     3.78  3.65  3.33  3.54  3.29  2.92  3.15  3.59  3.02  2.90  3.15  3.44     3.31  3.62  3.39  3.22  3.02
 30   70     3.69  3.47  3.09  3.20  2.92  2.59  2.78  3.20  2.77  2.72  3.05  3.36     3.07  3.51  3.07  2.86  2.84
 30   80     3.51  3.22  2.79  2.80  2.53  2.24  2.39  2.78  2.47  2.48  2.87  3.20     2.77  3.31  2.71  2.47  2.61
 30   90     3.24  2.90  2.44  2.39  2.13  1.90  2.01  2.34  2.14  2.21  2.62  2.96     2.44  3.03  2.32  2.08  2.33
 45   10     2.77  3.18  3.44  4.22  4.32  3.94  4.23  4.50  3.39  2.82  2.53  2.48     3.49  2.81  3.99  4.23  2.91
 45   20     3.05  3.37  3.53  4.21  4.25  3.86  4.15  4.46  3.42  2.92  2.73  2.73     3.56  3.05  4.00  4.16  3.02
 45   30     3.26  3.48  3.55  4.14  4.11  3.71  4.00  4.35  3.40  2.96  2.87  2.92     3.56  3.22  3.94  4.02  3.08
 45   40     3.40  3.53  3.50  3.99  3.91  3.50  3.78  4.15  3.30  2.94  2.95  3.04     3.50  3.32  3.80  3.81  3.06
 45   50     3.46  3.50  3.39  3.78  3.65  3.26  3.52  3.90  3.15  2.87  2.96  3.09     3.38  3.35  3.61  3.56  2.99
 45   60     3.43  3.38  3.20  3.50  3.34  2.97  3.20  3.58  2.95  2.74  2.90  3.07     3.19  3.29  3.35  3.25  2.87
 45   70     3.31  3.19  2.97  3.18  3.00  2.66  2.86  3.23  2.70  2.56  2.79  2.97     2.95  3.16  3.05  2.92  2.68
 45   80     3.12  2.95  2.69  2.81  2.63  2.33  2.51  2.84  2.43  2.33  2.61  2.80     2.67  2.96  2.71  2.56  2.45
 45   90     2.87  2.65  2.37  2.44  2.26  2.01  2.16  2.44  2.12  2.08  2.37  2.56     2.36  2.69  2.36  2.20  2.19
 60   10     2.67  3.10  3.39  4.18  4.31  3.94  4.23  4.48  3.36  2.76  2.46  2.38     3.44  2.71  3.96  4.22  2.86
 60   20     2.86  3.21  3.44  4.16  4.24  3.86  4.14  4.42  3.36  2.82  2.59  2.54     3.47  2.87  3.94  4.14  2.92
 60   30     2.99  3.27  3.42  4.07  4.10  3.71  3.99  4.29  3.31  2.82  2.67  2.66     3.44  2.97  3.86  4.00  2.94
 60   40     3.06  3.26  3.35  3.91  3.90  3.51  3.79  4.10  3.20  2.78  2.71  2.71     3.36  3.01  3.72  3.80  2.90
 60   50     3.06  3.19  3.22  3.69  3.65  3.27  3.53  3.84  3.04  2.69  2.68  2.71     3.21  2.99  3.52  3.55  2.80
 60   60     3.01  3.06  3.04  3.43  3.37  3.00  3.24  3.56  2.85  2.54  2.60  2.65     3.03  2.91  3.28  3.27  2.67
 60   70     2.88  2.87  2.81  3.12  3.04  2.71  2.92  3.22  2.61  2.37  2.48  2.54     2.80  2.76  2.99  2.95  2.49
 60   80     2.69  2.65  2.55  2.80  2.71  2.40  2.59  2.86  2.36  2.15  2.31  2.37     2.54  2.57  2.69  2.62  2.27
 60   90     2.46  2.37  2.26  2.45  2.37  2.10  2.26  2.50  2.07  1.93  2.09  2.15     2.25  2.33  2.36  2.29  2.03
 75   10     2.54  3.00  3.34  4.14  4.29  3.94  4.22  4.45  3.32  2.70  2.37  2.26     3.38  2.60  3.92  4.20  2.80
 75   20     2.64  3.03  3.33  4.09  4.21  3.85  4.13  4.36  3.29  2.71  2.42  2.33     3.37  2.67  3.88  4.11  2.81
 75   30     2.68  3.01  3.27  3.96  4.07  3.70  3.98  4.21  3.20  2.67  2.45  2.36     3.30  2.68  3.77  3.96  2.77
 75   40     2.69  2.96  3.16  3.80  3.88  3.51  3.77  4.02  3.08  2.59  2.42  2.35     3.19  2.66  3.61  3.77  2.70
 75   50     2.63  2.85  3.02  3.58  3.63  3.27  3.53  3.77  2.92  2.48  2.37  2.30     3.03  2.59  3.41  3.52  2.59
 75   60     2.55  2.71  2.83  3.31  3.36  3.01  3.25  3.47  2.71  2.33  2.27  2.20     2.83  2.49  3.17  3.24  2.44
 75   70     2.42  2.52  2.62  3.04  3.06  2.73  2.95  3.17  2.49  2.15  2.15  2.09     2.62  2.35  2.90  2.95  2.27
 75   80     2.24  2.31  2.38  2.72  2.73  2.44  2.64  2.83  2.24  1.96  1.99  1.93     2.37  2.16  2.61  2.63  2.06
 75   90     2.05  2.08  2.12  2.41  2.42  2.14  2.31  2.49  2.00  1.75  1.79  1.74     2.11  1.96  2.32  2.32  1.85
 90   10     2.42  2.90  3.27  4.10  4.28  3.93  4.21  4.42  3.27  2.64  2.28  2.14     3.32  2.49  3.88  4.19  2.73
 90   20     2.39  2.84  3.20  4.00  4.18  3.84  4.11  4.30  3.20  2.58  2.25  2.10     3.25  2.44  3.79  4.08  2.68
 90   30     2.35  2.75  3.10  3.85  4.03  3.69  3.95  4.12  3.09  2.50  2.20  2.05     3.14  2.38  3.66  3.92  2.59
 90   40     2.28  2.63  2.96  3.65  3.82  3.49  3.74  3.90  2.93  2.38  2.13  1.97     2.99  2.29  3.48  3.71  2.48
 90   50     2.20  2.50  2.79  3.42  3.58  3.25  3.50  3.65  2.76  2.25  2.04  1.88     2.82  2.19  3.26  3.46  2.35
 90   60     2.08  2.33  2.61  3.17  3.30  2.99  3.22  3.36  2.56  2.10  1.94  1.77     2.62  2.06  3.02  3.19  2.20
 90   70     1.96  2.16  2.40  2.88  3.01  2.72  2.92  3.05  2.34  1.92  1.80  1.65     2.40  1.93  2.76  2.90  2.02
 90   80     1.80  1.96  2.17  2.60  2.71  2.44  2.63  2.75  2.12  1.75  1.67  1.52     2.18  1.76  2.50  2.60  1.84
 90   90     1.65  1.77  1.95  2.31  2.40  2.15  2.33  2.43  1.88  1.56  1.50  1.36     1.94  1.59  2.22  2.30  1.65
105   10     2.29  2.79  3.21  4.06  4.26  3.93  4.20  4.38  3.23  2.58  2.18  2.02     3.26  2.37  3.84  4.17  2.66
105   20     2.15  2.64  3.07  3.91  4.15  3.82  4.09  4.23  3.11  2.45  2.07  1.87     3.13  2.22  3.71  4.05  2.55
105   30     2.01  2.47  2.91  3.72  3.97  3.66  3.91  4.01  2.96  2.32  1.95  1.74     2.97  2.07  3.53  3.86  2.41
105   40     1.89  2.30  2.74  3.48  3.75  3.45  3.69  3.77  2.78  2.17  1.83  1.61     2.79  1.93  3.32  3.63  2.26
105   50     1.76  2.12  2.55  3.23  3.49  3.21  3.43  3.49  2.58  2.01  1.71  1.48     2.59  1.79  3.09  3.38  2.10
105   60     1.64  1.96  2.35  2.97  3.21  2.94  3.15  3.20  2.37  1.84  1.60  1.37     2.38  1.66  2.84  3.10  1.94
105   70     1.52  1.79  2.14  2.70  2.92  2.67  2.85  2.90  2.16  1.69  1.47  1.25     2.17  1.52  2.59  2.81  1.77
105   80     1.40  1.63  1.94  2.42  2.63  2.40  2.56  2.59  1.94  1.52  1.35  1.15     1.96  1.39  2.33  2.52  1.61
105   90     1.27  1.46  1.74  2.16  2.34  2.12  2.28  2.31  1.74  1.37  1.23  1.03     1.75  1.25  2.08  2.24  1.45
120   10     2.17  2.69  3.14  4.01  4.25  3.92  4.20  4.35  3.19  2.51  2.09  1.91     3.20  2.26  3.80  4.16  2.60
120   20     1.92  2.44  2.95  3.82  4.11  3.81  4.07  4.16  3.03  2.33  1.89  1.66     3.02  2.01  3.63  4.01  2.42
120   30     1.70  2.20  2.73  3.58  3.91  3.63  3.87  3.91  2.83  2.14  1.71  1.44     2.80  1.78  3.40  3.80  2.23
120   40     1.51  1.97  2.50  3.30  3.65  3.40  3.62  3.62  2.61  1.95  1.54  1.27     2.58  1.58  3.15  3.55  2.04
120   50     1.36  1.78  2.28  3.02  3.37  3.14  3.34  3.30  2.39  1.77  1.41  1.13     2.36  1.42  2.89  3.26  1.86
120   60     1.24  1.61  2.08  2.74  3.07  2.87  3.04  2.99  2.17  1.61  1.28  1.02     2.14  1.29  2.63  2.96  1.69
120   70     1.14  1.45  1.88  2.47  2.78  2.58  2.74  2.69  1.96  1.46  1.18  0.93     1.94  1.17  2.38  2.67  1.53
120   80     1.05  1.32  1.69  2.21  2.49  2.31  2.45  2.40  1.77  1.32  1.08  0.85     1.75  1.08  2.13  2.39  1.39
120   90     0.97  1.19  1.53  1.97  2.22  2.05  2.18  2.12  1.58  1.19  0.99  0.77     1.56  0.97  1.91  2.12  1.25
135   10     2.06  2.61  3.08  3.98  4.24  3.92  4.19  4.32  3.15  2.46  2.01  1.81     3.15  2.16  3.77  4.14  2.54
135   20     1.71  2.27  2.83  3.74  4.08  3.80  4.04  4.10  2.95  2.22  1.73  1.47     2.91  1.82  3.55  3.98  2.30
135   30     1.40  1.94  2.55  3.45  3.85  3.61  3.83  3.81  2.71  1.98  1.48  1.18     2.65  1.51  3.29  3.75  2.05
135   40     1.17  1.66  2.27  3.13  3.56  3.36  3.55  3.46  2.45  1.75  1.27  0.97     2.38  1.27  2.99  3.46  1.82
135   50     1.01  1.45  2.02  2.79  3.24  3.08  3.23  3.10  2.19  1.55  1.13  0.84     2.14  1.10  2.68  3.14  1.62
135   60     0.92  1.28  1.80  2.48  2.90  2.77  2.90  2.75  1.97  1.39  1.02  0.76     1.91  0.99  2.40  2.81  1.46
135   70     0.86  1.16  1.62  2.21  2.60  2.47  2.59  2.44  1.76  1.25  0.94  0.71     1.72  0.91  2.14  2.50  1.32
135   80     0.80  1.07  1.47  1.97  2.31  2.19  2.30  2.16  1.58  1.14  0.87  0.66     1.54  0.84  1.92  2.22  1.20
135   90     0.76  0.97  1.33  1.76  2.06  1.94  2.04  1.92  1.42  1.04  0.81  0.62     1.39  0.78  1.72  1.97  1.09
150   10     1.97  2.54  3.04  3.95  4.22  3.92  4.18  4.30  3.12  2.42  1.94  1.73     3.11  2.08  3.74  4.13  2.49
150   20     1.53  2.13  2.74  3.68  4.05  3.79  4.03  4.05  2.88  2.14  1.60  1.31     2.83  1.66  3.49  3.96  2.21
150   30     1.14  1.73  2.41  3.35  3.80  3.60  3.80  3.73  2.61  1.84  1.27  0.96     2.52  1.27  3.19  3.71  1.91
150   40     0.88  1.39  2.07  2.96  3.49  3.34  3.50  3.34  2.30  1.56  1.04  0.74     2.22  1.00  2.84  3.39  1.63
150   50     0.78  1.16  1.77  2.57  3.11  3.02  3.15  2.91  2.00  1.35  0.91  0.68     1.95  0.87  2.48  3.02  1.42
150   60     0.73  1.04  1.55  2.21  2.73  2.67  2.76  2.50  1.75  1.20  0.84  0.65     1.72  0.81  2.16  2.64  1.27
150   70     0.71  0.97  1.39  1.94  2.38  2.34  2.40  2.16  1.56  1.10  0.80  0.63     1.53  0.77  1.90  2.30  1.15
150   80     0.68  0.91  1.27  1.73  2.10  2.05  2.11  1.91  1.41  1.01  0.75  0.60     1.38  0.73  1.70  2.02  1.06
150   90     0.65  0.86  1.17  1.56  1.87  1.82  1.87  1.70  1.28  0.94  0.71  0.58     1.25  0.70  1.53  1.80  0.98
165   10     1.91  2.50  3.01  3.94  4.21  3.92  4.18  4.29  3.10  2.39  1.90  1.68     3.09  2.03  3.72  4.13  2.46
165   20     1.40  2.03  2.68  3.65  4.04  3.79  4.02  4.03  2.85  2.08  1.50  1.19     2.77  1.54  3.45  3.95  2.14
165   30     0.94  1.56  2.30  3.29  3.78  3.59  3.79  3.69  2.54  1.74  1.12  0.79     2.43  1.10  3.12  3.69  1.80
165   40     0.76  1.16  1.90  2.87  3.45  3.33  3.49  3.28  2.19  1.41  0.88  0.69     2.12  0.87  2.74  3.37  1.49
165   50     0.74  0.97  1.54  2.41  3.06  3.02  3.12  2.81  1.84  1.17  0.84  0.67     1.85  0.80  2.34  2.98  1.28
165   60     0.72  0.94  1.33  1.96  2.62  2.65  2.71  2.29  1.56  1.08  0.81  0.65     1.61  0.77  1.97  2.55  1.15
165   70     0.70  0.91  1.22  1.68  2.17  2.26  2.25  1.89  1.40  1.02  0.77  0.63     1.41  0.75  1.69  2.13  1.06
165   80     0.67  0.87  1.15  1.51  1.89  1.92  1.91  1.66  1.29  0.96  0.73  0.60     1.26  0.72  1.51  1.83  0.99
165   90     0.65  0.83  1.07  1.39  1.69  1.70  1.70  1.51  1.19  0.89  0.69  0.58     1.16  0.69  1.38  1.64  0.92
180   10     1.89  2.48  3.00  3.93  4.21  3.92  4.17  4.29  3.10  2.38  1.88  1.66     3.08  2.01  3.71  4.13  2.45
180   20     1.35  2.00  2.65  3.64  4.03  3.79  4.02  4.03  2.83  2.05  1.47  1.16     2.75  1.50  3.44  3.94  2.12
180   30     0.88  1.49  2.26  3.28  3.76  3.59  3.78  3.69  2.52  1.70  1.06  0.74     2.40  1.04  3.10  3.69  1.76
180   40     0.76  1.04  1.82  2.86  3.43  3.33  3.48  3.27  2.16  1.33  0.87  0.69     2.09  0.83  2.70  3.36  1.45
180   50     0.74  0.97  1.37  2.38  3.04  3.02  3.11  2.80  1.77  1.12  0.84  0.67     1.82  0.80  2.27  2.98  1.25
180   60     0.72  0.94  1.24  1.88  2.60  2.65  2.69  2.28  1.41  1.07  0.81  0.65     1.58  0.77  1.91  2.54  1.10
180   70     0.70  0.91  1.18  1.53  2.12  2.26  2.24  1.75  1.32  1.02  0.77  0.63     1.37  0.75  1.61  2.08  1.04
180   80     0.67  0.87  1.11  1.41  1.77  1.86  1.82  1.55  1.24  0.96  0.73  0.60     1.22  0.72  1.43  1.75  0.98
180   90     0.65  0.83  1.04  1.31  1.59  1.65  1.62  1.43  1.15  0.89  0.69  0.58     1.12  0.69  1.32  1.57  0.91
             58.9  48.2  33.2  18.5   6.5   2.0   3.8  13.0  24.7  39.7  54.1  60.1     31.5  55.8  19.3   6.9  40.2
             4.08  3.97  3.73  4.30  4.33  3.97  4.25  4.54  3.52  3.19  3.40  3.76     3.92  3.92  4.07  4.25  3.31
             3.70  3.84  3.73  4.22  4.07  3.67  3.95  4.38  3.50  3.17  3.19  3.37     3.73  3.64  4.01  4.00  3.29
             1.10  1.03  1.00  1.02  1.06  1.08  1.08  1.04  1.01  1.01  1.07  1.12     1.05  1.08  1.03  1.06  1.03
             1.52  1.30  1.13  1.02  0.94  0.92  0.93  0.98  1.06  1.19  1.40  1.53     1.16  1.45  1.03  0.94  1.22
temperature   4.0   4.8   8.1  13.5  17.8  20.9  24.7  26.1  22.6  16.8  11.5   6.4     14.8   5.1  13.1  23.9  17.0
diffusedrad  1.09  1.41  1.75  2.15  2.46  2.50  2.45  2.28  1.92  1.50  1.16  0.99     1.80  1.16  2.12  2.41  1.53
snow10cm     0.01  0.01  0.00  0.00  0.00  0.00  0.00  0.00  0.00  0.00  0.00  0.00     0.00  0.01  0.00  0.00  0.00
