2 46166   小田原          35 15.3  139  9.1   28
             2.43  2.99  3.34  4.29  4.66  4.19  4.44  4.76  3.39  2.77  2.36  2.25     3.49  2.55  4.10  4.46  2.84
             3.00  3.70  4.12  5.40  5.54  5.35  6.93  6.07  4.24  3.72  3.03  2.71     3.84  2.91  4.55  5.25  3.33
             2.07  1.99  2.12  3.49  3.94  3.20  3.12  3.82  2.39  2.10  1.74  1.90     3.15  2.25  3.38  3.78  2.52
  0   10     2.90  3.33  3.57  4.41  4.67  4.15  4.41  4.83  3.54  3.00  2.75  2.68     3.69  2.97  4.21  4.46  3.10
  0   20     3.31  3.63  3.72  4.44  4.59  4.05  4.32  4.81  3.61  3.19  3.06  3.09     3.82  3.35  4.25  4.39  3.29
  0   30     3.64  3.85  3.79  4.38  4.42  3.88  4.14  4.69  3.61  3.30  3.31  3.42     3.87  3.64  4.20  4.24  3.41
  0   40     3.88  3.98  3.77  4.23  4.17  3.63  3.88  4.47  3.53  3.34  3.48  3.66     3.84  3.84  4.06  4.00  3.45
  0   50     4.02  4.01  3.67  3.99  3.84  3.33  3.56  4.16  3.39  3.30  3.56  3.81     3.72  3.95  3.84  3.68  3.42
  0   60     4.06  3.95  3.50  3.67  3.44  2.98  3.17  3.76  3.17  3.19  3.56  3.87     3.53  3.96  3.54  3.30  3.31
  0   70     3.99  3.79  3.25  3.28  2.98  2.59  2.75  3.30  2.89  3.02  3.46  3.82     3.26  3.87  3.17  2.88  3.13
  0   80     3.82  3.54  2.93  2.83  2.50  2.17  2.29  2.79  2.57  2.77  3.29  3.67     2.93  3.68  2.75  2.42  2.88
  0   90     3.56  3.20  2.55  2.33  2.00  1.76  1.84  2.24  2.19  2.48  3.03  3.43     2.55  3.40  2.29  1.95  2.57
 15   10     2.89  3.32  3.56  4.40  4.67  4.15  4.42  4.82  3.53  3.00  2.73  2.67     3.68  2.96  4.21  4.46  3.09
 15   20     3.29  3.61  3.70  4.44  4.59  4.05  4.32  4.80  3.60  3.17  3.04  3.05     3.81  3.32  4.24  4.39  3.27
 15   30     3.60  3.81  3.77  4.38  4.43  3.88  4.14  4.68  3.60  3.27  3.27  3.37     3.85  3.59  4.19  4.24  3.38
 15   40     3.83  3.93  3.75  4.22  4.17  3.64  3.89  4.46  3.52  3.30  3.43  3.59     3.81  3.78  4.05  4.00  3.42
 15   50     3.96  3.95  3.65  3.99  3.85  3.35  3.58  4.17  3.37  3.26  3.50  3.73     3.70  3.88  3.83  3.70  3.38
 15   60     3.98  3.88  3.47  3.68  3.47  3.00  3.20  3.79  3.16  3.15  3.49  3.77     3.50  3.88  3.54  3.33  3.27
 15   70     3.91  3.71  3.22  3.29  3.02  2.62  2.79  3.33  2.89  2.97  3.39  3.72     3.24  3.78  3.18  2.91  3.08
 15   80     3.74  3.46  2.90  2.85  2.55  2.21  2.34  2.84  2.56  2.72  3.21  3.56     2.91  3.59  2.77  2.46  2.83
 15   90     3.47  3.13  2.53  2.38  2.07  1.82  1.90  2.32  2.20  2.42  2.96  3.32     2.54  3.31  2.33  2.01  2.53
 30   10     2.84  3.28  3.54  4.38  4.67  4.15  4.41  4.80  3.51  2.97  2.69  2.61     3.65  2.91  4.20  4.46  3.06
 30   20     3.19  3.53  3.66  4.41  4.59  4.06  4.32  4.78  3.57  3.12  2.96  2.95     3.76  3.22  4.22  4.39  3.21
 30   30     3.46  3.70  3.71  4.34  4.43  3.89  4.15  4.66  3.55  3.20  3.16  3.22     3.79  3.46  4.16  4.23  3.30
 30   40     3.65  3.78  3.68  4.20  4.21  3.66  3.92  4.46  3.47  3.21  3.28  3.40     3.74  3.61  4.03  4.01  3.32
 30   50     3.74  3.77  3.56  3.96  3.89  3.38  3.61  4.16  3.32  3.16  3.33  3.50     3.62  3.67  3.81  3.71  3.27
 30   60     3.74  3.68  3.38  3.66  3.54  3.05  3.26  3.81  3.11  3.03  3.30  3.52     3.42  3.65  3.53  3.37  3.15
 30   70     3.65  3.50  3.14  3.30  3.12  2.69  2.88  3.38  2.85  2.84  3.19  3.44     3.16  3.53  3.19  2.98  2.96
 30   80     3.46  3.25  2.83  2.89  2.69  2.32  2.46  2.93  2.54  2.60  3.00  3.27     2.85  3.33  2.81  2.57  2.71
 30   90     3.19  2.92  2.48  2.46  2.25  1.95  2.07  2.46  2.20  2.31  2.74  3.03     2.50  3.05  2.40  2.16  2.42
 45   10     2.76  3.21  3.50  4.36  4.66  4.15  4.41  4.79  3.49  2.92  2.63  2.53     3.62  2.84  4.17  4.45  3.01
 45   20     3.04  3.40  3.59  4.36  4.59  4.06  4.32  4.74  3.52  3.04  2.84  2.79     3.69  3.08  4.18  4.37  3.13
 45   30     3.24  3.52  3.61  4.29  4.44  3.90  4.16  4.62  3.49  3.09  2.99  2.99     3.69  3.25  4.11  4.23  3.19
 45   40     3.38  3.56  3.56  4.13  4.22  3.68  3.93  4.41  3.39  3.07  3.07  3.11     3.63  3.35  3.97  4.01  3.18
 45   50     3.43  3.52  3.44  3.91  3.94  3.42  3.66  4.14  3.24  3.00  3.09  3.16     3.50  3.37  3.76  3.74  3.11
 45   60     3.39  3.40  3.25  3.62  3.59  3.11  3.33  3.80  3.04  2.86  3.03  3.14     3.30  3.31  3.49  3.41  2.98
 45   70     3.27  3.22  3.02  3.29  3.23  2.77  2.97  3.42  2.78  2.67  2.91  3.04     3.05  3.18  3.18  3.05  2.79
 45   80     3.08  2.97  2.73  2.90  2.83  2.43  2.60  3.00  2.49  2.44  2.72  2.86     2.75  2.97  2.82  2.68  2.55
 45   90     2.83  2.66  2.41  2.52  2.42  2.09  2.23  2.57  2.18  2.17  2.47  2.61     2.43  2.70  2.45  2.30  2.27
 60   10     2.66  3.13  3.45  4.32  4.65  4.15  4.41  4.76  3.45  2.87  2.55  2.43     3.57  2.74  4.14  4.44  2.96
 60   20     2.85  3.24  3.49  4.30  4.57  4.06  4.31  4.69  3.46  2.93  2.69  2.60     3.60  2.90  4.12  4.35  3.03
 60   30     2.98  3.30  3.48  4.20  4.43  3.90  4.16  4.56  3.40  2.94  2.78  2.71     3.57  3.00  4.04  4.21  3.04
 60   40     3.03  3.28  3.40  4.04  4.22  3.69  3.94  4.36  3.29  2.90  2.82  2.77     3.48  3.03  3.89  4.00  3.00
 60   50     3.04  3.22  3.27  3.81  3.95  3.44  3.67  4.08  3.13  2.80  2.79  2.76     3.33  3.00  3.68  3.73  2.91
 60   60     2.98  3.09  3.09  3.55  3.64  3.15  3.37  3.77  2.93  2.66  2.71  2.71     3.14  2.92  3.42  3.43  2.77
 60   70     2.84  2.89  2.85  3.23  3.29  2.84  3.04  3.41  2.68  2.47  2.58  2.59     2.89  2.77  3.12  3.10  2.58
 60   80     2.66  2.66  2.59  2.89  2.92  2.51  2.69  3.03  2.42  2.25  2.40  2.41     2.62  2.58  2.80  2.74  2.36
 60   90     2.43  2.38  2.29  2.53  2.56  2.20  2.35  2.65  2.13  2.01  2.18  2.19     2.33  2.34  2.46  2.40  2.11
 75   10     2.54  3.03  3.39  4.28  4.64  4.14  4.40  4.72  3.41  2.81  2.46  2.31     3.51  2.63  4.10  4.42  2.89
 75   20     2.63  3.06  3.38  4.22  4.55  4.05  4.30  4.63  3.38  2.81  2.52  2.38     3.49  2.69  4.05  4.33  2.90
 75   30     2.66  3.04  3.32  4.09  4.40  3.90  4.14  4.47  3.29  2.77  2.54  2.40     3.42  2.70  3.94  4.17  2.87
 75   40     2.67  2.98  3.21  3.92  4.19  3.69  3.93  4.26  3.16  2.69  2.52  2.39     3.30  2.68  3.77  3.96  2.79
 75   50     2.61  2.87  3.07  3.70  3.93  3.44  3.68  4.00  3.00  2.58  2.46  2.34     3.14  2.61  3.56  3.71  2.68
 75   60     2.52  2.73  2.88  3.42  3.63  3.17  3.38  3.68  2.79  2.42  2.36  2.24     2.94  2.50  3.31  3.41  2.52
 75   70     2.39  2.54  2.66  3.13  3.31  2.87  3.07  3.36  2.56  2.25  2.23  2.13     2.71  2.35  3.04  3.10  2.35
 75   80     2.21  2.33  2.41  2.81  2.96  2.56  2.75  3.00  2.31  2.04  2.06  1.96     2.45  2.17  2.73  2.77  2.14
 75   90     2.02  2.09  2.15  2.49  2.62  2.25  2.41  2.63  2.05  1.82  1.87  1.77     2.18  1.96  2.42  2.43  1.91
 90   10     2.42  2.92  3.32  4.24  4.62  4.14  4.39  4.69  3.36  2.74  2.36  2.18     3.45  2.51  4.06  4.41  2.82
 90   20     2.38  2.86  3.25  4.13  4.52  4.04  4.28  4.56  3.29  2.67  2.33  2.14     3.37  2.46  3.97  4.29  2.76
 90   30     2.34  2.77  3.14  3.97  4.35  3.88  4.11  4.37  3.17  2.59  2.27  2.09     3.25  2.40  3.82  4.12  2.68
 90   40     2.27  2.65  3.00  3.76  4.13  3.67  3.90  4.13  3.01  2.47  2.21  2.00     3.10  2.30  3.63  3.90  2.56
 90   50     2.18  2.51  2.83  3.53  3.87  3.42  3.64  3.86  2.83  2.33  2.11  1.92     2.92  2.20  3.41  3.64  2.42
 90   60     2.06  2.34  2.64  3.27  3.57  3.15  3.35  3.56  2.63  2.17  2.00  1.80     2.71  2.07  3.16  3.35  2.27
 90   70     1.94  2.17  2.43  2.97  3.26  2.86  3.04  3.23  2.39  1.99  1.86  1.68     2.49  1.93  2.89  3.04  2.08
 90   80     1.77  1.97  2.20  2.69  2.94  2.57  2.74  2.90  2.17  1.81  1.72  1.54     2.25  1.76  2.61  2.74  1.90
 90   90     1.62  1.78  1.97  2.38  2.61  2.27  2.42  2.57  1.93  1.61  1.55  1.38     2.01  1.59  2.32  2.42  1.70
105   10     2.29  2.82  3.25  4.19  4.60  4.14  4.38  4.65  3.31  2.67  2.25  2.06     3.38  2.39  4.01  4.39  2.75
105   20     2.15  2.66  3.12  4.04  4.48  4.03  4.26  4.48  3.19  2.54  2.14  1.90     3.25  2.24  3.88  4.25  2.62
105   30     2.00  2.49  2.95  3.83  4.29  3.85  4.08  4.25  3.04  2.39  2.01  1.76     3.08  2.09  3.69  4.06  2.48
105   40     1.88  2.32  2.77  3.59  4.05  3.63  3.84  3.98  2.85  2.24  1.89  1.63     2.89  1.94  3.47  3.82  2.33
105   50     1.75  2.14  2.58  3.33  3.77  3.38  3.57  3.69  2.64  2.08  1.76  1.50     2.68  1.80  3.23  3.54  2.16
105   60     1.62  1.97  2.38  3.06  3.47  3.10  3.28  3.38  2.43  1.91  1.65  1.39     2.47  1.66  2.97  3.25  1.99
105   70     1.51  1.80  2.17  2.78  3.15  2.81  2.97  3.06  2.22  1.75  1.51  1.27     2.25  1.53  2.70  2.94  1.82
105   80     1.38  1.64  1.97  2.49  2.85  2.52  2.67  2.73  1.99  1.58  1.39  1.16     2.03  1.39  2.43  2.64  1.65
105   90     1.26  1.47  1.75  2.22  2.54  2.24  2.37  2.43  1.78  1.42  1.26  1.04     1.81  1.25  2.17  2.35  1.49
120   10     2.17  2.72  3.19  4.14  4.59  4.13  4.37  4.61  3.27  2.60  2.16  1.95     3.33  2.28  3.97  4.37  2.68
120   20     1.92  2.46  2.99  3.94  4.44  4.01  4.24  4.40  3.10  2.41  1.95  1.69     3.13  2.02  3.79  4.22  2.49
120   30     1.69  2.21  2.76  3.69  4.21  3.82  4.03  4.13  2.90  2.20  1.75  1.46     2.91  1.79  3.55  3.99  2.29
120   40     1.51  1.99  2.53  3.40  3.94  3.58  3.77  3.81  2.67  2.00  1.58  1.28     2.67  1.59  3.29  3.72  2.09
120   50     1.35  1.79  2.31  3.10  3.63  3.30  3.47  3.48  2.44  1.82  1.44  1.13     2.44  1.42  3.01  3.42  1.90
120   60     1.23  1.61  2.10  2.81  3.31  3.01  3.16  3.14  2.22  1.65  1.31  1.03     2.22  1.29  2.74  3.10  1.73
120   70     1.13  1.45  1.90  2.53  2.99  2.71  2.85  2.82  2.00  1.50  1.20  0.94     2.00  1.17  2.48  2.79  1.57
120   80     1.04  1.33  1.71  2.27  2.68  2.43  2.54  2.52  1.81  1.35  1.10  0.86     1.80  1.07  2.22  2.50  1.42
120   90     0.95  1.19  1.54  2.02  2.39  2.15  2.26  2.23  1.62  1.22  1.01  0.78     1.61  0.97  1.99  2.21  1.28
135   10     2.06  2.63  3.13  4.11  4.57  4.13  4.36  4.58  3.23  2.54  2.07  1.84     3.27  2.18  3.94  4.36  2.61
135   20     1.71  2.29  2.87  3.86  4.40  4.00  4.21  4.34  3.02  2.29  1.78  1.49     3.02  1.83  3.71  4.18  2.36
135   30     1.40  1.96  2.58  3.55  4.14  3.80  3.98  4.02  2.77  2.03  1.51  1.20     2.75  1.52  3.43  3.93  2.10
135   40     1.17  1.67  2.29  3.21  3.83  3.53  3.69  3.64  2.50  1.79  1.29  0.98     2.47  1.27  3.11  3.62  1.86
135   50     1.01  1.46  2.04  2.86  3.47  3.23  3.36  3.25  2.24  1.58  1.14  0.84     2.21  1.10  2.79  3.28  1.65
135   60     0.91  1.29  1.82  2.54  3.11  2.90  3.01  2.88  2.00  1.41  1.03  0.76     1.97  0.99  2.49  2.93  1.48
135   70     0.85  1.16  1.63  2.25  2.77  2.58  2.68  2.54  1.79  1.27  0.94  0.71     1.77  0.91  2.22  2.60  1.34
135   80     0.79  1.07  1.47  2.00  2.47  2.29  2.38  2.25  1.61  1.16  0.88  0.66     1.59  0.84  1.98  2.31  1.22
135   90     0.75  0.98  1.34  1.79  2.20  2.03  2.11  2.00  1.44  1.05  0.82  0.62     1.43  0.78  1.78  2.04  1.10
150   10     1.98  2.57  3.08  4.08  4.56  4.12  4.36  4.56  3.20  2.49  2.00  1.76     3.23  2.10  3.90  4.35  2.57
150   20     1.53  2.15  2.78  3.79  4.37  3.99  4.20  4.29  2.95  2.20  1.64  1.33     2.93  1.67  3.65  4.16  2.26
150   30     1.14  1.74  2.43  3.44  4.09  3.78  3.96  3.93  2.66  1.88  1.29  0.96     2.61  1.28  3.32  3.89  1.95
150   40     0.89  1.40  2.08  3.04  3.74  3.50  3.64  3.50  2.34  1.59  1.04  0.74     2.29  1.01  2.95  3.55  1.66
150   50     0.78  1.17  1.78  2.63  3.32  3.16  3.26  3.04  2.04  1.36  0.91  0.67     2.01  0.87  2.58  3.15  1.43
150   60     0.74  1.05  1.55  2.25  2.90  2.79  2.85  2.59  1.78  1.21  0.84  0.65     1.76  0.81  2.23  2.74  1.27
150   70     0.71  0.97  1.39  1.97  2.52  2.43  2.47  2.23  1.58  1.10  0.80  0.63     1.57  0.77  1.96  2.38  1.16
150   80     0.68  0.91  1.27  1.75  2.22  2.13  2.17  1.96  1.43  1.01  0.75  0.60     1.41  0.73  1.75  2.09  1.07
150   90     0.65  0.86  1.17  1.58  1.97  1.88  1.92  1.75  1.30  0.94  0.71  0.58     1.28  0.70  1.57  1.85  0.98
165   10     1.92  2.52  3.06  4.06  4.55  4.12  4.35  4.55  3.18  2.47  1.96  1.71     3.20  2.05  3.89  4.34  2.54
165   20     1.40  2.05  2.71  3.76  4.35  3.98  4.19  4.26  2.91  2.13  1.53  1.21     2.88  1.56  3.61  4.15  2.19
165   30     0.95  1.58  2.32  3.38  4.06  3.77  3.94  3.89  2.59  1.77  1.13  0.79     2.52  1.11  3.25  3.87  1.83
165   40     0.77  1.17  1.91  2.94  3.70  3.49  3.62  3.44  2.23  1.42  0.87  0.68     2.19  0.87  2.85  3.52  1.51
165   50     0.75  0.98  1.54  2.45  3.26  3.15  3.24  2.92  1.86  1.17  0.84  0.67     1.90  0.80  2.42  3.10  1.29
165   60     0.72  0.95  1.33  1.98  2.77  2.76  2.79  2.36  1.57  1.08  0.81  0.65     1.65  0.77  2.03  2.63  1.15
165   70     0.70  0.91  1.22  1.69  2.26  2.33  2.31  1.92  1.41  1.02  0.77  0.63     1.43  0.75  1.72  2.19  1.07
165   80     0.67  0.87  1.15  1.51  1.95  1.96  1.96  1.68  1.30  0.96  0.73  0.60     1.28  0.72  1.54  1.87  1.00
165   90     0.65  0.84  1.07  1.39  1.75  1.73  1.74  1.53  1.20  0.90  0.70  0.58     1.17  0.69  1.41  1.67  0.93
180   10     1.90  2.51  3.04  4.06  4.54  4.12  4.35  4.55  3.18  2.46  1.94  1.70     3.19  2.03  3.88  4.34  2.52
180   20     1.36  2.02  2.69  3.75  4.34  3.98  4.18  4.26  2.90  2.11  1.50  1.17     2.86  1.52  3.59  4.14  2.17
180   30     0.89  1.51  2.28  3.37  4.04  3.77  3.94  3.89  2.57  1.73  1.07  0.74     2.48  1.04  3.23  3.86  1.79
180   40     0.77  1.05  1.84  2.93  3.67  3.48  3.61  3.44  2.20  1.33  0.87  0.68     2.15  0.83  2.81  3.51  1.47
180   50     0.75  0.98  1.38  2.43  3.23  3.14  3.22  2.92  1.80  1.12  0.84  0.67     1.87  0.80  2.35  3.09  1.25
180   60     0.72  0.95  1.24  1.90  2.74  2.75  2.78  2.36  1.42  1.07  0.81  0.65     1.61  0.77  1.96  2.63  1.10
180   70     0.70  0.91  1.18  1.53  2.21  2.31  2.30  1.78  1.33  1.01  0.77  0.63     1.39  0.75  1.64  2.13  1.04
180   80     0.67  0.87  1.11  1.41  1.82  1.88  1.86  1.56  1.24  0.95  0.73  0.60     1.23  0.72  1.45  1.77  0.98
180   90     0.65  0.84  1.05  1.32  1.64  1.66  1.65  1.44  1.16  0.90  0.70  0.58     1.13  0.69  1.34  1.59  0.92
             58.6  48.2  33.3  18.6   6.4   2.1   3.6  13.1  24.9  40.3  54.5  60.2     31.1  55.8  19.0   6.8  40.7
             4.06  4.01  3.79  4.44  4.67  4.18  4.43  4.83  3.62  3.34  3.57  3.87     4.07  3.97  4.25  4.47  3.45
             3.67  3.87  3.79  4.37  4.40  3.85  4.12  4.67  3.60  3.31  3.33  3.45     3.87  3.67  4.19  4.21  3.41
             1.11  1.04  1.00  1.02  1.06  1.09  1.08  1.03  1.01  1.01  1.07  1.12     1.05  1.09  1.03  1.07  1.03
             1.51  1.29  1.13  1.02  0.94  0.92  0.93  0.98  1.06  1.19  1.41  1.53     1.16  1.45  1.03  0.94  1.22
temperature   5.3   5.8   8.8  13.8  17.8  20.8  24.5  25.9  22.6  17.4  12.4   7.8     15.2   6.3  13.5  23.7  17.5
diffusedrad  1.09  1.41  1.75  2.15  2.46  2.51  2.46  2.28  1.94  1.50  1.17  0.99     1.81  1.16  2.12  2.42  1.54
snow10cm     0.00  0.01  0.00  0.00  0.00  0.00  0.00  0.00  0.00  0.00  0.00  0.00     0.00  0.01  0.00  0.00  0.00
