2 46211   三浦            35 10.7  139 37.8   42
             2.51  3.14  3.59  4.56  4.87  4.53  4.86  5.16  3.73  2.98  2.42  2.27     3.72  2.64  4.34  4.85  3.04
             2.93  3.72  4.28  5.34  5.57  5.77  6.91  6.04  4.68  3.69  2.99  2.75     4.10  2.95  4.81  5.81  3.34
             2.06  2.12  2.39  3.74  4.27  3.28  3.54  4.23  2.61  2.36  1.88  1.92     3.41  2.34  3.75  4.06  2.65
  0   10     3.02  3.52  3.84  4.70  4.87  4.49  4.84  5.24  3.91  3.26  2.83  2.73     3.94  3.09  4.47  4.85  3.33
  0   20     3.46  3.86  4.01  4.74  4.79  4.38  4.72  5.22  4.00  3.48  3.17  3.16     4.08  3.49  4.51  4.77  3.55
  0   30     3.82  4.11  4.10  4.67  4.61  4.18  4.52  5.09  4.01  3.61  3.44  3.50     4.14  3.81  4.46  4.60  3.69
  0   40     4.08  4.25  4.09  4.51  4.34  3.91  4.24  4.85  3.94  3.67  3.63  3.76     4.11  4.03  4.31  4.33  3.74
  0   50     4.24  4.30  3.99  4.25  3.99  3.57  3.87  4.50  3.77  3.64  3.72  3.92     3.98  4.15  4.08  3.98  3.71
  0   60     4.29  4.23  3.80  3.91  3.57  3.18  3.43  4.07  3.53  3.52  3.72  3.98     3.77  4.17  3.76  3.56  3.59
  0   70     4.22  4.07  3.53  3.49  3.09  2.74  2.96  3.55  3.22  3.33  3.63  3.93     3.48  4.07  3.37  3.08  3.40
  0   80     4.05  3.80  3.18  3.00  2.57  2.29  2.44  2.98  2.85  3.07  3.45  3.78     3.12  3.88  2.92  2.57  3.12
  0   90     3.77  3.44  2.77  2.46  2.04  1.84  1.93  2.37  2.43  2.73  3.19  3.54     2.71  3.58  2.42  2.05  2.78
 15   10     3.00  3.51  3.83  4.69  4.87  4.49  4.84  5.23  3.90  3.25  2.82  2.71     3.93  3.08  4.46  4.85  3.32
 15   20     3.43  3.83  4.00  4.73  4.79  4.37  4.73  5.22  3.99  3.46  3.15  3.12     4.07  3.46  4.50  4.77  3.53
 15   30     3.78  4.07  4.08  4.67  4.62  4.18  4.53  5.09  4.00  3.58  3.40  3.45     4.12  3.77  4.45  4.60  3.66
 15   40     4.03  4.20  4.06  4.51  4.35  3.92  4.24  4.85  3.92  3.63  3.58  3.69     4.08  3.97  4.31  4.34  3.71
 15   50     4.17  4.24  3.96  4.25  4.01  3.59  3.89  4.52  3.76  3.59  3.66  3.84     3.96  4.08  4.07  4.00  3.67
 15   60     4.21  4.16  3.77  3.92  3.60  3.21  3.46  4.09  3.52  3.47  3.65  3.88     3.75  4.09  3.76  3.59  3.55
 15   70     4.14  3.99  3.50  3.50  3.13  2.78  3.00  3.59  3.22  3.28  3.56  3.83     3.46  3.98  3.38  3.13  3.35
 15   80     3.96  3.72  3.15  3.03  2.63  2.34  2.50  3.05  2.85  3.01  3.37  3.67     3.11  3.79  2.94  2.63  3.08
 15   90     3.68  3.36  2.75  2.52  2.13  1.90  2.01  2.47  2.44  2.67  3.11  3.43     2.71  3.49  2.46  2.13  2.74
 30   10     2.95  3.46  3.81  4.67  4.87  4.49  4.84  5.21  3.88  3.22  2.78  2.66     3.90  3.03  4.45  4.85  3.29
 30   20     3.33  3.75  3.95  4.70  4.80  4.38  4.74  5.19  3.96  3.39  3.06  3.02     4.02  3.37  4.48  4.77  3.47
 30   30     3.63  3.94  4.01  4.63  4.63  4.20  4.54  5.06  3.95  3.49  3.28  3.29     4.05  3.62  4.42  4.60  3.58
 30   40     3.84  4.04  3.99  4.48  4.39  3.95  4.28  4.84  3.87  3.52  3.42  3.49     4.01  3.79  4.28  4.36  3.60
 30   50     3.94  4.04  3.87  4.23  4.06  3.63  3.94  4.51  3.71  3.47  3.48  3.60     3.87  3.86  4.05  4.03  3.55
 30   60     3.95  3.94  3.68  3.91  3.68  3.27  3.55  4.13  3.47  3.34  3.45  3.62     3.67  3.84  3.75  3.65  3.42
 30   70     3.86  3.76  3.41  3.52  3.24  2.88  3.12  3.66  3.18  3.14  3.34  3.54     3.39  3.72  3.39  3.22  3.22
 30   80     3.67  3.48  3.08  3.08  2.79  2.47  2.66  3.16  2.83  2.87  3.15  3.38     3.05  3.51  2.98  2.76  2.95
 30   90     3.38  3.13  2.69  2.61  2.33  2.07  2.21  2.64  2.45  2.55  2.88  3.12     2.67  3.21  2.55  2.31  2.63
 45   10     2.87  3.39  3.76  4.64  4.86  4.49  4.83  5.19  3.85  3.17  2.71  2.58     3.86  2.95  4.42  4.84  3.24
 45   20     3.17  3.61  3.87  4.64  4.79  4.39  4.74  5.15  3.90  3.30  2.94  2.85     3.95  3.21  4.44  4.76  3.38
 45   30     3.39  3.74  3.90  4.57  4.64  4.21  4.56  5.02  3.88  3.37  3.11  3.06     3.95  3.40  4.37  4.60  3.45
 45   40     3.54  3.80  3.85  4.40  4.41  3.97  4.30  4.79  3.78  3.36  3.20  3.19     3.88  3.51  4.22  4.36  3.45
 45   50     3.61  3.77  3.73  4.17  4.11  3.69  4.00  4.50  3.62  3.29  3.22  3.25     3.75  3.54  4.01  4.06  3.38
 45   60     3.58  3.64  3.53  3.86  3.75  3.35  3.63  4.12  3.39  3.15  3.17  3.23     3.53  3.48  3.71  3.70  3.24
 45   70     3.46  3.45  3.28  3.51  3.37  2.98  3.24  3.71  3.11  2.95  3.05  3.12     3.27  3.34  3.38  3.31  3.04
 45   80     3.26  3.19  2.97  3.10  2.95  2.61  2.83  3.25  2.79  2.69  2.85  2.94     2.95  3.13  3.00  2.90  2.78
 45   90     2.99  2.85  2.62  2.69  2.52  2.24  2.42  2.78  2.44  2.40  2.59  2.69     2.60  2.85  2.61  2.48  2.48
 60   10     2.76  3.30  3.71  4.60  4.86  4.49  4.83  5.16  3.81  3.10  2.63  2.47     3.81  2.84  4.39  4.83  3.18
 60   20     2.97  3.43  3.77  4.58  4.78  4.39  4.73  5.09  3.82  3.18  2.78  2.64     3.85  3.01  4.37  4.74  3.26
 60   30     3.11  3.50  3.75  4.48  4.63  4.22  4.56  4.95  3.77  3.20  2.88  2.77     3.82  3.13  4.29  4.58  3.28
 60   40     3.18  3.49  3.68  4.31  4.41  3.99  4.33  4.73  3.66  3.16  2.93  2.83     3.73  3.17  4.13  4.35  3.25
 60   50     3.19  3.42  3.54  4.07  4.13  3.72  4.03  4.43  3.49  3.06  2.91  2.83     3.57  3.15  3.91  4.06  3.15
 60   60     3.13  3.29  3.35  3.79  3.81  3.41  3.70  4.10  3.27  2.91  2.83  2.77     3.36  3.06  3.65  3.74  3.00
 60   70     3.00  3.08  3.10  3.45  3.44  3.07  3.33  3.71  3.00  2.72  2.70  2.66     3.10  2.91  3.33  3.37  2.81
 60   80     2.81  2.85  2.82  3.09  3.06  2.71  2.94  3.29  2.71  2.47  2.52  2.48     2.81  2.71  2.99  2.98  2.56
 60   90     2.57  2.55  2.50  2.71  2.67  2.37  2.57  2.87  2.38  2.21  2.29  2.25     2.50  2.46  2.63  2.60  2.29
 75   10     2.63  3.19  3.64  4.56  4.84  4.48  4.82  5.12  3.75  3.03  2.53  2.34     3.75  2.72  4.35  4.81  3.10
 75   20     2.73  3.23  3.63  4.49  4.75  4.38  4.72  5.03  3.73  3.04  2.59  2.42     3.73  2.79  4.29  4.71  3.12
 75   30     2.77  3.21  3.58  4.36  4.60  4.22  4.55  4.85  3.64  3.01  2.63  2.44     3.65  2.81  4.18  4.54  3.09
 75   40     2.78  3.16  3.47  4.18  4.38  4.00  4.32  4.63  3.51  2.92  2.61  2.44     3.53  2.79  4.01  4.31  3.01
 75   50     2.73  3.04  3.32  3.94  4.11  3.73  4.04  4.34  3.33  2.81  2.56  2.39     3.36  2.72  3.79  4.04  2.90
 75   60     2.65  2.90  3.12  3.65  3.80  3.43  3.71  4.00  3.10  2.64  2.46  2.29     3.15  2.61  3.52  3.71  2.73
 75   70     2.51  2.70  2.88  3.35  3.47  3.11  3.38  3.65  2.86  2.46  2.33  2.18     2.91  2.46  3.23  3.38  2.55
 75   80     2.33  2.47  2.62  3.00  3.11  2.78  3.02  3.26  2.58  2.23  2.16  2.01     2.63  2.27  2.91  3.02  2.32
 75   90     2.13  2.22  2.34  2.66  2.75  2.44  2.65  2.87  2.30  2.00  1.95  1.82     2.34  2.06  2.58  2.65  2.08
 90   10     2.50  3.07  3.56  4.51  4.83  4.48  4.81  5.08  3.70  2.95  2.42  2.21     3.68  2.59  4.30  4.79  3.02
 90   20     2.47  3.01  3.49  4.40  4.72  4.37  4.70  4.94  3.62  2.89  2.40  2.17     3.60  2.55  4.20  4.67  2.97
 90   30     2.43  2.91  3.38  4.23  4.55  4.20  4.51  4.74  3.50  2.80  2.34  2.11     3.47  2.48  4.05  4.48  2.88
 90   40     2.35  2.79  3.23  4.01  4.33  3.98  4.28  4.48  3.32  2.67  2.28  2.03     3.31  2.39  3.86  4.25  2.76
 90   50     2.27  2.65  3.05  3.76  4.05  3.71  4.00  4.19  3.13  2.52  2.18  1.95     3.12  2.29  3.62  3.97  2.61
 90   60     2.15  2.47  2.85  3.48  3.74  3.41  3.68  3.86  2.91  2.36  2.08  1.83     2.90  2.15  3.36  3.65  2.45
 90   70     2.02  2.29  2.62  3.17  3.42  3.11  3.35  3.50  2.66  2.16  1.93  1.71     2.66  2.01  3.07  3.32  2.25
 90   80     1.86  2.08  2.38  2.87  3.09  2.79  3.01  3.15  2.42  1.97  1.79  1.57     2.42  1.84  2.78  2.98  2.06
 90   90     1.70  1.88  2.14  2.54  2.74  2.46  2.67  2.79  2.15  1.76  1.62  1.41     2.15  1.66  2.47  2.64  1.84
105   10     2.36  2.95  3.49  4.45  4.81  4.47  4.80  5.04  3.64  2.87  2.31  2.08     3.61  2.47  4.25  4.77  2.94
105   20     2.21  2.78  3.34  4.29  4.68  4.36  4.67  4.85  3.51  2.73  2.19  1.92     3.46  2.31  4.10  4.63  2.81
105   30     2.06  2.60  3.16  4.07  4.48  4.17  4.47  4.60  3.33  2.57  2.06  1.78     3.28  2.15  3.91  4.41  2.66
105   40     1.94  2.42  2.97  3.81  4.23  3.93  4.21  4.31  3.13  2.40  1.93  1.65     3.08  2.00  3.67  4.15  2.49
105   50     1.81  2.23  2.77  3.54  3.95  3.66  3.92  3.99  2.90  2.23  1.81  1.51     2.86  1.85  3.42  3.86  2.31
105   60     1.68  2.06  2.55  3.25  3.63  3.35  3.60  3.65  2.68  2.04  1.69  1.40     2.63  1.71  3.14  3.54  2.14
105   70     1.56  1.88  2.33  2.95  3.30  3.04  3.26  3.31  2.44  1.88  1.56  1.28     2.40  1.57  2.86  3.20  1.96
105   80     1.43  1.71  2.12  2.65  2.98  2.73  2.94  2.95  2.20  1.70  1.44  1.17     2.17  1.44  2.58  2.87  1.78
105   90     1.30  1.54  1.89  2.37  2.67  2.43  2.61  2.63  1.97  1.53  1.31  1.05     1.94  1.30  2.31  2.56  1.60
120   10     2.23  2.84  3.41  4.40  4.79  4.47  4.79  5.00  3.59  2.79  2.21  1.96     3.54  2.35  4.20  4.75  2.86
120   20     1.97  2.57  3.19  4.18  4.63  4.34  4.64  4.76  3.40  2.58  1.99  1.70     3.33  2.08  4.00  4.58  2.65
120   30     1.73  2.30  2.95  3.91  4.40  4.13  4.42  4.46  3.17  2.35  1.78  1.47     3.09  1.83  3.75  4.34  2.43
120   40     1.53  2.05  2.70  3.60  4.12  3.87  4.13  4.11  2.92  2.13  1.61  1.28     2.84  1.62  3.47  4.04  2.22
120   50     1.37  1.84  2.46  3.28  3.79  3.57  3.80  3.75  2.66  1.93  1.46  1.13     2.59  1.45  3.18  3.71  2.02
120   60     1.25  1.66  2.23  2.97  3.46  3.25  3.46  3.38  2.42  1.75  1.33  1.02     2.35  1.31  2.89  3.37  1.83
120   70     1.15  1.49  2.03  2.68  3.13  2.93  3.12  3.04  2.18  1.59  1.22  0.93     2.12  1.19  2.61  3.03  1.66
120   80     1.06  1.36  1.82  2.40  2.80  2.63  2.79  2.71  1.97  1.43  1.12  0.85     1.91  1.09  2.34  2.71  1.51
120   90     0.97  1.22  1.65  2.13  2.51  2.33  2.48  2.39  1.76  1.30  1.03  0.77     1.71  0.99  2.10  2.40  1.36
135   10     2.12  2.75  3.35  4.36  4.77  4.46  4.79  4.96  3.54  2.72  2.11  1.86     3.48  2.24  4.16  4.74  2.79
135   20     1.74  2.37  3.06  4.09  4.59  4.33  4.62  4.69  3.29  2.44  1.80  1.49     3.21  1.87  3.91  4.54  2.51
135   30     1.41  2.01  2.75  3.76  4.33  4.11  4.37  4.33  3.00  2.15  1.52  1.19     2.91  1.54  3.61  4.27  2.22
135   40     1.17  1.70  2.43  3.39  3.99  3.81  4.04  3.91  2.70  1.88  1.30  0.96     2.61  1.28  3.27  3.92  1.96
135   50     1.01  1.47  2.15  3.01  3.62  3.48  3.67  3.48  2.41  1.65  1.14  0.82     2.33  1.10  2.93  3.54  1.73
135   60     0.91  1.30  1.91  2.66  3.24  3.13  3.28  3.07  2.15  1.47  1.03  0.74     2.07  0.98  2.61  3.16  1.55
135   70     0.84  1.16  1.71  2.36  2.89  2.78  2.92  2.71  1.92  1.32  0.94  0.69     1.86  0.90  2.32  2.80  1.40
135   80     0.78  1.08  1.55  2.10  2.58  2.47  2.59  2.39  1.73  1.20  0.88  0.64     1.67  0.83  2.08  2.48  1.27
135   90     0.75  0.98  1.41  1.89  2.29  2.18  2.29  2.13  1.55  1.10  0.82  0.61     1.50  0.78  1.86  2.20  1.16
150   10     2.02  2.67  3.29  4.33  4.76  4.46  4.78  4.94  3.50  2.67  2.04  1.77     3.44  2.15  4.13  4.72  2.74
150   20     1.55  2.22  2.95  4.02  4.56  4.32  4.60  4.63  3.21  2.33  1.65  1.32     3.11  1.69  3.84  4.51  2.40
150   30     1.13  1.77  2.57  3.63  4.27  4.09  4.33  4.23  2.87  1.97  1.29  0.94     2.76  1.28  3.49  4.21  2.04
150   40     0.86  1.40  2.19  3.19  3.89  3.78  3.97  3.75  2.51  1.64  1.03  0.71     2.41  0.99  3.09  3.83  1.73
150   50     0.75  1.15  1.85  2.75  3.46  3.40  3.55  3.23  2.16  1.39  0.89  0.64     2.10  0.84  2.69  3.39  1.48
150   60     0.71  1.02  1.61  2.35  3.00  2.99  3.09  2.74  1.87  1.23  0.82  0.62     1.84  0.78  2.32  2.94  1.30
150   70     0.68  0.94  1.44  2.04  2.61  2.60  2.67  2.34  1.66  1.12  0.78  0.60     1.62  0.74  2.03  2.54  1.19
150   80     0.66  0.89  1.31  1.81  2.30  2.27  2.34  2.06  1.50  1.03  0.74  0.58     1.46  0.71  1.81  2.22  1.09
150   90     0.63  0.85  1.22  1.64  2.04  2.01  2.07  1.83  1.36  0.96  0.70  0.56     1.32  0.68  1.63  1.97  1.01
165   10     1.96  2.63  3.26  4.31  4.75  4.46  4.77  4.93  3.48  2.64  1.99  1.72     3.41  2.10  4.11  4.72  2.70
165   20     1.41  2.11  2.88  3.98  4.54  4.31  4.59  4.60  3.16  2.25  1.54  1.19     3.05  1.57  3.80  4.50  2.32
165   30     0.93  1.58  2.44  3.56  4.23  4.08  4.32  4.18  2.78  1.84  1.12  0.76     2.65  1.09  3.41  4.19  1.91
165   40     0.73  1.13  1.99  3.08  3.85  3.77  3.95  3.67  2.37  1.45  0.83  0.65     2.29  0.83  2.97  3.80  1.55
165   50     0.71  0.93  1.58  2.55  3.39  3.39  3.52  3.09  1.94  1.17  0.81  0.63     1.98  0.76  2.51  3.33  1.30
165   60     0.69  0.90  1.35  2.04  2.87  2.95  3.02  2.46  1.61  1.07  0.78  0.62     1.70  0.74  2.08  2.81  1.15
165   70     0.67  0.87  1.24  1.72  2.32  2.48  2.48  1.98  1.44  1.02  0.75  0.60     1.46  0.72  1.76  2.31  1.07
165   80     0.65  0.84  1.17  1.55  2.00  2.07  2.08  1.72  1.32  0.96  0.72  0.58     1.30  0.69  1.57  1.96  1.00
165   90     0.63  0.81  1.09  1.43  1.79  1.83  1.84  1.57  1.23  0.91  0.68  0.56     1.20  0.67  1.44  1.75  0.94
180   10     1.93  2.61  3.25  4.31  4.74  4.45  4.77  4.93  3.47  2.63  1.97  1.70     3.40  2.08  4.10  4.72  2.69
180   20     1.36  2.06  2.85  3.97  4.52  4.30  4.58  4.60  3.15  2.22  1.50  1.16     3.02  1.53  3.78  4.50  2.29
180   30     0.85  1.50  2.39  3.55  4.21  4.07  4.30  4.18  2.76  1.79  1.05  0.70     2.61  1.02  3.39  4.18  1.87
180   40     0.73  1.00  1.90  3.07  3.82  3.75  3.94  3.67  2.32  1.35  0.83  0.65     2.25  0.79  2.93  3.79  1.50
180   50     0.71  0.93  1.39  2.53  3.35  3.37  3.50  3.09  1.85  1.10  0.81  0.63     1.94  0.76  2.42  3.32  1.25
180   60     0.69  0.90  1.24  1.95  2.83  2.94  3.00  2.46  1.41  1.06  0.78  0.62     1.66  0.74  2.00  2.80  1.08
180   70     0.67  0.87  1.18  1.54  2.27  2.46  2.46  1.81  1.32  1.01  0.75  0.60     1.41  0.72  1.66  2.24  1.03
180   80     0.65  0.84  1.12  1.43  1.85  1.98  1.96  1.58  1.25  0.96  0.72  0.58     1.24  0.69  1.47  1.84  0.97
180   90     0.63  0.81  1.06  1.34  1.67  1.74  1.74  1.47  1.17  0.91  0.68  0.56     1.15  0.67  1.36  1.65  0.92
             59.2  49.0  34.1  18.9   6.3   1.9   3.3  13.4  26.1  41.5  55.2  60.6     31.3  56.3  19.5   6.7  41.2
             4.28  4.30  4.11  4.74  4.88  4.52  4.86  5.25  4.02  3.67  3.73  3.98     4.36  4.17  4.51  4.86  3.74
             3.86  4.13  4.10  4.66  4.58  4.15  4.49  5.07  4.01  3.62  3.47  3.54     4.14  3.85  4.45  4.57  3.70
             1.11  1.04  1.00  1.02  1.07  1.09  1.08  1.04  1.00  1.01  1.07  1.12     1.05  1.09  1.03  1.07  1.03
             1.54  1.32  1.14  1.02  0.94  0.92  0.92  0.98  1.08  1.21  1.43  1.56     1.17  1.47  1.03  0.94  1.24
temperature   6.3   6.6   9.3  14.1  18.0  20.9  24.3  26.2  23.1  18.1  13.3   9.0     15.8   7.3  13.8  23.8  18.2
diffusedrad  1.06  1.38  1.79  2.18  2.47  2.59  2.53  2.28  1.97  1.52  1.14  0.95     1.82  1.13  2.15  2.46  1.54
snow10cm     0.00  0.01  0.00  0.00  0.00  0.00  0.00  0.00  0.00  0.00  0.00  0.00     0.00  0.00  0.00  0.00  0.00
