2 48321   東御            36   23  138   23  958
             2.44  3.66  3.98  4.81  5.19  4.76  4.71  4.83  3.61  3.05  2.49  2.23     3.81  2.77  4.66  4.77  3.05
             2.65  4.61  4.52  5.53  5.96  5.41  6.40  5.59  4.35  3.75  2.86  2.58     4.14  3.12  5.15  5.44  3.28
             2.15  3.01  3.24  4.01  4.47  4.22  3.67  4.02  2.80  2.47  2.15  1.91     3.50  2.50  4.23  4.13  2.77
  0   10     2.90  4.07  4.28  4.97  5.20  4.73  4.70  4.92  3.77  3.37  2.96  2.70     4.05  3.22  4.82  4.78  3.36
  0   20     3.31  4.44  4.50  5.03  5.13  4.62  4.60  4.91  3.87  3.62  3.35  3.13     4.21  3.63  4.89  4.71  3.61
  0   30     3.64  4.73  4.62  4.99  4.94  4.42  4.42  4.80  3.88  3.78  3.67  3.49     4.28  3.95  4.85  4.55  3.78
  0   40     3.88  4.91  4.64  4.83  4.66  4.14  4.16  4.59  3.82  3.86  3.89  3.75     4.26  4.18  4.71  4.29  3.86
  0   50     4.04  4.99  4.56  4.57  4.29  3.79  3.81  4.28  3.67  3.84  4.02  3.93     4.15  4.32  4.47  3.96  3.84
  0   60     4.09  4.96  4.39  4.20  3.84  3.37  3.41  3.88  3.44  3.74  4.04  4.00     3.95  4.35  4.14  3.55  3.74
  0   70     4.05  4.83  4.12  3.76  3.32  2.92  2.96  3.42  3.15  3.55  3.96  3.97     3.67  4.29  3.73  3.10  3.55
  0   80     3.91  4.59  3.77  3.24  2.76  2.44  2.47  2.90  2.80  3.28  3.78  3.84     3.31  4.12  3.26  2.60  3.29
  0   90     3.68  4.26  3.35  2.67  2.18  1.95  1.98  2.34  2.40  2.93  3.51  3.61     2.91  3.85  2.73  2.09  2.95
 15   10     2.89  4.05  4.27  4.96  5.21  4.73  4.70  4.92  3.77  3.36  2.94  2.67     4.04  3.21  4.81  4.78  3.35
 15   20     3.28  4.41  4.47  5.02  5.13  4.62  4.61  4.91  3.86  3.59  3.32  3.09     4.19  3.59  4.88  4.71  3.59
 15   30     3.59  4.68  4.59  4.97  4.95  4.42  4.42  4.80  3.87  3.74  3.62  3.43     4.26  3.90  4.84  4.55  3.74
 15   40     3.83  4.85  4.60  4.82  4.67  4.14  4.16  4.59  3.80  3.81  3.83  3.68     4.23  4.12  4.70  4.30  3.81
 15   50     3.97  4.92  4.52  4.56  4.31  3.80  3.83  4.29  3.65  3.79  3.94  3.84     4.12  4.24  4.46  3.97  3.79
 15   60     4.02  4.88  4.35  4.21  3.87  3.40  3.43  3.90  3.43  3.68  3.96  3.90     3.92  4.26  4.14  3.58  3.69
 15   70     3.97  4.74  4.08  3.78  3.37  2.96  2.99  3.45  3.14  3.48  3.87  3.86     3.64  4.19  3.74  3.13  3.50
 15   80     3.83  4.50  3.73  3.28  2.83  2.48  2.52  2.95  2.79  3.21  3.69  3.73     3.29  4.02  3.28  2.65  3.23
 15   90     3.59  4.17  3.31  2.74  2.27  2.02  2.05  2.42  2.40  2.86  3.41  3.50     2.90  3.75  2.77  2.16  2.89
 30   10     2.84  4.01  4.24  4.94  5.20  4.73  4.70  4.91  3.75  3.32  2.89  2.62     4.01  3.16  4.79  4.78  3.32
 30   20     3.18  4.32  4.42  4.99  5.13  4.62  4.61  4.90  3.82  3.52  3.22  2.98     4.14  3.49  4.85  4.71  3.52
 30   30     3.46  4.54  4.51  4.93  4.96  4.43  4.43  4.79  3.82  3.64  3.48  3.27     4.19  3.75  4.80  4.55  3.65
 30   40     3.65  4.67  4.51  4.78  4.71  4.17  4.18  4.60  3.75  3.69  3.65  3.48     4.15  3.93  4.67  4.32  3.69
 30   50     3.76  4.70  4.41  4.52  4.36  3.84  3.87  4.31  3.60  3.65  3.73  3.60     4.03  4.02  4.43  4.01  3.66
 30   60     3.78  4.64  4.23  4.20  3.96  3.47  3.50  3.96  3.37  3.52  3.72  3.63     3.83  4.01  4.13  3.64  3.54
 30   70     3.71  4.49  3.97  3.79  3.48  3.05  3.08  3.53  3.10  3.32  3.61  3.57     3.56  3.92  3.75  3.22  3.34
 30   80     3.55  4.24  3.63  3.33  3.00  2.62  2.65  3.08  2.76  3.05  3.42  3.42     3.23  3.74  3.32  2.78  3.08
 30   90     3.32  3.92  3.24  2.83  2.50  2.19  2.22  2.59  2.40  2.72  3.14  3.18     2.85  3.47  2.86  2.33  2.75
 45   10     2.76  3.93  4.18  4.91  5.19  4.72  4.69  4.90  3.71  3.26  2.81  2.54     3.97  3.08  4.76  4.77  3.26
 45   20     3.03  4.16  4.33  4.92  5.13  4.62  4.60  4.87  3.76  3.42  3.08  2.81     4.06  3.34  4.79  4.70  3.42
 45   30     3.25  4.33  4.38  4.86  4.97  4.44  4.44  4.77  3.75  3.50  3.28  3.02     4.08  3.53  4.73  4.55  3.51
 45   40     3.38  4.41  4.35  4.69  4.72  4.19  4.20  4.58  3.65  3.51  3.39  3.17     4.02  3.65  4.59  4.32  3.52
 45   50     3.45  4.40  4.25  4.46  4.42  3.90  3.91  4.32  3.50  3.44  3.44  3.24     3.89  3.70  4.37  4.04  3.46
 45   60     3.43  4.31  4.05  4.13  4.03  3.54  3.56  3.98  3.28  3.31  3.40  3.23     3.69  3.66  4.07  3.69  3.33
 45   70     3.34  4.14  3.81  3.77  3.62  3.16  3.18  3.60  3.02  3.11  3.28  3.14     3.43  3.54  3.73  3.31  3.13
 45   80     3.18  3.91  3.49  3.34  3.17  2.76  2.78  3.18  2.71  2.85  3.08  2.98     3.12  3.35  3.33  2.91  2.88
 45   90     2.95  3.60  3.14  2.90  2.71  2.37  2.39  2.74  2.37  2.54  2.82  2.74     2.77  3.10  2.92  2.50  2.58
 60   10     2.66  3.83  4.12  4.86  5.18  4.72  4.69  4.87  3.67  3.19  2.72  2.43     3.91  2.97  4.72  4.76  3.19
 60   20     2.85  3.98  4.20  4.84  5.11  4.62  4.59  4.83  3.69  3.29  2.90  2.61     3.96  3.15  4.72  4.68  3.29
 60   30     2.98  4.06  4.21  4.75  4.95  4.45  4.43  4.72  3.64  3.31  3.03  2.74     3.94  3.26  4.64  4.53  3.32
 60   40     3.05  4.07  4.15  4.58  4.72  4.21  4.20  4.54  3.54  3.29  3.09  2.81     3.85  3.31  4.49  4.32  3.30
 60   50     3.07  4.04  4.02  4.33  4.42  3.92  3.92  4.28  3.37  3.19  3.08  2.81     3.70  3.31  4.26  4.04  3.21
 60   60     3.02  3.92  3.84  4.05  4.09  3.60  3.60  3.97  3.16  3.05  3.02  2.77     3.51  3.24  3.99  3.72  3.08
 60   70     2.91  3.74  3.59  3.69  3.69  3.24  3.25  3.62  2.90  2.85  2.89  2.67     3.25  3.11  3.66  3.37  2.88
 60   80     2.75  3.53  3.31  3.31  3.28  2.86  2.87  3.23  2.62  2.60  2.70  2.50     2.96  2.93  3.30  2.99  2.64
 60   90     2.55  3.25  2.99  2.91  2.87  2.50  2.51  2.84  2.31  2.33  2.46  2.30     2.65  2.70  2.92  2.61  2.37
 75   10     2.55  3.71  4.04  4.81  5.17  4.71  4.68  4.84  3.62  3.11  2.61  2.30     3.85  2.85  4.67  4.74  3.11
 75   20     2.64  3.76  4.04  4.75  5.07  4.61  4.57  4.78  3.60  3.13  2.69  2.38     3.83  2.93  4.62  4.65  3.14
 75   30     2.68  3.75  4.00  4.61  4.91  4.43  4.41  4.64  3.51  3.10  2.73  2.41     3.77  2.95  4.51  4.49  3.12
 75   40     2.69  3.72  3.90  4.42  4.69  4.20  4.18  4.45  3.38  3.02  2.73  2.42     3.65  2.94  4.34  4.28  3.04
 75   50     2.65  3.61  3.75  4.18  4.40  3.92  3.91  4.20  3.21  2.91  2.69  2.37     3.48  2.88  4.11  4.01  2.94
 75   60     2.58  3.49  3.56  3.88  4.07  3.61  3.60  3.90  2.99  2.74  2.59  2.29     3.27  2.79  3.84  3.70  2.77
 75   70     2.47  3.31  3.33  3.56  3.72  3.28  3.27  3.58  2.76  2.56  2.47  2.19     3.04  2.65  3.54  3.37  2.59
 75   80     2.32  3.12  3.08  3.21  3.33  2.92  2.92  3.22  2.48  2.33  2.29  2.03     2.77  2.49  3.21  3.02  2.37
 75   90     2.15  2.89  2.79  2.84  2.94  2.56  2.57  2.85  2.21  2.09  2.09  1.85     2.49  2.30  2.86  2.66  2.13
 90   10     2.43  3.59  3.96  4.75  5.14  4.71  4.67  4.80  3.57  3.02  2.48  2.17     3.77  2.73  4.62  4.73  3.02
 90   20     2.40  3.52  3.88  4.63  5.03  4.59  4.55  4.71  3.49  2.95  2.47  2.13     3.70  2.69  4.51  4.61  2.97
 90   30     2.36  3.44  3.77  4.46  4.85  4.41  4.37  4.54  3.37  2.86  2.42  2.08     3.58  2.63  4.36  4.44  2.88
 90   40     2.31  3.31  3.63  4.22  4.61  4.17  4.14  4.32  3.20  2.74  2.36  2.00     3.42  2.54  4.15  4.21  2.77
 90   50     2.23  3.19  3.45  3.97  4.32  3.90  3.87  4.07  3.01  2.59  2.27  1.93     3.23  2.45  3.92  3.94  2.62
 90   60     2.13  3.04  3.25  3.68  4.00  3.58  3.56  3.78  2.80  2.43  2.16  1.82     3.02  2.33  3.64  3.64  2.46
 90   70     2.03  2.88  3.03  3.36  3.65  3.26  3.23  3.45  2.56  2.23  2.03  1.72     2.79  2.21  3.35  3.31  2.27
 90   80     1.89  2.69  2.79  3.04  3.30  2.93  2.91  3.13  2.32  2.04  1.88  1.58     2.54  2.06  3.04  2.99  2.08
 90   90     1.76  2.52  2.56  2.71  2.93  2.59  2.58  2.79  2.07  1.82  1.70  1.44     2.29  1.91  2.73  2.65  1.86
105   10     2.31  3.46  3.87  4.69  5.12  4.70  4.65  4.76  3.51  2.93  2.36  2.04     3.70  2.60  4.56  4.71  2.93
105   20     2.17  3.29  3.71  4.51  4.98  4.57  4.52  4.62  3.38  2.78  2.23  1.89     3.55  2.45  4.40  4.57  2.80
105   30     2.04  3.11  3.52  4.28  4.76  4.37  4.32  4.42  3.21  2.61  2.10  1.74     3.37  2.30  4.19  4.37  2.64
105   40     1.92  2.93  3.32  4.00  4.50  4.12  4.07  4.16  3.01  2.44  1.98  1.62     3.17  2.16  3.94  4.12  2.48
105   50     1.82  2.76  3.12  3.71  4.19  3.83  3.78  3.88  2.79  2.27  1.85  1.51     2.96  2.03  3.67  3.83  2.30
105   60     1.71  2.60  2.91  3.41  3.86  3.51  3.47  3.59  2.57  2.09  1.73  1.40     2.74  1.90  3.39  3.52  2.13
105   70     1.62  2.45  2.69  3.11  3.51  3.18  3.15  3.28  2.35  1.91  1.60  1.29     2.51  1.79  3.10  3.20  1.95
105   80     1.50  2.30  2.49  2.80  3.17  2.86  2.82  2.95  2.12  1.74  1.49  1.19     2.29  1.67  2.82  2.88  1.78
105   90     1.41  2.17  2.27  2.50  2.84  2.54  2.51  2.65  1.89  1.56  1.35  1.08     2.06  1.55  2.54  2.57  1.60
120   10     2.19  3.35  3.78  4.63  5.10  4.69  4.64  4.72  3.46  2.84  2.24  1.92     3.63  2.49  4.50  4.69  2.85
120   20     1.95  3.06  3.54  4.39  4.92  4.55  4.49  4.53  3.27  2.61  2.00  1.66     3.42  2.22  4.28  4.53  2.63
120   30     1.74  2.78  3.27  4.09  4.67  4.33  4.26  4.28  3.05  2.37  1.78  1.44     3.17  1.99  4.01  4.29  2.40
120   40     1.57  2.54  3.01  3.76  4.35  4.05  3.98  3.98  2.81  2.14  1.60  1.27     2.92  1.79  3.71  4.00  2.18
120   50     1.44  2.35  2.76  3.42  4.01  3.73  3.67  3.66  2.56  1.94  1.46  1.13     2.68  1.64  3.40  3.68  1.99
120   60     1.34  2.19  2.55  3.09  3.65  3.40  3.34  3.34  2.33  1.76  1.34  1.03     2.44  1.52  3.10  3.36  1.81
120   70     1.26  2.05  2.35  2.79  3.31  3.06  3.01  3.02  2.10  1.60  1.22  0.95     2.23  1.42  2.82  3.03  1.64
120   80     1.18  1.95  2.17  2.51  2.96  2.73  2.69  2.73  1.90  1.44  1.13  0.88     2.02  1.34  2.55  2.72  1.49
120   90     1.13  1.86  2.00  2.25  2.65  2.43  2.38  2.44  1.70  1.31  1.04  0.82     1.83  1.27  2.30  2.42  1.35
135   10     2.09  3.24  3.71  4.58  5.08  4.69  4.63  4.69  3.41  2.77  2.14  1.82     3.57  2.38  4.45  4.67  2.77
135   20     1.75  2.85  3.38  4.28  4.87  4.53  4.46  4.46  3.17  2.46  1.79  1.46     3.29  2.02  4.17  4.48  2.47
135   30     1.46  2.49  3.04  3.91  4.57  4.29  4.21  4.15  2.89  2.15  1.49  1.16     2.98  1.70  3.84  4.22  2.18
135   40     1.25  2.19  2.71  3.51  4.20  3.98  3.89  3.79  2.60  1.86  1.26  0.95     2.68  1.47  3.47  3.89  1.91
135   50     1.13  1.97  2.42  3.11  3.79  3.62  3.53  3.41  2.32  1.63  1.11  0.84     2.41  1.31  3.11  3.52  1.69
135   60     1.05  1.83  2.19  2.76  3.40  3.25  3.16  3.04  2.07  1.45  1.00  0.76     2.16  1.21  2.78  3.15  1.51
135   70     1.00  1.73  2.01  2.45  3.03  2.89  2.82  2.71  1.86  1.31  0.92  0.72     1.95  1.15  2.50  2.81  1.36
135   80     0.97  1.67  1.85  2.18  2.70  2.57  2.50  2.43  1.67  1.19  0.86  0.68     1.77  1.11  2.25  2.50  1.24
135   90     0.94  1.62  1.74  1.96  2.41  2.27  2.22  2.18  1.50  1.09  0.80  0.66     1.62  1.08  2.04  2.22  1.13
150   10     2.00  3.17  3.64  4.54  5.06  4.68  4.62  4.66  3.38  2.71  2.05  1.73     3.52  2.30  4.41  4.66  2.71
150   20     1.58  2.69  3.26  4.20  4.83  4.52  4.45  4.40  3.09  2.33  1.62  1.29     3.19  1.85  4.09  4.45  2.35
150   30     1.22  2.23  2.84  3.77  4.50  4.27  4.18  4.04  2.77  1.95  1.24  0.92     2.83  1.46  3.70  4.16  1.98
150   40     1.00  1.87  2.42  3.29  4.08  3.94  3.83  3.62  2.41  1.60  0.96  0.72     2.48  1.20  3.27  3.80  1.66
150   50     0.92  1.66  2.09  2.81  3.60  3.53  3.42  3.16  2.08  1.35  0.83  0.67     2.18  1.08  2.83  3.37  1.42
150   60     0.90  1.56  1.85  2.40  3.11  3.09  2.98  2.73  1.81  1.19  0.78  0.66     1.92  1.04  2.45  2.93  1.26
150   70     0.88  1.52  1.71  2.09  2.70  2.68  2.59  2.38  1.62  1.09  0.74  0.65     1.72  1.02  2.16  2.55  1.15
150   80     0.87  1.50  1.60  1.86  2.37  2.35  2.27  2.12  1.46  1.01  0.71  0.63     1.56  1.00  1.94  2.25  1.06
150   90     0.85  1.50  1.53  1.69  2.11  2.08  2.01  1.91  1.33  0.95  0.68  0.62     1.44  0.99  1.78  2.00  0.98
165   10     1.95  3.12  3.61  4.52  5.05  4.68  4.62  4.65  3.35  2.67  2.00  1.68     3.49  2.25  4.39  4.65  2.67
165   20     1.46  2.58  3.17  4.15  4.81  4.51  4.43  4.36  3.04  2.25  1.50  1.16     3.12  1.73  4.04  4.44  2.26
165   30     1.04  2.04  2.69  3.69  4.46  4.26  4.16  3.98  2.68  1.80  1.03  0.75     2.72  1.28  3.62  4.13  1.84
165   40     0.91  1.60  2.20  3.16  4.03  3.92  3.81  3.53  2.28  1.38  0.78  0.68     2.36  1.06  3.13  3.75  1.48
165   50     0.90  1.46  1.78  2.58  3.52  3.51  3.39  3.01  1.87  1.12  0.76  0.67     2.05  1.01  2.63  3.31  1.25
165   60     0.89  1.47  1.57  2.04  2.94  3.05  2.92  2.44  1.57  1.03  0.74  0.66     1.78  1.00  2.19  2.80  1.11
165   70     0.88  1.47  1.49  1.74  2.37  2.54  2.40  2.03  1.42  0.98  0.71  0.65     1.55  1.00  1.87  2.32  1.04
165   80     0.87  1.47  1.45  1.57  2.05  2.13  2.04  1.80  1.31  0.93  0.69  0.63     1.41  0.99  1.69  1.99  0.97
165   90     0.85  1.47  1.40  1.46  1.84  1.89  1.82  1.65  1.21  0.89  0.66  0.62     1.31  0.98  1.57  1.79  0.92
180   10     1.92  3.10  3.59  4.52  5.04  4.67  4.62  4.64  3.34  2.66  1.98  1.66     3.48  2.23  4.38  4.64  2.66
180   20     1.42  2.54  3.14  4.15  4.79  4.51  4.43  4.35  3.02  2.21  1.45  1.12     3.09  1.69  4.03  4.43  2.23
180   30     0.98  1.96  2.64  3.68  4.44  4.25  4.16  3.96  2.65  1.74  0.96  0.70     2.68  1.21  3.59  4.12  1.79
180   40     0.91  1.48  2.10  3.15  4.00  3.91  3.80  3.50  2.23  1.26  0.78  0.68     2.32  1.02  3.08  3.74  1.43
180   50     0.90  1.46  1.55  2.56  3.48  3.50  3.38  2.98  1.78  1.06  0.76  0.67     2.01  1.01  2.53  3.29  1.20
180   60     0.89  1.47  1.47  1.93  2.91  3.03  2.90  2.40  1.40  1.02  0.74  0.66     1.74  1.00  2.10  2.78  1.05
180   70     0.88  1.47  1.44  1.56  2.29  2.52  2.38  1.85  1.32  0.98  0.71  0.65     1.50  1.00  1.76  2.25  1.00
180   80     0.87  1.47  1.41  1.45  1.88  2.04  1.94  1.65  1.24  0.93  0.69  0.63     1.35  0.99  1.58  1.88  0.95
180   90     0.85  1.47  1.37  1.38  1.70  1.80  1.73  1.53  1.16  0.89  0.66  0.62     1.26  0.98  1.48  1.69  0.90
             60.8  52.5  37.2  20.4   7.3   2.7   4.5  14.1  26.9  43.5  57.3  62.2     32.9  58.4  21.3   7.0  43.7
             4.09  4.99  4.64  5.03  5.21  4.75  4.72  4.93  3.89  3.86  4.05  4.01     4.51  4.35  4.89  4.79  3.86
             3.72  4.79  4.63  4.95  4.87  4.34  4.35  4.75  3.87  3.81  3.74  3.57     4.28  4.03  4.82  4.48  3.81
             1.10  1.04  1.00  1.02  1.07  1.09  1.09  1.04  1.01  1.01  1.08  1.12     1.06  1.09  1.03  1.07  1.03
             1.52  1.31  1.16  1.03  0.94  0.91  0.92  0.98  1.07  1.25  1.50  1.60     1.18  1.48  1.04  0.94  1.27
temperature  -2.7  -2.3   1.5   8.1  13.2  16.9  20.6  21.6  17.3  10.9   5.5   0.3      9.2  -1.6   7.6  19.7  11.2
diffusedrad  1.22  2.00  2.04  2.21  2.49  2.69  2.60  2.35  1.97  1.49  1.10  0.97     1.93  1.40  2.24  2.55  1.52
snow10cm     0.24  0.41  0.20  0.02  0.00  0.00  0.00  0.00  0.00  0.00  0.00  0.09     0.08  0.25  0.07  0.00  0.00
