2 48717   南木曽          35 36.6  137 37.2  560
             2.11  2.97  3.48  4.33  4.71  4.45  4.48  4.66  3.56  2.90  2.24  1.93     3.48  2.33  4.18  4.53  2.90
             2.51  3.50  3.99  5.09  5.21  5.15  5.91  5.64  4.09  3.37  2.67  2.22     3.83  2.60  4.47  5.25  3.20
             1.54  1.94  2.90  3.28  4.28  3.70  3.52  3.75  2.98  2.45  1.50  1.43     3.14  1.83  3.75  3.98  2.35
  0   10     2.44  3.27  3.72  4.45  4.72  4.41  4.46  4.74  3.71  3.16  2.57  2.28     3.66  2.66  4.30  4.54  3.15
  0   20     2.71  3.54  3.88  4.49  4.65  4.31  4.37  4.72  3.79  3.37  2.85  2.59     3.77  2.95  4.34  4.46  3.34
  0   30     2.93  3.73  3.95  4.43  4.49  4.12  4.20  4.61  3.79  3.49  3.06  2.84     3.80  3.17  4.29  4.31  3.45
  0   40     3.09  3.84  3.94  4.28  4.23  3.87  3.94  4.40  3.72  3.54  3.20  3.02     3.75  3.32  4.15  4.07  3.49
  0   50     3.17  3.87  3.84  4.04  3.90  3.54  3.62  4.09  3.57  3.51  3.27  3.13     3.63  3.39  3.93  3.75  3.45
  0   60     3.18  3.80  3.66  3.72  3.50  3.16  3.24  3.71  3.35  3.40  3.25  3.16     3.43  3.38  3.63  3.37  3.33
  0   70     3.12  3.66  3.40  3.32  3.05  2.75  2.82  3.27  3.06  3.21  3.16  3.12     3.16  3.30  3.26  2.94  3.14
  0   80     2.99  3.43  3.08  2.87  2.55  2.30  2.36  2.78  2.71  2.96  3.00  3.00     2.84  3.14  2.83  2.48  2.89
  0   90     2.79  3.14  2.69  2.38  2.05  1.86  1.91  2.25  2.32  2.64  2.76  2.81     2.47  2.91  2.37  2.01  2.58
 15   10     2.42  3.26  3.71  4.44  4.72  4.41  4.46  4.74  3.70  3.15  2.56  2.27     3.65  2.65  4.29  4.54  3.14
 15   20     2.69  3.51  3.86  4.48  4.65  4.31  4.37  4.72  3.78  3.34  2.82  2.57     3.76  2.93  4.33  4.47  3.31
 15   30     2.90  3.69  3.92  4.42  4.49  4.13  4.20  4.61  3.78  3.46  3.02  2.81     3.79  3.14  4.28  4.31  3.42
 15   40     3.05  3.79  3.91  4.26  4.23  3.87  3.94  4.40  3.70  3.50  3.15  2.99     3.73  3.27  4.13  4.07  3.45
 15   50     3.12  3.81  3.81  4.03  3.92  3.56  3.63  4.11  3.55  3.46  3.21  3.09     3.61  3.34  3.92  3.77  3.41
 15   60     3.13  3.74  3.63  3.72  3.52  3.18  3.26  3.74  3.33  3.34  3.19  3.12     3.41  3.33  3.62  3.39  3.29
 15   70     3.06  3.59  3.37  3.33  3.08  2.78  2.85  3.30  3.04  3.15  3.09  3.07     3.14  3.24  3.26  2.98  3.10
 15   80     2.92  3.36  3.04  2.90  2.61  2.35  2.41  2.83  2.70  2.90  2.92  2.95     2.82  3.08  2.85  2.53  2.84
 15   90     2.72  3.06  2.66  2.42  2.12  1.92  1.97  2.32  2.32  2.58  2.69  2.75     2.46  2.85  2.40  2.07  2.53
 30   10     2.39  3.22  3.68  4.42  4.72  4.41  4.46  4.73  3.69  3.12  2.52  2.24     3.63  2.62  4.28  4.53  3.11
 30   20     2.62  3.44  3.81  4.45  4.65  4.31  4.37  4.71  3.75  3.28  2.75  2.50     3.72  2.86  4.30  4.46  3.26
 30   30     2.80  3.59  3.86  4.38  4.49  4.13  4.20  4.60  3.74  3.38  2.92  2.71     3.73  3.03  4.25  4.31  3.34
 30   40     2.92  3.65  3.83  4.23  4.26  3.90  3.97  4.41  3.65  3.40  3.02  2.86     3.67  3.14  4.11  4.09  3.36
 30   50     2.97  3.64  3.71  4.00  3.95  3.59  3.67  4.12  3.50  3.34  3.05  2.94     3.54  3.18  3.89  3.79  3.30
 30   60     2.95  3.56  3.53  3.70  3.59  3.24  3.31  3.78  3.28  3.21  3.01  2.95     3.34  3.15  3.61  3.45  3.17
 30   70     2.87  3.40  3.28  3.34  3.17  2.86  2.93  3.37  3.00  3.02  2.90  2.88     3.09  3.05  3.26  3.05  2.97
 30   80     2.73  3.17  2.96  2.93  2.74  2.46  2.52  2.94  2.67  2.76  2.73  2.75     2.78  2.88  2.88  2.64  2.72
 30   90     2.52  2.87  2.60  2.49  2.30  2.07  2.12  2.48  2.32  2.46  2.49  2.56     2.44  2.65  2.46  2.22  2.42
 45   10     2.33  3.16  3.64  4.40  4.71  4.41  4.46  4.72  3.65  3.07  2.46  2.18     3.60  2.56  4.25  4.53  3.06
 45   20     2.51  3.33  3.74  4.40  4.64  4.31  4.36  4.68  3.69  3.20  2.65  2.39     3.66  2.74  4.26  4.45  3.18
 45   30     2.65  3.43  3.75  4.32  4.50  4.14  4.21  4.58  3.67  3.25  2.77  2.55     3.65  2.87  4.19  4.31  3.23
 45   40     2.72  3.46  3.70  4.16  4.27  3.91  3.98  4.38  3.56  3.24  2.83  2.65     3.57  2.95  4.04  4.09  3.21
 45   50     2.74  3.42  3.58  3.94  3.99  3.63  3.70  4.13  3.41  3.17  2.83  2.70     3.44  2.95  3.84  3.82  3.14
 45   60     2.70  3.31  3.39  3.65  3.64  3.30  3.37  3.80  3.19  3.03  2.77  2.68     3.24  2.90  3.56  3.49  3.00
 45   70     2.60  3.14  3.15  3.32  3.27  2.94  3.01  3.43  2.93  2.83  2.65  2.60     2.99  2.78  3.24  3.13  2.80
 45   80     2.45  2.91  2.85  2.94  2.87  2.58  2.64  3.03  2.62  2.59  2.47  2.46     2.70  2.61  2.88  2.75  2.56
 45   90     2.25  2.63  2.52  2.54  2.46  2.22  2.27  2.61  2.30  2.30  2.25  2.26     2.38  2.38  2.51  2.37  2.28
 60   10     2.26  3.09  3.59  4.36  4.71  4.41  4.45  4.69  3.62  3.01  2.40  2.11     3.56  2.48  4.22  4.52  3.01
 60   20     2.38  3.19  3.63  4.34  4.63  4.31  4.35  4.65  3.62  3.08  2.51  2.25     3.58  2.61  4.20  4.44  3.07
 60   30     2.46  3.23  3.62  4.23  4.48  4.15  4.20  4.53  3.56  3.09  2.58  2.35     3.54  2.68  4.11  4.29  3.08
 60   40     2.48  3.21  3.54  4.08  4.26  3.92  3.98  4.34  3.46  3.05  2.60  2.40     3.44  2.70  3.96  4.08  3.04
 60   50     2.47  3.14  3.40  3.84  3.99  3.65  3.71  4.09  3.28  2.95  2.57  2.40     3.29  2.67  3.74  3.82  2.93
 60   60     2.40  3.02  3.21  3.57  3.68  3.35  3.40  3.79  3.08  2.81  2.49  2.36     3.10  2.59  3.49  3.52  2.79
 60   70     2.29  2.84  2.97  3.25  3.32  3.02  3.07  3.45  2.81  2.61  2.36  2.27     2.86  2.46  3.18  3.18  2.60
 60   80     2.14  2.63  2.70  2.91  2.95  2.67  2.72  3.07  2.54  2.38  2.19  2.12     2.58  2.30  2.85  2.82  2.37
 60   90     1.96  2.37  2.40  2.55  2.58  2.33  2.37  2.70  2.24  2.12  1.98  1.95     2.30  2.10  2.51  2.46  2.11
 75   10     2.18  3.00  3.53  4.32  4.69  4.40  4.44  4.67  3.57  2.94  2.31  2.02     3.51  2.40  4.18  4.50  2.94
 75   20     2.23  3.02  3.51  4.26  4.60  4.30  4.34  4.60  3.54  2.95  2.36  2.09     3.48  2.44  4.12  4.41  2.95
 75   30     2.24  3.00  3.46  4.13  4.44  4.14  4.18  4.46  3.45  2.91  2.37  2.11     3.41  2.45  4.01  4.26  2.91
 75   40     2.22  2.94  3.34  3.95  4.23  3.92  3.96  4.26  3.31  2.82  2.34  2.12     3.29  2.42  3.84  4.05  2.83
 75   50     2.16  2.83  3.19  3.72  3.97  3.66  3.70  4.02  3.14  2.71  2.28  2.08     3.12  2.36  3.63  3.79  2.71
 75   60     2.08  2.69  2.99  3.44  3.66  3.36  3.40  3.73  2.92  2.54  2.17  2.01     2.92  2.26  3.37  3.50  2.54
 75   70     1.96  2.52  2.76  3.15  3.34  3.05  3.09  3.41  2.68  2.36  2.05  1.92     2.69  2.13  3.08  3.18  2.37
 75   80     1.83  2.32  2.51  2.83  2.99  2.72  2.76  3.07  2.42  2.14  1.89  1.78     2.44  1.98  2.78  2.85  2.15
 75   90     1.67  2.10  2.24  2.50  2.63  2.39  2.43  2.71  2.15  1.92  1.71  1.63     2.17  1.80  2.46  2.51  1.93
 90   10     2.09  2.90  3.46  4.27  4.67  4.40  4.43  4.63  3.52  2.87  2.23  1.92     3.45  2.31  4.13  4.49  2.87
 90   20     2.06  2.85  3.38  4.17  4.56  4.29  4.32  4.53  3.44  2.80  2.20  1.90     3.38  2.27  4.04  4.38  2.81
 90   30     2.01  2.76  3.27  4.00  4.39  4.12  4.14  4.37  3.32  2.71  2.14  1.87     3.26  2.21  3.89  4.21  2.72
 90   40     1.94  2.64  3.12  3.79  4.17  3.89  3.92  4.15  3.15  2.59  2.06  1.82     3.10  2.13  3.69  3.99  2.60
 90   50     1.86  2.51  2.94  3.55  3.90  3.63  3.66  3.90  2.96  2.44  1.97  1.75     2.92  2.04  3.47  3.73  2.45
 90   60     1.76  2.35  2.74  3.29  3.60  3.34  3.37  3.62  2.75  2.28  1.86  1.66     2.72  1.92  3.21  3.44  2.29
 90   70     1.65  2.19  2.53  2.99  3.28  3.03  3.06  3.30  2.50  2.09  1.73  1.57     2.49  1.80  2.93  3.13  2.11
 90   80     1.52  2.01  2.29  2.69  2.96  2.72  2.75  2.98  2.27  1.90  1.59  1.45     2.26  1.66  2.65  2.82  1.92
 90   90     1.39  1.83  2.06  2.39  2.62  2.41  2.43  2.66  2.02  1.69  1.43  1.33     2.02  1.52  2.36  2.50  1.71
105   10     2.01  2.81  3.39  4.23  4.65  4.39  4.42  4.60  3.47  2.79  2.14  1.83     3.39  2.22  4.09  4.47  2.80
105   20     1.89  2.67  3.25  4.07  4.52  4.27  4.29  4.46  3.34  2.66  2.02  1.72     3.26  2.09  3.95  4.34  2.67
105   30     1.78  2.51  3.07  3.86  4.33  4.09  4.11  4.26  3.17  2.50  1.91  1.62     3.10  1.97  3.75  4.15  2.52
105   40     1.67  2.35  2.88  3.62  4.08  3.85  3.87  4.01  2.97  2.34  1.79  1.53     2.91  1.85  3.53  3.91  2.37
105   50     1.56  2.18  2.68  3.35  3.80  3.58  3.59  3.74  2.76  2.17  1.66  1.43     2.71  1.73  3.27  3.64  2.19
105   60     1.45  2.02  2.47  3.08  3.49  3.28  3.30  3.45  2.53  1.99  1.55  1.34     2.50  1.60  3.01  3.34  2.02
105   70     1.36  1.87  2.25  2.79  3.17  2.97  2.99  3.14  2.31  1.82  1.42  1.25     2.28  1.49  2.74  3.03  1.85
105   80     1.24  1.71  2.05  2.50  2.85  2.67  2.67  2.83  2.08  1.65  1.30  1.15     2.06  1.37  2.47  2.72  1.68
105   90     1.15  1.57  1.83  2.23  2.55  2.37  2.38  2.53  1.86  1.47  1.17  1.05     1.85  1.25  2.20  2.42  1.50
120   10     1.92  2.73  3.32  4.18  4.63  4.39  4.41  4.56  3.42  2.72  2.05  1.74     3.34  2.13  4.04  4.45  2.73
120   20     1.74  2.49  3.11  3.98  4.48  4.25  4.27  4.38  3.24  2.52  1.86  1.55     3.16  1.93  3.86  4.30  2.54
120   30     1.56  2.26  2.88  3.72  4.25  4.05  4.06  4.14  3.02  2.30  1.68  1.39     2.94  1.74  3.62  4.08  2.33
120   40     1.42  2.05  2.63  3.43  3.97  3.79  3.79  3.85  2.79  2.08  1.52  1.25     2.71  1.57  3.34  3.81  2.13
120   50     1.29  1.87  2.40  3.12  3.66  3.50  3.49  3.54  2.54  1.89  1.38  1.14     2.48  1.43  3.06  3.51  1.94
120   60     1.19  1.71  2.19  2.82  3.33  3.18  3.18  3.22  2.31  1.71  1.26  1.05     2.26  1.32  2.78  3.20  1.76
120   70     1.11  1.57  1.99  2.55  3.01  2.87  2.87  2.92  2.08  1.55  1.15  0.98     2.05  1.22  2.51  2.88  1.59
120   80     1.02  1.45  1.79  2.28  2.69  2.56  2.56  2.63  1.88  1.40  1.06  0.90     1.85  1.12  2.26  2.58  1.44
120   90     0.95  1.33  1.62  2.03  2.40  2.27  2.26  2.34  1.68  1.26  0.96  0.83     1.66  1.04  2.02  2.29  1.30
135   10     1.85  2.65  3.26  4.14  4.62  4.38  4.40  4.53  3.38  2.66  1.98  1.66     3.29  2.05  4.01  4.44  2.67
135   20     1.59  2.34  2.99  3.89  4.44  4.24  4.25  4.32  3.15  2.38  1.71  1.40     3.06  1.78  3.77  4.27  2.42
135   30     1.36  2.04  2.69  3.58  4.18  4.02  4.02  4.03  2.88  2.11  1.47  1.17     2.80  1.52  3.48  4.02  2.15
135   40     1.19  1.78  2.40  3.24  3.85  3.74  3.72  3.68  2.60  1.85  1.27  1.01     2.53  1.33  3.16  3.71  1.91
135   50     1.07  1.59  2.13  2.88  3.49  3.41  3.38  3.32  2.32  1.63  1.13  0.90     2.27  1.19  2.84  3.37  1.69
135   60     0.99  1.44  1.90  2.56  3.13  3.06  3.03  2.96  2.07  1.46  1.03  0.83     2.04  1.09  2.53  3.02  1.52
135   70     0.93  1.32  1.71  2.28  2.79  2.72  2.70  2.64  1.86  1.31  0.94  0.78     1.83  1.01  2.26  2.69  1.37
135   80     0.87  1.23  1.54  2.03  2.48  2.42  2.40  2.36  1.67  1.19  0.87  0.73     1.65  0.94  2.02  2.39  1.24
135   90     0.82  1.15  1.41  1.81  2.21  2.14  2.12  2.11  1.50  1.09  0.80  0.69     1.49  0.89  1.81  2.13  1.13
150   10     1.79  2.59  3.21  4.11  4.61  4.38  4.39  4.51  3.35  2.61  1.92  1.59     3.25  1.99  3.98  4.43  2.62
150   20     1.47  2.22  2.89  3.83  4.41  4.23  4.23  4.26  3.08  2.28  1.59  1.26     2.98  1.65  3.71  4.24  2.32
150   30     1.19  1.85  2.54  3.47  4.13  4.00  3.99  3.93  2.77  1.94  1.29  0.98     2.67  1.34  3.38  3.98  2.00
150   40     1.00  1.55  2.18  3.07  3.77  3.70  3.67  3.54  2.43  1.63  1.06  0.81     2.37  1.12  3.00  3.64  1.71
150   50     0.92  1.34  1.87  2.66  3.35  3.34  3.29  3.10  2.11  1.39  0.94  0.75     2.09  1.00  2.62  3.24  1.48
150   60     0.88  1.23  1.63  2.28  2.91  2.93  2.88  2.69  1.84  1.23  0.87  0.72     1.84  0.94  2.28  2.83  1.31
150   70     0.84  1.16  1.47  2.00  2.54  2.55  2.50  2.34  1.64  1.13  0.82  0.69     1.64  0.90  2.00  2.47  1.20
150   80     0.81  1.10  1.35  1.77  2.23  2.24  2.20  2.08  1.48  1.04  0.77  0.66     1.48  0.86  1.78  2.17  1.10
150   90     0.77  1.06  1.25  1.60  1.98  1.98  1.94  1.87  1.34  0.97  0.72  0.62     1.34  0.82  1.61  1.93  1.01
165   10     1.75  2.56  3.19  4.10  4.60  4.37  4.39  4.49  3.33  2.58  1.88  1.54     3.23  1.95  3.96  4.42  2.59
165   20     1.39  2.14  2.83  3.79  4.39  4.23  4.22  4.23  3.04  2.21  1.50  1.17     2.93  1.57  3.67  4.23  2.25
165   30     1.06  1.71  2.43  3.41  4.10  4.00  3.98  3.88  2.69  1.83  1.14  0.85     2.59  1.21  3.31  3.95  1.89
165   40     0.93  1.35  2.00  2.97  3.73  3.69  3.65  3.46  2.31  1.45  0.92  0.77     2.27  1.01  2.90  3.60  1.56
165   50     0.90  1.19  1.63  2.48  3.29  3.32  3.27  2.97  1.92  1.19  0.88  0.75     1.98  0.95  2.47  3.19  1.33
165   60     0.87  1.15  1.41  2.02  2.79  2.90  2.83  2.44  1.62  1.10  0.84  0.72     1.72  0.92  2.07  2.72  1.19
165   70     0.84  1.12  1.30  1.73  2.28  2.44  2.35  2.03  1.45  1.04  0.80  0.69     1.50  0.88  1.77  2.27  1.10
165   80     0.81  1.08  1.23  1.55  1.98  2.05  2.00  1.80  1.34  0.98  0.76  0.66     1.35  0.85  1.58  1.95  1.02
165   90     0.77  1.04  1.15  1.43  1.77  1.82  1.77  1.64  1.24  0.92  0.71  0.62     1.24  0.81  1.45  1.74  0.96
180   10     1.74  2.54  3.18  4.10  4.59  4.37  4.39  4.49  3.32  2.56  1.86  1.53     3.22  1.94  3.96  4.42  2.58
180   20     1.36  2.11  2.81  3.79  4.38  4.22  4.22  4.22  3.02  2.19  1.47  1.14     2.91  1.53  3.66  4.22  2.23
180   30     1.02  1.65  2.39  3.41  4.09  3.99  3.97  3.87  2.67  1.78  1.09  0.81     2.56  1.16  3.29  3.94  1.85
180   40     0.93  1.24  1.93  2.96  3.71  3.69  3.65  3.44  2.27  1.35  0.92  0.77     2.24  0.98  2.87  3.59  1.51
180   50     0.90  1.19  1.45  2.47  3.27  3.32  3.26  2.95  1.85  1.14  0.88  0.75     1.95  0.95  2.40  3.17  1.29
180   60     0.87  1.15  1.32  1.94  2.77  2.89  2.82  2.41  1.45  1.09  0.84  0.72     1.69  0.92  2.01  2.71  1.13
180   70     0.84  1.12  1.26  1.58  2.23  2.43  2.34  1.87  1.36  1.03  0.80  0.69     1.46  0.88  1.69  2.21  1.07
180   80     0.81  1.08  1.20  1.46  1.85  1.98  1.91  1.66  1.28  0.98  0.76  0.66     1.30  0.85  1.50  1.85  1.00
180   90     0.77  1.04  1.13  1.36  1.67  1.74  1.70  1.53  1.19  0.92  0.71  0.62     1.20  0.81  1.39  1.66  0.94
             56.5  47.9  33.6  18.7   6.7   2.4   4.0  12.5  25.6  41.1  53.4  59.3     29.1  54.3  19.3   6.6  39.9
             3.19  3.87  3.96  4.49  4.73  4.44  4.48  4.74  3.80  3.54  3.27  3.16     3.97  3.40  4.34  4.54  3.49
             2.92  3.72  3.95  4.44  4.50  4.14  4.21  4.62  3.80  3.48  3.04  2.82     3.80  3.15  4.30  4.33  3.44
             1.09  1.04  1.00  1.01  1.05  1.07  1.06  1.03  1.00  1.02  1.08  1.12     1.05  1.08  1.02  1.05  1.03
             1.38  1.25  1.14  1.03  0.96  0.93  0.94  0.99  1.07  1.20  1.36  1.46     1.14  1.37  1.04  0.95  1.21
temperature  -0.7   0.2   4.2  10.3  15.0  18.8  22.2  23.3  19.6  13.2   7.3   1.9     11.3   0.5   9.8  21.4  13.4
diffusedrad  1.19  1.62  1.88  2.24  2.52  2.64  2.59  2.38  2.03  1.55  1.20  1.01     1.91  1.28  2.21  2.54  1.59
snow10cm     0.14  0.15  0.03  0.00  0.00  0.00  0.00  0.00  0.00  0.00  0.00  0.05     0.03  0.11  0.01  0.00  0.00
