2 48841   南信濃          35 19.3  137 55.9  407
             2.31  3.08  3.69  4.56  4.99  4.77  4.91  5.03  3.83  3.08  2.38  2.13     3.73  2.51  4.42  4.90  3.10
             2.66  3.56  4.05  5.25  5.69  5.45  6.04  5.95  4.69  3.55  2.83  2.46     4.00  2.81  4.70  5.52  3.38
             1.89  2.39  2.84  3.64  4.38  4.03  3.66  4.17  3.14  2.70  1.89  1.66     3.35  2.17  3.92  4.31  2.59
  0   10     2.75  3.44  3.97  4.70  5.00  4.72  4.88  5.12  4.01  3.38  2.77  2.58     3.94  2.92  4.55  4.91  3.39
  0   20     3.12  3.76  4.16  4.74  4.92  4.60  4.77  5.09  4.11  3.61  3.10  2.98     4.08  3.29  4.60  4.82  3.61
  0   30     3.42  3.98  4.25  4.68  4.73  4.39  4.57  4.97  4.13  3.76  3.36  3.30     4.13  3.57  4.55  4.65  3.75
  0   40     3.64  4.12  4.24  4.52  4.46  4.11  4.28  4.74  4.05  3.82  3.54  3.54     4.09  3.77  4.41  4.38  3.80
  0   50     3.76  4.16  4.14  4.26  4.09  3.74  3.90  4.40  3.89  3.80  3.63  3.69     3.96  3.87  4.17  4.02  3.77
  0   60     3.79  4.09  3.95  3.91  3.66  3.32  3.47  3.98  3.65  3.69  3.63  3.75     3.74  3.88  3.84  3.59  3.65
  0   70     3.73  3.94  3.67  3.49  3.16  2.86  2.99  3.48  3.32  3.49  3.54  3.71     3.45  3.79  3.44  3.11  3.45
  0   80     3.57  3.68  3.31  3.00  2.63  2.37  2.47  2.94  2.94  3.21  3.36  3.57     3.09  3.61  2.98  2.59  3.17
  0   90     3.32  3.35  2.88  2.47  2.08  1.89  1.96  2.34  2.50  2.87  3.10  3.34     2.67  3.34  2.48  2.06  2.82
 15   10     2.73  3.43  3.96  4.68  5.00  4.72  4.88  5.11  4.00  3.36  2.76  2.57     3.94  2.91  4.55  4.91  3.37
 15   20     3.09  3.73  4.13  4.73  4.92  4.60  4.78  5.10  4.10  3.59  3.07  2.96     4.07  3.26  4.59  4.83  3.59
 15   30     3.38  3.94  4.22  4.67  4.74  4.40  4.57  4.97  4.11  3.73  3.32  3.27     4.11  3.53  4.54  4.65  3.72
 15   40     3.58  4.06  4.21  4.50  4.46  4.11  4.29  4.74  4.04  3.78  3.48  3.50     4.06  3.72  4.39  4.38  3.77
 15   50     3.70  4.09  4.11  4.26  4.12  3.77  3.93  4.42  3.87  3.74  3.56  3.65     3.93  3.81  4.16  4.04  3.73
 15   60     3.72  4.02  3.91  3.92  3.69  3.35  3.50  4.01  3.63  3.62  3.55  3.69     3.72  3.81  3.84  3.62  3.60
 15   70     3.65  3.85  3.63  3.51  3.21  2.90  3.04  3.53  3.32  3.42  3.45  3.65     3.43  3.72  3.45  3.16  3.40
 15   80     3.48  3.60  3.27  3.04  2.69  2.43  2.54  3.00  2.94  3.14  3.27  3.51     3.08  3.53  3.00  2.65  3.12
 15   90     3.23  3.26  2.85  2.52  2.17  1.96  2.04  2.43  2.51  2.79  3.02  3.28     2.67  3.26  2.51  2.15  2.77
 30   10     2.69  3.38  3.93  4.67  5.00  4.72  4.88  5.11  3.98  3.33  2.71  2.53     3.91  2.87  4.53  4.91  3.34
 30   20     3.00  3.64  4.08  4.70  4.92  4.61  4.78  5.09  4.06  3.52  2.99  2.87     4.02  3.17  4.57  4.83  3.52
 30   30     3.25  3.82  4.15  4.63  4.75  4.41  4.59  4.98  4.06  3.63  3.19  3.15     4.05  3.40  4.51  4.66  3.63
 30   40     3.41  3.90  4.12  4.47  4.50  4.15  4.32  4.76  3.98  3.66  3.33  3.35     4.00  3.55  4.37  4.41  3.66
 30   50     3.50  3.90  4.00  4.22  4.16  3.81  3.98  4.45  3.82  3.61  3.38  3.46     3.86  3.62  4.13  4.08  3.60
 30   60     3.49  3.81  3.81  3.91  3.77  3.43  3.59  4.08  3.58  3.48  3.35  3.48     3.65  3.59  3.83  3.70  3.47
 30   70     3.40  3.63  3.54  3.52  3.32  3.01  3.15  3.63  3.28  3.27  3.23  3.42     3.37  3.48  3.46  3.26  3.26
 30   80     3.22  3.37  3.19  3.08  2.86  2.57  2.69  3.15  2.91  2.99  3.05  3.27     3.03  3.29  3.04  2.80  2.98
 30   90     2.97  3.04  2.79  2.61  2.38  2.14  2.23  2.64  2.52  2.66  2.79  3.04     2.65  3.02  2.59  2.34  2.66
 45   10     2.61  3.31  3.88  4.64  4.99  4.72  4.88  5.10  3.95  3.27  2.65  2.46     3.87  2.79  4.50  4.90  3.29
 45   20     2.86  3.51  4.00  4.64  4.92  4.62  4.78  5.07  4.00  3.42  2.87  2.73     3.95  3.03  4.52  4.82  3.43
 45   30     3.05  3.63  4.03  4.57  4.76  4.43  4.60  4.96  3.98  3.49  3.02  2.94     3.96  3.21  4.45  4.66  3.50
 45   40     3.16  3.68  3.98  4.40  4.51  4.17  4.34  4.75  3.88  3.49  3.11  3.09     3.88  3.31  4.30  4.42  3.49
 45   50     3.20  3.64  3.86  4.17  4.22  3.87  4.03  4.47  3.72  3.42  3.13  3.16     3.74  3.33  4.08  4.13  3.42
 45   60     3.16  3.52  3.65  3.86  3.85  3.51  3.67  4.12  3.48  3.27  3.07  3.15     3.53  3.28  3.78  3.77  3.28
 45   70     3.05  3.34  3.39  3.50  3.45  3.12  3.26  3.72  3.20  3.06  2.95  3.07     3.26  3.15  3.45  3.37  3.07
 45   80     2.87  3.09  3.07  3.10  3.02  2.73  2.85  3.28  2.87  2.80  2.75  2.90     2.94  2.95  3.06  2.95  2.81
 45   90     2.63  2.77  2.71  2.68  2.58  2.34  2.44  2.81  2.51  2.49  2.51  2.68     2.60  2.69  2.66  2.53  2.50
 60   10     2.52  3.23  3.82  4.60  4.98  4.72  4.88  5.07  3.90  3.21  2.57  2.36     3.82  2.70  4.47  4.89  3.23
 60   20     2.69  3.34  3.88  4.57  4.90  4.61  4.77  5.03  3.92  3.29  2.71  2.55     3.86  2.86  4.45  4.80  3.31
 60   30     2.80  3.40  3.88  4.47  4.75  4.44  4.60  4.91  3.87  3.31  2.81  2.69     3.83  2.96  4.36  4.65  3.33
 60   40     2.84  3.38  3.80  4.31  4.52  4.20  4.36  4.71  3.76  3.28  2.85  2.77     3.73  3.00  4.21  4.42  3.29
 60   50     2.85  3.32  3.66  4.06  4.23  3.90  4.06  4.44  3.58  3.17  2.82  2.79     3.57  2.98  3.98  4.13  3.19
 60   60     2.78  3.19  3.46  3.78  3.90  3.58  3.72  4.12  3.36  3.02  2.74  2.75     3.37  2.91  3.71  3.81  3.04
 60   70     2.65  2.99  3.20  3.44  3.52  3.22  3.36  3.75  3.08  2.82  2.61  2.65     3.11  2.77  3.39  3.44  2.84
 60   80     2.48  2.76  2.91  3.08  3.13  2.84  2.96  3.35  2.78  2.57  2.42  2.49     2.81  2.58  3.04  3.05  2.59
 60   90     2.26  2.48  2.58  2.70  2.73  2.48  2.58  2.94  2.45  2.30  2.21  2.29     2.50  2.34  2.67  2.67  2.32
 75   10     2.41  3.12  3.75  4.55  4.97  4.72  4.87  5.04  3.85  3.13  2.47  2.25     3.76  2.59  4.42  4.88  3.15
 75   20     2.48  3.16  3.74  4.49  4.87  4.61  4.75  4.97  3.82  3.14  2.53  2.35     3.74  2.66  4.37  4.78  3.16
 75   30     2.51  3.13  3.69  4.36  4.71  4.43  4.58  4.83  3.73  3.11  2.56  2.39     3.67  2.68  4.25  4.61  3.13
 75   40     2.51  3.08  3.58  4.17  4.49  4.20  4.35  4.63  3.59  3.02  2.54  2.42     3.55  2.67  4.08  4.39  3.05
 75   50     2.45  2.96  3.42  3.93  4.21  3.92  4.06  4.37  3.41  2.90  2.48  2.39     3.38  2.60  3.85  4.12  2.93
 75   60     2.37  2.82  3.21  3.64  3.89  3.60  3.73  4.06  3.18  2.73  2.37  2.32     3.16  2.50  3.58  3.80  2.76
 75   70     2.23  2.62  2.97  3.33  3.55  3.27  3.39  3.72  2.93  2.54  2.25  2.22     2.92  2.36  3.28  3.46  2.57
 75   80     2.07  2.41  2.70  2.99  3.18  2.92  3.03  3.35  2.64  2.31  2.08  2.06     2.65  2.18  2.96  3.10  2.34
 75   90     1.89  2.17  2.40  2.64  2.80  2.56  2.66  2.96  2.35  2.07  1.88  1.90     2.36  1.98  2.62  2.73  2.10
 90   10     2.30  3.01  3.67  4.50  4.95  4.71  4.86  5.00  3.79  3.04  2.37  2.13     3.69  2.48  4.37  4.86  3.07
 90   20     2.26  2.95  3.59  4.39  4.83  4.60  4.73  4.90  3.71  2.97  2.34  2.12     3.62  2.44  4.27  4.74  3.01
 90   30     2.21  2.86  3.47  4.22  4.66  4.41  4.54  4.73  3.58  2.88  2.29  2.09     3.50  2.39  4.12  4.56  2.91
 90   40     2.14  2.73  3.33  3.99  4.43  4.18  4.31  4.50  3.40  2.75  2.22  2.04     3.33  2.30  3.92  4.33  2.79
 90   50     2.05  2.59  3.14  3.75  4.15  3.90  4.02  4.24  3.20  2.59  2.12  1.98     3.14  2.21  3.68  4.05  2.64
 90   60     1.94  2.42  2.92  3.47  3.83  3.59  3.71  3.94  2.98  2.43  2.01  1.88     2.93  2.08  3.41  3.74  2.47
 90   70     1.82  2.25  2.70  3.15  3.49  3.26  3.36  3.60  2.72  2.23  1.87  1.78     2.69  1.95  3.12  3.41  2.27
 90   80     1.67  2.05  2.44  2.85  3.15  2.92  3.02  3.26  2.47  2.03  1.73  1.65     2.44  1.79  2.81  3.07  2.08
 90   90     1.52  1.86  2.19  2.53  2.80  2.59  2.68  2.91  2.20  1.81  1.56  1.51     2.18  1.63  2.51  2.73  1.86
105   10     2.18  2.90  3.59  4.45  4.93  4.71  4.84  4.96  3.73  2.96  2.26  2.01     3.63  2.37  4.32  4.84  2.98
105   20     2.04  2.74  3.44  4.28  4.79  4.58  4.71  4.82  3.59  2.81  2.14  1.89     3.48  2.22  4.17  4.70  2.85
105   30     1.91  2.57  3.25  4.06  4.59  4.38  4.50  4.60  3.40  2.64  2.02  1.77     3.31  2.08  3.96  4.50  2.69
105   40     1.78  2.39  3.04  3.80  4.33  4.13  4.24  4.34  3.19  2.46  1.89  1.67     3.11  1.95  3.73  4.24  2.52
105   50     1.66  2.21  2.84  3.52  4.03  3.84  3.94  4.05  2.96  2.29  1.76  1.57     2.89  1.81  3.46  3.94  2.34
105   60     1.53  2.04  2.61  3.23  3.71  3.52  3.62  3.74  2.72  2.10  1.64  1.47     2.66  1.68  3.19  3.63  2.15
105   70     1.43  1.87  2.38  2.94  3.37  3.19  3.28  3.42  2.49  1.92  1.51  1.37     2.43  1.56  2.90  3.29  1.97
105   80     1.30  1.70  2.17  2.63  3.04  2.87  2.94  3.08  2.24  1.74  1.39  1.26     2.20  1.42  2.61  2.96  1.79
105   90     1.19  1.54  1.93  2.35  2.71  2.55  2.62  2.76  2.00  1.56  1.26  1.15     1.97  1.29  2.33  2.64  1.61
120   10     2.07  2.80  3.51  4.40  4.91  4.70  4.83  4.92  3.67  2.87  2.16  1.89     3.56  2.25  4.27  4.82  2.90
120   20     1.84  2.54  3.28  4.18  4.75  4.56  4.68  4.73  3.47  2.64  1.95  1.67     3.36  2.02  4.07  4.66  2.69
120   30     1.62  2.28  3.02  3.90  4.50  4.34  4.45  4.46  3.23  2.41  1.75  1.48     3.12  1.79  3.81  4.42  2.46
120   40     1.45  2.04  2.76  3.59  4.21  4.06  4.15  4.15  2.97  2.17  1.57  1.32     2.87  1.60  3.52  4.12  2.24
120   50     1.30  1.84  2.50  3.27  3.87  3.74  3.82  3.81  2.71  1.96  1.43  1.19     2.62  1.45  3.21  3.79  2.03
120   60     1.18  1.67  2.28  2.95  3.53  3.41  3.48  3.48  2.45  1.78  1.30  1.10     2.38  1.32  2.92  3.45  1.85
120   70     1.09  1.51  2.06  2.66  3.19  3.07  3.13  3.15  2.21  1.61  1.19  1.02     2.16  1.21  2.64  3.12  1.67
120   80     0.99  1.38  1.86  2.38  2.86  2.74  2.80  2.84  2.00  1.45  1.10  0.94     1.94  1.11  2.37  2.79  1.51
120   90     0.92  1.26  1.68  2.12  2.54  2.44  2.48  2.54  1.79  1.32  1.00  0.86     1.75  1.01  2.12  2.48  1.37
135   10     1.97  2.71  3.44  4.35  4.89  4.70  4.82  4.88  3.62  2.80  2.07  1.79     3.50  2.16  4.23  4.80  2.83
135   20     1.64  2.36  3.13  4.08  4.70  4.55  4.65  4.65  3.36  2.50  1.77  1.47     3.24  1.82  3.97  4.62  2.54
135   30     1.36  2.02  2.80  3.75  4.42  4.31  4.39  4.33  3.06  2.19  1.50  1.20     2.94  1.52  3.66  4.34  2.25
135   40     1.14  1.73  2.48  3.37  4.07  4.00  4.06  3.95  2.74  1.91  1.28  1.00     2.64  1.29  3.31  4.00  1.98
135   50     1.00  1.51  2.19  2.99  3.68  3.64  3.68  3.55  2.44  1.67  1.13  0.88     2.36  1.13  2.96  3.62  1.74
135   60     0.90  1.34  1.94  2.65  3.30  3.26  3.29  3.17  2.17  1.48  1.02  0.80     2.11  1.01  2.63  3.24  1.56
135   70     0.84  1.22  1.74  2.35  2.94  2.90  2.92  2.82  1.94  1.33  0.93  0.76     1.89  0.94  2.34  2.88  1.40
135   80     0.78  1.13  1.57  2.09  2.62  2.57  2.59  2.52  1.74  1.21  0.87  0.70     1.70  0.87  2.09  2.56  1.27
135   90     0.73  1.04  1.43  1.87  2.33  2.27  2.30  2.26  1.56  1.11  0.80  0.67     1.53  0.81  1.88  2.28  1.16
150   10     1.89  2.65  3.39  4.32  4.88  4.69  4.82  4.86  3.58  2.74  2.00  1.70     3.46  2.08  4.19  4.79  2.77
150   20     1.48  2.22  3.02  4.01  4.67  4.54  4.64  4.58  3.27  2.38  1.63  1.30     3.15  1.67  3.90  4.59  2.43
150   30     1.12  1.79  2.62  3.62  4.36  4.29  4.36  4.22  2.92  2.00  1.28  0.95     2.79  1.29  3.54  4.29  2.07
150   40     0.88  1.45  2.22  3.18  3.97  3.96  4.00  3.77  2.54  1.66  1.02  0.75     2.45  1.03  3.12  3.91  1.74
150   50     0.78  1.21  1.88  2.73  3.52  3.56  3.56  3.29  2.18  1.39  0.89  0.68     2.14  0.89  2.71  3.47  1.48
150   60     0.74  1.09  1.62  2.33  3.05  3.11  3.10  2.83  1.88  1.23  0.82  0.65     1.87  0.83  2.33  3.01  1.31
150   70     0.71  1.02  1.45  2.03  2.64  2.69  2.68  2.45  1.66  1.12  0.78  0.63     1.66  0.79  2.04  2.61  1.19
150   80     0.68  0.96  1.32  1.80  2.32  2.35  2.34  2.18  1.50  1.03  0.74  0.60     1.49  0.75  1.81  2.29  1.09
150   90     0.65  0.92  1.23  1.62  2.06  2.08  2.07  1.96  1.36  0.96  0.70  0.57     1.35  0.71  1.64  2.03  1.01
165   10     1.84  2.60  3.35  4.31  4.87  4.69  4.81  4.84  3.56  2.71  1.96  1.65     3.43  2.03  4.17  4.78  2.74
165   20     1.37  2.12  2.95  3.97  4.65  4.53  4.63  4.55  3.22  2.30  1.52  1.18     3.08  1.56  3.86  4.57  2.35
165   30     0.95  1.63  2.49  3.55  4.33  4.28  4.35  4.16  2.83  1.86  1.11  0.79     2.69  1.12  3.46  4.26  1.93
165   40     0.78  1.21  2.01  3.07  3.93  3.95  3.98  3.68  2.39  1.44  0.84  0.69     2.33  0.89  3.00  3.87  1.56
165   50     0.76  1.02  1.59  2.54  3.45  3.54  3.54  3.13  1.95  1.16  0.81  0.67     2.01  0.81  2.52  3.40  1.30
165   60     0.73  0.99  1.35  2.03  2.91  3.07  3.03  2.53  1.61  1.06  0.79  0.65     1.73  0.79  2.10  2.88  1.15
165   70     0.70  0.96  1.24  1.72  2.34  2.56  2.48  2.07  1.43  1.01  0.75  0.63     1.49  0.76  1.77  2.37  1.06
165   80     0.68  0.93  1.17  1.54  2.02  2.13  2.09  1.83  1.32  0.95  0.72  0.60     1.33  0.73  1.58  2.01  1.00
165   90     0.65  0.90  1.10  1.42  1.81  1.88  1.85  1.67  1.23  0.90  0.68  0.57     1.22  0.71  1.44  1.80  0.94
180   10     1.82  2.59  3.34  4.30  4.86  4.69  4.81  4.83  3.54  2.69  1.94  1.63     3.42  2.01  4.17  4.78  2.73
180   20     1.33  2.08  2.92  3.97  4.63  4.53  4.62  4.53  3.20  2.27  1.48  1.14     3.06  1.52  3.84  4.56  2.32
180   30     0.89  1.56  2.44  3.55  4.31  4.27  4.34  4.13  2.79  1.81  1.04  0.74     2.66  1.06  3.43  4.25  1.88
180   40     0.78  1.09  1.92  3.06  3.90  3.94  3.97  3.65  2.34  1.34  0.84  0.69     2.29  0.85  2.96  3.85  1.50
180   50     0.76  1.02  1.39  2.52  3.42  3.53  3.53  3.10  1.85  1.09  0.81  0.67     1.97  0.81  2.44  3.38  1.25
180   60     0.73  0.99  1.24  1.94  2.88  3.06  3.02  2.49  1.40  1.05  0.79  0.65     1.69  0.79  2.02  2.86  1.08
180   70     0.70  0.96  1.19  1.54  2.29  2.54  2.47  1.87  1.31  1.00  0.75  0.63     1.44  0.76  1.67  2.30  1.02
180   80     0.68  0.93  1.13  1.43  1.87  2.04  1.97  1.66  1.24  0.95  0.72  0.60     1.27  0.73  1.48  1.89  0.97
180   90     0.65  0.90  1.07  1.34  1.68  1.79  1.75  1.53  1.17  0.90  0.68  0.57     1.17  0.71  1.37  1.69  0.92
             58.2  48.7  34.6  19.0   6.4   1.8   3.5  13.3  26.7  42.2  55.0  60.8     30.5  55.8  19.8   6.2  41.3
             3.79  4.16  4.26  4.74  5.00  4.76  4.90  5.12  4.13  3.83  3.64  3.75     4.34  3.89  4.60  4.91  3.81
             3.43  3.99  4.25  4.67  4.72  4.38  4.56  4.96  4.12  3.77  3.37  3.31     4.13  3.58  4.55  4.63  3.75
             1.10  1.04  1.00  1.01  1.06  1.09  1.07  1.03  1.00  1.02  1.08  1.13     1.05  1.09  1.03  1.06  1.03
             1.48  1.30  1.15  1.02  0.95  0.92  0.93  0.99  1.08  1.22  1.42  1.55     1.17  1.44  1.04  0.94  1.24
temperature   0.9   2.0   5.8  11.7  16.4  20.1  23.4  24.5  20.8  14.5   8.3   3.0     12.6   2.0  11.3  22.7  14.5
diffusedrad  1.08  1.47  1.81  2.18  2.48  2.62  2.55  2.31  1.98  1.52  1.14  0.96     1.84  1.17  2.15  2.49  1.55
snow10cm     0.01  0.06  0.00  0.00  0.00  0.00  0.00  0.00  0.00  0.00  0.00  0.00     0.01  0.02  0.00  0.00  0.00
