2 49236   切石            35   28  138 26.5  226
             2.53  3.18  3.63  4.53  4.74  4.39  4.59  4.81  3.49  2.92  2.48  2.31     3.63  2.67  4.30  4.60  2.96
             2.91  3.67  4.32  5.41  5.53  5.27  6.51  5.62  4.22  3.83  3.06  2.70     4.00  3.00  4.95  5.34  3.35
             2.16  2.31  2.56  3.78  4.38  3.47  3.38  3.66  2.81  2.41  1.90  1.95     3.31  2.39  3.78  3.81  2.60
  0   10     3.05  3.57  3.90  4.67  4.75  4.36  4.57  4.89  3.63  3.19  2.92  2.80     3.86  3.14  4.44  4.61  3.25
  0   20     3.50  3.92  4.08  4.71  4.67  4.25  4.47  4.87  3.71  3.40  3.28  3.25     4.01  3.56  4.49  4.53  3.47
  0   30     3.87  4.17  4.17  4.65  4.50  4.07  4.29  4.75  3.72  3.53  3.57  3.62     4.08  3.88  4.44  4.37  3.61
  0   40     4.13  4.32  4.17  4.50  4.25  3.81  4.02  4.54  3.65  3.58  3.77  3.89     4.05  4.12  4.30  4.12  3.67
  0   50     4.29  4.37  4.07  4.24  3.91  3.50  3.69  4.22  3.50  3.55  3.88  4.07     3.94  4.24  4.07  3.80  3.64
  0   60     4.35  4.31  3.88  3.90  3.50  3.12  3.29  3.82  3.28  3.44  3.89  4.13     3.74  4.26  3.76  3.41  3.54
  0   70     4.29  4.15  3.60  3.48  3.04  2.71  2.85  3.36  2.99  3.26  3.80  4.09     3.47  4.18  3.37  2.97  3.35
  0   80     4.12  3.88  3.25  2.99  2.54  2.27  2.38  2.84  2.65  3.00  3.61  3.94     3.12  3.98  2.93  2.50  3.09
  0   90     3.85  3.52  2.83  2.46  2.03  1.84  1.91  2.28  2.27  2.68  3.34  3.69     2.73  3.69  2.44  2.01  2.76
 15   10     3.03  3.55  3.89  4.66  4.75  4.36  4.57  4.89  3.63  3.18  2.90  2.78     3.85  3.12  4.43  4.60  3.24
 15   20     3.47  3.88  4.06  4.70  4.67  4.25  4.47  4.88  3.71  3.38  3.25  3.21     3.99  3.52  4.48  4.53  3.44
 15   30     3.82  4.12  4.14  4.64  4.51  4.07  4.29  4.76  3.71  3.50  3.52  3.56     4.05  3.83  4.43  4.37  3.58
 15   40     4.07  4.26  4.13  4.48  4.25  3.82  4.03  4.54  3.63  3.54  3.71  3.81     4.02  4.05  4.29  4.13  3.63
 15   50     4.22  4.30  4.03  4.24  3.93  3.51  3.70  4.24  3.48  3.51  3.81  3.97     3.91  4.16  4.07  3.82  3.60
 15   60     4.26  4.23  3.84  3.90  3.53  3.14  3.31  3.85  3.26  3.39  3.81  4.03     3.71  4.17  3.76  3.44  3.49
 15   70     4.20  4.06  3.57  3.49  3.08  2.74  2.89  3.39  2.98  3.20  3.71  3.98     3.44  4.08  3.38  3.01  3.30
 15   80     4.03  3.79  3.22  3.03  2.60  2.32  2.43  2.89  2.65  2.94  3.52  3.82     3.10  3.88  2.95  2.55  3.04
 15   90     3.75  3.43  2.80  2.52  2.11  1.90  1.97  2.36  2.27  2.61  3.25  3.57     2.71  3.58  2.48  2.08  2.71
 30   10     2.98  3.51  3.86  4.64  4.75  4.36  4.57  4.89  3.61  3.15  2.85  2.72     3.82  3.07  4.42  4.60  3.21
 30   20     3.36  3.79  4.01  4.67  4.68  4.26  4.47  4.87  3.67  3.32  3.16  3.09     3.95  3.42  4.45  4.53  3.38
 30   30     3.66  3.99  4.08  4.61  4.51  4.08  4.30  4.75  3.66  3.42  3.39  3.39     3.99  3.68  4.40  4.38  3.49
 30   40     3.87  4.09  4.05  4.45  4.28  3.84  4.05  4.55  3.58  3.44  3.54  3.60     3.95  3.86  4.26  4.15  3.52
 30   50     3.98  4.09  3.94  4.20  3.96  3.54  3.74  4.26  3.43  3.39  3.61  3.72     3.82  3.93  4.04  3.85  3.48
 30   60     4.00  4.00  3.74  3.89  3.60  3.20  3.38  3.91  3.21  3.26  3.58  3.74     3.63  3.91  3.75  3.50  3.35
 30   70     3.91  3.82  3.48  3.50  3.18  2.82  2.98  3.48  2.94  3.06  3.47  3.67     3.36  3.80  3.38  3.09  3.16
 30   80     3.72  3.55  3.13  3.07  2.74  2.43  2.55  3.03  2.62  2.80  3.27  3.50     3.03  3.59  2.98  2.67  2.90
 30   90     3.44  3.19  2.75  2.60  2.29  2.04  2.14  2.55  2.27  2.49  3.00  3.24     2.67  3.29  2.55  2.24  2.59
 45   10     2.90  3.43  3.81  4.61  4.74  4.35  4.56  4.87  3.58  3.10  2.78  2.63     3.78  2.99  4.39  4.60  3.15
 45   20     3.19  3.65  3.93  4.61  4.67  4.26  4.47  4.84  3.62  3.23  3.03  2.92     3.87  3.25  4.41  4.52  3.29
 45   30     3.43  3.79  3.96  4.54  4.52  4.09  4.31  4.74  3.60  3.29  3.21  3.13     3.88  3.45  4.34  4.38  3.36
 45   40     3.58  3.85  3.92  4.38  4.29  3.86  4.07  4.54  3.50  3.28  3.31  3.28     3.82  3.57  4.19  4.16  3.36
 45   50     3.64  3.81  3.79  4.15  4.01  3.58  3.78  4.28  3.35  3.21  3.33  3.34     3.69  3.60  3.98  3.88  3.30
 45   60     3.61  3.69  3.59  3.84  3.66  3.26  3.44  3.94  3.13  3.07  3.29  3.32     3.49  3.54  3.69  3.55  3.16
 45   70     3.50  3.50  3.34  3.49  3.28  2.91  3.07  3.56  2.87  2.87  3.16  3.22     3.23  3.41  3.37  3.18  2.97
 45   80     3.31  3.24  3.02  3.08  2.88  2.55  2.69  3.14  2.57  2.62  2.96  3.04     2.92  3.19  2.99  2.79  2.72
 45   90     3.04  2.91  2.66  2.67  2.47  2.19  2.31  2.70  2.25  2.34  2.70  2.78     2.58  2.91  2.60  2.40  2.43
 60   10     2.78  3.34  3.76  4.57  4.73  4.35  4.56  4.85  3.54  3.04  2.69  2.52     3.73  2.88  4.35  4.59  3.09
 60   20     2.99  3.47  3.82  4.55  4.65  4.25  4.46  4.81  3.55  3.11  2.86  2.70     3.77  3.05  4.34  4.51  3.17
 60   30     3.13  3.54  3.81  4.45  4.51  4.09  4.30  4.69  3.50  3.12  2.97  2.84     3.75  3.17  4.25  4.36  3.19
 60   40     3.20  3.53  3.73  4.29  4.29  3.87  4.08  4.50  3.39  3.09  3.02  2.90     3.66  3.21  4.10  4.15  3.17
 60   50     3.22  3.47  3.60  4.04  4.01  3.60  3.80  4.24  3.22  2.99  3.00  2.90     3.51  3.20  3.88  3.88  3.07
 60   60     3.16  3.33  3.40  3.76  3.70  3.31  3.49  3.94  3.02  2.84  2.92  2.85     3.31  3.12  3.62  3.58  2.93
 60   70     3.03  3.13  3.15  3.42  3.35  2.98  3.15  3.58  2.77  2.65  2.79  2.73     3.06  2.96  3.31  3.23  2.74
 60   80     2.85  2.89  2.86  3.06  2.97  2.63  2.78  3.19  2.50  2.41  2.60  2.54     2.77  2.76  2.97  2.87  2.50
 60   90     2.61  2.59  2.53  2.69  2.60  2.30  2.43  2.81  2.20  2.15  2.37  2.32     2.47  2.51  2.61  2.51  2.24
 75   10     2.66  3.23  3.69  4.53  4.72  4.34  4.55  4.82  3.50  2.97  2.59  2.38     3.66  2.76  4.31  4.57  3.02
 75   20     2.75  3.27  3.68  4.46  4.63  4.25  4.45  4.75  3.47  2.98  2.66  2.46     3.65  2.83  4.26  4.48  3.04
 75   30     2.80  3.24  3.63  4.33  4.47  4.08  4.28  4.61  3.38  2.94  2.69  2.49     3.58  2.84  4.14  4.33  3.01
 75   40     2.81  3.19  3.52  4.15  4.26  3.87  4.07  4.42  3.25  2.85  2.68  2.49     3.46  2.83  3.98  4.12  2.93
 75   50     2.75  3.07  3.36  3.91  4.00  3.61  3.80  4.17  3.08  2.74  2.63  2.44     3.30  2.75  3.76  3.86  2.82
 75   60     2.68  2.93  3.16  3.62  3.69  3.32  3.49  3.87  2.87  2.58  2.52  2.35     3.09  2.65  3.49  3.56  2.65
 75   70     2.54  2.73  2.92  3.32  3.37  3.01  3.17  3.55  2.64  2.39  2.40  2.22     2.86  2.50  3.20  3.24  2.48
 75   80     2.37  2.51  2.65  2.98  3.01  2.69  2.84  3.20  2.38  2.17  2.22  2.05     2.59  2.31  2.88  2.91  2.26
 75   90     2.17  2.26  2.37  2.63  2.66  2.36  2.49  2.82  2.11  1.95  2.02  1.86     2.31  2.10  2.55  2.56  2.02
 90   10     2.52  3.11  3.61  4.47  4.70  4.34  4.54  4.79  3.45  2.89  2.47  2.25     3.60  2.63  4.26  4.55  2.94
 90   20     2.49  3.04  3.54  4.37  4.59  4.23  4.42  4.69  3.37  2.82  2.45  2.20     3.52  2.58  4.16  4.45  2.88
 90   30     2.45  2.95  3.42  4.20  4.42  4.07  4.25  4.52  3.25  2.73  2.40  2.15     3.40  2.51  4.01  4.28  2.79
 90   40     2.38  2.81  3.27  3.97  4.20  3.85  4.03  4.30  3.09  2.61  2.33  2.06     3.24  2.42  3.81  4.06  2.68
 90   50     2.29  2.68  3.09  3.73  3.94  3.59  3.76  4.05  2.90  2.46  2.23  1.98     3.06  2.31  3.58  3.80  2.53
 90   60     2.18  2.50  2.88  3.45  3.63  3.30  3.46  3.76  2.70  2.30  2.12  1.85     2.84  2.18  3.32  3.51  2.37
 90   70     2.05  2.33  2.65  3.14  3.31  3.00  3.14  3.43  2.46  2.11  1.98  1.74     2.61  2.04  3.04  3.19  2.18
 90   80     1.89  2.11  2.40  2.84  2.99  2.69  2.82  3.11  2.23  1.93  1.84  1.59     2.37  1.86  2.74  2.88  2.00
 90   90     1.74  1.91  2.16  2.52  2.65  2.38  2.50  2.78  1.98  1.71  1.66  1.43     2.12  1.69  2.44  2.55  1.78
105   10     2.38  2.98  3.53  4.42  4.68  4.34  4.53  4.75  3.40  2.81  2.36  2.12     3.52  2.50  4.21  4.54  2.86
105   20     2.23  2.81  3.38  4.26  4.55  4.22  4.40  4.61  3.27  2.67  2.23  1.95     3.38  2.33  4.06  4.41  2.73
105   30     2.08  2.63  3.20  4.04  4.36  4.04  4.21  4.40  3.11  2.52  2.10  1.79     3.21  2.17  3.86  4.22  2.58
105   40     1.95  2.45  3.00  3.78  4.11  3.80  3.97  4.15  2.92  2.35  1.97  1.66     3.01  2.02  3.63  3.97  2.41
105   50     1.83  2.26  2.79  3.50  3.83  3.54  3.69  3.88  2.71  2.18  1.84  1.53     2.80  1.87  3.38  3.70  2.24
105   60     1.69  2.08  2.57  3.22  3.52  3.24  3.38  3.58  2.49  2.00  1.72  1.40     2.58  1.73  3.11  3.40  2.07
105   70     1.59  1.91  2.35  2.93  3.20  2.94  3.07  3.27  2.27  1.83  1.58  1.29     2.35  1.60  2.82  3.09  1.90
105   80     1.45  1.73  2.13  2.62  2.88  2.64  2.75  2.94  2.04  1.66  1.46  1.18     2.13  1.45  2.55  2.78  1.72
105   90     1.34  1.57  1.90  2.34  2.57  2.34  2.45  2.64  1.83  1.49  1.33  1.05     1.90  1.32  2.27  2.48  1.55
120   10     2.25  2.87  3.46  4.37  4.66  4.33  4.52  4.71  3.35  2.74  2.25  1.99     3.46  2.37  4.16  4.52  2.78
120   20     1.98  2.59  3.23  4.15  4.51  4.20  4.38  4.52  3.18  2.53  2.02  1.71     3.25  2.10  3.96  4.37  2.57
120   30     1.75  2.32  2.98  3.88  4.28  4.00  4.16  4.28  2.96  2.31  1.80  1.47     3.02  1.84  3.71  4.15  2.36
120   40     1.55  2.07  2.72  3.57  4.00  3.75  3.89  3.98  2.73  2.09  1.62  1.28     2.77  1.63  3.43  3.87  2.15
120   50     1.40  1.86  2.47  3.25  3.68  3.46  3.58  3.66  2.50  1.89  1.47  1.12     2.53  1.46  3.13  3.56  1.95
120   60     1.27  1.68  2.25  2.94  3.36  3.15  3.26  3.34  2.27  1.72  1.34  1.02     2.30  1.32  2.85  3.25  1.78
120   70     1.18  1.52  2.04  2.65  3.03  2.84  2.94  3.02  2.04  1.56  1.23  0.92     2.08  1.21  2.57  2.93  1.61
120   80     1.09  1.39  1.84  2.38  2.72  2.53  2.62  2.72  1.84  1.40  1.13  0.84     1.88  1.11  2.31  2.63  1.46
120   90     1.01  1.26  1.66  2.12  2.42  2.25  2.33  2.43  1.65  1.27  1.04  0.77     1.68  1.01  2.06  2.34  1.32
135   10     2.14  2.78  3.39  4.33  4.65  4.33  4.51  4.67  3.31  2.67  2.15  1.88     3.40  2.26  4.12  4.50  2.71
135   20     1.76  2.40  3.09  4.06  4.47  4.19  4.35  4.45  3.09  2.39  1.82  1.49     3.13  1.88  3.87  4.33  2.44
135   30     1.43  2.03  2.76  3.73  4.21  3.97  4.12  4.15  2.83  2.11  1.52  1.18     2.84  1.54  3.57  4.08  2.15
135   40     1.18  1.73  2.44  3.36  3.88  3.69  3.81  3.80  2.55  1.85  1.30  0.94     2.54  1.28  3.23  3.77  1.90
135   50     1.03  1.49  2.16  2.98  3.52  3.37  3.46  3.42  2.28  1.63  1.14  0.81     2.27  1.11  2.89  3.42  1.68
135   60     0.94  1.32  1.92  2.64  3.15  3.03  3.10  3.05  2.03  1.45  1.02  0.72     2.03  0.99  2.57  3.06  1.50
135   70     0.88  1.19  1.72  2.35  2.81  2.70  2.76  2.72  1.82  1.31  0.94  0.68     1.82  0.92  2.29  2.73  1.36
135   80     0.82  1.10  1.55  2.08  2.50  2.39  2.45  2.43  1.64  1.19  0.88  0.63     1.64  0.85  2.05  2.43  1.23
135   90     0.79  1.02  1.42  1.87  2.23  2.12  2.17  2.18  1.47  1.09  0.81  0.60     1.48  0.80  1.84  2.16  1.12
150   10     2.04  2.70  3.33  4.30  4.63  4.32  4.50  4.65  3.28  2.62  2.07  1.79     3.35  2.18  4.09  4.49  2.66
150   20     1.57  2.24  2.98  3.99  4.44  4.18  4.34  4.39  3.02  2.29  1.66  1.31     3.03  1.71  3.80  4.30  2.32
150   30     1.15  1.79  2.59  3.61  4.15  3.96  4.09  4.05  2.71  1.94  1.28  0.92     2.69  1.28  3.45  4.03  1.98
150   40     0.88  1.42  2.19  3.17  3.79  3.66  3.75  3.63  2.38  1.63  1.01  0.69     2.35  1.00  3.05  3.68  1.67
150   50     0.78  1.17  1.86  2.73  3.36  3.30  3.36  3.18  2.06  1.38  0.87  0.62     2.06  0.86  2.65  3.28  1.44
150   60     0.75  1.05  1.61  2.33  2.93  2.91  2.94  2.74  1.79  1.22  0.81  0.60     1.80  0.80  2.29  2.86  1.27
150   70     0.72  0.98  1.44  2.03  2.54  2.53  2.55  2.39  1.60  1.12  0.77  0.59     1.60  0.76  2.00  2.49  1.16
150   80     0.70  0.92  1.31  1.80  2.24  2.22  2.23  2.12  1.45  1.03  0.73  0.57     1.44  0.73  1.78  2.19  1.07
150   90     0.68  0.88  1.22  1.62  1.99  1.96  1.98  1.91  1.31  0.96  0.69  0.56     1.31  0.71  1.61  1.95  0.99
165   10     1.98  2.66  3.30  4.28  4.62  4.32  4.50  4.63  3.26  2.59  2.02  1.73     3.32  2.12  4.07  4.48  2.62
165   20     1.43  2.13  2.90  3.95  4.42  4.17  4.33  4.36  2.97  2.22  1.54  1.19     2.97  1.58  3.76  4.29  2.25
165   30     0.94  1.60  2.46  3.54  4.12  3.95  4.07  3.99  2.64  1.82  1.10  0.73     2.58  1.09  3.37  4.00  1.85
165   40     0.76  1.15  1.99  3.06  3.75  3.65  3.74  3.55  2.26  1.43  0.81  0.63     2.23  0.85  2.93  3.65  1.50
165   50     0.75  0.96  1.58  2.53  3.30  3.29  3.34  3.03  1.88  1.17  0.79  0.62     1.94  0.77  2.47  3.22  1.28
165   60     0.73  0.94  1.34  2.02  2.80  2.88  2.88  2.47  1.58  1.08  0.77  0.60     1.67  0.76  2.06  2.74  1.14
165   70     0.72  0.91  1.24  1.72  2.28  2.42  2.38  2.04  1.42  1.02  0.74  0.59     1.46  0.74  1.75  2.28  1.06
165   80     0.70  0.88  1.17  1.54  1.97  2.04  2.02  1.80  1.30  0.96  0.71  0.57     1.30  0.72  1.56  1.95  0.99
165   90     0.68  0.85  1.09  1.42  1.77  1.80  1.79  1.65  1.21  0.91  0.68  0.56     1.20  0.70  1.43  1.75  0.93
180   10     1.95  2.64  3.29  4.28  4.62  4.32  4.50  4.63  3.25  2.58  2.00  1.71     3.31  2.10  4.06  4.48  2.61
180   20     1.38  2.09  2.88  3.94  4.41  4.17  4.33  4.34  2.96  2.19  1.50  1.14     2.94  1.54  3.74  4.28  2.21
180   30     0.87  1.52  2.41  3.53  4.11  3.94  4.07  3.97  2.61  1.77  1.03  0.68     2.54  1.02  3.35  3.99  1.80
180   40     0.76  1.02  1.90  3.05  3.73  3.64  3.73  3.52  2.22  1.34  0.81  0.63     2.19  0.80  2.89  3.63  1.46
180   50     0.75  0.96  1.38  2.51  3.28  3.28  3.33  3.00  1.80  1.11  0.79  0.62     1.90  0.77  2.39  3.20  1.23
180   60     0.73  0.94  1.24  1.94  2.77  2.87  2.87  2.44  1.41  1.06  0.77  0.60     1.64  0.76  1.98  2.72  1.08
180   70     0.72  0.91  1.18  1.54  2.23  2.41  2.37  1.86  1.32  1.01  0.74  0.59     1.41  0.74  1.65  2.21  1.02
180   80     0.70  0.88  1.12  1.43  1.83  1.96  1.92  1.65  1.24  0.96  0.71  0.57     1.25  0.72  1.46  1.84  0.97
180   90     0.68  0.85  1.06  1.34  1.66  1.73  1.71  1.52  1.16  0.91  0.68  0.56     1.15  0.70  1.36  1.65  0.91
             59.7  49.4  34.5  19.1   6.6   2.3   3.8  13.3  25.6  41.4  55.9  61.2     32.4  56.9  20.1   6.6  42.1
             4.35  4.37  4.18  4.71  4.75  4.38  4.59  4.90  3.73  3.58  3.89  4.14     4.30  4.27  4.49  4.61  3.67
             3.94  4.22  4.18  4.62  4.45  4.01  4.23  4.71  3.71  3.55  3.63  3.69     4.08  3.95  4.42  4.32  3.63
             1.10  1.04  1.00  1.02  1.07  1.09  1.09  1.04  1.01  1.01  1.07  1.12     1.05  1.09  1.03  1.07  1.03
             1.56  1.33  1.15  1.02  0.94  0.91  0.92  0.98  1.06  1.22  1.46  1.60     1.18  1.49  1.04  0.94  1.25
temperature   1.7   3.3   7.2  13.0  17.4  20.9  24.5  25.7  21.9  15.6   9.5   3.9     13.7   3.0  12.5  23.7  15.7
diffusedrad  1.09  1.42  1.80  2.19  2.48  2.62  2.55  2.33  1.96  1.52  1.13  0.93     1.84  1.15  2.16  2.50  1.54
snow10cm     0.06  0.03  0.00  0.00  0.00  0.00  0.00  0.00  0.00  0.00  0.00  0.00     0.01  0.03  0.00  0.00  0.00
