2 50241   川根本町        35    6  138  7.7  290
             2.41  3.05  3.49  4.22  4.46  3.96  4.11  4.30  3.33  2.88  2.42  2.27     3.41  2.58  4.06  4.13  2.88
             2.78  3.55  4.23  5.21  5.18  4.92  5.38  5.65  4.09  3.74  2.85  2.65     3.72  2.94  4.55  4.74  3.22
             2.09  2.05  2.39  3.28  3.74  2.72  3.01  3.58  2.65  2.44  1.85  1.90     3.03  2.31  3.39  3.47  2.46
  0   10     2.88  3.40  3.74  4.33  4.47  3.93  4.10  4.37  3.45  3.14  2.82  2.77     3.62  3.02  4.18  4.13  3.13
  0   20     3.28  3.72  3.90  4.36  4.39  3.84  4.01  4.34  3.52  3.34  3.15  3.20     3.75  3.40  4.22  4.06  3.33
  0   30     3.60  3.94  3.98  4.30  4.24  3.68  3.85  4.23  3.52  3.46  3.40  3.55     3.81  3.70  4.17  3.92  3.46
  0   40     3.83  4.07  3.97  4.15  4.00  3.46  3.62  4.04  3.44  3.50  3.58  3.82     3.79  3.91  4.04  3.70  3.51
  0   50     3.96  4.11  3.87  3.91  3.68  3.17  3.32  3.76  3.30  3.47  3.67  3.98     3.69  4.02  3.82  3.42  3.48
  0   60     4.00  4.04  3.69  3.60  3.31  2.85  2.98  3.41  3.09  3.36  3.66  4.05     3.50  4.03  3.53  3.08  3.37
  0   70     3.93  3.87  3.42  3.21  2.88  2.48  2.60  3.01  2.82  3.17  3.57  4.00     3.25  3.94  3.17  2.70  3.19
  0   80     3.76  3.62  3.08  2.77  2.42  2.10  2.18  2.56  2.50  2.92  3.39  3.86     2.93  3.74  2.76  2.28  2.94
  0   90     3.50  3.27  2.68  2.29  1.95  1.72  1.77  2.08  2.14  2.60  3.13  3.61     2.56  3.46  2.31  1.86  2.62
 15   10     2.86  3.39  3.73  4.32  4.47  3.93  4.10  4.36  3.45  3.13  2.80  2.75     3.61  3.00  4.17  4.13  3.13
 15   20     3.25  3.69  3.89  4.35  4.40  3.84  4.01  4.34  3.51  3.31  3.12  3.18     3.74  3.37  4.21  4.07  3.31
 15   30     3.56  3.90  3.96  4.29  4.24  3.68  3.85  4.23  3.50  3.43  3.36  3.52     3.79  3.66  4.16  3.92  3.43
 15   40     3.77  4.02  3.94  4.14  4.00  3.46  3.62  4.04  3.43  3.47  3.52  3.78     3.77  3.86  4.03  3.71  3.47
 15   50     3.89  4.04  3.84  3.91  3.70  3.19  3.34  3.77  3.28  3.42  3.60  3.94     3.66  3.96  3.82  3.43  3.44
 15   60     3.92  3.96  3.65  3.60  3.33  2.86  3.00  3.43  3.08  3.31  3.59  3.99     3.48  3.96  3.53  3.10  3.32
 15   70     3.84  3.79  3.39  3.22  2.91  2.51  2.63  3.04  2.81  3.12  3.49  3.94     3.22  3.86  3.18  2.72  3.14
 15   80     3.67  3.53  3.05  2.80  2.47  2.13  2.23  2.60  2.49  2.86  3.30  3.80     2.91  3.67  2.77  2.32  2.88
 15   90     3.41  3.19  2.65  2.34  2.02  1.77  1.83  2.15  2.14  2.54  3.04  3.55     2.55  3.38  2.34  1.91  2.57
 30   10     2.82  3.35  3.70  4.31  4.46  3.93  4.09  4.36  3.43  3.10  2.76  2.71     3.59  2.96  4.16  4.13  3.10
 30   20     3.15  3.60  3.84  4.32  4.40  3.84  4.01  4.34  3.48  3.25  3.03  3.09     3.70  3.28  4.19  4.06  3.26
 30   30     3.42  3.78  3.90  4.26  4.24  3.69  3.86  4.23  3.46  3.35  3.24  3.39     3.73  3.53  4.13  3.92  3.35
 30   40     3.59  3.86  3.86  4.11  4.02  3.48  3.64  4.05  3.38  3.37  3.37  3.61     3.69  3.69  4.00  3.72  3.37
 30   50     3.68  3.85  3.75  3.88  3.73  3.21  3.37  3.79  3.23  3.31  3.42  3.73     3.58  3.75  3.79  3.45  3.32
 30   60     3.68  3.75  3.56  3.59  3.39  2.90  3.05  3.47  3.03  3.18  3.38  3.76     3.40  3.73  3.51  3.14  3.20
 30   70     3.58  3.57  3.30  3.23  3.00  2.57  2.69  3.10  2.77  2.98  3.27  3.70     3.15  3.62  3.18  2.79  3.01
 30   80     3.40  3.31  2.97  2.83  2.59  2.22  2.32  2.70  2.46  2.73  3.08  3.54     2.85  3.41  2.80  2.41  2.76
 30   90     3.13  2.97  2.61  2.40  2.18  1.88  1.96  2.28  2.14  2.42  2.81  3.29     2.50  3.13  2.40  2.04  2.46
 45   10     2.74  3.28  3.66  4.28  4.46  3.93  4.09  4.35  3.40  3.05  2.69  2.63     3.55  2.88  4.13  4.12  3.05
 45   20     3.00  3.47  3.76  4.28  4.39  3.84  4.01  4.31  3.43  3.17  2.91  2.93     3.63  3.13  4.14  4.05  3.17
 45   30     3.20  3.59  3.78  4.20  4.25  3.69  3.86  4.21  3.40  3.23  3.07  3.17     3.64  3.32  4.08  3.92  3.23
 45   40     3.33  3.63  3.74  4.04  4.03  3.48  3.65  4.03  3.30  3.21  3.15  3.33     3.58  3.43  3.94  3.72  3.22
 45   50     3.37  3.59  3.62  3.83  3.76  3.24  3.39  3.79  3.16  3.14  3.16  3.41     3.46  3.46  3.74  3.47  3.15
 45   60     3.33  3.47  3.42  3.54  3.44  2.95  3.10  3.49  2.95  3.00  3.11  3.40     3.27  3.40  3.46  3.18  3.02
 45   70     3.21  3.28  3.17  3.22  3.08  2.64  2.76  3.15  2.71  2.80  2.98  3.31     3.03  3.27  3.16  2.85  2.83
 45   80     3.02  3.02  2.86  2.85  2.71  2.31  2.43  2.78  2.42  2.56  2.78  3.14     2.74  3.06  2.81  2.51  2.59
 45   90     2.77  2.70  2.53  2.46  2.32  2.00  2.09  2.40  2.12  2.27  2.53  2.89     2.42  2.79  2.44  2.16  2.31
 60   10     2.64  3.19  3.61  4.25  4.45  3.92  4.09  4.33  3.37  2.99  2.61  2.53     3.50  2.79  4.10  4.11  2.99
 60   20     2.82  3.31  3.66  4.22  4.37  3.84  4.00  4.28  3.37  3.06  2.75  2.74     3.54  2.95  4.08  4.04  3.06
 60   30     2.94  3.36  3.65  4.12  4.23  3.69  3.85  4.17  3.31  3.06  2.85  2.90     3.51  3.06  4.00  3.90  3.08
 60   40     2.99  3.34  3.57  3.96  4.03  3.49  3.65  3.99  3.21  3.03  2.88  2.98     3.43  3.10  3.85  3.71  3.04
 60   50     2.99  3.28  3.43  3.73  3.77  3.25  3.40  3.76  3.04  2.92  2.86  3.00     3.29  3.09  3.64  3.47  2.94
 60   60     2.92  3.14  3.24  3.47  3.47  2.98  3.13  3.48  2.85  2.78  2.78  2.97     3.10  3.01  3.40  3.20  2.80
 60   70     2.79  2.94  3.00  3.16  3.14  2.69  2.82  3.17  2.61  2.59  2.64  2.86     2.87  2.86  3.10  2.89  2.61
 60   80     2.61  2.70  2.72  2.83  2.79  2.38  2.50  2.82  2.35  2.35  2.45  2.69     2.60  2.67  2.78  2.56  2.39
 60   90     2.38  2.41  2.41  2.48  2.44  2.08  2.18  2.48  2.07  2.10  2.23  2.47     2.31  2.42  2.44  2.25  2.13
 75   10     2.52  3.09  3.54  4.21  4.44  3.92  4.08  4.30  3.33  2.92  2.52  2.40     3.44  2.67  4.06  4.10  2.92
 75   20     2.60  3.12  3.53  4.14  4.35  3.83  3.99  4.24  3.30  2.93  2.58  2.51     3.43  2.75  4.01  4.02  2.93
 75   30     2.63  3.09  3.48  4.02  4.20  3.68  3.84  4.11  3.21  2.89  2.60  2.57     3.36  2.76  3.90  3.88  2.90
 75   40     2.63  3.04  3.37  3.84  4.00  3.49  3.64  3.93  3.08  2.80  2.58  2.60     3.25  2.75  3.74  3.69  2.82
 75   50     2.57  2.91  3.21  3.62  3.75  3.25  3.40  3.70  2.92  2.69  2.52  2.57     3.09  2.68  3.53  3.45  2.71
 75   60     2.48  2.77  3.02  3.35  3.46  2.99  3.13  3.42  2.71  2.52  2.41  2.50     2.90  2.58  3.27  3.18  2.55
 75   70     2.34  2.57  2.78  3.07  3.15  2.71  2.84  3.13  2.49  2.34  2.28  2.39     2.67  2.43  3.00  2.89  2.37
 75   80     2.17  2.36  2.53  2.75  2.82  2.42  2.54  2.82  2.24  2.13  2.11  2.23     2.42  2.25  2.70  2.59  2.16
 75   90     1.98  2.11  2.25  2.43  2.48  2.13  2.23  2.48  1.99  1.90  1.91  2.04     2.16  2.04  2.39  2.28  1.93
 90   10     2.40  2.98  3.47  4.16  4.42  3.92  4.07  4.28  3.29  2.85  2.41  2.27     3.38  2.55  4.02  4.09  2.85
 90   20     2.36  2.91  3.40  4.06  4.32  3.82  3.97  4.18  3.21  2.78  2.38  2.26     3.31  2.51  3.92  3.99  2.79
 90   30     2.32  2.82  3.28  3.90  4.16  3.67  3.81  4.03  3.09  2.69  2.33  2.24     3.19  2.46  3.78  3.84  2.70
 90   40     2.24  2.68  3.14  3.69  3.95  3.47  3.61  3.83  2.94  2.57  2.25  2.18     3.05  2.37  3.59  3.63  2.59
 90   50     2.15  2.55  2.96  3.46  3.69  3.23  3.37  3.60  2.76  2.42  2.16  2.12     2.87  2.27  3.37  3.40  2.44
 90   60     2.03  2.38  2.76  3.20  3.41  2.97  3.10  3.33  2.56  2.26  2.04  2.01     2.67  2.14  3.12  3.13  2.29
 90   70     1.90  2.20  2.54  2.91  3.10  2.70  2.81  3.04  2.33  2.07  1.90  1.91     2.45  2.00  2.85  2.85  2.10
 90   80     1.74  1.99  2.29  2.63  2.80  2.42  2.52  2.75  2.11  1.89  1.75  1.77     2.22  1.83  2.57  2.56  1.92
 90   90     1.59  1.79  2.06  2.33  2.48  2.14  2.23  2.44  1.88  1.68  1.58  1.62     1.99  1.67  2.29  2.27  1.71
105   10     2.28  2.87  3.40  4.12  4.41  3.91  4.06  4.25  3.24  2.77  2.31  2.14     3.31  2.43  3.97  4.07  2.77
105   20     2.13  2.70  3.25  3.97  4.28  3.81  3.95  4.12  3.12  2.64  2.18  2.01     3.18  2.28  3.84  3.96  2.65
105   30     1.99  2.53  3.08  3.77  4.10  3.64  3.78  3.94  2.97  2.48  2.06  1.89     3.02  2.13  3.65  3.79  2.50
105   40     1.86  2.35  2.89  3.53  3.87  3.44  3.56  3.71  2.78  2.32  1.92  1.78     2.83  2.00  3.43  3.57  2.34
105   50     1.73  2.16  2.69  3.27  3.60  3.19  3.31  3.46  2.58  2.15  1.79  1.67     2.63  1.86  3.18  3.32  2.17
105   60     1.60  1.99  2.47  3.00  3.31  2.93  3.04  3.19  2.37  1.97  1.67  1.56     2.42  1.72  2.93  3.05  2.01
105   70     1.49  1.82  2.25  2.73  3.00  2.65  2.75  2.90  2.16  1.80  1.53  1.46     2.21  1.59  2.66  2.77  1.83
105   80     1.35  1.64  2.05  2.44  2.71  2.38  2.46  2.61  1.94  1.63  1.42  1.35     2.00  1.45  2.40  2.48  1.66
105   90     1.24  1.48  1.83  2.18  2.41  2.11  2.19  2.33  1.74  1.46  1.28  1.23     1.79  1.31  2.14  2.21  1.49
120   10     2.16  2.77  3.33  4.07  4.39  3.91  4.05  4.22  3.20  2.70  2.20  2.02     3.25  2.31  3.93  4.06  2.70
120   20     1.91  2.50  3.11  3.88  4.25  3.79  3.93  4.05  3.04  2.50  1.99  1.77     3.06  2.06  3.75  3.93  2.51
120   30     1.69  2.24  2.87  3.63  4.04  3.62  3.74  3.83  2.84  2.28  1.78  1.56     2.84  1.83  3.51  3.73  2.30
120   40     1.50  2.01  2.62  3.34  3.77  3.39  3.50  3.57  2.62  2.07  1.61  1.39     2.62  1.63  3.25  3.49  2.10
120   50     1.35  1.80  2.39  3.05  3.48  3.13  3.23  3.28  2.39  1.87  1.46  1.26     2.39  1.47  2.97  3.21  1.91
120   60     1.22  1.62  2.17  2.76  3.17  2.85  2.94  2.99  2.17  1.70  1.33  1.16     2.17  1.33  2.70  2.93  1.73
120   70     1.12  1.46  1.97  2.49  2.86  2.57  2.65  2.71  1.96  1.54  1.21  1.07     1.97  1.22  2.44  2.64  1.57
120   80     1.02  1.33  1.77  2.23  2.56  2.29  2.36  2.44  1.76  1.38  1.12  0.99     1.77  1.11  2.19  2.36  1.42
120   90     0.94  1.19  1.59  1.98  2.28  2.04  2.09  2.17  1.58  1.25  1.02  0.91     1.59  1.02  1.95  2.10  1.28
135   10     2.06  2.68  3.26  4.04  4.38  3.90  4.05  4.19  3.16  2.64  2.12  1.90     3.20  2.21  3.89  4.05  2.64
135   20     1.71  2.33  2.98  3.79  4.21  3.78  3.91  4.00  2.96  2.37  1.81  1.55     2.95  1.86  3.66  3.90  2.38
135   30     1.40  1.98  2.68  3.50  3.97  3.60  3.70  3.74  2.71  2.09  1.53  1.26     2.68  1.55  3.38  3.68  2.11
135   40     1.17  1.69  2.37  3.16  3.67  3.35  3.44  3.43  2.45  1.84  1.31  1.04     2.41  1.30  3.07  3.40  1.87
135   50     1.02  1.46  2.10  2.82  3.33  3.06  3.13  3.10  2.20  1.62  1.15  0.91     2.16  1.13  2.75  3.10  1.66
135   60     0.91  1.29  1.87  2.50  2.99  2.76  2.81  2.77  1.96  1.44  1.04  0.83     1.93  1.01  2.45  2.78  1.48
135   70     0.85  1.16  1.67  2.22  2.67  2.46  2.51  2.47  1.76  1.30  0.95  0.78     1.73  0.93  2.19  2.48  1.34
135   80     0.79  1.06  1.51  1.97  2.37  2.18  2.23  2.21  1.58  1.17  0.89  0.73     1.56  0.86  1.95  2.20  1.21
135   90     0.74  0.97  1.37  1.76  2.11  1.93  1.97  1.97  1.41  1.07  0.82  0.69     1.40  0.80  1.75  1.96  1.10
150   10     1.97  2.61  3.21  4.01  4.37  3.90  4.04  4.17  3.13  2.59  2.04  1.81     3.15  2.13  3.86  4.04  2.59
150   20     1.54  2.18  2.88  3.73  4.19  3.78  3.90  3.95  2.89  2.27  1.67  1.37     2.86  1.70  3.60  3.88  2.27
150   30     1.15  1.76  2.51  3.39  3.92  3.58  3.68  3.66  2.61  1.93  1.31  0.99     2.54  1.30  3.28  3.64  1.95
150   40     0.90  1.41  2.14  3.00  3.59  3.32  3.40  3.30  2.30  1.62  1.05  0.76     2.23  1.02  2.91  3.34  1.66
150   50     0.79  1.17  1.82  2.60  3.20  3.01  3.05  2.91  2.01  1.37  0.91  0.69     1.96  0.88  2.54  2.99  1.43
150   60     0.74  1.04  1.58  2.23  2.79  2.66  2.68  2.53  1.75  1.22  0.84  0.66     1.73  0.81  2.20  2.62  1.27
150   70     0.71  0.96  1.41  1.95  2.44  2.33  2.34  2.21  1.56  1.11  0.80  0.64     1.54  0.77  1.93  2.29  1.16
150   80     0.68  0.90  1.28  1.73  2.14  2.04  2.05  1.96  1.41  1.02  0.76  0.61     1.38  0.73  1.72  2.02  1.06
150   90     0.65  0.85  1.19  1.56  1.90  1.80  1.81  1.76  1.28  0.95  0.71  0.59     1.25  0.70  1.55  1.79  0.98
165   10     1.92  2.57  3.18  3.99  4.36  3.90  4.04  4.16  3.11  2.56  2.00  1.74     3.13  2.08  3.85  4.03  2.56
165   20     1.41  2.08  2.81  3.70  4.17  3.77  3.89  3.92  2.86  2.20  1.56  1.24     2.80  1.58  3.56  3.86  2.21
165   30     0.97  1.59  2.40  3.33  3.90  3.58  3.67  3.62  2.55  1.81  1.15  0.81     2.45  1.12  3.21  3.62  1.84
165   40     0.78  1.16  1.95  2.90  3.56  3.31  3.38  3.24  2.20  1.44  0.87  0.69     2.12  0.88  2.81  3.31  1.50
165   50     0.76  0.96  1.56  2.43  3.15  3.00  3.04  2.80  1.84  1.17  0.84  0.67     1.85  0.80  2.38  2.94  1.28
165   60     0.73  0.93  1.33  1.97  2.69  2.64  2.64  2.32  1.56  1.08  0.81  0.66     1.61  0.77  2.00  2.53  1.15
165   70     0.71  0.90  1.22  1.68  2.21  2.24  2.21  1.94  1.40  1.02  0.77  0.63     1.41  0.75  1.70  2.13  1.06
165   80     0.68  0.86  1.15  1.50  1.91  1.90  1.88  1.72  1.28  0.96  0.74  0.61     1.27  0.72  1.52  1.83  0.99
165   90     0.65  0.83  1.08  1.38  1.71  1.68  1.67  1.56  1.19  0.90  0.70  0.59     1.16  0.69  1.39  1.63  0.93
180   10     1.89  2.56  3.17  3.99  4.35  3.90  4.04  4.15  3.11  2.55  1.98  1.73     3.12  2.06  3.84  4.03  2.54
180   20     1.37  2.04  2.79  3.70  4.16  3.77  3.89  3.91  2.84  2.17  1.52  1.20     2.78  1.54  3.55  3.86  2.18
180   30     0.90  1.52  2.35  3.33  3.89  3.57  3.67  3.60  2.52  1.76  1.08  0.75     2.41  1.06  3.19  3.61  1.79
180   40     0.78  1.04  1.87  2.90  3.54  3.31  3.38  3.22  2.17  1.35  0.86  0.69     2.09  0.84  2.77  3.30  1.46
180   50     0.76  0.96  1.38  2.41  3.13  2.99  3.03  2.78  1.78  1.11  0.84  0.67     1.82  0.80  2.31  2.93  1.24
180   60     0.73  0.93  1.23  1.90  2.67  2.63  2.63  2.29  1.41  1.06  0.81  0.66     1.58  0.77  1.93  2.52  1.09
180   70     0.71  0.90  1.17  1.52  2.17  2.23  2.20  1.79  1.31  1.01  0.77  0.63     1.37  0.75  1.62  2.08  1.03
180   80     0.68  0.86  1.11  1.41  1.79  1.83  1.80  1.59  1.23  0.96  0.74  0.61     1.22  0.72  1.44  1.74  0.98
180   90     0.65  0.83  1.05  1.32  1.61  1.62  1.60  1.46  1.15  0.90  0.70  0.59     1.12  0.69  1.33  1.56  0.92
             58.2  48.2  33.8  18.3   6.3   2.3   3.7  11.8  24.6  40.8  54.6  61.0     32.2  55.9  19.6   6.3  41.2
             4.00  4.11  3.99  4.36  4.47  3.95  4.11  4.37  3.53  3.50  3.67  4.05     4.01  4.04  4.22  4.14  3.51
             3.66  3.98  3.99  4.28  4.19  3.64  3.81  4.20  3.51  3.48  3.45  3.62     3.82  3.75  4.15  3.88  3.48
             1.09  1.03  1.00  1.02  1.07  1.09  1.08  1.04  1.01  1.01  1.06  1.12     1.05  1.08  1.03  1.07  1.03
             1.52  1.30  1.14  1.01  0.94  0.92  0.93  0.98  1.05  1.21  1.43  1.59     1.17  1.47  1.03  0.94  1.23
temperature   2.9   3.9   7.3  12.6  16.8  20.4  24.1  25.0  21.7  15.9  10.2   4.9     13.8   3.9  12.2  23.2  15.9
diffusedrad  1.10  1.41  1.76  2.15  2.46  2.49  2.44  2.29  1.93  1.52  1.18  0.99     1.81  1.17  2.12  2.41  1.54
snow10cm     0.00  0.00  0.00  0.00  0.00  0.00  0.00  0.00  0.00  0.00  0.00  0.00     0.00  0.00  0.00  0.00  0.00
