1 50206   三島            35  6.8  138 55.5   21
             2.55  3.13  3.48  4.35  4.61  4.04  4.17  4.62  3.62  2.96  2.53  2.36     3.54  2.68  4.14  4.28  3.04
             3.03  3.81  4.27  5.17  5.29  4.73  5.60  5.61  4.21  3.98  3.15  2.84     3.81  3.06  4.60  4.94  3.43
             2.13  2.15  2.50  3.49  3.60  3.41  2.92  3.88  2.64  2.25  1.91  2.03     3.21  2.40  3.68  3.59  2.70
  0   10     3.07  3.51  3.73  4.47  4.61  4.01  4.16  4.68  3.76  3.24  2.96  2.84     3.75  3.14  4.27  4.28  3.32
  0   20     3.52  3.84  3.89  4.50  4.54  3.91  4.07  4.66  3.85  3.45  3.32  3.28     3.90  3.55  4.31  4.21  3.54
  0   30     3.88  4.08  3.97  4.44  4.37  3.75  3.90  4.54  3.86  3.59  3.61  3.65     3.97  3.87  4.26  4.07  3.68
  0   40     4.14  4.22  3.96  4.29  4.12  3.52  3.67  4.33  3.78  3.64  3.80  3.92     3.95  4.09  4.12  3.84  3.74
  0   50     4.30  4.26  3.86  4.04  3.79  3.23  3.37  4.03  3.63  3.61  3.90  4.08     3.84  4.21  3.90  3.54  3.71
  0   60     4.34  4.19  3.67  3.71  3.40  2.89  3.02  3.65  3.40  3.50  3.90  4.14     3.65  4.23  3.60  3.19  3.60
  0   70     4.28  4.03  3.41  3.32  2.95  2.52  2.62  3.20  3.10  3.31  3.81  4.10     3.39  4.13  3.23  2.78  3.40
  0   80     4.10  3.76  3.07  2.86  2.47  2.13  2.20  2.71  2.74  3.04  3.62  3.94     3.05  3.93  2.80  2.35  3.13
  0   90     3.82  3.40  2.67  2.35  1.98  1.74  1.78  2.18  2.34  2.71  3.35  3.69     2.67  3.63  2.33  1.90  2.80
 15   10     3.05  3.50  3.72  4.46  4.61  4.01  4.16  4.67  3.76  3.23  2.94  2.82     3.74  3.12  4.26  4.28  3.31
 15   20     3.49  3.81  3.88  4.50  4.54  3.91  4.07  4.66  3.85  3.43  3.29  3.24     3.89  3.51  4.30  4.21  3.52
 15   30     3.83  4.04  3.95  4.44  4.37  3.75  3.90  4.54  3.85  3.56  3.56  3.59     3.95  3.82  4.25  4.07  3.65
 15   40     4.08  4.17  3.93  4.28  4.12  3.52  3.67  4.33  3.77  3.60  3.74  3.84     3.92  4.03  4.11  3.84  3.71
 15   50     4.23  4.20  3.83  4.04  3.81  3.24  3.38  4.04  3.61  3.56  3.83  3.99     3.81  4.14  3.89  3.55  3.67
 15   60     4.26  4.12  3.64  3.72  3.42  2.91  3.03  3.67  3.38  3.44  3.83  4.04     3.62  4.14  3.60  3.20  3.55
 15   70     4.19  3.94  3.38  3.33  2.99  2.55  2.65  3.23  3.09  3.25  3.73  3.98     3.36  4.04  3.23  2.81  3.36
 15   80     4.01  3.67  3.04  2.88  2.52  2.16  2.25  2.76  2.74  2.98  3.54  3.82     3.03  3.84  2.82  2.39  3.09
 15   90     3.72  3.32  2.65  2.40  2.05  1.79  1.84  2.26  2.35  2.65  3.26  3.56     2.65  3.54  2.37  1.96  2.75
 30   10     3.00  3.45  3.69  4.44  4.61  4.01  4.15  4.66  3.74  3.20  2.90  2.76     3.72  3.07  4.25  4.27  3.28
 30   20     3.38  3.73  3.83  4.47  4.54  3.92  4.07  4.63  3.81  3.37  3.20  3.13     3.84  3.41  4.28  4.21  3.46
 30   30     3.68  3.91  3.88  4.40  4.38  3.75  3.91  4.51  3.80  3.47  3.43  3.42     3.88  3.67  4.22  4.06  3.57
 30   40     3.89  4.00  3.86  4.25  4.15  3.54  3.69  4.32  3.72  3.49  3.58  3.63     3.84  3.84  4.09  3.85  3.60
 30   50     3.99  4.00  3.74  4.01  3.85  3.27  3.41  4.03  3.56  3.44  3.64  3.74     3.72  3.91  3.87  3.57  3.55
 30   60     4.00  3.90  3.55  3.71  3.49  2.96  3.09  3.69  3.33  3.31  3.61  3.76     3.53  3.89  3.58  3.24  3.42
 30   70     3.90  3.71  3.29  3.34  3.08  2.61  2.73  3.28  3.05  3.11  3.49  3.68     3.27  3.77  3.24  2.87  3.22
 30   80     3.71  3.44  2.97  2.93  2.66  2.25  2.35  2.85  2.72  2.84  3.29  3.50     2.96  3.55  2.85  2.48  2.95
 30   90     3.42  3.09  2.60  2.48  2.23  1.91  1.98  2.39  2.35  2.53  3.01  3.24     2.60  3.25  2.44  2.09  2.63
 45   10     2.91  3.38  3.65  4.42  4.60  4.00  4.15  4.64  3.71  3.15  2.83  2.67     3.68  2.99  4.22  4.27  3.23
 45   20     3.21  3.59  3.75  4.42  4.53  3.92  4.07  4.59  3.75  3.28  3.07  2.96     3.76  3.25  4.23  4.19  3.37
 45   30     3.44  3.71  3.78  4.34  4.39  3.76  3.92  4.48  3.73  3.34  3.25  3.17     3.78  3.44  4.17  4.05  3.44
 45   40     3.59  3.77  3.73  4.18  4.16  3.55  3.70  4.27  3.63  3.33  3.34  3.31     3.71  3.56  4.02  3.84  3.44
 45   50     3.65  3.73  3.61  3.96  3.89  3.30  3.44  4.01  3.48  3.26  3.37  3.37     3.59  3.58  3.82  3.59  3.37
 45   60     3.62  3.61  3.41  3.66  3.55  3.00  3.14  3.68  3.25  3.12  3.31  3.35     3.39  3.52  3.54  3.27  3.23
 45   70     3.49  3.41  3.17  3.33  3.18  2.69  2.80  3.31  2.98  2.92  3.19  3.24     3.14  3.38  3.23  2.93  3.03
 45   80     3.29  3.15  2.86  2.94  2.79  2.36  2.46  2.91  2.67  2.67  2.98  3.05     2.84  3.16  2.87  2.58  2.77
 45   90     3.02  2.81  2.52  2.55  2.39  2.03  2.12  2.49  2.34  2.37  2.71  2.79     2.51  2.88  2.49  2.21  2.48
 60   10     2.80  3.29  3.60  4.38  4.59  4.00  4.15  4.62  3.67  3.08  2.74  2.56     3.62  2.88  4.19  4.25  3.17
 60   20     3.01  3.41  3.65  4.36  4.52  3.91  4.06  4.55  3.68  3.16  2.90  2.74     3.66  3.05  4.17  4.17  3.25
 60   30     3.15  3.48  3.64  4.26  4.38  3.77  3.91  4.42  3.63  3.17  3.01  2.88     3.64  3.17  4.09  4.03  3.27
 60   40     3.22  3.46  3.56  4.10  4.16  3.56  3.71  4.22  3.52  3.14  3.06  2.94     3.55  3.21  3.94  3.83  3.24
 60   50     3.23  3.40  3.42  3.86  3.90  3.32  3.46  3.95  3.35  3.04  3.04  2.93     3.41  3.18  3.73  3.58  3.14
 60   60     3.17  3.26  3.24  3.60  3.59  3.04  3.17  3.65  3.14  2.89  2.96  2.88     3.21  3.10  3.48  3.29  2.99
 60   70     3.03  3.05  2.99  3.27  3.24  2.74  2.86  3.31  2.88  2.69  2.82  2.75     2.97  2.94  3.17  2.97  2.80
 60   80     2.83  2.81  2.72  2.93  2.88  2.43  2.53  2.93  2.60  2.45  2.62  2.56     2.69  2.74  2.84  2.63  2.56
 60   90     2.59  2.51  2.41  2.56  2.52  2.12  2.21  2.56  2.28  2.19  2.38  2.33     2.39  2.48  2.50  2.30  2.29
 75   10     2.67  3.18  3.53  4.34  4.58  4.00  4.14  4.58  3.63  3.01  2.63  2.43     3.56  2.76  4.15  4.24  3.09
 75   20     2.77  3.21  3.52  4.28  4.49  3.91  4.05  4.49  3.60  3.02  2.70  2.51     3.55  2.83  4.10  4.15  3.11
 75   30     2.81  3.19  3.47  4.15  4.34  3.76  3.90  4.34  3.51  2.99  2.74  2.53     3.48  2.85  3.99  4.00  3.08
 75   40     2.82  3.14  3.36  3.97  4.14  3.56  3.70  4.13  3.38  2.90  2.72  2.53     3.36  2.83  3.82  3.80  3.00
 75   50     2.76  3.02  3.21  3.75  3.88  3.32  3.45  3.88  3.20  2.78  2.67  2.48     3.20  2.75  3.61  3.55  2.88
 75   60     2.68  2.87  3.01  3.46  3.58  3.05  3.17  3.57  2.98  2.62  2.56  2.38     2.99  2.64  3.35  3.26  2.72
 75   70     2.54  2.67  2.78  3.18  3.27  2.77  2.88  3.25  2.74  2.43  2.42  2.25     2.77  2.48  3.08  2.97  2.53
 75   80     2.35  2.44  2.53  2.85  2.92  2.47  2.58  2.91  2.47  2.21  2.25  2.08     2.50  2.29  2.77  2.65  2.31
 75   90     2.15  2.19  2.25  2.52  2.58  2.17  2.26  2.55  2.20  1.98  2.04  1.88     2.23  2.07  2.45  2.33  2.07
 90   10     2.54  3.06  3.46  4.29  4.57  3.99  4.13  4.55  3.57  2.93  2.52  2.29     3.49  2.63  4.11  4.22  3.01
 90   20     2.50  3.00  3.39  4.19  4.46  3.90  4.03  4.43  3.50  2.87  2.50  2.25     3.42  2.59  4.01  4.12  2.95
 90   30     2.46  2.90  3.28  4.03  4.30  3.74  3.87  4.24  3.37  2.77  2.44  2.19     3.30  2.52  3.87  3.95  2.86
 90   40     2.38  2.77  3.13  3.81  4.08  3.54  3.67  4.01  3.21  2.65  2.37  2.10     3.14  2.42  3.68  3.74  2.74
 90   50     2.29  2.63  2.95  3.58  3.82  3.30  3.42  3.75  3.02  2.50  2.27  2.01     2.96  2.31  3.45  3.49  2.60
 90   60     2.17  2.45  2.76  3.31  3.53  3.03  3.15  3.45  2.80  2.34  2.16  1.89     2.75  2.17  3.20  3.21  2.43
 90   70     2.04  2.27  2.54  3.01  3.22  2.76  2.86  3.13  2.56  2.14  2.01  1.76     2.52  2.03  2.92  2.91  2.24
 90   80     1.87  2.06  2.30  2.72  2.90  2.47  2.57  2.81  2.32  1.96  1.86  1.62     2.29  1.85  2.64  2.62  2.05
 90   90     1.71  1.86  2.06  2.41  2.57  2.19  2.27  2.49  2.06  1.74  1.68  1.45     2.04  1.68  2.35  2.32  1.83
105   10     2.40  2.95  3.39  4.25  4.55  3.99  4.12  4.51  3.52  2.85  2.40  2.16     3.42  2.50  4.06  4.21  2.92
105   20     2.25  2.78  3.25  4.09  4.42  3.88  4.01  4.35  3.39  2.71  2.28  1.99     3.28  2.34  3.92  4.08  2.79
105   30     2.09  2.60  3.07  3.88  4.24  3.72  3.84  4.13  3.22  2.55  2.15  1.84     3.11  2.18  3.73  3.89  2.64
105   40     1.96  2.41  2.88  3.64  4.00  3.50  3.62  3.87  3.02  2.39  2.01  1.70     2.92  2.02  3.51  3.66  2.47
105   50     1.83  2.22  2.68  3.37  3.72  3.26  3.36  3.58  2.80  2.21  1.88  1.56     2.71  1.87  3.26  3.40  2.30
105   60     1.69  2.05  2.47  3.10  3.43  2.99  3.08  3.28  2.58  2.03  1.75  1.44     2.49  1.73  3.00  3.12  2.12
105   70     1.58  1.87  2.25  2.81  3.11  2.71  2.79  2.97  2.35  1.86  1.61  1.32     2.27  1.59  2.73  2.82  1.94
105   80     1.44  1.70  2.05  2.52  2.81  2.43  2.51  2.65  2.12  1.68  1.49  1.21     2.05  1.45  2.46  2.53  1.76
105   90     1.31  1.52  1.82  2.25  2.50  2.15  2.23  2.36  1.90  1.51  1.35  1.08     1.83  1.30  2.19  2.25  1.59
120   10     2.27  2.84  3.32  4.20  4.53  3.98  4.12  4.48  3.47  2.77  2.29  2.04     3.36  2.38  4.02  4.19  2.85
120   20     2.00  2.56  3.11  3.99  4.39  3.87  3.99  4.28  3.29  2.56  2.06  1.76     3.15  2.11  3.83  4.04  2.64
120   30     1.76  2.30  2.87  3.73  4.17  3.69  3.79  4.02  3.06  2.34  1.85  1.51     2.92  1.86  3.59  3.83  2.42
120   40     1.56  2.05  2.62  3.44  3.89  3.46  3.55  3.71  2.82  2.12  1.66  1.32     2.68  1.64  3.32  3.57  2.20
120   50     1.39  1.84  2.39  3.14  3.59  3.19  3.27  3.39  2.58  1.92  1.51  1.16     2.45  1.47  3.04  3.28  2.00
120   60     1.27  1.66  2.17  2.84  3.27  2.91  2.98  3.06  2.34  1.74  1.37  1.05     2.22  1.33  2.76  2.98  1.82
120   70     1.17  1.49  1.97  2.56  2.96  2.62  2.69  2.75  2.11  1.58  1.26  0.95     2.01  1.20  2.50  2.69  1.65
120   80     1.07  1.36  1.77  2.30  2.65  2.34  2.40  2.45  1.91  1.42  1.16  0.87     1.81  1.10  2.24  2.40  1.49
120   90     0.98  1.22  1.60  2.04  2.36  2.08  2.13  2.17  1.71  1.28  1.06  0.79     1.62  1.00  2.00  2.13  1.35
135   10     2.15  2.75  3.25  4.16  4.52  3.98  4.11  4.45  3.42  2.71  2.20  1.92     3.30  2.27  3.98  4.18  2.78
135   20     1.77  2.38  2.98  3.91  4.35  3.86  3.97  4.22  3.19  2.42  1.87  1.54     3.04  1.90  3.74  4.01  2.50
135   30     1.44  2.02  2.67  3.60  4.10  3.67  3.76  3.91  2.92  2.13  1.57  1.22     2.75  1.56  3.46  3.78  2.21
135   40     1.18  1.71  2.37  3.25  3.79  3.41  3.49  3.55  2.63  1.87  1.34  0.99     2.46  1.29  3.13  3.48  1.94
135   50     1.02  1.48  2.10  2.89  3.43  3.12  3.18  3.18  2.34  1.64  1.17  0.84     2.20  1.12  2.81  3.16  1.72
135   60     0.92  1.30  1.87  2.56  3.08  2.81  2.85  2.81  2.09  1.46  1.06  0.76     1.96  0.99  2.50  2.82  1.54
135   70     0.86  1.17  1.67  2.27  2.75  2.50  2.54  2.49  1.87  1.31  0.97  0.70     1.76  0.91  2.23  2.51  1.38
135   80     0.80  1.08  1.51  2.02  2.45  2.22  2.26  2.20  1.68  1.19  0.91  0.66     1.58  0.84  1.99  2.23  1.26
135   90     0.76  0.99  1.37  1.81  2.17  1.97  2.00  1.96  1.50  1.09  0.84  0.62     1.42  0.79  1.79  1.97  1.14
150   10     2.06  2.67  3.20  4.13  4.50  3.98  4.10  4.43  3.39  2.65  2.12  1.84     3.26  2.19  3.95  4.17  2.72
150   20     1.58  2.22  2.88  3.84  4.32  3.85  3.96  4.17  3.12  2.32  1.71  1.36     2.94  1.72  3.68  3.99  2.38
150   30     1.16  1.78  2.51  3.48  4.05  3.65  3.73  3.83  2.79  1.96  1.33  0.97     2.60  1.30  3.35  3.74  2.03
150   40     0.88  1.41  2.14  3.07  3.70  3.39  3.44  3.42  2.44  1.64  1.05  0.73     2.28  1.01  2.97  3.42  1.71
150   50     0.76  1.16  1.82  2.65  3.29  3.07  3.10  2.98  2.11  1.38  0.91  0.65     1.99  0.86  2.59  3.05  1.47
150   60     0.72  1.03  1.58  2.27  2.87  2.71  2.72  2.55  1.83  1.22  0.83  0.63     1.75  0.80  2.24  2.66  1.30
150   70     0.70  0.96  1.41  1.98  2.50  2.37  2.37  2.20  1.63  1.11  0.79  0.61     1.55  0.76  1.96  2.31  1.18
150   80     0.67  0.90  1.29  1.76  2.20  2.08  2.08  1.94  1.47  1.03  0.75  0.60     1.40  0.72  1.75  2.03  1.08
150   90     0.64  0.85  1.19  1.59  1.96  1.83  1.84  1.73  1.33  0.96  0.72  0.58     1.27  0.69  1.58  1.80  1.00
165   10     1.99  2.63  3.17  4.12  4.50  3.98  4.10  4.42  3.37  2.62  2.07  1.78     3.23  2.13  3.93  4.17  2.69
165   20     1.44  2.12  2.81  3.81  4.30  3.85  3.95  4.15  3.07  2.24  1.59  1.24     2.88  1.60  3.64  3.98  2.30
165   30     0.95  1.60  2.39  3.42  4.02  3.64  3.72  3.79  2.71  1.84  1.15  0.78     2.50  1.11  3.28  3.72  1.90
165   40     0.74  1.16  1.95  2.97  3.66  3.38  3.43  3.36  2.32  1.44  0.85  0.66     2.16  0.85  2.86  3.39  1.54
165   50     0.73  0.95  1.56  2.47  3.23  3.05  3.07  2.87  1.91  1.17  0.82  0.65     1.87  0.77  2.42  3.00  1.30
165   60     0.71  0.92  1.33  1.99  2.75  2.68  2.67  2.33  1.60  1.07  0.79  0.63     1.62  0.75  2.02  2.56  1.15
165   70     0.69  0.89  1.22  1.69  2.25  2.27  2.23  1.91  1.42  1.01  0.76  0.61     1.41  0.73  1.72  2.14  1.07
165   80     0.67  0.86  1.15  1.52  1.94  1.92  1.89  1.68  1.31  0.96  0.73  0.60     1.27  0.71  1.54  1.83  1.00
165   90     0.64  0.82  1.08  1.40  1.74  1.70  1.68  1.52  1.22  0.90  0.70  0.58     1.16  0.68  1.40  1.63  0.94
180   10     1.97  2.61  3.16  4.11  4.49  3.97  4.10  4.42  3.36  2.61  2.05  1.76     3.22  2.11  3.92  4.16  2.67
180   20     1.39  2.08  2.78  3.80  4.29  3.84  3.94  4.15  3.05  2.21  1.55  1.19     2.86  1.55  3.62  3.98  2.27
180   30     0.87  1.52  2.34  3.41  4.00  3.64  3.72  3.79  2.68  1.78  1.07  0.72     2.46  1.04  3.25  3.72  1.85
180   40     0.74  1.03  1.87  2.96  3.64  3.37  3.42  3.36  2.27  1.34  0.84  0.66     2.13  0.81  2.82  3.38  1.49
180   50     0.73  0.95  1.38  2.46  3.21  3.04  3.06  2.87  1.83  1.10  0.82  0.65     1.84  0.77  2.35  2.99  1.25
180   60     0.71  0.92  1.22  1.92  2.72  2.67  2.66  2.33  1.41  1.05  0.79  0.63     1.59  0.75  1.96  2.56  1.09
180   70     0.69  0.89  1.17  1.53  2.20  2.26  2.22  1.77  1.32  1.01  0.76  0.61     1.37  0.73  1.63  2.09  1.03
180   80     0.67  0.86  1.11  1.41  1.81  1.86  1.81  1.56  1.24  0.95  0.73  0.60     1.22  0.71  1.44  1.74  0.97
180   90     0.64  0.82  1.05  1.32  1.63  1.64  1.61  1.44  1.16  0.90  0.70  0.58     1.13  0.68  1.33  1.56  0.92
             59.0  48.6  33.8  18.6   6.3   2.2   3.6  12.9  25.8  41.4  55.4  60.6     32.7  56.2  19.4   6.8  41.7
             4.34  4.26  3.98  4.51  4.62  4.03  4.17  4.68  3.87  3.64  3.92  4.14     4.18  4.23  4.31  4.29  3.74
             3.96  4.13  3.97  4.41  4.31  3.69  3.85  4.50  3.85  3.61  3.67  3.73     3.97  3.94  4.23  4.01  3.71
             1.10  1.03  1.00  1.02  1.07  1.09  1.08  1.04  1.01  1.01  1.07  1.11     1.05  1.08  1.03  1.07  1.03
             1.55  1.32  1.14  1.01  0.93  0.91  0.92  0.97  1.06  1.22  1.45  1.58     1.17  1.48  1.03  0.94  1.24
temperature   5.7   6.3   9.5  14.4  18.5  21.8  25.5  26.8  23.5  17.9  12.8   7.9     15.9   6.6  14.1  24.7  18.1
diffusedrad  1.08  1.41  1.76  2.15  2.46  2.51  2.44  2.29  1.97  1.51  1.17  0.98     1.81  1.16  2.12  2.41  1.55
snow10cm     0.00  0.00  0.00  0.00  0.00  0.00  0.00  0.00  0.00  0.00  0.00  0.00     0.00  0.00  0.00  0.00  0.00
