2 51311   南知多          34 44.4  136 56.3   16
             2.46  3.17  3.93  4.68  4.96  4.59  4.92  5.13  3.88  3.17  2.54  2.28     3.81  2.64  4.53  4.88  3.20
             2.85  3.58  4.48  5.55  5.70  5.37  6.04  6.37  4.84  3.74  3.04  2.65     4.06  2.93  4.95  5.42  3.47
             2.12  2.38  3.07  3.88  4.17  3.78  3.81  4.24  3.30  2.76  2.00  1.98     3.52  2.31  4.07  4.32  2.78
  0   10     2.94  3.59  4.23  4.82  4.97  4.54  4.89  5.21  4.06  3.48  2.97  2.77     4.04  3.10  4.67  4.88  3.50
  0   20     3.35  3.94  4.43  4.86  4.88  4.43  4.78  5.19  4.16  3.72  3.33  3.20     4.19  3.50  4.72  4.80  3.74
  0   30     3.68  4.19  4.54  4.79  4.70  4.23  4.57  5.06  4.18  3.88  3.62  3.55     4.25  3.81  4.68  4.62  3.89
  0   40     3.91  4.34  4.54  4.63  4.42  3.95  4.28  4.81  4.10  3.94  3.81  3.81     4.21  4.02  4.53  4.34  3.95
  0   50     4.05  4.39  4.43  4.36  4.05  3.60  3.89  4.46  3.93  3.91  3.91  3.97     4.08  4.14  4.28  3.98  3.92
  0   60     4.08  4.32  4.22  3.99  3.62  3.20  3.46  4.02  3.68  3.79  3.91  4.03     3.86  4.14  3.94  3.56  3.79
  0   70     4.01  4.15  3.92  3.55  3.12  2.76  2.97  3.51  3.35  3.59  3.81  3.99     3.56  4.05  3.53  3.08  3.58
  0   80     3.84  3.88  3.52  3.04  2.59  2.29  2.44  2.95  2.95  3.30  3.62  3.84     3.19  3.85  3.05  2.56  3.29
  0   90     3.56  3.52  3.06  2.49  2.05  1.83  1.93  2.34  2.50  2.94  3.34  3.59     2.76  3.56  2.53  2.03  2.93
 15   10     2.92  3.58  4.22  4.81  4.97  4.55  4.89  5.21  4.05  3.47  2.95  2.75     4.03  3.09  4.66  4.88  3.49
 15   20     3.31  3.92  4.41  4.85  4.88  4.43  4.78  5.19  4.15  3.69  3.29  3.17     4.17  3.47  4.71  4.80  3.71
 15   30     3.63  4.17  4.50  4.78  4.70  4.23  4.57  5.06  4.16  3.84  3.56  3.51     4.23  3.77  4.66  4.62  3.85
 15   40     3.85  4.32  4.50  4.61  4.42  3.96  4.28  4.82  4.08  3.89  3.74  3.76     4.18  3.98  4.51  4.35  3.90
 15   50     3.97  4.35  4.39  4.35  4.07  3.62  3.92  4.49  3.91  3.85  3.83  3.92     4.06  4.08  4.27  4.01  3.86
 15   60     3.99  4.29  4.18  4.00  3.65  3.22  3.49  4.06  3.66  3.73  3.82  3.97     3.84  4.08  3.94  3.59  3.74
 15   70     3.91  4.11  3.87  3.57  3.17  2.80  3.02  3.56  3.34  3.51  3.72  3.92     3.54  3.98  3.54  3.13  3.52
 15   80     3.73  3.84  3.48  3.08  2.65  2.35  2.51  3.01  2.95  3.22  3.52  3.77     3.18  3.78  3.07  2.62  3.23
 15   90     3.46  3.47  3.02  2.55  2.13  1.90  2.01  2.44  2.52  2.86  3.24  3.52     2.76  3.48  2.57  2.12  2.87
 30   10     2.87  3.54  4.18  4.79  4.97  4.55  4.89  5.21  4.03  3.43  2.90  2.71     4.01  3.04  4.65  4.88  3.46
 30   20     3.21  3.85  4.35  4.81  4.89  4.44  4.79  5.18  4.11  3.62  3.20  3.08     4.13  3.38  4.68  4.80  3.64
 30   30     3.48  4.06  4.43  4.74  4.71  4.24  4.59  5.06  4.11  3.74  3.42  3.38     4.16  3.64  4.63  4.63  3.76
 30   40     3.66  4.17  4.40  4.58  4.46  3.99  4.32  4.84  4.02  3.77  3.57  3.59     4.11  3.81  4.48  4.38  3.79
 30   50     3.74  4.18  4.27  4.32  4.12  3.67  3.97  4.52  3.85  3.71  3.62  3.71     3.98  3.88  4.24  4.05  3.73
 30   60     3.74  4.10  4.07  3.99  3.73  3.30  3.57  4.13  3.61  3.57  3.59  3.73     3.76  3.86  3.93  3.67  3.59
 30   70     3.64  3.92  3.77  3.58  3.29  2.90  3.13  3.67  3.30  3.35  3.47  3.66     3.47  3.74  3.54  3.23  3.37
 30   80     3.44  3.65  3.39  3.13  2.82  2.48  2.67  3.17  2.93  3.07  3.27  3.50     3.13  3.53  3.11  2.77  3.09
 30   90     3.17  3.28  2.96  2.65  2.35  2.07  2.21  2.66  2.53  2.72  2.98  3.25     2.74  3.23  2.65  2.31  2.75
 45   10     2.79  3.48  4.13  4.76  4.96  4.54  4.89  5.19  4.00  3.37  2.83  2.63     3.96  2.97  4.62  4.88  3.40
 45   20     3.06  3.71  4.26  4.76  4.88  4.44  4.78  5.16  4.05  3.52  3.07  2.92     4.05  3.23  4.63  4.79  3.55
 45   30     3.26  3.88  4.29  4.68  4.72  4.26  4.60  5.04  4.03  3.59  3.24  3.15     4.06  3.43  4.56  4.64  3.62
 45   40     3.38  3.96  4.25  4.51  4.48  4.01  4.34  4.83  3.92  3.58  3.33  3.31     3.99  3.55  4.41  4.40  3.61
 45   50     3.42  3.94  4.12  4.26  4.18  3.72  4.03  4.54  3.76  3.51  3.35  3.38     3.85  3.58  4.18  4.09  3.54
 45   60     3.38  3.82  3.90  3.94  3.81  3.38  3.66  4.18  3.51  3.36  3.29  3.37     3.63  3.52  3.88  3.74  3.39
 45   70     3.25  3.64  3.62  3.57  3.40  3.00  3.25  3.76  3.23  3.14  3.16  3.28     3.36  3.39  3.53  3.34  3.17
 45   80     3.06  3.38  3.26  3.16  2.98  2.62  2.84  3.32  2.88  2.87  2.95  3.10     3.03  3.18  3.13  2.92  2.90
 45   90     2.80  3.04  2.88  2.72  2.55  2.25  2.42  2.85  2.52  2.55  2.68  2.86     2.68  2.90  2.72  2.50  2.58
 60   10     2.69  3.39  4.06  4.72  4.95  4.54  4.89  5.17  3.95  3.30  2.74  2.52     3.91  2.87  4.58  4.87  3.33
 60   20     2.87  3.55  4.13  4.69  4.87  4.44  4.78  5.12  3.97  3.39  2.90  2.73     3.95  3.05  4.56  4.78  3.42
 60   30     2.98  3.65  4.13  4.58  4.71  4.27  4.60  4.99  3.91  3.40  3.00  2.88     3.92  3.17  4.47  4.62  3.44
 60   40     3.04  3.66  4.04  4.41  4.49  4.04  4.36  4.79  3.80  3.37  3.04  2.96     3.83  3.22  4.31  4.40  3.40
 60   50     3.04  3.62  3.90  4.16  4.19  3.75  4.06  4.52  3.61  3.26  3.01  2.98     3.67  3.21  4.08  4.11  3.29
 60   60     2.96  3.49  3.68  3.86  3.86  3.43  3.72  4.18  3.39  3.10  2.93  2.94     3.46  3.13  3.80  3.78  3.14
 60   70     2.82  3.30  3.41  3.52  3.49  3.09  3.35  3.81  3.10  2.89  2.79  2.83     3.20  2.98  3.47  3.42  2.93
 60   80     2.64  3.06  3.10  3.14  3.09  2.73  2.96  3.39  2.80  2.63  2.59  2.65     2.90  2.78  3.11  3.02  2.67
 60   90     2.40  2.75  2.75  2.75  2.70  2.37  2.57  2.98  2.47  2.35  2.36  2.44     2.57  2.53  2.73  2.64  2.39
 75   10     2.57  3.28  3.98  4.67  4.94  4.54  4.88  5.14  3.90  3.22  2.64  2.40     3.85  2.75  4.53  4.85  3.25
 75   20     2.65  3.35  3.98  4.60  4.84  4.43  4.77  5.07  3.87  3.23  2.70  2.51     3.83  2.83  4.47  4.75  3.27
 75   30     2.68  3.36  3.92  4.46  4.68  4.26  4.59  4.92  3.78  3.19  2.73  2.56     3.76  2.87  4.36  4.59  3.23
 75   40     2.67  3.33  3.80  4.26  4.46  4.04  4.35  4.71  3.63  3.10  2.71  2.58     3.64  2.86  4.17  4.37  3.15
 75   50     2.60  3.23  3.63  4.02  4.18  3.77  4.07  4.45  3.45  2.98  2.65  2.54     3.46  2.79  3.94  4.09  3.02
 75   60     2.51  3.11  3.42  3.73  3.85  3.45  3.74  4.13  3.21  2.80  2.53  2.47     3.25  2.70  3.66  3.77  2.85
 75   70     2.37  2.91  3.15  3.40  3.51  3.13  3.39  3.77  2.96  2.60  2.40  2.36     3.00  2.54  3.36  3.43  2.65
 75   80     2.19  2.70  2.87  3.06  3.15  2.80  3.03  3.40  2.67  2.36  2.21  2.19     2.72  2.36  3.02  3.08  2.41
 75   90     1.99  2.44  2.55  2.69  2.77  2.46  2.66  3.00  2.37  2.12  2.01  2.01     2.42  2.15  2.67  2.71  2.16
 90   10     2.45  3.16  3.90  4.62  4.92  4.54  4.87  5.10  3.84  3.13  2.52  2.27     3.78  2.63  4.48  4.84  3.16
 90   20     2.40  3.13  3.81  4.50  4.81  4.42  4.75  4.99  3.75  3.06  2.49  2.26     3.70  2.60  4.37  4.72  3.10
 90   30     2.35  3.06  3.68  4.32  4.63  4.25  4.55  4.82  3.62  2.96  2.43  2.23     3.58  2.55  4.21  4.54  3.00
 90   40     2.27  2.96  3.53  4.09  4.39  4.02  4.31  4.58  3.44  2.83  2.36  2.17     3.41  2.46  4.00  4.30  2.88
 90   50     2.17  2.84  3.33  3.83  4.12  3.75  4.03  4.31  3.23  2.66  2.26  2.10     3.22  2.37  3.76  4.03  2.72
 90   60     2.06  2.68  3.10  3.55  3.80  3.44  3.71  4.01  3.01  2.49  2.13  1.99     3.00  2.24  3.48  3.72  2.54
 90   70     1.92  2.50  2.86  3.23  3.46  3.12  3.36  3.66  2.75  2.28  1.99  1.89     2.75  2.10  3.18  3.38  2.34
 90   80     1.76  2.30  2.58  2.90  3.12  2.81  3.02  3.31  2.49  2.08  1.83  1.74     2.50  1.93  2.87  3.05  2.13
 90   90     1.60  2.09  2.32  2.58  2.77  2.48  2.68  2.96  2.22  1.85  1.65  1.60     2.23  1.76  2.56  2.71  1.91
105   10     2.32  3.04  3.81  4.56  4.90  4.53  4.86  5.06  3.78  3.04  2.41  2.14     3.70  2.50  4.42  4.82  3.08
105   20     2.17  2.89  3.64  4.39  4.76  4.41  4.72  4.91  3.63  2.89  2.27  2.01     3.56  2.36  4.27  4.68  2.93
105   30     2.02  2.74  3.44  4.16  4.56  4.22  4.51  4.69  3.45  2.71  2.14  1.88     3.38  2.21  4.05  4.47  2.76
105   40     1.88  2.58  3.22  3.90  4.30  3.98  4.25  4.42  3.23  2.53  2.00  1.77     3.17  2.08  3.81  4.21  2.59
105   50     1.75  2.41  2.99  3.60  4.01  3.69  3.95  4.12  3.00  2.34  1.86  1.66     2.95  1.94  3.53  3.92  2.40
105   60     1.61  2.24  2.76  3.30  3.69  3.39  3.62  3.81  2.75  2.15  1.73  1.54     2.72  1.80  3.25  3.61  2.21
105   70     1.49  2.08  2.50  3.00  3.35  3.07  3.28  3.48  2.51  1.96  1.59  1.44     2.48  1.67  2.95  3.27  2.02
105   80     1.35  1.89  2.28  2.69  3.01  2.75  2.94  3.13  2.26  1.78  1.47  1.33     2.24  1.52  2.66  2.94  1.84
105   90     1.24  1.73  2.04  2.39  2.69  2.44  2.62  2.80  2.02  1.59  1.32  1.21     2.01  1.39  2.37  2.62  1.64
120   10     2.20  2.92  3.72  4.51  4.88  4.53  4.85  5.02  3.72  2.96  2.30  2.02     3.63  2.38  4.37  4.80  2.99
120   20     1.94  2.66  3.47  4.28  4.72  4.39  4.70  4.82  3.52  2.72  2.06  1.77     3.42  2.13  4.16  4.64  2.77
120   30     1.71  2.41  3.19  4.00  4.48  4.19  4.46  4.54  3.27  2.47  1.84  1.56     3.18  1.89  3.89  4.40  2.53
120   40     1.51  2.18  2.90  3.67  4.18  3.92  4.17  4.23  3.01  2.23  1.65  1.39     2.92  1.70  3.59  4.10  2.29
120   50     1.36  1.99  2.63  3.34  3.85  3.61  3.83  3.88  2.74  2.01  1.49  1.25     2.66  1.53  3.27  3.77  2.08
120   60     1.22  1.81  2.38  3.01  3.51  3.29  3.48  3.54  2.48  1.82  1.36  1.14     2.42  1.39  2.97  3.44  1.89
120   70     1.13  1.65  2.16  2.71  3.17  2.96  3.14  3.20  2.23  1.65  1.23  1.06     2.19  1.28  2.68  3.10  1.70
120   80     1.02  1.52  1.95  2.43  2.84  2.64  2.80  2.88  2.01  1.48  1.14  0.97     1.97  1.17  2.40  2.77  1.54
120   90     0.94  1.39  1.75  2.16  2.52  2.34  2.48  2.58  1.80  1.34  1.03  0.90     1.77  1.08  2.14  2.46  1.39
135   10     2.09  2.82  3.65  4.47  4.87  4.53  4.84  4.98  3.67  2.88  2.20  1.91     3.58  2.27  4.33  4.78  2.92
135   20     1.73  2.46  3.31  4.18  4.68  4.38  4.67  4.74  3.41  2.56  1.87  1.56     3.30  1.92  4.06  4.60  2.62
135   30     1.42  2.11  2.95  3.84  4.40  4.16  4.41  4.41  3.10  2.24  1.57  1.26     2.99  1.60  3.73  4.33  2.30
135   40     1.17  1.81  2.59  3.45  4.06  3.86  4.08  4.03  2.78  1.95  1.33  1.04     2.68  1.34  3.37  3.99  2.02
135   50     1.02  1.58  2.28  3.06  3.67  3.52  3.69  3.62  2.47  1.70  1.16  0.91     2.39  1.17  3.00  3.61  1.78
135   60     0.91  1.41  2.01  2.70  3.29  3.15  3.30  3.22  2.19  1.51  1.04  0.82     2.13  1.05  2.67  3.22  1.58
135   70     0.85  1.28  1.80  2.39  2.92  2.80  2.93  2.86  1.96  1.35  0.95  0.77     1.91  0.97  2.37  2.87  1.42
135   80     0.79  1.19  1.61  2.12  2.60  2.48  2.60  2.55  1.75  1.22  0.89  0.72     1.71  0.90  2.11  2.54  1.29
135   90     0.74  1.10  1.47  1.89  2.31  2.19  2.30  2.29  1.57  1.12  0.82  0.68     1.54  0.84  1.89  2.26  1.17
150   10     2.01  2.74  3.59  4.43  4.86  4.52  4.84  4.96  3.63  2.82  2.12  1.81     3.53  2.19  4.29  4.77  2.86
150   20     1.56  2.29  3.19  4.11  4.65  4.37  4.66  4.67  3.32  2.44  1.71  1.37     3.19  1.74  3.98  4.57  2.49
150   30     1.16  1.84  2.75  3.71  4.35  4.14  4.38  4.30  2.96  2.05  1.33  0.99     2.83  1.33  3.60  4.27  2.11
150   40     0.90  1.47  2.31  3.26  3.96  3.83  4.02  3.85  2.57  1.69  1.04  0.76     2.47  1.04  3.18  3.90  1.77
150   50     0.78  1.22  1.93  2.79  3.51  3.44  3.58  3.35  2.20  1.41  0.89  0.68     2.15  0.89  2.74  3.46  1.50
150   60     0.74  1.09  1.65  2.37  3.04  3.02  3.11  2.87  1.89  1.24  0.82  0.65     1.88  0.82  2.36  3.00  1.32
150   70     0.71  1.01  1.47  2.06  2.63  2.62  2.69  2.48  1.68  1.12  0.78  0.63     1.66  0.78  2.05  2.60  1.19
150   80     0.68  0.95  1.34  1.82  2.31  2.29  2.34  2.20  1.51  1.04  0.74  0.60     1.48  0.74  1.82  2.27  1.10
150   90     0.65  0.90  1.24  1.64  2.05  2.02  2.06  1.97  1.37  0.97  0.71  0.58     1.35  0.71  1.64  2.02  1.01
165   10     1.95  2.68  3.55  4.42  4.85  4.52  4.83  4.94  3.61  2.78  2.07  1.75     3.50  2.13  4.27  4.76  2.82
165   20     1.43  2.16  3.10  4.07  4.63  4.37  4.65  4.64  3.27  2.36  1.60  1.24     3.13  1.61  3.94  4.55  2.41
165   30     0.97  1.63  2.60  3.64  4.32  4.13  4.37  4.24  2.87  1.91  1.15  0.81     2.72  1.14  3.52  4.25  1.98
165   40     0.77  1.17  2.08  3.14  3.92  3.82  4.00  3.75  2.43  1.47  0.84  0.68     2.34  0.87  3.05  3.86  1.58
165   50     0.75  0.95  1.61  2.59  3.45  3.43  3.56  3.19  1.97  1.16  0.81  0.67     2.01  0.79  2.55  3.40  1.31
165   60     0.72  0.92  1.34  2.06  2.92  2.99  3.06  2.57  1.62  1.06  0.78  0.65     1.72  0.76  2.11  2.87  1.15
165   70     0.70  0.89  1.23  1.72  2.35  2.50  2.50  2.09  1.44  1.00  0.75  0.63     1.48  0.74  1.77  2.36  1.06
165   80     0.68  0.86  1.16  1.54  2.01  2.08  2.09  1.83  1.32  0.95  0.72  0.60     1.32  0.71  1.57  2.00  1.00
165   90     0.65  0.82  1.10  1.42  1.80  1.83  1.84  1.67  1.23  0.91  0.69  0.58     1.21  0.69  1.44  1.78  0.94
180   10     1.93  2.66  3.54  4.42  4.84  4.52  4.83  4.93  3.60  2.77  2.05  1.73     3.48  2.11  4.27  4.76  2.81
180   20     1.40  2.11  3.07  4.07  4.62  4.37  4.65  4.63  3.25  2.33  1.55  1.20     3.10  1.57  3.92  4.55  2.38
180   30     0.90  1.55  2.55  3.64  4.30  4.13  4.37  4.22  2.84  1.85  1.08  0.75     2.68  1.07  3.50  4.24  1.92
180   40     0.77  1.04  1.98  3.14  3.90  3.81  4.00  3.73  2.38  1.36  0.83  0.68     2.30  0.83  3.01  3.85  1.52
180   50     0.75  0.95  1.39  2.58  3.43  3.43  3.56  3.17  1.88  1.08  0.81  0.67     1.97  0.79  2.47  3.38  1.26
180   60     0.72  0.92  1.21  1.98  2.89  2.98  3.05  2.54  1.40  1.04  0.78  0.65     1.68  0.76  2.03  2.86  1.07
180   70     0.70  0.89  1.16  1.54  2.31  2.50  2.50  1.90  1.31  1.00  0.75  0.63     1.43  0.74  1.67  2.30  1.02
180   80     0.68  0.86  1.12  1.42  1.87  2.00  1.98  1.66  1.24  0.95  0.72  0.60     1.26  0.71  1.47  1.88  0.97
180   90     0.65  0.82  1.07  1.35  1.68  1.75  1.75  1.53  1.17  0.91  0.69  0.58     1.16  0.69  1.36  1.68  0.92
             58.1  49.1  34.8  18.7   6.0   1.5   3.0  12.0  26.3  42.0  55.2  60.7     31.2  55.9  20.1   5.9  41.5
             4.08  4.39  4.55  4.86  4.98  4.58  4.92  5.22  4.18  3.94  3.92  4.03     4.47  4.15  4.72  4.89  3.95
             3.71  4.22  4.54  4.78  4.67  4.20  4.54  5.03  4.17  3.89  3.64  3.59     4.25  3.84  4.66  4.59  3.90
             1.10  1.04  1.00  1.02  1.07  1.09  1.08  1.04  1.00  1.01  1.08  1.12     1.05  1.09  1.03  1.07  1.03
             1.51  1.33  1.16  1.02  0.94  0.92  0.92  0.98  1.07  1.23  1.43  1.57     1.17  1.47  1.04  0.94  1.24
temperature   4.6   5.0   8.1  13.4  17.8  21.5  25.3  26.5  23.3  17.5  11.9   6.9     15.2   5.5  13.1  24.4  17.6
diffusedrad  1.09  1.40  1.80  2.17  2.46  2.59  2.53  2.29  1.98  1.53  1.15  0.97     1.83  1.15  2.15  2.47  1.55
snow10cm     0.00  0.00  0.00  0.00  0.00  0.00  0.00  0.00  0.00  0.00  0.00  0.00     0.00  0.00  0.00  0.00  0.00
