2 52286   萩原            35 53.3  137 12.4  425
             1.93  3.07  3.43  4.22  4.63  4.38  4.28  4.50  3.51  2.84  2.13  1.68     3.38  2.23  4.10  4.39  2.83
             2.36  4.06  3.86  4.91  5.22  4.90  5.46  5.57  3.95  3.25  2.59  2.03     3.70  2.61  4.40  5.04  3.09
             1.40  2.15  2.83  3.48  3.99  3.69  3.26  3.56  2.84  2.29  1.47  1.30     3.05  1.84  3.63  3.91  2.29
  0   10     2.21  3.36  3.67  4.34  4.65  4.35  4.27  4.57  3.65  3.10  2.41  1.95     3.54  2.50  4.22  4.40  3.05
  0   20     2.44  3.61  3.82  4.37  4.58  4.25  4.18  4.56  3.73  3.30  2.65  2.19     3.64  2.74  4.26  4.33  3.23
  0   30     2.62  3.80  3.89  4.32  4.42  4.07  4.02  4.45  3.74  3.42  2.84  2.37     3.66  2.93  4.21  4.18  3.33
  0   40     2.74  3.91  3.88  4.17  4.17  3.82  3.79  4.25  3.66  3.47  2.96  2.50     3.61  3.05  4.08  3.95  3.36
  0   50     2.81  3.95  3.79  3.94  3.85  3.50  3.48  3.96  3.52  3.44  3.01  2.58     3.48  3.11  3.86  3.65  3.32
  0   60     2.81  3.91  3.61  3.63  3.46  3.13  3.13  3.60  3.30  3.33  2.99  2.59     3.29  3.10  3.57  3.29  3.21
  0   70     2.76  3.79  3.36  3.25  3.02  2.73  2.73  3.18  3.02  3.15  2.90  2.55     3.04  3.03  3.21  2.88  3.02
  0   80     2.64  3.59  3.04  2.81  2.53  2.29  2.30  2.71  2.68  2.90  2.75  2.45     2.73  2.89  2.80  2.44  2.78
  0   90     2.47  3.33  2.67  2.34  2.04  1.86  1.88  2.21  2.29  2.60  2.53  2.29     2.38  2.70  2.35  1.98  2.47
 15   10     2.19  3.34  3.66  4.33  4.65  4.35  4.27  4.57  3.65  3.09  2.40  1.95     3.54  2.50  4.21  4.39  3.04
 15   20     2.42  3.59  3.80  4.36  4.58  4.25  4.18  4.56  3.72  3.27  2.64  2.17     3.63  2.73  4.25  4.33  3.21
 15   30     2.59  3.76  3.87  4.30  4.42  4.07  4.02  4.45  3.72  3.39  2.82  2.35     3.65  2.90  4.20  4.18  3.31
 15   40     2.70  3.87  3.85  4.16  4.17  3.82  3.79  4.25  3.65  3.43  2.93  2.48     3.59  3.02  4.06  3.95  3.34
 15   50     2.76  3.89  3.75  3.94  3.86  3.52  3.50  3.97  3.50  3.39  2.98  2.54     3.47  3.07  3.85  3.66  3.29
 15   60     2.76  3.84  3.58  3.63  3.48  3.15  3.15  3.62  3.28  3.28  2.96  2.56     3.27  3.05  3.56  3.31  3.17
 15   70     2.70  3.72  3.33  3.26  3.05  2.76  2.76  3.21  3.00  3.09  2.87  2.51     3.02  2.98  3.21  2.91  2.99
 15   80     2.58  3.52  3.01  2.84  2.58  2.33  2.35  2.75  2.67  2.84  2.71  2.40     2.72  2.84  2.81  2.48  2.74
 15   90     2.41  3.26  2.63  2.38  2.11  1.92  1.93  2.27  2.29  2.53  2.49  2.24     2.37  2.64  2.37  2.04  2.44
 30   10     2.17  3.31  3.63  4.31  4.64  4.34  4.26  4.57  3.63  3.06  2.37  1.92     3.52  2.46  4.20  4.39  3.02
 30   20     2.36  3.52  3.75  4.33  4.58  4.25  4.18  4.54  3.69  3.21  2.58  2.12     3.59  2.67  4.22  4.33  3.16
 30   30     2.50  3.66  3.80  4.27  4.42  4.08  4.03  4.44  3.68  3.31  2.74  2.27     3.60  2.81  4.17  4.18  3.24
 30   40     2.60  3.74  3.77  4.13  4.20  3.84  3.80  4.25  3.60  3.33  2.83  2.38     3.54  2.90  4.03  3.96  3.25
 30   50     2.63  3.74  3.66  3.90  3.89  3.54  3.52  3.98  3.44  3.27  2.86  2.43     3.41  2.93  3.82  3.68  3.19
 30   60     2.62  3.67  3.48  3.61  3.54  3.21  3.19  3.66  3.23  3.15  2.82  2.42     3.22  2.90  3.54  3.35  3.06
 30   70     2.54  3.54  3.23  3.25  3.13  2.83  2.83  3.27  2.96  2.96  2.71  2.36     2.97  2.81  3.21  2.98  2.88
 30   80     2.42  3.34  2.92  2.86  2.71  2.44  2.44  2.85  2.63  2.71  2.55  2.25     2.68  2.67  2.83  2.58  2.63
 30   90     2.25  3.07  2.57  2.44  2.27  2.05  2.06  2.41  2.29  2.41  2.33  2.09     2.35  2.47  2.43  2.17  2.34
 45   10     2.12  3.25  3.59  4.29  4.64  4.34  4.26  4.55  3.60  3.01  2.33  1.88     3.49  2.42  4.17  4.38  2.98
 45   20     2.27  3.41  3.68  4.28  4.57  4.25  4.17  4.52  3.64  3.13  2.49  2.03     3.54  2.57  4.18  4.31  3.09
 45   30     2.38  3.51  3.70  4.21  4.42  4.08  4.02  4.42  3.61  3.19  2.60  2.15     3.52  2.68  4.11  4.17  3.13
 45   40     2.44  3.55  3.65  4.06  4.20  3.85  3.81  4.23  3.51  3.17  2.65  2.22     3.44  2.73  3.97  3.96  3.11
 45   50     2.44  3.52  3.53  3.84  3.92  3.58  3.54  3.98  3.36  3.10  2.65  2.24     3.31  2.74  3.77  3.70  3.04
 45   60     2.40  3.43  3.34  3.56  3.59  3.26  3.23  3.67  3.14  2.97  2.60  2.21     3.12  2.68  3.49  3.39  2.90
 45   70     2.32  3.29  3.10  3.23  3.22  2.91  2.89  3.31  2.88  2.77  2.48  2.14     2.88  2.58  3.19  3.04  2.71
 45   80     2.19  3.09  2.81  2.86  2.83  2.55  2.54  2.93  2.58  2.54  2.31  2.02     2.60  2.43  2.83  2.67  2.48
 45   90     2.02  2.84  2.49  2.48  2.43  2.19  2.19  2.52  2.26  2.26  2.10  1.86     2.30  2.24  2.46  2.30  2.21
 60   10     2.06  3.18  3.54  4.25  4.63  4.34  4.25  4.53  3.56  2.95  2.26  1.82     3.45  2.35  4.14  4.37  2.92
 60   20     2.16  3.28  3.58  4.22  4.55  4.24  4.16  4.48  3.57  3.02  2.37  1.92     3.46  2.45  4.12  4.30  2.98
 60   30     2.21  3.32  3.56  4.12  4.40  4.08  4.01  4.36  3.51  3.03  2.43  1.99     3.42  2.51  4.03  4.15  2.99
 60   40     2.23  3.31  3.48  3.97  4.19  3.87  3.81  4.19  3.40  2.99  2.44  2.02     3.33  2.52  3.88  3.95  2.94
 60   50     2.21  3.26  3.35  3.74  3.92  3.60  3.55  3.94  3.23  2.89  2.40  2.01     3.18  2.50  3.67  3.69  2.84
 60   60     2.15  3.15  3.16  3.48  3.62  3.30  3.26  3.65  3.03  2.75  2.33  1.97     2.99  2.42  3.42  3.40  2.70
 60   70     2.05  3.00  2.93  3.17  3.27  2.97  2.94  3.32  2.77  2.56  2.21  1.88     2.76  2.31  3.12  3.08  2.51
 60   80     1.93  2.82  2.66  2.83  2.90  2.63  2.61  2.96  2.50  2.33  2.04  1.76     2.50  2.17  2.80  2.73  2.29
 60   90     1.77  2.59  2.37  2.49  2.54  2.29  2.27  2.60  2.20  2.08  1.85  1.61     2.22  1.99  2.46  2.39  2.04
 75   10     1.99  3.10  3.48  4.21  4.61  4.33  4.25  4.50  3.51  2.88  2.19  1.75     3.40  2.28  4.10  4.36  2.86
 75   20     2.03  3.12  3.46  4.15  4.52  4.23  4.15  4.43  3.48  2.89  2.23  1.79     3.37  2.31  4.04  4.27  2.86
 75   30     2.03  3.10  3.40  4.02  4.37  4.07  3.99  4.30  3.39  2.85  2.23  1.81     3.30  2.31  3.93  4.12  2.83
 75   40     2.01  3.05  3.29  3.84  4.16  3.86  3.79  4.11  3.26  2.76  2.20  1.80     3.18  2.29  3.77  3.92  2.74
 75   50     1.96  2.96  3.14  3.62  3.90  3.60  3.54  3.87  3.09  2.65  2.14  1.76     3.02  2.23  3.55  3.67  2.63
 75   60     1.89  2.85  2.95  3.36  3.59  3.31  3.25  3.59  2.87  2.49  2.04  1.70     2.82  2.14  3.30  3.38  2.47
 75   70     1.78  2.69  2.72  3.07  3.28  3.00  2.95  3.28  2.64  2.31  1.92  1.61     2.60  2.02  3.02  3.08  2.29
 75   80     1.66  2.52  2.48  2.75  2.94  2.68  2.64  2.95  2.38  2.10  1.76  1.49     2.36  1.89  2.72  2.76  2.08
 75   90     1.53  2.33  2.21  2.43  2.58  2.35  2.32  2.60  2.11  1.88  1.60  1.37     2.11  1.74  2.41  2.42  1.86
 90   10     1.92  3.01  3.41  4.16  4.59  4.33  4.24  4.47  3.46  2.81  2.10  1.68     3.35  2.20  4.05  4.34  2.79
 90   20     1.89  2.95  3.33  4.06  4.48  4.22  4.13  4.37  3.39  2.75  2.07  1.66     3.27  2.17  3.96  4.24  2.73
 90   30     1.84  2.88  3.22  3.90  4.31  4.05  3.96  4.21  3.26  2.65  2.02  1.62     3.16  2.11  3.81  4.07  2.64
 90   40     1.78  2.77  3.08  3.69  4.09  3.83  3.75  4.00  3.10  2.54  1.95  1.57     3.01  2.04  3.62  3.86  2.53
 90   50     1.70  2.66  2.90  3.46  3.83  3.57  3.50  3.76  2.91  2.38  1.86  1.51     2.84  1.96  3.40  3.61  2.38
 90   60     1.62  2.52  2.70  3.20  3.54  3.29  3.22  3.48  2.70  2.23  1.75  1.43     2.64  1.85  3.15  3.33  2.23
 90   70     1.52  2.38  2.49  2.91  3.22  2.98  2.92  3.18  2.46  2.05  1.62  1.34     2.42  1.75  2.87  3.03  2.04
 90   80     1.41  2.22  2.25  2.62  2.90  2.68  2.62  2.87  2.23  1.86  1.49  1.24     2.20  1.62  2.59  2.72  1.86
 90   90     1.30  2.07  2.03  2.33  2.58  2.37  2.32  2.55  1.98  1.66  1.34  1.13     1.97  1.50  2.31  2.41  1.66
105   10     1.85  2.92  3.34  4.12  4.57  4.32  4.22  4.44  3.42  2.74  2.02  1.61     3.30  2.13  4.01  4.33  2.72
105   20     1.75  2.78  3.20  3.97  4.44  4.20  4.10  4.30  3.29  2.60  1.92  1.52     3.17  2.02  3.87  4.20  2.60
105   30     1.65  2.64  3.03  3.77  4.25  4.02  3.92  4.11  3.12  2.45  1.81  1.43     3.02  1.91  3.68  4.02  2.46
105   40     1.55  2.49  2.84  3.53  4.01  3.79  3.69  3.87  2.93  2.29  1.69  1.35     2.83  1.80  3.46  3.78  2.30
105   50     1.46  2.35  2.64  3.26  3.73  3.52  3.43  3.60  2.71  2.12  1.57  1.26     2.64  1.69  3.21  3.52  2.14
105   60     1.36  2.21  2.44  3.00  3.43  3.23  3.15  3.32  2.49  1.95  1.46  1.18     2.43  1.58  2.95  3.23  1.97
105   70     1.28  2.08  2.22  2.72  3.11  2.92  2.85  3.02  2.27  1.78  1.34  1.10     2.23  1.48  2.69  2.93  1.80
105   80     1.18  1.94  2.02  2.44  2.80  2.62  2.55  2.72  2.05  1.61  1.23  1.01     2.02  1.38  2.42  2.63  1.63
105   90     1.10  1.83  1.81  2.17  2.50  2.33  2.27  2.43  1.82  1.44  1.11  0.92     1.81  1.28  2.16  2.34  1.46
120   10     1.78  2.84  3.27  4.08  4.55  4.32  4.21  4.40  3.37  2.66  1.94  1.54     3.25  2.05  3.97  4.31  2.66
120   20     1.62  2.62  3.07  3.88  4.40  4.18  4.08  4.23  3.19  2.46  1.76  1.39     3.07  1.88  3.78  4.17  2.47
120   30     1.47  2.41  2.84  3.63  4.18  3.98  3.88  3.99  2.98  2.25  1.59  1.25     2.87  1.71  3.55  3.95  2.27
120   40     1.35  2.21  2.60  3.34  3.90  3.73  3.63  3.71  2.74  2.04  1.44  1.14     2.65  1.57  3.28  3.69  2.08
120   50     1.24  2.05  2.37  3.05  3.59  3.44  3.34  3.41  2.51  1.85  1.32  1.04     2.43  1.45  3.00  3.40  1.89
120   60     1.15  1.92  2.16  2.76  3.27  3.13  3.04  3.11  2.27  1.68  1.20  0.96     2.22  1.34  2.73  3.09  1.72
120   70     1.08  1.80  1.96  2.48  2.95  2.82  2.74  2.81  2.05  1.52  1.09  0.90     2.02  1.26  2.47  2.79  1.56
120   80     1.00  1.70  1.77  2.23  2.65  2.52  2.45  2.53  1.85  1.37  1.01  0.83     1.82  1.18  2.21  2.50  1.41
120   90     0.94  1.61  1.60  1.98  2.35  2.23  2.17  2.26  1.65  1.24  0.91  0.77     1.64  1.11  1.98  2.22  1.27
135   10     1.72  2.77  3.21  4.04  4.54  4.31  4.21  4.37  3.33  2.60  1.88  1.47     3.20  1.99  3.93  4.30  2.60
135   20     1.50  2.48  2.95  3.79  4.36  4.17  4.06  4.17  3.11  2.34  1.63  1.27     2.98  1.75  3.70  4.13  2.36
135   30     1.31  2.20  2.65  3.49  4.11  3.96  3.84  3.89  2.84  2.06  1.40  1.09     2.74  1.53  3.42  3.90  2.10
135   40     1.16  1.97  2.37  3.16  3.79  3.68  3.56  3.56  2.56  1.81  1.22  0.95     2.48  1.36  3.10  3.60  1.87
135   50     1.06  1.79  2.11  2.82  3.43  3.35  3.24  3.21  2.29  1.60  1.09  0.87     2.24  1.24  2.78  3.27  1.66
135   60     0.99  1.66  1.88  2.51  3.08  3.01  2.91  2.87  2.05  1.43  0.99  0.80     2.01  1.15  2.49  2.93  1.49
135   70     0.93  1.57  1.70  2.23  2.74  2.68  2.59  2.55  1.83  1.29  0.91  0.76     1.82  1.09  2.22  2.61  1.34
135   80     0.89  1.51  1.53  1.99  2.44  2.38  2.30  2.28  1.65  1.16  0.84  0.71     1.64  1.03  1.99  2.32  1.22
135   90     0.84  1.45  1.40  1.77  2.17  2.11  2.04  2.04  1.48  1.07  0.77  0.66     1.48  0.99  1.78  2.06  1.11
150   10     1.67  2.71  3.17  4.01  4.53  4.31  4.20  4.35  3.30  2.55  1.82  1.43     3.17  1.94  3.90  4.29  2.56
150   20     1.41  2.37  2.85  3.73  4.33  4.16  4.05  4.12  3.04  2.23  1.52  1.17     2.91  1.65  3.64  4.11  2.26
150   30     1.17  2.02  2.50  3.39  4.05  3.94  3.82  3.80  2.73  1.90  1.24  0.95     2.63  1.38  3.32  3.85  1.96
150   40     1.01  1.75  2.15  3.00  3.70  3.64  3.52  3.42  2.40  1.60  1.03  0.81     2.34  1.19  2.95  3.53  1.68
150   50     0.94  1.57  1.85  2.60  3.29  3.28  3.16  3.00  2.08  1.37  0.91  0.76     2.07  1.09  2.58  3.15  1.45
150   60     0.91  1.48  1.62  2.24  2.87  2.89  2.77  2.61  1.82  1.22  0.85  0.73     1.83  1.04  2.24  2.76  1.29
150   70     0.87  1.43  1.47  1.96  2.50  2.52  2.42  2.28  1.62  1.11  0.80  0.69     1.64  1.00  1.97  2.41  1.18
150   80     0.84  1.40  1.34  1.74  2.19  2.21  2.13  2.03  1.47  1.03  0.75  0.66     1.48  0.96  1.76  2.12  1.08
150   90     0.80  1.37  1.24  1.57  1.95  1.95  1.88  1.82  1.33  0.95  0.70  0.62     1.35  0.93  1.59  1.88  1.00
165   10     1.64  2.68  3.14  4.00  4.52  4.30  4.20  4.34  3.28  2.52  1.79  1.39     3.15  1.90  3.88  4.28  2.53
165   20     1.34  2.29  2.79  3.70  4.32  4.16  4.04  4.09  2.99  2.17  1.44  1.10     2.87  1.58  3.60  4.09  2.20
165   30     1.06  1.90  2.40  3.33  4.03  3.93  3.81  3.75  2.66  1.79  1.11  0.85     2.55  1.27  3.25  3.83  1.85
165   40     0.96  1.56  1.98  2.91  3.66  3.63  3.50  3.35  2.28  1.42  0.90  0.79     2.25  1.10  2.85  3.50  1.53
165   50     0.93  1.43  1.62  2.43  3.23  3.27  3.14  2.89  1.90  1.17  0.87  0.76     1.97  1.04  2.43  3.10  1.31
165   60     0.90  1.41  1.41  1.98  2.75  2.86  2.73  2.38  1.61  1.08  0.83  0.73     1.72  1.01  2.05  2.65  1.17
165   70     0.87  1.39  1.30  1.71  2.25  2.40  2.28  1.99  1.45  1.03  0.79  0.69     1.51  0.99  1.75  2.22  1.09
165   80     0.84  1.38  1.23  1.54  1.95  2.03  1.95  1.77  1.33  0.96  0.74  0.66     1.37  0.96  1.57  1.92  1.01
165   90     0.80  1.36  1.15  1.41  1.75  1.80  1.73  1.61  1.23  0.91  0.69  0.62     1.25  0.93  1.44  1.71  0.94
180   10     1.63  2.67  3.13  3.99  4.51  4.30  4.20  4.33  3.27  2.51  1.77  1.38     3.14  1.89  3.88  4.28  2.52
180   20     1.31  2.26  2.77  3.70  4.31  4.15  4.04  4.08  2.98  2.14  1.41  1.08     2.85  1.55  3.59  4.09  2.18
180   30     1.03  1.84  2.36  3.33  4.02  3.92  3.80  3.74  2.63  1.74  1.06  0.82     2.52  1.23  3.23  3.82  1.81
180   40     0.96  1.47  1.91  2.90  3.65  3.63  3.50  3.33  2.25  1.33  0.90  0.79     2.22  1.07  2.82  3.48  1.49
180   50     0.93  1.43  1.45  2.42  3.21  3.26  3.13  2.87  1.83  1.12  0.87  0.76     1.94  1.04  2.36  3.09  1.27
180   60     0.90  1.41  1.33  1.91  2.73  2.85  2.72  2.35  1.45  1.08  0.83  0.73     1.69  1.01  1.99  2.64  1.12
180   70     0.87  1.39  1.26  1.57  2.20  2.40  2.27  1.84  1.36  1.02  0.79  0.69     1.47  0.99  1.68  2.17  1.06
180   80     0.84  1.38  1.20  1.45  1.83  1.96  1.87  1.65  1.28  0.96  0.74  0.66     1.32  0.96  1.49  1.83  1.00
180   90     0.80  1.36  1.13  1.35  1.66  1.73  1.67  1.51  1.19  0.91  0.69  0.62     1.22  0.93  1.38  1.64  0.93
             55.9  49.6  33.7  18.8   7.0   2.6   4.3  12.6  25.6  41.2  52.3  57.6     28.2  53.9  19.5   6.8  39.3
             2.82  3.95  3.90  4.37  4.65  4.37  4.28  4.58  3.74  3.47  3.01  2.60     3.81  3.12  4.26  4.40  3.36
             2.59  3.77  3.89  4.33  4.45  4.10  4.06  4.47  3.74  3.40  2.81  2.34     3.66  2.90  4.22  4.21  3.32
             1.09  1.05  1.00  1.01  1.04  1.07  1.05  1.02  1.00  1.02  1.07  1.11     1.05  1.08  1.02  1.05  1.03
             1.34  1.23  1.13  1.03  0.96  0.94  0.95  0.99  1.07  1.20  1.32  1.39     1.13  1.32  1.04  0.96  1.19
temperature   0.4   1.0   4.7  10.9  15.9  19.9  23.2  24.5  20.5  14.2   8.2   3.0     12.2   1.5  10.5  22.5  14.3
diffusedrad  1.18  1.85  1.87  2.23  2.52  2.64  2.58  2.38  2.02  1.53  1.18  0.98     1.91  1.34  2.21  2.53  1.58
snow10cm     0.23  0.41  0.03  0.00  0.00  0.00  0.00  0.00  0.00  0.00  0.00  0.09     0.06  0.24  0.01  0.00  0.00
