2 52331   八幡            35 45.4  136 58.7  250
             1.87  3.20  3.54  4.45  4.81  4.53  4.50  4.63  3.62  2.86  2.04  1.70     3.48  2.26  4.27  4.56  2.84
             2.41  4.36  3.98  5.20  5.73  5.14  5.64  5.58  4.16  3.31  2.52  2.12     3.83  2.76  4.75  5.19  3.19
             1.50  1.98  3.03  3.52  4.24  3.72  3.37  3.75  2.98  2.31  1.34  1.13     3.06  1.70  3.88  4.04  2.31
  0   10     2.10  3.50  3.79  4.57  4.82  4.50  4.49  4.71  3.77  3.11  2.29  1.97     3.63  2.52  4.39  4.57  3.05
  0   20     2.30  3.77  3.95  4.61  4.75  4.39  4.39  4.69  3.86  3.31  2.50  2.20     3.73  2.76  4.44  4.49  3.22
  0   30     2.45  3.98  4.03  4.56  4.58  4.20  4.22  4.58  3.86  3.43  2.67  2.39     3.75  2.94  4.39  4.34  3.32
  0   40     2.56  4.10  4.02  4.41  4.32  3.94  3.97  4.37  3.79  3.48  2.77  2.52     3.69  3.06  4.25  4.09  3.35
  0   50     2.62  4.15  3.92  4.16  3.98  3.60  3.64  4.08  3.64  3.45  2.81  2.59     3.55  3.12  4.02  3.77  3.30
  0   60     2.62  4.11  3.74  3.83  3.57  3.21  3.26  3.70  3.41  3.34  2.79  2.61     3.35  3.12  3.71  3.39  3.18
  0   70     2.58  4.00  3.48  3.42  3.10  2.79  2.84  3.26  3.12  3.16  2.70  2.56     3.08  3.04  3.34  2.96  2.99
  0   80     2.48  3.80  3.15  2.95  2.59  2.33  2.37  2.77  2.76  2.91  2.55  2.46     2.76  2.91  2.90  2.49  2.74
  0   90     2.33  3.54  2.75  2.44  2.08  1.88  1.92  2.25  2.36  2.60  2.35  2.30     2.40  2.72  2.42  2.01  2.44
 15   10     2.09  3.49  3.78  4.56  4.82  4.50  4.49  4.71  3.76  3.10  2.28  1.96     3.63  2.51  4.39  4.56  3.05
 15   20     2.28  3.75  3.93  4.61  4.75  4.39  4.40  4.69  3.85  3.28  2.49  2.19     3.72  2.74  4.43  4.49  3.21
 15   30     2.43  3.94  4.00  4.55  4.58  4.20  4.22  4.58  3.85  3.40  2.65  2.37     3.73  2.91  4.38  4.33  3.30
 15   40     2.53  4.05  3.99  4.39  4.32  3.94  3.97  4.37  3.77  3.44  2.75  2.49     3.67  3.02  4.23  4.09  3.32
 15   50     2.58  4.09  3.89  4.15  4.00  3.62  3.66  4.09  3.62  3.40  2.78  2.56     3.54  3.08  4.01  3.79  3.27
 15   60     2.58  4.04  3.70  3.83  3.59  3.23  3.28  3.72  3.40  3.28  2.75  2.57     3.33  3.06  3.71  3.41  3.14
 15   70     2.53  3.92  3.44  3.43  3.14  2.82  2.87  3.29  3.10  3.10  2.66  2.52     3.07  2.99  3.34  2.99  2.96
 15   80     2.43  3.73  3.11  2.98  2.65  2.38  2.42  2.82  2.75  2.84  2.51  2.42     2.75  2.86  2.91  2.54  2.70
 15   90     2.28  3.46  2.71  2.49  2.15  1.94  1.98  2.32  2.37  2.53  2.31  2.26     2.40  2.67  2.45  2.08  2.40
 30   10     2.07  3.45  3.75  4.55  4.82  4.50  4.49  4.70  3.74  3.07  2.25  1.93     3.61  2.48  4.37  4.56  3.02
 30   20     2.23  3.67  3.88  4.57  4.75  4.39  4.40  4.68  3.81  3.22  2.44  2.13     3.68  2.68  4.40  4.49  3.16
 30   30     2.36  3.83  3.94  4.51  4.59  4.21  4.23  4.57  3.80  3.32  2.57  2.29     3.69  2.83  4.34  4.34  3.23
 30   40     2.44  3.92  3.90  4.36  4.35  3.97  3.99  4.38  3.72  3.34  2.65  2.39     3.62  2.91  4.20  4.11  3.23
 30   50     2.47  3.93  3.79  4.11  4.03  3.65  3.69  4.10  3.56  3.28  2.67  2.44     3.48  2.95  3.98  3.81  3.17
 30   60     2.46  3.87  3.61  3.81  3.66  3.30  3.34  3.76  3.34  3.15  2.63  2.44     3.28  2.92  3.69  3.47  3.04
 30   70     2.40  3.73  3.35  3.43  3.23  2.91  2.95  3.36  3.06  2.96  2.52  2.38     3.02  2.84  3.34  3.07  2.85
 30   80     2.29  3.53  3.02  3.01  2.79  2.49  2.54  2.92  2.72  2.71  2.37  2.26     2.72  2.69  2.94  2.65  2.60
 30   90     2.14  3.27  2.66  2.56  2.34  2.09  2.13  2.47  2.36  2.41  2.16  2.10     2.39  2.50  2.52  2.23  2.31
 45   10     2.03  3.39  3.71  4.52  4.81  4.49  4.48  4.69  3.71  3.02  2.21  1.89     3.58  2.44  4.34  4.55  2.98
 45   20     2.16  3.56  3.80  4.52  4.74  4.39  4.39  4.66  3.75  3.14  2.36  2.05     3.63  2.59  4.35  4.48  3.08
 45   30     2.25  3.67  3.82  4.44  4.59  4.22  4.23  4.55  3.73  3.19  2.45  2.16     3.61  2.69  4.29  4.34  3.12
 45   40     2.30  3.72  3.78  4.28  4.36  3.98  4.00  4.36  3.63  3.18  2.49  2.23     3.53  2.75  4.14  4.12  3.10
 45   50     2.31  3.70  3.65  4.06  4.07  3.70  3.72  4.10  3.47  3.11  2.49  2.25     3.38  2.75  3.93  3.84  3.02
 45   60     2.27  3.61  3.46  3.75  3.72  3.36  3.39  3.78  3.25  2.97  2.43  2.23     3.19  2.70  3.64  3.51  2.88
 45   70     2.19  3.47  3.21  3.41  3.33  3.00  3.02  3.41  2.98  2.78  2.31  2.15     2.94  2.61  3.32  3.14  2.69
 45   80     2.09  3.28  2.90  3.02  2.92  2.62  2.65  3.01  2.67  2.54  2.15  2.03     2.66  2.46  2.95  2.76  2.45
 45   90     1.94  3.02  2.57  2.61  2.51  2.25  2.28  2.60  2.34  2.26  1.95  1.87     2.35  2.28  2.56  2.38  2.18
 60   10     1.98  3.32  3.65  4.48  4.80  4.49  4.48  4.66  3.67  2.96  2.15  1.83     3.54  2.38  4.31  4.54  2.93
 60   20     2.06  3.42  3.70  4.45  4.72  4.39  4.38  4.62  3.68  3.03  2.24  1.94     3.55  2.47  4.29  4.46  2.98
 60   30     2.11  3.47  3.68  4.35  4.57  4.22  4.22  4.50  3.62  3.04  2.29  2.00     3.51  2.53  4.20  4.31  2.98
 60   40     2.12  3.47  3.60  4.19  4.35  4.00  4.01  4.32  3.51  3.00  2.30  2.03     3.41  2.54  4.05  4.11  2.94
 60   50     2.11  3.42  3.47  3.95  4.07  3.72  3.73  4.06  3.34  2.89  2.26  2.02     3.25  2.52  3.83  3.84  2.83
 60   60     2.05  3.32  3.27  3.67  3.75  3.41  3.42  3.76  3.13  2.75  2.18  1.98     3.06  2.45  3.57  3.53  2.69
 60   70     1.97  3.17  3.03  3.35  3.39  3.07  3.09  3.42  2.87  2.56  2.07  1.89     2.82  2.34  3.26  3.20  2.50
 60   80     1.86  2.99  2.75  2.99  3.01  2.71  2.73  3.05  2.59  2.33  1.91  1.77     2.56  2.21  2.92  2.83  2.27
 60   90     1.73  2.76  2.44  2.62  2.63  2.37  2.38  2.68  2.28  2.08  1.73  1.62     2.28  2.04  2.57  2.48  2.03
 75   10     1.92  3.23  3.59  4.43  4.79  4.49  4.47  4.63  3.62  2.90  2.08  1.76     3.49  2.31  4.27  4.53  2.87
 75   20     1.95  3.26  3.57  4.37  4.69  4.38  4.37  4.57  3.59  2.90  2.12  1.81     3.46  2.34  4.21  4.44  2.87
 75   30     1.95  3.24  3.51  4.24  4.53  4.21  4.20  4.43  3.50  2.86  2.11  1.82     3.38  2.34  4.09  4.28  2.83
 75   40     1.93  3.20  3.40  4.05  4.32  3.99  3.99  4.23  3.36  2.77  2.08  1.81     3.26  2.31  3.92  4.07  2.74
 75   50     1.88  3.11  3.24  3.82  4.05  3.73  3.73  3.99  3.19  2.66  2.02  1.77     3.10  2.25  3.70  3.81  2.62
 75   60     1.82  3.00  3.05  3.54  3.73  3.42  3.42  3.70  2.97  2.50  1.92  1.71     2.90  2.17  3.44  3.52  2.46
 75   70     1.73  2.84  2.81  3.23  3.40  3.11  3.11  3.38  2.73  2.32  1.80  1.62     2.67  2.06  3.15  3.20  2.28
 75   80     1.63  2.68  2.56  2.91  3.05  2.77  2.78  3.04  2.46  2.10  1.65  1.50     2.43  1.94  2.84  2.87  2.07
 75   90     1.51  2.49  2.28  2.56  2.68  2.43  2.44  2.68  2.18  1.88  1.49  1.38     2.17  1.79  2.51  2.52  1.85
 90   10     1.86  3.14  3.51  4.38  4.77  4.48  4.46  4.60  3.57  2.82  2.01  1.69     3.44  2.23  4.22  4.51  2.80
 90   20     1.83  3.08  3.44  4.27  4.66  4.37  4.34  4.50  3.49  2.75  1.98  1.67     3.37  2.19  4.12  4.40  2.74
 90   30     1.78  3.00  3.32  4.11  4.48  4.19  4.17  4.34  3.36  2.66  1.92  1.64     3.25  2.14  3.97  4.23  2.65
 90   40     1.73  2.90  3.17  3.89  4.25  3.97  3.95  4.12  3.20  2.54  1.85  1.58     3.10  2.07  3.77  4.01  2.53
 90   50     1.66  2.79  2.99  3.64  3.98  3.70  3.68  3.87  3.00  2.39  1.76  1.52     2.92  1.99  3.54  3.75  2.38
 90   60     1.59  2.66  2.78  3.37  3.68  3.40  3.39  3.59  2.79  2.23  1.65  1.44     2.71  1.89  3.28  3.46  2.22
 90   70     1.50  2.52  2.57  3.07  3.35  3.09  3.08  3.28  2.54  2.05  1.53  1.35     2.49  1.79  2.99  3.15  2.04
 90   80     1.41  2.37  2.32  2.76  3.02  2.77  2.76  2.96  2.30  1.87  1.41  1.25     2.26  1.67  2.70  2.83  1.86
 90   90     1.31  2.22  2.09  2.45  2.68  2.45  2.45  2.64  2.05  1.66  1.26  1.14     2.03  1.56  2.41  2.51  1.66
105   10     1.79  3.05  3.44  4.33  4.75  4.47  4.45  4.57  3.52  2.75  1.94  1.62     3.39  2.15  4.17  4.50  2.73
105   20     1.71  2.90  3.29  4.17  4.61  4.35  4.32  4.43  3.38  2.61  1.84  1.53     3.26  2.05  4.03  4.37  2.61
105   30     1.62  2.76  3.12  3.96  4.41  4.16  4.13  4.23  3.21  2.46  1.73  1.44     3.10  1.94  3.83  4.17  2.47
105   40     1.53  2.61  2.92  3.71  4.16  3.92  3.89  3.98  3.01  2.29  1.62  1.36     2.92  1.83  3.59  3.93  2.31
105   50     1.45  2.46  2.72  3.43  3.87  3.64  3.61  3.71  2.79  2.13  1.50  1.27     2.72  1.73  3.34  3.65  2.14
105   60     1.37  2.33  2.50  3.15  3.56  3.34  3.31  3.42  2.56  1.96  1.40  1.19     2.51  1.63  3.07  3.36  1.97
105   70     1.29  2.20  2.28  2.86  3.23  3.02  3.00  3.12  2.34  1.78  1.28  1.11     2.29  1.53  2.79  3.05  1.80
105   80     1.21  2.07  2.08  2.56  2.91  2.71  2.69  2.81  2.11  1.62  1.17  1.02     2.08  1.43  2.52  2.73  1.63
105   90     1.14  1.96  1.86  2.28  2.59  2.41  2.39  2.50  1.88  1.44  1.05  0.93     1.87  1.35  2.24  2.43  1.46
120   10     1.74  2.96  3.37  4.29  4.73  4.47  4.43  4.53  3.47  2.67  1.86  1.55     3.34  2.08  4.13  4.48  2.67
120   20     1.60  2.74  3.15  4.07  4.57  4.33  4.29  4.35  3.28  2.47  1.70  1.40     3.16  1.91  3.93  4.33  2.48
120   30     1.47  2.51  2.91  3.80  4.33  4.12  4.08  4.11  3.06  2.26  1.54  1.26     2.96  1.75  3.68  4.10  2.29
120   40     1.35  2.32  2.67  3.50  4.04  3.86  3.81  3.82  2.82  2.05  1.40  1.15     2.73  1.61  3.40  3.83  2.09
120   50     1.26  2.16  2.42  3.19  3.72  3.56  3.51  3.51  2.57  1.86  1.27  1.05     2.51  1.49  3.11  3.52  1.90
120   60     1.18  2.02  2.20  2.88  3.39  3.24  3.19  3.19  2.33  1.68  1.17  0.97     2.29  1.39  2.83  3.21  1.73
120   70     1.12  1.91  2.00  2.59  3.06  2.92  2.88  2.89  2.10  1.53  1.06  0.91     2.08  1.31  2.55  2.90  1.56
120   80     1.06  1.82  1.81  2.33  2.74  2.60  2.57  2.60  1.89  1.37  0.97  0.84     1.88  1.24  2.29  2.59  1.41
120   90     1.01  1.74  1.63  2.07  2.44  2.31  2.27  2.32  1.70  1.24  0.88  0.77     1.70  1.17  2.04  2.30  1.27
135   10     1.68  2.89  3.31  4.25  4.71  4.46  4.43  4.50  3.42  2.61  1.80  1.49     3.30  2.02  4.09  4.46  2.61
135   20     1.50  2.59  3.03  3.98  4.53  4.32  4.27  4.29  3.19  2.35  1.58  1.28     3.07  1.79  3.85  4.29  2.37
135   30     1.32  2.30  2.72  3.66  4.25  4.09  4.04  4.00  2.92  2.07  1.37  1.10     2.82  1.57  3.54  4.04  2.12
135   40     1.20  2.06  2.42  3.30  3.92  3.80  3.74  3.65  2.62  1.82  1.20  0.96     2.56  1.41  3.21  3.73  1.88
135   50     1.11  1.88  2.14  2.94  3.55  3.46  3.39  3.29  2.34  1.61  1.07  0.88     2.31  1.29  2.88  3.38  1.67
135   60     1.05  1.76  1.91  2.61  3.18  3.11  3.04  2.94  2.09  1.44  0.97  0.81     2.08  1.21  2.56  3.03  1.50
135   70     1.00  1.67  1.72  2.31  2.83  2.76  2.71  2.62  1.87  1.29  0.89  0.76     1.87  1.15  2.29  2.70  1.35
135   80     0.97  1.62  1.55  2.06  2.52  2.45  2.41  2.34  1.68  1.17  0.83  0.72     1.69  1.10  2.04  2.40  1.23
135   90     0.93  1.57  1.42  1.83  2.24  2.17  2.13  2.09  1.51  1.07  0.76  0.67     1.53  1.06  1.83  2.13  1.11
150   10     1.64  2.83  3.26  4.21  4.70  4.46  4.42  4.48  3.39  2.56  1.75  1.44     3.26  1.97  4.06  4.45  2.57
150   20     1.41  2.47  2.93  3.92  4.50  4.31  4.26  4.23  3.12  2.25  1.48  1.18     3.00  1.69  3.78  4.26  2.28
150   30     1.21  2.11  2.56  3.55  4.20  4.08  4.01  3.90  2.79  1.91  1.22  0.96     2.71  1.43  3.44  4.00  1.98
150   40     1.07  1.83  2.19  3.13  3.83  3.76  3.69  3.51  2.45  1.61  1.02  0.82     2.41  1.24  3.05  3.65  1.69
150   50     1.01  1.65  1.87  2.69  3.40  3.39  3.30  3.08  2.12  1.37  0.91  0.77     2.13  1.14  2.65  3.25  1.47
150   60     0.98  1.56  1.63  2.31  2.95  2.97  2.89  2.66  1.84  1.22  0.85  0.74     1.89  1.09  2.30  2.84  1.30
150   70     0.96  1.52  1.47  2.01  2.56  2.58  2.51  2.33  1.64  1.12  0.80  0.70     1.68  1.06  2.02  2.47  1.19
150   80     0.93  1.50  1.35  1.79  2.25  2.26  2.20  2.06  1.48  1.03  0.75  0.67     1.52  1.03  1.79  2.18  1.09
150   90     0.91  1.48  1.25  1.61  2.00  2.00  1.95  1.85  1.34  0.96  0.70  0.63     1.39  1.01  1.62  1.93  1.00
165   10     1.62  2.79  3.23  4.20  4.69  4.46  4.42  4.46  3.37  2.53  1.72  1.40     3.24  1.94  4.04  4.45  2.54
165   20     1.36  2.39  2.86  3.88  4.48  4.30  4.25  4.20  3.07  2.18  1.41  1.11     2.96  1.62  3.74  4.25  2.22
165   30     1.12  1.98  2.44  3.48  4.17  4.07  4.00  3.86  2.72  1.80  1.10  0.86     2.63  1.32  3.37  3.97  1.87
165   40     1.02  1.63  2.01  3.02  3.79  3.75  3.67  3.43  2.32  1.43  0.91  0.79     2.31  1.15  2.94  3.62  1.55
165   50     1.00  1.50  1.62  2.51  3.33  3.37  3.28  2.95  1.92  1.18  0.87  0.77     2.03  1.09  2.49  3.20  1.33
165   60     0.98  1.49  1.40  2.02  2.82  2.94  2.84  2.42  1.62  1.09  0.83  0.74     1.77  1.07  2.08  2.73  1.18
165   70     0.96  1.49  1.29  1.73  2.29  2.46  2.35  2.02  1.45  1.03  0.79  0.70     1.55  1.05  1.77  2.28  1.09
165   80     0.93  1.48  1.22  1.55  1.99  2.07  2.00  1.79  1.34  0.97  0.74  0.67     1.40  1.03  1.59  1.95  1.02
165   90     0.91  1.47  1.14  1.43  1.78  1.83  1.78  1.63  1.24  0.91  0.69  0.63     1.29  1.00  1.45  1.75  0.95
180   10     1.61  2.78  3.22  4.20  4.68  4.45  4.42  4.46  3.36  2.52  1.71  1.39     3.23  1.93  4.04  4.44  2.53
180   20     1.33  2.36  2.84  3.88  4.47  4.30  4.25  4.19  3.05  2.15  1.38  1.09     2.94  1.59  3.73  4.25  2.20
180   30     1.08  1.92  2.40  3.48  4.16  4.06  3.99  3.84  2.69  1.75  1.06  0.83     2.61  1.28  3.35  3.96  1.83
180   40     1.02  1.53  1.93  3.01  3.77  3.75  3.67  3.42  2.28  1.34  0.91  0.79     2.29  1.12  2.90  3.61  1.51
180   50     1.00  1.50  1.44  2.50  3.31  3.37  3.27  2.93  1.84  1.13  0.87  0.77     1.99  1.09  2.42  3.19  1.28
180   60     0.98  1.49  1.31  1.95  2.80  2.93  2.83  2.40  1.45  1.08  0.83  0.74     1.73  1.07  2.02  2.72  1.12
180   70     0.96  1.49  1.25  1.58  2.25  2.45  2.34  1.86  1.36  1.03  0.79  0.70     1.50  1.05  1.69  2.22  1.06
180   80     0.93  1.48  1.19  1.46  1.86  1.99  1.91  1.66  1.27  0.97  0.74  0.67     1.34  1.03  1.50  1.85  1.00
180   90     0.91  1.47  1.12  1.37  1.68  1.75  1.71  1.53  1.19  0.91  0.69  0.63     1.25  1.00  1.39  1.66  0.93
             56.0  50.6  34.0  19.1   6.9   2.4   4.1  12.6  26.0  41.1  51.3  57.5     27.5  54.2  19.6   6.6  38.5
             2.63  4.15  4.04  4.61  4.83  4.52  4.51  4.71  3.87  3.48  2.81  2.61     3.90  3.13  4.44  4.57  3.35
             2.42  3.93  4.02  4.58  4.63  4.25  4.27  4.62  3.87  3.41  2.63  2.35     3.75  2.90  4.41  4.38  3.30
             1.09  1.06  1.00  1.01  1.04  1.06  1.06  1.02  1.00  1.02  1.07  1.11     1.04  1.08  1.02  1.05  1.03
             1.29  1.23  1.14  1.03  0.96  0.94  0.95  1.00  1.07  1.19  1.29  1.38     1.12  1.30  1.04  0.96  1.18
temperature   0.6   1.3   5.0  11.2  16.1  20.2  23.8  24.9  20.9  14.3   8.2   2.9     12.5   1.6  10.8  23.0  14.5
diffusedrad  1.22  1.92  1.87  2.25  2.53  2.64  2.59  2.38  2.03  1.54  1.17  0.99     1.93  1.38  2.22  2.54  1.58
snow10cm     0.41  0.49  0.02  0.00  0.00  0.00  0.00  0.00  0.00  0.00  0.00  0.10     0.08  0.33  0.01  0.00  0.00
