2 52536   美濃加茂        35 26.7  137  0.3   74
             2.25  3.01  3.85  4.65  4.86  4.58  4.64  4.89  3.79  3.09  2.37  2.06     3.67  2.44  4.45  4.70  3.09
             2.56  3.45  4.32  5.43  5.78  5.22  5.74  5.99  4.42  3.42  2.70  2.41     3.92  2.72  4.98  5.20  3.36
             1.83  2.35  3.14  3.92  4.16  3.83  3.68  3.86  3.16  2.71  1.91  1.70     3.44  2.21  4.03  3.99  2.72
  0   10     2.67  3.37  4.16  4.79  4.87  4.54  4.63  4.97  3.96  3.40  2.73  2.48     3.88  2.84  4.60  4.71  3.36
  0   20     3.03  3.68  4.36  4.84  4.79  4.43  4.52  4.95  4.06  3.64  3.05  2.85     4.02  3.19  4.66  4.63  3.59
  0   30     3.31  3.91  4.47  4.78  4.62  4.23  4.34  4.83  4.08  3.79  3.30  3.15     4.07  3.46  4.62  4.47  3.72
  0   40     3.52  4.05  4.47  4.62  4.35  3.96  4.07  4.61  4.01  3.86  3.47  3.37     4.03  3.65  4.48  4.21  3.78
  0   50     3.63  4.08  4.37  4.36  4.00  3.62  3.73  4.28  3.85  3.84  3.55  3.51     3.90  3.74  4.24  3.88  3.74
  0   60     3.66  4.02  4.17  4.00  3.58  3.23  3.33  3.87  3.60  3.73  3.54  3.56     3.69  3.75  3.92  3.48  3.63
  0   70     3.60  3.86  3.88  3.56  3.10  2.79  2.88  3.40  3.29  3.53  3.45  3.52     3.40  3.66  3.51  3.02  3.42
  0   80     3.44  3.61  3.49  3.06  2.58  2.32  2.40  2.87  2.91  3.25  3.27  3.38     3.05  3.48  3.05  2.53  3.15
  0   90     3.20  3.27  3.04  2.52  2.06  1.87  1.92  2.30  2.48  2.90  3.02  3.17     2.65  3.21  2.54  2.03  2.80
 15   10     2.65  3.35  4.14  4.78  4.87  4.54  4.63  4.97  3.96  3.39  2.72  2.47     3.87  2.83  4.60  4.71  3.36
 15   20     3.00  3.65  4.34  4.83  4.79  4.43  4.53  4.95  4.05  3.61  3.04  2.83     4.00  3.16  4.65  4.64  3.57
 15   30     3.27  3.87  4.43  4.76  4.62  4.24  4.34  4.83  4.06  3.75  3.27  3.12     4.05  3.42  4.61  4.47  3.70
 15   40     3.46  3.99  4.43  4.60  4.35  3.97  4.08  4.61  3.98  3.81  3.44  3.33     4.00  3.59  4.46  4.22  3.74
 15   50     3.57  4.01  4.33  4.35  4.02  3.64  3.75  4.30  3.83  3.78  3.51  3.46     3.88  3.68  4.23  3.90  3.71
 15   60     3.58  3.94  4.13  4.01  3.61  3.25  3.35  3.90  3.59  3.66  3.50  3.50     3.67  3.67  3.91  3.50  3.58
 15   70     3.51  3.77  3.83  3.58  3.15  2.83  2.92  3.44  3.28  3.46  3.41  3.46     3.38  3.58  3.52  3.06  3.38
 15   80     3.35  3.51  3.45  3.10  2.65  2.38  2.46  2.93  2.90  3.17  3.23  3.32     3.04  3.40  3.06  2.59  3.10
 15   90     3.11  3.17  3.00  2.57  2.14  1.94  1.99  2.39  2.48  2.83  2.97  3.11     2.64  3.13  2.57  2.11  2.76
 30   10     2.61  3.31  4.11  4.76  4.87  4.54  4.62  4.96  3.94  3.35  2.69  2.43     3.85  2.78  4.58  4.71  3.33
 30   20     2.91  3.56  4.28  4.79  4.79  4.43  4.53  4.94  4.01  3.54  2.97  2.75     3.96  3.07  4.62  4.63  3.51
 30   30     3.14  3.74  4.36  4.73  4.63  4.25  4.35  4.83  4.01  3.66  3.17  3.00     3.99  3.29  4.57  4.48  3.62
 30   40     3.29  3.82  4.34  4.57  4.39  4.00  4.10  4.62  3.93  3.69  3.31  3.18     3.94  3.43  4.43  4.24  3.64
 30   50     3.37  3.82  4.21  4.31  4.06  3.68  3.79  4.33  3.77  3.64  3.36  3.28     3.80  3.49  4.20  3.93  3.59
 30   60     3.36  3.73  4.01  3.99  3.68  3.32  3.42  3.96  3.53  3.51  3.33  3.30     3.60  3.46  3.90  3.56  3.46
 30   70     3.27  3.55  3.73  3.59  3.25  2.92  3.01  3.53  3.23  3.30  3.22  3.24     3.32  3.35  3.52  3.15  3.25
 30   80     3.10  3.29  3.36  3.14  2.79  2.50  2.58  3.06  2.88  3.02  3.03  3.09     2.99  3.16  3.10  2.71  2.98
 30   90     2.85  2.95  2.94  2.66  2.34  2.09  2.16  2.58  2.49  2.69  2.77  2.87     2.62  2.89  2.65  2.27  2.65
 45   10     2.54  3.24  4.06  4.73  4.86  4.54  4.62  4.95  3.90  3.29  2.63  2.36     3.81  2.71  4.55  4.70  3.27
 45   20     2.77  3.43  4.19  4.73  4.79  4.43  4.53  4.92  3.95  3.44  2.85  2.61     3.89  2.94  4.57  4.63  3.42
 45   30     2.95  3.55  4.22  4.66  4.63  4.26  4.36  4.81  3.93  3.52  3.00  2.81     3.89  3.10  4.50  4.47  3.48
 45   40     3.05  3.60  4.18  4.49  4.39  4.02  4.12  4.61  3.83  3.51  3.08  2.94     3.82  3.20  4.36  4.25  3.48
 45   50     3.09  3.56  4.05  4.25  4.10  3.73  3.83  4.33  3.67  3.44  3.11  3.00     3.68  3.21  4.14  3.96  3.41
 45   60     3.04  3.43  3.84  3.94  3.75  3.39  3.48  3.99  3.44  3.30  3.05  2.99     3.47  3.15  3.84  3.62  3.26
 45   70     2.93  3.25  3.57  3.57  3.36  3.01  3.10  3.60  3.16  3.09  2.93  2.90     3.21  3.03  3.50  3.24  3.06
 45   80     2.76  3.00  3.23  3.16  2.94  2.64  2.72  3.18  2.82  2.83  2.73  2.75     2.90  2.84  3.11  2.84  2.79
 45   90     2.53  2.68  2.85  2.73  2.52  2.26  2.33  2.73  2.47  2.51  2.49  2.53     2.55  2.58  2.70  2.44  2.49
 60   10     2.45  3.15  3.99  4.69  4.85  4.54  4.62  4.92  3.86  3.22  2.55  2.27     3.76  2.62  4.51  4.69  3.21
 60   20     2.61  3.27  4.06  4.66  4.77  4.43  4.52  4.88  3.87  3.31  2.69  2.45     3.79  2.77  4.50  4.61  3.29
 60   30     2.71  3.32  4.06  4.55  4.62  4.26  4.35  4.75  3.82  3.33  2.79  2.57     3.76  2.87  4.41  4.46  3.31
 60   40     2.75  3.31  3.98  4.39  4.40  4.04  4.13  4.57  3.71  3.30  2.82  2.64     3.67  2.90  4.25  4.24  3.28
 60   50     2.75  3.24  3.84  4.14  4.11  3.75  3.85  4.30  3.53  3.19  2.79  2.65     3.51  2.88  4.03  3.96  3.17
 60   60     2.68  3.10  3.63  3.85  3.79  3.44  3.52  3.99  3.31  3.04  2.72  2.61     3.31  2.80  3.76  3.65  3.03
 60   70     2.55  2.91  3.36  3.51  3.42  3.10  3.18  3.63  3.04  2.84  2.59  2.51     3.05  2.66  3.43  3.30  2.82
 60   80     2.38  2.68  3.06  3.13  3.04  2.73  2.81  3.23  2.74  2.59  2.40  2.36     2.76  2.47  3.08  2.92  2.58
 60   90     2.17  2.39  2.71  2.75  2.66  2.38  2.45  2.84  2.41  2.31  2.19  2.17     2.45  2.24  2.71  2.56  2.30
 75   10     2.35  3.05  3.91  4.64  4.84  4.53  4.61  4.89  3.80  3.14  2.45  2.17     3.70  2.52  4.46  4.68  3.13
 75   20     2.41  3.08  3.91  4.57  4.74  4.42  4.50  4.82  3.77  3.15  2.51  2.25     3.68  2.58  4.41  4.58  3.15
 75   30     2.44  3.05  3.85  4.44  4.58  4.25  4.33  4.68  3.69  3.12  2.53  2.29     3.61  2.60  4.29  4.42  3.11
 75   40     2.42  3.00  3.74  4.24  4.36  4.03  4.11  4.48  3.54  3.03  2.52  2.31     3.48  2.58  4.12  4.21  3.03
 75   50     2.37  2.88  3.57  4.00  4.09  3.76  3.84  4.23  3.37  2.92  2.46  2.27     3.31  2.51  3.89  3.94  2.91
 75   60     2.28  2.74  3.36  3.71  3.77  3.45  3.53  3.92  3.13  2.74  2.35  2.21     3.10  2.41  3.62  3.64  2.74
 75   70     2.15  2.54  3.10  3.39  3.44  3.13  3.20  3.59  2.89  2.55  2.23  2.11     2.86  2.26  3.31  3.31  2.56
 75   80     1.99  2.33  2.83  3.05  3.08  2.80  2.86  3.23  2.60  2.32  2.06  1.95     2.59  2.09  2.99  2.96  2.33
 75   90     1.81  2.08  2.52  2.68  2.71  2.46  2.52  2.85  2.31  2.08  1.87  1.79     2.31  1.90  2.64  2.61  2.09
 90   10     2.24  2.94  3.83  4.58  4.82  4.53  4.60  4.85  3.74  3.06  2.35  2.06     3.63  2.41  4.41  4.66  3.05
 90   20     2.20  2.87  3.75  4.47  4.70  4.41  4.48  4.75  3.66  2.99  2.32  2.04     3.55  2.37  4.30  4.55  2.99
 90   30     2.15  2.78  3.62  4.29  4.53  4.23  4.30  4.58  3.53  2.89  2.27  2.01     3.43  2.31  4.14  4.37  2.90
 90   40     2.08  2.65  3.46  4.07  4.30  4.01  4.07  4.36  3.36  2.76  2.19  1.96     3.27  2.23  3.94  4.14  2.77
 90   50     1.99  2.51  3.27  3.81  4.03  3.74  3.80  4.10  3.15  2.60  2.10  1.89     3.08  2.13  3.70  3.88  2.62
 90   60     1.88  2.34  3.04  3.53  3.72  3.44  3.50  3.81  2.93  2.44  1.98  1.79     2.87  2.00  3.43  3.58  2.45
 90   70     1.75  2.17  2.81  3.21  3.38  3.12  3.17  3.48  2.68  2.24  1.85  1.70     2.63  1.87  3.14  3.26  2.26
 90   80     1.61  1.96  2.54  2.89  3.05  2.80  2.85  3.14  2.43  2.04  1.71  1.57     2.38  1.71  2.83  2.93  2.06
 90   90     1.46  1.77  2.29  2.57  2.71  2.48  2.52  2.81  2.16  1.82  1.54  1.43     2.13  1.55  2.52  2.60  1.84
105   10     2.13  2.83  3.74  4.53  4.80  4.52  4.59  4.82  3.68  2.97  2.24  1.95     3.56  2.30  4.35  4.64  2.96
105   20     1.99  2.66  3.57  4.36  4.66  4.40  4.45  4.67  3.54  2.82  2.12  1.83     3.42  2.16  4.20  4.51  2.83
105   30     1.86  2.49  3.38  4.13  4.46  4.21  4.26  4.46  3.36  2.64  2.00  1.71     3.25  2.02  3.99  4.31  2.67
105   40     1.73  2.31  3.16  3.87  4.20  3.96  4.01  4.20  3.15  2.47  1.87  1.61     3.04  1.89  3.74  4.06  2.50
105   50     1.62  2.13  2.94  3.57  3.91  3.68  3.73  3.92  2.92  2.29  1.74  1.51     2.83  1.75  3.48  3.77  2.32
105   60     1.49  1.96  2.71  3.28  3.60  3.38  3.42  3.61  2.68  2.10  1.62  1.41     2.61  1.62  3.20  3.47  2.14
105   70     1.38  1.79  2.46  2.98  3.27  3.06  3.10  3.30  2.45  1.92  1.49  1.32     2.38  1.50  2.90  3.15  1.95
105   80     1.25  1.61  2.24  2.67  2.94  2.74  2.77  2.97  2.21  1.74  1.37  1.21     2.15  1.36  2.62  2.83  1.77
105   90     1.15  1.46  2.01  2.38  2.63  2.44  2.46  2.66  1.97  1.56  1.24  1.11     1.92  1.24  2.34  2.52  1.59
120   10     2.02  2.73  3.65  4.48  4.78  4.51  4.57  4.78  3.63  2.88  2.14  1.84     3.50  2.19  4.30  4.62  2.88
120   20     1.79  2.46  3.40  4.25  4.62  4.38  4.43  4.59  3.43  2.65  1.93  1.63     3.29  1.96  4.09  4.46  2.67
120   30     1.59  2.20  3.13  3.96  4.38  4.17  4.21  4.32  3.19  2.41  1.72  1.44     3.06  1.74  3.82  4.23  2.44
120   40     1.42  1.97  2.85  3.64  4.09  3.90  3.93  4.02  2.93  2.18  1.55  1.29     2.81  1.56  3.52  3.95  2.22
120   50     1.27  1.77  2.58  3.31  3.76  3.59  3.62  3.69  2.67  1.96  1.41  1.17     2.57  1.40  3.22  3.63  2.01
120   60     1.15  1.59  2.34  2.99  3.43  3.27  3.29  3.36  2.42  1.78  1.28  1.07     2.33  1.27  2.92  3.31  1.83
120   70     1.06  1.44  2.12  2.69  3.09  2.95  2.96  3.05  2.18  1.61  1.17  0.99     2.11  1.16  2.63  2.99  1.65
120   80     0.97  1.30  1.92  2.41  2.77  2.63  2.65  2.74  1.97  1.45  1.08  0.91     1.90  1.06  2.37  2.67  1.50
120   90     0.89  1.18  1.72  2.15  2.46  2.33  2.34  2.45  1.76  1.31  0.98  0.84     1.70  0.97  2.11  2.38  1.35
135   10     1.93  2.64  3.58  4.43  4.76  4.51  4.57  4.74  3.58  2.81  2.05  1.74     3.44  2.10  4.26  4.61  2.81
135   20     1.61  2.28  3.25  4.15  4.57  4.36  4.41  4.51  3.32  2.50  1.75  1.44     3.18  1.78  3.99  4.43  2.52
135   30     1.33  1.95  2.89  3.80  4.30  4.14  4.16  4.20  3.03  2.19  1.48  1.18     2.89  1.49  3.66  4.17  2.23
135   40     1.12  1.66  2.54  3.41  3.96  3.84  3.85  3.84  2.71  1.90  1.26  1.00     2.59  1.26  3.31  3.84  1.96
135   50     0.99  1.43  2.23  3.03  3.58  3.50  3.49  3.45  2.41  1.66  1.11  0.88     2.31  1.10  2.95  3.48  1.73
135   60     0.89  1.27  1.98  2.68  3.21  3.14  3.13  3.07  2.14  1.48  1.00  0.80     2.07  0.99  2.62  3.11  1.54
135   70     0.83  1.14  1.77  2.37  2.86  2.79  2.78  2.73  1.92  1.33  0.92  0.75     1.85  0.91  2.33  2.77  1.39
135   80     0.77  1.04  1.59  2.11  2.54  2.48  2.47  2.44  1.72  1.20  0.85  0.70     1.66  0.84  2.08  2.46  1.26
135   90     0.72  0.96  1.45  1.88  2.26  2.19  2.19  2.19  1.54  1.10  0.79  0.67     1.50  0.78  1.87  2.19  1.14
150   10     1.85  2.57  3.52  4.40  4.75  4.51  4.56  4.72  3.54  2.75  1.98  1.66     3.40  2.03  4.22  4.59  2.76
150   20     1.46  2.14  3.12  4.07  4.54  4.36  4.39  4.45  3.24  2.38  1.61  1.28     3.09  1.63  3.91  4.40  2.41
150   30     1.11  1.72  2.69  3.67  4.24  4.12  4.13  4.10  2.89  1.99  1.26  0.96     2.74  1.26  3.54  4.12  2.05
150   40     0.89  1.38  2.26  3.22  3.87  3.81  3.79  3.67  2.51  1.65  1.00  0.76     2.40  1.01  3.11  3.76  1.72
150   50     0.79  1.14  1.90  2.76  3.42  3.42  3.39  3.20  2.15  1.38  0.87  0.70     2.09  0.88  2.69  3.34  1.47
150   60     0.75  1.02  1.63  2.35  2.97  3.00  2.96  2.76  1.86  1.21  0.81  0.67     1.83  0.81  2.32  2.91  1.29
150   70     0.71  0.94  1.46  2.04  2.58  2.61  2.57  2.40  1.65  1.11  0.77  0.64     1.62  0.77  2.02  2.52  1.17
150   80     0.68  0.89  1.33  1.80  2.26  2.28  2.25  2.12  1.49  1.02  0.73  0.61     1.46  0.73  1.80  2.22  1.08
150   90     0.65  0.84  1.23  1.63  2.01  2.01  1.98  1.91  1.35  0.95  0.69  0.58     1.32  0.69  1.62  1.97  1.00
165   10     1.80  2.53  3.48  4.38  4.74  4.50  4.56  4.70  3.52  2.71  1.94  1.61     3.37  1.98  4.20  4.59  2.72
165   20     1.35  2.05  3.04  4.03  4.52  4.35  4.38  4.42  3.19  2.30  1.50  1.17     3.03  1.52  3.87  4.38  2.33
165   30     0.95  1.56  2.54  3.60  4.22  4.11  4.12  4.04  2.80  1.86  1.09  0.80     2.64  1.10  3.45  4.09  1.92
165   40     0.79  1.14  2.03  3.10  3.83  3.79  3.78  3.58  2.37  1.43  0.83  0.71     2.28  0.88  2.99  3.72  1.54
165   50     0.77  0.95  1.58  2.55  3.36  3.41  3.37  3.06  1.93  1.14  0.80  0.69     1.97  0.80  2.50  3.28  1.29
165   60     0.74  0.92  1.33  2.03  2.84  2.97  2.90  2.48  1.60  1.05  0.78  0.67     1.69  0.78  2.07  2.78  1.14
165   70     0.71  0.89  1.23  1.71  2.30  2.48  2.40  2.04  1.43  1.00  0.74  0.64     1.46  0.75  1.75  2.31  1.05
165   80     0.68  0.85  1.16  1.53  1.98  2.08  2.03  1.80  1.31  0.94  0.71  0.61     1.31  0.71  1.56  1.97  0.99
165   90     0.65  0.82  1.09  1.41  1.77  1.84  1.80  1.64  1.22  0.90  0.68  0.58     1.20  0.68  1.43  1.76  0.93
180   10     1.78  2.52  3.47  4.38  4.73  4.50  4.55  4.70  3.51  2.70  1.92  1.59     3.36  1.96  4.19  4.58  2.71
180   20     1.31  2.01  3.01  4.03  4.51  4.35  4.38  4.41  3.17  2.27  1.46  1.14     3.00  1.49  3.85  4.38  2.30
180   30     0.89  1.49  2.49  3.60  4.20  4.11  4.12  4.02  2.77  1.80  1.03  0.76     2.61  1.04  3.43  4.08  1.87
180   40     0.79  1.02  1.93  3.10  3.81  3.79  3.77  3.56  2.32  1.32  0.83  0.71     2.25  0.84  2.95  3.71  1.49
180   50     0.77  0.95  1.36  2.54  3.34  3.40  3.36  3.03  1.84  1.08  0.80  0.69     1.93  0.80  2.41  3.27  1.24
180   60     0.74  0.92  1.21  1.94  2.82  2.96  2.90  2.45  1.39  1.03  0.78  0.67     1.65  0.78  1.99  2.77  1.07
180   70     0.71  0.89  1.17  1.54  2.25  2.48  2.39  1.86  1.31  0.99  0.74  0.64     1.41  0.75  1.65  2.24  1.01
180   80     0.68  0.85  1.12  1.42  1.85  2.00  1.93  1.65  1.24  0.94  0.71  0.61     1.25  0.71  1.46  1.86  0.96
180   90     0.65  0.82  1.06  1.34  1.67  1.76  1.72  1.52  1.17  0.90  0.68  0.58     1.15  0.68  1.36  1.66  0.91
             57.9  48.6  35.3  19.3   6.6   2.1   3.7  12.5  26.7  42.5  54.4  60.4     30.7  55.4  20.7   6.5  41.2
             3.66  4.08  4.48  4.84  4.87  4.57  4.64  4.97  4.08  3.86  3.56  3.56     4.27  3.76  4.66  4.72  3.78
             3.33  3.93  4.47  4.77  4.60  4.22  4.33  4.82  4.08  3.80  3.31  3.17     4.07  3.47  4.61  4.45  3.73
             1.10  1.04  1.00  1.01  1.06  1.08  1.07  1.03  1.00  1.02  1.08  1.12     1.05  1.09  1.03  1.06  1.03
             1.48  1.31  1.16  1.03  0.95  0.92  0.93  0.99  1.08  1.23  1.40  1.54     1.17  1.44  1.04  0.95  1.23
temperature   2.8   3.6   7.3  13.4  18.1  22.1  25.7  27.0  23.2  16.7  10.6   5.0     14.6   3.8  12.9  24.9  16.8
diffusedrad  1.08  1.39  1.80  2.18  2.47  2.63  2.56  2.32  1.98  1.51  1.14  0.97     1.83  1.15  2.15  2.50  1.54
snow10cm     0.01  0.01  0.00  0.00  0.00  0.00  0.00  0.00  0.00  0.00  0.00  0.01     0.00  0.01  0.00  0.00  0.00
