2 52556   恵那            35 26.8  137 24.2  315
             2.26  3.02  3.67  4.50  4.85  4.49  4.63  4.86  3.73  3.05  2.38  2.01     3.62  2.43  4.34  4.66  3.05
             2.69  3.48  4.12  5.11  5.47  5.08  5.77  6.22  4.35  3.49  2.86  2.38     3.97  2.68  4.65  5.40  3.38
             1.80  2.28  3.03  3.56  4.16  3.34  3.63  4.08  3.28  2.63  1.86  1.63     3.41  2.14  3.73  4.06  2.69
  0   10     2.65  3.35  3.94  4.62  4.86  4.45  4.61  4.94  3.88  3.34  2.75  2.40     3.81  2.80  4.47  4.67  3.32
  0   20     2.97  3.64  4.12  4.66  4.78  4.35  4.51  4.92  3.98  3.56  3.06  2.73     3.94  3.12  4.52  4.59  3.53
  0   30     3.23  3.85  4.20  4.60  4.61  4.16  4.33  4.80  3.99  3.70  3.30  3.00     3.98  3.36  4.47  4.43  3.66
  0   40     3.42  3.96  4.19  4.44  4.35  3.90  4.06  4.58  3.91  3.75  3.46  3.20     3.94  3.53  4.33  4.18  3.71
  0   50     3.52  3.99  4.09  4.19  4.00  3.56  3.72  4.26  3.75  3.73  3.54  3.32     3.81  3.61  4.09  3.85  3.67
  0   60     3.53  3.92  3.90  3.85  3.58  3.18  3.33  3.86  3.52  3.61  3.53  3.35     3.60  3.60  3.78  3.46  3.55
  0   70     3.46  3.76  3.62  3.44  3.11  2.76  2.88  3.39  3.21  3.42  3.44  3.31     3.32  3.51  3.39  3.01  3.36
  0   80     3.30  3.51  3.27  2.97  2.60  2.31  2.40  2.87  2.84  3.15  3.26  3.18     2.97  3.33  2.94  2.53  3.08
  0   90     3.07  3.18  2.85  2.45  2.07  1.86  1.93  2.31  2.43  2.81  3.01  2.97     2.58  3.07  2.46  2.03  2.75
 15   10     2.63  3.33  3.93  4.61  4.86  4.46  4.61  4.94  3.88  3.32  2.73  2.39     3.81  2.78  4.47  4.67  3.31
 15   20     2.95  3.61  4.09  4.65  4.79  4.35  4.51  4.92  3.97  3.53  3.03  2.71     3.93  3.09  4.51  4.59  3.51
 15   30     3.19  3.80  4.17  4.59  4.62  4.16  4.33  4.80  3.97  3.66  3.25  2.97     3.96  3.32  4.46  4.43  3.63
 15   40     3.36  3.91  4.16  4.43  4.35  3.90  4.07  4.58  3.89  3.71  3.40  3.16     3.91  3.48  4.31  4.18  3.67
 15   50     3.45  3.92  4.05  4.19  4.02  3.58  3.74  4.28  3.73  3.67  3.47  3.27     3.78  3.55  4.09  3.87  3.63
 15   60     3.46  3.84  3.86  3.86  3.61  3.20  3.35  3.89  3.50  3.55  3.45  3.31     3.57  3.54  3.78  3.48  3.50
 15   70     3.38  3.68  3.58  3.45  3.15  2.79  2.92  3.43  3.20  3.35  3.35  3.25     3.29  3.44  3.40  3.05  3.30
 15   80     3.22  3.42  3.23  3.00  2.65  2.36  2.46  2.92  2.84  3.08  3.17  3.12     2.96  3.26  2.96  2.58  3.03
 15   90     2.99  3.10  2.81  2.50  2.15  1.93  2.00  2.39  2.43  2.74  2.92  2.91     2.57  3.00  2.49  2.11  2.70
 30   10     2.59  3.29  3.90  4.59  4.86  4.45  4.61  4.93  3.86  3.29  2.69  2.35     3.79  2.74  4.45  4.67  3.28
 30   20     2.87  3.53  4.04  4.62  4.79  4.35  4.51  4.91  3.93  3.47  2.95  2.64     3.88  3.01  4.48  4.59  3.45
 30   30     3.08  3.69  4.10  4.55  4.62  4.17  4.34  4.80  3.92  3.57  3.14  2.87     3.90  3.21  4.42  4.44  3.54
 30   40     3.21  3.76  4.07  4.40  4.38  3.93  4.09  4.59  3.84  3.60  3.25  3.02     3.85  3.33  4.28  4.20  3.56
 30   50     3.27  3.74  3.95  4.15  4.06  3.62  3.78  4.30  3.68  3.54  3.30  3.11     3.71  3.38  4.05  3.90  3.51
 30   60     3.25  3.65  3.76  3.84  3.68  3.27  3.41  3.94  3.45  3.41  3.26  3.12     3.50  3.34  3.76  3.54  3.37
 30   70     3.16  3.47  3.48  3.46  3.25  2.88  3.01  3.51  3.16  3.20  3.15  3.05     3.23  3.23  3.40  3.13  3.17
 30   80     2.99  3.21  3.14  3.03  2.80  2.47  2.58  3.05  2.81  2.93  2.96  2.91     2.91  3.04  2.99  2.70  2.90
 30   90     2.75  2.89  2.75  2.57  2.34  2.07  2.16  2.57  2.43  2.61  2.70  2.70     2.55  2.78  2.56  2.27  2.58
 45   10     2.52  3.23  3.85  4.57  4.85  4.45  4.61  4.92  3.83  3.24  2.63  2.29     3.75  2.68  4.42  4.66  3.23
 45   20     2.74  3.40  3.96  4.57  4.78  4.35  4.51  4.89  3.87  3.37  2.83  2.52     3.82  2.89  4.43  4.58  3.36
 45   30     2.90  3.51  3.98  4.49  4.63  4.18  4.34  4.78  3.85  3.44  2.97  2.69     3.81  3.03  4.37  4.43  3.42
 45   40     2.99  3.55  3.94  4.32  4.39  3.94  4.11  4.58  3.75  3.43  3.04  2.80     3.74  3.11  4.22  4.21  3.41
 45   50     3.01  3.50  3.81  4.09  4.10  3.66  3.81  4.31  3.59  3.36  3.06  2.85     3.60  3.12  4.00  3.93  3.33
 45   60     2.96  3.37  3.60  3.79  3.74  3.33  3.48  3.97  3.35  3.21  3.00  2.83     3.39  3.06  3.71  3.59  3.19
 45   70     2.84  3.19  3.34  3.44  3.35  2.96  3.09  3.58  3.08  3.00  2.87  2.74     3.13  2.93  3.38  3.21  2.98
 45   80     2.67  2.94  3.02  3.04  2.94  2.60  2.71  3.16  2.76  2.75  2.68  2.59     2.82  2.73  3.00  2.82  2.73
 45   90     2.44  2.63  2.67  2.63  2.52  2.23  2.33  2.72  2.41  2.44  2.43  2.38     2.49  2.48  2.61  2.42  2.43
 60   10     2.44  3.15  3.79  4.53  4.84  4.45  4.60  4.90  3.79  3.17  2.55  2.21     3.70  2.60  4.39  4.65  3.17
 60   20     2.58  3.25  3.85  4.50  4.76  4.35  4.50  4.85  3.80  3.25  2.68  2.36     3.73  2.73  4.37  4.57  3.24
 60   30     2.67  3.30  3.84  4.39  4.61  4.18  4.34  4.72  3.74  3.26  2.77  2.47     3.69  2.81  4.28  4.42  3.26
 60   40     2.70  3.27  3.75  4.23  4.39  3.96  4.11  4.54  3.63  3.23  2.80  2.53     3.60  2.84  4.13  4.20  3.22
 60   50     2.69  3.20  3.61  3.99  4.10  3.68  3.83  4.27  3.45  3.12  2.76  2.53     3.44  2.81  3.90  3.93  3.11
 60   60     2.62  3.06  3.41  3.71  3.79  3.38  3.51  3.96  3.23  2.97  2.68  2.49     3.23  2.72  3.63  3.62  2.96
 60   70     2.48  2.87  3.15  3.38  3.42  3.04  3.17  3.61  2.96  2.77  2.55  2.39     2.98  2.58  3.32  3.27  2.76
 60   80     2.32  2.64  2.86  3.02  3.03  2.69  2.80  3.21  2.67  2.52  2.36  2.23     2.69  2.40  2.97  2.90  2.52
 60   90     2.11  2.35  2.54  2.65  2.65  2.34  2.44  2.82  2.35  2.25  2.14  2.05     2.39  2.17  2.61  2.54  2.25
 75   10     2.35  3.05  3.73  4.48  4.83  4.45  4.59  4.87  3.73  3.10  2.46  2.11     3.65  2.50  4.34  4.63  3.10
 75   20     2.40  3.08  3.71  4.42  4.73  4.34  4.49  4.80  3.70  3.10  2.52  2.19     3.62  2.55  4.29  4.54  3.11
 75   30     2.42  3.04  3.65  4.28  4.58  4.17  4.32  4.65  3.61  3.07  2.53  2.22     3.55  2.56  4.17  4.38  3.07
 75   40     2.40  2.98  3.54  4.09  4.36  3.96  4.10  4.45  3.47  2.97  2.50  2.23     3.42  2.54  4.00  4.17  2.98
 75   50     2.33  2.86  3.37  3.86  4.09  3.69  3.83  4.20  3.29  2.86  2.44  2.18     3.25  2.46  3.77  3.91  2.87
 75   60     2.24  2.72  3.17  3.58  3.77  3.39  3.52  3.90  3.06  2.68  2.33  2.11     3.04  2.36  3.50  3.60  2.69
 75   70     2.11  2.52  2.92  3.27  3.44  3.08  3.19  3.56  2.82  2.50  2.20  2.01     2.80  2.21  3.21  3.28  2.51
 75   80     1.95  2.31  2.66  2.94  3.08  2.75  2.85  3.21  2.54  2.26  2.03  1.86     2.54  2.04  2.89  2.94  2.28
 75   90     1.77  2.07  2.36  2.59  2.71  2.41  2.51  2.83  2.26  2.03  1.84  1.70     2.26  1.85  2.55  2.58  2.04
 90   10     2.24  2.95  3.65  4.43  4.81  4.44  4.58  4.83  3.68  3.01  2.37  2.01     3.58  2.40  4.30  4.62  3.02
 90   20     2.20  2.88  3.57  4.32  4.70  4.33  4.46  4.73  3.60  2.94  2.33  1.99     3.50  2.36  4.20  4.51  2.96
 90   30     2.15  2.79  3.45  4.15  4.52  4.16  4.28  4.56  3.47  2.85  2.27  1.96     3.38  2.30  4.04  4.33  2.86
 90   40     2.08  2.66  3.29  3.93  4.29  3.93  4.06  4.33  3.30  2.72  2.20  1.90     3.22  2.21  3.84  4.11  2.74
 90   50     1.98  2.52  3.11  3.68  4.02  3.67  3.79  4.08  3.10  2.56  2.10  1.83     3.04  2.11  3.60  3.84  2.59
 90   60     1.87  2.35  2.89  3.41  3.71  3.37  3.49  3.78  2.88  2.40  1.98  1.73     2.82  1.98  3.34  3.55  2.42
 90   70     1.74  2.17  2.66  3.10  3.38  3.06  3.16  3.45  2.63  2.20  1.85  1.63     2.59  1.85  3.05  3.22  2.22
 90   80     1.59  1.97  2.40  2.79  3.05  2.75  2.84  3.12  2.38  2.00  1.70  1.50     2.34  1.69  2.75  2.90  2.02
 90   90     1.44  1.77  2.16  2.48  2.71  2.43  2.52  2.79  2.12  1.78  1.53  1.37     2.09  1.53  2.45  2.58  1.81
105   10     2.14  2.85  3.57  4.38  4.79  4.43  4.57  4.79  3.62  2.93  2.27  1.91     3.52  2.30  4.25  4.60  2.94
105   20     2.01  2.69  3.42  4.22  4.66  4.31  4.44  4.65  3.49  2.79  2.15  1.79     3.38  2.16  4.10  4.47  2.81
105   30     1.88  2.52  3.23  4.00  4.45  4.13  4.24  4.44  3.31  2.62  2.02  1.68     3.21  2.03  3.90  4.27  2.65
105   40     1.75  2.34  3.02  3.75  4.20  3.89  4.00  4.18  3.10  2.44  1.89  1.58     3.01  1.89  3.66  4.02  2.48
105   50     1.64  2.16  2.81  3.46  3.91  3.61  3.71  3.90  2.88  2.27  1.76  1.48     2.80  1.76  3.40  3.74  2.30
105   60     1.51  1.99  2.59  3.18  3.60  3.31  3.41  3.60  2.64  2.08  1.64  1.38     2.58  1.62  3.12  3.44  2.12
105   70     1.39  1.82  2.36  2.89  3.27  3.00  3.09  3.28  2.41  1.90  1.50  1.28     2.35  1.50  2.84  3.12  1.94
105   80     1.26  1.64  2.14  2.59  2.94  2.69  2.76  2.96  2.17  1.72  1.38  1.18     2.12  1.36  2.56  2.80  1.76
105   90     1.15  1.48  1.91  2.31  2.62  2.39  2.46  2.64  1.94  1.54  1.24  1.07     1.90  1.24  2.28  2.50  1.57
120   10     2.04  2.75  3.50  4.33  4.77  4.43  4.56  4.76  3.57  2.85  2.17  1.81     3.46  2.20  4.20  4.58  2.86
120   20     1.83  2.50  3.27  4.12  4.61  4.30  4.41  4.57  3.38  2.63  1.96  1.61     3.27  1.98  4.00  4.43  2.66
120   30     1.63  2.25  3.01  3.85  4.38  4.09  4.20  4.31  3.15  2.40  1.76  1.43     3.04  1.77  3.75  4.20  2.44
120   40     1.46  2.02  2.75  3.54  4.09  3.83  3.92  4.01  2.90  2.17  1.59  1.28     2.80  1.59  3.46  3.92  2.22
120   50     1.32  1.82  2.50  3.23  3.76  3.53  3.61  3.68  2.64  1.96  1.45  1.17     2.56  1.43  3.16  3.61  2.02
120   60     1.19  1.65  2.27  2.92  3.43  3.21  3.28  3.36  2.40  1.78  1.32  1.07     2.32  1.30  2.87  3.28  1.83
120   70     1.10  1.49  2.06  2.63  3.09  2.90  2.96  3.04  2.16  1.61  1.20  0.99     2.10  1.19  2.59  2.96  1.66
120   80     1.00  1.35  1.85  2.36  2.77  2.58  2.64  2.73  1.95  1.45  1.11  0.91     1.89  1.09  2.33  2.65  1.50
120   90     0.92  1.22  1.67  2.10  2.46  2.29  2.34  2.44  1.75  1.31  1.00  0.83     1.69  0.99  2.08  2.36  1.35
135   10     1.96  2.67  3.43  4.29  4.75  4.42  4.55  4.72  3.53  2.78  2.09  1.72     3.41  2.11  4.16  4.57  2.80
135   20     1.66  2.33  3.13  4.03  4.57  4.28  4.39  4.50  3.28  2.49  1.80  1.44     3.16  1.81  3.91  4.39  2.52
135   30     1.39  2.01  2.80  3.70  4.30  4.06  4.15  4.19  3.00  2.19  1.53  1.20     2.88  1.53  3.60  4.13  2.24
135   40     1.19  1.73  2.48  3.34  3.96  3.77  3.84  3.83  2.69  1.91  1.32  1.02     2.59  1.31  3.26  3.81  1.97
135   50     1.05  1.51  2.20  2.97  3.59  3.44  3.49  3.44  2.40  1.68  1.16  0.91     2.32  1.16  2.92  3.46  1.75
135   60     0.95  1.35  1.95  2.63  3.21  3.09  3.12  3.07  2.14  1.49  1.05  0.83     2.07  1.04  2.60  3.09  1.56
135   70     0.88  1.22  1.75  2.34  2.86  2.75  2.78  2.74  1.91  1.35  0.96  0.77     1.86  0.96  2.32  2.75  1.41
135   80     0.82  1.12  1.57  2.08  2.55  2.44  2.47  2.44  1.72  1.22  0.90  0.72     1.67  0.88  2.07  2.45  1.28
135   90     0.76  1.02  1.43  1.86  2.27  2.16  2.18  2.19  1.54  1.12  0.82  0.68     1.50  0.82  1.85  2.18  1.16
150   10     1.89  2.61  3.38  4.26  4.74  4.42  4.54  4.70  3.49  2.73  2.02  1.65     3.37  2.05  4.13  4.55  2.75
150   20     1.52  2.20  3.02  3.96  4.54  4.27  4.38  4.44  3.20  2.37  1.66  1.29     3.07  1.67  3.84  4.36  2.41
150   30     1.19  1.80  2.63  3.59  4.24  4.04  4.12  4.09  2.87  2.01  1.33  0.99     2.74  1.33  3.49  4.08  2.07
150   40     0.97  1.47  2.24  3.16  3.87  3.74  3.79  3.67  2.50  1.67  1.08  0.81     2.41  1.08  3.09  3.73  1.75
150   50     0.87  1.24  1.90  2.73  3.43  3.37  3.39  3.21  2.16  1.41  0.94  0.74     2.12  0.95  2.69  3.32  1.51
150   60     0.82  1.12  1.65  2.34  2.98  2.96  2.96  2.77  1.87  1.25  0.88  0.71     1.86  0.88  2.32  2.90  1.33
150   70     0.78  1.04  1.48  2.04  2.59  2.57  2.57  2.41  1.67  1.14  0.83  0.67     1.65  0.83  2.03  2.52  1.21
150   80     0.74  0.97  1.35  1.81  2.28  2.25  2.25  2.14  1.50  1.05  0.78  0.64     1.48  0.78  1.81  2.21  1.11
150   90     0.69  0.92  1.24  1.63  2.02  1.99  1.99  1.92  1.36  0.98  0.74  0.60     1.34  0.74  1.63  1.97  1.03
165   10     1.84  2.57  3.34  4.25  4.73  4.42  4.54  4.68  3.47  2.69  1.98  1.60     3.34  2.00  4.11  4.55  2.71
165   20     1.42  2.11  2.95  3.92  4.52  4.27  4.37  4.40  3.15  2.30  1.56  1.19     3.02  1.57  3.80  4.35  2.34
165   30     1.03  1.65  2.51  3.52  4.22  4.04  4.11  4.03  2.79  1.88  1.17  0.85     2.65  1.18  3.42  4.06  1.94
165   40     0.88  1.25  2.04  3.06  3.83  3.73  3.77  3.58  2.37  1.47  0.91  0.76     2.30  0.96  2.98  3.69  1.59
165   50     0.85  1.06  1.63  2.54  3.37  3.36  3.37  3.07  1.95  1.19  0.88  0.73     2.00  0.88  2.51  3.26  1.34
165   60     0.81  1.03  1.39  2.05  2.86  2.93  2.90  2.50  1.63  1.10  0.85  0.70     1.73  0.85  2.10  2.78  1.19
165   70     0.78  0.98  1.28  1.74  2.32  2.46  2.40  2.06  1.46  1.04  0.81  0.67     1.50  0.81  1.78  2.31  1.10
165   80     0.74  0.94  1.20  1.56  2.00  2.06  2.04  1.83  1.35  0.98  0.77  0.64     1.34  0.77  1.59  1.98  1.03
165   90     0.69  0.90  1.13  1.44  1.79  1.82  1.80  1.66  1.25  0.93  0.72  0.60     1.23  0.73  1.45  1.76  0.96
180   10     1.82  2.56  3.33  4.25  4.73  4.42  4.54  4.68  3.46  2.68  1.96  1.58     3.33  1.99  4.10  4.54  2.70
180   20     1.38  2.08  2.92  3.92  4.51  4.26  4.37  4.39  3.14  2.27  1.53  1.16     2.99  1.54  3.79  4.34  2.31
180   30     0.98  1.58  2.46  3.52  4.20  4.03  4.10  4.02  2.76  1.82  1.11  0.81     2.62  1.12  3.39  4.05  1.90
180   40     0.88  1.14  1.95  3.05  3.81  3.72  3.77  3.56  2.33  1.37  0.91  0.76     2.27  0.92  2.94  3.68  1.54
180   50     0.85  1.06  1.43  2.53  3.35  3.35  3.36  3.04  1.87  1.13  0.88  0.73     1.97  0.88  2.44  3.25  1.29
180   60     0.81  1.03  1.29  1.97  2.83  2.92  2.90  2.47  1.44  1.09  0.85  0.70     1.69  0.85  2.03  2.76  1.13
180   70     0.78  0.98  1.23  1.58  2.27  2.45  2.39  1.89  1.36  1.03  0.81  0.67     1.45  0.81  1.69  2.24  1.07
180   80     0.74  0.94  1.17  1.46  1.87  1.99  1.94  1.68  1.28  0.98  0.77  0.64     1.29  0.77  1.50  1.87  1.01
180   90     0.69  0.90  1.10  1.37  1.69  1.75  1.73  1.55  1.20  0.93  0.72  0.60     1.19  0.73  1.39  1.67  0.95
             56.6  47.6  34.1  18.9   6.6   2.2   3.8  12.4  26.1  41.7  54.1  59.3     29.8  54.3  19.7   6.5  40.7
             3.53  3.99  4.21  4.66  4.87  4.48  4.63  4.95  3.99  3.76  3.54  3.35     4.16  3.61  4.52  4.67  3.71
             3.23  3.84  4.20  4.60  4.62  4.16  4.33  4.81  3.99  3.70  3.29  3.00     3.98  3.36  4.47  4.43  3.66
             1.09  1.04  1.00  1.01  1.05  1.08  1.07  1.03  1.00  1.02  1.08  1.12     1.05  1.08  1.02  1.06  1.03
             1.43  1.27  1.14  1.02  0.95  0.93  0.94  0.99  1.07  1.21  1.38  1.49     1.15  1.40  1.04  0.95  1.22
temperature   1.0   1.9   5.8  11.9  16.7  20.6  24.2  25.3  21.5  14.9   8.8   3.2     13.0   2.0  11.5  23.4  15.1
diffusedrad  1.18  1.53  1.88  2.25  2.53  2.64  2.59  2.39  2.04  1.57  1.22  1.02     1.90  1.24  2.22  2.54  1.61
snow10cm     0.01  0.02  0.00  0.00  0.00  0.00  0.00  0.00  0.00  0.00  0.00  0.00     0.00  0.01  0.00  0.00  0.00
