2 52561   中津川          35 29.3  137   30  320
             2.20  2.97  3.56  4.27  4.65  4.32  4.42  4.57  3.53  2.89  2.35  1.94     3.47  2.37  4.16  4.44  2.93
             2.53  3.52  4.03  5.13  5.41  4.99  5.45  5.65  4.20  3.26  2.91  2.29     3.81  2.65  4.55  5.18  3.24
             1.69  2.03  2.85  3.26  3.96  3.47  3.55  3.81  3.07  2.45  1.74  1.52     3.17  2.05  3.74  3.70  2.56
  0   10     2.57  3.29  3.81  4.38  4.66  4.29  4.40  4.64  3.67  3.15  2.72  2.30     3.66  2.72  4.28  4.44  3.18
  0   20     2.88  3.57  3.97  4.42  4.58  4.19  4.31  4.62  3.75  3.35  3.02  2.61     3.77  3.02  4.32  4.37  3.37
  0   30     3.12  3.77  4.05  4.36  4.42  4.01  4.14  4.50  3.75  3.47  3.26  2.86     3.81  3.25  4.28  4.22  3.49
  0   40     3.29  3.89  4.04  4.21  4.17  3.76  3.89  4.30  3.68  3.52  3.42  3.04     3.77  3.41  4.14  3.98  3.54
  0   50     3.38  3.91  3.93  3.97  3.85  3.45  3.57  4.01  3.53  3.48  3.49  3.15     3.64  3.48  3.92  3.68  3.50
  0   60     3.40  3.84  3.75  3.65  3.45  3.09  3.20  3.63  3.31  3.37  3.48  3.18     3.45  3.47  3.62  3.31  3.39
  0   70     3.32  3.68  3.48  3.27  3.01  2.69  2.79  3.21  3.02  3.19  3.39  3.13     3.18  3.38  3.25  2.89  3.20
  0   80     3.17  3.44  3.14  2.83  2.52  2.26  2.34  2.73  2.68  2.93  3.22  3.01     2.86  3.21  2.83  2.44  2.94
  0   90     2.95  3.12  2.74  2.34  2.03  1.84  1.89  2.21  2.29  2.62  2.97  2.81     2.48  2.96  2.37  1.98  2.63
 15   10     2.55  3.28  3.80  4.37  4.66  4.29  4.40  4.63  3.67  3.14  2.70  2.29     3.65  2.71  4.28  4.44  3.17
 15   20     2.85  3.55  3.95  4.41  4.59  4.19  4.31  4.62  3.74  3.33  3.00  2.59     3.76  3.00  4.32  4.37  3.35
 15   30     3.08  3.73  4.02  4.35  4.42  4.01  4.14  4.50  3.74  3.44  3.22  2.83     3.79  3.22  4.26  4.22  3.46
 15   40     3.24  3.83  4.00  4.20  4.17  3.77  3.90  4.30  3.66  3.48  3.36  3.01     3.74  3.36  4.12  3.99  3.50
 15   50     3.33  3.85  3.90  3.97  3.86  3.47  3.59  4.02  3.51  3.43  3.43  3.11     3.62  3.43  3.91  3.69  3.46
 15   60     3.33  3.77  3.71  3.66  3.48  3.11  3.22  3.65  3.29  3.32  3.41  3.13     3.42  3.41  3.62  3.33  3.34
 15   70     3.25  3.61  3.44  3.28  3.04  2.72  2.82  3.23  3.01  3.13  3.31  3.08     3.16  3.31  3.25  2.92  3.15
 15   80     3.10  3.36  3.10  2.85  2.57  2.30  2.39  2.77  2.67  2.87  3.14  2.95     2.84  3.14  2.84  2.49  2.89
 15   90     2.87  3.04  2.70  2.38  2.10  1.89  1.95  2.28  2.29  2.56  2.88  2.75     2.48  2.89  2.40  2.04  2.58
 30   10     2.51  3.24  3.77  4.36  4.66  4.29  4.40  4.63  3.65  3.11  2.66  2.25     3.63  2.67  4.26  4.44  3.14
 30   20     2.77  3.47  3.90  4.38  4.59  4.19  4.31  4.61  3.71  3.27  2.92  2.52     3.72  2.92  4.29  4.37  3.30
 30   30     2.97  3.62  3.96  4.31  4.43  4.02  4.15  4.50  3.70  3.36  3.10  2.73     3.74  3.11  4.23  4.22  3.38
 30   40     3.10  3.69  3.92  4.16  4.20  3.79  3.92  4.31  3.61  3.38  3.22  2.88     3.68  3.22  4.09  4.00  3.40
 30   50     3.16  3.67  3.80  3.93  3.89  3.49  3.62  4.03  3.46  3.32  3.26  2.96     3.55  3.26  3.87  3.71  3.34
 30   60     3.14  3.58  3.61  3.64  3.54  3.16  3.27  3.70  3.24  3.19  3.22  2.96     3.35  3.23  3.60  3.38  3.21
 30   70     3.04  3.40  3.35  3.28  3.13  2.79  2.90  3.30  2.96  2.99  3.11  2.89     3.10  3.11  3.25  3.00  3.02
 30   80     2.88  3.15  3.02  2.88  2.70  2.40  2.49  2.88  2.64  2.74  2.92  2.76     2.79  2.93  2.87  2.59  2.77
 30   90     2.65  2.83  2.65  2.45  2.27  2.02  2.10  2.43  2.29  2.43  2.67  2.56     2.44  2.68  2.45  2.18  2.46
 45   10     2.45  3.18  3.73  4.33  4.65  4.29  4.40  4.62  3.62  3.06  2.60  2.20     3.59  2.61  4.24  4.43  3.10
 45   20     2.65  3.35  3.82  4.33  4.58  4.19  4.31  4.58  3.66  3.18  2.80  2.41     3.65  2.80  4.24  4.36  3.21
 45   30     2.80  3.45  3.84  4.25  4.43  4.03  4.15  4.48  3.63  3.24  2.94  2.57     3.65  2.94  4.17  4.22  3.27
 45   40     2.89  3.48  3.79  4.10  4.20  3.80  3.92  4.29  3.52  3.22  3.01  2.67     3.58  3.01  4.03  4.00  3.25
 45   50     2.90  3.44  3.67  3.88  3.93  3.53  3.65  4.03  3.37  3.15  3.02  2.71     3.44  3.02  3.82  3.74  3.18
 45   60     2.86  3.31  3.46  3.59  3.59  3.21  3.33  3.71  3.15  3.01  2.96  2.69     3.24  2.95  3.55  3.42  3.04
 45   70     2.74  3.13  3.21  3.26  3.22  2.87  2.97  3.35  2.89  2.81  2.84  2.61     2.99  2.83  3.23  3.06  2.85
 45   80     2.57  2.89  2.90  2.88  2.83  2.52  2.61  2.96  2.59  2.57  2.65  2.46     2.70  2.64  2.87  2.69  2.60
 45   90     2.35  2.58  2.56  2.50  2.42  2.16  2.24  2.55  2.27  2.28  2.41  2.26     2.38  2.40  2.50  2.32  2.32
 60   10     2.37  3.10  3.67  4.30  4.64  4.28  4.39  4.59  3.58  3.00  2.53  2.12     3.55  2.53  4.20  4.42  3.04
 60   20     2.51  3.20  3.72  4.27  4.56  4.18  4.30  4.55  3.59  3.07  2.66  2.27     3.57  2.66  4.18  4.34  3.10
 60   30     2.59  3.24  3.70  4.17  4.41  4.03  4.14  4.43  3.53  3.08  2.74  2.37     3.54  2.73  4.09  4.20  3.11
 60   40     2.62  3.22  3.62  4.01  4.20  3.81  3.93  4.25  3.42  3.04  2.77  2.41     3.44  2.75  3.94  4.00  3.07
 60   50     2.60  3.15  3.48  3.78  3.93  3.54  3.66  4.00  3.25  2.93  2.73  2.41     3.29  2.72  3.73  3.73  2.97
 60   60     2.53  3.01  3.28  3.51  3.62  3.25  3.36  3.70  3.04  2.79  2.65  2.37     3.09  2.63  3.47  3.44  2.83
 60   70     2.40  2.82  3.03  3.20  3.27  2.93  3.03  3.37  2.78  2.59  2.52  2.27     2.85  2.50  3.17  3.11  2.63
 60   80     2.24  2.59  2.75  2.86  2.90  2.59  2.68  3.00  2.51  2.36  2.33  2.12     2.58  2.32  2.84  2.76  2.40
 60   90     2.03  2.31  2.44  2.51  2.54  2.26  2.34  2.64  2.21  2.11  2.12  1.94     2.29  2.10  2.50  2.41  2.15
 75   10     2.28  3.00  3.61  4.25  4.63  4.28  4.38  4.57  3.54  2.94  2.44  2.03     3.50  2.44  4.16  4.41  2.97
 75   20     2.33  3.03  3.59  4.19  4.53  4.18  4.28  4.50  3.50  2.94  2.49  2.10     3.47  2.49  4.11  4.32  2.98
 75   30     2.35  3.00  3.53  4.07  4.38  4.02  4.12  4.36  3.42  2.90  2.50  2.13     3.40  2.49  3.99  4.17  2.94
 75   40     2.33  2.93  3.42  3.88  4.17  3.81  3.91  4.17  3.28  2.81  2.48  2.13     3.28  2.46  3.82  3.96  2.85
 75   50     2.26  2.81  3.25  3.66  3.91  3.55  3.65  3.93  3.11  2.69  2.42  2.09     3.11  2.39  3.61  3.71  2.74
 75   60     2.17  2.67  3.06  3.39  3.60  3.26  3.36  3.64  2.89  2.53  2.30  2.02     2.91  2.29  3.35  3.42  2.57
 75   70     2.04  2.48  2.82  3.10  3.29  2.96  3.05  3.33  2.65  2.35  2.18  1.92     2.68  2.15  3.07  3.11  2.39
 75   80     1.89  2.27  2.56  2.78  2.94  2.64  2.72  2.99  2.39  2.13  2.01  1.77     2.42  1.98  2.76  2.79  2.17
 75   90     1.71  2.04  2.27  2.45  2.59  2.32  2.39  2.64  2.12  1.91  1.82  1.62     2.16  1.79  2.44  2.45  1.95
 90   10     2.19  2.90  3.53  4.21  4.61  4.27  4.38  4.54  3.49  2.86  2.34  1.94     3.44  2.34  4.12  4.39  2.90
 90   20     2.15  2.84  3.46  4.11  4.50  4.17  4.26  4.44  3.41  2.79  2.31  1.92     3.36  2.30  4.02  4.29  2.84
 90   30     2.09  2.75  3.34  3.94  4.33  4.00  4.09  4.28  3.29  2.70  2.25  1.88     3.25  2.24  3.87  4.12  2.75
 90   40     2.02  2.62  3.19  3.73  4.11  3.78  3.87  4.06  3.12  2.58  2.18  1.82     3.09  2.15  3.68  3.90  2.63
 90   50     1.92  2.48  3.00  3.50  3.85  3.53  3.62  3.81  2.93  2.42  2.08  1.76     2.91  2.06  3.45  3.65  2.48
 90   60     1.81  2.31  2.79  3.24  3.55  3.24  3.33  3.54  2.72  2.27  1.96  1.66     2.70  1.93  3.19  3.37  2.31
 90   70     1.69  2.14  2.57  2.94  3.23  2.94  3.02  3.23  2.48  2.08  1.83  1.56     2.48  1.80  2.92  3.06  2.13
 90   80     1.54  1.94  2.32  2.65  2.91  2.64  2.71  2.91  2.24  1.89  1.68  1.44     2.24  1.64  2.63  2.75  1.94
 90   90     1.40  1.75  2.08  2.35  2.58  2.33  2.40  2.60  1.99  1.68  1.51  1.31     2.00  1.49  2.34  2.44  1.73
105   10     2.09  2.81  3.46  4.17  4.59  4.27  4.36  4.50  3.44  2.79  2.24  1.84     3.38  2.24  4.07  4.38  2.82
105   20     1.96  2.65  3.31  4.01  4.46  4.15  4.24  4.37  3.31  2.65  2.12  1.73     3.25  2.12  3.93  4.25  2.69
105   30     1.84  2.48  3.13  3.81  4.27  3.97  4.05  4.17  3.14  2.49  2.00  1.63     3.08  1.98  3.74  4.07  2.54
105   40     1.71  2.31  2.93  3.57  4.02  3.74  3.82  3.93  2.95  2.33  1.87  1.53     2.89  1.85  3.51  3.83  2.38
105   50     1.60  2.13  2.73  3.30  3.75  3.48  3.55  3.66  2.73  2.16  1.74  1.43     2.69  1.72  3.26  3.56  2.21
105   60     1.47  1.96  2.51  3.03  3.44  3.19  3.25  3.37  2.51  1.98  1.62  1.33     2.47  1.59  3.00  3.27  2.04
105   70     1.36  1.80  2.28  2.75  3.13  2.88  2.95  3.07  2.29  1.81  1.49  1.24     2.25  1.47  2.72  2.97  1.86
105   80     1.24  1.62  2.08  2.47  2.81  2.59  2.64  2.77  2.06  1.64  1.37  1.14     2.03  1.33  2.45  2.66  1.69
105   90     1.13  1.47  1.85  2.20  2.51  2.30  2.35  2.47  1.84  1.47  1.23  1.03     1.82  1.21  2.19  2.37  1.51
120   10     1.99  2.71  3.39  4.12  4.57  4.26  4.35  4.47  3.39  2.71  2.15  1.75     3.32  2.15  4.03  4.36  2.75
120   20     1.79  2.47  3.17  3.92  4.42  4.13  4.22  4.29  3.21  2.51  1.94  1.56     3.14  1.94  3.84  4.21  2.56
120   30     1.60  2.22  2.93  3.67  4.20  3.94  4.01  4.05  3.00  2.29  1.75  1.39     2.92  1.74  3.60  4.00  2.35
120   40     1.43  2.00  2.68  3.38  3.92  3.69  3.75  3.77  2.77  2.08  1.58  1.25     2.69  1.56  3.33  3.74  2.14
120   50     1.30  1.80  2.43  3.09  3.61  3.40  3.45  3.47  2.53  1.88  1.43  1.14     2.46  1.41  3.04  3.44  1.95
120   60     1.18  1.64  2.21  2.79  3.29  3.10  3.14  3.16  2.29  1.71  1.31  1.04     2.24  1.28  2.76  3.13  1.77
120   70     1.08  1.48  2.00  2.51  2.97  2.79  2.83  2.86  2.07  1.55  1.19  0.96     2.02  1.18  2.50  2.83  1.60
120   80     0.98  1.34  1.80  2.25  2.66  2.49  2.53  2.57  1.86  1.39  1.10  0.89     1.82  1.07  2.24  2.53  1.45
120   90     0.91  1.22  1.62  2.01  2.36  2.21  2.24  2.29  1.67  1.26  1.00  0.81     1.63  0.98  2.00  2.25  1.31
135   10     1.91  2.63  3.33  4.09  4.56  4.26  4.35  4.44  3.35  2.65  2.07  1.67     3.27  2.07  3.99  4.35  2.69
135   20     1.63  2.31  3.04  3.84  4.38  4.12  4.20  4.23  3.13  2.38  1.78  1.40     3.04  1.78  3.75  4.18  2.43
135   30     1.37  1.99  2.73  3.54  4.13  3.91  3.97  3.95  2.87  2.11  1.52  1.17     2.77  1.51  3.46  3.94  2.16
135   40     1.18  1.72  2.43  3.20  3.81  3.64  3.68  3.62  2.59  1.85  1.31  1.00     2.50  1.30  3.14  3.64  1.92
135   50     1.04  1.50  2.15  2.85  3.45  3.32  3.34  3.26  2.31  1.63  1.16  0.89     2.24  1.15  2.82  3.31  1.70
135   60     0.95  1.34  1.92  2.54  3.09  2.98  3.00  2.91  2.06  1.46  1.05  0.82     2.01  1.04  2.51  2.96  1.52
135   70     0.88  1.21  1.72  2.25  2.76  2.66  2.67  2.60  1.85  1.31  0.96  0.77     1.80  0.95  2.24  2.64  1.37
135   80     0.82  1.12  1.54  2.01  2.46  2.36  2.37  2.32  1.66  1.19  0.89  0.71     1.62  0.88  2.00  2.35  1.25
135   90     0.76  1.02  1.41  1.79  2.18  2.09  2.10  2.08  1.49  1.09  0.82  0.67     1.46  0.82  1.79  2.09  1.13
150   10     1.85  2.57  3.28  4.06  4.54  4.25  4.34  4.42  3.32  2.60  2.00  1.60     3.24  2.00  3.96  4.34  2.64
150   20     1.49  2.18  2.94  3.78  4.35  4.11  4.18  4.18  3.06  2.28  1.65  1.27     2.96  1.65  3.69  4.16  2.33
150   30     1.18  1.79  2.57  3.43  4.08  3.90  3.94  3.86  2.75  1.94  1.32  0.98     2.65  1.31  3.36  3.90  2.01
150   40     0.97  1.46  2.19  3.04  3.72  3.61  3.63  3.48  2.42  1.64  1.07  0.81     2.34  1.08  2.98  3.57  1.71
150   50     0.87  1.24  1.87  2.63  3.31  3.26  3.26  3.05  2.10  1.39  0.94  0.74     2.06  0.95  2.61  3.19  1.48
150   60     0.83  1.12  1.63  2.27  2.88  2.87  2.85  2.65  1.83  1.24  0.88  0.71     1.81  0.88  2.26  2.79  1.32
150   70     0.79  1.04  1.46  1.98  2.51  2.50  2.48  2.31  1.63  1.13  0.82  0.67     1.61  0.83  1.99  2.43  1.20
150   80     0.74  0.97  1.33  1.76  2.21  2.19  2.18  2.05  1.48  1.04  0.78  0.64     1.45  0.78  1.77  2.14  1.10
150   90     0.70  0.92  1.23  1.59  1.96  1.94  1.93  1.84  1.34  0.97  0.73  0.60     1.31  0.74  1.59  1.90  1.01
165   10     1.80  2.53  3.25  4.04  4.54  4.25  4.34  4.40  3.30  2.57  1.96  1.55     3.21  1.96  3.94  4.33  2.61
165   20     1.40  2.09  2.88  3.75  4.34  4.11  4.17  4.15  3.02  2.21  1.55  1.17     2.90  1.55  3.65  4.14  2.26
165   30     1.03  1.64  2.46  3.38  4.05  3.89  3.93  3.81  2.68  1.83  1.16  0.85     2.56  1.18  3.29  3.88  1.89
165   40     0.88  1.25  2.01  2.94  3.69  3.60  3.62  3.40  2.31  1.46  0.91  0.76     2.23  0.96  2.88  3.54  1.56
165   50     0.85  1.07  1.62  2.47  3.25  3.24  3.24  2.93  1.92  1.20  0.88  0.73     1.95  0.89  2.45  3.14  1.33
165   60     0.82  1.03  1.39  2.01  2.77  2.84  2.81  2.42  1.62  1.10  0.84  0.70     1.70  0.85  2.06  2.69  1.19
165   70     0.78  0.99  1.28  1.72  2.26  2.40  2.34  2.01  1.46  1.04  0.81  0.67     1.48  0.81  1.75  2.25  1.10
165   80     0.74  0.95  1.20  1.54  1.96  2.02  1.99  1.78  1.34  0.98  0.76  0.64     1.33  0.77  1.57  1.93  1.03
165   90     0.70  0.90  1.12  1.42  1.76  1.79  1.76  1.62  1.24  0.92  0.72  0.60     1.21  0.73  1.43  1.73  0.96
180   10     1.78  2.52  3.24  4.04  4.53  4.25  4.34  4.40  3.29  2.56  1.94  1.54     3.20  1.95  3.94  4.33  2.60
180   20     1.37  2.06  2.85  3.74  4.33  4.10  4.17  4.14  3.00  2.19  1.51  1.14     2.88  1.52  3.64  4.14  2.23
180   30     0.98  1.58  2.41  3.37  4.04  3.88  3.93  3.80  2.66  1.78  1.10  0.81     2.53  1.12  3.27  3.87  1.85
180   40     0.88  1.14  1.93  2.94  3.67  3.59  3.61  3.38  2.27  1.37  0.91  0.76     2.21  0.93  2.85  3.53  1.51
180   50     0.85  1.07  1.44  2.45  3.23  3.24  3.23  2.91  1.85  1.14  0.88  0.73     1.92  0.89  2.38  3.13  1.29
180   60     0.82  1.03  1.30  1.94  2.75  2.83  2.80  2.39  1.46  1.10  0.84  0.70     1.66  0.85  1.99  2.67  1.13
180   70     0.78  0.99  1.24  1.57  2.22  2.39  2.33  1.86  1.37  1.04  0.81  0.67     1.44  0.81  1.68  2.19  1.07
180   80     0.74  0.95  1.17  1.46  1.84  1.95  1.90  1.66  1.28  0.98  0.76  0.64     1.28  0.77  1.49  1.84  1.01
180   90     0.70  0.90  1.10  1.36  1.66  1.72  1.69  1.52  1.20  0.92  0.72  0.60     1.18  0.73  1.37  1.65  0.95
             56.3  47.4  33.6  18.5   6.6   2.4   4.0  12.3  25.3  40.8  54.0  58.8     29.7  53.9  19.5   6.5  40.4
             3.40  3.91  4.05  4.42  4.66  4.31  4.42  4.64  3.76  3.52  3.50  3.18     3.98  3.49  4.32  4.45  3.54
             3.12  3.77  4.05  4.36  4.43  4.02  4.15  4.51  3.75  3.47  3.25  2.85     3.81  3.25  4.28  4.23  3.49
             1.09  1.04  1.00  1.01  1.05  1.07  1.07  1.03  1.00  1.01  1.08  1.12     1.05  1.08  1.02  1.06  1.03
             1.42  1.27  1.14  1.02  0.95  0.93  0.94  0.99  1.06  1.20  1.38  1.47     1.15  1.39  1.04  0.95  1.22
temperature   1.5   2.4   6.3  12.4  17.3  21.2  24.7  25.9  22.2  15.8   9.5   3.9     13.6   2.6  12.0  23.9  15.8
diffusedrad  1.18  1.53  1.87  2.24  2.52  2.63  2.59  2.39  2.03  1.56  1.22  1.01     1.90  1.24  2.21  2.54  1.60
snow10cm     0.01  0.03  0.00  0.00  0.00  0.00  0.00  0.00  0.00  0.00  0.00  0.00     0.00  0.01  0.00  0.00  0.00
