2 54271   羽茂            37 50.5  138 18.8   11
             1.33  1.99  3.11  4.30  4.86  4.64  4.48  4.71  3.40  2.74  1.71  1.20     3.21  1.50  4.09  4.61  2.62
             1.56  2.47  3.68  5.01  5.71  5.31  5.43  5.77  3.91  3.10  1.97  1.50     3.42  1.74  4.54  5.21  2.85
             1.15  1.59  2.74  3.58  4.15  3.91  3.59  3.60  2.76  2.23  1.15  0.97     2.95  1.24  3.81  3.98  2.19
  0   10     1.44  2.13  3.32  4.45  4.88  4.62  4.47  4.82  3.55  3.01  1.91  1.32     3.33  1.63  4.22  4.64  2.82
  0   20     1.54  2.25  3.46  4.50  4.82  4.52  4.39  4.82  3.65  3.22  2.09  1.42     3.39  1.74  4.26  4.58  2.98
  0   30     1.60  2.32  3.52  4.46  4.66  4.33  4.23  4.72  3.67  3.36  2.22  1.50     3.38  1.81  4.22  4.43  3.08
  0   40     1.64  2.35  3.51  4.33  4.42  4.07  3.99  4.53  3.61  3.42  2.30  1.56     3.31  1.85  4.09  4.20  3.11
  0   50     1.64  2.34  3.43  4.11  4.08  3.74  3.68  4.23  3.48  3.40  2.34  1.58     3.17  1.85  3.87  3.88  3.07
  0   60     1.61  2.28  3.28  3.80  3.67  3.35  3.30  3.85  3.27  3.31  2.32  1.56     2.97  1.82  3.58  3.50  2.97
  0   70     1.55  2.17  3.06  3.41  3.20  2.91  2.89  3.41  3.00  3.15  2.25  1.52     2.71  1.75  3.22  3.07  2.80
  0   80     1.47  2.03  2.77  2.97  2.69  2.44  2.43  2.91  2.68  2.91  2.13  1.44     2.41  1.65  2.81  2.59  2.57
  0   90     1.36  1.85  2.44  2.47  2.16  1.97  1.98  2.36  2.31  2.62  1.96  1.34     2.07  1.51  2.36  2.10  2.30
 15   10     1.44  2.12  3.31  4.43  4.88  4.62  4.47  4.81  3.55  3.00  1.90  1.31     3.32  1.62  4.21  4.63  2.82
 15   20     1.53  2.23  3.44  4.49  4.82  4.52  4.39  4.82  3.64  3.20  2.08  1.41     3.38  1.73  4.25  4.58  2.97
 15   30     1.59  2.30  3.50  4.45  4.67  4.34  4.23  4.72  3.65  3.32  2.20  1.49     3.37  1.79  4.21  4.43  3.06
 15   40     1.62  2.33  3.49  4.32  4.42  4.08  3.99  4.52  3.59  3.38  2.28  1.54     3.30  1.83  4.08  4.20  3.09
 15   50     1.62  2.31  3.40  4.10  4.10  3.75  3.69  4.24  3.46  3.36  2.31  1.55     3.16  1.83  3.87  3.90  3.04
 15   60     1.59  2.25  3.25  3.80  3.70  3.37  3.33  3.88  3.26  3.26  2.29  1.54     2.96  1.79  3.58  3.52  2.94
 15   70     1.53  2.14  3.02  3.42  3.24  2.94  2.92  3.43  2.99  3.09  2.22  1.49     2.70  1.72  3.23  3.10  2.77
 15   80     1.44  2.00  2.74  2.99  2.75  2.48  2.48  2.95  2.67  2.85  2.10  1.42     2.40  1.62  2.83  2.64  2.54
 15   90     1.33  1.81  2.41  2.52  2.23  2.03  2.03  2.43  2.31  2.55  1.93  1.31     2.08  1.49  2.39  2.17  2.26
 30   10     1.43  2.10  3.29  4.42  4.88  4.62  4.47  4.81  3.53  2.97  1.88  1.30     3.31  1.61  4.19  4.63  2.79
 30   20     1.50  2.20  3.40  4.46  4.82  4.52  4.39  4.81  3.60  3.14  2.03  1.39     3.36  1.70  4.23  4.57  2.92
 30   30     1.55  2.25  3.44  4.41  4.67  4.34  4.24  4.71  3.61  3.24  2.14  1.45     3.34  1.75  4.17  4.43  3.00
 30   40     1.57  2.27  3.42  4.28  4.45  4.10  4.01  4.53  3.54  3.28  2.21  1.48     3.26  1.77  4.05  4.21  3.01
 30   50     1.56  2.23  3.32  4.06  4.13  3.79  3.72  4.25  3.40  3.24  2.22  1.49     3.12  1.76  3.84  3.92  2.95
 30   60     1.52  2.16  3.16  3.77  3.76  3.43  3.38  3.92  3.20  3.13  2.19  1.47     2.92  1.72  3.56  3.58  2.84
 30   70     1.46  2.05  2.94  3.42  3.33  3.02  2.99  3.51  2.94  2.95  2.11  1.41     2.68  1.64  3.23  3.17  2.67
 30   80     1.37  1.90  2.66  3.01  2.88  2.60  2.58  3.07  2.63  2.71  1.98  1.33     2.39  1.53  2.85  2.75  2.44
 30   90     1.26  1.72  2.35  2.57  2.42  2.19  2.17  2.59  2.29  2.43  1.81  1.23     2.09  1.40  2.44  2.32  2.18
 45   10     1.41  2.07  3.25  4.39  4.87  4.61  4.46  4.79  3.50  2.92  1.85  1.27     3.28  1.58  4.17  4.62  2.75
 45   20     1.46  2.14  3.33  4.40  4.81  4.52  4.38  4.77  3.55  3.05  1.97  1.34     3.31  1.65  4.18  4.56  2.85
 45   30     1.49  2.17  3.35  4.34  4.67  4.35  4.24  4.68  3.53  3.12  2.04  1.38     3.28  1.68  4.12  4.42  2.90
 45   40     1.50  2.17  3.30  4.20  4.45  4.12  4.01  4.50  3.44  3.12  2.08  1.40     3.19  1.69  3.98  4.21  2.88
 45   50     1.47  2.12  3.19  3.99  4.17  3.83  3.74  4.25  3.31  3.06  2.07  1.39     3.05  1.66  3.78  3.94  2.81
 45   60     1.42  2.03  3.02  3.70  3.81  3.49  3.42  3.93  3.11  2.94  2.02  1.36     2.86  1.60  3.51  3.61  2.69
 45   70     1.35  1.91  2.81  3.38  3.43  3.12  3.06  3.56  2.86  2.76  1.93  1.29     2.62  1.52  3.21  3.25  2.52
 45   80     1.26  1.76  2.55  3.00  3.01  2.73  2.69  3.15  2.57  2.53  1.80  1.21     2.36  1.41  2.85  2.86  2.30
 45   90     1.14  1.59  2.26  2.61  2.58  2.34  2.31  2.72  2.26  2.26  1.64  1.10     2.07  1.28  2.48  2.46  2.05
 60   10     1.38  2.04  3.21  4.35  4.85  4.61  4.46  4.76  3.46  2.86  1.80  1.24     3.25  1.55  4.14  4.61  2.71
 60   20     1.41  2.07  3.24  4.33  4.78  4.51  4.37  4.73  3.47  2.94  1.87  1.28     3.25  1.59  4.12  4.54  2.76
 60   30     1.42  2.08  3.23  4.24  4.64  4.35  4.22  4.62  3.43  2.95  1.92  1.30     3.20  1.60  4.04  4.40  2.77
 60   40     1.40  2.04  3.15  4.10  4.43  4.12  4.01  4.45  3.33  2.93  1.92  1.30     3.10  1.58  3.90  4.19  2.73
 60   50     1.36  1.98  3.03  3.87  4.16  3.84  3.74  4.20  3.17  2.84  1.89  1.27     2.95  1.54  3.69  3.93  2.63
 60   60     1.30  1.88  2.86  3.62  3.84  3.53  3.44  3.91  2.98  2.71  1.82  1.22     2.76  1.47  3.44  3.63  2.50
 60   70     1.22  1.75  2.65  3.30  3.48  3.18  3.11  3.57  2.74  2.53  1.73  1.15     2.53  1.38  3.14  3.29  2.33
 60   80     1.13  1.61  2.41  2.96  3.10  2.82  2.75  3.19  2.48  2.31  1.60  1.06     2.29  1.27  2.82  2.92  2.13
 60   90     1.02  1.45  2.13  2.60  2.71  2.46  2.41  2.81  2.18  2.07  1.45  0.97     2.02  1.14  2.48  2.56  1.90
 75   10     1.35  1.99  3.15  4.30  4.83  4.60  4.44  4.73  3.41  2.79  1.75  1.21     3.21  1.52  4.09  4.59  2.65
 75   20     1.35  1.99  3.14  4.24  4.75  4.50  4.34  4.67  3.38  2.80  1.77  1.22     3.18  1.52  4.04  4.50  2.65
 75   30     1.33  1.96  3.08  4.12  4.60  4.33  4.19  4.54  3.31  2.77  1.77  1.21     3.10  1.50  3.93  4.35  2.62
 75   40     1.29  1.90  2.98  3.95  4.39  4.11  3.98  4.35  3.18  2.69  1.74  1.18     2.98  1.46  3.77  4.15  2.54
 75   50     1.24  1.82  2.84  3.74  4.12  3.84  3.73  4.12  3.02  2.60  1.69  1.14     2.82  1.40  3.57  3.89  2.44
 75   60     1.17  1.72  2.67  3.46  3.81  3.53  3.43  3.82  2.82  2.44  1.60  1.08     2.63  1.32  3.31  3.60  2.29
 75   70     1.09  1.59  2.46  3.18  3.48  3.21  3.12  3.51  2.60  2.28  1.51  1.01     2.42  1.23  3.04  3.28  2.13
 75   80     0.99  1.46  2.23  2.86  3.12  2.87  2.79  3.17  2.34  2.08  1.39  0.92     2.19  1.12  2.74  2.94  1.94
 75   90     0.90  1.31  1.99  2.53  2.76  2.52  2.45  2.80  2.09  1.86  1.25  0.83     1.94  1.01  2.43  2.59  1.73
 90   10     1.31  1.95  3.09  4.25  4.81  4.59  4.43  4.69  3.36  2.71  1.69  1.17     3.17  1.48  4.05  4.57  2.59
 90   20     1.28  1.91  3.02  4.14  4.70  4.47  4.32  4.59  3.28  2.65  1.66  1.15     3.10  1.45  3.96  4.46  2.53
 90   30     1.24  1.84  2.92  3.98  4.53  4.30  4.15  4.43  3.17  2.57  1.61  1.11     2.99  1.40  3.81  4.29  2.45
 90   40     1.19  1.76  2.79  3.78  4.30  4.07  3.93  4.22  3.02  2.46  1.55  1.06     2.84  1.34  3.62  4.07  2.34
 90   50     1.12  1.66  2.63  3.55  4.04  3.80  3.67  3.97  2.84  2.32  1.48  1.01     2.67  1.26  3.40  3.82  2.21
 90   60     1.04  1.55  2.44  3.29  3.73  3.50  3.38  3.69  2.64  2.18  1.39  0.94     2.48  1.18  3.15  3.52  2.07
 90   70     0.96  1.43  2.25  3.00  3.41  3.18  3.07  3.38  2.41  2.00  1.29  0.87     2.27  1.09  2.89  3.21  1.90
 90   80     0.88  1.30  2.04  2.71  3.08  2.86  2.77  3.06  2.19  1.83  1.18  0.79     2.06  0.99  2.61  2.90  1.73
 90   90     0.79  1.17  1.83  2.41  2.74  2.53  2.45  2.74  1.95  1.63  1.06  0.71     1.83  0.89  2.32  2.57  1.55
105   10     1.28  1.90  3.03  4.19  4.79  4.58  4.42  4.65  3.31  2.63  1.63  1.14     3.13  1.44  4.00  4.55  2.52
105   20     1.22  1.82  2.91  4.04  4.65  4.45  4.29  4.50  3.18  2.51  1.54  1.08     3.02  1.37  3.86  4.41  2.41
105   30     1.15  1.72  2.75  3.83  4.44  4.26  4.10  4.30  3.02  2.36  1.46  1.02     2.87  1.30  3.67  4.22  2.28
105   40     1.08  1.61  2.58  3.59  4.19  4.01  3.86  4.05  2.83  2.21  1.37  0.95     2.69  1.22  3.45  3.97  2.14
105   50     1.01  1.50  2.40  3.32  3.91  3.73  3.59  3.78  2.63  2.05  1.27  0.89     2.51  1.13  3.21  3.70  1.99
105   60     0.93  1.39  2.21  3.05  3.60  3.42  3.29  3.49  2.42  1.89  1.19  0.82     2.31  1.05  2.96  3.40  1.83
105   70     0.86  1.27  2.02  2.78  3.27  3.10  2.99  3.19  2.21  1.73  1.09  0.76     2.11  0.96  2.69  3.10  1.68
105   80     0.78  1.16  1.83  2.50  2.95  2.79  2.68  2.88  2.00  1.57  1.00  0.69     1.90  0.87  2.43  2.78  1.52
105   90     0.70  1.04  1.64  2.23  2.64  2.48  2.38  2.59  1.78  1.41  0.90  0.62     1.70  0.79  2.17  2.48  1.36
120   10     1.25  1.86  2.97  4.14  4.76  4.57  4.40  4.60  3.25  2.56  1.57  1.10     3.09  1.41  3.96  4.53  2.46
120   20     1.16  1.74  2.79  3.93  4.59  4.42  4.26  4.41  3.08  2.36  1.43  1.02     2.93  1.30  3.77  4.36  2.29
120   30     1.07  1.60  2.58  3.67  4.35  4.21  4.04  4.16  2.87  2.15  1.30  0.93     2.74  1.20  3.53  4.13  2.11
120   40     0.99  1.47  2.37  3.38  4.05  3.93  3.77  3.86  2.64  1.96  1.19  0.86     2.54  1.11  3.27  3.85  1.93
120   50     0.92  1.35  2.16  3.08  3.73  3.62  3.47  3.55  2.42  1.77  1.09  0.79     2.33  1.02  2.99  3.55  1.76
120   60     0.84  1.24  1.97  2.79  3.40  3.30  3.16  3.24  2.20  1.61  1.00  0.73     2.12  0.94  2.72  3.23  1.61
120   70     0.78  1.14  1.79  2.51  3.08  2.98  2.85  2.94  1.99  1.47  0.92  0.67     1.93  0.86  2.46  2.92  1.46
120   80     0.71  1.04  1.62  2.26  2.77  2.66  2.55  2.65  1.79  1.33  0.84  0.61     1.74  0.79  2.22  2.62  1.32
120   90     0.65  0.94  1.46  2.02  2.46  2.37  2.26  2.38  1.61  1.20  0.76  0.56     1.55  0.71  1.98  2.33  1.19
135   10     1.22  1.83  2.92  4.10  4.74  4.56  4.39  4.56  3.21  2.50  1.52  1.07     3.05  1.37  3.92  4.51  2.41
135   20     1.11  1.66  2.68  3.83  4.54  4.40  4.23  4.33  2.99  2.23  1.34  0.96     2.86  1.24  3.69  4.32  2.19
135   30     1.00  1.50  2.42  3.51  4.26  4.17  3.99  4.02  2.72  1.96  1.17  0.85     2.63  1.12  3.40  4.06  1.95
135   40     0.92  1.35  2.17  3.16  3.91  3.86  3.68  3.67  2.45  1.72  1.04  0.78     2.39  1.01  3.08  3.73  1.74
135   50     0.85  1.23  1.94  2.81  3.53  3.51  3.34  3.29  2.19  1.52  0.94  0.72     2.15  0.93  2.76  3.38  1.55
135   60     0.79  1.12  1.74  2.50  3.17  3.14  3.00  2.94  1.96  1.37  0.86  0.67     1.94  0.86  2.47  3.03  1.40
135   70     0.73  1.03  1.58  2.23  2.83  2.80  2.67  2.63  1.76  1.24  0.79  0.62     1.74  0.79  2.21  2.70  1.26
135   80     0.67  0.95  1.42  1.99  2.52  2.49  2.38  2.36  1.59  1.12  0.73  0.57     1.57  0.73  1.98  2.41  1.15
135   90     0.62  0.87  1.29  1.78  2.25  2.21  2.11  2.12  1.43  1.03  0.67  0.53     1.41  0.67  1.78  2.15  1.04
150   10     1.20  1.80  2.88  4.07  4.72  4.56  4.38  4.54  3.18  2.44  1.48  1.05     3.02  1.35  3.89  4.49  2.37
150   20     1.07  1.60  2.60  3.76  4.50  4.39  4.21  4.27  2.91  2.12  1.26  0.91     2.80  1.20  3.62  4.29  2.10
150   30     0.94  1.41  2.29  3.39  4.19  4.14  3.95  3.91  2.60  1.80  1.05  0.79     2.54  1.05  3.29  4.00  1.82
150   40     0.86  1.24  1.98  2.98  3.80  3.81  3.62  3.49  2.27  1.51  0.91  0.72     2.27  0.94  2.92  3.64  1.56
150   50     0.81  1.12  1.72  2.56  3.35  3.41  3.23  3.04  1.97  1.29  0.83  0.69     2.00  0.87  2.54  3.23  1.37
150   60     0.77  1.04  1.53  2.21  2.90  2.98  2.82  2.62  1.73  1.16  0.78  0.65     1.77  0.82  2.21  2.81  1.22
150   70     0.72  0.97  1.39  1.93  2.53  2.60  2.46  2.30  1.55  1.07  0.73  0.61     1.57  0.77  1.95  2.45  1.12
150   80     0.67  0.90  1.27  1.73  2.24  2.29  2.17  2.05  1.41  0.99  0.68  0.56     1.41  0.71  1.74  2.17  1.03
150   90     0.61  0.84  1.17  1.56  2.00  2.02  1.93  1.85  1.28  0.92  0.63  0.52     1.28  0.66  1.58  1.94  0.94
165   10     1.19  1.78  2.86  4.05  4.71  4.56  4.38  4.52  3.16  2.41  1.45  1.04     3.01  1.34  3.87  4.49  2.34
165   20     1.04  1.57  2.55  3.72  4.48  4.39  4.20  4.23  2.87  2.06  1.20  0.88     2.77  1.16  3.58  4.27  2.04
165   30     0.90  1.34  2.20  3.32  4.16  4.14  3.94  3.85  2.52  1.68  0.96  0.75     2.48  1.00  3.23  3.98  1.72
165   40     0.85  1.15  1.83  2.86  3.75  3.81  3.60  3.40  2.15  1.32  0.84  0.72     2.19  0.91  2.82  3.60  1.44
165   50     0.81  1.07  1.52  2.36  3.27  3.41  3.20  2.88  1.78  1.11  0.81  0.69     1.91  0.86  2.39  3.17  1.23
165   60     0.77  1.02  1.36  1.92  2.74  2.96  2.75  2.32  1.52  1.04  0.77  0.65     1.65  0.81  2.01  2.68  1.11
165   70     0.72  0.96  1.26  1.66  2.23  2.46  2.27  1.96  1.38  0.99  0.72  0.61     1.44  0.76  1.72  2.23  1.03
165   80     0.67  0.90  1.18  1.51  1.95  2.10  1.97  1.75  1.27  0.93  0.67  0.56     1.29  0.71  1.55  1.94  0.96
165   90     0.61  0.83  1.10  1.39  1.76  1.87  1.76  1.61  1.18  0.88  0.63  0.52     1.18  0.66  1.42  1.74  0.89
180   10     1.19  1.77  2.85  4.05  4.71  4.56  4.38  4.51  3.15  2.40  1.45  1.03     3.00  1.33  3.87  4.48  2.33
180   20     1.03  1.55  2.53  3.72  4.47  4.40  4.19  4.21  2.85  2.03  1.18  0.87     2.75  1.15  3.57  4.27  2.02
180   30     0.89  1.31  2.16  3.32  4.14  4.14  3.93  3.83  2.50  1.62  0.93  0.74     2.46  0.98  3.21  3.97  1.68
180   40     0.85  1.12  1.77  2.85  3.72  3.82  3.59  3.37  2.11  1.22  0.84  0.72     2.16  0.89  2.78  3.59  1.39
180   50     0.81  1.07  1.37  2.34  3.24  3.42  3.19  2.85  1.69  1.09  0.81  0.69     1.88  0.86  2.32  3.15  1.19
180   60     0.77  1.02  1.31  1.79  2.71  2.96  2.74  2.28  1.38  1.04  0.77  0.65     1.62  0.81  1.94  2.66  1.06
180   70     0.72  0.96  1.24  1.52  2.13  2.47  2.25  1.78  1.30  0.99  0.72  0.61     1.39  0.76  1.63  2.17  1.00
180   80     0.67  0.90  1.16  1.42  1.81  2.03  1.88  1.61  1.22  0.93  0.67  0.56     1.24  0.71  1.46  1.84  0.94
180   90     0.61  0.83  1.08  1.33  1.65  1.81  1.69  1.49  1.14  0.88  0.63  0.52     1.14  0.66  1.35  1.66  0.88
             46.2  41.8  33.8  20.9   8.5   2.9   5.6  15.3  27.5  43.1  51.4  51.0     24.3  45.8  20.0   8.3  39.4
             1.64  2.35  3.53  4.50  4.88  4.64  4.48  4.83  3.67  3.42  2.34  1.58     3.49  1.85  4.26  4.64  3.11
             1.57  2.28  3.49  4.50  4.77  4.45  4.33  4.79  3.67  3.29  2.15  1.46     3.40  1.77  4.25  4.52  3.03
             1.04  1.03  1.01  1.00  1.02  1.04  1.03  1.01  1.00  1.04  1.09  1.08     1.03  1.05  1.01  1.03  1.04
             1.18  1.15  1.12  1.05  0.98  0.96  0.97  1.01  1.08  1.20  1.26  1.22     1.10  1.18  1.05  0.98  1.18
temperature   2.9   2.8   5.3  10.6  15.3  19.4  23.3  25.2  21.2  15.5  10.2   5.8     13.1   3.8  10.4  22.6  15.6
diffusedrad  0.99  1.36  1.82  2.18  2.46  2.64  2.57  2.29  1.93  1.48  1.05  0.85     1.80  1.07  2.15  2.50  1.49
snow10cm     0.07  0.06  0.01  0.00  0.00  0.00  0.00  0.00  0.00  0.00  0.00  0.04     0.01  0.06  0.00  0.00  0.00
