2 54341   巻              37 46.1  138 54.8    2
             1.39  2.18  3.14  4.32  4.91  4.90  4.82  4.74  3.54  2.77  1.67  1.20     3.30  1.59  4.12  4.82  2.66
             1.52  2.61  3.43  5.04  5.57  5.72  6.47  5.86  4.08  3.34  2.13  1.55     3.58  1.79  4.49  5.57  2.97
             1.13  1.72  2.62  3.70  4.09  3.96  3.68  3.59  2.89  2.28  1.14  0.97     3.06  1.39  3.71  4.00  2.31
  0   10     1.51  2.35  3.35  4.47  4.93  4.88  4.81  4.84  3.73  3.04  1.88  1.32     3.42  1.73  4.25  4.84  2.88
  0   20     1.62  2.50  3.49  4.52  4.87  4.77  4.72  4.84  3.83  3.26  2.05  1.43     3.49  1.85  4.29  4.78  3.04
  0   30     1.69  2.61  3.56  4.48  4.71  4.56  4.54  4.75  3.85  3.40  2.17  1.51     3.49  1.94  4.25  4.62  3.14
  0   40     1.74  2.67  3.55  4.35  4.46  4.28  4.27  4.55  3.79  3.46  2.25  1.56     3.41  1.99  4.12  4.37  3.17
  0   50     1.75  2.68  3.47  4.12  4.12  3.92  3.92  4.25  3.65  3.45  2.28  1.58     3.27  2.00  3.90  4.03  3.13
  0   60     1.73  2.64  3.32  3.81  3.71  3.49  3.51  3.87  3.44  3.36  2.26  1.57     3.06  1.98  3.61  3.63  3.02
  0   70     1.69  2.55  3.11  3.43  3.23  3.02  3.05  3.42  3.16  3.19  2.19  1.52     2.80  1.92  3.25  3.16  2.85
  0   80     1.61  2.41  2.83  2.98  2.71  2.51  2.55  2.92  2.81  2.95  2.08  1.45     2.48  1.83  2.84  2.66  2.61
  0   90     1.51  2.23  2.50  2.48  2.17  2.00  2.04  2.37  2.42  2.65  1.92  1.35     2.14  1.70  2.38  2.14  2.33
 15   10     1.51  2.35  3.34  4.46  4.93  4.88  4.81  4.84  3.72  3.03  1.87  1.31     3.42  1.72  4.24  4.84  2.87
 15   20     1.61  2.49  3.48  4.51  4.87  4.76  4.72  4.84  3.82  3.24  2.03  1.42     3.48  1.84  4.29  4.78  3.03
 15   30     1.68  2.59  3.54  4.47  4.71  4.57  4.54  4.75  3.84  3.37  2.15  1.49     3.48  1.92  4.24  4.62  3.12
 15   40     1.72  2.65  3.53  4.34  4.46  4.29  4.27  4.54  3.78  3.42  2.23  1.54     3.40  1.97  4.11  4.37  3.14
 15   50     1.73  2.65  3.44  4.12  4.13  3.94  3.94  4.26  3.63  3.40  2.25  1.56     3.25  1.98  3.90  4.05  3.10
 15   60     1.71  2.60  3.29  3.81  3.73  3.52  3.54  3.89  3.42  3.31  2.23  1.54     3.05  1.95  3.61  3.65  2.98
 15   70     1.66  2.51  3.07  3.44  3.26  3.06  3.09  3.45  3.15  3.13  2.15  1.50     2.79  1.89  3.26  3.20  2.81
 15   80     1.58  2.37  2.80  3.00  2.77  2.56  2.60  2.96  2.81  2.89  2.03  1.42     2.48  1.79  2.85  2.71  2.58
 15   90     1.48  2.19  2.47  2.52  2.25  2.08  2.11  2.44  2.42  2.59  1.87  1.32     2.15  1.67  2.41  2.21  2.29
 30   10     1.50  2.33  3.32  4.44  4.93  4.88  4.80  4.83  3.70  3.00  1.85  1.30     3.40  1.71  4.23  4.84  2.85
 30   20     1.58  2.45  3.43  4.48  4.87  4.77  4.72  4.83  3.78  3.17  1.99  1.39     3.46  1.81  4.26  4.78  2.98
 30   30     1.64  2.53  3.48  4.43  4.72  4.58  4.55  4.74  3.79  3.28  2.09  1.45     3.44  1.87  4.21  4.62  3.05
 30   40     1.67  2.57  3.46  4.30  4.49  4.32  4.30  4.56  3.72  3.32  2.14  1.49     3.36  1.91  4.08  4.39  3.06
 30   50     1.67  2.56  3.36  4.08  4.17  3.98  3.98  4.28  3.58  3.28  2.15  1.50     3.21  1.91  3.87  4.08  3.00
 30   60     1.64  2.50  3.20  3.79  3.80  3.60  3.61  3.94  3.36  3.17  2.12  1.47     3.02  1.87  3.60  3.71  2.88
 30   70     1.59  2.40  2.99  3.43  3.36  3.16  3.18  3.53  3.10  2.99  2.04  1.42     2.77  1.80  3.26  3.29  2.71
 30   80     1.51  2.26  2.72  3.02  2.91  2.71  2.73  3.08  2.77  2.75  1.91  1.34     2.48  1.70  2.88  2.84  2.48
 30   90     1.40  2.08  2.40  2.58  2.43  2.26  2.29  2.60  2.41  2.46  1.75  1.24     2.16  1.58  2.47  2.38  2.21
 45   10     1.47  2.29  3.28  4.41  4.92  4.87  4.80  4.82  3.66  2.95  1.81  1.28     3.38  1.68  4.20  4.83  2.81
 45   20     1.54  2.38  3.37  4.42  4.86  4.77  4.71  4.80  3.72  3.09  1.92  1.35     3.41  1.75  4.22  4.76  2.91
 45   30     1.58  2.44  3.38  4.37  4.72  4.59  4.55  4.71  3.71  3.16  1.99  1.39     3.38  1.80  4.16  4.62  2.95
 45   40     1.59  2.45  3.34  4.22  4.49  4.34  4.31  4.53  3.62  3.16  2.02  1.41     3.29  1.81  4.02  4.39  2.94
 45   50     1.57  2.42  3.24  4.01  4.21  4.04  4.02  4.28  3.48  3.10  2.01  1.40     3.15  1.80  3.82  4.11  2.87
 45   60     1.53  2.35  3.07  3.73  3.85  3.67  3.67  3.95  3.27  2.98  1.96  1.36     2.95  1.75  3.55  3.76  2.74
 45   70     1.47  2.24  2.86  3.40  3.47  3.28  3.28  3.59  3.01  2.80  1.87  1.30     2.71  1.67  3.24  3.38  2.56
 45   80     1.39  2.10  2.60  3.01  3.04  2.86  2.87  3.17  2.71  2.57  1.74  1.22     2.44  1.57  2.89  2.97  2.34
 45   90     1.28  1.93  2.31  2.62  2.61  2.45  2.46  2.74  2.38  2.30  1.58  1.12     2.15  1.44  2.52  2.55  2.09
 60   10     1.45  2.25  3.24  4.37  4.90  4.87  4.79  4.79  3.62  2.89  1.77  1.25     3.35  1.65  4.17  4.82  2.76
 60   20     1.48  2.30  3.28  4.35  4.84  4.76  4.70  4.76  3.64  2.97  1.84  1.29     3.35  1.69  4.16  4.74  2.82
 60   30     1.49  2.32  3.26  4.27  4.69  4.59  4.54  4.65  3.60  2.99  1.87  1.31     3.30  1.71  4.08  4.59  2.82
 60   40     1.49  2.30  3.19  4.12  4.48  4.35  4.31  4.48  3.50  2.97  1.88  1.30     3.20  1.70  3.93  4.38  2.78
 60   50     1.46  2.26  3.07  3.90  4.21  4.06  4.02  4.23  3.34  2.88  1.84  1.27     3.04  1.66  3.73  4.10  2.69
 60   60     1.41  2.17  2.91  3.64  3.89  3.73  3.71  3.94  3.14  2.75  1.77  1.23     2.86  1.60  3.48  3.79  2.55
 60   70     1.33  2.06  2.70  3.31  3.52  3.36  3.35  3.59  2.89  2.57  1.68  1.16     2.63  1.52  3.18  3.43  2.38
 60   80     1.25  1.93  2.46  2.98  3.13  2.97  2.96  3.21  2.61  2.34  1.55  1.08     2.37  1.42  2.86  3.05  2.17
 60   90     1.15  1.77  2.19  2.61  2.74  2.59  2.59  2.83  2.30  2.11  1.40  0.98     2.11  1.30  2.52  2.67  1.94
 75   10     1.41  2.20  3.18  4.32  4.88  4.86  4.78  4.75  3.57  2.82  1.72  1.21     3.31  1.61  4.13  4.80  2.70
 75   20     1.42  2.21  3.17  4.27  4.80  4.75  4.67  4.70  3.54  2.83  1.74  1.22     3.28  1.62  4.08  4.71  2.71
 75   30     1.40  2.18  3.12  4.14  4.65  4.58  4.51  4.56  3.47  2.81  1.74  1.21     3.20  1.60  3.97  4.55  2.67
 75   40     1.37  2.14  3.02  3.98  4.44  4.34  4.29  4.38  3.34  2.73  1.71  1.19     3.08  1.57  3.81  4.34  2.59
 75   50     1.33  2.07  2.88  3.76  4.17  4.06  4.01  4.15  3.18  2.63  1.65  1.15     2.92  1.51  3.60  4.07  2.49
 75   60     1.27  1.98  2.71  3.48  3.86  3.74  3.69  3.85  2.96  2.48  1.57  1.09     2.72  1.45  3.35  3.76  2.34
 75   70     1.19  1.86  2.51  3.20  3.53  3.40  3.36  3.54  2.74  2.31  1.47  1.02     2.51  1.36  3.08  3.43  2.17
 75   80     1.11  1.74  2.29  2.88  3.16  3.03  3.01  3.19  2.47  2.11  1.35  0.94     2.27  1.26  2.77  3.08  1.98
 75   90     1.02  1.60  2.05  2.55  2.79  2.67  2.64  2.83  2.20  1.89  1.22  0.85     2.02  1.16  2.46  2.71  1.77
 90   10     1.38  2.14  3.12  4.27  4.86  4.85  4.76  4.71  3.51  2.74  1.66  1.18     3.27  1.57  4.08  4.78  2.64
 90   20     1.35  2.10  3.05  4.17  4.75  4.73  4.64  4.62  3.44  2.68  1.64  1.15     3.19  1.53  3.99  4.66  2.59
 90   30     1.31  2.04  2.95  4.01  4.58  4.54  4.46  4.46  3.32  2.60  1.59  1.12     3.08  1.49  3.85  4.49  2.50
 90   40     1.26  1.97  2.83  3.80  4.36  4.30  4.23  4.25  3.16  2.49  1.53  1.07     2.94  1.43  3.66  4.26  2.39
 90   50     1.20  1.88  2.67  3.57  4.09  4.02  3.96  4.00  2.98  2.35  1.45  1.02     2.77  1.37  3.44  3.99  2.26
 90   60     1.13  1.78  2.49  3.31  3.78  3.70  3.65  3.72  2.77  2.20  1.37  0.95     2.57  1.29  3.19  3.69  2.11
 90   70     1.06  1.67  2.30  3.01  3.45  3.37  3.31  3.40  2.53  2.02  1.26  0.89     2.36  1.21  2.92  3.36  1.94
 90   80     0.98  1.55  2.09  2.73  3.12  3.03  2.98  3.09  2.30  1.85  1.16  0.81     2.14  1.11  2.65  3.04  1.77
 90   90     0.91  1.44  1.88  2.42  2.77  2.68  2.65  2.76  2.05  1.65  1.04  0.73     1.92  1.03  2.36  2.70  1.58
105   10     1.34  2.09  3.06  4.21  4.84  4.84  4.75  4.67  3.46  2.66  1.61  1.14     3.22  1.52  4.04  4.75  2.58
105   20     1.28  2.00  2.94  4.06  4.70  4.70  4.61  4.53  3.32  2.53  1.53  1.09     3.11  1.46  3.90  4.61  2.46
105   30     1.22  1.90  2.78  3.85  4.49  4.50  4.40  4.33  3.16  2.38  1.44  1.02     2.96  1.38  3.71  4.41  2.33
105   40     1.15  1.80  2.61  3.61  4.24  4.24  4.15  4.08  2.96  2.23  1.36  0.96     2.78  1.30  3.49  4.15  2.18
105   50     1.09  1.69  2.44  3.34  3.95  3.94  3.86  3.81  2.75  2.08  1.26  0.90     2.59  1.23  3.24  3.87  2.03
105   60     1.01  1.59  2.25  3.07  3.64  3.62  3.54  3.52  2.53  1.91  1.17  0.83     2.39  1.15  2.99  3.56  1.87
105   70     0.95  1.49  2.06  2.80  3.31  3.28  3.22  3.22  2.32  1.75  1.07  0.77     2.19  1.07  2.73  3.24  1.71
105   80     0.88  1.39  1.88  2.51  2.99  2.95  2.89  2.91  2.09  1.59  0.98  0.70     1.98  0.99  2.46  2.92  1.55
105   90     0.82  1.29  1.69  2.25  2.68  2.63  2.57  2.61  1.87  1.43  0.89  0.64     1.78  0.92  2.20  2.60  1.40
120   10     1.31  2.04  3.00  4.17  4.81  4.83  4.73  4.63  3.40  2.59  1.55  1.11     3.18  1.49  3.99  4.73  2.51
120   20     1.22  1.90  2.82  3.95  4.64  4.67  4.57  4.44  3.21  2.39  1.43  1.02     3.02  1.38  3.80  4.56  2.34
120   30     1.13  1.76  2.61  3.69  4.40  4.44  4.34  4.18  2.99  2.18  1.30  0.94     2.83  1.28  3.56  4.32  2.15
120   40     1.05  1.63  2.40  3.39  4.10  4.15  4.04  3.89  2.75  1.98  1.19  0.86     2.62  1.18  3.30  4.03  1.97
120   50     0.99  1.51  2.20  3.10  3.78  3.82  3.72  3.58  2.52  1.79  1.09  0.80     2.41  1.10  3.02  3.71  1.80
120   60     0.92  1.42  2.01  2.80  3.44  3.48  3.39  3.26  2.29  1.63  1.00  0.74     2.20  1.02  2.75  3.38  1.64
120   70     0.87  1.32  1.84  2.53  3.12  3.14  3.06  2.96  2.07  1.49  0.91  0.68     2.00  0.96  2.50  3.05  1.49
120   80     0.81  1.24  1.67  2.28  2.80  2.81  2.74  2.68  1.87  1.34  0.84  0.63     1.81  0.89  2.25  2.74  1.35
120   90     0.76  1.16  1.51  2.03  2.50  2.50  2.43  2.40  1.68  1.22  0.76  0.57     1.63  0.83  2.01  2.44  1.22
135   10     1.28  2.00  2.95  4.12  4.79  4.82  4.72  4.59  3.35  2.52  1.51  1.08     3.14  1.45  3.95  4.71  2.46
135   20     1.17  1.81  2.71  3.85  4.59  4.65  4.54  4.36  3.11  2.25  1.33  0.96     2.94  1.31  3.72  4.52  2.23
135   30     1.06  1.63  2.45  3.53  4.30  4.39  4.28  4.05  2.83  1.98  1.17  0.86     2.71  1.18  3.43  4.24  2.00
135   40     0.97  1.48  2.20  3.18  3.95  4.06  3.94  3.69  2.54  1.74  1.04  0.78     2.47  1.08  3.11  3.90  1.77
135   50     0.91  1.36  1.97  2.83  3.57  3.69  3.57  3.32  2.27  1.53  0.94  0.73     2.23  1.00  2.79  3.52  1.58
135   60     0.86  1.27  1.78  2.52  3.20  3.30  3.19  2.96  2.03  1.38  0.87  0.68     2.00  0.94  2.50  3.15  1.43
135   70     0.82  1.20  1.61  2.25  2.86  2.94  2.85  2.65  1.82  1.25  0.80  0.63     1.81  0.88  2.24  2.81  1.29
135   80     0.77  1.13  1.47  2.00  2.56  2.62  2.53  2.38  1.65  1.13  0.74  0.59     1.63  0.83  2.01  2.51  1.17
135   90     0.73  1.08  1.34  1.79  2.28  2.32  2.25  2.14  1.48  1.04  0.68  0.54     1.47  0.78  1.81  2.24  1.06
150   10     1.26  1.96  2.91  4.09  4.77  4.82  4.71  4.56  3.31  2.47  1.47  1.06     3.12  1.43  3.92  4.70  2.42
150   20     1.12  1.74  2.63  3.79  4.55  4.64  4.52  4.29  3.03  2.14  1.26  0.92     2.89  1.26  3.65  4.48  2.14
150   30     1.00  1.53  2.32  3.41  4.24  4.37  4.24  3.94  2.70  1.81  1.06  0.80     2.62  1.11  3.32  4.18  1.86
150   40     0.92  1.35  2.01  2.99  3.84  4.01  3.87  3.51  2.35  1.51  0.92  0.73     2.34  1.00  2.95  3.80  1.60
150   50     0.88  1.24  1.75  2.58  3.38  3.58  3.44  3.06  2.03  1.30  0.84  0.69     2.06  0.94  2.57  3.36  1.39
150   60     0.84  1.17  1.56  2.22  2.93  3.11  2.98  2.64  1.78  1.16  0.79  0.66     1.82  0.89  2.24  2.91  1.24
150   70     0.80  1.12  1.42  1.95  2.56  2.70  2.59  2.32  1.59  1.07  0.74  0.62     1.62  0.85  1.98  2.54  1.13
150   80     0.77  1.08  1.31  1.74  2.26  2.37  2.28  2.07  1.44  0.99  0.69  0.58     1.47  0.81  1.77  2.24  1.04
150   90     0.72  1.03  1.22  1.58  2.02  2.11  2.02  1.87  1.31  0.92  0.64  0.54     1.33  0.77  1.60  2.00  0.96
165   10     1.25  1.94  2.88  4.07  4.76  4.82  4.70  4.55  3.29  2.44  1.45  1.04     3.10  1.41  3.90  4.69  2.39
165   20     1.09  1.70  2.57  3.74  4.53  4.64  4.50  4.25  2.98  2.07  1.21  0.89     2.85  1.23  3.61  4.47  2.09
165   30     0.95  1.45  2.22  3.34  4.20  4.37  4.22  3.88  2.61  1.69  0.98  0.76     2.56  1.05  3.25  4.15  1.76
165   40     0.90  1.24  1.86  2.88  3.79  4.01  3.84  3.42  2.21  1.33  0.86  0.73     2.26  0.96  2.84  3.76  1.47
165   50     0.87  1.17  1.55  2.37  3.31  3.58  3.40  2.90  1.81  1.11  0.82  0.69     1.97  0.91  2.41  3.29  1.25
165   60     0.84  1.14  1.39  1.93  2.77  3.08  2.90  2.34  1.54  1.04  0.78  0.66     1.70  0.88  2.03  2.77  1.12
165   70     0.80  1.11  1.30  1.67  2.25  2.54  2.36  1.97  1.40  0.99  0.73  0.62     1.48  0.84  1.74  2.29  1.04
165   80     0.77  1.07  1.22  1.52  1.97  2.16  2.04  1.76  1.29  0.93  0.69  0.58     1.33  0.80  1.57  1.99  0.97
165   90     0.72  1.03  1.14  1.40  1.77  1.92  1.82  1.62  1.20  0.88  0.63  0.54     1.22  0.76  1.44  1.79  0.90
180   10     1.24  1.93  2.87  4.07  4.75  4.82  4.70  4.54  3.29  2.43  1.44  1.04     3.09  1.40  3.90  4.69  2.38
180   20     1.08  1.68  2.55  3.74  4.51  4.64  4.50  4.24  2.97  2.04  1.19  0.88     2.83  1.21  3.60  4.46  2.06
180   30     0.93  1.41  2.19  3.33  4.18  4.37  4.21  3.85  2.59  1.63  0.94  0.75     2.53  1.03  3.23  4.14  1.72
180   40     0.90  1.20  1.79  2.87  3.76  4.02  3.83  3.39  2.17  1.22  0.86  0.73     2.23  0.94  2.80  3.75  1.42
180   50     0.87  1.17  1.39  2.35  3.27  3.59  3.39  2.86  1.72  1.08  0.82  0.69     1.94  0.91  2.34  3.28  1.21
180   60     0.84  1.14  1.33  1.80  2.73  3.10  2.88  2.29  1.39  1.04  0.78  0.66     1.67  0.88  1.96  2.76  1.07
180   70     0.80  1.11  1.27  1.53  2.15  2.56  2.34  1.78  1.31  0.99  0.73  0.62     1.43  0.84  1.65  2.23  1.01
180   80     0.77  1.07  1.20  1.42  1.82  2.09  1.93  1.62  1.24  0.93  0.69  0.58     1.28  0.80  1.48  1.88  0.95
180   90     0.72  1.03  1.13  1.33  1.66  1.86  1.73  1.50  1.16  0.88  0.63  0.54     1.18  0.76  1.37  1.70  0.89
             49.7  46.8  34.3  20.8   8.5   2.5   5.4  15.3  27.9  43.3  51.0  51.4     24.3  48.9  20.1   7.9  39.1
             1.75  2.68  3.56  4.52  4.93  4.90  4.82  4.85  3.85  3.47  2.28  1.58     3.60  2.00  4.29  4.84  3.17
             1.65  2.56  3.53  4.52  4.81  4.69  4.65  4.81  3.85  3.33  2.11  1.46     3.50  1.89  4.29  4.72  3.09
             1.06  1.05  1.01  1.00  1.02  1.04  1.04  1.01  1.00  1.04  1.08  1.08     1.04  1.06  1.01  1.03  1.04
             1.19  1.17  1.12  1.05  0.98  0.96  0.96  1.01  1.09  1.20  1.26  1.22     1.10  1.19  1.05  0.98  1.18
temperature   1.8   2.0   4.9  10.7  16.1  20.1  23.8  25.4  21.2  15.1   9.5   4.6     12.9   2.8  10.6  23.1  15.3
diffusedrad  1.03  1.45  1.84  2.19  2.46  2.62  2.56  2.30  1.94  1.48  1.05  0.86     1.81  1.11  2.16  2.49  1.49
snow10cm     0.31  0.33  0.06  0.00  0.00  0.00  0.00  0.00  0.00  0.00  0.01  0.09     0.07  0.24  0.02  0.00  0.00
