2 54541   柏崎            37 21.1  138 33.2    7
             1.34  2.06  3.06  4.43  4.96  4.68  4.69  4.94  3.50  2.72  1.72  1.20     3.27  1.53  4.15  4.77  2.65
             1.56  2.51  3.47  5.20  5.72  5.36  6.31  6.11  4.05  3.07  1.93  1.61     3.55  1.77  4.46  5.66  2.92
             1.17  1.74  2.69  3.75  4.26  3.85  3.53  3.65  2.86  2.17  1.12  1.00     3.01  1.34  3.81  3.93  2.21
  0   10     1.44  2.18  3.25  4.57  4.98  4.66  4.68  5.05  3.66  2.98  1.93  1.32     3.39  1.65  4.27  4.80  2.86
  0   20     1.52  2.29  3.37  4.63  4.92  4.56  4.59  5.05  3.76  3.18  2.10  1.42     3.45  1.74  4.31  4.73  3.01
  0   30     1.58  2.37  3.44  4.59  4.75  4.37  4.41  4.95  3.78  3.31  2.23  1.50     3.44  1.81  4.26  4.58  3.11
  0   40     1.61  2.41  3.43  4.46  4.49  4.10  4.15  4.73  3.72  3.36  2.32  1.55     3.36  1.86  4.13  4.33  3.13
  0   50     1.62  2.42  3.36  4.23  4.15  3.76  3.81  4.42  3.58  3.34  2.35  1.56     3.21  1.87  3.91  4.00  3.09
  0   60     1.60  2.38  3.22  3.91  3.73  3.36  3.41  4.01  3.37  3.24  2.33  1.55     3.01  1.84  3.62  3.59  2.98
  0   70     1.55  2.31  3.03  3.52  3.24  2.91  2.97  3.54  3.09  3.08  2.25  1.51     2.75  1.79  3.26  3.14  2.81
  0   80     1.48  2.20  2.78  3.06  2.71  2.43  2.48  3.00  2.75  2.84  2.13  1.44     2.44  1.71  2.85  2.64  2.58
  0   90     1.39  2.06  2.48  2.55  2.16  1.96  2.00  2.42  2.36  2.55  1.97  1.34     2.10  1.60  2.40  2.13  2.29
 15   10     1.43  2.17  3.24  4.56  4.99  4.67  4.68  5.05  3.65  2.97  1.92  1.31     3.39  1.64  4.26  4.80  2.85
 15   20     1.51  2.28  3.36  4.62  4.92  4.56  4.59  5.05  3.75  3.16  2.09  1.41     3.44  1.74  4.30  4.73  3.00
 15   30     1.56  2.36  3.42  4.58  4.76  4.37  4.41  4.95  3.77  3.28  2.21  1.49     3.43  1.80  4.25  4.58  3.09
 15   40     1.59  2.39  3.41  4.44  4.50  4.11  4.15  4.73  3.70  3.32  2.29  1.53     3.35  1.84  4.12  4.33  3.10
 15   50     1.60  2.39  3.33  4.22  4.16  3.77  3.83  4.43  3.56  3.29  2.31  1.54     3.21  1.85  3.90  4.01  3.06
 15   60     1.58  2.36  3.19  3.91  3.75  3.38  3.44  4.04  3.35  3.19  2.29  1.53     3.00  1.82  3.62  3.62  2.94
 15   70     1.53  2.28  3.00  3.52  3.27  2.95  3.00  3.57  3.08  3.02  2.21  1.48     2.74  1.76  3.27  3.17  2.77
 15   80     1.46  2.17  2.75  3.08  2.77  2.48  2.53  3.06  2.74  2.79  2.09  1.41     2.44  1.68  2.87  2.69  2.54
 15   90     1.37  2.03  2.45  2.60  2.24  2.02  2.06  2.50  2.36  2.49  1.92  1.31     2.11  1.57  2.43  2.19  2.26
 30   10     1.42  2.16  3.22  4.54  4.98  4.66  4.67  5.04  3.64  2.94  1.90  1.30     3.37  1.63  4.25  4.79  2.83
 30   20     1.49  2.25  3.32  4.59  4.92  4.56  4.59  5.04  3.71  3.10  2.04  1.39     3.42  1.71  4.28  4.73  2.95
 30   30     1.53  2.31  3.36  4.54  4.76  4.38  4.42  4.94  3.72  3.19  2.15  1.45     3.40  1.76  4.22  4.58  3.02
 30   40     1.55  2.33  3.34  4.41  4.53  4.13  4.18  4.75  3.65  3.22  2.20  1.48     3.31  1.79  4.09  4.35  3.02
 30   50     1.55  2.32  3.25  4.18  4.20  3.81  3.86  4.45  3.51  3.18  2.21  1.48     3.17  1.78  3.88  4.04  2.97
 30   60     1.52  2.28  3.11  3.89  3.83  3.45  3.50  4.10  3.29  3.07  2.17  1.46     2.97  1.75  3.61  3.68  2.85
 30   70     1.47  2.20  2.92  3.52  3.38  3.03  3.09  3.66  3.03  2.89  2.09  1.41     2.72  1.69  3.27  3.26  2.67
 30   80     1.40  2.09  2.67  3.11  2.92  2.61  2.66  3.19  2.71  2.65  1.96  1.33     2.44  1.61  2.90  2.82  2.44
 30   90     1.31  1.95  2.39  2.66  2.44  2.19  2.23  2.69  2.36  2.37  1.79  1.23     2.13  1.50  2.50  2.37  2.17
 45   10     1.41  2.13  3.19  4.51  4.97  4.66  4.67  5.02  3.61  2.89  1.86  1.28     3.35  1.61  4.22  4.78  2.79
 45   20     1.45  2.20  3.26  4.53  4.91  4.56  4.58  5.01  3.66  3.02  1.98  1.34     3.38  1.67  4.23  4.72  2.88
 45   30     1.48  2.24  3.27  4.47  4.76  4.39  4.42  4.92  3.64  3.08  2.05  1.38     3.34  1.70  4.17  4.58  2.92
 45   40     1.49  2.25  3.23  4.32  4.54  4.15  4.19  4.72  3.55  3.07  2.08  1.40     3.25  1.71  4.03  4.35  2.90
 45   50     1.47  2.22  3.14  4.12  4.25  3.86  3.90  4.46  3.41  3.01  2.07  1.39     3.11  1.69  3.83  4.08  2.83
 45   60     1.43  2.16  2.99  3.82  3.88  3.51  3.56  4.12  3.20  2.89  2.01  1.35     2.91  1.65  3.56  3.73  2.70
 45   70     1.37  2.07  2.80  3.49  3.49  3.13  3.18  3.73  2.95  2.71  1.92  1.29     2.68  1.58  3.26  3.35  2.52
 45   80     1.30  1.96  2.57  3.10  3.06  2.74  2.79  3.30  2.65  2.48  1.79  1.21     2.41  1.49  2.91  2.94  2.31
 45   90     1.21  1.83  2.31  2.71  2.62  2.35  2.39  2.84  2.32  2.21  1.62  1.11     2.13  1.38  2.54  2.53  2.05
 60   10     1.38  2.10  3.14  4.47  4.96  4.65  4.66  5.00  3.56  2.83  1.82  1.25     3.32  1.58  4.19  4.77  2.74
 60   20     1.41  2.14  3.18  4.46  4.89  4.56  4.57  4.96  3.58  2.91  1.89  1.29     3.32  1.61  4.17  4.70  2.79
 60   30     1.41  2.15  3.16  4.37  4.74  4.39  4.41  4.86  3.53  2.92  1.92  1.30     3.27  1.62  4.09  4.55  2.79
 60   40     1.40  2.13  3.10  4.22  4.53  4.16  4.19  4.68  3.44  2.89  1.93  1.30     3.16  1.61  3.95  4.34  2.75
 60   50     1.37  2.09  2.99  4.00  4.25  3.88  3.91  4.41  3.27  2.80  1.89  1.27     3.01  1.58  3.74  4.07  2.65
 60   60     1.32  2.02  2.84  3.73  3.92  3.56  3.60  4.11  3.08  2.67  1.82  1.23     2.83  1.52  3.50  3.76  2.52
 60   70     1.26  1.93  2.65  3.41  3.55  3.21  3.25  3.75  2.83  2.49  1.72  1.16     2.60  1.45  3.20  3.40  2.35
 60   80     1.18  1.82  2.44  3.07  3.16  2.84  2.87  3.35  2.56  2.27  1.59  1.07     2.35  1.36  2.89  3.02  2.14
 60   90     1.10  1.70  2.19  2.70  2.77  2.48  2.51  2.95  2.25  2.04  1.44  0.98     2.09  1.26  2.55  2.65  1.91
 75   10     1.36  2.06  3.10  4.42  4.94  4.65  4.65  4.96  3.51  2.77  1.76  1.22     3.28  1.54  4.15  4.75  2.68
 75   20     1.36  2.07  3.08  4.37  4.85  4.54  4.54  4.90  3.49  2.77  1.79  1.23     3.25  1.55  4.10  4.66  2.68
 75   30     1.34  2.04  3.03  4.25  4.70  4.38  4.38  4.76  3.41  2.75  1.78  1.21     3.17  1.53  3.99  4.51  2.65
 75   40     1.31  2.00  2.94  4.08  4.48  4.15  4.17  4.58  3.28  2.67  1.75  1.19     3.05  1.50  3.83  4.30  2.57
 75   50     1.26  1.94  2.81  3.86  4.21  3.88  3.90  4.33  3.12  2.56  1.69  1.14     2.89  1.45  3.63  4.04  2.46
 75   60     1.21  1.87  2.66  3.58  3.90  3.57  3.59  4.02  2.91  2.41  1.61  1.09     2.70  1.39  3.38  3.73  2.31
 75   70     1.14  1.78  2.48  3.29  3.56  3.24  3.26  3.70  2.68  2.25  1.51  1.02     2.49  1.31  3.11  3.40  2.15
 75   80     1.07  1.68  2.28  2.97  3.19  2.89  2.92  3.34  2.42  2.04  1.39  0.94     2.26  1.23  2.81  3.05  1.95
 75   90     0.99  1.57  2.06  2.64  2.82  2.54  2.56  2.95  2.16  1.83  1.25  0.85     2.02  1.14  2.51  2.69  1.75
 90   10     1.33  2.02  3.04  4.37  4.92  4.64  4.63  4.92  3.46  2.69  1.71  1.18     3.24  1.51  4.11  4.73  2.62
 90   20     1.30  1.99  2.98  4.26  4.80  4.52  4.52  4.82  3.38  2.63  1.68  1.16     3.17  1.48  4.02  4.62  2.56
 90   30     1.26  1.94  2.88  4.10  4.63  4.34  4.34  4.65  3.27  2.55  1.63  1.12     3.06  1.44  3.87  4.45  2.48
 90   40     1.21  1.87  2.76  3.89  4.40  4.12  4.11  4.43  3.11  2.44  1.57  1.07     2.92  1.39  3.69  4.22  2.37
 90   50     1.16  1.80  2.62  3.66  4.13  3.84  3.85  4.18  2.92  2.30  1.49  1.02     2.75  1.33  3.47  3.96  2.24
 90   60     1.10  1.71  2.46  3.40  3.82  3.54  3.54  3.89  2.72  2.15  1.40  0.95     2.56  1.25  3.23  3.66  2.09
 90   70     1.03  1.63  2.29  3.10  3.49  3.22  3.22  3.56  2.49  1.98  1.30  0.89     2.35  1.18  2.96  3.33  1.92
 90   80     0.96  1.53  2.10  2.81  3.15  2.89  2.90  3.23  2.26  1.81  1.19  0.81     2.14  1.10  2.69  3.01  1.75
 90   90     0.90  1.45  1.91  2.51  2.80  2.56  2.57  2.89  2.01  1.61  1.06  0.73     1.92  1.03  2.41  2.67  1.56
105   10     1.30  1.98  2.98  4.32  4.89  4.63  4.62  4.87  3.40  2.62  1.65  1.15     3.20  1.48  4.06  4.71  2.56
105   20     1.25  1.91  2.87  4.15  4.75  4.50  4.49  4.72  3.27  2.49  1.57  1.09     3.09  1.42  3.93  4.57  2.44
105   30     1.19  1.83  2.73  3.94  4.55  4.30  4.29  4.51  3.11  2.35  1.48  1.03     2.94  1.35  3.74  4.37  2.31
105   40     1.12  1.74  2.57  3.70  4.29  4.06  4.04  4.25  2.92  2.20  1.39  0.97     2.77  1.28  3.52  4.12  2.17
105   50     1.06  1.65  2.41  3.43  4.00  3.77  3.75  3.98  2.71  2.04  1.29  0.91     2.58  1.21  3.28  3.83  2.01
105   60     1.00  1.57  2.25  3.16  3.68  3.46  3.45  3.68  2.49  1.88  1.20  0.84     2.39  1.14  3.03  3.53  1.86
105   70     0.94  1.49  2.07  2.88  3.35  3.14  3.13  3.37  2.28  1.72  1.10  0.78     2.19  1.07  2.77  3.21  1.70
105   80     0.88  1.41  1.91  2.60  3.03  2.82  2.81  3.04  2.06  1.56  1.01  0.71     1.99  1.00  2.51  2.89  1.54
105   90     0.83  1.34  1.74  2.33  2.71  2.51  2.50  2.73  1.84  1.40  0.90  0.64     1.79  0.94  2.26  2.58  1.38
120   10     1.27  1.94  2.93  4.26  4.87  4.62  4.61  4.83  3.35  2.55  1.59  1.12     3.16  1.44  4.02  4.69  2.50
120   20     1.20  1.83  2.77  4.04  4.70  4.48  4.45  4.63  3.17  2.36  1.46  1.03     3.01  1.35  3.84  4.52  2.33
120   30     1.12  1.72  2.58  3.77  4.45  4.25  4.23  4.36  2.95  2.15  1.33  0.95     2.82  1.26  3.60  4.28  2.14
120   40     1.05  1.61  2.38  3.48  4.15  3.98  3.94  4.05  2.72  1.96  1.21  0.87     2.62  1.18  3.34  3.99  1.96
120   50     0.98  1.52  2.19  3.17  3.82  3.67  3.63  3.73  2.48  1.77  1.11  0.81     2.41  1.10  3.06  3.67  1.79
120   60     0.93  1.44  2.02  2.88  3.48  3.34  3.30  3.40  2.26  1.61  1.02  0.75     2.20  1.04  2.80  3.35  1.63
120   70     0.88  1.37  1.87  2.60  3.15  3.01  2.98  3.09  2.04  1.47  0.93  0.69     2.01  0.98  2.54  3.03  1.48
120   80     0.83  1.30  1.72  2.35  2.83  2.69  2.67  2.79  1.84  1.32  0.85  0.64     1.82  0.92  2.30  2.71  1.34
120   90     0.78  1.25  1.58  2.11  2.52  2.39  2.36  2.50  1.65  1.20  0.77  0.58     1.64  0.87  2.07  2.42  1.21
135   10     1.25  1.91  2.88  4.22  4.85  4.61  4.59  4.79  3.31  2.49  1.54  1.09     3.13  1.42  3.98  4.67  2.45
135   20     1.15  1.77  2.67  3.94  4.64  4.46  4.42  4.54  3.07  2.23  1.36  0.97     2.94  1.30  3.75  4.47  2.22
135   30     1.06  1.63  2.43  3.62  4.36  4.21  4.17  4.22  2.80  1.97  1.20  0.87     2.71  1.19  3.47  4.20  1.99
135   40     0.98  1.50  2.20  3.26  4.00  3.90  3.85  3.84  2.52  1.73  1.06  0.80     2.47  1.09  3.15  3.86  1.77
135   50     0.93  1.41  1.99  2.90  3.61  3.55  3.49  3.45  2.25  1.53  0.96  0.74     2.23  1.02  2.84  3.50  1.58
135   60     0.88  1.34  1.82  2.58  3.24  3.18  3.12  3.08  2.01  1.38  0.88  0.69     2.02  0.97  2.55  3.13  1.42
135   70     0.84  1.28  1.67  2.31  2.89  2.84  2.78  2.75  1.80  1.25  0.81  0.64     1.82  0.92  2.29  2.79  1.29
135   80     0.80  1.23  1.54  2.07  2.58  2.52  2.48  2.46  1.63  1.13  0.75  0.60     1.65  0.88  2.06  2.49  1.17
135   90     0.76  1.19  1.43  1.86  2.30  2.23  2.20  2.22  1.46  1.04  0.68  0.55     1.49  0.83  1.87  2.22  1.06
150   10     1.23  1.89  2.85  4.18  4.83  4.61  4.59  4.76  3.27  2.44  1.51  1.06     3.10  1.39  3.95  4.65  2.40
150   20     1.12  1.72  2.60  3.87  4.61  4.45  4.40  4.47  2.99  2.13  1.29  0.93     2.88  1.25  3.69  4.44  2.14
150   30     1.01  1.55  2.31  3.49  4.29  4.19  4.13  4.10  2.67  1.81  1.08  0.81     2.62  1.12  3.37  4.14  1.86
150   40     0.94  1.41  2.03  3.06  3.89  3.86  3.78  3.65  2.33  1.52  0.94  0.74     2.35  1.03  3.00  3.76  1.60
150   50     0.90  1.32  1.79  2.64  3.43  3.46  3.37  3.17  2.02  1.31  0.85  0.70     2.08  0.97  2.62  3.33  1.39
150   60     0.87  1.26  1.62  2.27  2.97  3.02  2.93  2.73  1.76  1.17  0.80  0.67     1.84  0.94  2.29  2.89  1.25
150   70     0.84  1.23  1.50  1.99  2.58  2.62  2.55  2.38  1.58  1.08  0.75  0.63     1.65  0.90  2.03  2.52  1.14
150   80     0.80  1.19  1.40  1.79  2.28  2.31  2.24  2.13  1.43  1.00  0.70  0.59     1.49  0.86  1.82  2.22  1.04
150   90     0.76  1.16  1.32  1.63  2.03  2.04  1.99  1.92  1.30  0.93  0.64  0.55     1.36  0.82  1.66  1.98  0.96
165   10     1.22  1.87  2.83  4.17  4.82  4.61  4.58  4.74  3.25  2.41  1.48  1.05     3.09  1.38  3.94  4.64  2.38
165   20     1.09  1.68  2.55  3.83  4.58  4.45  4.39  4.43  2.95  2.06  1.23  0.90     2.85  1.23  3.65  4.42  2.08
165   30     0.97  1.49  2.23  3.42  4.25  4.19  4.12  4.03  2.59  1.69  1.00  0.77     2.56  1.08  3.30  4.11  1.76
165   40     0.93  1.33  1.90  2.95  3.84  3.86  3.76  3.55  2.20  1.35  0.87  0.73     2.27  1.00  2.90  3.72  1.47
165   50     0.90  1.27  1.62  2.43  3.35  3.46  3.34  3.00  1.81  1.13  0.83  0.70     1.99  0.96  2.46  3.26  1.26
165   60     0.87  1.25  1.47  1.97  2.80  2.99  2.86  2.40  1.54  1.06  0.79  0.67     1.72  0.93  2.08  2.75  1.13
165   70     0.84  1.22  1.39  1.70  2.27  2.49  2.34  2.00  1.39  1.00  0.74  0.63     1.50  0.90  1.79  2.27  1.04
165   80     0.80  1.19  1.33  1.55  1.98  2.11  2.01  1.79  1.29  0.94  0.69  0.59     1.36  0.86  1.62  1.97  0.97
165   90     0.76  1.16  1.26  1.44  1.78  1.88  1.79  1.64  1.19  0.88  0.64  0.55     1.25  0.82  1.49  1.77  0.91
180   10     1.22  1.86  2.82  4.16  4.81  4.61  4.58  4.73  3.24  2.40  1.47  1.04     3.08  1.38  3.93  4.64  2.37
180   20     1.08  1.67  2.53  3.83  4.57  4.45  4.39  4.41  2.93  2.04  1.21  0.89     2.83  1.22  3.64  4.42  2.06
180   30     0.96  1.47  2.20  3.41  4.23  4.20  4.11  4.00  2.56  1.65  0.96  0.76     2.54  1.06  3.28  4.10  1.72
180   40     0.93  1.29  1.84  2.94  3.81  3.87  3.75  3.52  2.16  1.25  0.87  0.73     2.25  0.99  2.86  3.71  1.42
180   50     0.90  1.27  1.48  2.41  3.32  3.46  3.32  2.96  1.72  1.10  0.83  0.70     1.96  0.96  2.40  3.25  1.22
180   60     0.87  1.25  1.42  1.85  2.77  3.00  2.84  2.35  1.38  1.05  0.79  0.67     1.69  0.93  2.01  2.73  1.07
180   70     0.84  1.22  1.37  1.55  2.17  2.50  2.32  1.80  1.30  1.00  0.74  0.63     1.45  0.90  1.70  2.21  1.01
180   80     0.80  1.19  1.31  1.45  1.83  2.05  1.91  1.63  1.23  0.94  0.69  0.59     1.30  0.86  1.53  1.86  0.95
180   90     0.76  1.16  1.25  1.37  1.66  1.82  1.71  1.51  1.15  0.88  0.64  0.55     1.21  0.82  1.43  1.68  0.89
             47.7  46.0  34.3  20.9   8.1   2.4   5.2  15.1  27.5  42.3  50.9  50.8     23.4  48.0  19.5   8.0  38.7
             1.62  2.42  3.44  4.63  4.99  4.69  4.69  5.06  3.78  3.36  2.35  1.57     3.55  1.87  4.31  4.80  3.13
             1.54  2.32  3.40  4.63  4.87  4.50  4.54  5.02  3.77  3.23  2.15  1.45     3.45  1.77  4.30  4.69  3.05
             1.05  1.04  1.01  1.00  1.02  1.04  1.03  1.01  1.00  1.04  1.09  1.08     1.04  1.06  1.01  1.03  1.05
             1.15  1.13  1.11  1.05  0.98  0.96  0.97  1.02  1.08  1.19  1.25  1.21     1.09  1.16  1.05  0.98  1.17
temperature   2.7   2.6   5.1  10.7  15.7  19.8  23.8  25.5  21.4  15.5  10.0   5.4     13.2   3.6  10.5  23.0  15.6
diffusedrad  1.04  1.49  1.87  2.19  2.45  2.63  2.55  2.28  1.94  1.49  1.07  0.87     1.82  1.13  2.17  2.49  1.50
snow10cm     0.42  0.56  0.19  0.03  0.00  0.00  0.00  0.00  0.00  0.00  0.00  0.11     0.11  0.36  0.07  0.00  0.00
