2 54586   大潟            37 13.9  138   20   34
             1.42  2.21  3.15  4.46  4.93  4.69  4.72  4.92  3.51  2.74  1.77  1.28     3.32  1.64  4.18  4.78  2.68
             1.57  2.62  3.57  5.23  5.57  6.36  6.46  6.15  4.25  3.13  2.21  1.79     3.75  1.83  4.57  5.57  3.20
             1.18  1.80  2.73  3.53  4.22  3.92  3.50  3.64  2.80  2.21  1.16  1.00     3.02  1.41  3.81  4.13  2.17
  0   10     1.53  2.35  3.34  4.61  4.95  4.65  4.71  5.03  3.67  3.00  2.00  1.42     3.44  1.77  4.30  4.80  2.89
  0   20     1.63  2.49  3.48  4.67  4.88  4.55  4.62  5.02  3.77  3.20  2.19  1.54     3.50  1.89  4.34  4.73  3.06
  0   30     1.70  2.59  3.56  4.63  4.72  4.36  4.45  4.92  3.79  3.33  2.34  1.64     3.50  1.98  4.30  4.57  3.15
  0   40     1.75  2.66  3.57  4.50  4.46  4.09  4.18  4.71  3.73  3.39  2.43  1.70     3.43  2.04  4.17  4.33  3.18
  0   50     1.77  2.68  3.51  4.27  4.11  3.74  3.84  4.40  3.59  3.37  2.47  1.73     3.29  2.06  3.96  3.99  3.14
  0   60     1.76  2.67  3.40  3.95  3.70  3.34  3.43  3.99  3.38  3.27  2.45  1.73     3.09  2.05  3.68  3.59  3.03
  0   70     1.72  2.61  3.22  3.56  3.21  2.90  2.98  3.52  3.10  3.10  2.38  1.68     2.83  2.01  3.33  3.13  2.86
  0   80     1.66  2.52  2.99  3.10  2.69  2.42  2.49  2.99  2.75  2.87  2.25  1.61     2.53  1.93  2.93  2.63  2.62
  0   90     1.58  2.39  2.71  2.60  2.15  1.94  2.00  2.41  2.37  2.57  2.07  1.50     2.19  1.82  2.49  2.12  2.34
 15   10     1.53  2.35  3.34  4.59  4.95  4.65  4.71  5.02  3.67  2.99  2.00  1.41     3.44  1.76  4.29  4.80  2.88
 15   20     1.62  2.48  3.47  4.66  4.88  4.55  4.62  5.03  3.76  3.18  2.18  1.53     3.50  1.88  4.34  4.73  3.04
 15   30     1.69  2.58  3.54  4.62  4.72  4.36  4.45  4.92  3.78  3.30  2.31  1.62     3.49  1.96  4.29  4.58  3.13
 15   40     1.73  2.63  3.54  4.48  4.46  4.09  4.18  4.71  3.71  3.35  2.40  1.68     3.41  2.02  4.16  4.33  3.15
 15   50     1.75  2.66  3.49  4.26  4.13  3.76  3.86  4.41  3.57  3.32  2.43  1.71     3.28  2.04  3.96  4.01  3.11
 15   60     1.74  2.64  3.37  3.95  3.72  3.37  3.46  4.02  3.36  3.22  2.40  1.70     3.08  2.02  3.68  3.62  3.00
 15   70     1.70  2.58  3.19  3.57  3.25  2.93  3.02  3.55  3.08  3.05  2.33  1.65     2.83  1.98  3.34  3.17  2.82
 15   80     1.64  2.48  2.96  3.13  2.75  2.47  2.54  3.04  2.75  2.81  2.20  1.58     2.53  1.90  2.94  2.68  2.59
 15   90     1.55  2.36  2.68  2.65  2.23  2.01  2.07  2.49  2.37  2.51  2.02  1.47     2.20  1.79  2.52  2.19  2.30
 30   10     1.52  2.33  3.31  4.58  4.94  4.65  4.71  5.02  3.65  2.96  1.97  1.40     3.42  1.75  4.28  4.79  2.86
 30   20     1.60  2.44  3.43  4.62  4.88  4.55  4.63  5.02  3.73  3.12  2.13  1.50     3.47  1.85  4.31  4.73  2.99
 30   30     1.65  2.52  3.48  4.57  4.72  4.37  4.45  4.92  3.73  3.22  2.24  1.58     3.46  1.92  4.26  4.58  3.06
 30   40     1.68  2.57  3.47  4.44  4.49  4.12  4.21  4.72  3.66  3.25  2.31  1.62     3.38  1.96  4.14  4.35  3.07
 30   50     1.69  2.58  3.40  4.22  4.17  3.80  3.89  4.43  3.52  3.21  2.32  1.63     3.24  1.97  3.93  4.04  3.01
 30   60     1.67  2.55  3.28  3.93  3.79  3.43  3.52  4.08  3.30  3.09  2.28  1.62     3.05  1.95  3.67  3.68  2.89
 30   70     1.63  2.48  3.11  3.57  3.35  3.02  3.11  3.64  3.04  2.91  2.20  1.56     2.80  1.89  3.34  3.26  2.71
 30   80     1.57  2.39  2.88  3.15  2.90  2.60  2.67  3.17  2.71  2.67  2.06  1.49     2.52  1.81  2.98  2.81  2.48
 30   90     1.48  2.26  2.62  2.71  2.42  2.17  2.24  2.67  2.36  2.39  1.89  1.38     2.22  1.71  2.58  2.36  2.21
 45   10     1.50  2.30  3.28  4.55  4.93  4.65  4.71  5.00  3.62  2.92  1.93  1.37     3.40  1.72  4.25  4.79  2.82
 45   20     1.56  2.39  3.37  4.56  4.87  4.55  4.62  4.98  3.67  3.04  2.06  1.45     3.43  1.80  4.27  4.72  2.92
 45   30     1.59  2.44  3.39  4.51  4.73  4.38  4.46  4.89  3.65  3.10  2.14  1.50     3.40  1.85  4.21  4.58  2.96
 45   40     1.61  2.47  3.37  4.36  4.50  4.14  4.22  4.70  3.56  3.10  2.17  1.53     3.31  1.87  4.08  4.35  2.94
 45   50     1.60  2.46  3.29  4.15  4.21  3.85  3.93  4.44  3.42  3.04  2.16  1.52     3.17  1.86  3.88  4.07  2.87
 45   60     1.58  2.42  3.15  3.86  3.85  3.50  3.58  4.10  3.21  2.91  2.11  1.49     2.98  1.83  3.62  3.73  2.75
 45   70     1.52  2.35  2.98  3.54  3.46  3.12  3.20  3.71  2.95  2.73  2.02  1.43     2.75  1.77  3.33  3.35  2.57
 45   80     1.46  2.25  2.77  3.15  3.04  2.73  2.81  3.28  2.65  2.50  1.88  1.35     2.49  1.68  2.99  2.94  2.34
 45   90     1.37  2.12  2.53  2.76  2.60  2.34  2.40  2.82  2.33  2.23  1.71  1.24     2.21  1.58  2.63  2.52  2.09
 60   10     1.47  2.26  3.24  4.50  4.92  4.64  4.70  4.97  3.58  2.86  1.88  1.34     3.36  1.69  4.22  4.77  2.77
 60   20     1.50  2.32  3.28  4.49  4.85  4.54  4.60  4.94  3.59  2.93  1.96  1.39     3.37  1.74  4.21  4.70  2.83
 60   30     1.52  2.34  3.28  4.40  4.71  4.38  4.45  4.83  3.54  2.94  2.00  1.41     3.32  1.76  4.13  4.55  2.83
 60   40     1.51  2.34  3.23  4.26  4.49  4.15  4.22  4.65  3.45  2.91  2.01  1.41     3.22  1.75  3.99  4.34  2.79
 60   50     1.49  2.31  3.13  4.03  4.21  3.87  3.94  4.39  3.28  2.82  1.97  1.39     3.07  1.73  3.79  4.06  2.69
 60   60     1.45  2.26  3.00  3.78  3.89  3.55  3.62  4.09  3.09  2.69  1.91  1.34     2.89  1.68  3.56  3.75  2.56
 60   70     1.40  2.18  2.83  3.46  3.52  3.20  3.27  3.73  2.83  2.51  1.80  1.27     2.67  1.62  3.27  3.40  2.38
 60   80     1.33  2.09  2.64  3.12  3.13  2.83  2.89  3.33  2.56  2.29  1.67  1.19     2.42  1.53  2.96  3.02  2.17
 60   90     1.25  1.98  2.42  2.76  2.74  2.47  2.52  2.93  2.26  2.05  1.51  1.09     2.16  1.44  2.64  2.64  1.94
 75   10     1.44  2.22  3.19  4.46  4.90  4.64  4.69  4.94  3.52  2.79  1.83  1.30     3.33  1.65  4.18  4.75  2.71
 75   20     1.45  2.23  3.18  4.40  4.81  4.53  4.58  4.88  3.50  2.80  1.85  1.31     3.29  1.66  4.13  4.66  2.72
 75   30     1.44  2.22  3.14  4.28  4.66  4.36  4.42  4.74  3.42  2.77  1.85  1.30     3.22  1.65  4.03  4.51  2.68
 75   40     1.41  2.20  3.06  4.11  4.45  4.14  4.20  4.55  3.29  2.69  1.82  1.28     3.10  1.63  3.87  4.30  2.60
 75   50     1.37  2.15  2.95  3.89  4.18  3.87  3.93  4.31  3.13  2.59  1.76  1.24     2.95  1.59  3.67  4.03  2.49
 75   60     1.33  2.09  2.81  3.62  3.86  3.56  3.61  4.00  2.91  2.43  1.68  1.18     2.76  1.53  3.43  3.72  2.34
 75   70     1.26  2.01  2.65  3.34  3.53  3.23  3.29  3.67  2.69  2.26  1.58  1.11     2.55  1.46  3.17  3.40  2.18
 75   80     1.20  1.93  2.48  3.02  3.16  2.89  2.94  3.31  2.42  2.06  1.45  1.03     2.32  1.38  2.89  3.05  1.98
 75   90     1.13  1.83  2.28  2.69  2.79  2.53  2.58  2.93  2.16  1.85  1.31  0.94     2.09  1.30  2.59  2.68  1.77
 90   10     1.41  2.17  3.13  4.40  4.88  4.63  4.67  4.90  3.47  2.71  1.76  1.26     3.28  1.61  4.14  4.73  2.65
 90   20     1.38  2.14  3.07  4.30  4.77  4.51  4.55  4.80  3.40  2.65  1.74  1.23     3.21  1.59  4.05  4.62  2.60
 90   30     1.35  2.10  2.99  4.14  4.60  4.34  4.38  4.63  3.28  2.57  1.69  1.20     3.10  1.55  3.91  4.45  2.51
 90   40     1.31  2.04  2.88  3.93  4.37  4.11  4.15  4.41  3.12  2.46  1.62  1.15     2.96  1.50  3.73  4.22  2.40
 90   50     1.26  1.98  2.75  3.70  4.10  3.83  3.88  4.16  2.93  2.32  1.55  1.10     2.80  1.45  3.52  3.96  2.27
 90   60     1.20  1.91  2.61  3.44  3.79  3.53  3.57  3.87  2.73  2.17  1.45  1.03     2.61  1.38  3.28  3.66  2.12
 90   70     1.15  1.84  2.46  3.15  3.46  3.21  3.24  3.54  2.49  1.99  1.35  0.96     2.40  1.32  3.02  3.33  1.95
 90   80     1.08  1.76  2.29  2.86  3.13  2.88  2.92  3.21  2.26  1.82  1.24  0.88     2.19  1.24  2.76  3.00  1.77
 90   90     1.02  1.69  2.13  2.56  2.78  2.55  2.59  2.87  2.02  1.62  1.11  0.80     1.98  1.17  2.49  2.67  1.58
105   10     1.38  2.13  3.07  4.35  4.86  4.62  4.66  4.85  3.42  2.64  1.70  1.22     3.24  1.57  4.09  4.71  2.59
105   20     1.32  2.05  2.96  4.18  4.72  4.49  4.52  4.71  3.29  2.51  1.62  1.16     3.13  1.51  3.96  4.57  2.47
105   30     1.26  1.97  2.83  3.98  4.51  4.29  4.32  4.49  3.12  2.36  1.52  1.09     2.98  1.44  3.77  4.37  2.34
105   40     1.20  1.90  2.68  3.73  4.26  4.05  4.07  4.24  2.93  2.21  1.43  1.02     2.81  1.38  3.56  4.12  2.19
105   50     1.15  1.82  2.54  3.46  3.97  3.76  3.78  3.96  2.72  2.06  1.33  0.96     2.63  1.31  3.32  3.83  2.04
105   60     1.09  1.75  2.39  3.20  3.65  3.45  3.48  3.66  2.50  1.89  1.24  0.89     2.43  1.24  3.08  3.53  1.88
105   70     1.04  1.68  2.23  2.93  3.33  3.13  3.15  3.35  2.29  1.73  1.14  0.83     2.23  1.19  2.83  3.21  1.72
105   80     0.99  1.62  2.10  2.65  3.00  2.81  2.83  3.02  2.06  1.57  1.04  0.76     2.04  1.12  2.58  2.89  1.56
105   90     0.94  1.56  1.95  2.38  2.68  2.50  2.52  2.71  1.84  1.41  0.94  0.70     1.84  1.07  2.34  2.58  1.40
120   10     1.35  2.09  3.02  4.29  4.83  4.61  4.64  4.81  3.36  2.57  1.64  1.18     3.20  1.54  4.05  4.69  2.52
120   20     1.26  1.97  2.85  4.08  4.67  4.47  4.49  4.61  3.18  2.37  1.50  1.08     3.04  1.44  3.87  4.52  2.35
120   30     1.19  1.85  2.67  3.81  4.42  4.25  4.26  4.34  2.96  2.17  1.36  0.99     2.86  1.34  3.63  4.28  2.16
120   40     1.12  1.75  2.49  3.51  4.12  3.97  3.98  4.04  2.73  1.97  1.24  0.91     2.65  1.26  3.37  3.99  1.98
120   50     1.06  1.67  2.31  3.21  3.79  3.66  3.66  3.71  2.49  1.78  1.14  0.84     2.44  1.19  3.11  3.67  1.80
120   60     1.01  1.60  2.16  2.92  3.46  3.33  3.33  3.38  2.26  1.62  1.05  0.78     2.24  1.13  2.85  3.35  1.64
120   70     0.97  1.54  2.03  2.65  3.13  3.00  3.00  3.07  2.04  1.48  0.95  0.73     2.05  1.08  2.60  3.03  1.49
120   80     0.92  1.50  1.90  2.40  2.81  2.68  2.69  2.77  1.85  1.33  0.88  0.68     1.87  1.03  2.37  2.71  1.35
120   90     0.89  1.46  1.78  2.16  2.50  2.39  2.38  2.48  1.66  1.21  0.79  0.62     1.69  0.99  2.15  2.42  1.22
135   10     1.32  2.05  2.97  4.25  4.81  4.61  4.63  4.77  3.32  2.51  1.59  1.15     3.16  1.50  4.01  4.67  2.47
135   20     1.22  1.89  2.75  3.98  4.61  4.45  4.46  4.53  3.08  2.25  1.40  1.02     2.97  1.38  3.78  4.48  2.24
135   30     1.12  1.75  2.52  3.65  4.33  4.21  4.20  4.20  2.81  1.98  1.22  0.91     2.74  1.26  3.50  4.20  2.00
135   40     1.04  1.63  2.30  3.29  3.98  3.90  3.88  3.83  2.52  1.74  1.08  0.82     2.50  1.16  3.19  3.87  1.78
135   50     0.99  1.54  2.11  2.93  3.59  3.54  3.51  3.44  2.25  1.54  0.97  0.76     2.27  1.10  2.88  3.50  1.59
135   60     0.95  1.48  1.95  2.62  3.22  3.17  3.15  3.06  2.01  1.38  0.89  0.71     2.05  1.05  2.60  3.13  1.43
135   70     0.92  1.44  1.82  2.35  2.87  2.83  2.80  2.74  1.81  1.25  0.82  0.67     1.86  1.01  2.35  2.79  1.29
135   80     0.89  1.41  1.71  2.11  2.56  2.51  2.49  2.45  1.63  1.13  0.76  0.63     1.69  0.98  2.13  2.49  1.17
135   90     0.86  1.39  1.63  1.91  2.29  2.23  2.21  2.21  1.46  1.04  0.69  0.59     1.54  0.95  1.94  2.22  1.06
150   10     1.30  2.02  2.93  4.21  4.80  4.60  4.63  4.74  3.28  2.46  1.55  1.12     3.14  1.48  3.98  4.65  2.43
150   20     1.18  1.84  2.68  3.90  4.58  4.43  4.44  4.46  3.00  2.14  1.31  0.97     2.91  1.33  3.72  4.44  2.15
150   30     1.06  1.66  2.40  3.52  4.26  4.18  4.17  4.08  2.68  1.82  1.10  0.84     2.65  1.19  3.40  4.14  1.87
150   40     0.99  1.51  2.13  3.10  3.87  3.85  3.81  3.64  2.34  1.53  0.94  0.76     2.37  1.09  3.03  3.77  1.60
150   50     0.96  1.43  1.90  2.67  3.41  3.45  3.39  3.16  2.02  1.31  0.85  0.72     2.11  1.04  2.66  3.33  1.40
150   60     0.94  1.40  1.75  2.31  2.95  3.01  2.95  2.72  1.77  1.18  0.80  0.69     1.87  1.01  2.34  2.90  1.25
150   70     0.91  1.38  1.65  2.03  2.57  2.62  2.56  2.38  1.58  1.08  0.75  0.66     1.68  0.98  2.08  2.52  1.14
150   80     0.89  1.37  1.57  1.83  2.26  2.30  2.25  2.12  1.43  1.00  0.70  0.62     1.53  0.96  1.89  2.22  1.04
150   90     0.86  1.36  1.52  1.67  2.02  2.04  2.00  1.91  1.30  0.93  0.65  0.58     1.40  0.94  1.74  1.98  0.96
165   10     1.29  2.00  2.91  4.20  4.78  4.59  4.62  4.72  3.26  2.42  1.52  1.10     3.12  1.46  3.96  4.64  2.40
165   20     1.15  1.80  2.63  3.86  4.55  4.42  4.43  4.42  2.96  2.08  1.25  0.93     2.87  1.29  3.68  4.42  2.10
165   30     1.02  1.59  2.31  3.45  4.23  4.17  4.15  4.02  2.60  1.70  1.00  0.78     2.59  1.13  3.33  4.11  1.77
165   40     0.98  1.42  1.99  2.98  3.81  3.83  3.79  3.54  2.21  1.35  0.86  0.75     2.29  1.05  2.93  3.72  1.47
165   50     0.96  1.38  1.72  2.46  3.33  3.43  3.36  2.99  1.81  1.13  0.83  0.72     2.01  1.02  2.50  3.26  1.26
165   60     0.94  1.37  1.59  2.00  2.79  2.96  2.88  2.40  1.54  1.06  0.79  0.69     1.75  1.00  2.13  2.75  1.13
165   70     0.91  1.37  1.53  1.74  2.26  2.46  2.35  2.00  1.39  1.00  0.74  0.66     1.53  0.98  1.84  2.27  1.04
165   80     0.89  1.36  1.49  1.59  1.97  2.08  2.02  1.78  1.29  0.94  0.69  0.62     1.40  0.96  1.69  1.96  0.97
165   90     0.86  1.36  1.45  1.48  1.77  1.85  1.80  1.64  1.19  0.88  0.64  0.58     1.29  0.93  1.57  1.76  0.91
180   10     1.28  2.00  2.90  4.20  4.78  4.59  4.62  4.71  3.25  2.42  1.51  1.10     3.11  1.46  3.96  4.64  2.39
180   20     1.14  1.78  2.61  3.86  4.54  4.42  4.42  4.40  2.94  2.05  1.23  0.92     2.86  1.28  3.67  4.41  2.07
180   30     1.00  1.56  2.28  3.44  4.21  4.16  4.14  3.99  2.57  1.65  0.97  0.77     2.56  1.11  3.31  4.10  1.73
180   40     0.98  1.38  1.93  2.96  3.79  3.82  3.78  3.51  2.16  1.25  0.86  0.75     2.27  1.04  2.90  3.70  1.43
180   50     0.96  1.38  1.58  2.44  3.30  3.42  3.35  2.96  1.72  1.10  0.83  0.72     1.98  1.02  2.44  3.24  1.22
180   60     0.94  1.37  1.54  1.88  2.76  2.95  2.86  2.36  1.38  1.05  0.79  0.69     1.71  1.00  2.06  2.72  1.07
180   70     0.91  1.37  1.51  1.58  2.17  2.44  2.34  1.80  1.30  1.00  0.74  0.66     1.49  0.98  1.75  2.19  1.01
180   80     0.89  1.36  1.48  1.49  1.83  1.99  1.92  1.63  1.23  0.94  0.69  0.62     1.34  0.96  1.60  1.84  0.95
180   90     0.86  1.36  1.44  1.42  1.66  1.76  1.72  1.51  1.15  0.88  0.64  0.58     1.25  0.93  1.50  1.66  0.89
             52.2  51.3  36.7  21.0   8.0   3.3   5.1  15.0  27.4  42.3  51.7  53.3     24.5  52.2  20.0   7.9  39.1
             1.77  2.68  3.57  4.67  4.95  4.67  4.73  5.04  3.79  3.39  2.47  1.73     3.62  2.06  4.34  4.80  3.18
             1.66  2.54  3.52  4.66  4.82  4.47  4.55  4.99  3.79  3.27  2.26  1.59     3.51  1.93  4.33  4.67  3.11
             1.07  1.06  1.01  1.00  1.03  1.04  1.04  1.01  1.00  1.04  1.09  1.09     1.04  1.07  1.01  1.03  1.04
             1.17  1.15  1.12  1.04  0.98  0.95  0.96  1.01  1.08  1.19  1.28  1.24     1.10  1.19  1.05  0.98  1.18
temperature   2.7   2.7   5.4  10.8  15.7  19.8  23.8  25.7  21.7  15.8  10.2   5.4     13.3   3.6  10.6  23.1  15.9
diffusedrad  1.09  1.57  1.92  2.20  2.46  2.63  2.55  2.28  1.94  1.49  1.07  0.89     1.84  1.18  2.19  2.49  1.50
snow10cm     0.61  0.80  0.40  0.07  0.00  0.00  0.00  0.00  0.00  0.00  0.00  0.16     0.17  0.52  0.15  0.00  0.00
