2 55021   泊              36 57.1  137 33.1   13
             1.48  2.30  3.26  4.46  5.01  4.79  4.66  4.98  3.61  2.88  1.86  1.31     3.38  1.70  4.24  4.81  2.78
             1.65  2.68  3.71  5.08  5.72  5.58  6.12  6.13  4.06  3.37  2.14  1.73     3.67  1.91  4.54  5.77  3.03
             1.23  1.95  2.72  3.68  4.40  4.13  3.43  3.76  2.87  2.42  1.25  1.04     3.15  1.50  3.87  3.98  2.50
  0   10     1.63  2.48  3.48  4.60  5.03  4.75  4.65  5.08  3.77  3.17  2.09  1.46     3.52  1.86  4.37  4.83  3.01
  0   20     1.74  2.64  3.63  4.66  4.96  4.64  4.55  5.08  3.88  3.39  2.29  1.59     3.59  1.99  4.42  4.75  3.19
  0   30     1.83  2.76  3.70  4.61  4.79  4.44  4.38  4.97  3.90  3.54  2.45  1.69     3.59  2.09  4.37  4.59  3.29
  0   40     1.89  2.83  3.70  4.47  4.53  4.16  4.12  4.75  3.84  3.60  2.54  1.76     3.52  2.16  4.23  4.34  3.33
  0   50     1.91  2.84  3.62  4.23  4.17  3.80  3.78  4.43  3.69  3.59  2.59  1.79     3.37  2.18  4.01  4.00  3.29
  0   60     1.90  2.80  3.46  3.90  3.74  3.38  3.38  4.02  3.47  3.49  2.57  1.78     3.16  2.16  3.70  3.59  3.18
  0   70     1.85  2.71  3.24  3.50  3.25  2.92  2.94  3.54  3.18  3.31  2.49  1.74     2.89  2.10  3.33  3.13  2.99
  0   80     1.77  2.57  2.95  3.02  2.71  2.43  2.45  3.00  2.83  3.06  2.36  1.66     2.57  2.00  2.90  2.63  2.75
  0   90     1.66  2.39  2.61  2.51  2.15  1.94  1.97  2.41  2.42  2.74  2.18  1.54     2.21  1.86  2.42  2.11  2.45
 15   10     1.62  2.47  3.47  4.59  5.03  4.75  4.65  5.08  3.77  3.15  2.08  1.45     3.51  1.85  4.37  4.82  3.00
 15   20     1.73  2.63  3.61  4.65  4.96  4.64  4.56  5.08  3.87  3.37  2.28  1.58     3.58  1.98  4.41  4.76  3.17
 15   30     1.81  2.74  3.68  4.60  4.80  4.44  4.38  4.97  3.89  3.50  2.43  1.67     3.58  2.08  4.36  4.60  3.27
 15   40     1.87  2.80  3.67  4.45  4.53  4.16  4.12  4.75  3.82  3.56  2.52  1.74     3.50  2.13  4.22  4.34  3.30
 15   50     1.89  2.81  3.59  4.22  4.19  3.82  3.80  4.45  3.67  3.53  2.56  1.76     3.36  2.15  4.00  4.02  3.26
 15   60     1.87  2.76  3.43  3.91  3.77  3.41  3.40  4.05  3.46  3.43  2.54  1.75     3.15  2.13  3.70  3.62  3.14
 15   70     1.82  2.67  3.21  3.51  3.29  2.96  2.97  3.57  3.17  3.25  2.46  1.70     2.88  2.06  3.33  3.17  2.96
 15   80     1.74  2.53  2.92  3.05  2.77  2.48  2.50  3.05  2.82  2.99  2.33  1.62     2.57  1.96  2.91  2.68  2.71
 15   90     1.63  2.34  2.58  2.56  2.24  2.01  2.04  2.49  2.42  2.67  2.14  1.51     2.22  1.83  2.46  2.18  2.41
 30   10     1.61  2.45  3.45  4.57  5.03  4.75  4.64  5.07  3.75  3.12  2.06  1.44     3.49  1.83  4.35  4.82  2.98
 30   20     1.70  2.58  3.57  4.61  4.97  4.64  4.56  5.07  3.83  3.30  2.23  1.54     3.55  1.94  4.38  4.76  3.12
 30   30     1.77  2.67  3.62  4.56  4.80  4.45  4.39  4.96  3.84  3.41  2.36  1.62     3.54  2.02  4.33  4.60  3.20
 30   40     1.81  2.71  3.60  4.42  4.56  4.20  4.14  4.77  3.77  3.45  2.44  1.67     3.46  2.06  4.19  4.37  3.22
 30   50     1.82  2.71  3.50  4.18  4.23  3.86  3.83  4.47  3.62  3.41  2.46  1.68     3.31  2.07  3.97  4.05  3.16
 30   60     1.79  2.65  3.34  3.88  3.85  3.49  3.47  4.11  3.40  3.29  2.42  1.66     3.11  2.04  3.69  3.69  3.04
 30   70     1.74  2.55  3.12  3.51  3.39  3.06  3.06  3.66  3.12  3.10  2.33  1.61     2.85  1.97  3.34  3.26  2.85
 30   80     1.65  2.40  2.83  3.08  2.93  2.62  2.63  3.19  2.78  2.85  2.19  1.52     2.56  1.86  2.95  2.81  2.61
 30   90     1.54  2.22  2.51  2.62  2.44  2.19  2.20  2.69  2.42  2.54  2.00  1.41     2.23  1.72  2.53  2.36  2.32
 45   10     1.58  2.41  3.41  4.54  5.02  4.74  4.64  5.05  3.72  3.07  2.02  1.41     3.47  1.80  4.32  4.81  2.94
 45   20     1.66  2.51  3.50  4.55  4.96  4.64  4.55  5.03  3.77  3.21  2.16  1.49     3.50  1.89  4.34  4.74  3.05
 45   30     1.70  2.57  3.52  4.49  4.81  4.47  4.39  4.94  3.76  3.28  2.25  1.55     3.48  1.94  4.27  4.60  3.09
 45   40     1.72  2.59  3.48  4.34  4.57  4.21  4.16  4.74  3.67  3.28  2.29  1.57     3.38  1.96  4.13  4.37  3.08
 45   50     1.71  2.56  3.37  4.12  4.28  3.92  3.87  4.48  3.52  3.22  2.29  1.57     3.24  1.95  3.92  4.09  3.01
 45   60     1.67  2.49  3.20  3.82  3.91  3.56  3.53  4.13  3.30  3.09  2.23  1.53     3.04  1.90  3.64  3.74  2.88
 45   70     1.61  2.38  2.99  3.48  3.51  3.17  3.15  3.74  3.04  2.90  2.13  1.47     2.80  1.82  3.33  3.35  2.69
 45   80     1.52  2.24  2.72  3.08  3.08  2.77  2.76  3.30  2.73  2.65  1.99  1.38     2.52  1.71  2.96  2.94  2.46
 45   90     1.41  2.06  2.42  2.67  2.63  2.37  2.37  2.84  2.39  2.37  1.81  1.26     2.22  1.58  2.58  2.53  2.19
 60   10     1.55  2.37  3.36  4.50  5.01  4.74  4.63  5.03  3.67  3.01  1.97  1.37     3.43  1.76  4.29  4.80  2.88
 60   20     1.59  2.42  3.40  4.48  4.93  4.64  4.54  4.99  3.69  3.09  2.05  1.42     3.44  1.81  4.27  4.72  2.94
 60   30     1.61  2.45  3.39  4.39  4.79  4.47  4.38  4.88  3.64  3.11  2.10  1.45     3.39  1.84  4.19  4.57  2.95
 60   40     1.61  2.43  3.32  4.23  4.57  4.23  4.16  4.69  3.54  3.08  2.11  1.45     3.29  1.83  4.04  4.36  2.91
 60   50     1.58  2.39  3.20  4.00  4.28  3.94  3.88  4.43  3.38  2.98  2.08  1.42     3.13  1.80  3.83  4.08  2.81
 60   60     1.53  2.30  3.03  3.73  3.95  3.62  3.56  4.12  3.17  2.85  2.01  1.37     2.94  1.74  3.57  3.77  2.68
 60   70     1.46  2.19  2.82  3.40  3.57  3.26  3.22  3.75  2.91  2.66  1.91  1.30     2.70  1.65  3.26  3.41  2.49
 60   80     1.37  2.05  2.58  3.05  3.17  2.88  2.85  3.35  2.63  2.43  1.76  1.21     2.44  1.54  2.93  3.02  2.27
 60   90     1.27  1.89  2.30  2.67  2.78  2.51  2.48  2.95  2.32  2.17  1.60  1.10     2.17  1.42  2.58  2.65  2.03
 75   10     1.51  2.31  3.30  4.45  4.99  4.73  4.62  4.99  3.62  2.93  1.90  1.33     3.39  1.72  4.25  4.78  2.82
 75   20     1.52  2.32  3.29  4.39  4.90  4.63  4.52  4.93  3.60  2.94  1.94  1.35     3.36  1.73  4.19  4.69  2.82
 75   30     1.51  2.30  3.24  4.27  4.74  4.45  4.35  4.79  3.51  2.92  1.94  1.34     3.28  1.72  4.08  4.53  2.79
 75   40     1.48  2.26  3.14  4.09  4.52  4.22  4.13  4.59  3.38  2.83  1.91  1.31     3.16  1.69  3.92  4.32  2.71
 75   50     1.44  2.19  3.00  3.86  4.25  3.94  3.87  4.35  3.21  2.73  1.85  1.27     3.00  1.63  3.70  4.05  2.60
 75   60     1.38  2.10  2.83  3.58  3.92  3.63  3.56  4.04  3.00  2.56  1.76  1.21     2.80  1.56  3.44  3.74  2.44
 75   70     1.30  1.98  2.62  3.28  3.59  3.29  3.23  3.70  2.76  2.39  1.66  1.13     2.58  1.47  3.16  3.41  2.27
 75   80     1.22  1.86  2.40  2.95  3.21  2.94  2.89  3.34  2.49  2.17  1.53  1.04     2.34  1.37  2.85  3.06  2.06
 75   90     1.13  1.72  2.15  2.60  2.83  2.58  2.54  2.95  2.22  1.95  1.38  0.94     2.08  1.26  2.53  2.69  1.85
 90   10     1.47  2.25  3.24  4.40  4.97  4.72  4.61  4.95  3.56  2.85  1.84  1.29     3.35  1.67  4.20  4.76  2.75
 90   20     1.45  2.21  3.17  4.29  4.85  4.61  4.49  4.85  3.48  2.79  1.81  1.26     3.27  1.64  4.10  4.65  2.69
 90   30     1.41  2.15  3.06  4.12  4.67  4.42  4.31  4.68  3.36  2.70  1.76  1.22     3.16  1.59  3.95  4.47  2.61
 90   40     1.36  2.07  2.93  3.91  4.44  4.19  4.08  4.45  3.20  2.58  1.69  1.17     3.01  1.53  3.76  4.24  2.49
 90   50     1.29  1.99  2.77  3.67  4.17  3.91  3.82  4.20  3.01  2.44  1.62  1.11     2.83  1.47  3.54  3.98  2.35
 90   60     1.23  1.88  2.59  3.40  3.85  3.60  3.52  3.90  2.80  2.28  1.52  1.04     2.63  1.39  3.28  3.67  2.20
 90   70     1.16  1.78  2.40  3.09  3.51  3.27  3.19  3.57  2.56  2.10  1.41  0.97     2.42  1.30  3.00  3.35  2.02
 90   80     1.08  1.66  2.18  2.79  3.17  2.94  2.87  3.23  2.32  1.91  1.29  0.89     2.20  1.21  2.72  3.02  1.84
 90   90     1.00  1.54  1.98  2.48  2.82  2.60  2.54  2.89  2.07  1.71  1.16  0.80     1.97  1.12  2.43  2.68  1.65
105   10     1.44  2.20  3.17  4.34  4.94  4.72  4.59  4.90  3.51  2.77  1.77  1.25     3.30  1.63  4.15  4.74  2.68
105   20     1.37  2.10  3.04  4.18  4.80  4.59  4.46  4.75  3.37  2.63  1.68  1.18     3.18  1.55  4.01  4.60  2.56
105   30     1.30  2.00  2.88  3.96  4.59  4.38  4.26  4.54  3.20  2.47  1.58  1.11     3.02  1.47  3.81  4.39  2.42
105   40     1.23  1.89  2.71  3.71  4.33  4.13  4.01  4.28  3.00  2.31  1.48  1.04     2.84  1.39  3.58  4.14  2.27
105   50     1.17  1.78  2.53  3.43  4.03  3.84  3.73  3.99  2.79  2.15  1.38  0.97     2.65  1.31  3.33  3.85  2.10
105   60     1.10  1.68  2.35  3.15  3.71  3.52  3.42  3.69  2.56  1.98  1.28  0.90     2.44  1.22  3.07  3.54  1.94
105   70     1.03  1.58  2.15  2.87  3.38  3.19  3.11  3.37  2.34  1.81  1.18  0.83     2.24  1.15  2.80  3.22  1.77
105   80     0.96  1.48  1.97  2.58  3.04  2.87  2.78  3.05  2.11  1.64  1.08  0.76     2.03  1.06  2.53  2.90  1.61
105   90     0.90  1.38  1.77  2.30  2.72  2.55  2.48  2.73  1.89  1.47  0.97  0.69     1.82  0.99  2.27  2.59  1.44
120   10     1.40  2.14  3.11  4.29  4.92  4.71  4.58  4.86  3.45  2.69  1.70  1.21     3.25  1.58  4.11  4.72  2.61
120   20     1.30  2.00  2.92  4.07  4.75  4.56  4.43  4.66  3.26  2.48  1.55  1.10     3.09  1.47  3.91  4.55  2.43
120   30     1.21  1.85  2.71  3.79  4.50  4.34  4.20  4.38  3.03  2.26  1.41  1.01     2.89  1.36  3.66  4.31  2.23
120   40     1.12  1.71  2.49  3.49  4.19  4.05  3.92  4.07  2.79  2.04  1.28  0.92     2.67  1.25  3.39  4.01  2.04
120   50     1.05  1.59  2.27  3.18  3.86  3.73  3.61  3.74  2.55  1.85  1.17  0.85     2.45  1.17  3.10  3.69  1.86
120   60     0.98  1.49  2.08  2.87  3.52  3.40  3.28  3.41  2.31  1.68  1.07  0.78     2.24  1.09  2.82  3.36  1.69
120   70     0.93  1.40  1.91  2.59  3.18  3.06  2.96  3.09  2.09  1.53  0.98  0.72     2.04  1.02  2.56  3.04  1.53
120   80     0.87  1.32  1.74  2.33  2.85  2.74  2.65  2.79  1.88  1.38  0.90  0.67     1.84  0.95  2.31  2.73  1.39
120   90     0.83  1.25  1.58  2.07  2.54  2.43  2.35  2.50  1.69  1.25  0.81  0.61     1.66  0.90  2.06  2.43  1.25
135   10     1.37  2.10  3.06  4.25  4.90  4.70  4.57  4.82  3.40  2.62  1.64  1.17     3.22  1.54  4.07  4.70  2.56
135   20     1.24  1.90  2.81  3.97  4.69  4.54  4.40  4.57  3.16  2.34  1.44  1.04     3.01  1.39  3.82  4.50  2.31
135   30     1.12  1.72  2.53  3.63  4.40  4.29  4.15  4.24  2.88  2.05  1.25  0.91     2.77  1.25  3.52  4.23  2.06
135   40     1.03  1.55  2.27  3.27  4.04  3.98  3.83  3.86  2.58  1.79  1.10  0.82     2.51  1.14  3.19  3.89  1.82
135   50     0.96  1.43  2.03  2.90  3.65  3.61  3.47  3.46  2.30  1.58  0.99  0.76     2.26  1.05  2.86  3.52  1.62
135   60     0.91  1.34  1.83  2.57  3.27  3.23  3.11  3.09  2.05  1.41  0.90  0.71     2.03  0.98  2.56  3.14  1.45
135   70     0.87  1.26  1.67  2.29  2.91  2.88  2.77  2.75  1.84  1.27  0.83  0.66     1.83  0.93  2.29  2.80  1.31
135   80     0.83  1.20  1.52  2.04  2.60  2.56  2.46  2.46  1.66  1.15  0.77  0.61     1.66  0.88  2.05  2.49  1.19
135   90     0.79  1.15  1.40  1.82  2.32  2.27  2.18  2.21  1.49  1.06  0.70  0.57     1.50  0.84  1.84  2.22  1.08
150   10     1.34  2.06  3.01  4.21  4.88  4.70  4.56  4.79  3.37  2.57  1.60  1.14     3.19  1.51  4.04  4.68  2.51
150   20     1.19  1.83  2.72  3.90  4.66  4.53  4.38  4.50  3.08  2.22  1.34  0.98     2.94  1.33  3.76  4.47  2.21
150   30     1.05  1.60  2.39  3.51  4.33  4.27  4.11  4.13  2.74  1.87  1.11  0.84     2.66  1.16  3.41  4.17  1.91
150   40     0.96  1.41  2.06  3.07  3.93  3.93  3.77  3.67  2.39  1.56  0.94  0.76     2.37  1.04  3.02  3.79  1.63
150   50     0.92  1.29  1.79  2.63  3.46  3.51  3.36  3.19  2.06  1.33  0.85  0.71     2.09  0.97  2.63  3.35  1.41
150   60     0.89  1.22  1.59  2.26  2.99  3.06  2.92  2.74  1.79  1.18  0.80  0.68     1.84  0.93  2.28  2.91  1.26
150   70     0.85  1.18  1.46  1.97  2.60  2.65  2.54  2.39  1.60  1.08  0.75  0.64     1.64  0.89  2.01  2.53  1.14
150   80     0.82  1.14  1.35  1.75  2.29  2.33  2.23  2.13  1.45  1.00  0.70  0.60     1.48  0.85  1.79  2.23  1.05
150   90     0.78  1.11  1.26  1.59  2.04  2.06  1.97  1.92  1.31  0.93  0.65  0.56     1.35  0.81  1.63  1.98  0.97
165   10     1.33  2.04  2.98  4.20  4.87  4.69  4.56  4.77  3.34  2.53  1.57  1.13     3.17  1.50  4.02  4.67  2.48
165   20     1.16  1.78  2.66  3.86  4.63  4.52  4.37  4.46  3.03  2.15  1.28  0.94     2.90  1.29  3.72  4.45  2.15
165   30     1.00  1.51  2.29  3.44  4.30  4.26  4.10  4.06  2.66  1.74  1.01  0.79     2.60  1.10  3.34  4.14  1.80
165   40     0.94  1.29  1.91  2.96  3.88  3.91  3.75  3.58  2.25  1.36  0.85  0.75     2.29  0.99  2.92  3.75  1.49
165   50     0.92  1.22  1.58  2.43  3.39  3.49  3.33  3.02  1.84  1.12  0.82  0.71     1.99  0.95  2.46  3.28  1.26
165   60     0.88  1.19  1.41  1.95  2.83  3.02  2.85  2.42  1.55  1.04  0.78  0.68     1.72  0.92  2.06  2.76  1.13
165   70     0.85  1.16  1.31  1.67  2.28  2.49  2.34  2.00  1.40  0.99  0.74  0.64     1.49  0.88  1.76  2.28  1.04
165   80     0.82  1.13  1.25  1.51  1.98  2.10  2.00  1.78  1.29  0.94  0.69  0.60     1.34  0.85  1.58  1.96  0.97
165   90     0.78  1.10  1.17  1.39  1.78  1.86  1.78  1.64  1.20  0.88  0.65  0.56     1.23  0.81  1.45  1.76  0.91
180   10     1.32  2.03  2.98  4.19  4.86  4.69  4.55  4.77  3.33  2.52  1.56  1.12     3.16  1.49  4.01  4.67  2.47
180   20     1.14  1.76  2.64  3.85  4.62  4.51  4.37  4.45  3.01  2.12  1.25  0.93     2.89  1.28  3.70  4.44  2.13
180   30     0.98  1.48  2.25  3.43  4.28  4.25  4.09  4.04  2.63  1.69  0.97  0.77     2.57  1.08  3.32  4.13  1.76
180   40     0.94  1.24  1.84  2.95  3.86  3.90  3.74  3.55  2.20  1.25  0.85  0.75     2.26  0.97  2.88  3.73  1.44
180   50     0.92  1.22  1.41  2.41  3.36  3.48  3.32  2.99  1.75  1.08  0.82  0.71     1.96  0.95  2.39  3.26  1.22
180   60     0.88  1.19  1.34  1.84  2.80  3.00  2.84  2.38  1.38  1.04  0.78  0.68     1.68  0.92  1.99  2.74  1.07
180   70     0.85  1.16  1.28  1.52  2.20  2.48  2.32  1.81  1.30  0.99  0.74  0.64     1.44  0.88  1.67  2.20  1.01
180   80     0.82  1.13  1.22  1.41  1.84  2.00  1.90  1.63  1.23  0.94  0.69  0.60     1.28  0.85  1.49  1.84  0.95
180   90     0.78  1.10  1.16  1.33  1.67  1.77  1.70  1.51  1.15  0.88  0.65  0.56     1.19  0.81  1.38  1.66  0.89
             51.4  47.7  34.6  20.4   7.8   3.0   4.9  14.8  27.5  43.0  52.0  53.1     25.0  50.3  19.8   7.6  39.6
             1.91  2.84  3.71  4.66  5.04  4.77  4.66  5.09  3.90  3.61  2.59  1.79     3.71  2.18  4.42  4.83  3.33
             1.79  2.71  3.68  4.65  4.89  4.55  4.48  5.04  3.90  3.47  2.38  1.65     3.60  2.05  4.40  4.69  3.25
             1.07  1.05  1.01  1.00  1.03  1.05  1.04  1.01  1.00  1.04  1.09  1.08     1.04  1.07  1.01  1.03  1.04
             1.21  1.18  1.13  1.04  0.98  0.95  0.96  1.01  1.08  1.20  1.28  1.25     1.11  1.21  1.05  0.97  1.19
temperature   3.2   3.3   6.3  12.0  16.7  20.6  24.6  26.3  22.5  16.9  11.3   6.3     14.2   4.3  11.7  23.8  16.9
diffusedrad  1.08  1.49  1.84  2.17  2.44  2.61  2.54  2.27  1.95  1.49  1.09  0.90     1.82  1.16  2.15  2.47  1.51
snow10cm     0.36  0.40  0.09  0.00  0.00  0.00  0.00  0.00  0.00  0.00  0.00  0.09     0.08  0.28  0.03  0.00  0.00
