2 56276   小松            36 22.9  136 26.1    3
             1.53  2.37  3.32  4.46  4.91  4.55  4.51  5.01  3.73  2.96  1.91  1.37     3.39  1.76  4.23  4.69  2.87
             1.76  2.78  3.85  5.14  5.66  5.43  6.13  6.17  4.30  3.36  2.25  1.66     3.68  2.04  4.62  5.36  3.18
             1.26  1.96  2.88  3.77  4.18  3.90  3.47  3.55  3.11  2.46  1.33  1.06     3.10  1.53  3.70  3.70  2.40
  0   10     1.67  2.58  3.55  4.59  4.93  4.51  4.50  5.11  3.91  3.26  2.15  1.55     3.52  1.93  4.36  4.71  3.11
  0   20     1.79  2.74  3.70  4.64  4.86  4.40  4.41  5.10  4.02  3.49  2.37  1.69     3.60  2.07  4.40  4.64  3.29
  0   30     1.88  2.87  3.78  4.59  4.69  4.22  4.24  4.99  4.04  3.64  2.52  1.80     3.60  2.18  4.35  4.48  3.40
  0   40     1.94  2.94  3.77  4.45  4.43  3.95  3.98  4.76  3.97  3.71  2.63  1.87     3.53  2.25  4.21  4.23  3.43
  0   50     1.96  2.97  3.69  4.20  4.07  3.62  3.65  4.43  3.82  3.69  2.67  1.91     3.39  2.28  3.99  3.90  3.39
  0   60     1.96  2.94  3.53  3.87  3.65  3.23  3.27  4.01  3.59  3.58  2.65  1.90     3.18  2.27  3.68  3.50  3.27
  0   70     1.91  2.86  3.30  3.46  3.17  2.80  2.84  3.53  3.28  3.40  2.57  1.86     2.91  2.21  3.31  3.06  3.08
  0   80     1.84  2.73  3.01  2.99  2.64  2.34  2.38  2.98  2.91  3.14  2.43  1.77     2.60  2.11  2.88  2.56  2.83
  0   90     1.74  2.56  2.65  2.47  2.10  1.88  1.92  2.39  2.48  2.81  2.24  1.65     2.24  1.98  2.41  2.06  2.51
 15   10     1.67  2.57  3.54  4.58  4.93  4.51  4.50  5.11  3.90  3.24  2.15  1.54     3.52  1.93  4.35  4.71  3.10
 15   20     1.78  2.73  3.68  4.63  4.86  4.41  4.41  5.10  4.00  3.46  2.35  1.68     3.59  2.06  4.39  4.64  3.27
 15   30     1.86  2.85  3.75  4.58  4.70  4.22  4.24  4.98  4.02  3.60  2.50  1.78     3.59  2.17  4.34  4.48  3.37
 15   40     1.92  2.92  3.74  4.43  4.43  3.96  3.99  4.76  3.95  3.65  2.60  1.85     3.52  2.23  4.20  4.24  3.40
 15   50     1.94  2.94  3.65  4.20  4.09  3.64  3.67  4.45  3.80  3.63  2.64  1.88     3.38  2.25  3.98  3.92  3.36
 15   60     1.93  2.91  3.49  3.87  3.68  3.25  3.29  4.04  3.57  3.52  2.61  1.87     3.17  2.24  3.68  3.53  3.23
 15   70     1.89  2.82  3.26  3.47  3.21  2.84  2.88  3.57  3.27  3.33  2.53  1.83     2.91  2.18  3.31  3.09  3.04
 15   80     1.81  2.69  2.97  3.02  2.70  2.39  2.43  3.04  2.90  3.06  2.39  1.74     2.60  2.08  2.90  2.62  2.78
 15   90     1.71  2.52  2.62  2.52  2.19  1.95  1.98  2.48  2.49  2.73  2.20  1.62     2.25  1.95  2.44  2.13  2.47
 30   10     1.65  2.55  3.51  4.56  4.93  4.51  4.50  5.10  3.88  3.21  2.12  1.52     3.50  1.91  4.33  4.70  3.07
 30   20     1.75  2.69  3.64  4.59  4.86  4.41  4.41  5.09  3.96  3.39  2.30  1.64     3.56  2.03  4.36  4.63  3.22
 30   30     1.82  2.79  3.69  4.54  4.70  4.23  4.24  4.98  3.97  3.51  2.43  1.73     3.55  2.11  4.31  4.49  3.30
 30   40     1.86  2.84  3.66  4.39  4.46  3.98  4.01  4.78  3.89  3.54  2.51  1.79     3.48  2.16  4.17  4.25  3.31
 30   50     1.87  2.84  3.56  4.15  4.13  3.67  3.71  4.48  3.73  3.50  2.53  1.80     3.33  2.17  3.95  3.95  3.25
 30   60     1.85  2.80  3.40  3.85  3.75  3.32  3.35  4.11  3.51  3.37  2.49  1.78     3.13  2.15  3.67  3.59  3.12
 30   70     1.80  2.71  3.17  3.47  3.31  2.92  2.96  3.66  3.22  3.17  2.40  1.73     2.88  2.08  3.32  3.18  2.93
 30   80     1.72  2.58  2.88  3.05  2.85  2.51  2.54  3.18  2.87  2.91  2.25  1.64     2.58  1.98  2.93  2.74  2.67
 30   90     1.62  2.41  2.56  2.59  2.38  2.10  2.13  2.67  2.49  2.59  2.05  1.52     2.26  1.85  2.51  2.30  2.38
 45   10     1.63  2.51  3.47  4.53  4.92  4.51  4.49  5.08  3.85  3.15  2.08  1.49     3.48  1.88  4.31  4.69  3.03
 45   20     1.70  2.62  3.56  4.54  4.85  4.41  4.40  5.06  3.90  3.30  2.22  1.59     3.51  1.97  4.32  4.62  3.14
 45   30     1.75  2.69  3.58  4.47  4.70  4.24  4.25  4.95  3.88  3.37  2.31  1.65     3.49  2.03  4.25  4.48  3.19
 45   40     1.77  2.72  3.54  4.31  4.47  4.00  4.02  4.76  3.79  3.36  2.36  1.68     3.40  2.06  4.11  4.26  3.17
 45   50     1.77  2.70  3.43  4.09  4.17  3.71  3.73  4.48  3.64  3.30  2.35  1.68     3.26  2.05  3.90  3.98  3.10
 45   60     1.73  2.64  3.26  3.79  3.82  3.38  3.41  4.13  3.40  3.17  2.30  1.65     3.06  2.01  3.62  3.64  2.96
 45   70     1.67  2.55  3.04  3.44  3.42  3.01  3.04  3.73  3.13  2.96  2.19  1.58     2.81  1.94  3.30  3.26  2.76
 45   80     1.59  2.42  2.77  3.05  3.00  2.64  2.66  3.29  2.81  2.72  2.04  1.48     2.54  1.83  2.94  2.87  2.52
 45   90     1.49  2.25  2.47  2.64  2.57  2.26  2.29  2.83  2.46  2.42  1.86  1.36     2.24  1.70  2.56  2.46  2.25
 60   10     1.60  2.46  3.42  4.49  4.91  4.50  4.49  5.05  3.80  3.09  2.03  1.46     3.44  1.84  4.27  4.68  2.97
 60   20     1.64  2.53  3.46  4.47  4.83  4.40  4.39  5.02  3.82  3.17  2.11  1.51     3.45  1.90  4.25  4.60  3.03
 60   30     1.66  2.57  3.45  4.37  4.68  4.24  4.23  4.89  3.77  3.19  2.17  1.55     3.40  1.92  4.17  4.45  3.04
 60   40     1.66  2.56  3.38  4.21  4.46  4.01  4.02  4.71  3.66  3.16  2.17  1.55     3.30  1.92  4.02  4.25  3.00
 60   50     1.64  2.53  3.26  3.98  4.17  3.73  3.75  4.44  3.49  3.06  2.13  1.53     3.14  1.90  3.80  3.97  2.89
 60   60     1.59  2.46  3.09  3.70  3.85  3.43  3.44  4.12  3.28  2.92  2.07  1.48     2.95  1.84  3.55  3.66  2.75
 60   70     1.52  2.36  2.87  3.37  3.48  3.09  3.10  3.75  3.01  2.72  1.96  1.41     2.72  1.76  3.24  3.32  2.56
 60   80     1.44  2.23  2.62  3.01  3.09  2.73  2.75  3.34  2.72  2.48  1.80  1.30     2.46  1.66  2.91  2.94  2.34
 60   90     1.34  2.08  2.35  2.65  2.70  2.38  2.39  2.94  2.39  2.22  1.64  1.19     2.19  1.54  2.57  2.57  2.08
 75   10     1.56  2.41  3.36  4.44  4.89  4.50  4.47  5.02  3.74  3.01  1.96  1.41     3.40  1.79  4.23  4.66  2.90
 75   20     1.57  2.43  3.35  4.38  4.80  4.39  4.37  4.95  3.72  3.02  1.99  1.43     3.37  1.81  4.18  4.57  2.91
 75   30     1.56  2.42  3.30  4.25  4.64  4.22  4.21  4.81  3.63  2.99  1.99  1.43     3.29  1.80  4.06  4.42  2.87
 75   40     1.53  2.39  3.20  4.06  4.42  4.01  4.00  4.61  3.49  2.91  1.96  1.41     3.17  1.78  3.89  4.20  2.79
 75   50     1.49  2.33  3.05  3.84  4.15  3.74  3.74  4.36  3.32  2.79  1.90  1.36     3.01  1.73  3.68  3.94  2.67
 75   60     1.44  2.25  2.88  3.56  3.83  3.43  3.44  4.05  3.10  2.63  1.81  1.30     2.81  1.67  3.42  3.64  2.51
 75   70     1.37  2.15  2.67  3.25  3.49  3.12  3.12  3.70  2.85  2.45  1.70  1.22     2.59  1.58  3.14  3.31  2.33
 75   80     1.29  2.04  2.44  2.92  3.13  2.79  2.79  3.34  2.57  2.22  1.56  1.13     2.35  1.49  2.83  2.97  2.12
 75   90     1.20  1.91  2.19  2.58  2.75  2.44  2.45  2.95  2.29  2.00  1.41  1.03     2.10  1.38  2.51  2.62  1.90
 90   10     1.52  2.35  3.30  4.39  4.87  4.49  4.46  4.98  3.68  2.93  1.89  1.37     3.35  1.75  4.18  4.64  2.83
 90   20     1.49  2.32  3.23  4.28  4.76  4.38  4.35  4.87  3.60  2.86  1.86  1.34     3.28  1.72  4.09  4.53  2.77
 90   30     1.45  2.27  3.12  4.11  4.58  4.20  4.17  4.70  3.48  2.76  1.81  1.31     3.16  1.68  3.93  4.36  2.68
 90   40     1.41  2.20  2.99  3.89  4.35  3.98  3.95  4.47  3.31  2.65  1.74  1.26     3.02  1.62  3.74  4.13  2.56
 90   50     1.35  2.13  2.83  3.65  4.08  3.71  3.69  4.21  3.10  2.50  1.66  1.20     2.84  1.56  3.52  3.87  2.42
 90   60     1.29  2.04  2.63  3.38  3.77  3.41  3.40  3.91  2.89  2.33  1.56  1.13     2.65  1.49  3.26  3.58  2.26
 90   70     1.22  1.94  2.44  3.08  3.43  3.10  3.09  3.58  2.64  2.15  1.45  1.05     2.43  1.41  2.98  3.25  2.08
 90   80     1.15  1.84  2.22  2.77  3.09  2.78  2.77  3.23  2.39  1.95  1.33  0.96     2.21  1.32  2.70  2.93  1.89
 90   90     1.08  1.74  2.02  2.46  2.75  2.46  2.45  2.89  2.13  1.74  1.19  0.88     1.98  1.23  2.41  2.60  1.69
105   10     1.48  2.30  3.23  4.33  4.85  4.48  4.45  4.93  3.62  2.84  1.82  1.32     3.31  1.70  4.14  4.62  2.76
105   20     1.42  2.21  3.10  4.17  4.71  4.36  4.32  4.78  3.48  2.70  1.73  1.25     3.19  1.63  3.99  4.49  2.64
105   30     1.35  2.11  2.94  3.95  4.50  4.17  4.13  4.56  3.30  2.54  1.63  1.18     3.03  1.55  3.80  4.29  2.49
105   40     1.28  2.02  2.75  3.70  4.24  3.92  3.89  4.30  3.10  2.36  1.52  1.11     2.85  1.47  3.56  4.04  2.33
105   50     1.22  1.92  2.58  3.42  3.95  3.65  3.61  4.00  2.88  2.19  1.42  1.04     2.66  1.40  3.31  3.75  2.16
105   60     1.15  1.83  2.39  3.14  3.63  3.35  3.31  3.70  2.63  2.02  1.32  0.97     2.45  1.31  3.05  3.45  1.99
105   70     1.09  1.74  2.19  2.85  3.31  3.03  3.00  3.38  2.41  1.84  1.21  0.90     2.25  1.25  2.78  3.14  1.82
105   80     1.03  1.65  2.00  2.56  2.97  2.72  2.69  3.05  2.17  1.67  1.11  0.82     2.04  1.17  2.51  2.82  1.65
105   90     0.98  1.58  1.81  2.28  2.65  2.42  2.39  2.73  1.94  1.49  0.99  0.75     1.83  1.10  2.25  2.51  1.47
120   10     1.44  2.24  3.17  4.29  4.83  4.48  4.44  4.89  3.57  2.76  1.75  1.28     3.26  1.65  4.09  4.60  2.69
120   20     1.35  2.10  2.97  4.06  4.66  4.34  4.29  4.69  3.37  2.54  1.60  1.17     3.10  1.54  3.90  4.44  2.50
120   30     1.25  1.96  2.75  3.79  4.41  4.13  4.08  4.41  3.13  2.31  1.45  1.07     2.90  1.43  3.65  4.21  2.29
120   40     1.17  1.83  2.53  3.48  4.11  3.86  3.81  4.09  2.88  2.09  1.31  0.98     2.68  1.33  3.38  3.92  2.09
120   50     1.11  1.72  2.31  3.17  3.78  3.56  3.50  3.76  2.62  1.89  1.20  0.91     2.46  1.24  3.09  3.61  1.90
120   60     1.04  1.64  2.11  2.87  3.45  3.24  3.19  3.42  2.38  1.71  1.10  0.84     2.25  1.17  2.81  3.28  1.73
120   70     1.00  1.56  1.94  2.57  3.11  2.92  2.87  3.10  2.15  1.55  1.00  0.78     2.04  1.11  2.54  2.96  1.57
120   80     0.94  1.49  1.77  2.31  2.79  2.60  2.57  2.79  1.93  1.40  0.92  0.71     1.85  1.05  2.29  2.65  1.42
120   90     0.90  1.43  1.61  2.06  2.48  2.31  2.27  2.50  1.73  1.26  0.83  0.66     1.67  1.00  2.05  2.36  1.28
135   10     1.41  2.19  3.11  4.24  4.81  4.47  4.43  4.85  3.52  2.69  1.69  1.24     3.22  1.61  4.05  4.58  2.63
135   20     1.28  2.00  2.86  3.97  4.61  4.32  4.27  4.60  3.26  2.40  1.48  1.10     3.01  1.46  3.81  4.40  2.38
135   30     1.17  1.82  2.58  3.63  4.33  4.09  4.03  4.27  2.97  2.10  1.28  0.97     2.77  1.32  3.51  4.13  2.12
135   40     1.08  1.67  2.31  3.27  3.98  3.79  3.72  3.89  2.65  1.83  1.13  0.87     2.52  1.21  3.18  3.80  1.87
135   50     1.02  1.55  2.06  2.90  3.59  3.45  3.38  3.49  2.36  1.60  1.01  0.80     2.27  1.12  2.85  3.44  1.66
135   60     0.97  1.47  1.86  2.57  3.21  3.09  3.03  3.10  2.10  1.43  0.92  0.75     2.04  1.06  2.55  3.07  1.48
135   70     0.93  1.41  1.69  2.28  2.86  2.76  2.69  2.76  1.88  1.29  0.84  0.70     1.84  1.01  2.28  2.74  1.34
135   80     0.90  1.36  1.54  2.03  2.55  2.45  2.39  2.47  1.69  1.17  0.78  0.65     1.67  0.97  2.04  2.44  1.21
135   90     0.86  1.33  1.42  1.81  2.27  2.17  2.12  2.21  1.52  1.07  0.71  0.60     1.51  0.93  1.83  2.17  1.10
150   10     1.39  2.15  3.07  4.21  4.79  4.47  4.42  4.82  3.48  2.64  1.65  1.21     3.19  1.58  4.02  4.57  2.59
150   20     1.24  1.93  2.77  3.90  4.58  4.31  4.25  4.54  3.18  2.28  1.39  1.03     2.95  1.40  3.75  4.37  2.28
150   30     1.10  1.70  2.43  3.51  4.26  4.07  4.00  4.16  2.83  1.92  1.14  0.88     2.67  1.23  3.40  4.08  1.96
150   40     1.01  1.52  2.10  3.08  3.87  3.75  3.67  3.70  2.45  1.59  0.96  0.79     2.38  1.10  3.02  3.71  1.67
150   50     0.97  1.40  1.82  2.64  3.42  3.37  3.28  3.21  2.10  1.34  0.86  0.74     2.10  1.04  2.63  3.29  1.44
150   60     0.94  1.35  1.61  2.26  2.96  2.95  2.86  2.76  1.82  1.19  0.81  0.71     1.85  1.00  2.28  2.86  1.27
150   70     0.91  1.31  1.47  1.97  2.56  2.56  2.48  2.40  1.62  1.09  0.76  0.67     1.65  0.97  2.00  2.48  1.16
150   80     0.89  1.29  1.37  1.75  2.25  2.25  2.18  2.13  1.47  1.01  0.71  0.63     1.49  0.94  1.79  2.18  1.06
150   90     0.86  1.27  1.27  1.58  2.01  1.99  1.93  1.91  1.33  0.94  0.66  0.59     1.36  0.91  1.62  1.94  0.98
165   10     1.37  2.13  3.04  4.19  4.78  4.46  4.42  4.81  3.46  2.60  1.62  1.19     3.17  1.56  4.01  4.56  2.56
165   20     1.20  1.88  2.71  3.86  4.56  4.30  4.24  4.50  3.13  2.21  1.32  0.99     2.91  1.36  3.71  4.35  2.22
165   30     1.05  1.61  2.33  3.45  4.24  4.06  3.99  4.10  2.74  1.78  1.03  0.82     2.60  1.16  3.34  4.05  1.85
165   40     0.98  1.39  1.94  2.97  3.83  3.74  3.65  3.61  2.31  1.39  0.86  0.77     2.29  1.05  2.91  3.67  1.52
165   50     0.96  1.32  1.60  2.45  3.35  3.36  3.25  3.05  1.88  1.13  0.83  0.74     1.99  1.01  2.46  3.22  1.28
165   60     0.94  1.30  1.41  1.96  2.81  2.92  2.80  2.44  1.56  1.04  0.79  0.71     1.72  0.98  2.06  2.72  1.13
165   70     0.91  1.29  1.32  1.67  2.27  2.43  2.31  2.01  1.40  0.99  0.75  0.67     1.50  0.96  1.75  2.25  1.05
165   80     0.89  1.27  1.26  1.51  1.97  2.05  1.97  1.78  1.30  0.94  0.70  0.63     1.36  0.93  1.58  1.94  0.98
165   90     0.86  1.25  1.19  1.39  1.76  1.81  1.75  1.63  1.21  0.89  0.66  0.59     1.25  0.90  1.45  1.73  0.92
180   10     1.37  2.12  3.03  4.19  4.78  4.46  4.42  4.80  3.45  2.59  1.61  1.18     3.17  1.56  4.00  4.56  2.55
180   20     1.19  1.86  2.69  3.86  4.55  4.30  4.24  4.49  3.11  2.17  1.29  0.97     2.89  1.34  3.70  4.34  2.19
180   30     1.02  1.58  2.29  3.44  4.22  4.06  3.98  4.08  2.71  1.73  0.99  0.80     2.58  1.14  3.32  4.04  1.81
180   40     0.98  1.33  1.87  2.96  3.81  3.74  3.65  3.59  2.26  1.28  0.86  0.77     2.26  1.03  2.88  3.66  1.47
180   50     0.96  1.32  1.43  2.44  3.33  3.35  3.25  3.03  1.78  1.08  0.83  0.74     1.96  1.01  2.40  3.21  1.23
180   60     0.94  1.30  1.34  1.87  2.79  2.91  2.79  2.42  1.38  1.04  0.79  0.71     1.69  0.98  2.00  2.71  1.07
180   70     0.91  1.29  1.29  1.52  2.21  2.42  2.30  1.82  1.30  0.99  0.75  0.67     1.46  0.96  1.67  2.18  1.01
180   80     0.89  1.27  1.23  1.41  1.83  1.97  1.88  1.63  1.23  0.94  0.70  0.63     1.30  0.93  1.49  1.83  0.96
180   90     0.86  1.25  1.18  1.33  1.66  1.74  1.68  1.51  1.15  0.89  0.66  0.59     1.21  0.90  1.39  1.64  0.90
             52.6  49.6  34.6  20.4   7.3   2.8   4.5  13.5  27.4  42.9  51.8  53.5     25.6  51.6  19.6   7.4  39.4
             1.96  2.97  3.78  4.64  4.94  4.53  4.51  5.11  4.04  3.71  2.67  1.91     3.73  2.28  4.40  4.71  3.43
             1.84  2.82  3.75  4.63  4.78  4.31  4.32  5.05  4.04  3.58  2.46  1.76     3.61  2.14  4.39  4.56  3.36
             1.07  1.05  1.01  1.00  1.03  1.05  1.04  1.01  1.00  1.04  1.09  1.09     1.04  1.07  1.01  1.04  1.04
             1.20  1.19  1.13  1.04  0.97  0.95  0.96  1.01  1.08  1.21  1.29  1.28     1.11  1.23  1.05  0.97  1.19
temperature   3.4   3.5   6.5  12.2  17.0  20.8  24.9  26.4  22.3  16.4  11.0   6.3     14.2   4.4  11.9  24.0  16.6
diffusedrad  1.12  1.55  1.84  2.17  2.44  2.60  2.52  2.27  1.96  1.50  1.10  0.92     1.83  1.20  2.15  2.46  1.52
snow10cm     0.50  0.58  0.11  0.00  0.00  0.00  0.00  0.00  0.00  0.00  0.00  0.11     0.11  0.40  0.04  0.00  0.00
