2 57051   越廼            36  0.7  135 59.4   30
             1.37  2.05  3.08  4.27  4.72  4.38  4.49  4.87  3.56  2.84  1.84  1.28     3.23  1.57  4.02  4.58  2.75
             1.58  2.45  3.57  5.02  5.42  5.27  6.21  6.10  4.14  3.20  2.16  1.68     3.54  1.82  4.37  5.41  3.00
             1.17  1.65  2.42  3.67  4.16  3.64  3.31  3.52  2.93  2.38  1.21  0.95     2.96  1.31  3.59  3.76  2.26
  0   10     1.47  2.20  3.26  4.38  4.74  4.35  4.47  4.96  3.71  3.09  2.05  1.42     3.34  1.70  4.13  4.59  2.95
  0   20     1.55  2.31  3.38  4.42  4.66  4.24  4.38  4.94  3.81  3.29  2.24  1.53     3.40  1.80  4.15  4.52  3.11
  0   30     1.61  2.38  3.42  4.37  4.50  4.07  4.21  4.83  3.82  3.42  2.37  1.62     3.38  1.87  4.10  4.37  3.20
  0   40     1.63  2.40  3.40  4.23  4.25  3.82  3.95  4.61  3.75  3.47  2.45  1.67     3.30  1.90  3.96  4.13  3.22
  0   50     1.63  2.38  3.31  3.99  3.91  3.50  3.63  4.29  3.60  3.44  2.48  1.68     3.15  1.90  3.74  3.81  3.17
  0   60     1.60  2.32  3.15  3.68  3.51  3.13  3.24  3.89  3.38  3.34  2.46  1.67     2.94  1.86  3.45  3.42  3.06
  0   70     1.54  2.21  2.93  3.29  3.05  2.72  2.82  3.42  3.09  3.16  2.37  1.61     2.68  1.79  3.09  2.98  2.87
  0   80     1.45  2.07  2.66  2.85  2.55  2.28  2.35  2.89  2.74  2.91  2.24  1.53     2.38  1.68  2.69  2.51  2.63
  0   90     1.34  1.89  2.34  2.36  2.04  1.85  1.90  2.32  2.34  2.60  2.06  1.41     2.04  1.55  2.25  2.02  2.33
 15   10     1.47  2.19  3.25  4.38  4.73  4.35  4.47  4.96  3.71  3.08  2.05  1.42     3.34  1.69  4.12  4.59  2.94
 15   20     1.54  2.30  3.36  4.41  4.67  4.25  4.38  4.95  3.79  3.27  2.22  1.52     3.39  1.79  4.15  4.53  3.10
 15   30     1.60  2.36  3.40  4.36  4.50  4.07  4.21  4.83  3.80  3.38  2.35  1.60     3.37  1.85  4.09  4.37  3.18
 15   40     1.62  2.38  3.38  4.21  4.25  3.82  3.96  4.62  3.73  3.42  2.43  1.65     3.29  1.88  3.95  4.13  3.19
 15   50     1.61  2.36  3.28  3.99  3.93  3.51  3.64  4.31  3.58  3.39  2.45  1.66     3.14  1.88  3.73  3.82  3.14
 15   60     1.58  2.29  3.12  3.68  3.53  3.15  3.26  3.91  3.36  3.28  2.42  1.64     2.94  1.84  3.44  3.44  3.02
 15   70     1.52  2.18  2.90  3.30  3.09  2.75  2.85  3.46  3.07  3.09  2.34  1.59     2.68  1.76  3.10  3.02  2.84
 15   80     1.43  2.04  2.62  2.87  2.61  2.33  2.41  2.94  2.73  2.84  2.20  1.50     2.38  1.66  2.70  2.56  2.59
 15   90     1.32  1.86  2.30  2.40  2.12  1.91  1.96  2.41  2.34  2.53  2.02  1.39     2.05  1.52  2.27  2.09  2.30
 30   10     1.46  2.18  3.23  4.36  4.73  4.34  4.47  4.95  3.69  3.05  2.02  1.40     3.32  1.68  4.11  4.59  2.92
 30   20     1.52  2.27  3.32  4.38  4.67  4.25  4.38  4.93  3.76  3.21  2.18  1.50     3.36  1.76  4.12  4.52  3.05
 30   30     1.56  2.31  3.35  4.32  4.51  4.08  4.22  4.83  3.75  3.30  2.29  1.56     3.34  1.81  4.06  4.37  3.11
 30   40     1.58  2.32  3.31  4.17  4.28  3.84  3.98  4.62  3.67  3.32  2.35  1.59     3.25  1.83  3.92  4.15  3.12
 30   50     1.56  2.29  3.20  3.94  3.96  3.54  3.68  4.33  3.52  3.27  2.36  1.60     3.10  1.81  3.70  3.85  3.05
 30   60     1.52  2.21  3.04  3.65  3.60  3.20  3.32  3.97  3.30  3.14  2.31  1.57     2.90  1.77  3.43  3.50  2.92
 30   70     1.46  2.10  2.82  3.29  3.18  2.83  2.94  3.54  3.02  2.95  2.22  1.51     2.65  1.69  3.10  3.10  2.73
 30   80     1.37  1.95  2.55  2.90  2.74  2.43  2.52  3.07  2.69  2.71  2.08  1.42     2.37  1.58  2.73  2.68  2.49
 30   90     1.26  1.77  2.25  2.46  2.30  2.04  2.11  2.59  2.34  2.41  1.89  1.30     2.06  1.44  2.33  2.25  2.21
 45   10     1.44  2.15  3.20  4.33  4.72  4.34  4.47  4.93  3.66  3.00  1.99  1.38     3.30  1.66  4.08  4.58  2.88
 45   20     1.49  2.21  3.26  4.33  4.65  4.25  4.37  4.91  3.70  3.12  2.11  1.45     3.32  1.72  4.08  4.51  2.98
 45   30     1.51  2.24  3.26  4.26  4.51  4.08  4.22  4.80  3.68  3.18  2.18  1.49     3.28  1.75  4.01  4.37  3.01
 45   40     1.51  2.23  3.21  4.11  4.28  3.86  3.99  4.60  3.58  3.17  2.21  1.51     3.19  1.75  3.86  4.15  2.99
 45   50     1.48  2.18  3.09  3.89  4.00  3.58  3.71  4.33  3.43  3.10  2.20  1.50     3.04  1.72  3.66  3.87  2.91
 45   60     1.43  2.09  2.92  3.60  3.65  3.26  3.38  4.00  3.21  2.96  2.14  1.45     2.84  1.66  3.39  3.55  2.77
 45   70     1.36  1.97  2.71  3.27  3.27  2.90  3.01  3.60  2.95  2.76  2.04  1.38     2.60  1.57  3.08  3.17  2.58
 45   80     1.26  1.82  2.44  2.90  2.87  2.55  2.64  3.18  2.64  2.53  1.89  1.29     2.34  1.46  2.74  2.79  2.35
 45   90     1.16  1.65  2.17  2.51  2.46  2.19  2.27  2.74  2.31  2.25  1.71  1.17     2.05  1.33  2.38  2.40  2.09
 60   10     1.42  2.12  3.15  4.29  4.71  4.34  4.46  4.91  3.62  2.94  1.94  1.35     3.27  1.63  4.05  4.57  2.83
 60   20     1.44  2.15  3.18  4.27  4.63  4.24  4.37  4.87  3.63  3.01  2.01  1.39     3.26  1.66  4.03  4.49  2.88
 60   30     1.44  2.15  3.15  4.17  4.49  4.08  4.21  4.74  3.57  3.02  2.05  1.41     3.21  1.67  3.93  4.34  2.88
 60   40     1.42  2.11  3.07  4.01  4.27  3.87  3.99  4.55  3.47  2.98  2.05  1.40     3.10  1.64  3.78  4.14  2.83
 60   50     1.38  2.05  2.94  3.79  4.00  3.60  3.72  4.29  3.30  2.88  2.00  1.37     2.94  1.60  3.58  3.87  2.73
 60   60     1.32  1.95  2.77  3.52  3.68  3.30  3.41  3.98  3.09  2.74  1.93  1.31     2.75  1.53  3.32  3.56  2.59
 60   70     1.24  1.83  2.56  3.21  3.33  2.97  3.08  3.63  2.83  2.55  1.82  1.24     2.52  1.43  3.03  3.23  2.40
 60   80     1.15  1.68  2.32  2.86  2.95  2.63  2.73  3.23  2.55  2.32  1.68  1.14     2.27  1.32  2.71  2.86  2.19
 60   90     1.04  1.52  2.06  2.51  2.58  2.29  2.37  2.83  2.25  2.07  1.52  1.03     2.01  1.20  2.39  2.50  1.95
 75   10     1.39  2.08  3.10  4.25  4.70  4.33  4.45  4.87  3.57  2.87  1.88  1.31     3.23  1.59  4.02  4.55  2.77
 75   20     1.39  2.07  3.08  4.19  4.61  4.23  4.35  4.81  3.54  2.87  1.90  1.32     3.20  1.59  3.96  4.46  2.77
 75   30     1.37  2.04  3.02  4.06  4.45  4.07  4.18  4.67  3.45  2.84  1.89  1.31     3.11  1.57  3.84  4.31  2.73
 75   40     1.33  1.98  2.92  3.88  4.24  3.86  3.97  4.46  3.31  2.75  1.86  1.28     2.99  1.53  3.68  4.10  2.64
 75   50     1.27  1.90  2.77  3.66  3.97  3.60  3.71  4.21  3.14  2.64  1.80  1.23     2.83  1.46  3.47  3.84  2.53
 75   60     1.20  1.79  2.60  3.39  3.66  3.31  3.42  3.91  2.93  2.48  1.71  1.17     2.63  1.39  3.22  3.54  2.37
 75   70     1.12  1.67  2.39  3.09  3.34  3.00  3.09  3.57  2.69  2.30  1.60  1.09     2.41  1.29  2.94  3.22  2.20
 75   80     1.03  1.53  2.17  2.78  2.99  2.68  2.77  3.22  2.43  2.09  1.46  0.99     2.18  1.19  2.65  2.89  1.99
 75   90     0.94  1.39  1.93  2.45  2.63  2.35  2.43  2.85  2.15  1.87  1.32  0.90     1.93  1.07  2.34  2.54  1.78
 90   10     1.36  2.03  3.05  4.20  4.68  4.33  4.44  4.84  3.52  2.80  1.82  1.27     3.19  1.55  3.98  4.53  2.71
 90   20     1.33  1.99  2.98  4.09  4.57  4.22  4.33  4.73  3.43  2.73  1.78  1.25     3.12  1.52  3.88  4.42  2.65
 90   30     1.28  1.93  2.87  3.93  4.39  4.05  4.15  4.56  3.31  2.64  1.73  1.21     3.00  1.47  3.73  4.25  2.56
 90   40     1.23  1.84  2.74  3.73  4.17  3.83  3.93  4.34  3.15  2.52  1.66  1.16     2.86  1.41  3.54  4.03  2.44
 90   50     1.16  1.74  2.58  3.48  3.90  3.57  3.67  4.08  2.95  2.38  1.58  1.09     2.68  1.33  3.32  3.77  2.30
 90   60     1.09  1.63  2.39  3.22  3.60  3.29  3.38  3.79  2.74  2.21  1.48  1.02     2.49  1.25  3.07  3.48  2.15
 90   70     1.01  1.51  2.20  2.94  3.28  2.98  3.06  3.46  2.51  2.04  1.37  0.94     2.27  1.16  2.81  3.17  1.97
 90   80     0.92  1.39  1.99  2.64  2.96  2.67  2.75  3.12  2.26  1.85  1.25  0.86     2.06  1.06  2.53  2.85  1.79
 90   90     0.84  1.26  1.79  2.35  2.62  2.37  2.44  2.79  2.02  1.65  1.13  0.77     1.84  0.96  2.25  2.53  1.60
105   10     1.33  1.99  2.99  4.15  4.66  4.32  4.43  4.80  3.46  2.72  1.75  1.24     3.15  1.52  3.94  4.51  2.65
105   20     1.27  1.91  2.87  4.00  4.52  4.20  4.30  4.65  3.33  2.59  1.67  1.17     3.04  1.45  3.80  4.38  2.53
105   30     1.21  1.81  2.72  3.79  4.32  4.02  4.11  4.44  3.16  2.44  1.57  1.11     2.89  1.37  3.61  4.19  2.39
105   40     1.13  1.70  2.55  3.55  4.07  3.78  3.87  4.18  2.96  2.27  1.47  1.04     2.71  1.29  3.39  3.94  2.23
105   50     1.06  1.59  2.37  3.28  3.79  3.52  3.59  3.88  2.75  2.11  1.36  0.97     2.52  1.21  3.15  3.66  2.07
105   60     0.99  1.47  2.19  3.01  3.49  3.23  3.30  3.59  2.52  1.94  1.26  0.89     2.32  1.12  2.89  3.37  1.91
105   70     0.91  1.36  1.99  2.73  3.17  2.92  2.99  3.27  2.30  1.76  1.16  0.82     2.12  1.03  2.63  3.06  1.74
105   80     0.84  1.25  1.81  2.46  2.84  2.62  2.67  2.95  2.07  1.60  1.06  0.74     1.91  0.94  2.37  2.75  1.58
105   90     0.77  1.14  1.62  2.18  2.54  2.32  2.38  2.63  1.84  1.43  0.95  0.67     1.71  0.86  2.11  2.44  1.41
120   10     1.30  1.95  2.94  4.11  4.64  4.31  4.42  4.76  3.41  2.65  1.69  1.20     3.12  1.48  3.90  4.50  2.59
120   20     1.22  1.83  2.77  3.90  4.48  4.18  4.27  4.56  3.23  2.45  1.55  1.11     2.96  1.38  3.72  4.34  2.41
120   30     1.13  1.70  2.57  3.65  4.24  3.98  4.06  4.29  3.00  2.24  1.41  1.01     2.77  1.28  3.49  4.11  2.22
120   40     1.05  1.56  2.36  3.36  3.96  3.73  3.79  3.99  2.76  2.03  1.28  0.93     2.57  1.18  3.23  3.83  2.02
120   50     0.98  1.45  2.16  3.06  3.64  3.43  3.49  3.66  2.52  1.84  1.17  0.86     2.35  1.09  2.95  3.53  1.84
120   60     0.91  1.34  1.96  2.77  3.31  3.13  3.17  3.33  2.29  1.66  1.07  0.79     2.14  1.01  2.68  3.21  1.67
120   70     0.84  1.23  1.78  2.48  2.99  2.82  2.86  3.01  2.06  1.51  0.97  0.72     1.94  0.93  2.42  2.90  1.51
120   80     0.77  1.13  1.61  2.23  2.68  2.52  2.55  2.71  1.85  1.36  0.89  0.66     1.75  0.85  2.17  2.60  1.37
120   90     0.71  1.04  1.45  1.99  2.38  2.23  2.26  2.43  1.66  1.23  0.80  0.60     1.56  0.78  1.94  2.31  1.23
135   10     1.28  1.91  2.90  4.07  4.62  4.31  4.41  4.72  3.37  2.59  1.64  1.17     3.08  1.45  3.86  4.48  2.53
135   20     1.17  1.76  2.67  3.82  4.43  4.17  4.25  4.48  3.13  2.32  1.45  1.04     2.89  1.33  3.64  4.30  2.30
135   30     1.07  1.60  2.43  3.51  4.17  3.95  4.01  4.17  2.86  2.05  1.27  0.93     2.67  1.20  3.37  4.04  2.06
135   40     0.98  1.45  2.18  3.16  3.83  3.67  3.71  3.80  2.57  1.80  1.12  0.84     2.42  1.09  3.06  3.73  1.83
135   50     0.91  1.32  1.95  2.82  3.47  3.34  3.37  3.41  2.29  1.58  1.00  0.77     2.19  1.00  2.75  3.37  1.63
135   60     0.85  1.22  1.75  2.50  3.11  3.00  3.02  3.03  2.04  1.41  0.91  0.71     1.96  0.93  2.45  3.02  1.46
135   70     0.80  1.13  1.58  2.22  2.77  2.67  2.69  2.70  1.83  1.28  0.84  0.66     1.76  0.86  2.19  2.69  1.31
135   80     0.74  1.04  1.43  1.98  2.46  2.37  2.38  2.41  1.64  1.15  0.77  0.61     1.58  0.80  1.96  2.39  1.19
135   90     0.69  0.97  1.30  1.76  2.19  2.10  2.11  2.16  1.48  1.05  0.71  0.56     1.42  0.74  1.75  2.12  1.08
150   10     1.26  1.89  2.86  4.04  4.61  4.30  4.40  4.70  3.33  2.54  1.60  1.14     3.06  1.43  3.84  4.47  2.49
150   20     1.14  1.70  2.60  3.76  4.40  4.16  4.23  4.42  3.06  2.22  1.36  1.00     2.84  1.28  3.59  4.27  2.21
150   30     1.02  1.51  2.31  3.40  4.11  3.93  3.98  4.06  2.74  1.89  1.14  0.86     2.58  1.13  3.27  3.99  1.92
150   40     0.93  1.34  2.01  3.00  3.74  3.63  3.66  3.63  2.39  1.58  0.97  0.77     2.31  1.01  2.92  3.64  1.65
150   50     0.88  1.22  1.75  2.59  3.31  3.27  3.27  3.15  2.06  1.35  0.88  0.73     2.04  0.94  2.55  3.23  1.43
150   60     0.83  1.13  1.55  2.23  2.88  2.88  2.85  2.71  1.80  1.20  0.82  0.69     1.80  0.88  2.22  2.81  1.27
150   70     0.79  1.06  1.41  1.94  2.50  2.50  2.48  2.36  1.60  1.10  0.77  0.64     1.60  0.83  1.95  2.45  1.15
150   80     0.74  1.00  1.29  1.72  2.19  2.20  2.17  2.09  1.45  1.01  0.71  0.60     1.43  0.78  1.74  2.15  1.06
150   90     0.69  0.93  1.18  1.56  1.96  1.94  1.92  1.88  1.31  0.94  0.66  0.55     1.29  0.72  1.56  1.91  0.97
165   10     1.25  1.87  2.84  4.03  4.60  4.30  4.40  4.68  3.31  2.51  1.58  1.13     3.04  1.42  3.82  4.46  2.47
165   20     1.11  1.67  2.55  3.72  4.39  4.15  4.23  4.39  3.01  2.15  1.31  0.96     2.80  1.25  3.55  4.26  2.16
165   30     0.98  1.45  2.23  3.34  4.09  3.93  3.97  4.00  2.66  1.77  1.05  0.81     2.52  1.08  3.22  3.97  1.83
165   40     0.91  1.25  1.88  2.90  3.71  3.63  3.64  3.54  2.27  1.41  0.88  0.76     2.23  0.97  2.83  3.60  1.52
165   50     0.88  1.15  1.57  2.42  3.26  3.26  3.25  3.01  1.87  1.16  0.84  0.73     1.95  0.92  2.41  3.17  1.29
165   60     0.83  1.10  1.39  1.96  2.75  2.85  2.80  2.43  1.57  1.07  0.80  0.69     1.69  0.88  2.03  2.69  1.15
165   70     0.79  1.05  1.29  1.68  2.23  2.39  2.31  2.00  1.41  1.01  0.76  0.64     1.46  0.83  1.73  2.23  1.06
165   80     0.74  0.99  1.20  1.51  1.94  2.02  1.97  1.77  1.30  0.96  0.71  0.60     1.31  0.78  1.55  1.92  0.99
165   90     0.69  0.93  1.12  1.39  1.74  1.78  1.75  1.62  1.20  0.90  0.66  0.55     1.19  0.72  1.41  1.72  0.92
180   10     1.25  1.86  2.83  4.03  4.59  4.30  4.40  4.68  3.31  2.50  1.57  1.12     3.04  1.41  3.82  4.46  2.46
180   20     1.10  1.65  2.54  3.72  4.38  4.15  4.22  4.38  3.00  2.13  1.28  0.95     2.79  1.24  3.55  4.25  2.14
180   30     0.96  1.42  2.20  3.34  4.08  3.92  3.97  3.99  2.63  1.72  1.01  0.80     2.50  1.06  3.21  3.96  1.79
180   40     0.91  1.21  1.83  2.90  3.69  3.62  3.64  3.52  2.23  1.31  0.88  0.76     2.21  0.96  2.81  3.60  1.47
180   50     0.88  1.15  1.44  2.41  3.24  3.26  3.24  2.99  1.79  1.11  0.84  0.73     1.92  0.92  2.36  3.16  1.25
180   60     0.83  1.10  1.33  1.88  2.73  2.84  2.79  2.41  1.40  1.06  0.80  0.69     1.66  0.88  1.98  2.68  1.09
180   70     0.79  1.05  1.26  1.54  2.19  2.38  2.31  1.83  1.32  1.01  0.76  0.64     1.42  0.83  1.66  2.17  1.03
180   80     0.74  0.99  1.19  1.43  1.81  1.95  1.88  1.63  1.24  0.96  0.71  0.60     1.26  0.78  1.48  1.82  0.97
180   90     0.69  0.93  1.11  1.34  1.64  1.72  1.68  1.51  1.16  0.90  0.66  0.55     1.16  0.72  1.36  1.63  0.91
             43.9  40.6  32.0  19.6   7.0   2.7   4.2  13.0  26.4  41.5  50.2  49.8     23.3  44.4  18.3   7.1  38.0
             1.63  2.40  3.43  4.42  4.74  4.37  4.49  4.96  3.82  3.47  2.48  1.68     3.49  1.90  4.15  4.60  3.23
             1.57  2.34  3.40  4.42  4.62  4.19  4.33  4.92  3.82  3.34  2.29  1.56     3.40  1.82  4.15  4.48  3.15
             1.04  1.03  1.01  1.00  1.03  1.04  1.04  1.01  1.00  1.04  1.08  1.08     1.03  1.05  1.01  1.03  1.04
             1.15  1.14  1.10  1.04  0.98  0.96  0.96  1.01  1.07  1.18  1.24  1.22     1.09  1.17  1.04  0.98  1.16
temperature   5.2   5.1   7.8  13.0  17.4  21.0  25.1  26.8  23.1  18.0  13.0   8.3     15.3   6.2  12.7  24.3  18.0
diffusedrad  1.05  1.42  1.83  2.19  2.45  2.61  2.52  2.29  1.96  1.52  1.11  0.90     1.82  1.12  2.15  2.47  1.53
snow10cm     0.18  0.16  0.04  0.00  0.00  0.00  0.00  0.00  0.00  0.00  0.00  0.03     0.03  0.12  0.01  0.00  0.00
