2 57286   美浜            35   36  135   55   10
             1.52  2.17  3.13  4.28  4.67  4.40  4.47  4.87  3.63  2.92  1.92  1.45     3.29  1.72  4.03  4.58  2.82
             1.78  2.67  3.54  4.98  5.21  5.16  5.59  5.99  4.15  3.27  2.21  1.85     3.62  2.02  4.43  5.31  3.07
             1.24  1.80  2.56  3.74  4.15  3.83  3.28  3.69  2.91  2.44  1.26  1.22     3.04  1.54  3.63  3.84  2.50
  0   10     1.66  2.33  3.32  4.39  4.68  4.37  4.45  4.95  3.79  3.19  2.15  1.64     3.41  1.88  4.13  4.59  3.04
  0   20     1.77  2.46  3.44  4.43  4.61  4.26  4.36  4.93  3.88  3.39  2.35  1.80     3.47  2.01  4.16  4.52  3.21
  0   30     1.86  2.54  3.49  4.38  4.45  4.08  4.18  4.81  3.89  3.53  2.49  1.92     3.47  2.10  4.11  4.36  3.30
  0   40     1.90  2.58  3.47  4.23  4.19  3.83  3.93  4.59  3.81  3.58  2.59  2.00     3.39  2.16  3.96  4.12  3.33
  0   50     1.92  2.56  3.38  3.99  3.86  3.50  3.60  4.27  3.66  3.55  2.62  2.03     3.25  2.17  3.74  3.79  3.28
  0   60     1.89  2.51  3.22  3.67  3.46  3.13  3.22  3.86  3.43  3.44  2.59  2.02     3.04  2.14  3.45  3.40  3.15
  0   70     1.84  2.40  3.00  3.28  3.01  2.71  2.79  3.39  3.13  3.26  2.51  1.97     2.77  2.07  3.10  2.97  2.97
  0   80     1.75  2.25  2.72  2.84  2.51  2.27  2.33  2.87  2.78  3.00  2.37  1.88     2.46  1.96  2.69  2.49  2.71
  0   90     1.62  2.07  2.39  2.35  2.01  1.83  1.88  2.30  2.37  2.68  2.17  1.75     2.12  1.81  2.25  2.00  2.41
 15   10     1.66  2.33  3.31  4.39  4.68  4.37  4.45  4.95  3.78  3.17  2.14  1.63     3.40  1.87  4.13  4.59  3.03
 15   20     1.76  2.45  3.42  4.42  4.61  4.26  4.36  4.93  3.87  3.37  2.33  1.78     3.46  2.00  4.15  4.52  3.19
 15   30     1.84  2.52  3.47  4.36  4.45  4.08  4.18  4.81  3.87  3.49  2.48  1.90     3.45  2.09  4.09  4.36  3.28
 15   40     1.89  2.56  3.44  4.21  4.20  3.83  3.93  4.59  3.79  3.53  2.56  1.97     3.38  2.14  3.95  4.12  3.29
 15   50     1.89  2.54  3.35  3.98  3.88  3.52  3.62  4.29  3.64  3.49  2.59  2.00     3.23  2.15  3.74  3.81  3.24
 15   60     1.87  2.48  3.19  3.67  3.48  3.15  3.24  3.89  3.42  3.38  2.56  1.99     3.03  2.11  3.45  3.43  3.12
 15   70     1.81  2.37  2.96  3.29  3.05  2.75  2.83  3.43  3.12  3.19  2.47  1.94     2.77  2.04  3.10  3.00  2.93
 15   80     1.72  2.22  2.68  2.86  2.57  2.32  2.39  2.92  2.77  2.93  2.33  1.85     2.46  1.93  2.70  2.54  2.67
 15   90     1.59  2.04  2.36  2.39  2.09  1.90  1.94  2.38  2.37  2.61  2.13  1.71     2.13  1.78  2.28  2.08  2.37
 30   10     1.64  2.31  3.29  4.37  4.68  4.37  4.45  4.94  3.76  3.14  2.12  1.61     3.39  1.85  4.11  4.59  3.01
 30   20     1.73  2.41  3.38  4.39  4.61  4.27  4.36  4.92  3.83  3.30  2.29  1.75     3.44  1.96  4.13  4.52  3.14
 30   30     1.80  2.47  3.41  4.33  4.45  4.09  4.19  4.81  3.82  3.40  2.40  1.84     3.42  2.04  4.06  4.37  3.21
 30   40     1.83  2.49  3.37  4.18  4.22  3.85  3.95  4.60  3.74  3.42  2.47  1.90     3.34  2.07  3.92  4.13  3.21
 30   50     1.83  2.46  3.27  3.94  3.91  3.55  3.65  4.31  3.58  3.37  2.48  1.92     3.19  2.07  3.71  3.84  3.14
 30   60     1.79  2.39  3.11  3.65  3.55  3.21  3.30  3.95  3.36  3.24  2.44  1.90     2.99  2.03  3.44  3.48  3.01
 30   70     1.73  2.28  2.88  3.29  3.14  2.83  2.91  3.52  3.07  3.04  2.34  1.84     2.74  1.95  3.10  3.09  2.82
 30   80     1.63  2.13  2.61  2.89  2.70  2.43  2.50  3.05  2.73  2.79  2.19  1.74     2.45  1.83  2.73  2.66  2.57
 30   90     1.51  1.94  2.30  2.45  2.26  2.04  2.10  2.57  2.37  2.48  2.00  1.60     2.13  1.68  2.34  2.23  2.28
 45   10     1.62  2.28  3.25  4.34  4.67  4.37  4.45  4.92  3.73  3.09  2.08  1.58     3.37  1.83  4.09  4.58  2.96
 45   20     1.69  2.36  3.32  4.34  4.60  4.27  4.35  4.89  3.77  3.22  2.21  1.68     3.39  1.91  4.09  4.50  3.06
 45   30     1.73  2.39  3.32  4.26  4.45  4.10  4.20  4.78  3.75  3.27  2.29  1.75     3.36  1.96  4.01  4.36  3.10
 45   40     1.74  2.39  3.27  4.11  4.23  3.87  3.97  4.59  3.65  3.26  2.33  1.79     3.27  1.97  3.87  4.14  3.08
 45   50     1.72  2.34  3.15  3.89  3.95  3.59  3.68  4.31  3.49  3.19  2.31  1.79     3.12  1.95  3.66  3.86  3.00
 45   60     1.67  2.26  2.98  3.60  3.61  3.27  3.36  3.98  3.26  3.05  2.25  1.75     2.92  1.89  3.40  3.53  2.86
 45   70     1.60  2.14  2.77  3.27  3.23  2.91  2.99  3.58  3.00  2.85  2.15  1.67     2.68  1.80  3.09  3.16  2.66
 45   80     1.50  1.99  2.50  2.89  2.83  2.55  2.62  3.16  2.68  2.61  1.99  1.57     2.41  1.69  2.74  2.78  2.43
 45   90     1.38  1.81  2.23  2.50  2.43  2.19  2.25  2.72  2.35  2.31  1.81  1.44     2.12  1.54  2.38  2.39  2.16
 60   10     1.59  2.24  3.21  4.30  4.66  4.36  4.44  4.90  3.68  3.03  2.03  1.54     3.33  1.79  4.06  4.57  2.91
 60   20     1.63  2.28  3.23  4.28  4.58  4.26  4.34  4.86  3.70  3.10  2.10  1.61     3.33  1.84  4.03  4.49  2.97
 60   30     1.64  2.29  3.21  4.17  4.43  4.10  4.18  4.73  3.64  3.11  2.15  1.64     3.27  1.86  3.94  4.34  2.97
 60   40     1.63  2.26  3.13  4.02  4.22  3.88  3.97  4.54  3.53  3.07  2.15  1.64     3.17  1.84  3.79  4.13  2.92
 60   50     1.59  2.20  3.01  3.79  3.95  3.61  3.70  4.28  3.36  2.96  2.11  1.62     3.02  1.80  3.58  3.86  2.81
 60   60     1.53  2.10  2.83  3.52  3.64  3.31  3.39  3.96  3.15  2.82  2.03  1.57     2.82  1.73  3.33  3.55  2.67
 60   70     1.45  1.98  2.62  3.21  3.29  2.98  3.06  3.61  2.88  2.62  1.92  1.49     2.59  1.64  3.04  3.22  2.48
 60   80     1.35  1.84  2.38  2.86  2.91  2.64  2.71  3.21  2.60  2.39  1.77  1.38     2.34  1.52  2.72  2.85  2.25
 60   90     1.23  1.67  2.13  2.51  2.55  2.29  2.35  2.82  2.29  2.13  1.60  1.26     2.07  1.39  2.39  2.49  2.01
 75   10     1.55  2.20  3.16  4.26  4.65  4.36  4.43  4.87  3.63  2.96  1.96  1.49     3.29  1.75  4.02  4.55  2.85
 75   20     1.55  2.20  3.14  4.20  4.56  4.25  4.33  4.80  3.60  2.96  1.99  1.51     3.26  1.76  3.96  4.46  2.85
 75   30     1.54  2.17  3.08  4.07  4.40  4.09  4.16  4.66  3.52  2.92  1.98  1.51     3.17  1.74  3.85  4.30  2.81
 75   40     1.50  2.12  2.97  3.88  4.19  3.88  3.95  4.45  3.37  2.84  1.95  1.49     3.05  1.70  3.68  4.09  2.72
 75   50     1.45  2.03  2.83  3.67  3.93  3.62  3.69  4.20  3.20  2.72  1.89  1.44     2.89  1.64  3.47  3.84  2.60
 75   60     1.38  1.93  2.65  3.39  3.62  3.32  3.40  3.90  2.98  2.55  1.79  1.38     2.69  1.56  3.22  3.54  2.44
 75   70     1.29  1.81  2.44  3.10  3.30  3.01  3.08  3.56  2.74  2.37  1.68  1.29     2.47  1.46  2.95  3.22  2.26
 75   80     1.20  1.68  2.23  2.78  2.95  2.69  2.75  3.21  2.47  2.15  1.54  1.19     2.24  1.35  2.66  2.88  2.05
 75   90     1.10  1.53  1.99  2.45  2.60  2.36  2.42  2.84  2.19  1.93  1.39  1.08     1.99  1.23  2.34  2.54  1.84
 90   10     1.51  2.15  3.10  4.21  4.63  4.35  4.42  4.83  3.58  2.88  1.90  1.44     3.25  1.70  3.98  4.53  2.79
 90   20     1.48  2.11  3.04  4.11  4.52  4.24  4.31  4.73  3.50  2.81  1.87  1.42     3.18  1.67  3.89  4.42  2.73
 90   30     1.43  2.04  2.92  3.95  4.34  4.07  4.13  4.56  3.37  2.71  1.81  1.38     3.06  1.62  3.74  4.25  2.63
 90   40     1.38  1.96  2.79  3.74  4.12  3.85  3.91  4.33  3.21  2.59  1.74  1.32     2.91  1.55  3.55  4.03  2.51
 90   50     1.31  1.87  2.63  3.49  3.86  3.59  3.65  4.07  3.00  2.44  1.65  1.26     2.74  1.48  3.33  3.77  2.37
 90   60     1.23  1.76  2.44  3.23  3.56  3.30  3.36  3.78  2.79  2.28  1.55  1.18     2.54  1.39  3.08  3.48  2.21
 90   70     1.15  1.64  2.26  2.94  3.24  2.99  3.05  3.45  2.55  2.09  1.44  1.10     2.33  1.30  2.81  3.17  2.03
 90   80     1.06  1.51  2.04  2.64  2.92  2.69  2.73  3.11  2.30  1.90  1.31  1.01     2.10  1.19  2.54  2.84  1.84
 90   90     0.97  1.39  1.84  2.35  2.59  2.38  2.42  2.78  2.06  1.70  1.18  0.91     1.88  1.09  2.26  2.53  1.64
105   10     1.47  2.10  3.05  4.17  4.61  4.34  4.41  4.79  3.53  2.80  1.83  1.39     3.21  1.66  3.94  4.51  2.72
105   20     1.41  2.02  2.92  4.01  4.47  4.22  4.28  4.64  3.39  2.66  1.74  1.32     3.09  1.58  3.80  4.38  2.60
105   30     1.33  1.92  2.77  3.81  4.28  4.04  4.09  4.43  3.22  2.50  1.64  1.24     2.94  1.50  3.62  4.19  2.45
105   40     1.25  1.81  2.60  3.56  4.03  3.81  3.85  4.17  3.02  2.33  1.53  1.17     2.76  1.41  3.40  3.94  2.29
105   50     1.18  1.70  2.42  3.29  3.75  3.54  3.58  3.88  2.80  2.16  1.42  1.09     2.57  1.32  3.16  3.67  2.13
105   60     1.10  1.58  2.23  3.02  3.45  3.24  3.28  3.58  2.56  1.99  1.32  1.01     2.36  1.23  2.90  3.37  1.96
105   70     1.02  1.47  2.04  2.74  3.13  2.94  2.98  3.27  2.34  1.81  1.21  0.93     2.16  1.14  2.64  3.06  1.78
105   80     0.94  1.36  1.86  2.46  2.81  2.63  2.66  2.95  2.11  1.64  1.10  0.85     1.95  1.05  2.38  2.75  1.62
105   90     0.87  1.25  1.67  2.18  2.51  2.34  2.37  2.63  1.88  1.46  0.99  0.77     1.74  0.97  2.12  2.44  1.44
120   10     1.43  2.06  2.99  4.12  4.59  4.34  4.40  4.75  3.48  2.73  1.76  1.34     3.17  1.61  3.90  4.50  2.65
120   20     1.34  1.93  2.82  3.92  4.43  4.21  4.26  4.56  3.29  2.52  1.61  1.23     3.01  1.50  3.73  4.34  2.47
120   30     1.24  1.79  2.62  3.66  4.21  4.01  4.05  4.29  3.06  2.29  1.46  1.12     2.82  1.38  3.50  4.12  2.27
120   40     1.14  1.66  2.41  3.37  3.92  3.75  3.78  3.99  2.81  2.08  1.33  1.02     2.61  1.27  3.23  3.84  2.07
120   50     1.06  1.53  2.20  3.07  3.61  3.46  3.48  3.66  2.57  1.88  1.21  0.94     2.39  1.18  2.96  3.53  1.89
120   60     0.99  1.43  2.00  2.78  3.29  3.15  3.16  3.33  2.33  1.70  1.11  0.86     2.18  1.09  2.69  3.21  1.71
120   70     0.92  1.32  1.83  2.49  2.97  2.83  2.85  3.01  2.10  1.54  1.01  0.80     1.97  1.01  2.43  2.90  1.55
120   80     0.85  1.23  1.66  2.24  2.66  2.53  2.55  2.71  1.89  1.39  0.92  0.73     1.78  0.94  2.18  2.60  1.40
120   90     0.80  1.14  1.50  1.99  2.36  2.24  2.25  2.42  1.69  1.25  0.83  0.67     1.60  0.87  1.95  2.31  1.26
135   10     1.40  2.02  2.95  4.09  4.58  4.34  4.39  4.72  3.43  2.66  1.71  1.30     3.13  1.57  3.87  4.48  2.60
135   20     1.27  1.85  2.72  3.84  4.39  4.19  4.24  4.48  3.19  2.38  1.50  1.15     2.93  1.42  3.65  4.30  2.36
135   30     1.15  1.68  2.47  3.52  4.13  3.98  4.00  4.17  2.91  2.10  1.31  1.01     2.70  1.28  3.38  4.05  2.11
135   40     1.05  1.52  2.22  3.18  3.81  3.69  3.70  3.80  2.62  1.84  1.15  0.90     2.46  1.16  3.07  3.73  1.87
135   50     0.97  1.39  1.99  2.83  3.44  3.37  3.36  3.41  2.33  1.61  1.03  0.82     2.21  1.06  2.75  3.38  1.66
135   60     0.91  1.29  1.79  2.51  3.08  3.02  3.01  3.04  2.07  1.44  0.93  0.76     1.99  0.99  2.46  3.02  1.48
135   70     0.85  1.20  1.62  2.23  2.75  2.69  2.68  2.70  1.85  1.29  0.86  0.71     1.79  0.92  2.20  2.69  1.34
135   80     0.81  1.13  1.47  1.99  2.44  2.39  2.38  2.41  1.67  1.17  0.79  0.66     1.61  0.86  1.97  2.39  1.21
135   90     0.76  1.06  1.34  1.76  2.17  2.11  2.11  2.16  1.50  1.07  0.72  0.61     1.45  0.81  1.76  2.13  1.10
150   10     1.38  1.99  2.91  4.06  4.56  4.33  4.39  4.69  3.40  2.61  1.67  1.27     3.10  1.54  3.84  4.47  2.56
150   20     1.22  1.79  2.65  3.77  4.37  4.19  4.22  4.42  3.12  2.27  1.41  1.08     2.88  1.36  3.60  4.28  2.27
150   30     1.08  1.58  2.35  3.42  4.08  3.96  3.97  4.07  2.79  1.93  1.17  0.91     2.61  1.19  3.28  4.00  1.96
150   40     0.97  1.40  2.04  3.02  3.72  3.66  3.65  3.64  2.43  1.61  0.99  0.80     2.33  1.06  2.93  3.65  1.68
150   50     0.92  1.27  1.78  2.61  3.30  3.30  3.27  3.17  2.10  1.37  0.89  0.75     2.06  0.98  2.56  3.24  1.45
150   60     0.88  1.19  1.58  2.24  2.87  2.90  2.85  2.72  1.82  1.21  0.82  0.71     1.82  0.93  2.23  2.83  1.29
150   70     0.83  1.13  1.44  1.95  2.49  2.52  2.48  2.37  1.62  1.11  0.77  0.67     1.61  0.88  1.96  2.45  1.17
150   80     0.79  1.07  1.32  1.73  2.18  2.21  2.17  2.10  1.46  1.02  0.72  0.63     1.45  0.83  1.74  2.16  1.07
150   90     0.75  1.01  1.22  1.56  1.94  1.95  1.92  1.88  1.33  0.95  0.67  0.59     1.31  0.78  1.57  1.92  0.98
165   10     1.36  1.97  2.89  4.04  4.55  4.33  4.38  4.68  3.38  2.58  1.64  1.25     3.09  1.53  3.83  4.46  2.53
165   20     1.19  1.75  2.60  3.74  4.35  4.18  4.21  4.39  3.07  2.21  1.35  1.03     2.84  1.32  3.56  4.26  2.21
165   30     1.02  1.51  2.27  3.36  4.06  3.95  3.96  4.01  2.71  1.81  1.07  0.84     2.55  1.13  3.23  3.98  1.86
165   40     0.94  1.30  1.91  2.92  3.68  3.65  3.64  3.55  2.31  1.43  0.88  0.78     2.25  1.01  2.84  3.61  1.54
165   50     0.91  1.20  1.60  2.44  3.24  3.29  3.25  3.02  1.90  1.17  0.85  0.75     1.97  0.95  2.42  3.19  1.30
165   60     0.88  1.16  1.41  1.97  2.75  2.87  2.80  2.45  1.59  1.07  0.81  0.71     1.70  0.91  2.04  2.71  1.16
165   70     0.83  1.11  1.31  1.68  2.23  2.41  2.32  2.01  1.42  1.01  0.76  0.67     1.48  0.87  1.74  2.25  1.07
165   80     0.79  1.06  1.23  1.51  1.93  2.02  1.97  1.77  1.31  0.96  0.72  0.63     1.33  0.83  1.56  1.92  0.99
165   90     0.75  1.00  1.15  1.39  1.73  1.79  1.74  1.62  1.21  0.90  0.67  0.59     1.21  0.78  1.42  1.72  0.93
180   10     1.36  1.96  2.88  4.04  4.55  4.33  4.38  4.67  3.37  2.57  1.63  1.24     3.08  1.52  3.83  4.46  2.52
180   20     1.18  1.73  2.58  3.74  4.34  4.18  4.21  4.38  3.05  2.18  1.33  1.01     2.83  1.31  3.55  4.26  2.19
180   30     1.00  1.49  2.24  3.36  4.04  3.95  3.96  4.00  2.68  1.76  1.03  0.82     2.53  1.10  3.21  3.97  1.82
180   40     0.94  1.25  1.86  2.92  3.67  3.65  3.64  3.54  2.27  1.33  0.88  0.78     2.23  0.99  2.82  3.61  1.49
180   50     0.91  1.20  1.47  2.43  3.23  3.28  3.24  3.00  1.82  1.11  0.85  0.75     1.94  0.95  2.37  3.18  1.26
180   60     0.88  1.16  1.35  1.90  2.73  2.86  2.80  2.42  1.41  1.06  0.81  0.71     1.67  0.91  1.99  2.69  1.09
180   70     0.83  1.11  1.28  1.54  2.19  2.40  2.31  1.84  1.32  1.01  0.76  0.67     1.44  0.87  1.67  2.19  1.03
180   80     0.79  1.06  1.21  1.43  1.81  1.95  1.88  1.63  1.24  0.96  0.72  0.63     1.27  0.83  1.48  1.82  0.97
180   90     0.75  1.00  1.14  1.34  1.63  1.72  1.68  1.51  1.17  0.90  0.67  0.59     1.17  0.78  1.37  1.63  0.91
             48.6  42.5  32.2  19.3   6.7   2.3   3.9  12.7  26.2  41.5  50.6  53.3     24.3  47.9  18.4   6.8  38.2
             1.92  2.58  3.49  4.43  4.69  4.39  4.47  4.95  3.89  3.58  2.62  2.03     3.59  2.17  4.16  4.59  3.33
             1.81  2.50  3.47  4.42  4.55  4.19  4.29  4.89  3.89  3.46  2.42  1.85     3.48  2.06  4.15  4.46  3.26
             1.06  1.03  1.01  1.00  1.03  1.05  1.04  1.01  1.00  1.03  1.08  1.10     1.04  1.06  1.01  1.03  1.04
             1.19  1.15  1.11  1.03  0.97  0.95  0.96  1.00  1.07  1.18  1.26  1.28     1.10  1.21  1.04  0.97  1.17
temperature   4.2   4.3   7.2  12.6  17.1  20.9  25.0  26.6  22.7  17.0  11.9   7.0     14.7   5.2  12.3  24.2  17.2
diffusedrad  1.10  1.47  1.83  2.19  2.44  2.60  2.51  2.29  1.97  1.52  1.12  0.94     1.83  1.17  2.15  2.46  1.54
snow10cm     0.24  0.25  0.07  0.00  0.00  0.00  0.00  0.00  0.00  0.00  0.00  0.06     0.05  0.18  0.02  0.00  0.00
