2 60116   南小松          35 14.1  135 57.4   90
             1.78  2.47  3.21  4.27  4.65  4.30  4.26  4.60  3.56  2.82  2.04  1.62     3.30  1.96  4.04  4.39  2.81
             2.18  3.05  3.72  5.18  5.40  5.14  5.59  5.86  4.12  3.38  2.39  1.97     3.74  2.23  4.49  5.33  3.11
             1.42  1.70  2.42  3.54  4.03  3.32  3.43  3.54  2.88  2.36  1.45  1.34     2.85  1.57  3.54  3.79  2.31
  0   10     1.99  2.67  3.40  4.37  4.67  4.27  4.25  4.67  3.71  3.05  2.28  1.85     3.43  2.17  4.15  4.39  3.01
  0   20     2.17  2.83  3.52  4.40  4.59  4.17  4.16  4.65  3.79  3.23  2.49  2.05     3.50  2.35  4.17  4.32  3.17
  0   30     2.30  2.94  3.57  4.34  4.43  3.99  3.99  4.53  3.79  3.34  2.64  2.20     3.50  2.48  4.11  4.17  3.26
  0   40     2.38  2.99  3.54  4.19  4.18  3.74  3.76  4.32  3.71  3.38  2.74  2.30     3.44  2.56  3.97  3.94  3.27
  0   50     2.42  2.98  3.45  3.96  3.84  3.43  3.45  4.03  3.56  3.34  2.77  2.35     3.30  2.58  3.75  3.63  3.22
  0   60     2.41  2.91  3.28  3.64  3.45  3.07  3.10  3.65  3.33  3.23  2.74  2.35     3.10  2.56  3.45  3.27  3.10
  0   70     2.34  2.79  3.04  3.25  3.00  2.67  2.70  3.21  3.04  3.04  2.65  2.29     2.84  2.48  3.10  2.86  2.91
  0   80     2.23  2.61  2.75  2.81  2.52  2.25  2.27  2.73  2.70  2.80  2.50  2.19     2.53  2.34  2.69  2.42  2.67
  0   90     2.08  2.39  2.40  2.33  2.02  1.83  1.85  2.21  2.30  2.50  2.30  2.04     2.19  2.17  2.25  1.96  2.37
 15   10     1.98  2.67  3.39  4.36  4.67  4.27  4.24  4.67  3.70  3.04  2.27  1.85     3.43  2.17  4.14  4.39  3.00
 15   20     2.15  2.82  3.50  4.39  4.59  4.17  4.16  4.65  3.78  3.21  2.48  2.03     3.49  2.33  4.16  4.32  3.15
 15   30     2.27  2.92  3.55  4.33  4.43  3.99  3.99  4.53  3.77  3.31  2.62  2.18     3.49  2.46  4.10  4.17  3.23
 15   40     2.35  2.96  3.52  4.18  4.18  3.75  3.76  4.33  3.69  3.33  2.71  2.27     3.42  2.53  3.96  3.94  3.25
 15   50     2.38  2.95  3.41  3.95  3.86  3.45  3.46  4.04  3.54  3.29  2.74  2.32     3.28  2.55  3.74  3.65  3.19
 15   60     2.37  2.88  3.24  3.64  3.47  3.09  3.12  3.67  3.32  3.17  2.71  2.31     3.08  2.52  3.45  3.29  3.06
 15   70     2.30  2.75  3.00  3.26  3.04  2.70  2.73  3.25  3.03  2.98  2.61  2.26     2.83  2.44  3.10  2.89  2.88
 15   80     2.19  2.57  2.71  2.84  2.57  2.29  2.32  2.77  2.69  2.74  2.46  2.15     2.52  2.30  2.70  2.46  2.63
 15   90     2.03  2.35  2.37  2.37  2.09  1.89  1.91  2.28  2.31  2.44  2.26  1.99     2.19  2.13  2.28  2.03  2.33
 30   10     1.96  2.65  3.37  4.35  4.66  4.27  4.24  4.66  3.68  3.01  2.25  1.82     3.41  2.14  4.13  4.39  2.98
 30   20     2.11  2.78  3.46  4.36  4.59  4.17  4.16  4.63  3.74  3.15  2.42  1.99     3.46  2.29  4.14  4.32  3.11
 30   30     2.21  2.86  3.49  4.30  4.43  4.00  4.00  4.53  3.73  3.23  2.55  2.11     3.45  2.39  4.07  4.17  3.17
 30   40     2.27  2.88  3.44  4.14  4.20  3.77  3.77  4.33  3.64  3.24  2.62  2.19     3.37  2.44  3.93  3.96  3.17
 30   50     2.28  2.85  3.33  3.91  3.89  3.48  3.49  4.05  3.48  3.18  2.63  2.21     3.23  2.45  3.71  3.67  3.10
 30   60     2.25  2.77  3.16  3.62  3.53  3.14  3.16  3.71  3.26  3.05  2.58  2.19     3.04  2.41  3.44  3.34  2.96
 30   70     2.18  2.64  2.92  3.26  3.13  2.77  2.80  3.31  2.98  2.86  2.48  2.13     2.79  2.31  3.10  2.96  2.77
 30   80     2.06  2.46  2.63  2.86  2.69  2.39  2.42  2.88  2.65  2.61  2.32  2.01     2.50  2.18  2.73  2.56  2.53
 30   90     1.90  2.23  2.31  2.43  2.26  2.02  2.04  2.43  2.30  2.32  2.11  1.86     2.18  2.00  2.34  2.16  2.24
 45   10     1.93  2.61  3.33  4.32  4.66  4.26  4.24  4.65  3.65  2.97  2.21  1.78     3.38  2.11  4.10  4.38  2.94
 45   20     2.03  2.71  3.40  4.32  4.58  4.17  4.15  4.61  3.69  3.07  2.34  1.91     3.42  2.22  4.10  4.31  3.04
 45   30     2.11  2.76  3.40  4.24  4.43  4.01  4.00  4.50  3.66  3.12  2.43  2.00     3.39  2.29  4.02  4.17  3.07
 45   40     2.14  2.76  3.34  4.08  4.21  3.78  3.78  4.31  3.56  3.09  2.46  2.05     3.30  2.32  3.88  3.96  3.04
 45   50     2.13  2.71  3.21  3.86  3.92  3.51  3.51  4.05  3.40  3.02  2.45  2.05     3.15  2.30  3.67  3.69  2.96
 45   60     2.08  2.61  3.03  3.57  3.59  3.19  3.21  3.73  3.17  2.88  2.39  2.02     2.96  2.24  3.40  3.38  2.81
 45   70     2.00  2.48  2.81  3.24  3.21  2.85  2.86  3.36  2.91  2.68  2.27  1.93     2.72  2.13  3.09  3.02  2.62
 45   80     1.87  2.29  2.53  2.87  2.82  2.50  2.51  2.97  2.60  2.45  2.11  1.81     2.44  1.99  2.74  2.66  2.38
 45   90     1.72  2.08  2.24  2.48  2.42  2.15  2.16  2.56  2.28  2.17  1.91  1.66     2.15  1.82  2.38  2.29  2.12
 60   10     1.88  2.56  3.29  4.29  4.65  4.26  4.23  4.62  3.62  2.91  2.15  1.73     3.35  2.06  4.07  4.37  2.89
 60   20     1.95  2.62  3.31  4.26  4.56  4.16  4.14  4.58  3.62  2.97  2.23  1.82     3.35  2.13  4.04  4.29  2.94
 60   30     1.98  2.63  3.29  4.15  4.41  4.00  3.99  4.45  3.56  2.97  2.28  1.86     3.30  2.16  3.95  4.15  2.94
 60   40     1.98  2.60  3.20  3.99  4.20  3.79  3.78  4.26  3.44  2.92  2.28  1.87     3.19  2.15  3.80  3.95  2.88
 60   50     1.95  2.54  3.06  3.76  3.92  3.53  3.52  4.01  3.27  2.81  2.23  1.85     3.04  2.11  3.59  3.69  2.77
 60   60     1.88  2.42  2.88  3.49  3.62  3.23  3.23  3.71  3.06  2.67  2.15  1.80     2.85  2.03  3.33  3.39  2.63
 60   70     1.78  2.28  2.66  3.18  3.27  2.91  2.92  3.38  2.80  2.48  2.03  1.71     2.62  1.92  3.04  3.07  2.44
 60   80     1.67  2.11  2.41  2.83  2.89  2.58  2.58  3.00  2.52  2.26  1.87  1.59     2.36  1.79  2.71  2.72  2.22
 60   90     1.52  1.91  2.13  2.49  2.53  2.24  2.25  2.64  2.22  2.01  1.69  1.45     2.09  1.63  2.38  2.38  1.97
 75   10     1.83  2.51  3.24  4.24  4.63  4.26  4.23  4.60  3.57  2.85  2.08  1.68     3.31  2.00  4.04  4.36  2.83
 75   20     1.84  2.52  3.21  4.18  4.54  4.15  4.13  4.53  3.53  2.84  2.11  1.71     3.27  2.02  3.98  4.27  2.83
 75   30     1.84  2.49  3.15  4.05  4.38  3.99  3.97  4.38  3.44  2.80  2.10  1.71     3.19  2.01  3.86  4.12  2.78
 75   40     1.80  2.43  3.04  3.87  4.17  3.78  3.76  4.18  3.30  2.71  2.07  1.69     3.07  1.97  3.69  3.91  2.69
 75   50     1.75  2.33  2.88  3.64  3.91  3.53  3.52  3.94  3.13  2.60  2.00  1.63     2.90  1.91  3.48  3.66  2.57
 75   60     1.67  2.22  2.70  3.37  3.60  3.24  3.23  3.65  2.91  2.43  1.90  1.57     2.71  1.82  3.22  3.38  2.41
 75   70     1.57  2.07  2.48  3.08  3.28  2.94  2.93  3.33  2.67  2.25  1.78  1.47     2.49  1.70  2.94  3.06  2.23
 75   80     1.46  1.92  2.25  2.76  2.93  2.62  2.62  3.00  2.40  2.04  1.63  1.35     2.25  1.58  2.65  2.75  2.02
 75   90     1.33  1.74  2.00  2.43  2.58  2.30  2.30  2.65  2.13  1.83  1.47  1.23     2.00  1.43  2.33  2.42  1.81
 90   10     1.77  2.45  3.18  4.20  4.62  4.25  4.22  4.56  3.52  2.78  2.01  1.61     3.27  1.94  4.00  4.34  2.77
 90   20     1.73  2.40  3.11  4.09  4.50  4.14  4.11  4.46  3.44  2.71  1.98  1.58     3.19  1.91  3.90  4.24  2.71
 90   30     1.68  2.33  2.99  3.93  4.33  3.98  3.94  4.30  3.31  2.62  1.92  1.54     3.07  1.85  3.75  4.07  2.62
 90   40     1.62  2.24  2.85  3.72  4.11  3.76  3.73  4.08  3.15  2.50  1.84  1.49     2.92  1.78  3.56  3.86  2.50
 90   50     1.54  2.13  2.68  3.48  3.84  3.51  3.48  3.83  2.94  2.35  1.75  1.42     2.75  1.70  3.34  3.60  2.35
 90   60     1.46  2.00  2.49  3.22  3.55  3.22  3.20  3.55  2.73  2.19  1.64  1.33     2.55  1.60  3.08  3.32  2.19
 90   70     1.36  1.86  2.29  2.93  3.22  2.92  2.90  3.24  2.50  2.01  1.52  1.24     2.33  1.49  2.81  3.02  2.01
 90   80     1.25  1.72  2.06  2.63  2.90  2.62  2.60  2.91  2.25  1.82  1.39  1.14     2.11  1.37  2.53  2.71  1.82
 90   90     1.15  1.57  1.85  2.34  2.58  2.32  2.30  2.60  2.00  1.62  1.25  1.03     1.88  1.25  2.25  2.41  1.63
105   10     1.71  2.39  3.12  4.16  4.60  4.25  4.21  4.53  3.47  2.71  1.94  1.55     3.22  1.89  3.96  4.33  2.71
105   20     1.63  2.29  3.00  4.00  4.46  4.13  4.09  4.39  3.34  2.58  1.84  1.47     3.10  1.79  3.82  4.20  2.59
105   30     1.53  2.17  2.84  3.80  4.27  3.95  3.90  4.19  3.17  2.43  1.73  1.38     2.95  1.70  3.63  4.02  2.44
105   40     1.44  2.05  2.65  3.56  4.02  3.72  3.68  3.95  2.97  2.27  1.62  1.29     2.77  1.59  3.41  3.78  2.29
105   50     1.35  1.92  2.46  3.29  3.74  3.46  3.42  3.67  2.75  2.10  1.50  1.21     2.57  1.49  3.17  3.51  2.12
105   60     1.26  1.78  2.27  3.01  3.44  3.17  3.13  3.38  2.52  1.93  1.40  1.12     2.37  1.39  2.91  3.23  1.95
105   70     1.17  1.66  2.06  2.74  3.12  2.87  2.84  3.08  2.30  1.75  1.28  1.03     2.16  1.29  2.64  2.93  1.78
105   80     1.08  1.52  1.87  2.45  2.80  2.57  2.54  2.77  2.07  1.59  1.17  0.94     1.95  1.18  2.37  2.63  1.61
105   90     0.99  1.40  1.67  2.18  2.50  2.28  2.25  2.47  1.84  1.42  1.04  0.86     1.74  1.08  2.11  2.33  1.43
120   10     1.66  2.34  3.07  4.11  4.58  4.24  4.20  4.50  3.42  2.65  1.87  1.49     3.18  1.83  3.92  4.31  2.65
120   20     1.52  2.18  2.89  3.91  4.42  4.12  4.07  4.32  3.24  2.45  1.71  1.36     3.02  1.69  3.74  4.17  2.47
120   30     1.39  2.02  2.68  3.66  4.20  3.92  3.87  4.08  3.02  2.25  1.55  1.23     2.82  1.55  3.51  3.96  2.27
120   40     1.28  1.86  2.46  3.37  3.92  3.67  3.62  3.79  2.79  2.04  1.41  1.12     2.61  1.42  3.25  3.69  2.08
120   50     1.18  1.72  2.24  3.08  3.61  3.38  3.33  3.48  2.54  1.85  1.28  1.02     2.39  1.30  2.97  3.40  1.89
120   60     1.09  1.59  2.03  2.78  3.28  3.08  3.03  3.17  2.31  1.67  1.17  0.94     2.18  1.20  2.70  3.09  1.72
120   70     1.01  1.47  1.84  2.50  2.96  2.78  2.73  2.86  2.08  1.52  1.06  0.86     1.97  1.12  2.44  2.79  1.55
120   80     0.94  1.36  1.66  2.24  2.65  2.48  2.44  2.57  1.87  1.37  0.97  0.79     1.78  1.03  2.18  2.50  1.40
120   90     0.88  1.25  1.49  1.99  2.35  2.19  2.16  2.29  1.67  1.23  0.88  0.72     1.59  0.95  1.95  2.21  1.26
135   10     1.61  2.29  3.02  4.08  4.56  4.24  4.19  4.47  3.38  2.59  1.81  1.44     3.14  1.78  3.89  4.30  2.59
135   20     1.43  2.08  2.79  3.83  4.39  4.10  4.05  4.26  3.16  2.34  1.59  1.25     2.94  1.59  3.67  4.13  2.36
135   30     1.26  1.88  2.53  3.53  4.13  3.89  3.83  3.97  2.89  2.07  1.39  1.09     2.71  1.41  3.40  3.90  2.12
135   40     1.13  1.69  2.26  3.19  3.81  3.62  3.55  3.63  2.61  1.83  1.22  0.96     2.46  1.26  3.09  3.60  1.88
135   50     1.04  1.54  2.02  2.85  3.45  3.31  3.23  3.27  2.33  1.61  1.08  0.87     2.22  1.15  2.77  3.27  1.68
135   60     0.97  1.41  1.81  2.53  3.09  2.97  2.90  2.92  2.08  1.44  0.99  0.80     1.99  1.06  2.48  2.93  1.50
135   70     0.91  1.31  1.63  2.25  2.75  2.65  2.59  2.60  1.86  1.30  0.90  0.75     1.79  0.99  2.21  2.61  1.35
135   80     0.85  1.22  1.47  2.00  2.45  2.35  2.30  2.32  1.67  1.18  0.83  0.69     1.61  0.92  1.97  2.32  1.23
135   90     0.80  1.15  1.33  1.77  2.17  2.08  2.03  2.07  1.49  1.07  0.76  0.64     1.45  0.86  1.76  2.06  1.11
150   10     1.57  2.25  2.98  4.05  4.55  4.23  4.18  4.45  3.35  2.54  1.77  1.40     3.11  1.74  3.86  4.29  2.55
150   20     1.36  2.00  2.71  3.77  4.36  4.09  4.03  4.21  3.09  2.24  1.50  1.17     2.88  1.51  3.62  4.11  2.27
150   30     1.16  1.75  2.40  3.43  4.08  3.88  3.81  3.88  2.78  1.92  1.24  0.97     2.61  1.29  3.31  3.86  1.98
150   40     1.02  1.54  2.08  3.04  3.73  3.59  3.51  3.50  2.44  1.63  1.04  0.84     2.33  1.13  2.95  3.53  1.71
150   50     0.95  1.38  1.81  2.63  3.31  3.25  3.16  3.07  2.12  1.40  0.93  0.78     2.06  1.04  2.58  3.16  1.48
150   60     0.91  1.28  1.59  2.26  2.89  2.86  2.77  2.66  1.84  1.24  0.87  0.74     1.83  0.98  2.25  2.76  1.32
150   70     0.86  1.21  1.44  1.98  2.51  2.49  2.42  2.32  1.64  1.14  0.81  0.70     1.63  0.93  1.97  2.41  1.20
150   80     0.82  1.15  1.31  1.75  2.20  2.18  2.12  2.05  1.48  1.05  0.76  0.66     1.46  0.87  1.75  2.12  1.10
150   90     0.78  1.09  1.20  1.58  1.96  1.93  1.87  1.84  1.34  0.97  0.71  0.61     1.32  0.82  1.58  1.88  1.01
165   10     1.55  2.23  2.96  4.04  4.54  4.23  4.18  4.44  3.33  2.51  1.74  1.37     3.09  1.72  3.85  4.28  2.53
165   20     1.30  1.95  2.66  3.74  4.34  4.09  4.03  4.18  3.05  2.18  1.43  1.11     2.84  1.46  3.58  4.10  2.22
165   30     1.08  1.67  2.31  3.37  4.06  3.87  3.80  3.84  2.71  1.82  1.13  0.88     2.54  1.21  3.25  3.84  1.89
165   40     0.97  1.41  1.95  2.94  3.69  3.59  3.50  3.43  2.33  1.47  0.93  0.81     2.25  1.06  2.86  3.50  1.57
165   50     0.94  1.28  1.62  2.47  3.26  3.23  3.14  2.95  1.94  1.22  0.89  0.78     1.98  1.00  2.45  3.11  1.35
165   60     0.90  1.23  1.41  2.01  2.78  2.83  2.73  2.43  1.63  1.12  0.85  0.74     1.72  0.96  2.07  2.67  1.20
165   70     0.86  1.18  1.30  1.72  2.27  2.39  2.29  2.02  1.46  1.06  0.80  0.70     1.50  0.91  1.76  2.23  1.11
165   80     0.82  1.13  1.22  1.54  1.96  2.02  1.95  1.78  1.34  0.99  0.75  0.66     1.35  0.87  1.57  1.92  1.03
165   90     0.78  1.07  1.13  1.41  1.75  1.78  1.73  1.62  1.24  0.93  0.70  0.61     1.23  0.82  1.43  1.71  0.96
180   10     1.54  2.22  2.95  4.04  4.54  4.23  4.18  4.43  3.32  2.51  1.73  1.36     3.09  1.71  3.84  4.28  2.52
180   20     1.29  1.93  2.64  3.74  4.34  4.09  4.03  4.17  3.03  2.16  1.41  1.09     2.83  1.44  3.57  4.10  2.20
180   30     1.04  1.63  2.29  3.37  4.05  3.87  3.80  3.83  2.68  1.78  1.09  0.85     2.52  1.18  3.24  3.83  1.85
180   40     0.97  1.35  1.89  2.94  3.68  3.58  3.50  3.41  2.29  1.38  0.93  0.81     2.23  1.04  2.84  3.50  1.53
180   50     0.94  1.28  1.48  2.46  3.25  3.23  3.14  2.93  1.87  1.16  0.89  0.78     1.95  1.00  2.40  3.10  1.31
180   60     0.90  1.23  1.34  1.95  2.76  2.83  2.73  2.41  1.46  1.11  0.85  0.74     1.69  0.96  2.02  2.65  1.14
180   70     0.86  1.18  1.27  1.58  2.23  2.39  2.28  1.87  1.37  1.05  0.80  0.70     1.47  0.91  1.69  2.18  1.08
180   80     0.82  1.13  1.20  1.46  1.84  1.95  1.87  1.66  1.28  0.99  0.75  0.66     1.30  0.87  1.50  1.83  1.01
180   90     0.78  1.07  1.12  1.36  1.66  1.72  1.67  1.53  1.20  0.93  0.70  0.61     1.20  0.82  1.38  1.64  0.94
             52.4  43.3  31.6  18.7   6.5   2.3   3.9  12.1  25.2  39.9  50.4  54.7     25.4  49.9  18.0   6.4  37.6
             2.42  2.99  3.57  4.40  4.67  4.29  4.26  4.67  3.80  3.37  2.77  2.36     3.63  2.58  4.17  4.40  3.28
             2.24  2.90  3.56  4.38  4.51  4.08  4.08  4.60  3.80  3.30  2.58  2.13     3.51  2.42  4.15  4.25  3.22
             1.08  1.03  1.00  1.00  1.04  1.05  1.04  1.02  1.00  1.02  1.07  1.11     1.04  1.07  1.01  1.04  1.03
             1.26  1.17  1.11  1.03  0.97  0.95  0.96  1.00  1.07  1.17  1.26  1.31     1.11  1.25  1.03  0.97  1.17
temperature   3.6   3.6   6.8  12.1  16.9  21.0  25.0  26.5  22.9  16.9  11.3   6.2     14.4   4.5  11.9  24.2  17.0
diffusedrad  1.17  1.61  1.87  2.24  2.52  2.63  2.57  2.39  2.04  1.57  1.19  1.00     1.90  1.26  2.21  2.53  1.60
snow10cm     0.20  0.20  0.02  0.00  0.00  0.00  0.00  0.00  0.00  0.00  0.00  0.04     0.04  0.14  0.01  0.00  0.00
