2 60236   土山            34 56.3  136 16.7  248
             1.84  2.41  3.24  4.17  4.55  4.22  4.23  4.50  3.49  2.94  2.20  1.79     3.30  2.01  3.99  4.32  2.88
             2.13  3.12  3.91  4.97  5.35  4.84  5.70  5.90  4.05  3.56  2.71  2.15     3.64  2.32  4.55  5.01  3.25
             1.49  1.69  2.45  3.33  4.02  3.46  3.31  3.52  2.96  2.44  1.77  1.50     2.97  1.66  3.59  3.59  2.47
  0   10     2.07  2.62  3.43  4.27  4.56  4.19  4.21  4.56  3.62  3.19  2.48  2.08     3.44  2.25  4.09  4.32  3.10
  0   20     2.26  2.79  3.56  4.30  4.48  4.09  4.13  4.54  3.69  3.38  2.72  2.32     3.52  2.46  4.11  4.25  3.27
  0   30     2.40  2.90  3.60  4.24  4.33  3.92  3.96  4.42  3.69  3.50  2.90  2.51     3.53  2.60  4.05  4.10  3.36
  0   40     2.49  2.95  3.58  4.09  4.08  3.67  3.73  4.21  3.61  3.54  3.02  2.64     3.47  2.69  3.91  3.87  3.39
  0   50     2.53  2.94  3.47  3.85  3.75  3.37  3.42  3.92  3.46  3.50  3.06  2.71     3.33  2.73  3.69  3.57  3.34
  0   60     2.51  2.86  3.30  3.54  3.37  3.02  3.07  3.56  3.24  3.39  3.04  2.72     3.13  2.70  3.40  3.22  3.22
  0   70     2.43  2.73  3.06  3.16  2.94  2.63  2.68  3.14  2.95  3.20  2.94  2.66     2.88  2.61  3.06  2.82  3.03
  0   80     2.31  2.54  2.76  2.74  2.46  2.22  2.26  2.67  2.62  2.94  2.78  2.54     2.57  2.46  2.65  2.38  2.78
  0   90     2.13  2.30  2.41  2.27  1.99  1.80  1.84  2.16  2.24  2.62  2.55  2.37     2.22  2.27  2.22  1.94  2.47
 15   10     2.06  2.62  3.42  4.26  4.56  4.19  4.21  4.56  3.62  3.18  2.47  2.07     3.44  2.25  4.08  4.32  3.09
 15   20     2.24  2.78  3.54  4.29  4.49  4.09  4.13  4.54  3.68  3.36  2.71  2.30     3.51  2.44  4.11  4.25  3.25
 15   30     2.37  2.88  3.58  4.22  4.33  3.92  3.96  4.42  3.67  3.47  2.88  2.48     3.52  2.58  4.04  4.10  3.34
 15   40     2.46  2.93  3.55  4.07  4.08  3.68  3.73  4.22  3.59  3.50  2.99  2.61     3.45  2.67  3.90  3.88  3.36
 15   50     2.49  2.91  3.44  3.85  3.77  3.38  3.44  3.94  3.44  3.45  3.03  2.67     3.32  2.69  3.69  3.59  3.31
 15   60     2.46  2.83  3.27  3.54  3.39  3.04  3.09  3.58  3.22  3.33  3.00  2.68     3.12  2.66  3.40  3.23  3.18
 15   70     2.39  2.69  3.03  3.17  2.97  2.66  2.71  3.17  2.94  3.13  2.90  2.62     2.87  2.56  3.06  2.85  2.99
 15   80     2.26  2.50  2.73  2.76  2.51  2.26  2.30  2.71  2.61  2.87  2.73  2.50     2.56  2.42  2.67  2.42  2.74
 15   90     2.08  2.26  2.38  2.31  2.05  1.86  1.90  2.23  2.24  2.55  2.51  2.32     2.22  2.22  2.25  2.00  2.43
 30   10     2.03  2.60  3.40  4.25  4.56  4.19  4.21  4.55  3.60  3.15  2.44  2.04     3.42  2.22  4.07  4.32  3.06
 30   20     2.19  2.73  3.50  4.26  4.49  4.09  4.13  4.52  3.65  3.30  2.65  2.24     3.48  2.39  4.08  4.25  3.20
 30   30     2.30  2.82  3.52  4.19  4.33  3.92  3.97  4.41  3.63  3.38  2.80  2.40     3.47  2.51  4.01  4.10  3.27
 30   40     2.37  2.84  3.48  4.04  4.10  3.70  3.74  4.22  3.54  3.40  2.88  2.50     3.40  2.57  3.87  3.89  3.27
 30   50     2.38  2.81  3.36  3.81  3.80  3.41  3.46  3.95  3.38  3.34  2.90  2.55     3.26  2.58  3.66  3.61  3.21
 30   60     2.34  2.72  3.19  3.52  3.45  3.08  3.13  3.62  3.17  3.20  2.86  2.53     3.07  2.53  3.39  3.28  3.07
 30   70     2.25  2.58  2.95  3.17  3.05  2.73  2.78  3.23  2.90  3.00  2.74  2.46     2.82  2.43  3.06  2.91  2.88
 30   80     2.11  2.38  2.65  2.79  2.63  2.35  2.40  2.81  2.57  2.74  2.57  2.34     2.53  2.28  2.69  2.52  2.63
 30   90     1.93  2.14  2.33  2.37  2.21  1.99  2.02  2.37  2.23  2.43  2.34  2.15     2.21  2.08  2.30  2.13  2.34
 45   10     1.99  2.56  3.37  4.22  4.55  4.19  4.21  4.54  3.57  3.10  2.39  1.99     3.39  2.18  4.05  4.31  3.02
 45   20     2.11  2.66  3.43  4.21  4.48  4.09  4.12  4.50  3.60  3.22  2.56  2.15     3.43  2.31  4.04  4.24  3.12
 45   30     2.19  2.72  3.43  4.13  4.33  3.93  3.97  4.39  3.56  3.26  2.66  2.27     3.40  2.39  3.96  4.10  3.16
 45   40     2.22  2.72  3.37  3.98  4.11  3.71  3.75  4.20  3.46  3.24  2.71  2.34     3.32  2.43  3.82  3.89  3.14
 45   50     2.21  2.67  3.25  3.76  3.83  3.44  3.49  3.95  3.30  3.17  2.70  2.35     3.18  2.41  3.61  3.63  3.06
 45   60     2.15  2.56  3.06  3.48  3.50  3.13  3.18  3.63  3.08  3.02  2.64  2.32     2.98  2.34  3.35  3.32  2.91
 45   70     2.05  2.41  2.83  3.15  3.13  2.79  2.84  3.27  2.83  2.81  2.51  2.23     2.74  2.23  3.04  2.97  2.72
 45   80     1.91  2.22  2.55  2.79  2.75  2.45  2.49  2.89  2.52  2.57  2.33  2.09     2.47  2.08  2.70  2.61  2.48
 45   90     1.74  1.99  2.25  2.41  2.37  2.11  2.15  2.49  2.21  2.28  2.12  1.92     2.17  1.88  2.34  2.25  2.20
 60   10     1.94  2.51  3.32  4.19  4.54  4.18  4.21  4.52  3.53  3.04  2.33  1.93     3.35  2.13  4.02  4.30  2.97
 60   20     2.02  2.57  3.35  4.16  4.46  4.09  4.11  4.47  3.54  3.10  2.43  2.04     3.36  2.21  3.99  4.22  3.02
 60   30     2.05  2.59  3.32  4.05  4.31  3.93  3.96  4.34  3.47  3.11  2.49  2.10     3.31  2.25  3.90  4.08  3.02
 60   40     2.05  2.56  3.23  3.90  4.10  3.72  3.75  4.16  3.36  3.06  2.50  2.13     3.21  2.24  3.74  3.88  2.97
 60   50     2.01  2.49  3.09  3.67  3.83  3.46  3.50  3.91  3.19  2.95  2.45  2.11     3.06  2.20  3.53  3.62  2.86
 60   60     1.94  2.37  2.91  3.41  3.53  3.17  3.21  3.62  2.98  2.80  2.37  2.06     2.86  2.12  3.28  3.33  2.72
 60   70     1.82  2.22  2.68  3.10  3.19  2.86  2.89  3.29  2.72  2.60  2.24  1.96     2.63  2.00  2.99  3.01  2.52
 60   80     1.69  2.04  2.43  2.76  2.82  2.53  2.56  2.93  2.45  2.37  2.06  1.82     2.37  1.85  2.67  2.67  2.29
 60   90     1.52  1.82  2.15  2.43  2.47  2.20  2.23  2.57  2.16  2.11  1.87  1.66     2.10  1.67  2.35  2.34  2.05
 75   10     1.88  2.45  3.27  4.15  4.53  4.18  4.20  4.49  3.49  2.98  2.25  1.86     3.31  2.06  3.98  4.29  2.91
 75   20     1.90  2.46  3.25  4.09  4.44  4.08  4.10  4.42  3.45  2.97  2.29  1.90     3.28  2.09  3.92  4.20  2.90
 75   30     1.89  2.43  3.18  3.96  4.28  3.92  3.94  4.28  3.36  2.93  2.29  1.91     3.20  2.08  3.81  4.05  2.86
 75   40     1.86  2.37  3.07  3.78  4.07  3.71  3.74  4.09  3.22  2.84  2.25  1.90     3.08  2.04  3.64  3.85  2.77
 75   50     1.79  2.28  2.91  3.56  3.82  3.46  3.49  3.85  3.05  2.72  2.19  1.85     2.91  1.97  3.43  3.60  2.65
 75   60     1.70  2.15  2.73  3.29  3.51  3.18  3.21  3.56  2.83  2.55  2.08  1.77     2.71  1.88  3.18  3.32  2.49
 75   70     1.59  2.00  2.50  3.00  3.20  2.88  2.91  3.25  2.60  2.36  1.95  1.67     2.49  1.75  2.90  3.01  2.30
 75   80     1.46  1.83  2.27  2.70  2.86  2.57  2.60  2.92  2.34  2.13  1.79  1.54     2.25  1.61  2.61  2.70  2.09
 75   90     1.31  1.64  2.01  2.37  2.52  2.26  2.28  2.58  2.07  1.91  1.62  1.40     2.00  1.45  2.30  2.37  1.87
 90   10     1.82  2.39  3.21  4.11  4.51  4.17  4.19  4.46  3.44  2.90  2.17  1.78     3.27  2.00  3.95  4.28  2.84
 90   20     1.78  2.34  3.14  4.00  4.41  4.07  4.08  4.36  3.36  2.83  2.14  1.75     3.19  1.96  3.85  4.17  2.78
 90   30     1.73  2.27  3.02  3.85  4.23  3.90  3.91  4.20  3.24  2.73  2.08  1.72     3.07  1.91  3.70  4.01  2.68
 90   40     1.66  2.17  2.88  3.64  4.02  3.69  3.70  3.99  3.08  2.61  2.00  1.65     2.92  1.83  3.51  3.79  2.56
 90   50     1.57  2.06  2.71  3.40  3.76  3.44  3.46  3.74  2.88  2.45  1.90  1.58     2.75  1.74  3.29  3.55  2.41
 90   60     1.47  1.93  2.51  3.15  3.46  3.16  3.18  3.46  2.67  2.29  1.78  1.49     2.55  1.63  3.04  3.27  2.25
 90   70     1.36  1.78  2.31  2.86  3.15  2.87  2.88  3.16  2.44  2.10  1.66  1.39     2.33  1.51  2.77  2.97  2.06
 90   80     1.24  1.62  2.08  2.57  2.84  2.57  2.58  2.84  2.20  1.90  1.52  1.27     2.10  1.38  2.50  2.67  1.87
 90   90     1.12  1.46  1.86  2.28  2.52  2.27  2.29  2.53  1.96  1.70  1.36  1.16     1.88  1.25  2.22  2.37  1.67
105   10     1.76  2.33  3.15  4.07  4.50  4.17  4.18  4.43  3.40  2.83  2.09  1.71     3.22  1.93  3.91  4.26  2.77
105   20     1.66  2.22  3.03  3.92  4.37  4.05  4.06  4.30  3.27  2.69  1.98  1.61     3.10  1.83  3.77  4.14  2.65
105   30     1.56  2.10  2.86  3.72  4.18  3.88  3.88  4.10  3.11  2.53  1.86  1.51     2.94  1.73  3.59  3.96  2.50
105   40     1.46  1.97  2.68  3.48  3.94  3.65  3.66  3.86  2.91  2.36  1.74  1.42     2.76  1.62  3.37  3.72  2.34
105   50     1.36  1.84  2.49  3.22  3.66  3.40  3.40  3.59  2.70  2.19  1.61  1.33     2.56  1.51  3.13  3.46  2.17
105   60     1.25  1.70  2.29  2.95  3.37  3.11  3.12  3.31  2.47  2.01  1.50  1.23     2.36  1.39  2.87  3.18  1.99
105   70     1.15  1.56  2.08  2.68  3.05  2.82  2.82  3.01  2.25  1.83  1.37  1.14     2.15  1.28  2.61  2.88  1.82
105   80     1.04  1.41  1.89  2.40  2.74  2.52  2.52  2.71  2.03  1.65  1.26  1.04     1.93  1.16  2.34  2.58  1.65
105   90     0.94  1.28  1.68  2.13  2.44  2.24  2.24  2.41  1.80  1.48  1.13  0.94     1.73  1.05  2.09  2.30  1.47
120   10     1.70  2.27  3.10  4.03  4.48  4.16  4.17  4.40  3.35  2.76  2.01  1.63     3.17  1.87  3.87  4.25  2.71
120   20     1.55  2.11  2.92  3.84  4.33  4.04  4.04  4.23  3.18  2.55  1.83  1.47     3.01  1.71  3.69  4.10  2.52
120   30     1.41  1.94  2.70  3.59  4.11  3.85  3.85  3.99  2.97  2.33  1.65  1.33     2.81  1.56  3.47  3.90  2.32
120   40     1.28  1.77  2.48  3.31  3.84  3.61  3.60  3.71  2.74  2.12  1.50  1.20     2.60  1.42  3.21  3.64  2.12
120   50     1.17  1.62  2.26  3.02  3.54  3.33  3.31  3.41  2.50  1.91  1.36  1.09     2.38  1.29  2.94  3.35  1.93
120   60     1.06  1.48  2.05  2.73  3.22  3.03  3.02  3.11  2.27  1.73  1.24  1.00     2.16  1.18  2.67  3.05  1.75
120   70     0.98  1.35  1.86  2.46  2.90  2.73  2.72  2.81  2.04  1.57  1.12  0.92     1.96  1.08  2.41  2.75  1.58
120   80     0.89  1.23  1.68  2.20  2.60  2.43  2.42  2.52  1.84  1.41  1.03  0.84     1.76  0.99  2.16  2.46  1.43
120   90     0.81  1.12  1.50  1.96  2.30  2.16  2.14  2.25  1.64  1.27  0.93  0.77     1.57  0.90  1.92  2.18  1.28
135   10     1.65  2.21  3.05  3.99  4.47  4.16  4.16  4.37  3.32  2.69  1.94  1.57     3.13  1.81  3.84  4.23  2.65
135   20     1.45  2.00  2.81  3.76  4.30  4.03  4.02  4.17  3.10  2.43  1.69  1.35     2.93  1.60  3.62  4.07  2.41
135   30     1.26  1.78  2.55  3.47  4.05  3.83  3.81  3.90  2.85  2.15  1.46  1.15     2.69  1.40  3.36  3.84  2.15
135   40     1.12  1.59  2.28  3.14  3.74  3.56  3.54  3.57  2.57  1.89  1.27  1.00     2.44  1.24  3.05  3.56  1.91
135   50     1.01  1.42  2.04  2.81  3.39  3.25  3.22  3.22  2.30  1.67  1.13  0.90     2.20  1.11  2.74  3.23  1.70
135   60     0.92  1.29  1.82  2.50  3.04  2.93  2.89  2.87  2.05  1.48  1.02  0.83     1.97  1.01  2.45  2.90  1.52
135   70     0.85  1.18  1.64  2.22  2.71  2.61  2.58  2.56  1.84  1.34  0.94  0.77     1.77  0.93  2.19  2.58  1.37
135   80     0.79  1.08  1.47  1.97  2.41  2.31  2.29  2.28  1.65  1.21  0.87  0.71     1.59  0.86  1.95  2.29  1.24
135   90     0.73  0.99  1.34  1.75  2.14  2.04  2.02  2.04  1.48  1.10  0.79  0.66     1.42  0.80  1.74  2.04  1.12
150   10     1.61  2.17  3.01  3.97  4.46  4.16  4.16  4.35  3.29  2.65  1.89  1.52     3.10  1.77  3.81  4.22  2.61
150   20     1.37  1.92  2.74  3.71  4.27  4.02  4.01  4.12  3.04  2.33  1.58  1.25     2.86  1.51  3.57  4.05  2.32
150   30     1.14  1.65  2.43  3.38  4.00  3.81  3.79  3.81  2.74  1.99  1.30  1.00     2.59  1.27  3.27  3.81  2.01
150   40     0.98  1.42  2.10  3.00  3.66  3.54  3.50  3.44  2.42  1.68  1.07  0.85     2.31  1.09  2.92  3.49  1.72
150   50     0.90  1.25  1.82  2.60  3.26  3.20  3.15  3.03  2.10  1.43  0.95  0.78     2.04  0.98  2.56  3.12  1.49
150   60     0.85  1.14  1.60  2.24  2.85  2.82  2.77  2.63  1.83  1.27  0.88  0.74     1.80  0.91  2.23  2.74  1.33
150   70     0.80  1.06  1.44  1.96  2.48  2.46  2.41  2.29  1.63  1.16  0.83  0.70     1.60  0.86  1.96  2.39  1.21
150   80     0.75  0.99  1.31  1.74  2.17  2.16  2.12  2.03  1.47  1.06  0.78  0.66     1.44  0.80  1.74  2.10  1.11
150   90     0.69  0.92  1.21  1.57  1.93  1.91  1.87  1.82  1.33  0.99  0.73  0.62     1.30  0.75  1.57  1.86  1.01
165   10     1.58  2.15  2.99  3.96  4.45  4.16  4.16  4.34  3.27  2.62  1.86  1.48     3.08  1.74  3.80  4.22  2.58
165   20     1.31  1.86  2.69  3.67  4.26  4.02  4.00  4.10  3.00  2.26  1.51  1.17     2.82  1.45  3.54  4.04  2.26
165   30     1.05  1.56  2.34  3.32  3.98  3.81  3.78  3.77  2.67  1.88  1.17  0.90     2.52  1.17  3.21  3.79  1.91
165   40     0.93  1.28  1.97  2.91  3.63  3.53  3.48  3.38  2.31  1.50  0.93  0.81     2.22  1.00  2.84  3.46  1.58
165   50     0.89  1.13  1.63  2.45  3.21  3.19  3.13  2.92  1.94  1.23  0.90  0.78     1.95  0.93  2.43  3.08  1.35
165   60     0.85  1.08  1.42  2.00  2.75  2.80  2.73  2.41  1.64  1.13  0.86  0.74     1.70  0.89  2.06  2.65  1.21
165   70     0.80  1.02  1.30  1.72  2.25  2.37  2.29  2.01  1.46  1.07  0.81  0.70     1.48  0.84  1.76  2.22  1.11
165   80     0.75  0.96  1.22  1.54  1.94  2.00  1.95  1.77  1.34  1.00  0.77  0.66     1.33  0.79  1.57  1.91  1.04
165   90     0.69  0.90  1.13  1.41  1.74  1.77  1.73  1.61  1.24  0.94  0.72  0.62     1.21  0.74  1.43  1.70  0.97
180   10     1.57  2.14  2.98  3.95  4.45  4.15  4.16  4.34  3.26  2.61  1.84  1.47     3.08  1.73  3.79  4.21  2.57
180   20     1.29  1.84  2.67  3.67  4.25  4.02  4.00  4.09  2.98  2.24  1.48  1.15     2.81  1.42  3.53  4.04  2.23
180   30     1.02  1.52  2.31  3.32  3.97  3.81  3.78  3.76  2.65  1.83  1.12  0.86     2.50  1.13  3.20  3.78  1.87
180   40     0.93  1.21  1.91  2.90  3.62  3.52  3.48  3.36  2.28  1.41  0.93  0.81     2.20  0.98  2.81  3.46  1.54
180   50     0.89  1.13  1.50  2.44  3.20  3.19  3.13  2.90  1.87  1.17  0.90  0.78     1.92  0.93  2.38  3.07  1.31
180   60     0.85  1.08  1.34  1.95  2.73  2.80  2.72  2.40  1.48  1.12  0.86  0.74     1.67  0.89  2.00  2.64  1.15
180   70     0.80  1.02  1.27  1.58  2.22  2.37  2.28  1.87  1.38  1.06  0.81  0.70     1.45  0.84  1.69  2.17  1.09
180   80     0.75  0.96  1.20  1.45  1.83  1.94  1.87  1.66  1.29  1.00  0.77  0.66     1.28  0.79  1.49  1.82  1.02
180   90     0.69  0.90  1.12  1.36  1.65  1.71  1.66  1.52  1.20  0.94  0.72  0.62     1.17  0.74  1.38  1.63  0.95
             51.6  42.9  31.4  17.8   6.3   2.2   3.7  11.8  24.5  40.2  51.4  56.3     26.4  50.2  17.9   6.2  38.4
             2.53  2.95  3.60  4.30  4.57  4.21  4.23  4.56  3.70  3.54  3.06  2.72     3.67  2.73  4.11  4.33  3.39
             2.35  2.87  3.59  4.27  4.39  3.99  4.03  4.47  3.70  3.47  2.84  2.44     3.54  2.56  4.09  4.16  3.34
             1.08  1.03  1.00  1.01  1.04  1.06  1.05  1.02  1.00  1.02  1.08  1.11     1.04  1.07  1.02  1.04  1.03
             1.28  1.19  1.11  1.02  0.96  0.95  0.95  0.99  1.06  1.18  1.29  1.36     1.11  1.28  1.03  0.96  1.18
temperature   1.9   2.2   5.4  11.2  15.9  19.9  23.9  24.9  21.2  15.1   9.3   4.2     12.9   2.8  10.8  22.9  15.2
diffusedrad  1.15  1.48  1.87  2.24  2.52  2.63  2.57  2.39  2.04  1.60  1.22  1.03     1.90  1.22  2.21  2.53  1.62
snow10cm     0.03  0.04  0.01  0.00  0.00  0.00  0.00  0.00  0.00  0.00  0.00  0.02     0.01  0.03  0.00  0.00  0.00
