1 63051   豊岡            35 32.1  134 49.3    3
             1.64  2.23  3.01  4.27  4.71  4.43  4.34  4.63  3.27  2.67  1.82  1.48     3.21  1.78  4.00  4.46  2.59
             1.90  2.73  3.43  4.95  5.70  5.30  5.82  6.02  3.71  3.13  2.03  1.75     3.48  2.04  4.39  5.32  2.72
             1.41  1.84  2.60  3.71  4.11  3.67  3.16  3.53  2.73  2.33  1.47  1.28     2.92  1.63  3.62  3.64  2.35
  0   10     1.80  2.39  3.18  4.37  4.72  4.39  4.32  4.71  3.39  2.89  2.02  1.68     3.32  1.96  4.09  4.47  2.77
  0   20     1.94  2.52  3.29  4.41  4.65  4.28  4.23  4.68  3.46  3.05  2.18  1.84     3.38  2.10  4.12  4.40  2.90
  0   30     2.04  2.61  3.33  4.36  4.49  4.10  4.06  4.57  3.46  3.15  2.31  1.96     3.37  2.21  4.06  4.25  2.97
  0   40     2.11  2.66  3.31  4.21  4.23  3.84  3.82  4.36  3.38  3.18  2.38  2.04     3.29  2.27  3.92  4.01  2.98
  0   50     2.14  2.66  3.22  3.97  3.89  3.51  3.50  4.06  3.24  3.14  2.40  2.08     3.15  2.29  3.69  3.69  2.93
  0   60     2.13  2.61  3.07  3.65  3.48  3.14  3.14  3.68  3.04  3.04  2.36  2.08     2.95  2.27  3.40  3.32  2.81
  0   70     2.08  2.52  2.86  3.26  3.03  2.72  2.73  3.24  2.78  2.87  2.28  2.03     2.70  2.21  3.05  2.89  2.64
  0   80     1.99  2.40  2.60  2.82  2.53  2.27  2.29  2.75  2.47  2.63  2.15  1.94     2.40  2.11  2.65  2.43  2.42
  0   90     1.87  2.23  2.30  2.33  2.02  1.83  1.85  2.21  2.12  2.35  1.97  1.80     2.07  1.97  2.22  1.96  2.15
 15   10     1.79  2.39  3.17  4.36  4.72  4.39  4.32  4.70  3.39  2.88  2.01  1.67     3.32  1.95  4.09  4.47  2.76
 15   20     1.92  2.51  3.27  4.40  4.65  4.29  4.23  4.69  3.45  3.03  2.17  1.82     3.37  2.09  4.11  4.40  2.88
 15   30     2.02  2.60  3.31  4.34  4.49  4.10  4.06  4.57  3.44  3.12  2.29  1.94     3.36  2.19  4.04  4.24  2.95
 15   40     2.09  2.64  3.28  4.19  4.23  3.85  3.82  4.37  3.36  3.14  2.35  2.02     3.28  2.25  3.90  4.01  2.95
 15   50     2.11  2.63  3.19  3.96  3.90  3.53  3.52  4.07  3.22  3.10  2.37  2.06     3.14  2.27  3.69  3.71  2.90
 15   60     2.10  2.58  3.04  3.65  3.51  3.16  3.16  3.70  3.02  2.98  2.33  2.05     2.94  2.24  3.40  3.34  2.78
 15   70     2.04  2.49  2.83  3.27  3.06  2.75  2.76  3.27  2.76  2.81  2.25  1.99     2.69  2.18  3.05  2.93  2.60
 15   80     1.96  2.36  2.57  2.84  2.58  2.32  2.34  2.79  2.45  2.58  2.11  1.90     2.40  2.07  2.66  2.48  2.38
 15   90     1.84  2.19  2.27  2.37  2.09  1.90  1.91  2.29  2.11  2.29  1.93  1.77     2.08  1.93  2.24  2.03  2.11
 30   10     1.77  2.37  3.15  4.34  4.72  4.39  4.32  4.70  3.37  2.85  1.99  1.65     3.30  1.93  4.07  4.47  2.73
 30   20     1.89  2.48  3.24  4.36  4.65  4.29  4.23  4.67  3.42  2.98  2.13  1.78     3.34  2.05  4.08  4.40  2.84
 30   30     1.97  2.54  3.26  4.30  4.49  4.11  4.07  4.57  3.40  3.05  2.23  1.88     3.32  2.13  4.02  4.25  2.89
 30   40     2.02  2.57  3.22  4.15  4.25  3.87  3.84  4.37  3.32  3.05  2.27  1.95     3.24  2.18  3.87  4.02  2.88
 30   50     2.03  2.55  3.12  3.92  3.94  3.57  3.55  4.09  3.17  2.99  2.27  1.97     3.10  2.18  3.66  3.74  2.81
 30   60     2.01  2.50  2.96  3.63  3.58  3.22  3.21  3.75  2.97  2.87  2.22  1.95     2.90  2.15  3.39  3.39  2.69
 30   70     1.95  2.40  2.75  3.26  3.16  2.84  2.84  3.34  2.72  2.69  2.13  1.89     2.66  2.08  3.06  3.00  2.51
 30   80     1.86  2.26  2.49  2.87  2.71  2.44  2.44  2.90  2.42  2.46  1.99  1.78     2.38  1.97  2.69  2.59  2.29
 30   90     1.73  2.09  2.21  2.44  2.27  2.04  2.05  2.45  2.10  2.18  1.81  1.65     2.09  1.83  2.31  2.18  2.03
 45   10     1.75  2.34  3.12  4.32  4.72  4.39  4.32  4.68  3.34  2.81  1.95  1.62     3.28  1.90  4.05  4.46  2.70
 45   20     1.83  2.42  3.18  4.32  4.64  4.29  4.22  4.65  3.37  2.90  2.06  1.72     3.30  1.99  4.04  4.39  2.78
 45   30     1.89  2.46  3.18  4.24  4.49  4.12  4.07  4.54  3.34  2.94  2.12  1.79     3.27  2.05  3.97  4.24  2.80
 45   40     1.92  2.47  3.12  4.09  4.26  3.89  3.85  4.35  3.24  2.92  2.15  1.83     3.17  2.07  3.82  4.03  2.77
 45   50     1.91  2.43  3.01  3.86  3.98  3.60  3.57  4.08  3.09  2.84  2.13  1.83     3.03  2.06  3.61  3.75  2.69
 45   60     1.87  2.36  2.85  3.58  3.63  3.28  3.26  3.77  2.89  2.71  2.06  1.79     2.84  2.01  3.35  3.44  2.55
 45   70     1.80  2.26  2.64  3.24  3.25  2.92  2.91  3.39  2.65  2.52  1.96  1.72     2.61  1.93  3.04  3.07  2.38
 45   80     1.71  2.13  2.40  2.87  2.85  2.56  2.55  3.00  2.37  2.31  1.81  1.61     2.35  1.81  2.71  2.70  2.16
 45   90     1.59  1.97  2.13  2.48  2.44  2.19  2.19  2.58  2.07  2.04  1.64  1.48     2.07  1.68  2.35  2.32  1.92
 60   10     1.71  2.30  3.08  4.28  4.70  4.39  4.31  4.66  3.31  2.76  1.91  1.57     3.25  1.86  4.02  4.45  2.66
 60   20     1.76  2.35  3.10  4.25  4.62  4.28  4.22  4.61  3.31  2.81  1.97  1.64     3.24  1.92  3.99  4.37  2.69
 60   30     1.79  2.36  3.07  4.15  4.47  4.12  4.06  4.49  3.25  2.81  2.00  1.68     3.19  1.94  3.90  4.22  2.69
 60   40     1.79  2.34  2.99  3.99  4.26  3.90  3.85  4.30  3.14  2.75  1.99  1.68     3.08  1.94  3.75  4.02  2.63
 60   50     1.76  2.29  2.87  3.77  3.98  3.63  3.59  4.05  2.98  2.65  1.95  1.66     2.93  1.90  3.54  3.76  2.53
 60   60     1.71  2.20  2.70  3.49  3.66  3.32  3.29  3.74  2.79  2.52  1.87  1.61     2.74  1.84  3.29  3.45  2.39
 60   70     1.63  2.10  2.51  3.18  3.31  2.99  2.97  3.41  2.55  2.33  1.76  1.52     2.52  1.75  3.00  3.12  2.21
 60   80     1.54  1.97  2.28  2.83  2.93  2.65  2.63  3.04  2.29  2.13  1.62  1.42     2.28  1.64  2.68  2.77  2.01
 60   90     1.42  1.82  2.04  2.49  2.56  2.30  2.29  2.66  2.02  1.89  1.46  1.30     2.02  1.51  2.36  2.42  1.79
 75   10     1.67  2.26  3.04  4.24  4.69  4.38  4.30  4.63  3.27  2.70  1.85  1.52     3.21  1.82  3.99  4.44  2.61
 75   20     1.68  2.26  3.01  4.17  4.59  4.28  4.20  4.55  3.23  2.69  1.87  1.55     3.17  1.83  3.93  4.34  2.60
 75   30     1.67  2.24  2.95  4.05  4.43  4.11  4.04  4.42  3.15  2.65  1.86  1.54     3.09  1.82  3.81  4.19  2.55
 75   40     1.64  2.19  2.85  3.86  4.22  3.89  3.83  4.21  3.02  2.56  1.82  1.52     2.97  1.79  3.64  3.98  2.47
 75   50     1.60  2.12  2.71  3.64  3.96  3.63  3.58  3.98  2.85  2.45  1.75  1.47     2.81  1.73  3.43  3.73  2.35
 75   60     1.53  2.04  2.54  3.37  3.65  3.34  3.29  3.69  2.65  2.30  1.66  1.41     2.62  1.66  3.19  3.44  2.20
 75   70     1.45  1.93  2.34  3.07  3.32  3.02  2.98  3.36  2.43  2.13  1.55  1.33     2.41  1.57  2.91  3.12  2.03
 75   80     1.37  1.81  2.14  2.76  2.97  2.70  2.67  3.03  2.19  1.92  1.41  1.22     2.18  1.47  2.63  2.80  1.84
 75   90     1.26  1.68  1.91  2.43  2.62  2.37  2.35  2.67  1.94  1.72  1.27  1.12     1.94  1.35  2.32  2.46  1.64
 90   10     1.62  2.21  2.98  4.19  4.67  4.38  4.29  4.59  3.23  2.63  1.79  1.47     3.17  1.77  3.95  4.42  2.55
 90   20     1.59  2.17  2.92  4.08  4.56  4.26  4.18  4.49  3.15  2.57  1.76  1.45     3.10  1.74  3.85  4.31  2.49
 90   30     1.55  2.12  2.81  3.92  4.38  4.09  4.01  4.32  3.03  2.48  1.71  1.41     2.98  1.69  3.70  4.14  2.40
 90   40     1.50  2.04  2.68  3.71  4.15  3.87  3.79  4.11  2.88  2.36  1.63  1.36     2.84  1.63  3.52  3.92  2.29
 90   50     1.43  1.95  2.53  3.46  3.89  3.61  3.54  3.85  2.69  2.22  1.55  1.29     2.67  1.56  3.29  3.67  2.16
 90   60     1.37  1.86  2.35  3.21  3.59  3.32  3.26  3.57  2.50  2.07  1.45  1.22     2.48  1.48  3.05  3.38  2.00
 90   70     1.28  1.75  2.17  2.92  3.26  3.01  2.96  3.26  2.28  1.90  1.34  1.13     2.27  1.39  2.79  3.08  1.84
 90   80     1.21  1.65  1.97  2.62  2.94  2.69  2.65  2.93  2.05  1.72  1.22  1.04     2.06  1.30  2.51  2.76  1.66
 90   90     1.12  1.54  1.78  2.33  2.61  2.39  2.35  2.62  1.83  1.53  1.09  0.95     1.84  1.20  2.24  2.45  1.49
105   10     1.58  2.16  2.93  4.14  4.65  4.37  4.28  4.56  3.18  2.57  1.74  1.42     3.13  1.72  3.91  4.40  2.50
105   20     1.51  2.08  2.82  3.99  4.51  4.25  4.16  4.42  3.06  2.45  1.65  1.35     3.02  1.65  3.77  4.27  2.39
105   30     1.43  1.98  2.67  3.78  4.31  4.06  3.97  4.21  2.91  2.31  1.55  1.27     2.87  1.56  3.59  4.08  2.26
105   40     1.35  1.89  2.51  3.54  4.06  3.82  3.74  3.96  2.73  2.15  1.46  1.19     2.70  1.48  3.37  3.84  2.11
105   50     1.28  1.79  2.34  3.27  3.78  3.55  3.47  3.68  2.53  1.99  1.35  1.12     2.51  1.40  3.13  3.57  1.96
105   60     1.21  1.68  2.16  2.99  3.47  3.26  3.18  3.39  2.32  1.83  1.25  1.03     2.31  1.31  2.88  3.28  1.80
105   70     1.14  1.59  1.98  2.72  3.15  2.95  2.89  3.09  2.11  1.66  1.14  0.96     2.12  1.23  2.62  2.98  1.64
105   80     1.07  1.49  1.80  2.44  2.83  2.64  2.58  2.79  1.90  1.51  1.04  0.88     1.91  1.15  2.36  2.67  1.48
105   90     1.00  1.41  1.63  2.16  2.52  2.34  2.29  2.48  1.69  1.34  0.93  0.80     1.72  1.07  2.10  2.37  1.32
120   10     1.53  2.12  2.89  4.10  4.63  4.36  4.27  4.52  3.14  2.51  1.68  1.37     3.09  1.67  3.87  4.38  2.44
120   20     1.42  1.99  2.72  3.90  4.47  4.23  4.13  4.34  2.98  2.33  1.54  1.25     2.94  1.56  3.70  4.23  2.29
120   30     1.32  1.86  2.53  3.64  4.24  4.03  3.93  4.09  2.79  2.14  1.41  1.14     2.76  1.44  3.47  4.01  2.11
120   40     1.23  1.74  2.34  3.35  3.95  3.77  3.67  3.80  2.57  1.95  1.28  1.05     2.56  1.34  3.21  3.74  1.93
120   50     1.15  1.63  2.14  3.05  3.63  3.47  3.38  3.48  2.35  1.76  1.17  0.96     2.35  1.25  2.94  3.44  1.76
120   60     1.08  1.53  1.95  2.75  3.31  3.16  3.07  3.16  2.13  1.59  1.07  0.89     2.14  1.16  2.67  3.13  1.60
120   70     1.02  1.44  1.78  2.47  2.98  2.85  2.77  2.86  1.92  1.45  0.97  0.82     1.95  1.10  2.41  2.82  1.45
120   80     0.96  1.36  1.62  2.21  2.67  2.54  2.47  2.57  1.72  1.30  0.89  0.75     1.76  1.03  2.17  2.53  1.30
120   90     0.91  1.30  1.47  1.97  2.37  2.24  2.19  2.30  1.54  1.17  0.80  0.70     1.58  0.97  1.94  2.24  1.17
135   10     1.50  2.08  2.84  4.06  4.61  4.36  4.26  4.49  3.11  2.46  1.64  1.33     3.06  1.64  3.84  4.37  2.40
135   20     1.35  1.92  2.64  3.81  4.43  4.21  4.11  4.27  2.91  2.22  1.45  1.17     2.87  1.48  3.63  4.20  2.19
135   30     1.22  1.75  2.40  3.50  4.16  4.00  3.88  3.98  2.67  1.98  1.28  1.03     2.65  1.33  3.36  3.95  1.98
135   40     1.11  1.60  2.17  3.16  3.83  3.71  3.60  3.63  2.41  1.75  1.13  0.92     2.42  1.21  3.05  3.65  1.76
135   50     1.04  1.49  1.95  2.81  3.46  3.38  3.27  3.26  2.16  1.55  1.01  0.84     2.19  1.12  2.74  3.30  1.57
135   60     0.98  1.40  1.76  2.49  3.10  3.03  2.93  2.90  1.93  1.39  0.92  0.78     1.97  1.05  2.45  2.95  1.41
135   70     0.94  1.33  1.60  2.21  2.76  2.70  2.61  2.59  1.73  1.25  0.85  0.73     1.77  1.00  2.19  2.63  1.28
135   80     0.90  1.26  1.46  1.97  2.45  2.39  2.31  2.31  1.56  1.13  0.78  0.68     1.60  0.95  1.96  2.34  1.16
135   90     0.86  1.22  1.33  1.75  2.18  2.12  2.05  2.06  1.40  1.03  0.71  0.63     1.44  0.90  1.75  2.07  1.05
150   10     1.47  2.05  2.81  4.03  4.60  4.36  4.26  4.47  3.08  2.42  1.60  1.29     3.04  1.60  3.82  4.36  2.37
150   20     1.29  1.85  2.57  3.75  4.40  4.21  4.10  4.22  2.85  2.14  1.37  1.10     2.82  1.42  3.57  4.17  2.12
150   30     1.14  1.66  2.29  3.40  4.11  3.98  3.86  3.88  2.57  1.84  1.16  0.93     2.57  1.24  3.27  3.91  1.86
150   40     1.02  1.48  2.01  3.00  3.74  3.68  3.55  3.48  2.27  1.57  0.99  0.82     2.30  1.11  2.92  3.57  1.61
150   50     0.97  1.37  1.76  2.59  3.31  3.31  3.18  3.04  1.98  1.35  0.90  0.77     2.04  1.04  2.56  3.18  1.41
150   60     0.94  1.30  1.57  2.22  2.88  2.90  2.79  2.62  1.74  1.21  0.83  0.73     1.81  0.99  2.22  2.77  1.26
150   70     0.91  1.25  1.44  1.93  2.49  2.52  2.42  2.28  1.55  1.10  0.78  0.69     1.62  0.95  1.95  2.41  1.15
150   80     0.88  1.21  1.32  1.71  2.19  2.21  2.12  2.02  1.40  1.02  0.73  0.65     1.46  0.92  1.74  2.12  1.05
150   90     0.85  1.18  1.23  1.54  1.95  1.95  1.87  1.81  1.27  0.94  0.67  0.61     1.32  0.88  1.57  1.88  0.96
165   10     1.45  2.03  2.79  4.02  4.59  4.35  4.25  4.46  3.06  2.39  1.57  1.27     3.02  1.58  3.80  4.36  2.34
165   20     1.25  1.81  2.52  3.71  4.39  4.20  4.09  4.19  2.81  2.08  1.32  1.05     2.79  1.37  3.54  4.16  2.07
165   30     1.07  1.59  2.22  3.34  4.09  3.97  3.85  3.84  2.51  1.75  1.07  0.86     2.51  1.17  3.22  3.89  1.78
165   40     0.99  1.39  1.90  2.90  3.71  3.67  3.54  3.41  2.18  1.42  0.90  0.80     2.23  1.06  2.84  3.54  1.50
165   50     0.97  1.29  1.60  2.42  3.26  3.30  3.17  2.92  1.83  1.19  0.87  0.77     1.97  1.01  2.43  3.13  1.30
165   60     0.94  1.27  1.42  1.95  2.76  2.88  2.74  2.38  1.56  1.10  0.82  0.73     1.71  0.98  2.04  2.67  1.16
165   70     0.91  1.23  1.32  1.67  2.23  2.41  2.27  1.97  1.40  1.04  0.77  0.69     1.49  0.95  1.74  2.22  1.07
165   80     0.88  1.20  1.25  1.50  1.93  2.02  1.93  1.74  1.29  0.97  0.72  0.65     1.34  0.91  1.56  1.90  0.99
165   90     0.85  1.17  1.17  1.37  1.73  1.79  1.71  1.58  1.19  0.91  0.67  0.61     1.23  0.88  1.42  1.69  0.92
180   10     1.44  2.02  2.79  4.01  4.59  4.35  4.25  4.45  3.06  2.38  1.56  1.26     3.02  1.58  3.80  4.35  2.34
180   20     1.24  1.80  2.51  3.70  4.38  4.20  4.09  4.18  2.80  2.06  1.30  1.03     2.78  1.36  3.53  4.16  2.06
180   30     1.05  1.56  2.19  3.32  4.08  3.97  3.85  3.83  2.50  1.71  1.04  0.83     2.50  1.15  3.20  3.88  1.75
180   40     0.99  1.34  1.85  2.88  3.70  3.67  3.54  3.40  2.15  1.34  0.90  0.80     2.21  1.04  2.81  3.54  1.47
180   50     0.97  1.29  1.48  2.39  3.25  3.30  3.16  2.91  1.77  1.15  0.87  0.77     1.94  1.01  2.37  3.12  1.26
180   60     0.94  1.27  1.37  1.86  2.74  2.87  2.74  2.37  1.42  1.09  0.82  0.73     1.69  0.98  1.99  2.66  1.11
180   70     0.91  1.23  1.30  1.50  2.20  2.41  2.27  1.82  1.33  1.03  0.77  0.69     1.46  0.95  1.67  2.17  1.05
180   80     0.88  1.20  1.23  1.39  1.81  1.96  1.85  1.62  1.24  0.97  0.72  0.65     1.29  0.91  1.48  1.81  0.98
180   90     0.85  1.17  1.16  1.30  1.64  1.72  1.65  1.49  1.16  0.91  0.67  0.61     1.19  0.88  1.37  1.62  0.91
             52.5  45.1  31.5  19.2   6.7   2.2   3.9  12.5  24.6  39.5  48.8  53.9     23.8  50.4  18.2   6.5  36.6
             2.14  2.66  3.33  4.41  4.73  4.42  4.34  4.71  3.47  3.18  2.40  2.09     3.49  2.29  4.12  4.48  2.98
             1.98  2.56  3.31  4.40  4.60  4.22  4.18  4.65  3.46  3.10  2.24  1.89     3.38  2.14  4.10  4.35  2.93
             1.08  1.04  1.01  1.00  1.03  1.05  1.04  1.01  1.00  1.03  1.07  1.11     1.04  1.08  1.01  1.03  1.03
             1.21  1.15  1.10  1.03  0.98  0.95  0.96  1.00  1.06  1.16  1.23  1.28     1.09  1.21  1.04  0.97  1.15
temperature   3.0   3.3   6.7  12.6  17.4  21.5  25.5  26.7  22.2  16.0  10.7   5.7     14.3   4.0  12.2  24.6  16.3
diffusedrad  1.15  1.53  1.83  2.18  2.43  2.59  2.50  2.29  1.95  1.53  1.12  0.96     1.84  1.21  2.15  2.46  1.53
snow10cm     0.41  0.47  0.10  0.00  0.00  0.00  0.00  0.00  0.00  0.00  0.00  0.10     0.09  0.33  0.03  0.00  0.00
