2 63461   三木            34 46.6  135  0.8  145
             2.23  2.77  3.44  4.57  4.87  4.53  4.76  5.00  3.78  3.16  2.46  2.12     3.64  2.37  4.29  4.76  3.13
             2.47  3.27  3.87  5.45  5.83  5.34  6.19  6.18  4.30  3.77  2.87  2.39     4.04  2.63  4.81  5.81  3.36
             1.82  2.15  2.88  3.83  3.81  3.66  3.81  4.07  3.08  2.65  2.03  1.84     3.27  2.15  3.77  4.07  2.76
  0   10     2.62  3.09  3.66  4.67  4.88  4.49  4.74  5.08  3.94  3.46  2.84  2.55     3.83  2.75  4.40  4.77  3.41
  0   20     2.96  3.35  3.81  4.71  4.79  4.37  4.62  5.05  4.04  3.70  3.16  2.92     3.96  3.08  4.44  4.68  3.63
  0   30     3.22  3.54  3.88  4.65  4.62  4.18  4.43  4.92  4.05  3.86  3.42  3.22     4.00  3.33  4.38  4.51  3.77
  0   40     3.41  3.64  3.86  4.49  4.35  3.90  4.15  4.69  3.97  3.92  3.59  3.44     3.95  3.50  4.23  4.25  3.83
  0   50     3.51  3.65  3.76  4.23  3.99  3.56  3.78  4.35  3.81  3.89  3.67  3.58     3.81  3.58  3.99  3.90  3.79
  0   60     3.52  3.59  3.58  3.88  3.56  3.17  3.37  3.92  3.56  3.78  3.66  3.62     3.60  3.58  3.67  3.49  3.67
  0   70     3.45  3.43  3.31  3.45  3.08  2.74  2.90  3.43  3.25  3.57  3.56  3.57     3.31  3.49  3.28  3.02  3.46
  0   80     3.30  3.20  2.98  2.96  2.56  2.28  2.40  2.89  2.87  3.28  3.37  3.43     2.96  3.31  2.84  2.52  3.17
  0   90     3.06  2.90  2.60  2.43  2.03  1.82  1.90  2.30  2.43  2.93  3.11  3.21     2.56  3.05  2.35  2.01  2.82
 15   10     2.60  3.08  3.65  4.67  4.88  4.49  4.74  5.08  3.94  3.45  2.83  2.54     3.83  2.74  4.40  4.77  3.40
 15   20     2.92  3.33  3.79  4.70  4.80  4.38  4.63  5.05  4.03  3.67  3.14  2.89     3.94  3.05  4.43  4.69  3.61
 15   30     3.17  3.51  3.85  4.63  4.62  4.18  4.43  4.92  4.03  3.81  3.39  3.18     3.98  3.29  4.37  4.51  3.74
 15   40     3.35  3.61  3.83  4.47  4.35  3.91  4.16  4.69  3.95  3.86  3.55  3.39     3.93  3.45  4.22  4.25  3.79
 15   50     3.44  3.62  3.72  4.22  4.01  3.58  3.80  4.37  3.79  3.82  3.62  3.52     3.79  3.52  3.98  3.92  3.74
 15   60     3.44  3.54  3.53  3.88  3.59  3.19  3.39  3.95  3.54  3.70  3.61  3.55     3.58  3.51  3.67  3.51  3.62
 15   70     3.36  3.39  3.27  3.46  3.13  2.77  2.94  3.48  3.23  3.48  3.50  3.50     3.29  3.42  3.29  3.06  3.41
 15   80     3.20  3.15  2.94  3.00  2.62  2.33  2.46  2.94  2.86  3.20  3.31  3.36     2.95  3.24  2.85  2.58  3.12
 15   90     2.96  2.85  2.56  2.48  2.11  1.89  1.99  2.39  2.44  2.84  3.04  3.13     2.56  2.98  2.38  2.09  2.77
 30   10     2.56  3.05  3.62  4.64  4.88  4.49  4.74  5.07  3.92  3.41  2.79  2.49     3.80  2.70  4.38  4.76  3.37
 30   20     2.84  3.27  3.74  4.66  4.80  4.38  4.63  5.04  3.99  3.60  3.07  2.81     3.90  2.97  4.40  4.68  3.55
 30   30     3.05  3.42  3.79  4.60  4.63  4.19  4.45  4.92  3.98  3.71  3.28  3.06     3.92  3.17  4.34  4.52  3.66
 30   40     3.18  3.49  3.74  4.43  4.38  3.94  4.18  4.70  3.89  3.74  3.40  3.23     3.86  3.30  4.18  4.27  3.68
 30   50     3.24  3.48  3.63  4.18  4.05  3.63  3.85  4.40  3.72  3.68  3.45  3.33     3.72  3.35  3.96  3.96  3.62
 30   60     3.22  3.39  3.44  3.86  3.67  3.26  3.46  4.02  3.49  3.54  3.42  3.34     3.51  3.32  3.66  3.58  3.48
 30   70     3.13  3.23  3.18  3.46  3.23  2.87  3.05  3.57  3.19  3.32  3.30  3.27     3.23  3.21  3.29  3.16  3.27
 30   80     2.95  2.99  2.86  3.04  2.77  2.46  2.61  3.09  2.83  3.04  3.10  3.11     2.90  3.02  2.89  2.72  2.99
 30   90     2.71  2.69  2.50  2.57  2.31  2.06  2.17  2.59  2.44  2.69  2.82  2.88     2.54  2.76  2.46  2.27  2.65
 45   10     2.49  3.00  3.58  4.61  4.87  4.49  4.73  5.05  3.88  3.35  2.72  2.42     3.77  2.64  4.36  4.76  3.32
 45   20     2.71  3.17  3.67  4.62  4.79  4.38  4.63  5.02  3.93  3.50  2.94  2.67     3.83  2.85  4.36  4.67  3.46
 45   30     2.86  3.28  3.68  4.53  4.63  4.21  4.45  4.89  3.90  3.56  3.09  2.86     3.83  3.00  4.28  4.52  3.52
 45   40     2.95  3.31  3.62  4.37  4.39  3.96  4.21  4.69  3.80  3.56  3.18  2.99     3.75  3.08  4.13  4.29  3.51
 45   50     2.97  3.27  3.49  4.12  4.09  3.67  3.89  4.40  3.63  3.48  3.19  3.04     3.61  3.09  3.90  3.99  3.43
 45   60     2.92  3.17  3.30  3.81  3.74  3.34  3.54  4.05  3.39  3.33  3.13  3.02     3.40  3.04  3.62  3.65  3.28
 45   70     2.81  3.00  3.05  3.45  3.33  2.96  3.15  3.64  3.11  3.11  2.99  2.92     3.13  2.91  3.28  3.25  3.07
 45   80     2.63  2.77  2.75  3.06  2.92  2.59  2.75  3.21  2.78  2.84  2.79  2.75     2.82  2.72  2.91  2.85  2.80
 45   90     2.40  2.49  2.42  2.63  2.50  2.22  2.35  2.76  2.43  2.52  2.54  2.54     2.48  2.48  2.52  2.44  2.50
 60   10     2.41  2.92  3.53  4.57  4.86  4.49  4.73  5.03  3.84  3.28  2.64  2.33     3.72  2.55  4.32  4.75  3.25
 60   20     2.55  3.04  3.56  4.55  4.78  4.38  4.62  4.98  3.85  3.36  2.78  2.50     3.75  2.70  4.29  4.66  3.33
 60   30     2.63  3.09  3.55  4.43  4.62  4.21  4.45  4.84  3.79  3.38  2.87  2.62     3.71  2.78  4.20  4.50  3.35
 60   40     2.67  3.08  3.46  4.26  4.39  3.98  4.21  4.65  3.67  3.34  2.90  2.68     3.61  2.81  4.04  4.28  3.30
 60   50     2.65  3.02  3.32  4.03  4.10  3.70  3.93  4.38  3.50  3.22  2.87  2.69     3.45  2.79  3.82  4.00  3.20
 60   60     2.57  2.90  3.12  3.73  3.77  3.38  3.59  4.04  3.27  3.07  2.79  2.64     3.24  2.70  3.54  3.67  3.04
 60   70     2.44  2.73  2.89  3.40  3.41  3.05  3.24  3.68  3.00  2.85  2.65  2.53     2.99  2.57  3.23  3.32  2.83
 60   80     2.28  2.52  2.61  3.02  3.02  2.69  2.86  3.27  2.70  2.60  2.45  2.37     2.70  2.39  2.88  2.94  2.58
 60   90     2.06  2.26  2.31  2.65  2.63  2.34  2.48  2.87  2.38  2.31  2.23  2.17     2.39  2.16  2.53  2.56  2.31
 75   10     2.31  2.84  3.47  4.53  4.85  4.48  4.72  4.99  3.79  3.20  2.54  2.23     3.66  2.46  4.28  4.73  3.17
 75   20     2.36  2.88  3.45  4.46  4.75  4.37  4.61  4.92  3.75  3.20  2.60  2.30     3.64  2.52  4.22  4.63  3.18
 75   30     2.38  2.87  3.38  4.32  4.58  4.20  4.43  4.78  3.66  3.17  2.61  2.34     3.56  2.53  4.10  4.47  3.15
 75   40     2.35  2.82  3.27  4.12  4.36  3.98  4.20  4.56  3.51  3.07  2.59  2.35     3.43  2.51  3.92  4.25  3.06
 75   50     2.29  2.73  3.11  3.89  4.09  3.71  3.92  4.30  3.33  2.95  2.52  2.30     3.26  2.44  3.69  3.98  2.93
 75   60     2.20  2.60  2.92  3.60  3.77  3.41  3.61  3.99  3.10  2.77  2.41  2.23     3.05  2.34  3.43  3.67  2.76
 75   70     2.06  2.42  2.67  3.28  3.42  3.08  3.26  3.64  2.85  2.57  2.27  2.11     2.80  2.20  3.13  3.33  2.56
 75   80     1.91  2.23  2.43  2.95  3.07  2.75  2.92  3.28  2.57  2.33  2.09  1.96     2.54  2.03  2.82  2.98  2.33
 75   90     1.72  2.00  2.15  2.59  2.70  2.42  2.56  2.90  2.27  2.09  1.90  1.79     2.26  1.84  2.48  2.63  2.09
 90   10     2.21  2.75  3.40  4.48  4.83  4.48  4.71  4.96  3.73  3.11  2.43  2.11     3.60  2.36  4.24  4.71  3.09
 90   20     2.17  2.71  3.33  4.36  4.71  4.36  4.59  4.85  3.64  3.04  2.40  2.09     3.52  2.32  4.13  4.60  3.02
 90   30     2.11  2.64  3.20  4.19  4.53  4.18  4.40  4.67  3.51  2.93  2.34  2.05     3.40  2.27  3.97  4.42  2.92
 90   40     2.03  2.54  3.05  3.96  4.30  3.96  4.16  4.44  3.34  2.80  2.25  1.99     3.23  2.19  3.77  4.19  2.80
 90   50     1.93  2.41  2.88  3.70  4.02  3.69  3.88  4.17  3.13  2.63  2.15  1.91     3.04  2.09  3.53  3.91  2.64
 90   60     1.82  2.27  2.66  3.42  3.71  3.40  3.58  3.87  2.90  2.46  2.02  1.81     2.83  1.97  3.27  3.61  2.46
 90   70     1.69  2.10  2.45  3.12  3.37  3.07  3.24  3.53  2.65  2.26  1.89  1.71     2.59  1.83  2.98  3.28  2.27
 90   80     1.55  1.93  2.21  2.79  3.04  2.76  2.90  3.18  2.39  2.05  1.73  1.56     2.34  1.68  2.68  2.95  2.06
 90   90     1.40  1.74  1.98  2.49  2.70  2.44  2.58  2.84  2.13  1.83  1.57  1.43     2.09  1.52  2.39  2.62  1.84
105   10     2.10  2.66  3.33  4.42  4.81  4.47  4.70  4.92  3.67  3.02  2.32  2.00     3.54  2.25  4.19  4.70  3.00
105   20     1.97  2.53  3.19  4.26  4.67  4.35  4.56  4.77  3.53  2.87  2.19  1.88     3.40  2.13  4.04  4.56  2.86
105   30     1.84  2.39  3.02  4.04  4.46  4.16  4.36  4.55  3.35  2.69  2.06  1.75     3.22  1.99  3.84  4.36  2.70
105   40     1.70  2.24  2.82  3.77  4.21  3.92  4.10  4.29  3.14  2.50  1.92  1.64     3.02  1.86  3.60  4.10  2.52
105   50     1.59  2.09  2.62  3.49  3.91  3.64  3.81  3.98  2.91  2.32  1.78  1.54     2.81  1.74  3.34  3.81  2.34
105   60     1.46  1.93  2.41  3.19  3.60  3.34  3.49  3.67  2.66  2.13  1.66  1.42     2.58  1.60  3.06  3.50  2.15
105   70     1.35  1.78  2.19  2.90  3.27  3.02  3.17  3.35  2.43  1.93  1.52  1.32     2.35  1.48  2.78  3.18  1.96
105   80     1.22  1.61  1.98  2.60  2.93  2.70  2.83  3.02  2.19  1.75  1.39  1.21     2.12  1.35  2.50  2.85  1.78
105   90     1.11  1.47  1.77  2.30  2.61  2.40  2.51  2.69  1.94  1.56  1.25  1.11     1.89  1.23  2.23  2.53  1.59
120   10     2.00  2.57  3.27  4.38  4.79  4.47  4.69  4.88  3.62  2.94  2.22  1.89     3.48  2.15  4.15  4.68  2.92
120   20     1.78  2.36  3.06  4.16  4.63  4.34  4.54  4.68  3.42  2.70  1.99  1.67     3.28  1.94  3.95  4.52  2.70
120   30     1.58  2.14  2.83  3.88  4.39  4.13  4.31  4.41  3.18  2.45  1.78  1.48     3.05  1.73  3.70  4.28  2.47
120   40     1.41  1.94  2.58  3.56  4.09  3.86  4.02  4.10  2.92  2.21  1.59  1.31     2.80  1.55  3.41  3.99  2.24
120   50     1.27  1.76  2.34  3.24  3.77  3.56  3.70  3.75  2.66  1.99  1.44  1.19     2.56  1.41  3.12  3.67  2.03
120   60     1.14  1.61  2.12  2.92  3.43  3.24  3.36  3.42  2.41  1.79  1.31  1.08     2.32  1.28  2.82  3.34  1.84
120   70     1.05  1.47  1.92  2.62  3.09  2.92  3.03  3.09  2.17  1.62  1.19  1.00     2.10  1.17  2.54  3.01  1.66
120   80     0.95  1.33  1.73  2.34  2.77  2.60  2.70  2.78  1.95  1.46  1.09  0.91     1.88  1.06  2.28  2.69  1.50
120   90     0.87  1.22  1.54  2.09  2.45  2.30  2.39  2.48  1.75  1.31  0.99  0.84     1.69  0.98  2.03  2.39  1.35
135   10     1.92  2.49  3.21  4.34  4.78  4.46  4.68  4.85  3.57  2.86  2.13  1.79     3.42  2.07  4.11  4.66  2.86
135   20     1.61  2.20  2.94  4.06  4.59  4.32  4.52  4.61  3.32  2.55  1.81  1.48     3.17  1.77  3.87  4.48  2.56
135   30     1.34  1.92  2.65  3.72  4.31  4.10  4.26  4.29  3.03  2.23  1.53  1.22     2.88  1.49  3.56  4.22  2.26
135   40     1.13  1.67  2.35  3.35  3.97  3.81  3.94  3.91  2.71  1.93  1.30  1.02     2.59  1.27  3.22  3.89  1.98
135   50     0.99  1.47  2.08  2.97  3.59  3.47  3.57  3.51  2.41  1.69  1.13  0.90     2.31  1.12  2.88  3.52  1.74
135   60     0.90  1.32  1.85  2.63  3.21  3.11  3.20  3.12  2.14  1.49  1.02  0.81     2.06  1.01  2.56  3.14  1.55
135   70     0.82  1.20  1.65  2.32  2.86  2.76  2.84  2.77  1.91  1.34  0.93  0.76     1.85  0.93  2.28  2.79  1.39
135   80     0.77  1.09  1.49  2.06  2.54  2.45  2.51  2.46  1.71  1.21  0.86  0.71     1.66  0.86  2.03  2.48  1.26
135   90     0.71  1.01  1.35  1.83  2.25  2.16  2.22  2.20  1.53  1.10  0.80  0.66     1.49  0.80  1.81  2.20  1.15
150   10     1.85  2.43  3.17  4.31  4.76  4.46  4.68  4.82  3.54  2.81  2.06  1.72     3.38  2.00  4.08  4.65  2.80
150   20     1.47  2.07  2.85  4.00  4.56  4.32  4.50  4.55  3.24  2.42  1.67  1.33     3.08  1.62  3.80  4.46  2.44
150   30     1.14  1.71  2.49  3.61  4.26  4.08  4.24  4.18  2.89  2.03  1.31  0.99     2.75  1.28  3.46  4.17  2.08
150   40     0.91  1.41  2.13  3.17  3.88  3.77  3.89  3.74  2.52  1.68  1.03  0.78     2.41  1.03  3.06  3.80  1.74
150   50     0.80  1.20  1.82  2.72  3.44  3.40  3.47  3.26  2.16  1.40  0.89  0.70     2.11  0.90  2.66  3.38  1.48
150   60     0.76  1.08  1.58  2.32  2.98  2.98  3.02  2.80  1.87  1.22  0.82  0.67     1.84  0.84  2.29  2.93  1.30
150   70     0.72  1.00  1.42  2.00  2.58  2.58  2.61  2.42  1.65  1.11  0.77  0.65     1.63  0.79  2.00  2.54  1.18
150   80     0.68  0.93  1.29  1.77  2.26  2.26  2.28  2.14  1.49  1.03  0.74  0.62     1.46  0.75  1.77  2.22  1.08
150   90     0.65  0.88  1.18  1.59  2.00  1.99  2.00  1.91  1.35  0.96  0.70  0.59     1.32  0.70  1.59  1.97  1.00
165   10     1.80  2.39  3.14  4.29  4.76  4.46  4.67  4.81  3.51  2.77  2.01  1.67     3.36  1.95  4.06  4.65  2.77
165   20     1.37  1.98  2.79  3.96  4.55  4.31  4.50  4.52  3.19  2.35  1.56  1.22     3.02  1.52  3.76  4.44  2.37
165   30     0.98  1.56  2.39  3.55  4.24  4.08  4.23  4.13  2.81  1.90  1.13  0.83     2.65  1.13  3.39  4.15  1.95
165   40     0.80  1.19  1.97  3.07  3.85  3.77  3.88  3.66  2.39  1.46  0.84  0.71     2.30  0.90  2.96  3.77  1.56
165   50     0.78  1.00  1.58  2.54  3.39  3.39  3.46  3.12  1.95  1.16  0.81  0.69     1.99  0.83  2.50  3.32  1.31
165   60     0.75  0.96  1.35  2.02  2.87  2.96  2.97  2.52  1.61  1.05  0.79  0.67     1.71  0.80  2.08  2.82  1.15
165   70     0.72  0.92  1.24  1.70  2.31  2.48  2.44  2.05  1.43  1.00  0.75  0.64     1.47  0.76  1.75  2.32  1.06
165   80     0.68  0.88  1.16  1.52  1.98  2.06  2.05  1.80  1.31  0.95  0.72  0.62     1.31  0.73  1.55  1.97  1.00
165   90     0.65  0.83  1.09  1.39  1.77  1.81  1.80  1.64  1.22  0.90  0.69  0.59     1.20  0.69  1.42  1.75  0.94
180   10     1.78  2.37  3.13  4.28  4.75  4.46  4.67  4.81  3.50  2.76  2.00  1.64     3.35  1.93  4.05  4.65  2.75
180   20     1.34  1.95  2.77  3.94  4.54  4.31  4.50  4.51  3.17  2.32  1.53  1.18     3.00  1.49  3.75  4.44  2.34
180   30     0.93  1.50  2.35  3.53  4.23  4.08  4.23  4.12  2.79  1.84  1.07  0.78     2.62  1.07  3.37  4.14  1.90
180   40     0.80  1.09  1.90  3.04  3.84  3.77  3.88  3.65  2.35  1.35  0.84  0.71     2.27  0.87  2.93  3.76  1.51
180   50     0.78  1.00  1.43  2.50  3.37  3.39  3.46  3.11  1.87  1.08  0.81  0.69     1.96  0.83  2.43  3.32  1.25
180   60     0.75  0.96  1.26  1.93  2.85  2.95  2.97  2.51  1.41  1.04  0.79  0.67     1.67  0.80  2.01  2.81  1.08
180   70     0.72  0.92  1.20  1.50  2.28  2.47  2.44  1.88  1.32  1.00  0.75  0.64     1.43  0.76  1.66  2.27  1.02
180   80     0.68  0.88  1.14  1.38  1.85  1.99  1.95  1.65  1.24  0.95  0.72  0.62     1.25  0.73  1.46  1.86  0.97
180   90     0.65  0.83  1.07  1.31  1.67  1.74  1.73  1.52  1.17  0.90  0.69  0.59     1.16  0.69  1.35  1.66  0.92
             56.8  46.9  32.9  19.1   6.0   1.6   3.1  12.0  26.0  42.1  54.0  59.7     29.5  54.6  19.1   6.0  40.9
             3.53  3.66  3.88  4.71  4.89  4.52  4.76  5.08  4.06  3.92  3.67  3.62     4.19  3.59  4.44  4.77  3.83
             3.21  3.53  3.88  4.66  4.63  4.19  4.44  4.93  4.05  3.85  3.40  3.21     4.00  3.31  4.39  4.52  3.77
             1.10  1.04  1.00  1.01  1.06  1.08  1.07  1.03  1.00  1.02  1.08  1.13     1.05  1.09  1.02  1.06  1.03
             1.44  1.27  1.13  1.02  0.95  0.92  0.93  0.99  1.07  1.22  1.38  1.51     1.15  1.41  1.03  0.95  1.22
temperature   3.5   4.0   7.3  13.1  17.7  21.6  25.4  26.6  22.8  16.7  11.1   6.0     14.7   4.5  12.7  24.5  16.9
diffusedrad  1.09  1.39  1.80  2.18  2.46  2.59  2.53  2.30  1.98  1.52  1.16  0.98     1.83  1.16  2.15  2.47  1.55
snow10cm     0.00  0.00  0.00  0.00  0.00  0.00  0.00  0.00  0.00  0.00  0.00  0.00     0.00  0.00  0.00  0.00  0.00
