2 66171   久世            35  4.1  133 45.2  145
             1.83  2.46  3.26  4.30  4.70  4.40  4.30  4.42  3.50  2.87  1.97  1.61     3.30  1.97  4.09  4.37  2.78
             2.19  3.04  3.86  5.35  5.85  5.63  6.22  5.43  4.08  3.29  2.31  1.88     3.68  2.34  4.77  5.40  3.14
             1.51  1.66  2.59  3.38  3.87  3.47  3.41  3.32  2.85  2.39  1.45  1.39     3.01  1.73  3.57  3.67  2.54
  0   10     2.06  2.69  3.46  4.41  4.71  4.37  4.28  4.48  3.64  3.11  2.20  1.83     3.44  2.19  4.19  4.38  2.98
  0   20     2.25  2.87  3.58  4.44  4.63  4.26  4.19  4.46  3.71  3.29  2.39  2.01     3.51  2.38  4.22  4.30  3.13
  0   30     2.40  2.99  3.63  4.38  4.47  4.08  4.02  4.35  3.71  3.40  2.53  2.15     3.51  2.51  4.16  4.15  3.21
  0   40     2.49  3.05  3.61  4.23  4.21  3.82  3.78  4.14  3.63  3.44  2.61  2.25     3.44  2.60  4.01  3.92  3.23
  0   50     2.53  3.04  3.50  3.98  3.88  3.49  3.48  3.86  3.48  3.40  2.63  2.29     3.30  2.62  3.79  3.61  3.17
  0   60     2.51  2.96  3.33  3.66  3.47  3.12  3.12  3.51  3.26  3.29  2.60  2.29     3.09  2.59  3.49  3.25  3.05
  0   70     2.44  2.82  3.09  3.27  3.02  2.71  2.72  3.09  2.98  3.10  2.51  2.23     2.83  2.50  3.13  2.84  2.86
  0   80     2.31  2.63  2.79  2.83  2.53  2.27  2.29  2.64  2.64  2.85  2.37  2.13     2.52  2.36  2.71  2.40  2.62
  0   90     2.13  2.38  2.43  2.34  2.03  1.83  1.86  2.14  2.25  2.54  2.17  1.98     2.17  2.16  2.27  1.94  2.32
 15   10     2.05  2.68  3.44  4.41  4.71  4.37  4.28  4.48  3.63  3.09  2.19  1.82     3.43  2.18  4.19  4.38  2.97
 15   20     2.23  2.86  3.56  4.44  4.64  4.26  4.19  4.46  3.70  3.27  2.37  2.00     3.50  2.36  4.21  4.30  3.11
 15   30     2.37  2.97  3.61  4.37  4.47  4.08  4.02  4.34  3.69  3.37  2.50  2.13     3.49  2.49  4.15  4.15  3.19
 15   40     2.45  3.02  3.57  4.23  4.22  3.83  3.79  4.15  3.61  3.39  2.58  2.22     3.42  2.56  4.01  3.92  3.20
 15   50     2.48  3.00  3.47  3.99  3.89  3.51  3.49  3.87  3.46  3.35  2.60  2.26     3.28  2.58  3.78  3.62  3.14
 15   60     2.46  2.92  3.29  3.67  3.49  3.14  3.13  3.52  3.24  3.23  2.56  2.25     3.08  2.54  3.49  3.27  3.01
 15   70     2.38  2.78  3.05  3.29  3.06  2.74  2.74  3.12  2.96  3.04  2.47  2.19     2.82  2.45  3.13  2.87  2.82
 15   80     2.25  2.59  2.74  2.86  2.58  2.32  2.33  2.67  2.62  2.78  2.32  2.08     2.51  2.31  2.73  2.44  2.58
 15   90     2.08  2.34  2.40  2.39  2.10  1.90  1.92  2.21  2.25  2.47  2.12  1.93     2.17  2.11  2.29  2.01  2.28
 30   10     2.02  2.66  3.42  4.40  4.71  4.37  4.28  4.47  3.62  3.06  2.17  1.80     3.41  2.16  4.18  4.37  2.95
 30   20     2.18  2.81  3.52  4.42  4.63  4.26  4.19  4.44  3.67  3.21  2.32  1.95     3.47  2.31  4.19  4.30  3.07
 30   30     2.29  2.90  3.54  4.36  4.47  4.09  4.03  4.33  3.65  3.29  2.43  2.06     3.46  2.42  4.13  4.15  3.12
 30   40     2.36  2.93  3.50  4.21  4.24  3.84  3.80  4.14  3.56  3.29  2.49  2.13     3.37  2.47  3.98  3.93  3.12
 30   50     2.37  2.90  3.38  3.98  3.93  3.55  3.52  3.88  3.40  3.23  2.49  2.16     3.23  2.48  3.76  3.65  3.04
 30   60     2.33  2.81  3.21  3.68  3.56  3.19  3.18  3.55  3.19  3.10  2.44  2.13     3.03  2.42  3.48  3.31  2.91
 30   70     2.24  2.66  2.96  3.32  3.15  2.82  2.81  3.17  2.91  2.90  2.34  2.06     2.78  2.32  3.14  2.94  2.72
 30   80     2.11  2.46  2.67  2.92  2.70  2.43  2.43  2.76  2.59  2.65  2.18  1.95     2.49  2.17  2.76  2.54  2.48
 30   90     1.93  2.21  2.34  2.49  2.27  2.04  2.05  2.34  2.24  2.35  1.98  1.79     2.17  1.98  2.37  2.14  2.19
 45   10     1.98  2.62  3.39  4.37  4.70  4.36  4.27  4.46  3.59  3.02  2.13  1.76     3.39  2.12  4.15  4.37  2.91
 45   20     2.10  2.73  3.45  4.38  4.62  4.26  4.18  4.42  3.62  3.12  2.25  1.88     3.42  2.24  4.15  4.29  3.00
 45   30     2.18  2.79  3.45  4.31  4.47  4.09  4.03  4.30  3.58  3.16  2.32  1.96     3.39  2.31  4.08  4.14  3.02
 45   40     2.21  2.80  3.39  4.17  4.24  3.86  3.81  4.12  3.48  3.15  2.35  2.00     3.30  2.34  3.93  3.93  2.99
 45   50     2.20  2.74  3.26  3.94  3.95  3.58  3.53  3.86  3.32  3.06  2.33  2.00     3.15  2.31  3.72  3.66  2.90
 45   60     2.14  2.64  3.08  3.66  3.61  3.26  3.23  3.56  3.10  2.92  2.26  1.96     2.95  2.25  3.45  3.35  2.76
 45   70     2.04  2.49  2.84  3.33  3.22  2.90  2.88  3.20  2.84  2.72  2.14  1.87     2.71  2.13  3.13  3.00  2.57
 45   80     1.90  2.28  2.56  2.96  2.83  2.54  2.52  2.83  2.54  2.48  1.99  1.75     2.43  1.98  2.78  2.63  2.34
 45   90     1.73  2.05  2.26  2.56  2.43  2.18  2.17  2.44  2.22  2.20  1.80  1.60     2.14  1.79  2.42  2.27  2.07
 60   10     1.93  2.57  3.34  4.34  4.69  4.36  4.27  4.43  3.55  2.96  2.07  1.71     3.35  2.07  4.13  4.35  2.86
 60   20     2.00  2.64  3.36  4.33  4.61  4.26  4.17  4.38  3.55  3.01  2.15  1.79     3.35  2.14  4.10  4.27  2.90
 60   30     2.04  2.65  3.34  4.24  4.45  4.09  4.02  4.26  3.49  3.02  2.18  1.83     3.30  2.17  4.01  4.12  2.90
 60   40     2.04  2.63  3.24  4.09  4.23  3.87  3.81  4.07  3.37  2.96  2.17  1.83     3.19  2.17  3.85  3.92  2.84
 60   50     2.00  2.55  3.11  3.87  3.96  3.60  3.55  3.83  3.20  2.86  2.13  1.81     3.04  2.12  3.65  3.66  2.73
 60   60     1.92  2.43  2.91  3.60  3.63  3.29  3.25  3.53  2.99  2.71  2.04  1.75     2.84  2.03  3.38  3.36  2.58
 60   70     1.81  2.28  2.69  3.30  3.29  2.97  2.93  3.22  2.74  2.51  1.92  1.66     2.61  1.92  3.09  3.04  2.39
 60   80     1.68  2.09  2.43  2.95  2.91  2.63  2.60  2.86  2.46  2.29  1.77  1.54     2.35  1.77  2.76  2.70  2.17
 60   90     1.51  1.87  2.15  2.60  2.54  2.29  2.26  2.50  2.17  2.03  1.60  1.40     2.08  1.59  2.43  2.35  1.93
 75   10     1.87  2.51  3.29  4.30  4.68  4.36  4.26  4.41  3.51  2.90  2.01  1.66     3.31  2.01  4.09  4.34  2.81
 75   20     1.89  2.52  3.26  4.26  4.58  4.25  4.16  4.34  3.47  2.89  2.03  1.68     3.28  2.03  4.03  4.25  2.80
 75   30     1.88  2.49  3.19  4.15  4.41  4.08  4.00  4.20  3.38  2.84  2.02  1.68     3.19  2.02  3.92  4.09  2.75
 75   40     1.84  2.43  3.08  3.98  4.20  3.87  3.79  4.00  3.24  2.75  1.98  1.65     3.07  1.97  3.75  3.88  2.66
 75   50     1.78  2.33  2.92  3.76  3.93  3.61  3.54  3.76  3.06  2.63  1.91  1.60     2.90  1.90  3.54  3.64  2.53
 75   60     1.69  2.20  2.73  3.50  3.62  3.31  3.25  3.48  2.85  2.47  1.81  1.53     2.70  1.81  3.29  3.35  2.37
 75   70     1.57  2.05  2.51  3.20  3.29  3.00  2.94  3.16  2.60  2.28  1.69  1.43     2.48  1.68  3.00  3.03  2.19
 75   80     1.45  1.88  2.27  2.90  2.95  2.68  2.63  2.85  2.35  2.06  1.54  1.31     2.24  1.54  2.71  2.72  1.98
 75   90     1.30  1.68  2.01  2.56  2.59  2.35  2.31  2.51  2.07  1.84  1.39  1.19     1.99  1.39  2.39  2.39  1.77
 90   10     1.81  2.44  3.23  4.26  4.66  4.35  4.25  4.38  3.46  2.83  1.95  1.60     3.27  1.95  4.05  4.33  2.74
 90   20     1.77  2.39  3.15  4.17  4.54  4.24  4.14  4.28  3.37  2.76  1.91  1.56     3.19  1.91  3.96  4.22  2.68
 90   30     1.71  2.32  3.04  4.03  4.36  4.06  3.97  4.12  3.25  2.65  1.85  1.52     3.07  1.85  3.81  4.05  2.58
 90   40     1.64  2.22  2.89  3.84  4.13  3.84  3.75  3.90  3.09  2.53  1.77  1.46     2.92  1.78  3.62  3.83  2.46
 90   50     1.55  2.10  2.71  3.60  3.87  3.58  3.50  3.65  2.89  2.38  1.68  1.39     2.74  1.68  3.39  3.58  2.32
 90   60     1.46  1.97  2.51  3.35  3.57  3.29  3.22  3.38  2.67  2.21  1.56  1.30     2.54  1.58  3.14  3.30  2.15
 90   70     1.34  1.81  2.31  3.07  3.24  2.98  2.92  3.08  2.44  2.03  1.45  1.21     2.32  1.45  2.87  3.00  1.98
 90   80     1.23  1.65  2.08  2.77  2.91  2.67  2.61  2.76  2.19  1.83  1.32  1.10     2.09  1.33  2.59  2.68  1.78
 90   90     1.10  1.48  1.86  2.48  2.58  2.37  2.31  2.46  1.96  1.64  1.19  1.00     1.87  1.20  2.31  2.38  1.59
105   10     1.75  2.38  3.17  4.22  4.64  4.34  4.24  4.35  3.41  2.75  1.88  1.53     3.22  1.89  4.01  4.31  2.68
105   20     1.65  2.27  3.04  4.08  4.50  4.22  4.12  4.21  3.28  2.62  1.78  1.45     3.10  1.79  3.87  4.18  2.56
105   30     1.55  2.14  2.87  3.90  4.30  4.04  3.93  4.02  3.11  2.46  1.68  1.37     2.95  1.68  3.69  4.00  2.42
105   40     1.44  2.01  2.68  3.67  4.05  3.80  3.70  3.78  2.92  2.29  1.57  1.27     2.77  1.58  3.47  3.76  2.26
105   50     1.34  1.87  2.49  3.42  3.76  3.53  3.44  3.51  2.71  2.12  1.46  1.19     2.57  1.47  3.22  3.49  2.09
105   60     1.24  1.72  2.29  3.14  3.46  3.24  3.15  3.22  2.48  1.95  1.34  1.10     2.36  1.35  2.96  3.20  1.92
105   70     1.13  1.58  2.08  2.87  3.14  2.93  2.86  2.93  2.25  1.76  1.23  1.01     2.15  1.24  2.70  2.91  1.75
105   80     1.03  1.43  1.88  2.60  2.81  2.62  2.56  2.64  2.03  1.60  1.12  0.92     1.94  1.13  2.43  2.61  1.58
105   90     0.93  1.30  1.68  2.31  2.50  2.32  2.26  2.34  1.80  1.42  1.00  0.84     1.73  1.02  2.16  2.31  1.41
120   10     1.69  2.31  3.11  4.17  4.62  4.34  4.23  4.32  3.37  2.69  1.82  1.48     3.18  1.83  3.97  4.30  2.63
120   20     1.54  2.15  2.92  3.99  4.46  4.21  4.10  4.15  3.19  2.49  1.67  1.35     3.02  1.68  3.79  4.15  2.45
120   30     1.39  1.97  2.71  3.75  4.23  4.01  3.90  3.92  2.98  2.27  1.51  1.22     2.82  1.53  3.56  3.94  2.25
120   40     1.26  1.79  2.48  3.48  3.94  3.75  3.64  3.64  2.74  2.06  1.37  1.11     2.61  1.39  3.30  3.68  2.06
120   50     1.15  1.64  2.26  3.20  3.63  3.46  3.35  3.34  2.50  1.87  1.25  1.01     2.39  1.27  3.03  3.38  1.87
120   60     1.05  1.50  2.04  2.91  3.30  3.15  3.05  3.03  2.27  1.68  1.14  0.93     2.17  1.16  2.75  3.08  1.70
120   70     0.96  1.37  1.85  2.63  2.97  2.83  2.75  2.73  2.05  1.53  1.04  0.85     1.96  1.06  2.48  2.77  1.54
120   80     0.88  1.24  1.67  2.37  2.66  2.53  2.45  2.45  1.83  1.38  0.94  0.78     1.76  0.96  2.23  2.48  1.38
120   90     0.80  1.13  1.49  2.13  2.36  2.23  2.17  2.19  1.64  1.23  0.85  0.71     1.58  0.88  1.99  2.20  1.24
135   10     1.63  2.26  3.06  4.13  4.61  4.34  4.22  4.29  3.33  2.63  1.77  1.43     3.14  1.77  3.94  4.28  2.58
135   20     1.44  2.03  2.82  3.91  4.43  4.20  4.08  4.09  3.11  2.37  1.56  1.25     2.94  1.57  3.72  4.12  2.35
135   30     1.25  1.81  2.55  3.62  4.16  3.98  3.86  3.82  2.85  2.10  1.37  1.09     2.70  1.38  3.44  3.88  2.11
135   40     1.10  1.60  2.28  3.29  3.84  3.70  3.58  3.50  2.57  1.85  1.20  0.96     2.46  1.22  3.13  3.59  1.87
135   50     0.99  1.43  2.03  2.95  3.47  3.37  3.25  3.15  2.30  1.63  1.07  0.87     2.21  1.10  2.82  3.26  1.67
135   60     0.91  1.30  1.81  2.64  3.11  3.02  2.92  2.81  2.05  1.45  0.97  0.80     1.98  1.00  2.52  2.92  1.49
135   70     0.84  1.18  1.63  2.36  2.76  2.69  2.60  2.50  1.83  1.31  0.89  0.74     1.78  0.92  2.25  2.60  1.34
135   80     0.78  1.08  1.47  2.11  2.45  2.39  2.31  2.23  1.64  1.18  0.82  0.69     1.60  0.85  2.01  2.31  1.22
135   90     0.71  0.99  1.32  1.89  2.18  2.11  2.04  1.98  1.47  1.08  0.75  0.64     1.43  0.78  1.80  2.04  1.10
150   10     1.59  2.21  3.02  4.10  4.60  4.33  4.22  4.27  3.30  2.58  1.73  1.39     3.11  1.73  3.91  4.28  2.54
150   20     1.35  1.94  2.74  3.84  4.40  4.19  4.07  4.05  3.05  2.27  1.47  1.17     2.88  1.49  3.66  4.10  2.26
150   30     1.13  1.67  2.42  3.50  4.12  3.97  3.84  3.74  2.74  1.95  1.24  0.97     2.61  1.26  3.35  3.85  1.98
150   40     0.97  1.43  2.10  3.12  3.75  3.67  3.54  3.37  2.42  1.65  1.05  0.84     2.33  1.08  2.99  3.53  1.70
150   50     0.89  1.25  1.81  2.71  3.33  3.31  3.18  2.97  2.10  1.41  0.94  0.79     2.06  0.98  2.62  3.15  1.48
150   60     0.84  1.14  1.59  2.35  2.90  2.91  2.79  2.58  1.83  1.25  0.87  0.75     1.82  0.91  2.28  2.76  1.32
150   70     0.79  1.06  1.43  2.06  2.52  2.53  2.43  2.25  1.63  1.14  0.81  0.70     1.61  0.85  2.00  2.40  1.19
150   80     0.74  0.98  1.30  1.84  2.20  2.21  2.13  1.99  1.47  1.05  0.76  0.66     1.45  0.79  1.78  2.11  1.09
150   90     0.69  0.92  1.19  1.66  1.96  1.95  1.88  1.78  1.33  0.97  0.71  0.61     1.30  0.74  1.60  1.87  1.00
165   10     1.57  2.19  3.00  4.08  4.59  4.33  4.22  4.26  3.28  2.55  1.70  1.36     3.10  1.71  3.89  4.27  2.51
165   20     1.29  1.88  2.69  3.80  4.39  4.19  4.06  4.02  3.00  2.21  1.41  1.12     2.84  1.43  3.63  4.09  2.21
165   30     1.04  1.56  2.34  3.43  4.10  3.96  3.83  3.71  2.68  1.84  1.14  0.89     2.54  1.17  3.29  3.83  1.89
165   40     0.92  1.28  1.96  3.01  3.73  3.66  3.53  3.31  2.31  1.48  0.94  0.81     2.25  1.00  2.90  3.50  1.58
165   50     0.88  1.13  1.62  2.53  3.29  3.30  3.17  2.87  1.93  1.22  0.90  0.78     1.97  0.93  2.48  3.11  1.35
165   60     0.84  1.08  1.40  2.07  2.79  2.89  2.75  2.38  1.63  1.12  0.85  0.74     1.71  0.89  2.09  2.67  1.20
165   70     0.79  1.02  1.29  1.77  2.27  2.43  2.30  1.98  1.46  1.06  0.81  0.70     1.49  0.84  1.78  2.24  1.11
165   80     0.74  0.95  1.20  1.60  1.96  2.04  1.96  1.75  1.34  1.00  0.76  0.66     1.33  0.78  1.59  1.92  1.03
165   90     0.69  0.89  1.12  1.47  1.75  1.80  1.73  1.59  1.24  0.94  0.70  0.61     1.21  0.73  1.45  1.71  0.96
180   10     1.56  2.18  3.00  4.07  4.59  4.33  4.22  4.26  3.27  2.55  1.69  1.36     3.09  1.70  3.88  4.27  2.50
180   20     1.27  1.86  2.67  3.77  4.38  4.19  4.06  4.02  2.99  2.19  1.39  1.09     2.83  1.41  3.61  4.09  2.19
180   30     1.00  1.52  2.31  3.40  4.09  3.96  3.83  3.70  2.66  1.80  1.10  0.86     2.52  1.13  3.27  3.83  1.85
180   40     0.92  1.20  1.90  2.97  3.72  3.66  3.53  3.31  2.28  1.40  0.94  0.81     2.22  0.98  2.86  3.50  1.54
180   50     0.88  1.13  1.48  2.48  3.28  3.30  3.17  2.86  1.87  1.17  0.90  0.78     1.94  0.93  2.41  3.11  1.31
180   60     0.84  1.08  1.33  1.96  2.79  2.89  2.75  2.37  1.47  1.12  0.85  0.74     1.68  0.89  2.02  2.67  1.15
180   70     0.79  1.02  1.26  1.58  2.25  2.43  2.30  1.86  1.38  1.06  0.81  0.70     1.45  0.84  1.70  2.20  1.08
180   80     0.74  0.95  1.19  1.46  1.85  1.97  1.89  1.65  1.29  1.00  0.76  0.66     1.28  0.78  1.50  1.84  1.01
180   90     0.69  0.89  1.11  1.37  1.67  1.73  1.68  1.51  1.20  0.94  0.70  0.61     1.17  0.73  1.38  1.64  0.95
             51.8  43.5  31.6  18.2   6.3   2.0   3.7  12.5  24.7  40.0  49.3  53.9     25.3  49.3  18.3   6.0  37.0
             2.53  3.05  3.63  4.44  4.72  4.39  4.30  4.48  3.72  3.44  2.64  2.30     3.64  2.62  4.22  4.38  3.23
             2.34  2.94  3.62  4.42  4.56  4.17  4.11  4.41  3.72  3.36  2.47  2.09     3.52  2.46  4.20  4.23  3.18
             1.08  1.04  1.00  1.00  1.04  1.05  1.05  1.02  1.00  1.02  1.07  1.10     1.04  1.07  1.01  1.04  1.03
             1.28  1.20  1.11  1.03  0.97  0.95  0.96  1.00  1.06  1.17  1.25  1.30     1.11  1.26  1.04  0.97  1.16
temperature   2.0   2.6   6.1  12.1  17.1  21.3  25.1  26.0  21.6  15.0   9.1   4.1     13.5   2.9  11.8  24.1  15.2
diffusedrad  1.14  1.48  1.87  2.25  2.52  2.63  2.58  2.39  2.04  1.59  1.18  1.00     1.89  1.21  2.21  2.53  1.60
snow10cm     0.02  0.03  0.00  0.00  0.00  0.00  0.00  0.00  0.00  0.00  0.00  0.03     0.01  0.02  0.00  0.00  0.00
