2 66296   福渡            34   52  133 54.2   63
             2.04  2.62  3.41  4.39  4.72  4.34  4.40  4.56  3.58  3.04  2.22  1.91     3.43  2.19  4.17  4.43  2.95
             2.25  3.10  3.87  5.25  5.67  5.16  6.16  5.75  4.09  3.51  2.54  2.14     3.79  2.45  4.55  5.49  3.18
             1.75  1.91  2.88  3.53  3.98  3.19  3.55  3.61  2.77  2.69  1.83  1.73     3.19  1.92  3.81  3.77  2.62
  0   10     2.35  2.91  3.63  4.50  4.73  4.30  4.37  4.63  3.73  3.32  2.53  2.25     3.60  2.50  4.29  4.43  3.19
  0   20     2.62  3.13  3.78  4.54  4.65  4.19  4.28  4.60  3.81  3.54  2.79  2.55     3.71  2.77  4.32  4.36  3.38
  0   30     2.84  3.29  3.84  4.48  4.48  4.01  4.10  4.48  3.81  3.67  2.99  2.78     3.73  2.97  4.27  4.20  3.49
  0   40     2.98  3.38  3.83  4.32  4.22  3.76  3.85  4.27  3.74  3.73  3.12  2.95     3.68  3.10  4.12  3.96  3.53
  0   50     3.06  3.38  3.72  4.07  3.88  3.43  3.53  3.97  3.58  3.70  3.17  3.05     3.55  3.16  3.89  3.65  3.48
  0   60     3.06  3.31  3.54  3.74  3.47  3.07  3.15  3.60  3.35  3.58  3.15  3.07     3.34  3.15  3.58  3.27  3.36
  0   70     2.98  3.17  3.28  3.33  3.01  2.66  2.74  3.17  3.06  3.39  3.06  3.02     3.07  3.06  3.21  2.85  3.17
  0   80     2.84  2.95  2.96  2.87  2.51  2.23  2.29  2.68  2.70  3.11  2.89  2.89     2.74  2.90  2.78  2.40  2.90
  0   90     2.63  2.67  2.58  2.36  2.00  1.80  1.84  2.17  2.30  2.77  2.66  2.70     2.37  2.67  2.31  1.94  2.58
 15   10     2.34  2.90  3.62  4.51  4.73  4.30  4.37  4.62  3.72  3.30  2.52  2.24     3.60  2.49  4.28  4.43  3.18
 15   20     2.60  3.12  3.75  4.54  4.65  4.20  4.28  4.60  3.80  3.50  2.77  2.52     3.69  2.75  4.32  4.36  3.36
 15   30     2.79  3.27  3.81  4.47  4.48  4.01  4.10  4.48  3.79  3.63  2.96  2.75     3.71  2.94  4.25  4.20  3.46
 15   40     2.93  3.35  3.79  4.32  4.23  3.76  3.86  4.28  3.72  3.67  3.08  2.91     3.66  3.06  4.11  3.97  3.49
 15   50     2.99  3.35  3.68  4.08  3.89  3.45  3.54  3.99  3.56  3.63  3.13  3.00     3.52  3.11  3.89  3.66  3.44
 15   60     2.98  3.27  3.50  3.75  3.49  3.09  3.18  3.62  3.33  3.51  3.10  3.01     3.32  3.09  3.58  3.29  3.31
 15   70     2.91  3.12  3.24  3.36  3.05  2.69  2.77  3.20  3.04  3.30  3.00  2.96     3.05  3.00  3.21  2.89  3.12
 15   80     2.76  2.90  2.91  2.91  2.56  2.27  2.34  2.73  2.69  3.03  2.84  2.83     2.73  2.83  2.80  2.45  2.85
 15   90     2.55  2.62  2.54  2.42  2.08  1.86  1.91  2.24  2.31  2.69  2.60  2.63     2.37  2.60  2.35  2.00  2.53
 30   10     2.30  2.87  3.59  4.49  4.73  4.30  4.37  4.62  3.70  3.27  2.49  2.20     3.58  2.46  4.27  4.43  3.15
 30   20     2.52  3.06  3.71  4.52  4.65  4.20  4.28  4.59  3.76  3.44  2.71  2.45     3.66  2.68  4.29  4.35  3.30
 30   30     2.69  3.18  3.75  4.46  4.49  4.03  4.11  4.48  3.75  3.54  2.87  2.65     3.67  2.84  4.23  4.21  3.39
 30   40     2.79  3.24  3.70  4.31  4.25  3.78  3.87  4.27  3.66  3.56  2.96  2.77     3.60  2.93  4.09  3.98  3.39
 30   50     2.83  3.22  3.59  4.08  3.93  3.49  3.58  4.00  3.50  3.50  2.99  2.84     3.46  2.96  3.87  3.69  3.33
 30   60     2.80  3.13  3.40  3.77  3.56  3.14  3.23  3.66  3.28  3.36  2.94  2.83     3.26  2.92  3.58  3.34  3.19
 30   70     2.71  2.98  3.15  3.40  3.15  2.77  2.85  3.27  3.00  3.15  2.83  2.76     3.00  2.82  3.23  2.96  2.99
 30   80     2.55  2.75  2.83  2.98  2.70  2.38  2.45  2.83  2.66  2.88  2.65  2.62     2.69  2.64  2.84  2.56  2.73
 30   90     2.34  2.47  2.48  2.54  2.26  2.00  2.06  2.39  2.30  2.55  2.42  2.42     2.35  2.41  2.42  2.15  2.42
 45   10     2.24  2.82  3.55  4.47  4.72  4.30  4.37  4.60  3.67  3.21  2.44  2.15     3.54  2.40  4.25  4.42  3.11
 45   20     2.42  2.97  3.63  4.49  4.64  4.20  4.28  4.57  3.71  3.34  2.61  2.34     3.60  2.57  4.25  4.34  3.22
 45   30     2.54  3.06  3.64  4.41  4.49  4.03  4.11  4.45  3.67  3.40  2.72  2.48     3.58  2.69  4.18  4.20  3.26
 45   40     2.60  3.08  3.59  4.27  4.26  3.80  3.89  4.26  3.58  3.39  2.78  2.57     3.50  2.75  4.04  3.98  3.25
 45   50     2.60  3.03  3.45  4.04  3.96  3.52  3.60  3.99  3.41  3.31  2.77  2.60     3.36  2.75  3.82  3.71  3.17
 45   60     2.55  2.93  3.27  3.75  3.62  3.21  3.29  3.68  3.19  3.16  2.71  2.57     3.16  2.68  3.55  3.39  3.02
 45   70     2.44  2.77  3.02  3.41  3.23  2.86  2.93  3.31  2.92  2.95  2.58  2.48     2.91  2.56  3.22  3.03  2.82
 45   80     2.29  2.55  2.72  3.03  2.83  2.50  2.56  2.92  2.61  2.69  2.40  2.33     2.62  2.39  2.86  2.66  2.57
 45   90     2.08  2.29  2.40  2.62  2.43  2.15  2.20  2.52  2.28  2.38  2.18  2.14     2.31  2.17  2.48  2.29  2.28
 60   10     2.17  2.75  3.50  4.44  4.71  4.30  4.36  4.58  3.63  3.15  2.37  2.07     3.50  2.33  4.22  4.41  3.05
 60   20     2.28  2.85  3.53  4.43  4.63  4.20  4.27  4.53  3.64  3.21  2.47  2.20     3.52  2.44  4.20  4.33  3.11
 60   30     2.34  2.89  3.51  4.34  4.47  4.03  4.10  4.40  3.58  3.23  2.54  2.29     3.48  2.50  4.11  4.18  3.11
 60   40     2.37  2.88  3.42  4.19  4.25  3.81  3.89  4.21  3.46  3.18  2.55  2.32     3.38  2.52  3.95  3.97  3.06
 60   50     2.34  2.81  3.29  3.97  3.97  3.55  3.63  3.96  3.29  3.07  2.51  2.32     3.23  2.49  3.74  3.71  2.96
 60   60     2.26  2.68  3.08  3.69  3.65  3.24  3.31  3.66  3.07  2.92  2.43  2.26     3.02  2.40  3.48  3.40  2.81
 60   70     2.14  2.53  2.85  3.38  3.30  2.92  2.99  3.33  2.82  2.71  2.29  2.15     2.79  2.27  3.18  3.08  2.60
 60   80     1.99  2.32  2.57  3.02  2.92  2.59  2.65  2.96  2.53  2.47  2.12  2.01     2.51  2.11  2.84  2.73  2.37
 60   90     1.79  2.08  2.29  2.67  2.54  2.25  2.30  2.59  2.23  2.19  1.92  1.84     2.23  1.91  2.50  2.38  2.11
 75   10     2.09  2.68  3.44  4.40  4.70  4.29  4.36  4.55  3.59  3.07  2.28  1.99     3.45  2.25  4.18  4.40  2.98
 75   20     2.13  2.71  3.42  4.36  4.60  4.19  4.25  4.48  3.55  3.07  2.32  2.04     3.43  2.29  4.13  4.31  2.98
 75   30     2.14  2.69  3.35  4.25  4.43  4.02  4.09  4.34  3.46  3.03  2.32  2.06     3.35  2.30  4.01  4.15  2.94
 75   40     2.10  2.64  3.24  4.07  4.22  3.81  3.87  4.13  3.32  2.94  2.29  2.05     3.22  2.26  3.84  3.94  2.85
 75   50     2.04  2.54  3.07  3.86  3.95  3.55  3.62  3.89  3.14  2.81  2.22  2.00     3.06  2.20  3.63  3.69  2.72
 75   60     1.95  2.42  2.88  3.60  3.64  3.26  3.33  3.61  2.92  2.64  2.12  1.93     2.86  2.10  3.37  3.40  2.56
 75   70     1.82  2.25  2.65  3.29  3.31  2.95  3.01  3.28  2.67  2.44  1.99  1.82     2.62  1.96  3.08  3.08  2.37
 75   80     1.68  2.07  2.40  2.98  2.96  2.64  2.69  2.95  2.42  2.22  1.82  1.68     2.38  1.81  2.78  2.76  2.15
 75   90     1.51  1.85  2.13  2.64  2.61  2.32  2.37  2.61  2.13  1.98  1.65  1.53     2.11  1.63  2.46  2.43  1.92
 90   10     2.01  2.60  3.37  4.35  4.68  4.29  4.35  4.52  3.53  2.99  2.20  1.90     3.40  2.17  4.13  4.38  2.91
 90   20     1.97  2.55  3.29  4.27  4.57  4.18  4.24  4.42  3.45  2.92  2.16  1.87     3.32  2.13  4.04  4.28  2.84
 90   30     1.91  2.48  3.17  4.12  4.38  4.00  4.06  4.25  3.32  2.81  2.10  1.83     3.20  2.07  3.89  4.11  2.74
 90   40     1.84  2.38  3.02  3.93  4.15  3.79  3.84  4.03  3.16  2.68  2.01  1.77     3.05  2.00  3.70  3.88  2.62
 90   50     1.74  2.26  2.85  3.69  3.89  3.53  3.58  3.77  2.96  2.52  1.92  1.69     2.87  1.90  3.47  3.63  2.47
 90   60     1.64  2.12  2.63  3.44  3.59  3.25  3.29  3.50  2.74  2.35  1.80  1.60     2.66  1.79  3.22  3.35  2.29
 90   70     1.51  1.96  2.42  3.15  3.26  2.94  2.99  3.19  2.50  2.16  1.68  1.49     2.44  1.66  2.94  3.04  2.11
 90   80     1.39  1.80  2.19  2.84  2.93  2.63  2.67  2.86  2.25  1.95  1.52  1.36     2.20  1.52  2.65  2.72  1.91
 90   90     1.25  1.61  1.95  2.55  2.60  2.33  2.37  2.55  2.01  1.75  1.38  1.24     1.97  1.37  2.37  2.42  1.71
105   10     1.92  2.52  3.30  4.30  4.66  4.28  4.34  4.49  3.48  2.91  2.11  1.81     3.34  2.08  4.09  4.37  2.83
105   20     1.81  2.40  3.16  4.17  4.52  4.16  4.21  4.35  3.35  2.76  1.99  1.70     3.21  1.97  3.95  4.24  2.70
105   30     1.69  2.26  2.99  3.98  4.32  3.98  4.02  4.15  3.17  2.59  1.87  1.59     3.05  1.85  3.76  4.05  2.54
105   40     1.57  2.12  2.79  3.75  4.07  3.75  3.78  3.90  2.97  2.40  1.75  1.48     2.86  1.72  3.54  3.81  2.38
105   50     1.46  1.98  2.59  3.50  3.78  3.48  3.51  3.62  2.76  2.23  1.62  1.39     2.66  1.61  3.29  3.54  2.20
105   60     1.34  1.82  2.38  3.22  3.47  3.19  3.22  3.33  2.52  2.04  1.50  1.28     2.44  1.48  3.02  3.25  2.02
105   70     1.23  1.68  2.16  2.95  3.15  2.89  2.92  3.03  2.30  1.85  1.38  1.19     2.23  1.37  2.75  2.95  1.84
105   80     1.12  1.52  1.95  2.67  2.83  2.58  2.61  2.73  2.07  1.68  1.25  1.08     2.01  1.24  2.48  2.64  1.67
105   90     1.01  1.38  1.75  2.38  2.51  2.29  2.31  2.42  1.84  1.49  1.13  0.98     1.79  1.13  2.21  2.34  1.49
120   10     1.84  2.44  3.24  4.26  4.64  4.28  4.33  4.46  3.43  2.83  2.03  1.72     3.29  2.00  4.05  4.35  2.76
120   20     1.65  2.25  3.03  4.08  4.48  4.15  4.19  4.28  3.25  2.61  1.83  1.53     3.11  1.81  3.86  4.21  2.56
120   30     1.48  2.05  2.80  3.83  4.25  3.95  3.98  4.03  3.02  2.37  1.65  1.37     2.90  1.63  3.63  3.99  2.35
120   40     1.32  1.86  2.56  3.55  3.96  3.70  3.72  3.75  2.78  2.14  1.48  1.23     2.67  1.47  3.36  3.72  2.13
120   50     1.20  1.69  2.32  3.26  3.64  3.41  3.42  3.44  2.54  1.93  1.34  1.11     2.44  1.33  3.08  3.42  1.94
120   60     1.08  1.54  2.10  2.97  3.31  3.10  3.11  3.12  2.30  1.74  1.22  1.00     2.22  1.21  2.79  3.11  1.75
120   70     0.99  1.41  1.90  2.68  2.99  2.79  2.80  2.81  2.07  1.57  1.11  0.93     2.00  1.11  2.52  2.80  1.59
120   80     0.90  1.27  1.71  2.42  2.67  2.49  2.50  2.53  1.85  1.42  1.02  0.84     1.80  1.00  2.27  2.51  1.43
120   90     0.82  1.16  1.52  2.17  2.37  2.20  2.21  2.25  1.66  1.27  0.92  0.78     1.61  0.92  2.02  2.22  1.28
135   10     1.77  2.37  3.18  4.22  4.63  4.27  4.32  4.43  3.39  2.76  1.96  1.64     3.25  1.93  4.01  4.34  2.70
135   20     1.51  2.11  2.92  3.98  4.45  4.14  4.17  4.21  3.16  2.47  1.69  1.38     3.02  1.67  3.78  4.17  2.44
135   30     1.28  1.85  2.62  3.68  4.18  3.92  3.94  3.93  2.89  2.17  1.45  1.16     2.75  1.43  3.50  3.93  2.17
135   40     1.10  1.62  2.33  3.34  3.85  3.65  3.65  3.59  2.60  1.89  1.25  0.99     2.49  1.24  3.17  3.63  1.91
135   50     0.98  1.43  2.06  3.00  3.48  3.33  3.32  3.23  2.31  1.65  1.10  0.88     2.23  1.10  2.85  3.29  1.69
135   60     0.89  1.28  1.83  2.68  3.12  2.98  2.98  2.88  2.06  1.46  0.99  0.80     2.00  0.99  2.54  2.94  1.50
135   70     0.81  1.17  1.64  2.40  2.77  2.66  2.65  2.56  1.84  1.31  0.91  0.74     1.79  0.91  2.27  2.62  1.35
135   80     0.76  1.07  1.48  2.15  2.46  2.36  2.34  2.28  1.65  1.19  0.84  0.69     1.60  0.84  2.03  2.33  1.22
135   90     0.70  0.98  1.33  1.92  2.18  2.08  2.07  2.03  1.48  1.08  0.77  0.65     1.44  0.78  1.81  2.06  1.11
150   10     1.72  2.32  3.14  4.19  4.62  4.27  4.32  4.41  3.36  2.71  1.90  1.58     3.21  1.87  3.98  4.33  2.65
150   20     1.40  1.99  2.82  3.91  4.42  4.13  4.16  4.17  3.09  2.36  1.57  1.26     2.94  1.55  3.72  4.15  2.34
150   30     1.12  1.67  2.47  3.56  4.13  3.91  3.92  3.84  2.77  1.99  1.27  0.98     2.64  1.26  3.39  3.89  2.01
150   40     0.92  1.39  2.12  3.16  3.77  3.62  3.61  3.46  2.42  1.65  1.04  0.81     2.33  1.04  3.02  3.56  1.71
150   50     0.82  1.20  1.81  2.75  3.34  3.27  3.24  3.03  2.09  1.39  0.91  0.73     2.05  0.92  2.63  3.18  1.46
150   60     0.78  1.08  1.57  2.37  2.90  2.87  2.83  2.62  1.81  1.22  0.84  0.70     1.80  0.85  2.28  2.77  1.29
150   70     0.73  1.00  1.41  2.07  2.51  2.49  2.46  2.28  1.61  1.11  0.79  0.66     1.60  0.80  2.00  2.41  1.17
150   80     0.69  0.93  1.28  1.85  2.20  2.18  2.15  2.01  1.45  1.03  0.75  0.63     1.43  0.75  1.78  2.12  1.08
150   90     0.65  0.87  1.17  1.67  1.95  1.92  1.90  1.80  1.31  0.95  0.70  0.59     1.29  0.70  1.60  1.87  0.99
165   10     1.68  2.28  3.11  4.16  4.61  4.27  4.31  4.40  3.34  2.67  1.86  1.54     3.19  1.83  3.96  4.33  2.63
165   20     1.32  1.92  2.77  3.86  4.41  4.13  4.15  4.14  3.04  2.29  1.49  1.17     2.89  1.47  3.68  4.14  2.27
165   30     0.99  1.54  2.37  3.49  4.11  3.91  3.91  3.80  2.70  1.87  1.13  0.85     2.56  1.13  3.32  3.88  1.90
165   40     0.84  1.20  1.96  3.04  3.74  3.62  3.60  3.39  2.31  1.46  0.89  0.75     2.23  0.93  2.91  3.54  1.55
165   50     0.81  1.03  1.58  2.55  3.29  3.26  3.22  2.92  1.91  1.17  0.85  0.73     1.94  0.85  2.47  3.13  1.31
165   60     0.77  0.99  1.35  2.07  2.79  2.85  2.79  2.40  1.59  1.07  0.82  0.70     1.68  0.82  2.07  2.68  1.16
165   70     0.73  0.94  1.24  1.76  2.27  2.40  2.32  1.98  1.42  1.01  0.78  0.66     1.46  0.78  1.76  2.23  1.07
165   80     0.69  0.89  1.16  1.59  1.95  2.01  1.96  1.75  1.30  0.96  0.73  0.63     1.30  0.74  1.56  1.91  1.00
165   90     0.65  0.83  1.09  1.46  1.74  1.77  1.73  1.58  1.21  0.91  0.69  0.59     1.19  0.69  1.43  1.70  0.94
180   10     1.66  2.27  3.11  4.15  4.61  4.27  4.31  4.39  3.33  2.67  1.85  1.52     3.18  1.82  3.96  4.33  2.62
180   20     1.29  1.89  2.75  3.84  4.40  4.13  4.16  4.14  3.03  2.26  1.46  1.14     2.87  1.44  3.66  4.14  2.25
180   30     0.94  1.48  2.34  3.45  4.11  3.91  3.91  3.80  2.67  1.81  1.08  0.81     2.53  1.08  3.30  3.87  1.86
180   40     0.84  1.11  1.89  3.00  3.73  3.61  3.60  3.39  2.27  1.36  0.88  0.75     2.20  0.90  2.87  3.53  1.50
180   50     0.81  1.03  1.42  2.49  3.29  3.26  3.22  2.91  1.84  1.10  0.85  0.73     1.91  0.85  2.40  3.13  1.26
180   60     0.77  0.99  1.26  1.95  2.78  2.85  2.79  2.39  1.41  1.06  0.82  0.70     1.65  0.82  2.00  2.68  1.10
180   70     0.73  0.94  1.20  1.55  2.24  2.40  2.32  1.85  1.32  1.01  0.78  0.66     1.42  0.78  1.66  2.19  1.04
180   80     0.69  0.89  1.14  1.43  1.83  1.95  1.89  1.63  1.24  0.96  0.73  0.63     1.25  0.74  1.47  1.82  0.98
180   90     0.65  0.83  1.07  1.34  1.65  1.71  1.67  1.50  1.16  0.91  0.69  0.59     1.15  0.69  1.35  1.63  0.92
             55.2  45.9  32.8  18.3   6.1   1.9   3.4  12.5  25.4  41.4  52.3  58.0     28.3  53.0  19.1   6.0  39.5
             3.06  3.39  3.85  4.54  4.74  4.33  4.39  4.63  3.82  3.73  3.18  3.07     3.89  3.17  4.32  4.44  3.53
             2.80  3.27  3.84  4.50  4.52  4.05  4.14  4.51  3.82  3.66  2.96  2.75     3.73  2.94  4.28  4.23  3.48
             1.09  1.04  1.00  1.01  1.05  1.07  1.06  1.03  1.00  1.02  1.07  1.12     1.05  1.08  1.02  1.05  1.03
             1.37  1.25  1.13  1.03  0.96  0.93  0.94  0.99  1.07  1.20  1.33  1.44     1.14  1.35  1.04  0.95  1.20
temperature   2.3   3.0   6.5  12.3  17.1  21.4  25.3  26.1  22.0  15.4   9.5   4.5     13.8   3.3  12.0  24.3  15.6
diffusedrad  1.10  1.40  1.80  2.19  2.46  2.58  2.53  2.33  1.97  1.54  1.17  0.99     1.84  1.16  2.15  2.48  1.56
snow10cm     0.00  0.01  0.00  0.00  0.00  0.00  0.00  0.00  0.00  0.00  0.00  0.00     0.00  0.00  0.00  0.00  0.00
