2 67151   大朝            34 46.1  132 27.8  385
             1.70  2.72  3.38  4.48  5.04  4.69  4.57  4.65  3.68  3.13  2.09  1.63     3.48  2.02  4.30  4.63  2.96
             2.30  3.55  4.16  5.43  6.02  6.46  6.54  6.17  4.51  3.64  2.39  2.03     4.13  2.48  4.93  5.76  3.43
             1.34  1.55  2.81  3.79  4.14  3.43  3.30  3.60  3.01  2.52  1.38  1.19     3.01  1.60  3.71  3.90  2.51
  0   10     1.87  2.97  3.58  4.60  5.05  4.65  4.54  4.71  3.83  3.43  2.34  1.85     3.62  2.23  4.41  4.63  3.20
  0   20     2.01  3.15  3.72  4.63  4.96  4.52  4.44  4.68  3.91  3.65  2.55  2.03     3.69  2.40  4.43  4.55  3.37
  0   30     2.12  3.28  3.77  4.56  4.78  4.32  4.25  4.56  3.91  3.79  2.71  2.17     3.69  2.52  4.37  4.38  3.47
  0   40     2.18  3.35  3.75  4.40  4.50  4.04  3.99  4.35  3.83  3.85  2.80  2.26     3.61  2.60  4.22  4.12  3.49
  0   50     2.21  3.35  3.65  4.15  4.12  3.68  3.65  4.04  3.67  3.82  2.83  2.31     3.46  2.62  3.97  3.79  3.44
  0   60     2.19  3.28  3.47  3.81  3.68  3.27  3.26  3.67  3.44  3.70  2.80  2.30     3.24  2.59  3.65  3.40  3.31
  0   70     2.13  3.15  3.23  3.40  3.18  2.81  2.82  3.22  3.13  3.50  2.71  2.25     2.96  2.51  3.27  2.95  3.11
  0   80     2.03  2.97  2.92  2.92  2.64  2.33  2.36  2.73  2.77  3.21  2.55  2.15     2.63  2.38  2.83  2.47  2.85
  0   90     1.90  2.72  2.55  2.41  2.09  1.86  1.89  2.20  2.36  2.87  2.34  2.00     2.27  2.21  2.35  1.99  2.52
 15   10     1.86  2.96  3.57  4.59  5.05  4.65  4.54  4.71  3.82  3.42  2.33  1.84     3.61  2.22  4.41  4.63  3.19
 15   20     2.00  3.14  3.69  4.63  4.96  4.53  4.44  4.68  3.90  3.63  2.53  2.01     3.68  2.38  4.43  4.55  3.35
 15   30     2.10  3.26  3.75  4.56  4.77  4.32  4.25  4.56  3.90  3.76  2.68  2.14     3.67  2.50  4.36  4.38  3.45
 15   40     2.16  3.32  3.72  4.41  4.50  4.04  4.00  4.35  3.81  3.81  2.77  2.23     3.59  2.57  4.21  4.13  3.46
 15   50     2.18  3.31  3.61  4.16  4.14  3.69  3.67  4.05  3.65  3.77  2.79  2.27     3.44  2.59  3.97  3.80  3.40
 15   60     2.16  3.24  3.43  3.82  3.71  3.29  3.28  3.68  3.42  3.65  2.75  2.26     3.22  2.55  3.65  3.42  3.27
 15   70     2.10  3.11  3.18  3.42  3.23  2.85  2.86  3.25  3.11  3.44  2.66  2.20     2.95  2.47  3.28  2.99  3.07
 15   80     2.00  2.92  2.87  2.96  2.70  2.39  2.41  2.77  2.76  3.16  2.50  2.10     2.63  2.34  2.85  2.52  2.81
 15   90     1.86  2.68  2.51  2.47  2.17  1.94  1.96  2.28  2.36  2.81  2.29  1.95     2.27  2.16  2.39  2.06  2.49
 30   10     1.84  2.93  3.54  4.58  5.05  4.65  4.54  4.70  3.80  3.38  2.30  1.81     3.59  2.20  4.39  4.63  3.16
 30   20     1.96  3.09  3.65  4.61  4.96  4.53  4.43  4.67  3.86  3.57  2.48  1.96     3.65  2.34  4.41  4.54  3.30
 30   30     2.04  3.18  3.68  4.54  4.79  4.34  4.26  4.55  3.85  3.68  2.60  2.08     3.63  2.43  4.34  4.38  3.38
 30   40     2.09  3.22  3.64  4.38  4.52  4.07  4.01  4.34  3.75  3.71  2.66  2.14     3.54  2.48  4.18  4.14  3.38
 30   50     2.09  3.20  3.52  4.15  4.19  3.75  3.71  4.07  3.59  3.66  2.67  2.17     3.40  2.49  3.95  3.84  3.31
 30   60     2.06  3.12  3.34  3.83  3.78  3.36  3.34  3.71  3.36  3.52  2.62  2.15     3.18  2.44  3.65  3.47  3.17
 30   70     1.99  2.98  3.09  3.45  3.34  2.96  2.95  3.32  3.06  3.32  2.51  2.08     2.92  2.35  3.29  3.07  2.96
 30   80     1.89  2.78  2.79  3.03  2.85  2.53  2.53  2.87  2.73  3.04  2.34  1.97     2.61  2.21  2.89  2.64  2.70
 30   90     1.75  2.54  2.45  2.58  2.37  2.11  2.12  2.42  2.35  2.70  2.13  1.82     2.28  2.04  2.47  2.22  2.39
 45   10     1.81  2.89  3.51  4.56  5.04  4.65  4.53  4.68  3.77  3.34  2.26  1.78     3.57  2.16  4.37  4.62  3.12
 45   20     1.90  3.01  3.58  4.57  4.95  4.53  4.43  4.64  3.81  3.48  2.39  1.89     3.60  2.27  4.37  4.54  3.23
 45   30     1.96  3.07  3.58  4.49  4.78  4.35  4.26  4.52  3.77  3.55  2.47  1.97     3.56  2.33  4.29  4.38  3.26
 45   40     1.98  3.08  3.52  4.34  4.54  4.10  4.03  4.33  3.67  3.56  2.51  2.01     3.47  2.36  4.13  4.15  3.24
 45   50     1.97  3.03  3.39  4.10  4.22  3.79  3.73  4.05  3.50  3.49  2.49  2.01     3.31  2.34  3.90  3.86  3.16
 45   60     1.92  2.94  3.21  3.81  3.85  3.44  3.40  3.73  3.27  3.34  2.42  1.97     3.11  2.28  3.63  3.53  3.01
 45   70     1.84  2.79  2.97  3.46  3.43  3.06  3.03  3.36  2.99  3.13  2.29  1.89     2.85  2.17  3.29  3.15  2.81
 45   80     1.73  2.60  2.68  3.08  3.00  2.66  2.65  2.96  2.67  2.87  2.13  1.78     2.57  2.04  2.92  2.75  2.56
 45   90     1.60  2.37  2.37  2.66  2.57  2.28  2.27  2.55  2.33  2.55  1.93  1.63     2.26  1.87  2.54  2.37  2.27
 60   10     1.77  2.84  3.46  4.52  5.03  4.64  4.53  4.66  3.73  3.27  2.20  1.73     3.53  2.11  4.34  4.61  3.07
 60   20     1.83  2.91  3.49  4.51  4.93  4.53  4.43  4.60  3.73  3.36  2.28  1.80     3.53  2.18  4.31  4.52  3.12
 60   30     1.85  2.92  3.46  4.42  4.76  4.35  4.26  4.47  3.67  3.39  2.32  1.84     3.48  2.21  4.21  4.36  3.13
 60   40     1.85  2.90  3.37  4.25  4.53  4.11  4.03  4.27  3.54  3.35  2.31  1.85     3.37  2.20  4.05  4.14  3.07
 60   50     1.81  2.83  3.23  4.04  4.23  3.83  3.76  4.02  3.37  3.26  2.27  1.83     3.21  2.16  3.83  3.87  2.97
 60   60     1.75  2.72  3.04  3.75  3.88  3.49  3.44  3.71  3.14  3.11  2.18  1.77     3.00  2.08  3.55  3.54  2.81
 60   70     1.66  2.57  2.81  3.43  3.51  3.14  3.09  3.37  2.88  2.90  2.05  1.68     2.76  1.97  3.25  3.20  2.61
 60   80     1.55  2.39  2.54  3.07  3.11  2.78  2.74  3.00  2.58  2.66  1.89  1.56     2.49  1.84  2.90  2.84  2.38
 60   90     1.43  2.19  2.26  2.70  2.70  2.41  2.38  2.62  2.28  2.37  1.70  1.43     2.21  1.68  2.55  2.47  2.12
 75   10     1.73  2.77  3.40  4.48  5.01  4.64  4.52  4.63  3.68  3.20  2.13  1.68     3.49  2.06  4.30  4.59  3.00
 75   20     1.74  2.79  3.38  4.43  4.91  4.53  4.41  4.55  3.64  3.22  2.16  1.70     3.45  2.07  4.24  4.50  3.00
 75   30     1.73  2.76  3.30  4.32  4.73  4.34  4.24  4.41  3.55  3.19  2.14  1.70     3.37  2.06  4.12  4.33  2.96
 75   40     1.69  2.70  3.19  4.14  4.49  4.11  4.01  4.20  3.40  3.12  2.10  1.67     3.23  2.02  3.94  4.11  2.87
 75   50     1.64  2.61  3.03  3.91  4.21  3.83  3.75  3.94  3.21  3.00  2.02  1.62     3.06  1.96  3.72  3.84  2.74
 75   60     1.57  2.48  2.84  3.65  3.88  3.52  3.45  3.66  2.99  2.84  1.92  1.55     2.86  1.87  3.46  3.54  2.59
 75   70     1.48  2.34  2.62  3.33  3.51  3.18  3.11  3.32  2.73  2.64  1.79  1.45     2.63  1.75  3.15  3.20  2.39
 75   80     1.38  2.17  2.38  3.01  3.15  2.84  2.78  2.98  2.47  2.42  1.64  1.35     2.38  1.63  2.85  2.87  2.17
 75   90     1.26  1.98  2.12  2.67  2.77  2.49  2.45  2.64  2.18  2.17  1.48  1.23     2.12  1.49  2.52  2.53  1.94
 90   10     1.68  2.71  3.34  4.44  4.99  4.63  4.51  4.59  3.63  3.11  2.06  1.62     3.44  2.00  4.26  4.58  2.94
 90   20     1.65  2.65  3.26  4.34  4.87  4.51  4.39  4.49  3.54  3.06  2.02  1.59     3.37  1.96  4.16  4.46  2.87
 90   30     1.60  2.58  3.14  4.20  4.67  4.32  4.21  4.32  3.41  2.97  1.96  1.54     3.24  1.91  4.00  4.28  2.78
 90   40     1.54  2.48  2.99  4.00  4.42  4.09  3.98  4.09  3.24  2.85  1.87  1.49     3.09  1.84  3.80  4.05  2.65
 90   50     1.47  2.36  2.82  3.75  4.13  3.81  3.71  3.83  3.03  2.71  1.78  1.41     2.90  1.75  3.57  3.78  2.51
 90   60     1.39  2.24  2.62  3.48  3.82  3.50  3.41  3.54  2.80  2.53  1.66  1.33     2.69  1.65  3.31  3.48  2.33
 90   70     1.30  2.08  2.40  3.19  3.47  3.17  3.10  3.23  2.56  2.35  1.54  1.24     2.47  1.54  3.02  3.17  2.15
 90   80     1.21  1.94  2.18  2.88  3.11  2.84  2.76  2.90  2.30  2.14  1.39  1.14     2.23  1.43  2.72  2.83  1.94
 90   90     1.11  1.78  1.95  2.57  2.76  2.51  2.45  2.58  2.05  1.93  1.26  1.04     2.00  1.31  2.43  2.51  1.75
105   10     1.63  2.64  3.28  4.39  4.97  4.63  4.50  4.56  3.58  3.03  1.99  1.56     3.40  1.95  4.21  4.56  2.87
105   20     1.56  2.53  3.14  4.25  4.82  4.50  4.37  4.42  3.44  2.90  1.88  1.48     3.27  1.86  4.07  4.43  2.74
105   30     1.48  2.39  2.97  4.05  4.60  4.29  4.17  4.21  3.26  2.74  1.77  1.39     3.11  1.75  3.88  4.22  2.59
105   40     1.39  2.26  2.78  3.82  4.33  4.04  3.92  3.96  3.05  2.57  1.65  1.30     2.92  1.65  3.64  3.97  2.42
105   50     1.31  2.13  2.58  3.55  4.02  3.75  3.64  3.68  2.83  2.40  1.53  1.22     2.72  1.55  3.38  3.69  2.25
105   60     1.23  1.99  2.38  3.27  3.69  3.44  3.33  3.37  2.59  2.22  1.41  1.13     2.50  1.45  3.11  3.38  2.07
105   70     1.14  1.85  2.17  2.98  3.35  3.11  3.02  3.07  2.35  2.03  1.29  1.05     2.29  1.35  2.83  3.07  1.89
105   80     1.07  1.72  1.96  2.70  3.00  2.78  2.70  2.76  2.12  1.86  1.17  0.96     2.07  1.25  2.55  2.75  1.72
105   90     0.99  1.59  1.76  2.40  2.66  2.46  2.39  2.45  1.88  1.67  1.05  0.88     1.85  1.15  2.28  2.43  1.53
120   10     1.59  2.58  3.22  4.34  4.95  4.62  4.49  4.53  3.53  2.95  1.92  1.50     3.35  1.89  4.17  4.55  2.80
120   20     1.47  2.40  3.02  4.15  4.77  4.48  4.34  4.35  3.34  2.74  1.75  1.37     3.18  1.75  3.98  4.39  2.61
120   30     1.36  2.22  2.80  3.90  4.52  4.26  4.13  4.10  3.11  2.51  1.59  1.25     2.98  1.61  3.74  4.16  2.40
120   40     1.26  2.05  2.57  3.62  4.21  3.99  3.85  3.80  2.86  2.29  1.43  1.14     2.75  1.48  3.46  3.88  2.19
120   50     1.17  1.89  2.34  3.31  3.87  3.67  3.54  3.49  2.60  2.09  1.30  1.05     2.53  1.37  3.17  3.57  2.00
120   60     1.09  1.75  2.12  3.02  3.51  3.34  3.22  3.16  2.36  1.90  1.19  0.96     2.30  1.27  2.88  3.24  1.81
120   70     1.02  1.64  1.92  2.72  3.16  3.00  2.90  2.85  2.12  1.73  1.08  0.90     2.09  1.18  2.60  2.91  1.64
120   80     0.95  1.52  1.74  2.45  2.83  2.67  2.58  2.56  1.90  1.57  0.98  0.82     1.88  1.10  2.34  2.60  1.48
120   90     0.89  1.42  1.56  2.20  2.51  2.36  2.29  2.28  1.70  1.42  0.89  0.76     1.69  1.03  2.09  2.31  1.34
135   10     1.55  2.52  3.17  4.30  4.93  4.62  4.48  4.50  3.48  2.87  1.86  1.46     3.31  1.84  4.13  4.53  2.74
135   20     1.40  2.29  2.92  4.06  4.74  4.47  4.32  4.28  3.25  2.59  1.64  1.28     3.10  1.66  3.90  4.36  2.49
135   30     1.25  2.06  2.64  3.75  4.45  4.23  4.08  3.99  2.97  2.29  1.42  1.12     2.86  1.48  3.61  4.10  2.23
135   40     1.14  1.85  2.36  3.41  4.09  3.93  3.78  3.65  2.67  2.02  1.24  1.00     2.59  1.33  3.28  3.78  1.98
135   50     1.05  1.68  2.10  3.06  3.69  3.57  3.43  3.27  2.37  1.78  1.10  0.91     2.34  1.21  2.95  3.42  1.75
135   60     0.99  1.55  1.87  2.73  3.29  3.20  3.07  2.92  2.11  1.59  1.00  0.84     2.10  1.13  2.63  3.06  1.57
135   70     0.93  1.45  1.69  2.43  2.92  2.84  2.73  2.60  1.88  1.44  0.92  0.79     1.89  1.06  2.35  2.72  1.41
135   80     0.89  1.36  1.53  2.18  2.59  2.51  2.41  2.31  1.69  1.31  0.84  0.74     1.70  1.00  2.10  2.41  1.28
135   90     0.84  1.29  1.38  1.95  2.30  2.22  2.13  2.05  1.51  1.20  0.77  0.69     1.53  0.94  1.88  2.13  1.16
150   10     1.52  2.48  3.13  4.27  4.92  4.62  4.48  4.48  3.45  2.82  1.81  1.42     3.28  1.80  4.11  4.53  2.69
150   20     1.34  2.20  2.83  3.99  4.71  4.46  4.31  4.24  3.18  2.46  1.54  1.20     3.04  1.58  3.84  4.34  2.39
150   30     1.16  1.92  2.50  3.64  4.39  4.22  4.06  3.91  2.85  2.10  1.28  1.01     2.75  1.36  3.51  4.06  2.08
150   40     1.04  1.67  2.16  3.23  4.00  3.89  3.73  3.51  2.50  1.76  1.07  0.89     2.45  1.20  3.13  3.71  1.78
150   50     0.98  1.50  1.86  2.80  3.53  3.50  3.34  3.08  2.16  1.50  0.95  0.83     2.17  1.10  2.73  3.31  1.53
150   60     0.94  1.40  1.64  2.42  3.06  3.06  2.92  2.66  1.87  1.32  0.88  0.79     1.91  1.04  2.37  2.88  1.36
150   70     0.90  1.33  1.48  2.11  2.64  2.64  2.53  2.31  1.66  1.21  0.83  0.75     1.70  0.99  2.07  2.50  1.23
150   80     0.86  1.27  1.35  1.88  2.30  2.31  2.21  2.04  1.49  1.12  0.78  0.71     1.53  0.95  1.85  2.18  1.13
150   90     0.82  1.22  1.24  1.70  2.04  2.03  1.95  1.82  1.35  1.04  0.72  0.67     1.38  0.90  1.66  1.93  1.04
165   10     1.50  2.45  3.10  4.25  4.92  4.62  4.48  4.47  3.43  2.78  1.78  1.39     3.26  1.78  4.09  4.52  2.66
165   20     1.29  2.14  2.78  3.94  4.70  4.46  4.31  4.21  3.13  2.38  1.47  1.15     3.00  1.53  3.81  4.33  2.33
165   30     1.10  1.81  2.41  3.56  4.38  4.22  4.06  3.86  2.78  1.96  1.17  0.93     2.69  1.28  3.45  4.05  1.97
165   40     1.00  1.52  2.02  3.11  3.97  3.89  3.73  3.44  2.38  1.54  0.95  0.85     2.37  1.12  3.03  3.69  1.62
165   50     0.97  1.38  1.66  2.61  3.48  3.50  3.33  2.96  1.97  1.25  0.91  0.82     2.07  1.06  2.58  3.26  1.37
165   60     0.94  1.34  1.44  2.11  2.94  3.04  2.88  2.44  1.64  1.14  0.86  0.79     1.80  1.02  2.16  2.79  1.22
165   70     0.90  1.29  1.33  1.80  2.36  2.54  2.39  2.01  1.46  1.08  0.82  0.75     1.56  0.98  1.83  2.31  1.12
165   80     0.86  1.25  1.25  1.62  2.02  2.10  2.01  1.77  1.34  1.02  0.77  0.71     1.39  0.94  1.63  1.96  1.04
165   90     0.82  1.20  1.17  1.49  1.80  1.85  1.78  1.60  1.24  0.96  0.71  0.67     1.28  0.90  1.49  1.74  0.97
180   10     1.50  2.44  3.10  4.24  4.92  4.62  4.48  4.46  3.43  2.76  1.77  1.39     3.26  1.77  4.09  4.52  2.65
180   20     1.28  2.12  2.76  3.92  4.70  4.46  4.31  4.19  3.12  2.35  1.45  1.13     2.98  1.51  3.79  4.32  2.31
180   30     1.07  1.77  2.38  3.53  4.38  4.22  4.06  3.84  2.76  1.90  1.13  0.90     2.66  1.25  3.43  4.04  1.93
180   40     1.00  1.45  1.96  3.07  3.97  3.90  3.73  3.42  2.35  1.43  0.94  0.85     2.34  1.10  3.00  3.68  1.58
180   50     0.97  1.37  1.52  2.56  3.48  3.50  3.34  2.93  1.90  1.17  0.91  0.82     2.04  1.05  2.52  3.26  1.32
180   60     0.94  1.34  1.36  2.00  2.94  3.04  2.89  2.40  1.47  1.12  0.86  0.79     1.76  1.02  2.10  2.78  1.15
180   70     0.90  1.29  1.29  1.59  2.35  2.54  2.40  1.84  1.37  1.07  0.82  0.75     1.52  0.98  1.75  2.26  1.09
180   80     0.86  1.25  1.23  1.47  1.90  2.04  1.94  1.62  1.29  1.01  0.77  0.71     1.34  0.94  1.53  1.86  1.02
180   90     0.82  1.20  1.16  1.38  1.71  1.78  1.72  1.49  1.20  0.95  0.71  0.67     1.23  0.90  1.42  1.66  0.96
             51.0  45.0  32.2  18.2   6.0   1.5   3.3  12.5  25.2  41.4  50.0  54.2     24.7  49.5  18.2   5.9  38.1
             2.21  3.36  3.78  4.63  5.06  4.68  4.56  4.71  3.92  3.85  2.83  2.31     3.82  2.62  4.44  4.64  3.50
             2.06  3.22  3.75  4.61  4.89  4.44  4.36  4.64  3.92  3.73  2.63  2.10     3.70  2.46  4.42  4.48  3.43
             1.07  1.04  1.01  1.00  1.03  1.05  1.05  1.02  1.00  1.03  1.08  1.10     1.04  1.07  1.02  1.04  1.04
             1.21  1.18  1.11  1.03  0.97  0.95  0.95  1.00  1.07  1.19  1.26  1.29     1.10  1.23  1.04  0.97  1.17
temperature   0.4   0.9   4.4  10.3  15.2  19.3  23.1  23.6  19.5  13.1   7.5   2.6     11.7   1.3  10.0  22.0  13.4
diffusedrad  1.18  1.73  1.90  2.26  2.53  2.63  2.59  2.39  2.04  1.62  1.21  1.03     1.93  1.31  2.23  2.54  1.62
snow10cm     0.30  0.28  0.05  0.00  0.00  0.00  0.00  0.00  0.00  0.00  0.00  0.13     0.06  0.24  0.01  0.00  0.00
