2 67116   庄原            34 51.6  133  1.4  300
             1.74  2.74  3.37  4.41  4.81  4.48  4.43  4.57  3.55  2.98  2.06  1.60     3.40  2.03  4.20  4.49  2.86
             1.99  3.70  3.82  5.32  5.75  5.45  6.06  5.59  4.02  3.59  2.47  2.04     3.75  2.42  4.43  5.32  3.13
             1.46  1.66  2.85  3.66  4.00  3.70  3.32  3.57  2.82  2.58  1.60  1.22     3.12  1.66  3.73  3.79  2.58
  0   10     1.93  2.98  3.57  4.53  4.82  4.45  4.41  4.62  3.69  3.23  2.31  1.82     3.53  2.24  4.31  4.49  3.07
  0   20     2.08  3.17  3.70  4.56  4.74  4.33  4.31  4.59  3.77  3.42  2.51  2.00     3.60  2.42  4.34  4.41  3.23
  0   30     2.20  3.30  3.76  4.50  4.57  4.14  4.13  4.48  3.76  3.54  2.67  2.13     3.60  2.54  4.28  4.25  3.32
  0   40     2.27  3.37  3.73  4.34  4.30  3.88  3.88  4.27  3.68  3.59  2.76  2.23     3.52  2.62  4.13  4.01  3.34
  0   50     2.30  3.37  3.63  4.09  3.95  3.54  3.56  3.97  3.53  3.55  2.79  2.27     3.38  2.65  3.89  3.69  3.29
  0   60     2.28  3.31  3.45  3.75  3.54  3.16  3.18  3.60  3.30  3.43  2.76  2.26     3.17  2.62  3.58  3.32  3.16
  0   70     2.22  3.18  3.20  3.35  3.07  2.73  2.77  3.17  3.01  3.24  2.66  2.20     2.90  2.53  3.21  2.89  2.97
  0   80     2.11  2.99  2.88  2.89  2.56  2.29  2.32  2.69  2.67  2.98  2.51  2.10     2.58  2.40  2.78  2.43  2.72
  0   90     1.97  2.75  2.51  2.38  2.04  1.84  1.87  2.18  2.28  2.65  2.30  1.95     2.23  2.22  2.31  1.96  2.41
 15   10     1.92  2.97  3.56  4.53  4.82  4.44  4.41  4.62  3.68  3.21  2.30  1.81     3.52  2.23  4.30  4.49  3.06
 15   20     2.07  3.15  3.68  4.56  4.74  4.34  4.31  4.59  3.75  3.39  2.50  1.98     3.59  2.40  4.33  4.41  3.21
 15   30     2.17  3.28  3.73  4.49  4.57  4.14  4.13  4.47  3.74  3.50  2.64  2.11     3.58  2.52  4.26  4.25  3.30
 15   40     2.24  3.34  3.70  4.34  4.31  3.89  3.89  4.27  3.66  3.53  2.73  2.19     3.51  2.59  4.12  4.02  3.31
 15   50     2.27  3.33  3.59  4.10  3.97  3.56  3.57  3.98  3.51  3.48  2.75  2.23     3.36  2.61  3.88  3.70  3.25
 15   60     2.24  3.27  3.41  3.77  3.56  3.18  3.21  3.62  3.28  3.36  2.71  2.22     3.15  2.58  3.58  3.34  3.12
 15   70     2.18  3.13  3.15  3.38  3.11  2.77  2.80  3.20  2.99  3.16  2.62  2.16     2.89  2.49  3.21  2.92  2.92
 15   80     2.07  2.94  2.84  2.93  2.62  2.34  2.37  2.73  2.65  2.90  2.46  2.06     2.58  2.36  2.79  2.48  2.67
 15   90     1.92  2.70  2.48  2.44  2.12  1.91  1.94  2.25  2.28  2.57  2.25  1.91     2.23  2.17  2.34  2.03  2.37
 30   10     1.90  2.95  3.53  4.51  4.82  4.45  4.40  4.61  3.66  3.18  2.27  1.79     3.51  2.21  4.29  4.49  3.04
 30   20     2.02  3.10  3.64  4.54  4.74  4.34  4.31  4.58  3.72  3.33  2.44  1.94     3.56  2.36  4.30  4.41  3.16
 30   30     2.12  3.20  3.67  4.48  4.58  4.16  4.14  4.47  3.70  3.42  2.56  2.04     3.54  2.45  4.24  4.26  3.23
 30   40     2.16  3.24  3.62  4.32  4.33  3.90  3.90  4.26  3.61  3.42  2.63  2.11     3.46  2.51  4.09  4.02  3.22
 30   50     2.17  3.22  3.50  4.09  4.01  3.60  3.61  4.00  3.45  3.36  2.63  2.13     3.31  2.51  3.87  3.73  3.15
 30   60     2.14  3.14  3.32  3.78  3.63  3.24  3.26  3.65  3.23  3.22  2.58  2.11     3.11  2.46  3.57  3.38  3.01
 30   70     2.06  3.00  3.06  3.40  3.21  2.86  2.88  3.26  2.95  3.02  2.47  2.04     2.85  2.37  3.22  3.00  2.81
 30   80     1.95  2.81  2.76  2.99  2.75  2.46  2.48  2.83  2.62  2.76  2.31  1.93     2.55  2.23  2.83  2.59  2.56
 30   90     1.80  2.56  2.41  2.55  2.30  2.06  2.08  2.39  2.27  2.44  2.10  1.77     2.23  2.05  2.42  2.18  2.27
 45   10     1.86  2.90  3.49  4.49  4.81  4.44  4.40  4.59  3.63  3.13  2.23  1.75     3.48  2.17  4.27  4.48  3.00
 45   20     1.96  3.02  3.56  4.50  4.73  4.34  4.31  4.56  3.67  3.24  2.36  1.86     3.51  2.28  4.26  4.40  3.09
 45   30     2.02  3.09  3.57  4.42  4.57  4.17  4.14  4.43  3.63  3.28  2.44  1.94     3.48  2.35  4.19  4.25  3.12
 45   40     2.05  3.10  3.50  4.28  4.34  3.93  3.92  4.25  3.53  3.27  2.48  1.98     3.38  2.38  4.04  4.03  3.09
 45   50     2.03  3.05  3.37  4.04  4.04  3.63  3.63  3.98  3.36  3.19  2.46  1.98     3.23  2.36  3.82  3.75  3.00
 45   60     1.98  2.96  3.19  3.76  3.69  3.31  3.31  3.67  3.14  3.03  2.38  1.94     3.03  2.29  3.54  3.43  2.85
 45   70     1.90  2.81  2.94  3.41  3.29  2.95  2.96  3.30  2.88  2.83  2.26  1.85     2.78  2.19  3.21  3.07  2.66
 45   80     1.78  2.62  2.65  3.04  2.88  2.57  2.58  2.91  2.57  2.58  2.10  1.74     2.50  2.04  2.86  2.69  2.42
 45   90     1.63  2.39  2.33  2.63  2.47  2.21  2.22  2.51  2.24  2.28  1.90  1.59     2.20  1.87  2.48  2.31  2.14
 60   10     1.82  2.85  3.44  4.46  4.80  4.44  4.39  4.57  3.60  3.07  2.17  1.70     3.44  2.13  4.24  4.47  2.95
 60   20     1.88  2.92  3.47  4.45  4.71  4.34  4.30  4.52  3.60  3.12  2.25  1.78     3.44  2.19  4.21  4.38  2.99
 60   30     1.90  2.94  3.44  4.35  4.55  4.16  4.13  4.39  3.54  3.13  2.29  1.81     3.39  2.22  4.12  4.23  2.98
 60   40     1.90  2.92  3.35  4.19  4.33  3.94  3.92  4.20  3.41  3.07  2.28  1.82     3.28  2.21  3.96  4.02  2.92
 60   50     1.87  2.85  3.21  3.98  4.04  3.67  3.65  3.95  3.24  2.97  2.24  1.79     3.12  2.17  3.74  3.76  2.82
 60   60     1.80  2.74  3.01  3.69  3.71  3.35  3.34  3.64  3.02  2.81  2.15  1.73     2.92  2.09  3.47  3.44  2.66
 60   70     1.71  2.59  2.78  3.38  3.36  3.02  3.01  3.31  2.77  2.60  2.02  1.64     2.68  1.98  3.17  3.11  2.46
 60   80     1.59  2.41  2.51  3.02  2.97  2.67  2.67  2.95  2.49  2.37  1.87  1.52     2.42  1.84  2.83  2.76  2.24
 60   90     1.45  2.20  2.23  2.67  2.59  2.32  2.32  2.57  2.19  2.10  1.68  1.39     2.14  1.68  2.49  2.40  1.99
 75   10     1.77  2.79  3.39  4.42  4.79  4.44  4.39  4.54  3.55  3.00  2.11  1.65     3.40  2.07  4.20  4.46  2.89
 75   20     1.78  2.80  3.37  4.37  4.69  4.33  4.28  4.47  3.51  2.99  2.13  1.67     3.37  2.09  4.14  4.36  2.88
 75   30     1.78  2.78  3.29  4.26  4.52  4.16  4.12  4.33  3.42  2.94  2.11  1.67     3.28  2.07  4.02  4.20  2.83
 75   40     1.74  2.71  3.18  4.08  4.29  3.93  3.90  4.12  3.28  2.85  2.08  1.64     3.15  2.03  3.85  3.98  2.74
 75   50     1.68  2.62  3.01  3.86  4.02  3.67  3.64  3.88  3.10  2.72  2.00  1.59     2.98  1.97  3.63  3.73  2.61
 75   60     1.60  2.50  2.82  3.60  3.71  3.37  3.35  3.59  2.88  2.56  1.90  1.52     2.78  1.87  3.37  3.44  2.45
 75   70     1.51  2.35  2.59  3.28  3.36  3.04  3.03  3.26  2.63  2.36  1.77  1.42     2.55  1.76  3.08  3.11  2.25
 75   80     1.40  2.19  2.35  2.97  3.01  2.72  2.70  2.93  2.38  2.14  1.62  1.31     2.31  1.63  2.77  2.79  2.04
 75   90     1.27  2.00  2.08  2.63  2.65  2.39  2.38  2.59  2.10  1.91  1.46  1.19     2.05  1.49  2.45  2.45  1.82
 90   10     1.72  2.72  3.33  4.37  4.77  4.43  4.38  4.51  3.51  2.92  2.04  1.59     3.36  2.01  4.16  4.44  2.82
 90   20     1.69  2.67  3.25  4.28  4.65  4.32  4.26  4.41  3.42  2.85  2.00  1.56     3.28  1.97  4.06  4.33  2.75
 90   30     1.64  2.60  3.13  4.14  4.47  4.14  4.09  4.24  3.29  2.74  1.94  1.52     3.16  1.92  3.91  4.16  2.66
 90   40     1.58  2.50  2.97  3.94  4.22  3.91  3.86  4.02  3.13  2.62  1.85  1.46     3.00  1.84  3.71  3.93  2.53
 90   50     1.50  2.38  2.80  3.70  3.95  3.65  3.60  3.76  2.92  2.46  1.76  1.39     2.82  1.75  3.48  3.67  2.38
 90   60     1.41  2.25  2.59  3.44  3.65  3.35  3.31  3.48  2.71  2.28  1.64  1.30     2.62  1.66  3.22  3.38  2.21
 90   70     1.31  2.10  2.38  3.15  3.31  3.04  3.01  3.17  2.47  2.10  1.52  1.21     2.40  1.54  2.95  3.07  2.03
 90   80     1.22  1.96  2.15  2.84  2.97  2.71  2.69  2.85  2.22  1.89  1.38  1.11     2.16  1.43  2.65  2.75  1.83
 90   90     1.11  1.79  1.91  2.54  2.64  2.40  2.38  2.54  1.98  1.69  1.24  1.00     1.94  1.30  2.36  2.44  1.64
105   10     1.67  2.65  3.26  4.33  4.75  4.42  4.37  4.48  3.46  2.85  1.97  1.53     3.31  1.95  4.11  4.42  2.76
105   20     1.59  2.54  3.13  4.19  4.61  4.30  4.24  4.34  3.32  2.71  1.86  1.46     3.19  1.86  3.97  4.29  2.63
105   30     1.50  2.40  2.96  4.00  4.40  4.11  4.05  4.14  3.15  2.54  1.75  1.37     3.03  1.76  3.78  4.10  2.48
105   40     1.41  2.27  2.76  3.77  4.14  3.87  3.81  3.89  2.95  2.36  1.63  1.28     2.85  1.65  3.55  3.86  2.32
105   50     1.32  2.14  2.55  3.50  3.85  3.59  3.54  3.61  2.74  2.19  1.51  1.20     2.65  1.55  3.30  3.58  2.15
105   60     1.24  2.00  2.35  3.22  3.53  3.29  3.24  3.31  2.51  2.01  1.40  1.10     2.43  1.45  3.04  3.28  1.97
105   70     1.15  1.87  2.14  2.94  3.21  2.98  2.94  3.02  2.27  1.82  1.28  1.02     2.22  1.34  2.76  2.98  1.79
105   80     1.06  1.73  1.92  2.66  2.87  2.67  2.63  2.72  2.05  1.65  1.16  0.93     2.00  1.24  2.49  2.67  1.62
105   90     0.97  1.60  1.72  2.37  2.55  2.36  2.32  2.41  1.82  1.46  1.04  0.85     1.79  1.14  2.21  2.36  1.44
120   10     1.62  2.59  3.20  4.28  4.73  4.42  4.36  4.45  3.41  2.78  1.90  1.48     3.27  1.90  4.07  4.41  2.70
120   20     1.50  2.41  3.01  4.09  4.56  4.29  4.22  4.27  3.23  2.57  1.73  1.35     3.10  1.75  3.89  4.26  2.51
120   30     1.37  2.23  2.78  3.85  4.33  4.08  4.01  4.03  3.01  2.34  1.57  1.23     2.90  1.61  3.65  4.04  2.31
120   40     1.26  2.06  2.55  3.57  4.03  3.82  3.75  3.74  2.77  2.12  1.42  1.12     2.68  1.48  3.38  3.77  2.11
120   50     1.17  1.90  2.31  3.27  3.71  3.52  3.45  3.43  2.53  1.92  1.29  1.02     2.46  1.36  3.10  3.46  1.91
120   60     1.08  1.76  2.09  2.98  3.37  3.20  3.13  3.11  2.29  1.73  1.18  0.94     2.24  1.26  2.81  3.15  1.73
120   70     1.01  1.64  1.89  2.69  3.04  2.88  2.82  2.80  2.07  1.56  1.07  0.86     2.03  1.17  2.54  2.83  1.57
120   80     0.94  1.52  1.71  2.42  2.71  2.57  2.52  2.52  1.85  1.41  0.97  0.79     1.83  1.08  2.28  2.53  1.41
120   90     0.87  1.43  1.52  2.17  2.41  2.27  2.23  2.24  1.66  1.26  0.88  0.73     1.64  1.01  2.03  2.25  1.26
135   10     1.58  2.53  3.15  4.24  4.71  4.42  4.35  4.42  3.37  2.72  1.84  1.43     3.23  1.85  4.04  4.40  2.64
135   20     1.41  2.30  2.90  4.01  4.53  4.27  4.20  4.21  3.15  2.44  1.62  1.26     3.02  1.66  3.81  4.23  2.40
135   30     1.26  2.06  2.62  3.71  4.26  4.05  3.97  3.92  2.88  2.16  1.41  1.10     2.78  1.47  3.53  3.98  2.15
135   40     1.13  1.86  2.33  3.37  3.92  3.77  3.68  3.59  2.60  1.89  1.23  0.97     2.53  1.32  3.21  3.68  1.91
135   50     1.04  1.69  2.07  3.02  3.54  3.43  3.34  3.23  2.32  1.66  1.10  0.89     2.28  1.20  2.88  3.33  1.69
135   60     0.97  1.56  1.85  2.69  3.17  3.07  3.00  2.88  2.07  1.48  1.00  0.82     2.04  1.12  2.57  2.98  1.51
135   70     0.91  1.46  1.66  2.41  2.81  2.74  2.67  2.56  1.85  1.33  0.91  0.76     1.84  1.04  2.29  2.65  1.36
135   80     0.86  1.37  1.49  2.15  2.50  2.42  2.36  2.28  1.66  1.20  0.84  0.71     1.65  0.98  2.05  2.35  1.23
135   90     0.81  1.30  1.34  1.93  2.21  2.14  2.09  2.02  1.49  1.09  0.77  0.66     1.49  0.92  1.83  2.08  1.12
150   10     1.55  2.48  3.11  4.21  4.71  4.41  4.35  4.40  3.34  2.67  1.79  1.40     3.20  1.81  4.01  4.39  2.60
150   20     1.35  2.20  2.81  3.93  4.50  4.27  4.19  4.16  3.08  2.34  1.52  1.18     2.96  1.58  3.75  4.21  2.32
150   30     1.16  1.92  2.48  3.59  4.21  4.04  3.95  3.84  2.78  2.00  1.27  0.99     2.69  1.36  3.43  3.94  2.01
150   40     1.03  1.67  2.14  3.19  3.84  3.73  3.63  3.46  2.44  1.68  1.07  0.86     2.40  1.19  3.05  3.61  1.73
150   50     0.96  1.50  1.84  2.77  3.40  3.37  3.26  3.03  2.12  1.43  0.95  0.80     2.12  1.09  2.67  3.22  1.50
150   60     0.92  1.40  1.61  2.39  2.95  2.95  2.86  2.62  1.85  1.26  0.88  0.76     1.87  1.03  2.32  2.81  1.33
150   70     0.87  1.33  1.44  2.09  2.56  2.56  2.48  2.28  1.64  1.15  0.82  0.72     1.66  0.98  2.03  2.44  1.20
150   80     0.83  1.28  1.31  1.87  2.24  2.24  2.17  2.02  1.48  1.06  0.77  0.68     1.50  0.93  1.81  2.14  1.10
150   90     0.79  1.23  1.20  1.68  1.99  1.97  1.92  1.80  1.34  0.98  0.72  0.63     1.35  0.88  1.62  1.90  1.01
165   10     1.52  2.46  3.09  4.19  4.70  4.41  4.34  4.39  3.32  2.64  1.76  1.37     3.18  1.78  3.99  4.38  2.58
165   20     1.30  2.14  2.76  3.89  4.49  4.27  4.18  4.13  3.04  2.27  1.46  1.13     2.92  1.52  3.71  4.20  2.26
165   30     1.09  1.82  2.39  3.52  4.19  4.04  3.94  3.80  2.71  1.89  1.16  0.91     2.62  1.27  3.36  3.93  1.92
165   40     0.98  1.52  1.99  3.07  3.81  3.73  3.63  3.39  2.33  1.50  0.95  0.83     2.31  1.11  2.96  3.58  1.60
165   50     0.95  1.38  1.63  2.58  3.36  3.36  3.25  2.92  1.95  1.23  0.91  0.80     2.02  1.04  2.52  3.18  1.36
165   60     0.91  1.34  1.41  2.10  2.85  2.93  2.82  2.41  1.64  1.12  0.86  0.76     1.76  1.00  2.12  2.72  1.21
165   70     0.87  1.30  1.29  1.79  2.31  2.47  2.35  1.99  1.46  1.06  0.82  0.72     1.54  0.96  1.80  2.27  1.11
165   80     0.83  1.25  1.21  1.62  1.98  2.06  1.99  1.76  1.34  1.00  0.77  0.68     1.37  0.92  1.60  1.94  1.04
165   90     0.79  1.21  1.13  1.48  1.77  1.81  1.75  1.60  1.24  0.94  0.71  0.63     1.25  0.88  1.46  1.72  0.96
180   10     1.52  2.44  3.08  4.18  4.70  4.41  4.35  4.38  3.32  2.63  1.75  1.36     3.18  1.77  3.99  4.38  2.57
180   20     1.28  2.12  2.74  3.87  4.49  4.27  4.19  4.12  3.03  2.25  1.44  1.11     2.91  1.50  3.70  4.19  2.24
180   30     1.06  1.77  2.36  3.48  4.19  4.04  3.94  3.78  2.69  1.84  1.12  0.88     2.60  1.24  3.34  3.92  1.88
180   40     0.98  1.45  1.93  3.03  3.80  3.73  3.63  3.36  2.30  1.42  0.94  0.83     2.29  1.09  2.92  3.58  1.55
180   50     0.95  1.38  1.49  2.53  3.35  3.36  3.25  2.89  1.88  1.17  0.91  0.80     2.00  1.04  2.46  3.17  1.32
180   60     0.91  1.34  1.33  1.99  2.84  2.94  2.82  2.37  1.48  1.12  0.86  0.76     1.73  1.00  2.05  2.71  1.15
180   70     0.87  1.30  1.26  1.59  2.29  2.47  2.35  1.83  1.38  1.06  0.82  0.72     1.49  0.96  1.71  2.22  1.09
180   80     0.83  1.25  1.19  1.47  1.87  1.99  1.91  1.61  1.29  1.00  0.77  0.68     1.32  0.92  1.51  1.84  1.02
180   90     0.79  1.21  1.11  1.37  1.69  1.75  1.70  1.48  1.21  0.94  0.71  0.63     1.22  0.88  1.39  1.64  0.95
             51.2  45.2  32.0  18.2   6.2   1.8   3.5  12.5  24.7  40.3  49.9  53.6     25.0  49.5  18.4   6.1  37.5
             2.30  3.38  3.76  4.56  4.83  4.47  4.43  4.62  3.77  3.59  2.79  2.27     3.73  2.65  4.34  4.50  3.34
             2.14  3.24  3.74  4.54  4.67  4.25  4.23  4.55  3.77  3.49  2.60  2.07     3.61  2.49  4.32  4.34  3.29
             1.07  1.04  1.01  1.00  1.03  1.05  1.05  1.02  1.00  1.03  1.07  1.10     1.04  1.07  1.01  1.04  1.03
             1.23  1.18  1.11  1.03  0.97  0.95  0.95  1.00  1.06  1.17  1.26  1.29     1.10  1.24  1.04  0.97  1.17
temperature   0.8   1.6   5.3  11.3  16.0  20.0  23.7  24.6  20.2  13.7   7.9   2.9     12.3   1.8  10.9  22.8  13.9
diffusedrad  1.17  1.74  1.88  2.26  2.53  2.64  2.59  2.39  2.04  1.61  1.20  1.02     1.92  1.31  2.22  2.54  1.62
snow10cm     0.22  0.28  0.00  0.00  0.00  0.00  0.00  0.00  0.00  0.00  0.00  0.06     0.05  0.19  0.00  0.00  0.00
