2 67212   加計            34 36.6  132 19.2  210
             1.68  2.74  3.25  4.27  4.83  4.44  4.34  4.42  3.56  3.07  2.14  1.62     3.36  2.01  4.12  4.40  2.92
             1.97  3.84  3.91  5.12  5.74  5.40  5.90  5.36  4.07  3.56  2.58  2.20     3.75  2.36  4.52  5.22  3.20
             1.38  1.47  2.71  3.71  3.89  3.68  3.33  3.58  2.81  2.56  1.62  1.16     3.06  1.52  3.72  3.77  2.61
  0   10     1.82  2.95  3.42  4.38  4.84  4.40  4.32  4.47  3.70  3.35  2.40  1.83     3.49  2.20  4.21  4.40  3.15
  0   20     1.95  3.12  3.54  4.41  4.75  4.29  4.22  4.45  3.77  3.56  2.62  2.01     3.56  2.36  4.23  4.32  3.32
  0   30     2.05  3.24  3.59  4.34  4.58  4.10  4.05  4.33  3.77  3.69  2.79  2.15     3.56  2.48  4.17  4.16  3.41
  0   40     2.11  3.29  3.56  4.19  4.31  3.84  3.81  4.13  3.68  3.74  2.89  2.23     3.48  2.54  4.02  3.92  3.44
  0   50     2.13  3.29  3.46  3.94  3.96  3.51  3.50  3.84  3.53  3.70  2.92  2.28     3.34  2.57  3.79  3.62  3.38
  0   60     2.11  3.23  3.29  3.62  3.54  3.13  3.13  3.49  3.30  3.58  2.89  2.27     3.13  2.54  3.48  3.25  3.26
  0   70     2.05  3.11  3.05  3.23  3.07  2.71  2.72  3.07  3.01  3.38  2.79  2.22     2.87  2.46  3.12  2.83  3.06
  0   80     1.96  2.94  2.75  2.79  2.55  2.26  2.29  2.61  2.66  3.11  2.63  2.12     2.56  2.34  2.70  2.39  2.80
  0   90     1.84  2.72  2.41  2.31  2.04  1.83  1.85  2.12  2.27  2.77  2.42  1.97     2.21  2.17  2.25  1.93  2.49
 15   10     1.82  2.95  3.41  4.38  4.84  4.40  4.32  4.47  3.69  3.34  2.39  1.83     3.49  2.20  4.21  4.40  3.14
 15   20     1.94  3.11  3.52  4.40  4.75  4.29  4.22  4.44  3.76  3.54  2.61  1.99     3.55  2.35  4.23  4.32  3.30
 15   30     2.03  3.22  3.56  4.34  4.58  4.10  4.05  4.33  3.75  3.66  2.76  2.12     3.54  2.46  4.16  4.16  3.39
 15   40     2.08  3.27  3.53  4.19  4.32  3.85  3.81  4.13  3.67  3.70  2.85  2.21     3.47  2.52  4.01  3.93  3.41
 15   50     2.10  3.26  3.42  3.95  3.97  3.52  3.50  3.85  3.51  3.66  2.88  2.24     3.32  2.53  3.78  3.62  3.35
 15   60     2.08  3.19  3.25  3.63  3.56  3.15  3.15  3.50  3.28  3.53  2.84  2.23     3.12  2.50  3.48  3.27  3.22
 15   70     2.02  3.07  3.01  3.26  3.11  2.74  2.75  3.10  2.99  3.33  2.74  2.17     2.86  2.42  3.12  2.86  3.02
 15   80     1.93  2.90  2.71  2.83  2.61  2.31  2.33  2.65  2.65  3.06  2.58  2.07     2.55  2.30  2.72  2.43  2.76
 15   90     1.80  2.67  2.37  2.36  2.11  1.89  1.91  2.19  2.27  2.72  2.36  1.92     2.22  2.13  2.28  2.00  2.45
 30   10     1.80  2.92  3.39  4.37  4.83  4.40  4.32  4.46  3.67  3.31  2.36  1.80     3.47  2.17  4.20  4.39  3.11
 30   20     1.91  3.06  3.48  4.38  4.75  4.29  4.22  4.43  3.72  3.48  2.55  1.95     3.52  2.31  4.21  4.32  3.25
 30   30     1.98  3.15  3.50  4.32  4.59  4.11  4.06  4.32  3.71  3.58  2.68  2.06     3.50  2.40  4.14  4.16  3.32
 30   40     2.02  3.18  3.46  4.16  4.33  3.86  3.82  4.12  3.61  3.61  2.75  2.12     3.42  2.44  3.98  3.94  3.32
 30   50     2.02  3.16  3.34  3.94  4.01  3.56  3.54  3.86  3.45  3.55  2.75  2.14     3.28  2.44  3.77  3.65  3.25
 30   60     2.00  3.08  3.16  3.64  3.63  3.21  3.19  3.52  3.23  3.41  2.70  2.12     3.07  2.40  3.48  3.31  3.11
 30   70     1.93  2.95  2.92  3.28  3.21  2.83  2.82  3.15  2.94  3.21  2.59  2.05     2.82  2.31  3.14  2.93  2.91
 30   80     1.83  2.77  2.64  2.88  2.75  2.43  2.44  2.73  2.62  2.94  2.42  1.94     2.53  2.18  2.76  2.53  2.66
 30   90     1.71  2.55  2.31  2.46  2.29  2.04  2.05  2.31  2.26  2.61  2.20  1.79     2.21  2.02  2.35  2.13  2.36
 45   10     1.77  2.88  3.36  4.34  4.83  4.40  4.31  4.45  3.64  3.26  2.32  1.77     3.44  2.14  4.18  4.39  3.07
 45   20     1.85  2.99  3.42  4.35  4.74  4.29  4.22  4.41  3.67  3.40  2.46  1.88     3.47  2.24  4.17  4.31  3.17
 45   30     1.90  3.04  3.42  4.27  4.58  4.12  4.06  4.29  3.63  3.46  2.55  1.96     3.44  2.30  4.09  4.15  3.21
 45   40     1.92  3.05  3.35  4.12  4.34  3.89  3.84  4.10  3.53  3.46  2.59  1.99     3.35  2.32  3.94  3.94  3.19
 45   50     1.91  3.00  3.22  3.90  4.04  3.59  3.56  3.84  3.36  3.38  2.57  1.99     3.20  2.30  3.72  3.66  3.10
 45   60     1.86  2.91  3.04  3.62  3.69  3.27  3.24  3.54  3.14  3.24  2.49  1.95     3.00  2.24  3.45  3.35  2.96
 45   70     1.79  2.77  2.81  3.28  3.29  2.92  2.90  3.18  2.87  3.04  2.36  1.87     2.76  2.14  3.13  3.00  2.76
 45   80     1.69  2.59  2.54  2.92  2.88  2.54  2.53  2.81  2.57  2.78  2.20  1.75     2.48  2.01  2.78  2.63  2.51
 45   90     1.56  2.39  2.24  2.53  2.47  2.18  2.18  2.42  2.24  2.47  1.99  1.61     2.19  1.85  2.41  2.26  2.23
 60   10     1.74  2.84  3.31  4.31  4.82  4.40  4.31  4.42  3.61  3.20  2.26  1.72     3.41  2.10  4.15  4.38  3.02
 60   20     1.78  2.90  3.33  4.30  4.73  4.29  4.21  4.37  3.60  3.28  2.34  1.79     3.41  2.16  4.12  4.29  3.08
 60   30     1.80  2.91  3.30  4.20  4.56  4.12  4.05  4.25  3.54  3.31  2.39  1.83     3.35  2.18  4.02  4.14  3.08
 60   40     1.80  2.88  3.21  4.04  4.34  3.90  3.84  4.05  3.42  3.26  2.38  1.83     3.25  2.17  3.86  3.93  3.02
 60   50     1.77  2.81  3.07  3.83  4.05  3.63  3.58  3.81  3.25  3.17  2.34  1.81     3.09  2.13  3.65  3.67  2.92
 60   60     1.71  2.71  2.88  3.55  3.71  3.31  3.27  3.51  3.02  3.02  2.25  1.75     2.89  2.05  3.38  3.37  2.76
 60   70     1.63  2.57  2.67  3.25  3.36  2.98  2.95  3.19  2.77  2.81  2.11  1.65     2.66  1.95  3.09  3.04  2.56
 60   80     1.53  2.40  2.40  2.91  2.97  2.64  2.61  2.84  2.48  2.58  1.95  1.54     2.40  1.82  2.76  2.70  2.34
 60   90     1.41  2.21  2.14  2.56  2.58  2.29  2.27  2.48  2.19  2.30  1.75  1.41     2.13  1.68  2.43  2.35  2.08
 75   10     1.70  2.78  3.26  4.28  4.80  4.39  4.30  4.40  3.56  3.13  2.19  1.67     3.37  2.05  4.11  4.36  2.96
 75   20     1.71  2.79  3.24  4.22  4.70  4.28  4.20  4.32  3.52  3.15  2.21  1.69     3.34  2.06  4.05  4.27  2.96
 75   30     1.70  2.76  3.16  4.11  4.53  4.11  4.04  4.18  3.42  3.12  2.20  1.69     3.25  2.05  3.93  4.11  2.91
 75   40     1.66  2.69  3.05  3.94  4.30  3.89  3.82  3.98  3.28  3.04  2.16  1.66     3.12  2.00  3.76  3.90  2.83
 75   50     1.61  2.61  2.89  3.72  4.03  3.63  3.56  3.74  3.10  2.92  2.08  1.61     2.96  1.94  3.54  3.65  2.70
 75   60     1.54  2.49  2.71  3.46  3.71  3.33  3.28  3.46  2.88  2.76  1.98  1.53     2.76  1.86  3.29  3.36  2.54
 75   70     1.46  2.35  2.49  3.16  3.36  3.01  2.96  3.15  2.63  2.56  1.84  1.44     2.53  1.75  3.00  3.04  2.35
 75   80     1.37  2.19  2.26  2.85  3.01  2.69  2.64  2.83  2.38  2.34  1.69  1.33     2.30  1.63  2.71  2.72  2.13
 75   90     1.26  2.02  2.01  2.53  2.65  2.36  2.33  2.50  2.10  2.10  1.52  1.21     2.05  1.50  2.40  2.40  1.91
 90   10     1.66  2.72  3.20  4.24  4.78  4.39  4.29  4.37  3.51  3.05  2.11  1.61     3.33  2.00  4.07  4.35  2.89
 90   20     1.63  2.67  3.13  4.14  4.67  4.27  4.18  4.27  3.42  3.00  2.07  1.58     3.25  1.96  3.98  4.24  2.83
 90   30     1.58  2.59  3.01  4.00  4.48  4.09  4.01  4.10  3.29  2.91  2.01  1.53     3.13  1.90  3.83  4.07  2.74
 90   40     1.52  2.50  2.86  3.81  4.24  3.87  3.79  3.89  3.13  2.79  1.92  1.48     2.98  1.83  3.63  3.85  2.61
 90   50     1.45  2.38  2.70  3.57  3.96  3.61  3.53  3.63  2.93  2.65  1.82  1.40     2.80  1.75  3.41  3.59  2.47
 90   60     1.38  2.26  2.50  3.31  3.65  3.32  3.25  3.36  2.71  2.47  1.70  1.32     2.60  1.66  3.15  3.31  2.29
 90   70     1.29  2.12  2.29  3.03  3.32  3.00  2.94  3.06  2.47  2.29  1.58  1.23     2.39  1.55  2.88  3.00  2.11
 90   80     1.22  1.99  2.08  2.73  2.97  2.68  2.63  2.75  2.22  2.08  1.43  1.13     2.16  1.45  2.59  2.69  1.91
 90   90     1.12  1.84  1.85  2.44  2.64  2.38  2.33  2.44  1.98  1.88  1.29  1.03     1.93  1.33  2.31  2.38  1.72
105   10     1.61  2.66  3.15  4.19  4.76  4.38  4.28  4.34  3.47  2.97  2.04  1.55     3.28  1.94  4.03  4.33  2.83
105   20     1.54  2.55  3.02  4.06  4.62  4.26  4.16  4.21  3.33  2.84  1.93  1.47     3.17  1.86  3.90  4.21  2.70
105   30     1.47  2.42  2.86  3.87  4.41  4.07  3.97  4.01  3.16  2.69  1.81  1.39     3.01  1.76  3.71  4.02  2.55
105   40     1.39  2.30  2.67  3.64  4.15  3.83  3.73  3.77  2.96  2.52  1.69  1.30     2.83  1.66  3.49  3.78  2.39
105   50     1.31  2.17  2.48  3.39  3.85  3.56  3.46  3.50  2.74  2.35  1.57  1.22     2.63  1.56  3.24  3.51  2.22
105   60     1.23  2.04  2.28  3.11  3.54  3.26  3.18  3.20  2.51  2.18  1.44  1.13     2.42  1.47  2.98  3.21  2.04
105   70     1.15  1.91  2.08  2.84  3.21  2.95  2.88  2.92  2.28  1.99  1.32  1.04     2.21  1.37  2.71  2.92  1.86
105   80     1.08  1.79  1.88  2.57  2.88  2.64  2.57  2.62  2.05  1.81  1.20  0.95     2.00  1.27  2.44  2.61  1.69
105   90     1.01  1.67  1.69  2.29  2.55  2.33  2.27  2.33  1.82  1.63  1.08  0.88     1.79  1.19  2.17  2.31  1.51
120   10     1.57  2.60  3.09  4.15  4.75  4.38  4.27  4.31  3.42  2.89  1.97  1.50     3.24  1.89  4.00  4.32  2.76
120   20     1.46  2.44  2.91  3.97  4.58  4.24  4.13  4.14  3.24  2.69  1.79  1.37     3.08  1.76  3.82  4.17  2.57
120   30     1.36  2.27  2.70  3.73  4.34  4.04  3.93  3.91  3.02  2.47  1.62  1.25     2.89  1.62  3.59  3.96  2.37
120   40     1.26  2.10  2.48  3.46  4.04  3.78  3.67  3.63  2.78  2.26  1.46  1.14     2.67  1.50  3.33  3.70  2.17
120   50     1.18  1.95  2.26  3.17  3.72  3.48  3.38  3.33  2.54  2.06  1.32  1.05     2.45  1.39  3.05  3.40  1.97
120   60     1.11  1.83  2.05  2.89  3.38  3.17  3.08  3.02  2.30  1.87  1.21  0.96     2.24  1.30  2.77  3.09  1.79
120   70     1.04  1.72  1.86  2.61  3.04  2.85  2.77  2.72  2.07  1.70  1.10  0.89     2.03  1.22  2.50  2.78  1.62
120   80     0.98  1.61  1.68  2.34  2.72  2.54  2.47  2.44  1.85  1.54  1.00  0.82     1.83  1.14  2.25  2.48  1.47
120   90     0.93  1.52  1.50  2.10  2.41  2.25  2.19  2.17  1.66  1.39  0.90  0.76     1.65  1.07  2.00  2.20  1.32
135   10     1.53  2.55  3.05  4.11  4.73  4.37  4.26  4.29  3.38  2.83  1.91  1.45     3.21  1.85  3.96  4.31  2.70
135   20     1.39  2.34  2.82  3.89  4.54  4.23  4.12  4.09  3.16  2.55  1.67  1.28     3.01  1.67  3.75  4.15  2.46
135   30     1.26  2.12  2.56  3.60  4.27  4.01  3.90  3.81  2.89  2.27  1.45  1.12     2.77  1.50  3.48  3.91  2.20
135   40     1.15  1.93  2.29  3.27  3.93  3.73  3.61  3.49  2.61  2.00  1.26  1.00     2.52  1.36  3.17  3.61  1.96
135   50     1.07  1.77  2.04  2.94  3.56  3.40  3.29  3.14  2.33  1.77  1.12  0.91     2.28  1.25  2.85  3.28  1.74
135   60     1.01  1.65  1.83  2.63  3.18  3.05  2.95  2.80  2.07  1.58  1.01  0.84     2.05  1.17  2.54  2.93  1.55
135   70     0.96  1.56  1.65  2.34  2.82  2.71  2.62  2.50  1.85  1.43  0.93  0.79     1.85  1.10  2.27  2.61  1.40
135   80     0.92  1.47  1.49  2.10  2.50  2.40  2.32  2.22  1.66  1.30  0.85  0.74     1.66  1.04  2.03  2.31  1.27
135   90     0.88  1.41  1.34  1.87  2.22  2.12  2.05  1.97  1.49  1.19  0.78  0.69     1.50  0.99  1.81  2.05  1.15
150   10     1.51  2.51  3.01  4.09  4.72  4.37  4.26  4.27  3.35  2.77  1.86  1.42     3.18  1.81  3.94  4.30  2.66
150   20     1.34  2.25  2.74  3.82  4.52  4.23  4.11  4.04  3.09  2.44  1.57  1.20     2.95  1.60  3.69  4.13  2.37
150   30     1.18  2.00  2.43  3.50  4.22  4.00  3.88  3.74  2.79  2.08  1.30  1.01     2.68  1.40  3.38  3.87  2.06
150   40     1.06  1.77  2.12  3.11  3.85  3.70  3.57  3.37  2.45  1.76  1.08  0.89     2.40  1.24  3.03  3.55  1.76
150   50     1.01  1.61  1.83  2.71  3.41  3.34  3.21  2.97  2.13  1.50  0.96  0.83     2.13  1.15  2.65  3.17  1.53
150   60     0.97  1.51  1.61  2.35  2.96  2.94  2.82  2.57  1.85  1.33  0.89  0.79     1.88  1.09  2.31  2.77  1.36
150   70     0.94  1.45  1.46  2.05  2.56  2.55  2.45  2.24  1.64  1.21  0.83  0.75     1.68  1.05  2.02  2.41  1.23
150   80     0.90  1.40  1.33  1.83  2.24  2.23  2.14  1.98  1.48  1.12  0.78  0.71     1.51  1.00  1.80  2.12  1.13
150   90     0.87  1.35  1.22  1.65  1.99  1.96  1.89  1.77  1.34  1.04  0.73  0.67     1.37  0.96  1.62  1.87  1.03
165   10     1.49  2.48  2.99  4.07  4.72  4.37  4.26  4.25  3.33  2.73  1.83  1.39     3.16  1.79  3.92  4.29  2.63
165   20     1.30  2.20  2.69  3.78  4.51  4.23  4.11  4.02  3.05  2.36  1.50  1.15     2.91  1.55  3.66  4.12  2.30
165   30     1.12  1.91  2.35  3.43  4.21  4.00  3.87  3.70  2.72  1.95  1.18  0.94     2.61  1.32  3.33  3.86  1.95
165   40     1.02  1.64  1.99  3.01  3.83  3.70  3.57  3.31  2.34  1.55  0.95  0.85     2.31  1.17  2.94  3.53  1.62
165   50     1.00  1.50  1.65  2.54  3.37  3.34  3.20  2.87  1.96  1.26  0.91  0.82     2.03  1.11  2.52  3.13  1.38
165   60     0.97  1.46  1.44  2.08  2.86  2.92  2.78  2.38  1.64  1.15  0.87  0.79     1.78  1.07  2.12  2.69  1.22
165   70     0.94  1.42  1.32  1.78  2.32  2.46  2.33  1.97  1.46  1.09  0.82  0.75     1.55  1.04  1.80  2.25  1.13
165   80     0.90  1.38  1.24  1.60  1.98  2.05  1.97  1.74  1.34  1.03  0.77  0.71     1.39  1.00  1.61  1.92  1.05
165   90     0.87  1.34  1.16  1.47  1.77  1.81  1.74  1.58  1.24  0.97  0.72  0.67     1.28  0.96  1.46  1.71  0.98
180   10     1.49  2.48  2.98  4.05  4.72  4.37  4.26  4.25  3.33  2.72  1.81  1.38     3.15  1.78  3.92  4.29  2.62
180   20     1.29  2.18  2.68  3.77  4.51  4.23  4.11  4.00  3.04  2.32  1.48  1.13     2.89  1.53  3.65  4.11  2.28
180   30     1.10  1.87  2.32  3.40  4.21  4.00  3.88  3.68  2.70  1.89  1.14  0.91     2.59  1.29  3.31  3.85  1.91
180   40     1.02  1.57  1.93  2.97  3.82  3.70  3.57  3.29  2.31  1.45  0.95  0.85     2.29  1.15  2.91  3.52  1.57
180   50     1.00  1.50  1.52  2.50  3.37  3.34  3.20  2.84  1.90  1.18  0.91  0.82     2.01  1.11  2.46  3.13  1.33
180   60     0.97  1.46  1.36  1.98  2.86  2.92  2.79  2.35  1.48  1.13  0.87  0.79     1.75  1.07  2.07  2.68  1.16
180   70     0.94  1.42  1.29  1.59  2.30  2.46  2.33  1.83  1.38  1.08  0.82  0.75     1.52  1.04  1.73  2.21  1.09
180   80     0.90  1.38  1.22  1.47  1.88  1.99  1.90  1.61  1.29  1.02  0.77  0.71     1.35  1.00  1.52  1.83  1.03
180   90     0.87  1.34  1.15  1.37  1.69  1.74  1.68  1.48  1.21  0.96  0.72  0.67     1.24  0.96  1.40  1.64  0.96
             50.6  44.6  31.2  17.7   5.9   1.7   3.3  12.1  24.5  40.7  50.3  53.8     24.6  49.2  17.3   5.9  38.0
             2.13  3.30  3.59  4.41  4.85  4.43  4.34  4.47  3.78  3.74  2.92  2.28     3.69  2.57  4.24  4.40  3.44
             2.00  3.18  3.57  4.39  4.68  4.21  4.15  4.40  3.78  3.63  2.71  2.08     3.57  2.42  4.22  4.26  3.37
             1.06  1.04  1.01  1.00  1.04  1.05  1.05  1.02  1.00  1.03  1.08  1.10     1.04  1.07  1.02  1.04  1.04
             1.19  1.16  1.10  1.03  0.97  0.95  0.96  1.00  1.06  1.18  1.27  1.28     1.10  1.21  1.03  0.97  1.17
temperature   1.8   2.5   6.0  11.9  16.6  20.7  24.5  25.2  21.0  14.7   9.0   4.0     13.2   2.8  11.5  23.5  14.9
diffusedrad  1.19  1.83  1.89  2.25  2.53  2.63  2.58  2.39  2.05  1.63  1.22  1.04     1.94  1.35  2.22  2.54  1.63
snow10cm     0.38  0.40  0.04  0.00  0.00  0.00  0.00  0.00  0.00  0.00  0.00  0.12     0.08  0.30  0.01  0.00  0.00
