2 67376   東広島          34   25  132   42  223
             2.10  2.75  3.60  4.56  4.98  4.52  4.70  4.79  3.75  3.23  2.37  2.00     3.61  2.29  4.38  4.67  3.12
             2.53  3.41  4.39  5.58  5.84  5.42  6.53  5.67  4.56  3.82  2.73  2.36     3.96  2.65  4.86  5.63  3.50
             1.68  1.68  2.80  3.87  3.68  3.37  3.50  3.47  2.97  2.81  1.96  1.66     3.14  1.77  3.71  3.69  2.74
  0   10     2.42  3.07  3.84  4.68  4.99  4.48  4.66  4.85  3.91  3.56  2.71  2.37     3.80  2.62  4.50  4.67  3.40
  0   20     2.70  3.31  4.00  4.72  4.90  4.36  4.55  4.83  4.00  3.81  3.01  2.69     3.91  2.90  4.54  4.58  3.61
  0   30     2.92  3.49  4.08  4.65  4.71  4.16  4.35  4.70  4.01  3.97  3.23  2.94     3.94  3.12  4.48  4.41  3.74
  0   40     3.07  3.58  4.07  4.48  4.43  3.89  4.07  4.47  3.92  4.04  3.38  3.12     3.88  3.26  4.33  4.14  3.78
  0   50     3.15  3.59  3.96  4.22  4.06  3.54  3.72  4.15  3.76  4.02  3.44  3.23     3.74  3.32  4.08  3.80  3.74
  0   60     3.15  3.52  3.76  3.87  3.61  3.15  3.30  3.75  3.52  3.90  3.42  3.25     3.52  3.31  3.75  3.40  3.61
  0   70     3.07  3.36  3.49  3.44  3.12  2.71  2.84  3.28  3.20  3.69  3.32  3.20     3.23  3.21  3.35  2.94  3.40
  0   80     2.92  3.13  3.14  2.95  2.58  2.25  2.36  2.77  2.82  3.39  3.14  3.06     2.88  3.04  2.89  2.46  3.12
  0   90     2.71  2.83  2.73  2.42  2.03  1.80  1.87  2.21  2.40  3.02  2.89  2.86     2.48  2.80  2.39  1.96  2.77
 15   10     2.41  3.06  3.83  4.68  4.99  4.48  4.66  4.85  3.90  3.55  2.70  2.36     3.79  2.61  4.50  4.67  3.38
 15   20     2.67  3.29  3.98  4.72  4.90  4.37  4.55  4.82  3.98  3.79  2.98  2.66     3.89  2.88  4.53  4.58  3.59
 15   30     2.88  3.46  4.04  4.65  4.71  4.16  4.36  4.70  3.98  3.94  3.20  2.90     3.92  3.08  4.47  4.41  3.71
 15   40     3.01  3.54  4.02  4.49  4.44  3.90  4.09  4.48  3.90  4.00  3.33  3.07     3.86  3.21  4.32  4.15  3.75
 15   50     3.08  3.54  3.91  4.23  4.08  3.56  3.73  4.17  3.74  3.97  3.39  3.17     3.71  3.26  4.07  3.82  3.70
 15   60     3.07  3.46  3.71  3.88  3.64  3.17  3.33  3.77  3.50  3.85  3.37  3.18     3.50  3.24  3.75  3.43  3.57
 15   70     2.99  3.31  3.43  3.47  3.17  2.75  2.88  3.32  3.18  3.63  3.26  3.12     3.21  3.14  3.36  2.98  3.36
 15   80     2.84  3.07  3.08  3.00  2.65  2.31  2.42  2.81  2.81  3.34  3.08  2.99     2.87  2.97  2.91  2.51  3.08
 15   90     2.62  2.77  2.68  2.49  2.12  1.87  1.95  2.30  2.40  2.97  2.82  2.78     2.48  2.72  2.43  2.04  2.73
 30   10     2.37  3.02  3.79  4.67  4.99  4.48  4.66  4.84  3.88  3.51  2.67  2.32     3.77  2.57  4.48  4.66  3.35
 30   20     2.60  3.23  3.92  4.70  4.90  4.37  4.55  4.81  3.95  3.73  2.91  2.58     3.85  2.80  4.51  4.58  3.53
 30   30     2.77  3.36  3.97  4.63  4.73  4.18  4.37  4.69  3.94  3.86  3.09  2.79     3.87  2.97  4.44  4.42  3.63
 30   40     2.87  3.42  3.93  4.47  4.46  3.92  4.11  4.47  3.84  3.90  3.20  2.92     3.79  3.07  4.29  4.17  3.65
 30   50     2.91  3.41  3.81  4.23  4.13  3.61  3.79  4.19  3.67  3.85  3.23  2.99     3.65  3.10  4.06  3.86  3.58
 30   60     2.88  3.32  3.61  3.91  3.72  3.24  3.40  3.82  3.44  3.71  3.18  2.99     3.43  3.06  3.75  3.49  3.44
 30   70     2.78  3.15  3.33  3.52  3.28  2.85  2.99  3.40  3.13  3.50  3.06  2.91     3.16  2.95  3.38  3.08  3.23
 30   80     2.62  2.91  3.00  3.08  2.80  2.44  2.56  2.93  2.79  3.21  2.87  2.76     2.83  2.76  2.96  2.64  2.95
 30   90     2.40  2.61  2.62  2.62  2.33  2.04  2.13  2.47  2.40  2.85  2.61  2.55     2.47  2.52  2.52  2.21  2.62
 45   10     2.31  2.97  3.75  4.64  4.98  4.48  4.66  4.83  3.85  3.46  2.61  2.26     3.73  2.51  4.46  4.66  3.30
 45   20     2.48  3.13  3.84  4.66  4.89  4.37  4.55  4.79  3.89  3.63  2.79  2.46     3.79  2.69  4.46  4.57  3.44
 45   30     2.61  3.23  3.86  4.58  4.73  4.19  4.38  4.66  3.85  3.71  2.92  2.62     3.78  2.82  4.39  4.41  3.50
 45   40     2.67  3.25  3.80  4.43  4.48  3.95  4.13  4.46  3.75  3.73  2.99  2.71     3.70  2.88  4.24  4.18  3.49
 45   50     2.67  3.21  3.66  4.19  4.16  3.65  3.82  4.18  3.58  3.67  2.99  2.74     3.54  2.87  4.00  3.88  3.41
 45   60     2.62  3.10  3.46  3.90  3.80  3.32  3.48  3.85  3.35  3.52  2.92  2.70     3.33  2.81  3.72  3.55  3.26
 45   70     2.51  2.93  3.20  3.53  3.38  2.95  3.10  3.46  3.06  3.31  2.78  2.60     3.07  2.68  3.37  3.17  3.05
 45   80     2.34  2.69  2.88  3.14  2.96  2.56  2.69  3.04  2.73  3.03  2.59  2.45     2.76  2.50  2.99  2.77  2.79
 45   90     2.13  2.42  2.53  2.71  2.53  2.20  2.30  2.62  2.38  2.70  2.35  2.25     2.43  2.27  2.59  2.37  2.48
 60   10     2.24  2.90  3.69  4.61  4.97  4.48  4.65  4.80  3.80  3.39  2.53  2.18     3.69  2.44  4.42  4.64  3.24
 60   20     2.35  3.01  3.73  4.60  4.88  4.37  4.55  4.75  3.81  3.49  2.65  2.31     3.71  2.56  4.40  4.56  3.32
 60   30     2.41  3.04  3.71  4.51  4.71  4.19  4.37  4.62  3.75  3.54  2.72  2.40     3.66  2.62  4.31  4.39  3.34
 60   40     2.43  3.03  3.62  4.35  4.48  3.97  4.14  4.41  3.63  3.51  2.73  2.44     3.56  2.63  4.15  4.17  3.29
 60   50     2.40  2.96  3.48  4.13  4.18  3.69  3.86  4.16  3.45  3.42  2.70  2.44     3.40  2.60  3.93  3.90  3.19
 60   60     2.31  2.83  3.26  3.83  3.83  3.36  3.52  3.83  3.22  3.27  2.61  2.37     3.19  2.51  3.64  3.57  3.03
 60   70     2.20  2.67  3.02  3.51  3.47  3.03  3.17  3.48  2.95  3.06  2.46  2.26     2.94  2.37  3.33  3.23  2.82
 60   80     2.04  2.45  2.72  3.14  3.07  2.68  2.80  3.10  2.65  2.81  2.28  2.11     2.65  2.20  2.98  2.86  2.58
 60   90     1.83  2.20  2.42  2.76  2.66  2.33  2.43  2.70  2.34  2.51  2.06  1.93     2.35  1.99  2.62  2.49  2.30
 75   10     2.16  2.83  3.63  4.57  4.96  4.47  4.64  4.77  3.75  3.31  2.44  2.09     3.63  2.36  4.38  4.63  3.17
 75   20     2.19  2.85  3.61  4.52  4.85  4.37  4.54  4.69  3.71  3.34  2.48  2.14     3.61  2.39  4.33  4.53  3.18
 75   30     2.19  2.84  3.53  4.41  4.68  4.19  4.36  4.55  3.62  3.32  2.48  2.17     3.53  2.40  4.21  4.37  3.14
 75   40     2.15  2.78  3.42  4.23  4.44  3.96  4.12  4.34  3.48  3.26  2.45  2.15     3.40  2.36  4.03  4.14  3.06
 75   50     2.10  2.68  3.25  4.00  4.16  3.70  3.85  4.08  3.29  3.14  2.37  2.10     3.23  2.29  3.80  3.88  2.93
 75   60     2.00  2.54  3.04  3.73  3.84  3.40  3.54  3.78  3.06  2.98  2.27  2.02     3.02  2.19  3.54  3.57  2.77
 75   70     1.87  2.37  2.80  3.41  3.48  3.06  3.20  3.44  2.80  2.78  2.13  1.90     2.77  2.05  3.23  3.23  2.57
 75   80     1.72  2.18  2.54  3.09  3.12  2.74  2.85  3.09  2.53  2.55  1.95  1.76     2.51  1.89  2.91  2.89  2.34
 75   90     1.54  1.95  2.25  2.74  2.74  2.40  2.51  2.73  2.23  2.29  1.76  1.60     2.23  1.70  2.58  2.55  2.10
 90   10     2.07  2.74  3.55  4.52  4.94  4.47  4.64  4.74  3.70  3.22  2.34  1.99     3.58  2.27  4.34  4.62  3.09
 90   20     2.02  2.69  3.47  4.43  4.82  4.35  4.51  4.63  3.61  3.17  2.30  1.96     3.50  2.22  4.24  4.50  3.02
 90   30     1.96  2.61  3.34  4.28  4.63  4.17  4.33  4.46  3.47  3.08  2.24  1.91     3.37  2.16  4.08  4.32  2.93
 90   40     1.89  2.51  3.18  4.08  4.37  3.94  4.09  4.23  3.30  2.97  2.14  1.85     3.21  2.08  3.88  4.09  2.80
 90   50     1.78  2.38  3.00  3.83  4.09  3.68  3.81  3.95  3.09  2.82  2.05  1.76     3.02  1.97  3.64  3.81  2.65
 90   60     1.68  2.23  2.78  3.56  3.78  3.38  3.51  3.66  2.86  2.65  1.91  1.67     2.81  1.86  3.37  3.52  2.47
 90   70     1.54  2.06  2.55  3.27  3.43  3.06  3.18  3.34  2.62  2.46  1.78  1.55     2.57  1.72  3.09  3.20  2.29
 90   80     1.42  1.89  2.31  2.95  3.08  2.74  2.84  3.00  2.35  2.24  1.62  1.43     2.32  1.58  2.78  2.86  2.07
 90   90     1.27  1.69  2.05  2.64  2.73  2.42  2.52  2.67  2.10  2.03  1.47  1.30     2.08  1.42  2.48  2.54  1.87
105   10     1.98  2.65  3.48  4.47  4.92  4.47  4.63  4.70  3.64  3.12  2.25  1.89     3.52  2.17  4.29  4.60  3.00
105   20     1.86  2.52  3.33  4.33  4.77  4.34  4.49  4.56  3.50  2.99  2.11  1.78     3.38  2.05  4.14  4.46  2.87
105   30     1.74  2.37  3.14  4.13  4.55  4.15  4.29  4.34  3.31  2.83  1.98  1.66     3.21  1.92  3.94  4.26  2.71
105   40     1.61  2.23  2.93  3.89  4.28  3.90  4.03  4.09  3.10  2.65  1.85  1.54     3.01  1.79  3.70  4.01  2.54
105   50     1.49  2.07  2.71  3.63  3.98  3.63  3.74  3.79  2.88  2.48  1.71  1.44     2.80  1.67  3.44  3.72  2.36
105   60     1.38  1.91  2.50  3.34  3.66  3.32  3.43  3.48  2.63  2.30  1.58  1.33     2.57  1.54  3.16  3.41  2.17
105   70     1.26  1.76  2.27  3.05  3.32  3.01  3.11  3.17  2.39  2.11  1.45  1.23     2.34  1.42  2.88  3.10  1.98
105   80     1.15  1.60  2.04  2.76  2.98  2.69  2.78  2.86  2.16  1.93  1.32  1.12     2.11  1.29  2.59  2.77  1.80
105   90     1.03  1.44  1.83  2.46  2.64  2.38  2.45  2.54  1.91  1.74  1.19  1.02     1.89  1.17  2.31  2.46  1.61
120   10     1.90  2.57  3.41  4.42  4.90  4.46  4.62  4.67  3.59  3.03  2.15  1.80     3.46  2.09  4.24  4.58  2.93
120   20     1.70  2.36  3.19  4.23  4.72  4.33  4.46  4.48  3.39  2.81  1.94  1.60     3.27  1.89  4.05  4.42  2.71
120   30     1.51  2.15  2.94  3.97  4.48  4.12  4.24  4.22  3.15  2.57  1.74  1.42     3.04  1.69  3.79  4.19  2.49
120   40     1.36  1.94  2.68  3.68  4.17  3.85  3.96  3.92  2.90  2.35  1.55  1.27     2.80  1.52  3.51  3.91  2.26
120   50     1.22  1.76  2.42  3.38  3.83  3.55  3.64  3.59  2.64  2.13  1.40  1.15     2.56  1.38  3.21  3.59  2.06
120   60     1.11  1.60  2.19  3.07  3.48  3.23  3.30  3.25  2.39  1.93  1.27  1.04     2.32  1.25  2.91  3.26  1.87
120   70     1.01  1.46  1.97  2.77  3.13  2.90  2.97  2.93  2.15  1.77  1.16  0.96     2.10  1.14  2.63  2.93  1.69
120   80     0.92  1.32  1.78  2.50  2.80  2.59  2.65  2.63  1.92  1.61  1.05  0.87     1.89  1.04  2.36  2.62  1.53
120   90     0.84  1.21  1.59  2.24  2.49  2.29  2.34  2.35  1.72  1.46  0.96  0.81     1.69  0.95  2.10  2.33  1.38
135   10     1.82  2.50  3.35  4.38  4.88  4.46  4.61  4.64  3.54  2.95  2.07  1.72     3.41  2.01  4.20  4.57  2.86
135   20     1.56  2.21  3.06  4.13  4.69  4.32  4.45  4.41  3.30  2.65  1.78  1.44     3.17  1.74  3.96  4.39  2.58
135   30     1.31  1.93  2.74  3.81  4.40  4.09  4.20  4.11  3.00  2.33  1.51  1.20     2.89  1.48  3.65  4.13  2.28
135   40     1.13  1.68  2.42  3.46  4.05  3.80  3.88  3.75  2.69  2.04  1.29  1.02     2.60  1.28  3.31  3.81  2.01
135   50     1.00  1.48  2.13  3.10  3.66  3.46  3.52  3.36  2.39  1.79  1.13  0.90     2.33  1.13  2.96  3.44  1.77
135   60     0.90  1.33  1.89  2.76  3.26  3.10  3.14  2.99  2.12  1.60  1.01  0.82     2.08  1.02  2.64  3.08  1.58
135   70     0.82  1.21  1.69  2.46  2.89  2.75  2.79  2.65  1.89  1.44  0.93  0.76     1.86  0.93  2.35  2.73  1.42
135   80     0.77  1.10  1.51  2.20  2.56  2.44  2.46  2.36  1.69  1.32  0.85  0.71     1.66  0.86  2.09  2.42  1.29
135   90     0.71  1.02  1.37  1.97  2.27  2.15  2.18  2.09  1.52  1.21  0.79  0.66     1.49  0.80  1.87  2.14  1.17
150   10     1.77  2.44  3.30  4.35  4.87  4.46  4.61  4.62  3.51  2.89  2.01  1.66     3.37  1.95  4.17  4.56  2.80
150   20     1.44  2.09  2.95  4.05  4.66  4.31  4.43  4.36  3.22  2.51  1.65  1.31     3.08  1.61  3.89  4.37  2.46
150   30     1.15  1.74  2.57  3.69  4.35  4.08  4.17  4.01  2.88  2.11  1.32  1.01     2.76  1.30  3.54  4.09  2.10
150   40     0.94  1.44  2.19  3.27  3.96  3.77  3.83  3.60  2.51  1.75  1.06  0.82     2.43  1.07  3.14  3.73  1.77
150   50     0.84  1.23  1.85  2.82  3.50  3.39  3.42  3.14  2.15  1.47  0.91  0.74     2.12  0.94  2.73  3.32  1.51
150   60     0.79  1.10  1.60  2.43  3.02  2.97  2.98  2.70  1.86  1.29  0.84  0.71     1.86  0.87  2.35  2.88  1.33
150   70     0.75  1.02  1.43  2.11  2.61  2.57  2.57  2.34  1.64  1.17  0.79  0.68     1.64  0.81  2.05  2.49  1.20
150   80     0.70  0.96  1.30  1.88  2.27  2.24  2.23  2.06  1.47  1.09  0.75  0.64     1.47  0.77  1.82  2.18  1.11
150   90     0.66  0.90  1.19  1.70  2.02  1.97  1.97  1.84  1.34  1.01  0.71  0.61     1.33  0.72  1.63  1.93  1.02
165   10     1.73  2.40  3.27  4.32  4.87  4.46  4.61  4.60  3.49  2.84  1.97  1.61     3.35  1.91  4.15  4.55  2.77
165   20     1.36  2.00  2.89  4.01  4.65  4.31  4.43  4.33  3.17  2.41  1.56  1.22     3.03  1.53  3.85  4.36  2.38
165   30     1.01  1.60  2.46  3.61  4.34  4.08  4.17  3.96  2.80  1.95  1.16  0.88     2.67  1.16  3.47  4.07  1.97
165   40     0.84  1.24  2.01  3.14  3.93  3.77  3.83  3.52  2.38  1.50  0.88  0.76     2.32  0.95  3.03  3.71  1.59
165   50     0.81  1.04  1.60  2.62  3.45  3.39  3.41  3.02  1.95  1.18  0.84  0.73     2.00  0.86  2.56  3.27  1.33
165   60     0.78  1.00  1.35  2.10  2.91  2.95  2.94  2.46  1.61  1.07  0.81  0.71     1.72  0.83  2.12  2.78  1.16
165   70     0.74  0.96  1.24  1.78  2.34  2.47  2.42  2.00  1.42  1.01  0.78  0.68     1.49  0.79  1.78  2.30  1.07
165   80     0.70  0.91  1.16  1.60  1.99  2.05  2.02  1.76  1.30  0.97  0.74  0.64     1.32  0.75  1.58  1.94  1.00
165   90     0.66  0.86  1.09  1.47  1.77  1.80  1.78  1.59  1.21  0.92  0.70  0.61     1.21  0.71  1.44  1.72  0.94
180   10     1.72  2.38  3.27  4.31  4.87  4.46  4.61  4.59  3.48  2.83  1.96  1.59     3.34  1.90  4.15  4.55  2.75
180   20     1.33  1.97  2.87  3.98  4.65  4.31  4.44  4.31  3.16  2.37  1.53  1.19     3.01  1.49  3.84  4.35  2.35
180   30     0.97  1.54  2.43  3.57  4.33  4.08  4.18  3.94  2.78  1.88  1.11  0.83     2.64  1.11  3.44  4.07  1.92
180   40     0.84  1.14  1.94  3.09  3.93  3.77  3.83  3.49  2.35  1.38  0.87  0.76     2.28  0.91  2.99  3.70  1.53
180   50     0.81  1.04  1.43  2.56  3.45  3.39  3.42  2.98  1.88  1.08  0.84  0.73     1.97  0.86  2.48  3.26  1.27
180   60     0.78  1.00  1.25  1.99  2.91  2.96  2.95  2.42  1.41  1.04  0.81  0.71     1.69  0.83  2.05  2.77  1.09
180   70     0.74  0.96  1.19  1.55  2.33  2.48  2.43  1.82  1.32  1.00  0.78  0.68     1.44  0.79  1.69  2.24  1.03
180   80     0.70  0.91  1.13  1.43  1.87  1.98  1.94  1.59  1.24  0.96  0.74  0.64     1.26  0.75  1.48  1.84  0.98
180   90     0.66  0.86  1.07  1.34  1.68  1.73  1.71  1.46  1.17  0.91  0.70  0.61     1.16  0.71  1.36  1.64  0.93
             55.1  46.2  33.3  18.2   5.7   1.3   2.8  12.4  25.6  42.4  52.8  58.2     28.3  53.0  19.0   5.8  40.2
             3.16  3.59  4.09  4.72  5.00  4.51  4.69  4.86  4.01  4.05  3.45  3.25     4.11  3.32  4.54  4.67  3.78
             2.89  3.46  4.07  4.67  4.75  4.20  4.39  4.73  4.01  3.95  3.20  2.90     3.94  3.08  4.50  4.44  3.72
             1.09  1.04  1.00  1.01  1.05  1.07  1.07  1.03  1.00  1.03  1.08  1.12     1.05  1.08  1.02  1.06  1.03
             1.38  1.26  1.13  1.02  0.95  0.93  0.93  0.99  1.07  1.22  1.35  1.45     1.14  1.36  1.04  0.95  1.21
temperature   2.1   2.8   6.2  12.0  16.9  21.0  24.8  25.5  21.5  15.1   9.3   4.2     13.5   3.0  11.7  23.8  15.3
diffusedrad  1.12  1.43  1.81  2.17  2.45  2.56  2.50  2.31  1.97  1.53  1.18  1.01     1.84  1.18  2.14  2.46  1.56
snow10cm     0.01  0.01  0.00  0.00  0.00  0.00  0.00  0.00  0.00  0.00  0.00  0.01     0.00  0.01  0.00  0.00  0.00
