1 67511   呉              34 14.4  132   33    4
             2.24  2.92  3.74  4.64  5.08  4.65  4.90  5.03  3.90  3.36  2.49  2.13     3.76  2.43  4.49  4.86  3.25
             2.66  3.45  4.32  5.55  6.07  5.57  6.74  5.83  4.62  4.00  2.90  2.49     4.03  2.79  4.97  5.74  3.53
             1.91  2.19  2.91  3.94  4.16  3.59  3.72  3.97  3.12  3.00  1.91  1.82     3.44  2.18  3.97  4.01  2.86
  0   10     2.61  3.28  4.00  4.77  5.09  4.61  4.86  5.09  4.08  3.71  2.86  2.54     3.96  2.81  4.62  4.85  3.55
  0   20     2.93  3.56  4.18  4.80  4.99  4.48  4.74  5.06  4.18  3.99  3.18  2.90     4.08  3.13  4.66  4.76  3.78
  0   30     3.19  3.76  4.26  4.74  4.80  4.27  4.53  4.93  4.19  4.16  3.43  3.19     4.12  3.38  4.60  4.58  3.93
  0   40     3.36  3.87  4.25  4.57  4.51  3.98  4.23  4.68  4.11  4.24  3.59  3.40     4.07  3.54  4.44  4.30  3.98
  0   50     3.46  3.89  4.14  4.29  4.12  3.62  3.86  4.34  3.93  4.22  3.67  3.52     3.92  3.62  4.18  3.94  3.94
  0   60     3.46  3.81  3.94  3.93  3.67  3.21  3.41  3.92  3.68  4.10  3.65  3.56     3.69  3.61  3.85  3.51  3.81
  0   70     3.39  3.65  3.65  3.49  3.16  2.75  2.92  3.41  3.34  3.88  3.55  3.50     3.39  3.51  3.43  3.03  3.59
  0   80     3.23  3.40  3.28  2.99  2.60  2.27  2.41  2.86  2.94  3.57  3.36  3.36     3.02  3.33  2.96  2.51  3.29
  0   90     2.99  3.07  2.84  2.44  2.05  1.80  1.89  2.27  2.49  3.18  3.08  3.13     2.60  3.07  2.44  1.99  2.92
 15   10     2.59  3.27  3.98  4.77  5.09  4.61  4.86  5.09  4.07  3.70  2.85  2.53     3.95  2.80  4.61  4.85  3.54
 15   20     2.90  3.54  4.15  4.80  5.00  4.49  4.75  5.06  4.16  3.96  3.16  2.87     4.07  3.10  4.65  4.76  3.76
 15   30     3.13  3.73  4.22  4.74  4.80  4.27  4.54  4.93  4.17  4.13  3.39  3.14     4.10  3.33  4.59  4.58  3.90
 15   40     3.29  3.83  4.20  4.57  4.52  3.99  4.25  4.69  4.08  4.20  3.54  3.34     4.04  3.49  4.43  4.31  3.94
 15   50     3.37  3.84  4.09  4.31  4.14  3.64  3.87  4.36  3.91  4.17  3.61  3.45     3.90  3.55  4.18  3.96  3.90
 15   60     3.37  3.76  3.88  3.95  3.70  3.24  3.45  3.94  3.66  4.04  3.59  3.48     3.67  3.54  3.84  3.54  3.76
 15   70     3.29  3.59  3.59  3.53  3.21  2.79  2.97  3.46  3.33  3.82  3.48  3.42     3.37  3.43  3.44  3.08  3.54
 15   80     3.12  3.34  3.22  3.04  2.68  2.34  2.48  2.92  2.94  3.51  3.28  3.27     3.01  3.24  2.98  2.58  3.24
 15   90     2.89  3.01  2.80  2.52  2.14  1.88  1.98  2.37  2.50  3.12  3.01  3.04     2.60  2.98  2.48  2.08  2.88
 30   10     2.55  3.23  3.95  4.76  5.08  4.61  4.86  5.08  4.05  3.67  2.81  2.48     3.93  2.75  4.60  4.85  3.51
 30   20     2.81  3.46  4.09  4.79  4.99  4.49  4.75  5.05  4.12  3.90  3.08  2.78     4.03  3.02  4.62  4.76  3.70
 30   30     3.00  3.62  4.14  4.72  4.82  4.29  4.55  4.92  4.12  4.04  3.28  3.02     4.04  3.21  4.56  4.59  3.81
 30   40     3.13  3.69  4.10  4.55  4.54  4.02  4.27  4.69  4.02  4.09  3.40  3.17     3.97  3.33  4.40  4.33  3.83
 30   50     3.18  3.69  3.98  4.31  4.20  3.70  3.93  4.39  3.84  4.04  3.43  3.26     3.83  3.37  4.16  4.01  3.77
 30   60     3.15  3.59  3.77  3.98  3.78  3.31  3.53  4.00  3.60  3.90  3.39  3.26     3.60  3.33  3.84  3.61  3.63
 30   70     3.05  3.41  3.48  3.58  3.33  2.90  3.09  3.56  3.28  3.68  3.26  3.18     3.32  3.21  3.46  3.18  3.40
 30   80     2.87  3.15  3.13  3.13  2.84  2.48  2.64  3.06  2.91  3.38  3.06  3.02     2.97  3.02  3.04  2.73  3.11
 30   90     2.63  2.83  2.73  2.66  2.35  2.07  2.19  2.56  2.50  3.00  2.78  2.79     2.59  2.75  2.58  2.27  2.76
 45   10     2.48  3.17  3.90  4.73  5.08  4.61  4.86  5.06  4.01  3.61  2.74  2.41     3.89  2.69  4.57  4.84  3.45
 45   20     2.68  3.35  4.00  4.75  4.99  4.49  4.75  5.03  4.06  3.79  2.95  2.65     3.96  2.89  4.58  4.75  3.60
 45   30     2.82  3.47  4.03  4.67  4.81  4.31  4.56  4.89  4.03  3.89  3.09  2.82     3.95  3.04  4.50  4.58  3.67
 45   40     2.90  3.50  3.97  4.52  4.56  4.06  4.30  4.68  3.92  3.91  3.17  2.93     3.87  3.11  4.35  4.35  3.67
 45   50     2.91  3.46  3.82  4.27  4.24  3.74  3.98  4.38  3.74  3.85  3.17  2.97     3.71  3.11  4.11  4.03  3.59
 45   60     2.85  3.35  3.62  3.97  3.87  3.40  3.61  4.04  3.50  3.69  3.10  2.94     3.50  3.05  3.82  3.68  3.43
 45   70     2.74  3.17  3.34  3.59  3.44  3.02  3.21  3.62  3.20  3.48  2.96  2.83     3.22  2.91  3.46  3.28  3.21
 45   80     2.56  2.91  3.01  3.20  3.00  2.62  2.79  3.18  2.86  3.19  2.76  2.67     2.90  2.71  3.07  2.86  2.94
 45   90     2.33  2.62  2.65  2.76  2.57  2.24  2.38  2.74  2.49  2.84  2.50  2.45     2.55  2.46  2.66  2.45  2.61
 60   10     2.40  3.09  3.84  4.70  5.07  4.61  4.85  5.04  3.97  3.53  2.66  2.32     3.84  2.60  4.54  4.83  3.39
 60   20     2.53  3.21  3.89  4.69  4.97  4.49  4.74  4.98  3.98  3.65  2.79  2.48     3.87  2.74  4.52  4.74  3.47
 60   30     2.60  3.26  3.87  4.60  4.79  4.31  4.56  4.85  3.92  3.70  2.87  2.58     3.83  2.81  4.42  4.57  3.50
 60   40     2.63  3.26  3.78  4.43  4.56  4.08  4.31  4.63  3.79  3.68  2.89  2.63     3.72  2.84  4.26  4.34  3.45
 60   50     2.60  3.19  3.63  4.21  4.26  3.79  4.01  4.37  3.61  3.59  2.86  2.63     3.56  2.81  4.03  4.06  3.35
 60   60     2.51  3.05  3.41  3.90  3.90  3.45  3.67  4.02  3.36  3.44  2.77  2.57     3.34  2.71  3.74  3.71  3.19
 60   70     2.39  2.88  3.15  3.58  3.53  3.11  3.30  3.66  3.09  3.21  2.61  2.45     3.08  2.57  3.42  3.35  2.97
 60   80     2.22  2.64  2.84  3.20  3.12  2.75  2.91  3.25  2.77  2.96  2.42  2.29     2.78  2.38  3.05  2.97  2.71
 60   90     2.00  2.37  2.52  2.82  2.71  2.38  2.53  2.83  2.44  2.64  2.19  2.09     2.46  2.15  2.68  2.58  2.42
 75   10     2.31  3.00  3.77  4.65  5.05  4.60  4.84  5.00  3.91  3.44  2.56  2.22     3.78  2.51  4.49  4.82  3.31
 75   20     2.34  3.04  3.76  4.61  4.95  4.49  4.73  4.92  3.87  3.48  2.61  2.29     3.76  2.56  4.44  4.71  3.32
 75   30     2.36  3.03  3.68  4.49  4.77  4.31  4.54  4.77  3.78  3.47  2.61  2.32     3.68  2.57  4.31  4.54  3.29
 75   40     2.32  2.97  3.56  4.31  4.53  4.08  4.30  4.55  3.63  3.40  2.59  2.31     3.54  2.53  4.13  4.31  3.21
 75   50     2.26  2.87  3.38  4.08  4.24  3.80  4.01  4.28  3.43  3.28  2.50  2.26     3.37  2.46  3.90  4.03  3.07
 75   60     2.16  2.73  3.17  3.81  3.91  3.49  3.69  3.97  3.20  3.12  2.40  2.18     3.15  2.35  3.63  3.72  2.90
 75   70     2.02  2.55  2.92  3.48  3.54  3.15  3.33  3.61  2.92  2.91  2.25  2.05     2.89  2.21  3.31  3.37  2.69
 75   80     1.86  2.34  2.65  3.15  3.17  2.81  2.97  3.25  2.64  2.67  2.06  1.90     2.62  2.04  2.99  3.01  2.46
 75   90     1.67  2.10  2.35  2.79  2.79  2.47  2.61  2.87  2.33  2.40  1.87  1.73     2.33  1.83  2.65  2.65  2.20
 90   10     2.21  2.91  3.69  4.60  5.03  4.60  4.84  4.97  3.86  3.35  2.45  2.12     3.72  2.41  4.44  4.80  3.22
 90   20     2.16  2.85  3.61  4.51  4.91  4.48  4.71  4.85  3.76  3.30  2.41  2.08     3.64  2.37  4.34  4.68  3.16
 90   30     2.09  2.77  3.48  4.36  4.71  4.29  4.51  4.67  3.62  3.21  2.35  2.03     3.51  2.30  4.18  4.49  3.06
 90   40     2.01  2.67  3.30  4.16  4.46  4.05  4.26  4.44  3.44  3.09  2.25  1.97     3.34  2.22  3.97  4.25  2.93
 90   50     1.91  2.53  3.12  3.91  4.17  3.78  3.97  4.15  3.22  2.94  2.15  1.88     3.14  2.10  3.73  3.97  2.77
 90   60     1.80  2.38  2.89  3.63  3.85  3.48  3.66  3.85  2.98  2.76  2.01  1.78     2.92  1.99  3.46  3.66  2.59
 90   70     1.65  2.19  2.65  3.34  3.50  3.15  3.32  3.51  2.73  2.57  1.88  1.66     2.68  1.84  3.16  3.33  2.39
 90   80     1.52  2.01  2.40  3.01  3.14  2.81  2.96  3.15  2.45  2.34  1.71  1.52     2.42  1.69  2.85  2.98  2.17
 90   90     1.36  1.80  2.13  2.69  2.79  2.49  2.62  2.81  2.19  2.13  1.55  1.39     2.16  1.52  2.54  2.64  1.95
105   10     2.11  2.81  3.61  4.55  5.01  4.59  4.83  4.93  3.79  3.25  2.35  2.01     3.65  2.31  4.39  4.78  3.13
105   20     1.97  2.67  3.45  4.41  4.86  4.46  4.68  4.78  3.64  3.11  2.21  1.88     3.51  2.17  4.24  4.64  2.98
105   30     1.84  2.50  3.26  4.21  4.64  4.27  4.47  4.55  3.44  2.94  2.07  1.75     3.33  2.03  4.04  4.43  2.82
105   40     1.70  2.35  3.04  3.97  4.37  4.02  4.20  4.28  3.23  2.76  1.93  1.63     3.12  1.89  3.79  4.17  2.64
105   50     1.58  2.19  2.81  3.69  4.06  3.73  3.90  3.98  2.99  2.58  1.79  1.52     2.90  1.76  3.52  3.87  2.45
105   60     1.45  2.01  2.59  3.40  3.73  3.42  3.57  3.65  2.74  2.39  1.65  1.40     2.67  1.62  3.24  3.54  2.26
105   70     1.33  1.85  2.35  3.11  3.38  3.09  3.24  3.33  2.48  2.19  1.52  1.30     2.43  1.49  2.95  3.22  2.06
105   80     1.21  1.68  2.12  2.81  3.03  2.76  2.90  3.00  2.24  2.01  1.38  1.18     2.19  1.36  2.65  2.88  1.88
105   90     1.09  1.52  1.90  2.51  2.69  2.45  2.56  2.66  1.99  1.81  1.25  1.08     1.96  1.23  2.37  2.56  1.68
120   10     2.01  2.71  3.54  4.50  4.99  4.59  4.82  4.89  3.74  3.15  2.25  1.90     3.59  2.21  4.34  4.77  3.04
120   20     1.79  2.48  3.30  4.30  4.82  4.45  4.66  4.70  3.52  2.91  2.02  1.68     3.39  1.99  4.14  4.60  2.82
120   30     1.59  2.25  3.04  4.04  4.56  4.24  4.42  4.42  3.27  2.66  1.80  1.48     3.15  1.77  3.88  4.36  2.58
120   40     1.41  2.03  2.77  3.75  4.25  3.96  4.12  4.10  3.00  2.42  1.61  1.32     2.90  1.59  3.59  4.06  2.34
120   50     1.27  1.83  2.50  3.43  3.90  3.65  3.79  3.75  2.73  2.20  1.45  1.19     2.64  1.43  3.28  3.73  2.13
120   60     1.15  1.67  2.25  3.12  3.55  3.31  3.44  3.40  2.47  2.00  1.31  1.07     2.40  1.29  2.97  3.38  1.93
120   70     1.04  1.52  2.03  2.82  3.19  2.98  3.09  3.06  2.22  1.83  1.19  0.99     2.16  1.18  2.68  3.04  1.75
120   80     0.95  1.37  1.83  2.54  2.86  2.66  2.75  2.75  1.98  1.66  1.09  0.90     1.94  1.07  2.41  2.72  1.58
120   90     0.86  1.25  1.63  2.28  2.53  2.35  2.44  2.45  1.78  1.50  0.99  0.83     1.74  0.98  2.15  2.41  1.42
135   10     1.93  2.63  3.47  4.46  4.98  4.59  4.81  4.86  3.69  3.06  2.16  1.81     3.54  2.12  4.30  4.75  2.97
135   20     1.63  2.31  3.17  4.21  4.78  4.44  4.64  4.62  3.42  2.73  1.85  1.50     3.27  1.81  4.05  4.57  2.67
135   30     1.36  2.01  2.83  3.88  4.49  4.21  4.37  4.29  3.11  2.40  1.56  1.23     2.98  1.53  3.73  4.29  2.36
135   40     1.15  1.73  2.49  3.52  4.13  3.90  4.04  3.91  2.78  2.09  1.32  1.04     2.67  1.31  3.38  3.95  2.06
135   50     1.01  1.51  2.19  3.15  3.72  3.55  3.66  3.50  2.46  1.83  1.15  0.91     2.39  1.14  3.02  3.57  1.81
135   60     0.91  1.35  1.93  2.80  3.32  3.17  3.27  3.11  2.18  1.63  1.03  0.82     2.13  1.03  2.69  3.18  1.61
135   70     0.83  1.23  1.72  2.50  2.94  2.82  2.89  2.75  1.94  1.47  0.94  0.76     1.90  0.94  2.39  2.82  1.45
135   80     0.77  1.11  1.55  2.23  2.61  2.49  2.55  2.45  1.73  1.34  0.86  0.71     1.70  0.87  2.13  2.50  1.31
135   90     0.71  1.03  1.39  2.00  2.31  2.20  2.25  2.17  1.56  1.23  0.80  0.67     1.53  0.80  1.90  2.21  1.20
150   10     1.86  2.56  3.42  4.43  4.97  4.59  4.81  4.84  3.65  2.99  2.09  1.74     3.50  2.05  4.27  4.74  2.91
150   20     1.50  2.17  3.05  4.13  4.75  4.43  4.63  4.56  3.34  2.59  1.70  1.35     3.18  1.67  3.98  4.54  2.54
150   30     1.17  1.79  2.65  3.75  4.43  4.19  4.35  4.19  2.97  2.17  1.34  1.02     2.84  1.33  3.61  4.25  2.16
150   40     0.93  1.46  2.24  3.32  4.03  3.87  3.99  3.75  2.58  1.78  1.06  0.81     2.48  1.07  3.20  3.87  1.81
150   50     0.82  1.23  1.89  2.87  3.56  3.48  3.55  3.26  2.21  1.48  0.91  0.72     2.16  0.93  2.77  3.43  1.53
150   60     0.78  1.09  1.62  2.46  3.08  3.04  3.08  2.79  1.89  1.29  0.84  0.69     1.89  0.85  2.38  2.97  1.34
150   70     0.74  1.01  1.44  2.14  2.65  2.63  2.65  2.41  1.67  1.18  0.79  0.66     1.66  0.80  2.08  2.56  1.21
150   80     0.70  0.95  1.31  1.90  2.31  2.29  2.30  2.11  1.50  1.10  0.75  0.63     1.49  0.76  1.84  2.23  1.11
150   90     0.66  0.89  1.20  1.72  2.04  2.00  2.03  1.89  1.36  1.02  0.71  0.60     1.34  0.72  1.65  1.97  1.03
165   10     1.82  2.52  3.39  4.40  4.96  4.59  4.81  4.82  3.63  2.94  2.05  1.69     3.47  2.01  4.25  4.74  2.87
165   20     1.40  2.08  2.99  4.08  4.74  4.43  4.63  4.53  3.29  2.48  1.60  1.25     3.13  1.58  3.94  4.53  2.46
165   30     1.02  1.63  2.53  3.67  4.42  4.20  4.35  4.14  2.89  1.99  1.17  0.87     2.74  1.17  3.54  4.23  2.02
165   40     0.82  1.22  2.05  3.19  4.00  3.87  3.98  3.67  2.44  1.51  0.87  0.73     2.37  0.93  3.08  3.84  1.61
165   50     0.80  1.01  1.61  2.65  3.51  3.48  3.54  3.12  1.99  1.17  0.83  0.71     2.04  0.84  2.59  3.38  1.33
165   60     0.77  0.97  1.35  2.12  2.96  3.02  3.04  2.52  1.62  1.05  0.80  0.69     1.74  0.81  2.14  2.86  1.16
165   70     0.73  0.93  1.23  1.79  2.37  2.52  2.49  2.03  1.43  1.00  0.77  0.66     1.50  0.78  1.79  2.35  1.07
165   80     0.70  0.89  1.16  1.60  2.01  2.08  2.06  1.78  1.31  0.96  0.74  0.63     1.33  0.74  1.59  1.97  1.00
165   90     0.66  0.84  1.09  1.47  1.79  1.83  1.81  1.61  1.22  0.92  0.70  0.60     1.21  0.70  1.45  1.75  0.95
180   10     1.81  2.50  3.38  4.39  4.96  4.59  4.81  4.81  3.62  2.93  2.03  1.67     3.46  1.99  4.25  4.74  2.86
180   20     1.37  2.04  2.97  4.05  4.74  4.44  4.63  4.51  3.27  2.44  1.57  1.21     3.10  1.54  3.92  4.53  2.43
180   30     0.96  1.56  2.49  3.63  4.42  4.20  4.36  4.11  2.87  1.92  1.11  0.82     2.70  1.11  3.51  4.22  1.97
180   40     0.82  1.11  1.97  3.14  4.00  3.88  3.99  3.63  2.40  1.38  0.86  0.73     2.33  0.89  3.04  3.83  1.55
180   50     0.80  1.01  1.43  2.59  3.51  3.48  3.56  3.08  1.91  1.06  0.83  0.71     2.00  0.84  2.51  3.37  1.27
180   60     0.77  0.97  1.23  2.00  2.96  3.03  3.05  2.48  1.40  1.02  0.80  0.69     1.70  0.81  2.06  2.85  1.08
180   70     0.73  0.93  1.18  1.55  2.36  2.53  2.50  1.84  1.31  0.99  0.77  0.66     1.45  0.78  1.70  2.29  1.02
180   80     0.70  0.89  1.13  1.43  1.88  2.01  1.98  1.59  1.24  0.95  0.74  0.63     1.26  0.74  1.48  1.86  0.97
180   90     0.66  0.84  1.07  1.34  1.69  1.75  1.74  1.47  1.17  0.91  0.70  0.60     1.16  0.70  1.37  1.65  0.93
             56.0  47.0  33.7  18.2   5.5   1.0   2.5  12.4  25.9  42.8  53.4  58.9     29.1  53.9  19.2   5.7  40.7
             3.47  3.89  4.27  4.81  5.10  4.64  4.89  5.09  4.20  4.25  3.67  3.56     4.32  3.63  4.66  4.86  3.98
             3.17  3.74  4.26  4.75  4.82  4.29  4.55  4.94  4.19  4.15  3.41  3.17     4.12  3.36  4.61  4.60  3.92
             1.09  1.04  1.00  1.01  1.06  1.08  1.07  1.03  1.00  1.02  1.08  1.12     1.05  1.09  1.02  1.06  1.03
             1.42  1.28  1.14  1.02  0.95  0.92  0.93  0.98  1.07  1.24  1.37  1.49     1.15  1.39  1.04  0.94  1.23
temperature   5.8   6.1   9.1  14.2  18.5  22.2  26.2  27.5  24.1  18.7  13.3   8.3     16.2   6.7  13.9  25.3  18.7
diffusedrad  1.12  1.42  1.81  2.17  2.45  2.55  2.51  2.28  1.98  1.52  1.18  1.00     1.83  1.18  2.14  2.44  1.56
snow10cm     0.00  0.00  0.00  0.00  0.00  0.00  0.00  0.00  0.00  0.00  0.00  0.00     0.00  0.00  0.00  0.00  0.00
