1 68376   浜田            34 53.8  132  4.2   19
             1.53  2.25  3.34  4.54  5.07  4.79  4.81  5.09  3.89  3.25  2.15  1.50     3.52  1.76  4.32  4.90  3.10
             1.77  2.90  3.82  5.21  5.94  5.54  6.21  5.98  4.31  3.66  2.51  1.80     3.69  2.10  4.55  5.51  3.32
             1.15  1.66  2.74  3.74  4.23  3.82  3.46  3.37  3.01  2.63  1.58  1.14     3.08  1.45  3.75  3.81  2.79
  0   10     1.66  2.43  3.53  4.66  5.09  4.75  4.78  5.16  4.06  3.57  2.41  1.68     3.65  1.92  4.43  4.89  3.35
  0   20     1.76  2.57  3.66  4.69  5.00  4.62  4.67  5.13  4.16  3.81  2.64  1.83     3.71  2.06  4.45  4.81  3.54
  0   30     1.84  2.65  3.71  4.63  4.81  4.42  4.47  5.00  4.17  3.97  2.81  1.94     3.70  2.15  4.39  4.63  3.65
  0   40     1.88  2.68  3.69  4.47  4.53  4.13  4.19  4.76  4.09  4.04  2.91  2.02     3.62  2.19  4.23  4.36  3.68
  0   50     1.88  2.66  3.58  4.21  4.16  3.77  3.84  4.43  3.92  4.01  2.95  2.04     3.45  2.19  3.98  4.01  3.63
  0   60     1.84  2.58  3.40  3.86  3.71  3.35  3.42  4.01  3.67  3.89  2.92  2.03     3.22  2.15  3.66  3.59  3.49
  0   70     1.77  2.45  3.15  3.45  3.22  2.89  2.95  3.51  3.34  3.68  2.82  1.97     2.93  2.06  3.27  3.12  3.28
  0   80     1.66  2.27  2.84  2.97  2.67  2.40  2.46  2.96  2.95  3.39  2.66  1.87     2.59  1.93  2.83  2.60  3.00
  0   90     1.52  2.04  2.48  2.45  2.12  1.92  1.96  2.37  2.51  3.02  2.44  1.73     2.21  1.76  2.35  2.08  2.66
 15   10     1.65  2.42  3.52  4.66  5.08  4.75  4.78  5.16  4.05  3.56  2.40  1.68     3.64  1.92  4.42  4.89  3.34
 15   20     1.75  2.56  3.64  4.69  5.00  4.63  4.67  5.13  4.14  3.79  2.62  1.82     3.70  2.04  4.44  4.81  3.52
 15   30     1.82  2.63  3.69  4.63  4.81  4.42  4.48  5.00  4.15  3.94  2.78  1.92     3.69  2.13  4.37  4.63  3.62
 15   40     1.86  2.66  3.65  4.47  4.54  4.14  4.20  4.77  4.06  4.00  2.87  1.99     3.60  2.17  4.22  4.37  3.64
 15   50     1.85  2.63  3.54  4.22  4.18  3.78  3.85  4.44  3.90  3.96  2.90  2.01     3.44  2.17  3.98  4.03  3.59
 15   60     1.81  2.54  3.36  3.88  3.74  3.38  3.44  4.03  3.65  3.84  2.87  1.99     3.21  2.12  3.66  3.62  3.45
 15   70     1.74  2.41  3.11  3.48  3.26  2.93  2.99  3.55  3.32  3.62  2.77  1.93     2.92  2.03  3.28  3.15  3.24
 15   80     1.63  2.23  2.80  3.01  2.74  2.46  2.51  3.01  2.94  3.33  2.60  1.83     2.59  1.90  2.85  2.66  2.96
 15   90     1.50  2.01  2.44  2.51  2.20  2.00  2.04  2.46  2.52  2.96  2.38  1.69     2.23  1.73  2.38  2.16  2.62
 30   10     1.64  2.40  3.49  4.64  5.08  4.75  4.78  5.14  4.03  3.52  2.38  1.66     3.63  1.90  4.41  4.89  3.31
 30   20     1.72  2.52  3.60  4.67  4.99  4.63  4.67  5.12  4.10  3.73  2.56  1.78     3.67  2.01  4.42  4.80  3.46
 30   30     1.78  2.58  3.62  4.61  4.82  4.43  4.49  4.99  4.09  3.85  2.69  1.87     3.65  2.07  4.35  4.64  3.55
 30   40     1.80  2.59  3.57  4.44  4.55  4.16  4.22  4.76  4.00  3.89  2.76  1.92     3.56  2.10  4.19  4.38  3.55
 30   50     1.79  2.54  3.46  4.21  4.22  3.83  3.90  4.46  3.83  3.84  2.77  1.92     3.40  2.09  3.96  4.06  3.48
 30   60     1.74  2.45  3.27  3.89  3.81  3.44  3.51  4.07  3.58  3.70  2.72  1.89     3.17  2.03  3.66  3.67  3.34
 30   70     1.66  2.31  3.02  3.50  3.37  3.03  3.09  3.63  3.27  3.49  2.61  1.82     2.90  1.93  3.30  3.25  3.12
 30   80     1.55  2.12  2.72  3.08  2.88  2.60  2.65  3.13  2.91  3.20  2.44  1.71     2.58  1.79  2.89  2.79  2.85
 30   90     1.41  1.90  2.38  2.62  2.40  2.17  2.21  2.63  2.51  2.84  2.22  1.57     2.24  1.63  2.47  2.34  2.52
 45   10     1.61  2.37  3.46  4.62  5.07  4.75  4.77  5.13  3.99  3.47  2.33  1.63     3.60  1.87  4.38  4.88  3.26
 45   20     1.68  2.45  3.52  4.63  4.99  4.63  4.67  5.09  4.04  3.63  2.47  1.72     3.63  1.95  4.38  4.80  3.38
 45   30     1.71  2.49  3.53  4.55  4.82  4.44  4.49  4.95  4.00  3.71  2.56  1.78     3.59  1.99  4.30  4.63  3.42
 45   40     1.71  2.47  3.46  4.40  4.57  4.19  4.24  4.75  3.90  3.73  2.60  1.80     3.49  2.00  4.14  4.39  3.41
 45   50     1.68  2.41  3.33  4.16  4.25  3.87  3.93  4.45  3.72  3.65  2.58  1.79     3.32  1.96  3.91  4.08  3.32
 45   60     1.62  2.31  3.14  3.87  3.88  3.52  3.58  4.10  3.48  3.50  2.51  1.74     3.10  1.89  3.63  3.73  3.17
 45   70     1.53  2.16  2.90  3.50  3.46  3.13  3.19  3.68  3.19  3.29  2.38  1.66     2.84  1.78  3.29  3.33  2.95
 45   80     1.42  1.98  2.61  3.12  3.03  2.73  2.77  3.24  2.85  3.02  2.21  1.55     2.54  1.65  2.92  2.91  2.69
 45   90     1.28  1.77  2.30  2.70  2.59  2.34  2.38  2.79  2.48  2.69  2.00  1.41     2.23  1.49  2.53  2.50  2.39
 60   10     1.58  2.33  3.41  4.58  5.06  4.74  4.77  5.10  3.95  3.40  2.27  1.59     3.56  1.83  4.35  4.87  3.21
 60   20     1.62  2.38  3.44  4.57  4.97  4.63  4.66  5.04  3.96  3.50  2.36  1.64     3.56  1.88  4.33  4.78  3.27
 60   30     1.62  2.37  3.40  4.48  4.79  4.44  4.48  4.91  3.90  3.54  2.40  1.67     3.50  1.89  4.22  4.61  3.28
 60   40     1.60  2.34  3.31  4.31  4.56  4.20  4.24  4.69  3.77  3.50  2.39  1.66     3.38  1.87  4.06  4.38  3.22
 60   50     1.55  2.25  3.17  4.09  4.26  3.91  3.95  4.42  3.59  3.41  2.35  1.63     3.22  1.81  3.84  4.09  3.12
 60   60     1.48  2.14  2.97  3.79  3.90  3.57  3.62  4.07  3.34  3.26  2.26  1.57     3.00  1.73  3.56  3.75  2.96
 60   70     1.39  1.99  2.74  3.48  3.53  3.21  3.25  3.70  3.07  3.04  2.12  1.47     2.75  1.62  3.25  3.39  2.75
 60   80     1.27  1.81  2.47  3.11  3.13  2.84  2.88  3.30  2.75  2.80  1.96  1.37     2.47  1.48  2.90  3.00  2.50
 60   90     1.14  1.62  2.19  2.73  2.71  2.46  2.50  2.87  2.43  2.49  1.77  1.23     2.18  1.33  2.55  2.61  2.23
 75   10     1.54  2.28  3.35  4.54  5.04  4.74  4.76  5.06  3.90  3.32  2.19  1.54     3.52  1.79  4.31  4.85  3.14
 75   20     1.55  2.28  3.33  4.49  4.94  4.62  4.64  4.98  3.85  3.35  2.22  1.55     3.48  1.79  4.25  4.75  3.14
 75   30     1.52  2.25  3.25  4.38  4.76  4.43  4.46  4.83  3.76  3.32  2.21  1.54     3.39  1.77  4.13  4.58  3.10
 75   40     1.48  2.17  3.14  4.20  4.52  4.20  4.22  4.60  3.61  3.25  2.17  1.51     3.26  1.72  3.95  4.34  3.01
 75   50     1.42  2.08  2.98  3.96  4.23  3.91  3.94  4.33  3.41  3.13  2.09  1.46     3.08  1.65  3.72  4.06  2.88
 75   60     1.33  1.95  2.78  3.69  3.90  3.59  3.63  4.01  3.18  2.97  1.99  1.38     2.87  1.55  3.46  3.75  2.71
 75   70     1.24  1.81  2.55  3.37  3.53  3.24  3.28  3.65  2.90  2.76  1.85  1.28     2.62  1.44  3.15  3.39  2.51
 75   80     1.13  1.64  2.31  3.05  3.17  2.90  2.92  3.28  2.62  2.53  1.70  1.18     2.37  1.31  2.84  3.03  2.28
 75   90     1.00  1.46  2.05  2.70  2.79  2.54  2.57  2.90  2.31  2.27  1.53  1.06     2.10  1.18  2.51  2.67  2.04
 90   10     1.51  2.23  3.29  4.50  5.02  4.73  4.75  5.03  3.84  3.23  2.12  1.49     3.48  1.74  4.27  4.84  3.06
 90   20     1.47  2.18  3.21  4.40  4.90  4.61  4.62  4.91  3.74  3.18  2.08  1.46     3.40  1.70  4.17  4.71  3.00
 90   30     1.42  2.11  3.10  4.25  4.70  4.41  4.43  4.72  3.60  3.09  2.02  1.41     3.27  1.65  4.02  4.52  2.90
 90   40     1.36  2.01  2.94  4.05  4.45  4.17  4.18  4.48  3.42  2.97  1.93  1.35     3.11  1.57  3.81  4.28  2.77
 90   50     1.27  1.89  2.77  3.80  4.16  3.89  3.90  4.19  3.21  2.82  1.83  1.28     2.92  1.48  3.57  3.99  2.62
 90   60     1.19  1.76  2.56  3.52  3.84  3.57  3.59  3.88  2.96  2.64  1.71  1.20     2.70  1.38  3.31  3.68  2.44
 90   70     1.09  1.61  2.34  3.23  3.49  3.24  3.26  3.54  2.71  2.45  1.59  1.10     2.47  1.27  3.02  3.35  2.25
 90   80     0.99  1.47  2.12  2.91  3.12  2.89  2.91  3.18  2.44  2.23  1.44  1.00     2.22  1.15  2.72  2.99  2.03
 90   90     0.88  1.30  1.88  2.60  2.77  2.56  2.57  2.83  2.17  2.02  1.30  0.90     1.98  1.03  2.42  2.65  1.83
105   10     1.47  2.18  3.23  4.45  5.00  4.72  4.74  4.99  3.78  3.14  2.05  1.44     3.43  1.70  4.23  4.82  2.99
105   20     1.40  2.08  3.10  4.30  4.85  4.59  4.59  4.83  3.63  3.00  1.93  1.37     3.31  1.62  4.08  4.67  2.86
105   30     1.32  1.96  2.93  4.11  4.63  4.38  4.38  4.60  3.44  2.84  1.81  1.28     3.14  1.52  3.89  4.46  2.70
105   40     1.23  1.84  2.73  3.86  4.35  4.13  4.12  4.33  3.22  2.66  1.70  1.20     2.95  1.42  3.65  4.19  2.53
105   50     1.14  1.71  2.53  3.60  4.04  3.83  3.82  4.01  2.98  2.48  1.57  1.12     2.74  1.32  3.39  3.89  2.35
105   60     1.05  1.57  2.33  3.31  3.71  3.51  3.50  3.68  2.73  2.31  1.45  1.03     2.51  1.22  3.11  3.56  2.16
105   70     0.96  1.43  2.11  3.02  3.37  3.18  3.17  3.35  2.47  2.11  1.33  0.94     2.29  1.11  2.83  3.23  1.97
105   80     0.87  1.29  1.90  2.73  3.02  2.84  2.84  3.02  2.23  1.93  1.20  0.85     2.06  1.01  2.55  2.90  1.79
105   90     0.78  1.16  1.70  2.43  2.68  2.51  2.51  2.68  1.98  1.73  1.08  0.77     1.84  0.90  2.27  2.57  1.60
120   10     1.43  2.13  3.17  4.40  4.98  4.72  4.72  4.95  3.73  3.05  1.98  1.39     3.39  1.65  4.19  4.80  2.92
120   20     1.33  1.98  2.98  4.21  4.80  4.57  4.57  4.75  3.52  2.83  1.80  1.28     3.22  1.53  4.00  4.63  2.71
120   30     1.22  1.83  2.76  3.95  4.55  4.35  4.34  4.47  3.27  2.59  1.62  1.16     3.01  1.40  3.75  4.38  2.50
120   40     1.12  1.67  2.52  3.66  4.24  4.07  4.04  4.14  3.00  2.36  1.47  1.06     2.78  1.28  3.47  4.09  2.28
120   50     1.03  1.52  2.29  3.36  3.89  3.74  3.72  3.79  2.73  2.15  1.33  0.97     2.54  1.17  3.18  3.75  2.07
120   60     0.94  1.39  2.08  3.05  3.53  3.40  3.38  3.44  2.47  1.95  1.21  0.89     2.31  1.07  2.89  3.40  1.88
120   70     0.86  1.26  1.87  2.75  3.18  3.06  3.04  3.09  2.23  1.78  1.10  0.81     2.09  0.98  2.60  3.06  1.70
120   80     0.78  1.14  1.69  2.47  2.84  2.73  2.71  2.77  1.99  1.62  1.00  0.74     1.87  0.89  2.34  2.74  1.54
120   90     0.71  1.03  1.50  2.22  2.52  2.41  2.40  2.48  1.78  1.46  0.91  0.67     1.67  0.80  2.08  2.43  1.38
135   10     1.40  2.09  3.12  4.36  4.96  4.71  4.72  4.92  3.68  2.97  1.91  1.35     3.35  1.61  4.15  4.78  2.85
135   20     1.27  1.90  2.88  4.12  4.77  4.56  4.55  4.67  3.42  2.67  1.68  1.20     3.14  1.45  3.92  4.59  2.59
135   30     1.14  1.70  2.60  3.80  4.47  4.32  4.29  4.34  3.11  2.36  1.45  1.05     2.89  1.30  3.63  4.32  2.31
135   40     1.03  1.52  2.32  3.45  4.11  4.01  3.96  3.95  2.79  2.06  1.26  0.94     2.62  1.16  3.29  3.97  2.04
135   50     0.94  1.36  2.06  3.09  3.71  3.64  3.60  3.54  2.48  1.82  1.12  0.85     2.35  1.05  2.96  3.59  1.80
135   60     0.86  1.24  1.83  2.76  3.31  3.26  3.21  3.15  2.19  1.62  1.02  0.79     2.10  0.96  2.63  3.21  1.61
135   70     0.79  1.13  1.65  2.46  2.94  2.90  2.85  2.79  1.95  1.47  0.93  0.72     1.88  0.88  2.35  2.85  1.45
135   80     0.73  1.02  1.48  2.20  2.60  2.56  2.52  2.48  1.75  1.34  0.85  0.67     1.69  0.81  2.10  2.52  1.32
135   90     0.66  0.93  1.33  1.97  2.31  2.26  2.23  2.21  1.57  1.23  0.79  0.61     1.51  0.74  1.87  2.23  1.20
150   10     1.38  2.05  3.09  4.33  4.96  4.71  4.71  4.89  3.64  2.91  1.86  1.32     3.32  1.58  4.12  4.77  2.81
150   20     1.22  1.83  2.79  4.04  4.74  4.55  4.54  4.62  3.34  2.53  1.57  1.13     3.08  1.39  3.86  4.57  2.48
150   30     1.06  1.59  2.46  3.68  4.42  4.30  4.26  4.24  2.98  2.15  1.30  0.96     2.79  1.21  3.52  4.27  2.14
150   40     0.95  1.38  2.13  3.27  4.02  3.97  3.92  3.79  2.60  1.79  1.09  0.84     2.48  1.06  3.14  3.89  1.82
150   50     0.88  1.23  1.83  2.83  3.56  3.57  3.50  3.30  2.23  1.51  0.96  0.79     2.18  0.96  2.74  3.46  1.57
150   60     0.82  1.12  1.61  2.45  3.08  3.13  3.05  2.83  1.93  1.33  0.89  0.74     1.91  0.89  2.38  3.00  1.38
150   70     0.77  1.03  1.44  2.13  2.66  2.70  2.63  2.45  1.70  1.21  0.84  0.70     1.69  0.83  2.08  2.60  1.25
150   80     0.71  0.95  1.31  1.91  2.32  2.36  2.29  2.16  1.53  1.13  0.79  0.65     1.51  0.77  1.85  2.27  1.15
150   90     0.65  0.88  1.20  1.72  2.06  2.07  2.02  1.93  1.39  1.05  0.73  0.60     1.36  0.71  1.66  2.01  1.06
165   10     1.36  2.03  3.06  4.31  4.95  4.71  4.71  4.88  3.62  2.87  1.83  1.30     3.30  1.56  4.11  4.77  2.77
165   20     1.18  1.78  2.74  4.00  4.73  4.55  4.53  4.58  3.29  2.44  1.50  1.09     3.04  1.35  3.82  4.56  2.41
165   30     1.01  1.51  2.38  3.61  4.40  4.30  4.26  4.19  2.90  1.99  1.18  0.89     2.72  1.14  3.46  4.25  2.02
165   40     0.92  1.27  1.99  3.15  3.99  3.97  3.91  3.71  2.46  1.55  0.96  0.82     2.39  1.00  3.04  3.87  1.66
165   50     0.87  1.13  1.63  2.64  3.51  3.57  3.49  3.17  2.02  1.24  0.92  0.78     2.08  0.93  2.59  3.41  1.39
165   60     0.82  1.07  1.41  2.14  2.96  3.11  3.00  2.57  1.67  1.13  0.88  0.74     1.79  0.88  2.17  2.89  1.23
165   70     0.77  1.01  1.30  1.83  2.38  2.60  2.48  2.09  1.48  1.07  0.83  0.70     1.54  0.82  1.84  2.39  1.13
165   80     0.71  0.94  1.21  1.65  2.04  2.16  2.08  1.84  1.36  1.02  0.78  0.65     1.37  0.77  1.63  2.03  1.05
165   90     0.65  0.86  1.13  1.51  1.82  1.90  1.84  1.67  1.27  0.96  0.73  0.60     1.25  0.70  1.49  1.80  0.98
180   10     1.36  2.02  3.06  4.30  4.95  4.71  4.71  4.87  3.61  2.85  1.82  1.29     3.30  1.56  4.10  4.77  2.76
180   20     1.17  1.76  2.73  3.98  4.73  4.55  4.54  4.56  3.28  2.40  1.48  1.07     3.02  1.34  3.81  4.55  2.39
180   30     0.99  1.48  2.35  3.58  4.40  4.31  4.27  4.17  2.88  1.92  1.14  0.87     2.70  1.11  3.44  4.25  1.98
180   40     0.92  1.21  1.93  3.11  3.99  3.98  3.92  3.68  2.43  1.43  0.95  0.82     2.36  0.98  3.01  3.86  1.60
180   50     0.87  1.13  1.50  2.59  3.51  3.57  3.50  3.13  1.94  1.15  0.92  0.78     2.05  0.93  2.53  3.40  1.34
180   60     0.82  1.07  1.34  2.03  2.96  3.11  3.01  2.53  1.47  1.11  0.88  0.74     1.76  0.88  2.11  2.88  1.15
180   70     0.77  1.01  1.27  1.62  2.37  2.60  2.49  1.90  1.38  1.06  0.83  0.70     1.50  0.82  1.75  2.33  1.09
180   80     0.71  0.94  1.19  1.50  1.93  2.09  2.00  1.67  1.30  1.01  0.78  0.65     1.31  0.77  1.54  1.92  1.03
180   90     0.65  0.86  1.11  1.40  1.74  1.83  1.77  1.54  1.22  0.96  0.73  0.60     1.20  0.70  1.42  1.71  0.97
             45.2  40.5  31.7  18.3   6.2   1.7   3.3  12.9  25.9  42.1  50.5  51.3     23.6  45.2  17.7   6.3  38.6
             1.88  2.68  3.72  4.70  5.09  4.78  4.80  5.16  4.18  4.04  2.95  2.04     3.83  2.20  4.45  4.90  3.68
             1.80  2.60  3.69  4.68  4.94  4.56  4.61  5.10  4.17  3.88  2.71  1.88     3.72  2.09  4.44  4.76  3.59
             1.04  1.03  1.01  1.00  1.03  1.05  1.04  1.01  1.00  1.04  1.09  1.09     1.04  1.05  1.01  1.03  1.04
             1.18  1.16  1.10  1.03  0.97  0.95  0.96  1.00  1.07  1.19  1.26  1.25     1.09  1.20  1.04  0.97  1.18
temperature   6.0   6.2   8.6  13.4  17.4  21.1  25.2  26.5  22.5  17.4  12.8   8.6     15.5   6.9  13.1  24.3  17.6
diffusedrad  1.09  1.45  1.89  2.31  2.59  2.73  2.65  2.46  2.09  1.62  1.23  0.99     1.93  1.18  2.26  2.61  1.65
snow10cm     0.01  0.00  0.00  0.00  0.00  0.00  0.00  0.00  0.00  0.00  0.00  0.01     0.00  0.01  0.00  0.00  0.00
