2 69041   青谷            35 31.2  133 59.8   13
             1.59  2.21  3.19  4.38  4.89  4.49  4.62  4.85  3.54  2.95  1.91  1.49     3.34  1.76  4.15  4.65  2.80
             1.98  2.95  3.75  5.01  5.83  5.33  6.51  6.21  3.98  3.38  2.25  1.87     3.72  2.18  4.56  5.76  3.09
             1.37  1.69  2.58  3.82  4.34  3.52  3.31  3.81  2.93  2.59  1.25  1.15     3.05  1.52  3.83  3.97  2.45
  0   10     1.74  2.39  3.38  4.50  4.91  4.45  4.60  4.93  3.69  3.22  2.14  1.70     3.47  1.94  4.26  4.66  3.02
  0   20     1.87  2.53  3.51  4.54  4.83  4.34  4.50  4.91  3.78  3.43  2.34  1.86     3.54  2.09  4.29  4.58  3.18
  0   30     1.97  2.62  3.56  4.48  4.66  4.15  4.31  4.79  3.79  3.57  2.48  1.99     3.53  2.19  4.24  4.42  3.28
  0   40     2.02  2.66  3.54  4.33  4.39  3.89  4.04  4.57  3.71  3.62  2.57  2.08     3.45  2.25  4.09  4.17  3.30
  0   50     2.04  2.65  3.45  4.09  4.03  3.55  3.70  4.25  3.56  3.59  2.60  2.12     3.30  2.27  3.86  3.84  3.25
  0   60     2.02  2.58  3.28  3.76  3.60  3.17  3.30  3.85  3.34  3.48  2.57  2.11     3.09  2.24  3.55  3.44  3.13
  0   70     1.97  2.47  3.05  3.35  3.12  2.74  2.86  3.38  3.05  3.30  2.48  2.06     2.82  2.17  3.17  2.99  2.94
  0   80     1.87  2.31  2.76  2.89  2.60  2.29  2.38  2.85  2.70  3.04  2.34  1.97     2.50  2.05  2.75  2.51  2.69
  0   90     1.74  2.11  2.42  2.39  2.06  1.84  1.90  2.29  2.31  2.71  2.15  1.83     2.15  1.89  2.29  2.01  2.39
 15   10     1.73  2.38  3.37  4.50  4.91  4.45  4.60  4.93  3.69  3.20  2.14  1.69     3.47  1.94  4.26  4.66  3.01
 15   20     1.86  2.52  3.49  4.54  4.83  4.34  4.50  4.91  3.77  3.40  2.32  1.85     3.53  2.07  4.29  4.59  3.16
 15   30     1.95  2.60  3.54  4.48  4.66  4.15  4.31  4.79  3.77  3.52  2.46  1.97     3.52  2.17  4.22  4.42  3.25
 15   40     2.00  2.63  3.51  4.33  4.39  3.90  4.05  4.58  3.69  3.57  2.54  2.05     3.44  2.23  4.08  4.18  3.27
 15   50     2.02  2.62  3.42  4.09  4.05  3.57  3.72  4.27  3.54  3.53  2.56  2.09     3.29  2.24  3.85  3.85  3.21
 15   60     1.99  2.55  3.25  3.77  3.63  3.19  3.33  3.87  3.32  3.41  2.53  2.08     3.08  2.21  3.55  3.46  3.09
 15   70     1.93  2.44  3.01  3.38  3.16  2.78  2.89  3.42  3.03  3.22  2.44  2.02     2.81  2.13  3.19  3.03  2.90
 15   80     1.84  2.28  2.72  2.94  2.65  2.34  2.44  2.90  2.69  2.95  2.30  1.93     2.50  2.01  2.77  2.56  2.65
 15   90     1.71  2.08  2.38  2.45  2.14  1.91  1.97  2.37  2.31  2.63  2.11  1.79     2.15  1.86  2.32  2.09  2.35
 30   10     1.72  2.37  3.35  4.49  4.91  4.45  4.60  4.92  3.67  3.17  2.11  1.67     3.45  1.92  4.25  4.66  2.98
 30   20     1.82  2.48  3.45  4.51  4.83  4.34  4.50  4.90  3.73  3.34  2.27  1.81     3.50  2.04  4.26  4.58  3.11
 30   30     1.90  2.54  3.48  4.46  4.67  4.17  4.33  4.79  3.72  3.43  2.39  1.91     3.48  2.12  4.20  4.43  3.18
 30   40     1.94  2.56  3.44  4.31  4.42  3.92  4.07  4.58  3.64  3.45  2.45  1.97     3.40  2.16  4.06  4.19  3.18
 30   50     1.94  2.54  3.33  4.09  4.09  3.61  3.76  4.29  3.48  3.40  2.46  1.99     3.25  2.16  3.84  3.89  3.11
 30   60     1.91  2.46  3.16  3.79  3.70  3.25  3.39  3.92  3.26  3.27  2.41  1.97     3.04  2.11  3.55  3.52  2.98
 30   70     1.84  2.34  2.93  3.41  3.27  2.87  2.99  3.50  2.98  3.07  2.31  1.91     2.78  2.03  3.20  3.12  2.79
 30   80     1.74  2.17  2.64  3.00  2.80  2.46  2.56  3.03  2.66  2.81  2.16  1.80     2.49  1.91  2.81  2.68  2.54
 30   90     1.61  1.97  2.32  2.56  2.34  2.06  2.14  2.55  2.30  2.49  1.97  1.67     2.17  1.75  2.41  2.25  2.25
 45   10     1.69  2.33  3.31  4.46  4.90  4.45  4.59  4.90  3.63  3.12  2.07  1.63     3.42  1.89  4.22  4.65  2.94
 45   20     1.77  2.42  3.38  4.48  4.82  4.34  4.49  4.87  3.68  3.24  2.19  1.74     3.45  1.98  4.23  4.57  3.04
 45   30     1.82  2.46  3.39  4.41  4.67  4.17  4.33  4.75  3.64  3.30  2.27  1.81     3.42  2.03  4.16  4.42  3.07
 45   40     1.84  2.46  3.33  4.27  4.43  3.94  4.09  4.56  3.55  3.29  2.31  1.85     3.33  2.05  4.01  4.20  3.05
 45   50     1.82  2.41  3.21  4.05  4.13  3.65  3.79  4.28  3.39  3.21  2.29  1.85     3.17  2.03  3.79  3.91  2.97
 45   60     1.77  2.32  3.03  3.77  3.77  3.32  3.46  3.95  3.17  3.07  2.23  1.81     2.97  1.97  3.52  3.58  2.82
 45   70     1.70  2.19  2.81  3.42  3.36  2.96  3.08  3.55  2.91  2.87  2.12  1.74     2.73  1.88  3.20  3.19  2.63
 45   80     1.59  2.03  2.54  3.05  2.95  2.58  2.69  3.13  2.60  2.62  1.97  1.63     2.45  1.75  2.85  2.80  2.40
 45   90     1.46  1.84  2.24  2.64  2.52  2.22  2.30  2.70  2.28  2.32  1.78  1.49     2.15  1.60  2.47  2.41  2.13
 60   10     1.65  2.29  3.27  4.43  4.89  4.45  4.59  4.88  3.60  3.05  2.02  1.59     3.39  1.85  4.20  4.63  2.89
 60   20     1.70  2.34  3.29  4.42  4.80  4.34  4.49  4.83  3.60  3.12  2.09  1.66     3.39  1.90  4.17  4.55  2.94
 60   30     1.72  2.35  3.27  4.34  4.64  4.17  4.32  4.70  3.54  3.13  2.13  1.70     3.34  1.92  4.08  4.40  2.94
 60   40     1.71  2.32  3.18  4.19  4.42  3.95  4.09  4.51  3.43  3.09  2.13  1.70     3.23  1.91  3.93  4.18  2.88
 60   50     1.68  2.25  3.06  3.98  4.13  3.68  3.82  4.25  3.27  2.98  2.09  1.68     3.07  1.87  3.72  3.91  2.78
 60   60     1.62  2.15  2.87  3.70  3.80  3.36  3.49  3.92  3.05  2.84  2.01  1.62     2.87  1.80  3.46  3.59  2.63
 60   70     1.53  2.03  2.66  3.39  3.44  3.03  3.15  3.58  2.80  2.63  1.89  1.54     2.64  1.70  3.16  3.25  2.44
 60   80     1.43  1.87  2.40  3.03  3.04  2.68  2.79  3.18  2.52  2.40  1.75  1.43     2.38  1.58  2.83  2.88  2.22
 60   90     1.30  1.70  2.14  2.68  2.65  2.33  2.42  2.78  2.22  2.14  1.58  1.30     2.10  1.43  2.49  2.51  1.98
 75   10     1.61  2.25  3.21  4.39  4.87  4.44  4.58  4.84  3.55  2.98  1.96  1.54     3.35  1.80  4.16  4.62  2.83
 75   20     1.62  2.25  3.19  4.35  4.77  4.33  4.47  4.77  3.51  2.98  1.98  1.56     3.32  1.81  4.11  4.53  2.82
 75   30     1.61  2.22  3.13  4.24  4.60  4.16  4.30  4.63  3.43  2.94  1.97  1.56     3.23  1.80  3.99  4.36  2.78
 75   40     1.57  2.16  3.02  4.07  4.38  3.94  4.07  4.42  3.29  2.85  1.94  1.53     3.10  1.76  3.82  4.14  2.69
 75   50     1.52  2.08  2.87  3.86  4.11  3.68  3.81  4.17  3.11  2.73  1.87  1.49     2.94  1.70  3.61  3.88  2.57
 75   60     1.45  1.97  2.69  3.60  3.79  3.38  3.50  3.87  2.90  2.57  1.77  1.42     2.74  1.61  3.36  3.58  2.41
 75   70     1.36  1.84  2.47  3.29  3.44  3.06  3.17  3.52  2.65  2.38  1.66  1.33     2.51  1.51  3.07  3.25  2.23
 75   80     1.26  1.70  2.25  2.98  3.09  2.73  2.83  3.17  2.40  2.16  1.51  1.23     2.28  1.40  2.77  2.91  2.02
 75   90     1.15  1.54  2.00  2.64  2.71  2.40  2.49  2.80  2.12  1.93  1.37  1.11     2.02  1.27  2.45  2.56  1.80
 90   10     1.57  2.20  3.16  4.34  4.85  4.43  4.57  4.81  3.50  2.90  1.89  1.49     3.31  1.75  4.12  4.60  2.76
 90   20     1.54  2.15  3.08  4.25  4.73  4.32  4.45  4.70  3.41  2.83  1.86  1.46     3.23  1.72  4.02  4.49  2.70
 90   30     1.49  2.09  2.97  4.11  4.55  4.14  4.26  4.53  3.29  2.73  1.80  1.42     3.11  1.66  3.88  4.31  2.61
 90   40     1.43  2.00  2.83  3.92  4.31  3.92  4.03  4.30  3.13  2.60  1.72  1.36     2.96  1.60  3.69  4.08  2.48
 90   50     1.36  1.90  2.67  3.68  4.04  3.65  3.76  4.03  2.93  2.45  1.64  1.29     2.78  1.52  3.46  3.81  2.34
 90   60     1.29  1.78  2.47  3.43  3.73  3.36  3.46  3.74  2.71  2.28  1.53  1.22     2.58  1.43  3.21  3.52  2.17
 90   70     1.20  1.66  2.27  3.15  3.39  3.04  3.14  3.42  2.48  2.10  1.42  1.13     2.37  1.33  2.94  3.20  2.00
 90   80     1.11  1.53  2.06  2.84  3.04  2.73  2.81  3.07  2.23  1.90  1.29  1.03     2.14  1.22  2.65  2.87  1.81
 90   90     1.01  1.39  1.84  2.55  2.71  2.42  2.49  2.74  1.99  1.70  1.17  0.94     1.91  1.11  2.37  2.55  1.62
105   10     1.52  2.15  3.10  4.29  4.83  4.43  4.55  4.77  3.45  2.82  1.83  1.43     3.26  1.70  4.07  4.58  2.70
105   20     1.45  2.05  2.97  4.16  4.69  4.30  4.42  4.62  3.31  2.68  1.73  1.36     3.14  1.62  3.94  4.45  2.57
105   30     1.38  1.95  2.81  3.97  4.47  4.11  4.22  4.41  3.14  2.52  1.63  1.27     2.99  1.53  3.75  4.25  2.43
105   40     1.29  1.83  2.63  3.74  4.21  3.87  3.97  4.14  2.94  2.34  1.52  1.19     2.81  1.44  3.53  4.00  2.27
105   50     1.22  1.72  2.44  3.48  3.92  3.60  3.68  3.85  2.73  2.17  1.41  1.12     2.61  1.35  3.28  3.71  2.10
105   60     1.14  1.59  2.25  3.21  3.60  3.30  3.38  3.54  2.50  1.99  1.31  1.03     2.40  1.25  3.02  3.41  1.93
105   70     1.05  1.48  2.05  2.94  3.27  2.99  3.06  3.23  2.27  1.80  1.20  0.95     2.19  1.16  2.75  3.09  1.76
105   80     0.97  1.36  1.85  2.66  2.93  2.67  2.74  2.91  2.05  1.64  1.09  0.87     1.98  1.07  2.48  2.77  1.59
105   90     0.90  1.25  1.66  2.37  2.61  2.37  2.43  2.59  1.82  1.46  0.98  0.79     1.77  0.98  2.21  2.46  1.42
120   10     1.48  2.10  3.04  4.25  4.81  4.42  4.54  4.73  3.40  2.75  1.76  1.38     3.22  1.65  4.03  4.57  2.63
120   20     1.37  1.96  2.86  4.06  4.64  4.29  4.39  4.54  3.21  2.53  1.61  1.26     3.06  1.53  3.85  4.41  2.45
120   30     1.27  1.81  2.65  3.81  4.39  4.08  4.17  4.27  2.99  2.30  1.46  1.14     2.86  1.41  3.62  4.17  2.25
120   40     1.17  1.67  2.43  3.54  4.09  3.81  3.89  3.96  2.75  2.09  1.32  1.04     2.65  1.29  3.35  3.89  2.05
120   50     1.09  1.54  2.21  3.24  3.76  3.51  3.58  3.63  2.51  1.88  1.20  0.96     2.43  1.19  3.07  3.57  1.87
120   60     1.01  1.43  2.01  2.96  3.42  3.20  3.25  3.30  2.28  1.69  1.10  0.88     2.21  1.10  2.79  3.25  1.69
120   70     0.94  1.32  1.82  2.67  3.08  2.88  2.93  2.98  2.05  1.54  1.00  0.81     2.00  1.02  2.52  2.93  1.53
120   80     0.87  1.21  1.65  2.41  2.76  2.57  2.61  2.68  1.84  1.39  0.92  0.74     1.80  0.94  2.27  2.62  1.38
120   90     0.81  1.12  1.47  2.17  2.45  2.27  2.31  2.39  1.65  1.24  0.83  0.68     1.62  0.87  2.03  2.33  1.24
135   10     1.45  2.06  2.99  4.20  4.79  4.42  4.53  4.70  3.35  2.68  1.71  1.34     3.18  1.61  4.00  4.55  2.58
135   20     1.30  1.88  2.76  3.96  4.60  4.27  4.37  4.46  3.13  2.40  1.50  1.17     2.98  1.45  3.77  4.37  2.34
135   30     1.17  1.69  2.49  3.66  4.31  4.05  4.12  4.14  2.85  2.11  1.31  1.02     2.75  1.29  3.49  4.10  2.09
135   40     1.06  1.53  2.23  3.32  3.96  3.76  3.81  3.77  2.56  1.84  1.15  0.91     2.49  1.17  3.17  3.78  1.85
135   50     0.98  1.39  1.99  2.98  3.58  3.42  3.45  3.38  2.29  1.61  1.03  0.83     2.24  1.07  2.85  3.42  1.64
135   60     0.92  1.28  1.78  2.66  3.20  3.06  3.09  3.01  2.03  1.43  0.93  0.77     2.01  0.99  2.55  3.05  1.47
135   70     0.86  1.19  1.60  2.38  2.84  2.73  2.74  2.68  1.82  1.29  0.86  0.71     1.81  0.92  2.27  2.72  1.32
135   80     0.81  1.10  1.45  2.13  2.52  2.42  2.43  2.38  1.63  1.17  0.79  0.66     1.63  0.86  2.03  2.41  1.20
135   90     0.76  1.03  1.31  1.91  2.24  2.14  2.15  2.12  1.47  1.06  0.72  0.61     1.46  0.80  1.82  2.14  1.09
150   10     1.42  2.02  2.95  4.17  4.78  4.41  4.53  4.67  3.32  2.63  1.67  1.30     3.16  1.58  3.97  4.54  2.54
150   20     1.25  1.81  2.67  3.89  4.57  4.26  4.36  4.40  3.06  2.29  1.41  1.10     2.92  1.38  3.71  4.34  2.25
150   30     1.09  1.59  2.36  3.54  4.26  4.03  4.09  4.04  2.74  1.94  1.18  0.92     2.65  1.20  3.39  4.06  1.95
150   40     0.98  1.39  2.05  3.13  3.87  3.72  3.76  3.61  2.40  1.61  1.00  0.81     2.36  1.06  3.02  3.70  1.67
150   50     0.92  1.25  1.77  2.72  3.42  3.35  3.35  3.14  2.07  1.37  0.89  0.76     2.08  0.98  2.63  3.28  1.44
150   60     0.88  1.17  1.56  2.35  2.95  2.93  2.92  2.70  1.80  1.20  0.83  0.72     1.83  0.92  2.29  2.85  1.28
150   70     0.83  1.10  1.41  2.06  2.56  2.54  2.53  2.34  1.60  1.10  0.78  0.68     1.63  0.87  2.01  2.47  1.16
150   80     0.79  1.04  1.29  1.84  2.24  2.23  2.21  2.07  1.44  1.02  0.73  0.64     1.46  0.82  1.79  2.17  1.06
150   90     0.75  0.98  1.18  1.66  1.99  1.96  1.95  1.86  1.31  0.94  0.68  0.59     1.32  0.77  1.61  1.92  0.98
165   10     1.40  2.00  2.93  4.14  4.77  4.41  4.53  4.66  3.30  2.60  1.64  1.28     3.14  1.56  3.95  4.53  2.51
165   20     1.21  1.76  2.63  3.84  4.55  4.26  4.35  4.38  3.01  2.22  1.35  1.05     2.88  1.34  3.67  4.33  2.19
165   30     1.03  1.51  2.28  3.46  4.24  4.03  4.09  4.00  2.66  1.81  1.08  0.85     2.59  1.13  3.32  4.04  1.85
165   40     0.94  1.28  1.91  3.01  3.84  3.72  3.75  3.54  2.28  1.43  0.89  0.79     2.28  1.00  2.92  3.67  1.53
165   50     0.91  1.17  1.58  2.52  3.36  3.34  3.34  3.01  1.88  1.16  0.86  0.75     1.99  0.94  2.48  3.23  1.30
165   60     0.88  1.13  1.38  2.04  2.83  2.91  2.87  2.43  1.58  1.06  0.81  0.72     1.72  0.91  2.08  2.74  1.15
165   70     0.83  1.08  1.27  1.75  2.28  2.43  2.36  1.99  1.41  1.01  0.77  0.68     1.49  0.86  1.76  2.26  1.06
165   80     0.79  1.02  1.19  1.58  1.96  2.04  1.99  1.76  1.30  0.96  0.72  0.64     1.33  0.82  1.58  1.93  0.99
165   90     0.75  0.96  1.11  1.45  1.75  1.80  1.76  1.60  1.21  0.90  0.67  0.59     1.21  0.77  1.44  1.72  0.93
180   10     1.40  1.99  2.92  4.13  4.77  4.41  4.53  4.66  3.30  2.59  1.63  1.27     3.13  1.55  3.94  4.53  2.50
180   20     1.20  1.75  2.61  3.82  4.55  4.26  4.35  4.37  3.00  2.19  1.33  1.03     2.87  1.32  3.66  4.33  2.17
180   30     1.00  1.48  2.25  3.42  4.23  4.03  4.09  3.99  2.64  1.76  1.04  0.82     2.56  1.10  3.30  4.04  1.81
180   40     0.94  1.23  1.85  2.96  3.83  3.71  3.75  3.53  2.24  1.33  0.89  0.79     2.25  0.98  2.88  3.66  1.49
180   50     0.91  1.17  1.44  2.46  3.35  3.34  3.34  3.00  1.81  1.10  0.86  0.75     1.96  0.94  2.41  3.23  1.26
180   60     0.88  1.13  1.31  1.91  2.82  2.91  2.87  2.42  1.41  1.06  0.81  0.72     1.69  0.91  2.01  2.73  1.10
180   70     0.83  1.08  1.24  1.54  2.24  2.43  2.36  1.84  1.33  1.01  0.77  0.68     1.45  0.86  1.67  2.21  1.03
180   80     0.79  1.02  1.17  1.42  1.84  1.97  1.91  1.63  1.24  0.96  0.72  0.64     1.27  0.82  1.48  1.84  0.97
180   90     0.75  0.96  1.10  1.34  1.66  1.73  1.70  1.51  1.16  0.90  0.67  0.59     1.17  0.77  1.36  1.64  0.91
             50.0  42.7  32.3  19.4   6.6   2.2   3.7  13.4  25.8  41.7  50.2  53.9     24.4  48.6  18.6   6.5  38.2
             2.04  2.66  3.57  4.54  4.92  4.48  4.62  4.94  3.79  3.62  2.60  2.12     3.66  2.27  4.29  4.67  3.30
             1.92  2.57  3.54  4.53  4.77  4.27  4.43  4.87  3.79  3.50  2.41  1.92     3.54  2.14  4.28  4.52  3.23
             1.06  1.04  1.01  1.00  1.03  1.05  1.04  1.01  1.00  1.03  1.08  1.10     1.04  1.07  1.01  1.04  1.04
             1.21  1.16  1.11  1.03  0.98  0.95  0.96  1.00  1.07  1.19  1.26  1.29     1.10  1.22  1.04  0.97  1.17
temperature   4.3   4.4   7.2  12.1  16.5  20.6  24.6  25.9  22.0  16.5  11.6   7.0     14.4   5.2  11.9  23.7  16.7
diffusedrad  1.11  1.46  1.82  2.18  2.43  2.59  2.51  2.29  1.97  1.52  1.13  0.95     1.83  1.17  2.14  2.46  1.54
snow10cm     0.23  0.18  0.03  0.00  0.00  0.00  0.00  0.00  0.00  0.00  0.00  0.05     0.04  0.15  0.01  0.00  0.00
