2 71066   池田            34  1.4  133 47.8  205
             1.83  2.52  3.38  4.44  4.76  4.42  4.66  4.69  3.62  3.09  2.15  1.77     3.44  2.04  4.20  4.59  2.95
             2.31  3.32  4.13  5.52  5.59  5.25  6.45  5.88  4.40  3.90  2.83  2.22     3.86  2.53  4.77  5.62  3.28
             1.38  1.55  2.49  3.61  3.99  3.32  3.69  3.53  2.95  2.48  1.34  1.25     2.78  1.57  3.60  3.54  2.26
  0   10     2.03  2.76  3.58  4.54  4.77  4.38  4.63  4.74  3.76  3.34  2.40  2.02     3.58  2.27  4.30  4.58  3.17
  0   20     2.20  2.94  3.71  4.57  4.68  4.26  4.52  4.71  3.83  3.53  2.62  2.23     3.65  2.46  4.32  4.50  3.33
  0   30     2.33  3.05  3.76  4.50  4.51  4.07  4.33  4.58  3.82  3.65  2.77  2.39     3.65  2.59  4.25  4.33  3.42
  0   40     2.41  3.11  3.73  4.33  4.24  3.81  4.05  4.36  3.74  3.69  2.87  2.50     3.57  2.67  4.10  4.07  3.43
  0   50     2.43  3.09  3.62  4.08  3.89  3.48  3.70  4.05  3.57  3.65  2.90  2.55     3.42  2.69  3.86  3.74  3.37
  0   60     2.40  3.01  3.43  3.74  3.48  3.10  3.29  3.66  3.34  3.52  2.86  2.54     3.20  2.65  3.55  3.35  3.24
  0   70     2.32  2.86  3.17  3.33  3.01  2.68  2.84  3.21  3.04  3.32  2.76  2.48     2.92  2.55  3.17  2.91  3.04
  0   80     2.19  2.65  2.86  2.86  2.50  2.24  2.36  2.71  2.69  3.04  2.60  2.36     2.59  2.40  2.74  2.44  2.77
  0   90     2.02  2.39  2.48  2.35  2.00  1.80  1.88  2.18  2.29  2.70  2.38  2.19     2.22  2.20  2.28  1.96  2.46
 15   10     2.02  2.75  3.57  4.54  4.77  4.38  4.63  4.74  3.75  3.32  2.39  2.01     3.57  2.26  4.29  4.58  3.16
 15   20     2.19  2.92  3.69  4.57  4.69  4.26  4.52  4.71  3.82  3.51  2.60  2.21     3.64  2.44  4.32  4.50  3.31
 15   30     2.30  3.03  3.73  4.50  4.50  4.07  4.33  4.58  3.81  3.61  2.75  2.37     3.63  2.57  4.24  4.33  3.39
 15   40     2.37  3.08  3.69  4.34  4.25  3.81  4.06  4.37  3.72  3.64  2.84  2.47     3.55  2.64  4.09  4.08  3.40
 15   50     2.39  3.06  3.58  4.09  3.91  3.49  3.71  4.06  3.56  3.58  2.86  2.51     3.40  2.65  3.86  3.76  3.33
 15   60     2.36  2.97  3.39  3.75  3.50  3.12  3.32  3.68  3.32  3.45  2.82  2.50     3.18  2.61  3.55  3.37  3.20
 15   70     2.27  2.82  3.13  3.36  3.05  2.71  2.88  3.25  3.02  3.24  2.71  2.43     2.91  2.51  3.18  2.95  2.99
 15   80     2.14  2.61  2.81  2.90  2.56  2.29  2.42  2.76  2.68  2.96  2.55  2.31     2.58  2.35  2.76  2.49  2.73
 15   90     1.97  2.35  2.45  2.41  2.07  1.87  1.96  2.26  2.29  2.63  2.33  2.13     2.23  2.15  2.31  2.03  2.42
 30   10     2.00  2.73  3.55  4.53  4.77  4.38  4.63  4.73  3.73  3.29  2.37  1.99     3.56  2.24  4.28  4.58  3.13
 30   20     2.14  2.87  3.65  4.55  4.68  4.27  4.52  4.70  3.78  3.44  2.54  2.16     3.61  2.39  4.29  4.50  3.26
 30   30     2.23  2.96  3.67  4.48  4.52  4.09  4.34  4.58  3.76  3.53  2.67  2.29     3.59  2.50  4.22  4.34  3.32
 30   40     2.29  2.99  3.62  4.32  4.27  3.84  4.08  4.36  3.67  3.53  2.73  2.37     3.50  2.55  4.07  4.09  3.31
 30   50     2.29  2.95  3.50  4.08  3.95  3.53  3.76  4.08  3.50  3.46  2.74  2.40     3.35  2.54  3.84  3.79  3.23
 30   60     2.24  2.85  3.31  3.77  3.57  3.18  3.38  3.72  3.27  3.31  2.68  2.37     3.14  2.49  3.55  3.43  3.09
 30   70     2.15  2.70  3.05  3.39  3.15  2.80  2.98  3.32  2.98  3.10  2.56  2.29     2.87  2.38  3.20  3.03  2.88
 30   80     2.01  2.48  2.74  2.98  2.70  2.41  2.55  2.87  2.65  2.83  2.39  2.16     2.56  2.22  2.81  2.61  2.62
 30   90     1.83  2.22  2.39  2.53  2.26  2.02  2.13  2.42  2.29  2.50  2.17  1.98     2.23  2.01  2.39  2.19  2.32
 45   10     1.96  2.68  3.51  4.51  4.76  4.38  4.63  4.72  3.70  3.24  2.32  1.94     3.53  2.20  4.26  4.57  3.09
 45   20     2.07  2.80  3.58  4.52  4.67  4.27  4.52  4.68  3.73  3.35  2.46  2.08     3.56  2.31  4.26  4.49  3.18
 45   30     2.13  2.85  3.58  4.44  4.52  4.10  4.35  4.55  3.69  3.40  2.54  2.17     3.52  2.39  4.18  4.33  3.21
 45   40     2.15  2.85  3.51  4.28  4.28  3.86  4.11  4.35  3.59  3.37  2.58  2.22     3.43  2.41  4.02  4.11  3.18
 45   50     2.13  2.79  3.37  4.05  3.98  3.57  3.80  4.08  3.41  3.28  2.56  2.22     3.27  2.38  3.80  3.81  3.08
 45   60     2.07  2.68  3.18  3.76  3.63  3.25  3.46  3.75  3.19  3.12  2.48  2.17     3.06  2.31  3.52  3.48  2.93
 45   70     1.96  2.52  2.93  3.41  3.24  2.89  3.08  3.37  2.91  2.91  2.35  2.07     2.80  2.19  3.19  3.11  2.72
 45   80     1.82  2.31  2.64  3.03  2.84  2.52  2.68  2.97  2.60  2.65  2.18  1.94     2.51  2.02  2.84  2.72  2.48
 45   90     1.65  2.07  2.32  2.62  2.43  2.17  2.30  2.56  2.27  2.34  1.97  1.77     2.21  1.83  2.46  2.34  2.19
 60   10     1.91  2.63  3.46  4.48  4.75  4.37  4.62  4.70  3.67  3.18  2.26  1.89     3.49  2.14  4.23  4.56  3.04
 60   20     1.98  2.70  3.48  4.46  4.66  4.27  4.52  4.64  3.66  3.24  2.34  1.98     3.50  2.22  4.20  4.48  3.08
 60   30     2.00  2.71  3.46  4.37  4.50  4.10  4.34  4.51  3.60  3.24  2.39  2.02     3.44  2.25  4.11  4.32  3.07
 60   40     1.99  2.68  3.36  4.21  4.28  3.88  4.11  4.31  3.47  3.18  2.38  2.03     3.32  2.23  3.95  4.10  3.01
 60   50     1.95  2.60  3.21  3.99  4.00  3.60  3.83  4.05  3.30  3.06  2.33  2.00     3.16  2.18  3.73  3.83  2.90
 60   60     1.86  2.47  3.01  3.70  3.67  3.29  3.50  3.73  3.07  2.90  2.24  1.94     2.95  2.09  3.46  3.51  2.74
 60   70     1.75  2.31  2.78  3.39  3.31  2.96  3.15  3.40  2.81  2.68  2.10  1.83     2.71  1.97  3.16  3.17  2.53
 60   80     1.62  2.11  2.50  3.03  2.93  2.62  2.79  3.02  2.52  2.44  1.94  1.70     2.44  1.81  2.82  2.81  2.30
 60   90     1.45  1.89  2.22  2.67  2.55  2.28  2.42  2.64  2.23  2.16  1.75  1.54     2.15  1.63  2.48  2.44  2.04
 75   10     1.86  2.57  3.41  4.44  4.74  4.37  4.62  4.67  3.62  3.11  2.19  1.83     3.45  2.09  4.20  4.55  2.98
 75   20     1.87  2.58  3.38  4.39  4.64  4.26  4.51  4.59  3.58  3.10  2.22  1.86     3.42  2.10  4.14  4.45  2.97
 75   30     1.86  2.55  3.31  4.28  4.47  4.09  4.33  4.45  3.48  3.05  2.20  1.85     3.33  2.09  4.02  4.29  2.91
 75   40     1.81  2.48  3.19  4.10  4.25  3.87  4.10  4.24  3.34  2.95  2.16  1.83     3.19  2.04  3.85  4.07  2.82
 75   50     1.74  2.38  3.02  3.88  3.98  3.61  3.83  3.98  3.15  2.82  2.08  1.76     3.02  1.96  3.63  3.81  2.68
 75   60     1.65  2.25  2.83  3.61  3.66  3.31  3.52  3.69  2.93  2.64  1.98  1.69     2.81  1.86  3.37  3.51  2.52
 75   70     1.53  2.08  2.59  3.30  3.32  3.00  3.18  3.35  2.68  2.44  1.85  1.58     2.57  1.73  3.07  3.17  2.32
 75   80     1.40  1.90  2.35  2.98  2.98  2.67  2.84  3.02  2.42  2.21  1.68  1.45     2.33  1.59  2.77  2.84  2.10
 75   90     1.26  1.70  2.08  2.64  2.62  2.35  2.50  2.66  2.13  1.97  1.52  1.31     2.06  1.42  2.45  2.50  1.87
 90   10     1.80  2.50  3.35  4.40  4.72  4.37  4.61  4.64  3.57  3.04  2.12  1.76     3.41  2.02  4.16  4.54  2.91
 90   20     1.76  2.45  3.27  4.31  4.61  4.25  4.49  4.53  3.48  2.96  2.08  1.72     3.33  1.98  4.06  4.42  2.84
 90   30     1.70  2.38  3.15  4.16  4.43  4.08  4.30  4.36  3.36  2.85  2.02  1.68     3.20  1.92  3.91  4.25  2.74
 90   40     1.63  2.27  2.99  3.96  4.19  3.86  4.07  4.14  3.19  2.71  1.93  1.61     3.04  1.84  3.71  4.02  2.61
 90   50     1.53  2.15  2.81  3.72  3.92  3.60  3.79  3.87  2.98  2.55  1.83  1.53     2.86  1.74  3.48  3.75  2.45
 90   60     1.44  2.01  2.60  3.46  3.61  3.30  3.49  3.58  2.76  2.37  1.70  1.43     2.65  1.63  3.23  3.46  2.28
 90   70     1.32  1.84  2.39  3.17  3.28  2.99  3.17  3.27  2.52  2.17  1.58  1.33     2.42  1.50  2.95  3.14  2.09
 90   80     1.20  1.68  2.15  2.86  2.95  2.68  2.83  2.93  2.26  1.96  1.44  1.21     2.18  1.36  2.65  2.81  1.89
 90   90     1.08  1.50  1.92  2.56  2.62  2.37  2.50  2.61  2.02  1.75  1.29  1.09     1.94  1.22  2.36  2.50  1.69
105   10     1.74  2.44  3.29  4.36  4.71  4.36  4.60  4.61  3.52  2.96  2.05  1.69     3.36  1.96  4.12  4.52  2.84
105   20     1.65  2.33  3.15  4.22  4.57  4.24  4.47  4.46  3.39  2.81  1.94  1.60     3.24  1.86  3.98  4.39  2.71
105   30     1.55  2.19  2.98  4.03  4.36  4.06  4.26  4.26  3.22  2.64  1.82  1.50     3.07  1.75  3.79  4.19  2.56
105   40     1.44  2.06  2.78  3.80  4.11  3.82  4.01  4.01  3.01  2.46  1.70  1.40     2.88  1.63  3.56  3.95  2.39
105   50     1.34  1.91  2.58  3.53  3.82  3.55  3.73  3.72  2.79  2.27  1.57  1.30     2.68  1.52  3.31  3.67  2.21
105   60     1.23  1.75  2.37  3.25  3.51  3.25  3.42  3.42  2.56  2.09  1.45  1.20     2.46  1.39  3.04  3.36  2.03
105   70     1.13  1.61  2.15  2.97  3.18  2.94  3.09  3.11  2.32  1.89  1.33  1.10     2.24  1.28  2.77  3.05  1.85
105   80     1.02  1.45  1.94  2.69  2.85  2.63  2.77  2.80  2.09  1.71  1.21  1.00     2.01  1.16  2.49  2.73  1.67
105   90     0.92  1.31  1.73  2.39  2.54  2.33  2.45  2.48  1.85  1.52  1.08  0.90     1.79  1.04  2.22  2.42  1.48
120   10     1.69  2.38  3.23  4.31  4.69  4.36  4.59  4.58  3.48  2.89  1.98  1.63     3.32  1.90  4.08  4.51  2.78
120   20     1.55  2.20  3.03  4.13  4.53  4.23  4.44  4.40  3.30  2.67  1.80  1.48     3.15  1.74  3.90  4.36  2.59
120   30     1.41  2.02  2.81  3.89  4.30  4.03  4.22  4.15  3.08  2.44  1.63  1.33     2.94  1.59  3.67  4.13  2.38
120   40     1.28  1.84  2.57  3.61  4.01  3.77  3.95  3.85  2.83  2.21  1.48  1.21     2.72  1.44  3.40  3.86  2.17
120   50     1.16  1.67  2.34  3.31  3.69  3.48  3.63  3.53  2.59  2.00  1.34  1.10     2.49  1.31  3.11  3.55  1.97
120   60     1.06  1.53  2.11  3.01  3.36  3.17  3.30  3.21  2.34  1.80  1.22  1.00     2.26  1.19  2.83  3.23  1.79
120   70     0.97  1.39  1.91  2.72  3.02  2.85  2.97  2.89  2.11  1.63  1.11  0.92     2.04  1.09  2.55  2.90  1.61
120   80     0.88  1.25  1.72  2.45  2.70  2.54  2.65  2.60  1.89  1.46  1.01  0.83     1.83  0.99  2.29  2.60  1.45
120   90     0.80  1.14  1.53  2.20  2.39  2.24  2.34  2.31  1.69  1.31  0.91  0.76     1.64  0.90  2.04  2.30  1.30
135   10     1.64  2.32  3.18  4.27  4.68  4.36  4.58  4.55  3.44  2.82  1.92  1.57     3.28  1.84  4.04  4.50  2.73
135   20     1.45  2.09  2.93  4.04  4.50  4.22  4.43  4.33  3.21  2.54  1.68  1.37     3.07  1.64  3.82  4.33  2.48
135   30     1.27  1.86  2.65  3.74  4.24  4.01  4.18  4.04  2.95  2.25  1.46  1.18     2.82  1.44  3.54  4.08  2.22
135   40     1.13  1.64  2.36  3.40  3.91  3.73  3.88  3.70  2.66  1.98  1.28  1.03     2.56  1.27  3.23  3.77  1.97
135   50     1.01  1.46  2.10  3.06  3.54  3.40  3.52  3.33  2.37  1.74  1.14  0.93     2.30  1.13  2.90  3.42  1.75
135   60     0.93  1.32  1.87  2.73  3.17  3.05  3.15  2.96  2.11  1.54  1.03  0.85     2.06  1.03  2.59  3.06  1.56
135   70     0.85  1.20  1.68  2.44  2.81  2.71  2.80  2.63  1.88  1.38  0.94  0.78     1.84  0.94  2.31  2.72  1.40
135   80     0.79  1.09  1.50  2.18  2.49  2.40  2.48  2.34  1.69  1.25  0.86  0.72     1.65  0.87  2.06  2.41  1.27
135   90     0.72  1.00  1.36  1.95  2.21  2.12  2.19  2.08  1.51  1.14  0.79  0.67     1.48  0.80  1.84  2.13  1.15
150   10     1.60  2.27  3.14  4.24  4.67  4.35  4.58  4.53  3.41  2.78  1.87  1.53     3.25  1.80  4.02  4.49  2.69
150   20     1.38  2.00  2.84  3.97  4.47  4.21  4.42  4.29  3.15  2.44  1.59  1.28     3.00  1.55  3.76  4.31  2.39
150   30     1.16  1.71  2.52  3.63  4.19  4.00  4.16  3.96  2.84  2.09  1.32  1.05     2.72  1.31  3.45  4.04  2.08
150   40     1.00  1.46  2.17  3.23  3.83  3.70  3.83  3.57  2.50  1.76  1.10  0.89     2.42  1.12  3.08  3.70  1.78
150   50     0.91  1.27  1.87  2.81  3.40  3.34  3.43  3.13  2.17  1.49  0.97  0.82     2.14  1.00  2.70  3.30  1.54
150   60     0.86  1.15  1.63  2.43  2.96  2.94  3.00  2.70  1.88  1.31  0.90  0.78     1.88  0.93  2.34  2.88  1.36
150   70     0.80  1.06  1.46  2.13  2.56  2.56  2.59  2.35  1.67  1.19  0.84  0.73     1.66  0.87  2.05  2.50  1.23
150   80     0.75  0.99  1.33  1.89  2.24  2.23  2.26  2.07  1.50  1.10  0.79  0.68     1.49  0.81  1.82  2.19  1.13
150   90     0.69  0.91  1.21  1.71  1.98  1.96  1.99  1.85  1.36  1.01  0.73  0.63     1.34  0.75  1.64  1.93  1.04
165   10     1.58  2.25  3.11  4.22  4.66  4.35  4.58  4.51  3.39  2.74  1.84  1.50     3.23  1.77  4.00  4.48  2.66
165   20     1.33  1.94  2.79  3.93  4.46  4.21  4.41  4.26  3.11  2.38  1.52  1.21     2.96  1.49  3.73  4.29  2.34
165   30     1.08  1.61  2.42  3.56  4.17  3.99  4.16  3.91  2.77  1.98  1.20  0.95     2.65  1.21  3.38  4.02  1.98
165   40     0.94  1.31  2.03  3.12  3.80  3.70  3.83  3.50  2.39  1.58  0.97  0.85     2.33  1.03  2.98  3.67  1.65
165   50     0.90  1.13  1.66  2.63  3.36  3.34  3.42  3.02  1.99  1.28  0.92  0.81     2.04  0.95  2.55  3.26  1.40
165   60     0.85  1.08  1.43  2.14  2.86  2.92  2.96  2.48  1.67  1.17  0.88  0.77     1.77  0.90  2.14  2.79  1.24
165   70     0.80  1.02  1.31  1.82  2.33  2.47  2.45  2.04  1.48  1.10  0.83  0.73     1.53  0.85  1.82  2.32  1.14
165   80     0.75  0.95  1.22  1.63  1.99  2.06  2.05  1.79  1.36  1.04  0.78  0.68     1.36  0.80  1.61  1.97  1.06
165   90     0.69  0.89  1.13  1.50  1.77  1.81  1.81  1.62  1.25  0.98  0.73  0.63     1.23  0.74  1.47  1.75  0.99
180   10     1.57  2.23  3.11  4.21  4.66  4.35  4.58  4.50  3.38  2.74  1.83  1.49     3.22  1.76  3.99  4.48  2.65
180   20     1.31  1.91  2.78  3.90  4.46  4.21  4.42  4.24  3.10  2.35  1.50  1.19     2.95  1.47  3.71  4.29  2.31
180   30     1.05  1.56  2.39  3.52  4.17  3.99  4.16  3.89  2.75  1.93  1.16  0.92     2.63  1.18  3.36  4.01  1.95
180   40     0.94  1.23  1.97  3.08  3.80  3.70  3.83  3.46  2.36  1.49  0.96  0.85     2.31  1.01  2.95  3.66  1.60
180   50     0.90  1.13  1.53  2.58  3.35  3.34  3.42  2.98  1.93  1.21  0.92  0.81     2.01  0.95  2.49  3.25  1.35
180   60     0.85  1.08  1.34  2.04  2.86  2.92  2.96  2.44  1.49  1.16  0.88  0.77     1.73  0.90  2.08  2.78  1.17
180   70     0.80  1.02  1.27  1.61  2.31  2.47  2.46  1.88  1.39  1.10  0.83  0.73     1.49  0.85  1.73  2.27  1.11
180   80     0.75  0.95  1.20  1.48  1.87  2.00  1.97  1.63  1.30  1.04  0.78  0.68     1.30  0.80  1.51  1.86  1.04
180   90     0.69  0.89  1.12  1.38  1.68  1.74  1.74  1.50  1.21  0.98  0.73  0.63     1.19  0.74  1.40  1.66  0.97
             49.7  42.7  31.1  17.4   5.5   1.3   2.7  11.8  24.2  39.5  49.5  53.8     24.7  48.4  17.7   5.5  37.1
             2.43  3.11  3.76  4.57  4.78  4.41  4.66  4.74  3.84  3.69  2.90  2.56     3.79  2.69  4.32  4.59  3.43
             2.27  3.00  3.74  4.55  4.61  4.18  4.44  4.66  3.84  3.60  2.70  2.31     3.66  2.53  4.30  4.43  3.38
             1.07  1.04  1.01  1.00  1.04  1.06  1.05  1.02  1.00  1.02  1.07  1.11     1.04  1.07  1.02  1.04  1.03
             1.24  1.19  1.10  1.02  0.97  0.95  0.95  0.99  1.06  1.17  1.26  1.31     1.10  1.25  1.03  0.96  1.16
temperature   3.3   3.9   7.1  12.9  17.3  21.0  24.8  25.3  21.6  15.5  10.3   5.5     14.0   4.2  12.4  23.7  15.8
diffusedrad  1.17  1.49  1.89  2.27  2.53  2.63  2.59  2.40  2.06  1.67  1.23  1.06     1.92  1.24  2.23  2.54  1.65
snow10cm     0.01  0.01  0.00  0.00  0.00  0.00  0.00  0.00  0.00  0.00  0.00  0.00     0.00  0.01  0.00  0.00  0.00
