2 71231   蒲生田          33 50.2  134 44.5   10
             2.55  3.16  3.75  4.65  4.91  4.51  5.04  5.23  3.98  3.29  2.58  2.42     3.84  2.71  4.44  4.93  3.28
             3.03  3.62  4.44  5.69  6.17  5.38  6.42  6.29  4.81  3.92  3.22  2.74     4.33  3.02  5.21  5.92  3.65
             2.19  2.29  2.79  3.85  4.04  3.68  3.94  3.97  3.14  2.78  2.06  2.09     3.45  2.29  3.95  3.96  2.66
  0   10     3.02  3.56  4.02  4.75  4.91  4.47  5.00  5.31  4.16  3.60  2.96  2.94     4.06  3.17  4.56  4.93  3.57
  0   20     3.44  3.89  4.19  4.79  4.82  4.34  4.87  5.27  4.26  3.84  3.30  3.39     4.20  3.57  4.60  4.83  3.80
  0   30     3.76  4.12  4.27  4.72  4.63  4.15  4.65  5.13  4.27  4.00  3.56  3.76     4.25  3.88  4.54  4.64  3.94
  0   40     4.00  4.25  4.26  4.54  4.35  3.87  4.34  4.87  4.18  4.06  3.73  4.03     4.21  4.09  4.38  4.36  3.99
  0   50     4.13  4.28  4.14  4.27  3.98  3.51  3.94  4.50  4.00  4.03  3.81  4.19     4.07  4.20  4.13  3.98  3.95
  0   60     4.15  4.21  3.94  3.90  3.54  3.12  3.48  4.04  3.74  3.90  3.79  4.25     3.84  4.20  3.79  3.55  3.81
  0   70     4.07  4.03  3.65  3.46  3.06  2.68  2.97  3.52  3.40  3.68  3.68  4.20     3.53  4.10  3.39  3.06  3.59
  0   80     3.89  3.76  3.27  2.96  2.52  2.22  2.43  2.94  2.99  3.38  3.48  4.03     3.16  3.89  2.92  2.53  3.28
  0   90     3.61  3.39  2.83  2.41  1.99  1.77  1.89  2.31  2.52  3.00  3.20  3.77     2.73  3.59  2.41  1.99  2.91
 15   10     3.00  3.55  4.00  4.74  4.91  4.47  5.00  5.31  4.15  3.58  2.95  2.92     4.05  3.16  4.55  4.92  3.56
 15   20     3.40  3.87  4.17  4.77  4.82  4.35  4.88  5.28  4.25  3.81  3.28  3.36     4.18  3.54  4.59  4.84  3.78
 15   30     3.70  4.09  4.24  4.70  4.63  4.15  4.65  5.13  4.25  3.95  3.53  3.71     4.23  3.84  4.52  4.64  3.91
 15   40     3.92  4.22  4.22  4.53  4.36  3.87  4.35  4.88  4.16  4.00  3.69  3.97     4.18  4.03  4.37  4.37  3.95
 15   50     4.03  4.24  4.10  4.26  4.00  3.54  3.96  4.53  3.98  3.96  3.76  4.12     4.04  4.13  4.12  4.01  3.90
 15   60     4.05  4.16  3.89  3.91  3.57  3.15  3.51  4.08  3.72  3.82  3.74  4.17     3.81  4.13  3.79  3.58  3.76
 15   70     3.96  3.98  3.60  3.48  3.10  2.72  3.02  3.58  3.38  3.59  3.63  4.11     3.51  4.01  3.39  3.11  3.54
 15   80     3.77  3.70  3.22  3.00  2.59  2.28  2.50  3.00  2.98  3.29  3.42  3.94     3.14  3.80  2.94  2.60  3.23
 15   90     3.48  3.34  2.79  2.47  2.08  1.85  1.99  2.42  2.54  2.91  3.14  3.67     2.72  3.50  2.45  2.09  2.86
 30   10     2.95  3.51  3.97  4.72  4.91  4.47  5.00  5.30  4.13  3.54  2.91  2.87     4.03  3.11  4.54  4.92  3.53
 30   20     3.29  3.79  4.11  4.74  4.82  4.36  4.88  5.26  4.21  3.73  3.20  3.25     4.14  3.44  4.56  4.83  3.71
 30   30     3.55  3.98  4.16  4.67  4.65  4.17  4.68  5.14  4.20  3.85  3.41  3.56     4.17  3.69  4.49  4.66  3.82
 30   40     3.72  4.07  4.12  4.49  4.39  3.90  4.38  4.89  4.10  3.87  3.54  3.77     4.11  3.85  4.33  4.39  3.84
 30   50     3.79  4.07  4.00  4.23  4.05  3.59  4.03  4.57  3.92  3.81  3.58  3.89     3.96  3.92  4.09  4.06  3.77
 30   60     3.78  3.98  3.79  3.90  3.66  3.22  3.60  4.16  3.67  3.66  3.54  3.91     3.74  3.89  3.78  3.66  3.62
 30   70     3.67  3.78  3.50  3.49  3.22  2.83  3.15  3.69  3.34  3.43  3.41  3.82     3.44  3.76  3.40  3.22  3.39
 30   80     3.46  3.50  3.14  3.05  2.75  2.42  2.68  3.17  2.96  3.13  3.20  3.64     3.09  3.54  2.98  2.76  3.10
 30   90     3.18  3.14  2.74  2.57  2.29  2.02  2.22  2.65  2.55  2.76  2.91  3.37     2.70  3.23  2.53  2.29  2.74
 45   10     2.87  3.44  3.92  4.69  4.91  4.47  5.00  5.28  4.09  3.48  2.85  2.79     3.98  3.03  4.51  4.92  3.47
 45   20     3.13  3.66  4.03  4.69  4.82  4.36  4.88  5.25  4.15  3.63  3.07  3.09     4.06  3.29  4.51  4.83  3.62
 45   30     3.32  3.81  4.04  4.60  4.65  4.18  4.69  5.11  4.11  3.69  3.22  3.32     4.06  3.48  4.43  4.66  3.68
 45   40     3.44  3.86  3.99  4.42  4.41  3.94  4.42  4.90  4.01  3.68  3.31  3.48     3.99  3.59  4.27  4.42  3.67
 45   50     3.46  3.82  3.84  4.17  4.10  3.64  4.08  4.59  3.83  3.60  3.31  3.54     3.83  3.61  4.04  4.10  3.58
 45   60     3.41  3.71  3.63  3.86  3.74  3.30  3.71  4.22  3.57  3.44  3.25  3.52     3.61  3.55  3.74  3.74  3.42
 45   70     3.28  3.52  3.36  3.48  3.33  2.93  3.29  3.78  3.27  3.21  3.10  3.41     3.33  3.40  3.39  3.33  3.19
 45   80     3.08  3.24  3.02  3.08  2.91  2.55  2.85  3.33  2.92  2.93  2.88  3.22     3.00  3.18  3.00  2.91  2.91
 45   90     2.80  2.91  2.66  2.64  2.49  2.19  2.43  2.86  2.55  2.59  2.62  2.96     2.64  2.89  2.60  2.49  2.58
 60   10     2.76  3.36  3.87  4.65  4.90  4.47  5.00  5.26  4.05  3.41  2.76  2.67     3.93  2.93  4.47  4.91  3.40
 60   20     2.94  3.50  3.91  4.62  4.81  4.36  4.88  5.21  4.06  3.49  2.90  2.88     3.96  3.11  4.45  4.82  3.48
 60   30     3.04  3.58  3.90  4.51  4.64  4.19  4.69  5.07  4.00  3.50  2.99  3.03     3.93  3.22  4.35  4.65  3.50
 60   40     3.09  3.58  3.80  4.33  4.41  3.96  4.44  4.86  3.88  3.46  3.02  3.10     3.83  3.26  4.18  4.42  3.45
 60   50     3.08  3.52  3.65  4.08  4.12  3.68  4.13  4.57  3.69  3.34  2.98  3.12     3.66  3.24  3.95  4.13  3.34
 60   60     2.99  3.38  3.43  3.77  3.78  3.36  3.77  4.22  3.45  3.18  2.90  3.07     3.44  3.15  3.66  3.78  3.17
 60   70     2.84  3.19  3.18  3.44  3.42  3.02  3.40  3.84  3.16  2.94  2.74  2.94     3.17  2.99  3.34  3.42  2.95
 60   80     2.65  2.94  2.87  3.05  3.02  2.67  3.00  3.41  2.84  2.69  2.54  2.75     2.87  2.78  2.98  3.03  2.69
 60   90     2.40  2.64  2.54  2.67  2.63  2.31  2.60  2.98  2.50  2.38  2.30  2.52     2.54  2.52  2.62  2.63  2.39
 75   10     2.65  3.25  3.79  4.61  4.88  4.47  4.99  5.23  3.99  3.33  2.66  2.55     3.87  2.81  4.43  4.90  3.33
 75   20     2.71  3.31  3.78  4.54  4.79  4.36  4.87  5.15  3.96  3.32  2.71  2.65     3.85  2.89  4.37  4.79  3.33
 75   30     2.74  3.31  3.71  4.40  4.61  4.18  4.68  5.00  3.86  3.29  2.72  2.69     3.77  2.91  4.24  4.62  3.29
 75   40     2.71  3.26  3.59  4.19  4.39  3.96  4.43  4.77  3.71  3.19  2.70  2.71     3.63  2.89  4.05  4.39  3.20
 75   50     2.65  3.16  3.41  3.95  4.11  3.69  4.14  4.50  3.51  3.05  2.62  2.65     3.45  2.82  3.82  4.11  3.06
 75   60     2.54  3.02  3.20  3.65  3.79  3.39  3.81  4.18  3.27  2.87  2.51  2.58     3.23  2.71  3.55  3.79  2.88
 75   70     2.38  2.82  2.94  3.32  3.44  3.06  3.44  3.80  3.00  2.66  2.36  2.44     2.97  2.55  3.23  3.44  2.67
 75   80     2.21  2.60  2.67  2.99  3.08  2.74  3.07  3.43  2.71  2.41  2.16  2.27     2.69  2.36  2.91  3.08  2.42
 75   90     1.99  2.33  2.37  2.62  2.71  2.40  2.70  3.03  2.39  2.15  1.97  2.08     2.40  2.13  2.57  2.71  2.17
 90   10     2.52  3.14  3.72  4.56  4.87  4.47  4.98  5.19  3.93  3.23  2.54  2.41     3.80  2.69  4.38  4.88  3.24
 90   20     2.47  3.10  3.63  4.44  4.75  4.35  4.86  5.08  3.84  3.15  2.51  2.38     3.71  2.65  4.28  4.76  3.17
 90   30     2.40  3.02  3.50  4.26  4.57  4.17  4.66  4.90  3.70  3.04  2.44  2.34     3.58  2.59  4.11  4.58  3.06
 90   40     2.32  2.91  3.34  4.03  4.33  3.95  4.40  4.65  3.52  2.90  2.35  2.27     3.41  2.50  3.90  4.33  2.92
 90   50     2.20  2.77  3.15  3.76  4.05  3.68  4.11  4.37  3.29  2.73  2.24  2.19     3.21  2.39  3.65  4.05  2.76
 90   60     2.08  2.61  2.91  3.48  3.74  3.38  3.78  4.05  3.06  2.54  2.11  2.08     2.99  2.26  3.38  3.74  2.57
 90   70     1.93  2.43  2.68  3.16  3.40  3.06  3.43  3.70  2.80  2.34  1.97  1.95     2.74  2.10  3.08  3.40  2.37
 90   80     1.77  2.23  2.42  2.83  3.06  2.75  3.07  3.33  2.52  2.11  1.80  1.79     2.47  1.93  2.77  3.05  2.14
 90   90     1.60  2.01  2.17  2.52  2.71  2.43  2.72  2.98  2.25  1.89  1.63  1.64     2.21  1.75  2.47  2.71  1.92
105   10     2.39  3.03  3.64  4.51  4.85  4.46  4.97  5.15  3.87  3.14  2.43  2.27     3.73  2.57  4.33  4.86  3.15
105   20     2.23  2.88  3.48  4.34  4.71  4.34  4.83  5.00  3.72  2.98  2.29  2.13     3.58  2.41  4.18  4.72  3.00
105   30     2.07  2.71  3.28  4.11  4.50  4.15  4.61  4.77  3.52  2.79  2.15  1.98     3.39  2.26  3.96  4.51  2.82
105   40     1.92  2.55  3.06  3.84  4.25  3.91  4.34  4.49  3.30  2.59  2.01  1.85     3.18  2.11  3.72  4.25  2.63
105   50     1.78  2.37  2.84  3.55  3.95  3.63  4.03  4.17  3.06  2.40  1.86  1.73     2.95  1.96  3.45  3.95  2.44
105   60     1.64  2.19  2.62  3.24  3.63  3.33  3.70  3.85  2.80  2.20  1.72  1.60     2.71  1.81  3.16  3.63  2.24
105   70     1.51  2.03  2.38  2.94  3.29  3.01  3.35  3.51  2.55  2.00  1.58  1.49     2.47  1.68  2.87  3.29  2.04
105   80     1.37  1.84  2.15  2.64  2.95  2.69  3.00  3.17  2.30  1.81  1.45  1.36     2.23  1.52  2.58  2.95  1.85
105   90     1.25  1.68  1.92  2.33  2.63  2.39  2.66  2.82  2.04  1.61  1.30  1.25     1.99  1.39  2.30  2.62  1.65
120   10     2.27  2.92  3.56  4.46  4.83  4.46  4.96  5.11  3.81  3.06  2.33  2.14     3.66  2.45  4.29  4.84  3.06
120   20     2.00  2.67  3.33  4.24  4.67  4.33  4.80  4.91  3.60  2.81  2.09  1.88     3.44  2.18  4.08  4.68  2.83
120   30     1.76  2.41  3.06  3.95  4.43  4.12  4.57  4.63  3.35  2.55  1.86  1.64     3.19  1.94  3.82  4.44  2.59
120   40     1.55  2.17  2.79  3.63  4.14  3.86  4.26  4.29  3.07  2.29  1.67  1.45     2.93  1.73  3.52  4.14  2.34
120   50     1.39  1.97  2.53  3.30  3.81  3.56  3.92  3.94  2.80  2.06  1.50  1.30     2.67  1.55  3.21  3.80  2.12
120   60     1.24  1.79  2.28  2.97  3.46  3.24  3.56  3.58  2.53  1.85  1.36  1.18     2.42  1.40  2.91  3.46  1.91
120   70     1.14  1.63  2.06  2.66  3.12  2.91  3.20  3.23  2.27  1.67  1.23  1.09     2.19  1.28  2.62  3.12  1.73
120   80     1.03  1.48  1.86  2.38  2.79  2.60  2.85  2.91  2.04  1.50  1.13  0.99     1.96  1.17  2.34  2.79  1.56
120   90     0.95  1.35  1.66  2.12  2.47  2.29  2.52  2.59  1.83  1.35  1.02  0.92     1.76  1.07  2.08  2.47  1.40
135   10     2.17  2.82  3.50  4.42  4.82  4.46  4.96  5.08  3.76  2.98  2.23  2.03     3.60  2.34  4.25  4.83  2.99
135   20     1.80  2.47  3.19  4.14  4.64  4.32  4.79  4.83  3.50  2.65  1.90  1.65     3.32  1.97  3.99  4.64  2.68
135   30     1.47  2.13  2.85  3.80  4.36  4.10  4.51  4.49  3.18  2.32  1.60  1.33     3.01  1.64  3.67  4.37  2.37
135   40     1.21  1.83  2.52  3.42  4.02  3.81  4.17  4.10  2.84  2.00  1.36  1.09     2.70  1.38  3.32  4.03  2.07
135   50     1.04  1.59  2.21  3.03  3.64  3.47  3.78  3.67  2.52  1.74  1.18  0.94     2.40  1.19  2.96  3.64  1.81
135   60     0.93  1.42  1.96  2.67  3.25  3.11  3.37  3.26  2.23  1.53  1.05  0.84     2.14  1.06  2.63  3.25  1.61
135   70     0.85  1.28  1.74  2.36  2.89  2.76  2.99  2.88  1.98  1.37  0.96  0.78     1.91  0.97  2.33  2.88  1.44
135   80     0.80  1.17  1.56  2.09  2.56  2.45  2.64  2.56  1.77  1.23  0.89  0.73     1.71  0.90  2.07  2.55  1.30
135   90     0.75  1.09  1.42  1.85  2.27  2.16  2.33  2.29  1.59  1.13  0.82  0.70     1.53  0.84  1.85  2.26  1.18
150   10     2.08  2.74  3.44  4.39  4.81  4.46  4.96  5.05  3.73  2.92  2.16  1.93     3.56  2.25  4.21  4.82  2.94
150   20     1.63  2.31  3.08  4.08  4.61  4.31  4.77  4.77  3.41  2.52  1.75  1.46     3.23  1.80  3.92  4.62  2.56
150   30     1.21  1.87  2.68  3.69  4.31  4.09  4.49  4.38  3.04  2.12  1.37  1.05     2.86  1.38  3.56  4.32  2.17
150   40     0.93  1.51  2.27  3.24  3.94  3.78  4.12  3.92  2.63  1.74  1.08  0.79     2.50  1.08  3.15  3.94  1.82
150   50     0.80  1.25  1.91  2.78  3.49  3.41  3.67  3.40  2.25  1.44  0.92  0.69     2.17  0.91  2.73  3.49  1.53
150   60     0.75  1.10  1.63  2.36  3.03  2.99  3.18  2.91  1.92  1.25  0.84  0.66     1.89  0.84  2.34  3.03  1.34
150   70     0.72  1.02  1.45  2.03  2.61  2.59  2.73  2.50  1.69  1.13  0.79  0.64     1.66  0.79  2.03  2.61  1.21
150   80     0.69  0.96  1.32  1.79  2.28  2.25  2.37  2.20  1.52  1.04  0.75  0.62     1.48  0.75  1.80  2.28  1.11
150   90     0.66  0.91  1.22  1.61  2.02  1.98  2.08  1.97  1.38  0.97  0.72  0.60     1.34  0.72  1.61  2.01  1.02
165   10     2.03  2.69  3.41  4.37  4.80  4.45  4.95  5.04  3.70  2.88  2.12  1.87     3.53  2.20  4.20  4.82  2.90
165   20     1.50  2.20  3.01  4.04  4.60  4.31  4.77  4.74  3.36  2.45  1.65  1.33     3.16  1.68  3.88  4.61  2.48
165   30     1.02  1.69  2.55  3.62  4.29  4.08  4.49  4.33  2.94  1.98  1.20  0.85     2.75  1.19  3.49  4.30  2.04
165   40     0.78  1.23  2.07  3.14  3.90  3.78  4.11  3.83  2.49  1.52  0.87  0.69     2.37  0.90  3.04  3.91  1.63
165   50     0.76  0.98  1.63  2.60  3.44  3.40  3.66  3.26  2.02  1.18  0.82  0.67     2.04  0.80  2.56  3.44  1.34
165   60     0.74  0.94  1.36  2.06  2.92  2.97  3.13  2.62  1.64  1.06  0.80  0.65     1.74  0.78  2.11  2.91  1.17
165   70     0.71  0.91  1.24  1.71  2.35  2.49  2.56  2.10  1.44  1.01  0.77  0.64     1.49  0.75  1.77  2.38  1.07
165   80     0.69  0.88  1.16  1.52  2.00  2.06  2.11  1.83  1.32  0.96  0.74  0.62     1.32  0.73  1.56  2.00  1.01
165   90     0.66  0.84  1.09  1.40  1.78  1.80  1.85  1.66  1.23  0.92  0.70  0.60     1.21  0.70  1.42  1.77  0.95
180   10     2.00  2.67  3.40  4.37  4.80  4.45  4.96  5.04  3.69  2.87  2.10  1.84     3.52  2.17  4.19  4.82  2.89
180   20     1.46  2.15  2.99  4.03  4.59  4.31  4.77  4.73  3.34  2.42  1.61  1.28     3.14  1.63  3.87  4.61  2.45
180   30     0.95  1.61  2.51  3.61  4.29  4.08  4.49  4.32  2.92  1.92  1.13  0.79     2.72  1.12  3.47  4.30  1.99
180   40     0.78  1.10  1.99  3.11  3.89  3.78  4.12  3.82  2.45  1.41  0.85  0.69     2.33  0.85  3.00  3.90  1.57
180   50     0.76  0.97  1.45  2.56  3.43  3.40  3.66  3.25  1.94  1.08  0.82  0.67     2.00  0.80  2.48  3.44  1.28
180   60     0.74  0.94  1.23  1.98  2.90  2.97  3.14  2.61  1.41  1.04  0.80  0.65     1.70  0.78  2.04  2.91  1.08
180   70     0.71  0.91  1.18  1.50  2.33  2.49  2.57  1.94  1.31  1.00  0.77  0.64     1.45  0.75  1.67  2.33  1.03
180   80     0.69  0.88  1.13  1.38  1.86  1.99  2.01  1.66  1.24  0.96  0.74  0.62     1.26  0.73  1.46  1.89  0.98
180   90     0.66  0.84  1.07  1.30  1.67  1.73  1.76  1.53  1.17  0.92  0.70  0.60     1.16  0.70  1.35  1.67  0.93
             57.4  47.8  33.3  18.4   5.2   0.8   2.1  11.2  25.8  41.6  53.4  60.1     30.3  55.2  19.2   5.2  40.3
             4.15  4.29  4.28  4.79  4.92  4.51  5.03  5.31  4.28  4.06  3.81  4.25     4.47  4.22  4.60  4.94  3.99
             3.77  4.13  4.28  4.71  4.62  4.14  4.64  5.12  4.27  4.00  3.56  3.77     4.25  3.89  4.54  4.63  3.95
             1.10  1.04  1.00  1.02  1.06  1.09  1.08  1.04  1.00  1.01  1.07  1.13     1.05  1.09  1.03  1.07  1.03
             1.48  1.31  1.14  1.01  0.94  0.92  0.92  0.98  1.07  1.22  1.38  1.56     1.16  1.45  1.03  0.94  1.22
temperature   6.7   6.8   9.5  14.5  18.5  21.8  25.4  26.9  24.2  19.2  14.2   9.3     16.4   7.6  14.2  24.7  19.2
diffusedrad  1.11  1.42  1.80  2.16  2.45  2.54  2.50  2.25  1.98  1.54  1.18  0.99     1.83  1.17  2.14  2.43  1.57
snow10cm     0.00  0.00  0.00  0.00  0.00  0.00  0.00  0.00  0.00  0.00  0.00  0.00     0.00  0.00  0.00  0.00  0.00
