2 71251   木頭            33 46.3  134 12.3  330
             2.61  3.13  3.67  4.30  4.47  4.15  4.29  4.23  3.40  3.13  2.47  2.38     3.52  2.70  4.15  4.22  3.00
             3.18  3.67  4.34  5.37  5.49  4.81  5.69  4.85  4.10  3.70  3.04  2.69     3.92  3.06  4.83  4.85  3.36
             2.19  2.22  2.80  3.52  3.92  3.27  3.27  3.01  2.94  2.72  1.90  1.99     3.18  2.26  3.64  3.68  2.61
  0   10     3.05  3.49  3.91  4.38  4.47  4.11  4.27  4.28  3.52  3.38  2.80  2.84     3.71  3.13  4.25  4.22  3.23
  0   20     3.44  3.77  4.06  4.40  4.39  4.01  4.17  4.25  3.58  3.58  3.08  3.24     3.83  3.48  4.29  4.14  3.41
  0   30     3.74  3.97  4.13  4.33  4.23  3.84  4.00  4.13  3.56  3.70  3.30  3.56     3.87  3.76  4.23  3.99  3.52
  0   40     3.95  4.08  4.10  4.17  3.98  3.60  3.75  3.93  3.48  3.74  3.43  3.79     3.83  3.94  4.08  3.76  3.55
  0   50     4.06  4.09  3.99  3.92  3.66  3.29  3.44  3.66  3.32  3.69  3.48  3.93     3.71  4.03  3.86  3.46  3.50
  0   60     4.07  4.01  3.78  3.59  3.28  2.95  3.08  3.32  3.10  3.56  3.46  3.96     3.51  4.02  3.55  3.12  3.37
  0   70     3.98  3.83  3.50  3.20  2.86  2.57  2.67  2.93  2.83  3.35  3.35  3.90     3.25  3.91  3.19  2.72  3.17
  0   80     3.80  3.57  3.14  2.75  2.39  2.17  2.24  2.50  2.50  3.07  3.16  3.74     2.92  3.70  2.76  2.30  2.91
  0   90     3.52  3.22  2.73  2.27  1.93  1.76  1.81  2.03  2.13  2.73  2.89  3.48     2.54  3.41  2.31  1.87  2.59
 15   10     3.03  3.48  3.90  4.37  4.47  4.11  4.27  4.28  3.52  3.37  2.79  2.83     3.70  3.11  4.25  4.22  3.23
 15   20     3.40  3.75  4.04  4.39  4.39  4.01  4.17  4.25  3.57  3.56  3.06  3.21     3.82  3.45  4.27  4.14  3.40
 15   30     3.68  3.94  4.09  4.31  4.23  3.84  4.00  4.13  3.55  3.66  3.27  3.52     3.85  3.71  4.21  3.99  3.49
 15   40     3.87  4.04  4.06  4.16  3.99  3.60  3.76  3.94  3.46  3.69  3.39  3.73     3.81  3.88  4.07  3.77  3.51
 15   50     3.97  4.05  3.94  3.92  3.67  3.31  3.45  3.67  3.30  3.63  3.44  3.86     3.68  3.96  3.84  3.48  3.46
 15   60     3.97  3.96  3.74  3.59  3.30  2.97  3.10  3.33  3.09  3.49  3.40  3.89     3.49  3.94  3.54  3.13  3.33
 15   70     3.88  3.78  3.45  3.21  2.89  2.60  2.70  2.95  2.81  3.28  3.29  3.82     3.22  3.82  3.18  2.75  3.13
 15   80     3.68  3.51  3.10  2.78  2.44  2.21  2.29  2.53  2.49  3.00  3.10  3.65     2.90  3.61  2.77  2.34  2.86
 15   90     3.40  3.16  2.69  2.31  1.99  1.82  1.88  2.09  2.13  2.65  2.83  3.39     2.53  3.32  2.33  1.93  2.54
 30   10     2.98  3.44  3.87  4.36  4.47  4.11  4.27  4.27  3.50  3.34  2.75  2.78     3.68  3.07  4.23  4.22  3.20
 30   20     3.29  3.68  3.99  4.36  4.39  4.01  4.17  4.23  3.54  3.49  2.99  3.12     3.77  3.36  4.25  4.14  3.34
 30   30     3.53  3.84  4.03  4.28  4.23  3.85  4.01  4.12  3.51  3.57  3.17  3.38     3.79  3.58  4.18  3.99  3.42
 30   40     3.68  3.91  3.97  4.12  4.00  3.62  3.77  3.93  3.41  3.58  3.26  3.56     3.73  3.72  4.03  3.77  3.42
 30   50     3.75  3.90  3.85  3.88  3.71  3.34  3.48  3.68  3.25  3.50  3.29  3.65     3.61  3.76  3.81  3.50  3.35
 30   60     3.72  3.79  3.64  3.58  3.36  3.01  3.14  3.36  3.04  3.35  3.23  3.65     3.41  3.72  3.52  3.17  3.21
 30   70     3.60  3.60  3.36  3.21  2.97  2.66  2.78  3.00  2.77  3.14  3.10  3.56     3.15  3.59  3.18  2.81  3.00
 30   80     3.39  3.33  3.02  2.81  2.55  2.30  2.40  2.61  2.46  2.86  2.90  3.38     2.83  3.37  2.79  2.43  2.74
 30   90     3.11  2.98  2.63  2.39  2.15  1.95  2.02  2.21  2.13  2.52  2.63  3.12     2.49  3.07  2.39  2.06  2.43
 45   10     2.90  3.38  3.82  4.33  4.46  4.11  4.26  4.26  3.47  3.29  2.70  2.70     3.64  2.99  4.21  4.21  3.15
 45   20     3.14  3.56  3.91  4.32  4.38  4.01  4.17  4.22  3.49  3.40  2.88  2.97     3.71  3.22  4.20  4.13  3.26
 45   30     3.32  3.68  3.92  4.22  4.23  3.85  4.01  4.10  3.45  3.44  3.00  3.17     3.70  3.39  4.12  3.99  3.30
 45   40     3.41  3.72  3.85  4.06  4.01  3.64  3.79  3.92  3.34  3.42  3.06  3.29     3.63  3.47  3.98  3.78  3.27
 45   50     3.43  3.67  3.70  3.83  3.73  3.37  3.51  3.67  3.18  3.33  3.05  3.34     3.48  3.48  3.75  3.51  3.19
 45   60     3.36  3.54  3.50  3.54  3.41  3.07  3.20  3.37  2.96  3.17  2.97  3.30     3.28  3.40  3.48  3.21  3.03
 45   70     3.23  3.35  3.23  3.19  3.04  2.73  2.85  3.03  2.71  2.95  2.83  3.19     3.03  3.25  3.15  2.87  2.83
 45   80     3.02  3.08  2.90  2.83  2.67  2.39  2.49  2.68  2.41  2.68  2.63  3.00     2.73  3.03  2.80  2.52  2.57
 45   90     2.75  2.77  2.55  2.44  2.30  2.06  2.15  2.31  2.11  2.37  2.38  2.75     2.41  2.75  2.43  2.17  2.29
 60   10     2.80  3.30  3.77  4.29  4.46  4.11  4.26  4.24  3.44  3.23  2.62  2.60     3.59  2.90  4.17  4.20  3.10
 60   20     2.96  3.42  3.80  4.26  4.37  4.01  4.16  4.19  3.43  3.28  2.73  2.78     3.62  3.05  4.14  4.12  3.15
 60   30     3.05  3.47  3.78  4.15  4.22  3.85  4.00  4.06  3.36  3.28  2.80  2.90     3.58  3.14  4.05  3.97  3.15
 60   40     3.09  3.46  3.67  3.98  4.01  3.65  3.79  3.88  3.24  3.22  2.81  2.95     3.48  3.17  3.89  3.77  3.09
 60   50     3.06  3.39  3.53  3.75  3.74  3.39  3.53  3.64  3.07  3.10  2.76  2.96     3.33  3.13  3.67  3.52  2.98
 60   60     2.96  3.24  3.31  3.46  3.43  3.10  3.23  3.35  2.86  2.94  2.67  2.89     3.12  3.03  3.40  3.23  2.82
 60   70     2.81  3.05  3.06  3.15  3.10  2.79  2.91  3.05  2.62  2.72  2.52  2.76     2.88  2.87  3.10  2.92  2.62
 60   80     2.62  2.80  2.75  2.80  2.75  2.47  2.58  2.71  2.35  2.48  2.32  2.58     2.60  2.66  2.77  2.59  2.38
 60   90     2.36  2.51  2.44  2.46  2.40  2.15  2.24  2.37  2.07  2.19  2.10  2.35     2.30  2.41  2.43  2.25  2.12
 75   10     2.69  3.21  3.70  4.26  4.45  4.11  4.25  4.22  3.40  3.16  2.53  2.49     3.54  2.80  4.13  4.19  3.03
 75   20     2.74  3.25  3.68  4.19  4.35  4.01  4.15  4.14  3.36  3.15  2.57  2.57     3.51  2.85  4.07  4.10  3.03
 75   30     2.76  3.23  3.61  4.05  4.19  3.85  3.99  4.01  3.27  3.10  2.57  2.60     3.44  2.87  3.95  3.95  2.98
 75   40     2.72  3.17  3.48  3.86  3.98  3.64  3.78  3.81  3.13  3.00  2.53  2.60     3.31  2.83  3.77  3.74  2.88
 75   50     2.65  3.06  3.30  3.63  3.73  3.40  3.53  3.58  2.95  2.86  2.45  2.53     3.14  2.75  3.55  3.50  2.75
 75   60     2.54  2.91  3.10  3.36  3.43  3.12  3.24  3.31  2.74  2.68  2.33  2.45     2.93  2.63  3.29  3.22  2.58
 75   70     2.37  2.71  2.84  3.05  3.11  2.82  2.93  3.01  2.50  2.48  2.18  2.31     2.69  2.46  3.00  2.92  2.39
 75   80     2.19  2.49  2.58  2.74  2.78  2.52  2.62  2.70  2.25  2.24  2.00  2.14     2.44  2.28  2.70  2.61  2.16
 75   90     1.97  2.23  2.28  2.41  2.45  2.21  2.30  2.38  1.99  2.00  1.81  1.95     2.17  2.05  2.38  2.30  1.93
 90   10     2.57  3.11  3.63  4.21  4.43  4.11  4.25  4.20  3.36  3.08  2.44  2.37     3.48  2.68  4.09  4.18  2.96
 90   20     2.52  3.05  3.55  4.11  4.32  4.00  4.14  4.10  3.28  3.00  2.40  2.33     3.40  2.63  3.99  4.08  2.89
 90   30     2.44  2.97  3.42  3.94  4.15  3.83  3.97  3.94  3.16  2.89  2.33  2.29     3.28  2.57  3.84  3.91  2.79
 90   40     2.35  2.85  3.25  3.73  3.93  3.63  3.75  3.73  2.99  2.75  2.23  2.21     3.12  2.47  3.64  3.70  2.66
 90   50     2.23  2.71  3.06  3.47  3.67  3.38  3.50  3.49  2.80  2.59  2.12  2.12     2.93  2.35  3.40  3.46  2.50
 90   60     2.10  2.54  2.83  3.21  3.38  3.11  3.22  3.23  2.59  2.40  1.98  2.00     2.72  2.22  3.14  3.18  2.33
 90   70     1.94  2.35  2.60  2.92  3.07  2.81  2.92  2.94  2.36  2.20  1.85  1.87     2.49  2.06  2.87  2.89  2.14
 90   80     1.78  2.15  2.35  2.61  2.76  2.52  2.60  2.63  2.12  1.99  1.68  1.71     2.24  1.88  2.57  2.58  1.93
 90   90     1.61  1.94  2.10  2.32  2.45  2.23  2.31  2.34  1.89  1.77  1.52  1.56     2.00  1.70  2.29  2.29  1.73
105   10     2.45  3.00  3.56  4.17  4.42  4.10  4.24  4.17  3.32  3.00  2.34  2.25     3.42  2.57  4.05  4.17  2.89
105   20     2.29  2.86  3.41  4.02  4.29  3.99  4.12  4.04  3.20  2.86  2.21  2.11     3.28  2.42  3.91  4.05  2.75
105   30     2.13  2.69  3.22  3.81  4.10  3.82  3.94  3.86  3.04  2.68  2.08  1.96     3.11  2.26  3.71  3.87  2.60
105   40     1.97  2.52  3.01  3.57  3.86  3.60  3.71  3.63  2.85  2.49  1.94  1.83     2.91  2.11  3.48  3.64  2.43
105   50     1.83  2.35  2.79  3.30  3.59  3.34  3.44  3.37  2.64  2.31  1.79  1.71     2.70  1.96  3.23  3.38  2.25
105   60     1.69  2.16  2.56  3.01  3.29  3.06  3.15  3.09  2.41  2.12  1.66  1.57     2.48  1.81  2.96  3.10  2.06
105   70     1.55  1.99  2.33  2.73  2.99  2.77  2.86  2.81  2.19  1.92  1.52  1.46     2.26  1.67  2.68  2.81  1.88
105   80     1.40  1.80  2.10  2.45  2.67  2.47  2.55  2.53  1.97  1.74  1.38  1.33     2.03  1.51  2.41  2.52  1.70
105   90     1.27  1.64  1.88  2.16  2.38  2.19  2.26  2.24  1.75  1.54  1.24  1.22     1.81  1.38  2.14  2.23  1.51
120   10     2.34  2.91  3.49  4.13  4.40  4.10  4.23  4.14  3.28  2.93  2.25  2.13     3.36  2.46  4.01  4.16  2.82
120   20     2.08  2.67  3.27  3.94  4.26  3.98  4.10  3.99  3.12  2.71  2.04  1.89     3.17  2.21  3.82  4.02  2.62
120   30     1.84  2.42  3.02  3.69  4.04  3.79  3.90  3.77  2.92  2.48  1.83  1.67     2.95  1.97  3.58  3.82  2.41
120   40     1.63  2.19  2.76  3.40  3.78  3.56  3.65  3.51  2.69  2.25  1.64  1.48     2.71  1.77  3.31  3.57  2.19
120   50     1.46  1.98  2.50  3.10  3.48  3.28  3.37  3.22  2.46  2.03  1.49  1.33     2.47  1.59  3.02  3.29  1.99
120   60     1.31  1.81  2.26  2.79  3.16  2.99  3.06  2.93  2.23  1.83  1.35  1.20     2.24  1.44  2.74  2.99  1.80
120   70     1.20  1.64  2.04  2.50  2.85  2.69  2.75  2.64  2.01  1.65  1.22  1.11     2.03  1.32  2.46  2.70  1.63
120   80     1.09  1.49  1.84  2.24  2.55  2.40  2.46  2.37  1.80  1.48  1.12  1.01     1.82  1.19  2.21  2.41  1.47
120   90     1.00  1.36  1.64  1.99  2.25  2.12  2.17  2.11  1.61  1.33  1.01  0.93     1.63  1.10  1.96  2.13  1.32
135   10     2.24  2.82  3.43  4.10  4.39  4.09  4.22  4.12  3.25  2.87  2.17  2.03     3.31  2.36  3.98  4.15  2.76
135   20     1.88  2.49  3.15  3.86  4.23  3.97  4.09  3.94  3.05  2.58  1.88  1.69     3.07  2.02  3.75  4.00  2.50
135   30     1.56  2.17  2.83  3.56  3.99  3.77  3.87  3.69  2.81  2.29  1.61  1.38     2.79  1.70  3.46  3.78  2.23
135   40     1.31  1.88  2.51  3.22  3.69  3.52  3.60  3.39  2.54  2.01  1.38  1.16     2.52  1.45  3.14  3.50  1.98
135   50     1.14  1.65  2.22  2.88  3.35  3.22  3.27  3.06  2.28  1.76  1.21  1.01     2.25  1.27  2.81  3.19  1.75
135   60     1.02  1.47  1.97  2.55  3.00  2.89  2.94  2.74  2.04  1.56  1.09  0.91     2.02  1.14  2.51  2.86  1.56
135   70     0.94  1.33  1.76  2.26  2.67  2.58  2.62  2.44  1.82  1.40  0.99  0.85     1.80  1.04  2.23  2.54  1.41
135   80     0.87  1.22  1.58  2.00  2.37  2.29  2.32  2.17  1.63  1.26  0.92  0.79     1.62  0.96  1.98  2.26  1.27
135   90     0.81  1.13  1.42  1.78  2.10  2.02  2.05  1.93  1.46  1.15  0.84  0.74     1.45  0.89  1.77  2.00  1.15
150   10     2.16  2.75  3.39  4.08  4.38  4.09  4.22  4.11  3.22  2.82  2.11  1.95     3.27  2.29  3.95  4.14  2.72
150   20     1.72  2.35  3.05  3.81  4.21  3.96  4.08  3.90  2.99  2.48  1.75  1.52     2.98  1.86  3.69  3.98  2.41
150   30     1.32  1.94  2.67  3.47  3.95  3.77  3.85  3.63  2.71  2.12  1.41  1.14     2.67  1.47  3.37  3.75  2.08
150   40     1.04  1.60  2.29  3.08  3.62  3.50  3.56  3.29  2.41  1.79  1.15  0.89     2.35  1.18  3.00  3.45  1.78
150   50     0.91  1.35  1.95  2.67  3.23  3.17  3.21  2.91  2.11  1.51  0.99  0.80     2.07  1.02  2.62  3.10  1.54
150   60     0.85  1.20  1.68  2.29  2.83  2.81  2.82  2.54  1.84  1.33  0.91  0.76     1.82  0.94  2.27  2.72  1.36
150   70     0.81  1.11  1.50  2.00  2.46  2.45  2.45  2.21  1.64  1.21  0.86  0.73     1.62  0.88  1.98  2.37  1.24
150   80     0.77  1.04  1.36  1.76  2.15  2.14  2.15  1.96  1.47  1.11  0.81  0.69     1.45  0.83  1.76  2.08  1.13
150   90     0.74  0.97  1.25  1.58  1.90  1.89  1.89  1.75  1.33  1.03  0.76  0.66     1.31  0.79  1.58  1.84  1.04
165   10     2.11  2.71  3.36  4.06  4.38  4.09  4.22  4.10  3.21  2.79  2.07  1.89     3.25  2.23  3.93  4.14  2.69
165   20     1.61  2.25  2.99  3.78  4.20  3.96  4.07  3.88  2.96  2.41  1.66  1.40     2.93  1.75  3.65  3.97  2.35
165   30     1.14  1.78  2.56  3.42  3.93  3.76  3.85  3.60  2.66  2.01  1.26  0.96     2.58  1.29  3.31  3.73  1.98
165   40     0.90  1.35  2.12  3.00  3.60  3.49  3.55  3.24  2.32  1.61  0.97  0.80     2.25  1.02  2.90  3.43  1.63
165   50     0.87  1.11  1.70  2.53  3.20  3.17  3.19  2.83  1.96  1.30  0.92  0.78     1.96  0.92  2.47  3.06  1.39
165   60     0.84  1.07  1.43  2.06  2.74  2.79  2.79  2.38  1.66  1.18  0.88  0.75     1.71  0.89  2.08  2.65  1.24
165   70     0.81  1.02  1.31  1.74  2.25  2.38  2.34  1.98  1.48  1.11  0.84  0.72     1.50  0.85  1.77  2.23  1.14
165   80     0.77  0.97  1.22  1.55  1.93  2.00  1.97  1.74  1.36  1.05  0.80  0.69     1.34  0.81  1.57  1.90  1.07
165   90     0.74  0.92  1.15  1.42  1.72  1.76  1.74  1.58  1.25  0.99  0.75  0.66     1.22  0.77  1.43  1.69  1.00
180   10     2.09  2.69  3.35  4.06  4.38  4.09  4.22  4.10  3.20  2.78  2.06  1.87     3.24  2.21  3.93  4.14  2.68
180   20     1.56  2.21  2.97  3.77  4.19  3.96  4.07  3.88  2.95  2.39  1.63  1.36     2.91  1.71  3.64  3.97  2.32
180   30     1.08  1.71  2.53  3.40  3.93  3.76  3.85  3.59  2.64  1.96  1.21  0.91     2.55  1.23  3.29  3.73  1.94
180   40     0.90  1.24  2.04  2.98  3.59  3.49  3.55  3.23  2.29  1.52  0.95  0.80     2.22  0.98  2.87  3.43  1.59
180   50     0.87  1.11  1.54  2.50  3.19  3.17  3.20  2.82  1.91  1.22  0.92  0.78     1.94  0.92  2.41  3.06  1.35
180   60     0.84  1.07  1.32  1.99  2.73  2.79  2.79  2.37  1.51  1.17  0.88  0.75     1.68  0.89  2.02  2.65  1.19
180   70     0.81  1.02  1.26  1.57  2.24  2.38  2.34  1.88  1.40  1.11  0.84  0.72     1.47  0.85  1.69  2.20  1.12
180   80     0.77  0.97  1.19  1.44  1.83  1.94  1.90  1.64  1.31  1.05  0.80  0.69     1.29  0.81  1.49  1.83  1.05
180   90     0.74  0.92  1.13  1.35  1.64  1.70  1.68  1.50  1.22  0.99  0.75  0.66     1.19  0.77  1.37  1.63  0.98
             56.2  46.3  32.2  17.5   5.4   1.5   2.8  10.6  22.9  39.4  51.5  58.7     30.1  53.8  18.8   5.1  38.7
             4.08  4.10  4.13  4.40  4.48  4.14  4.29  4.28  3.58  3.74  3.49  3.96     4.06  4.03  4.29  4.23  3.55
             3.74  3.98  4.13  4.33  4.23  3.84  4.00  4.13  3.56  3.70  3.30  3.56     3.87  3.76  4.23  3.99  3.52
             1.09  1.03  1.00  1.02  1.06  1.08  1.07  1.04  1.01  1.01  1.06  1.11     1.05  1.08  1.03  1.06  1.02
             1.43  1.27  1.13  1.01  0.95  0.93  0.93  0.98  1.04  1.18  1.34  1.50     1.14  1.40  1.03  0.94  1.19
temperature   2.4   3.6   7.1  12.4  16.6  20.2  23.9  24.2  21.0  15.2   9.6   4.4     13.4   3.5  12.0  22.8  15.3
diffusedrad  1.27  1.57  1.91  2.26  2.52  2.62  2.58  2.40  2.06  1.69  1.28  1.13     1.94  1.32  2.23  2.53  1.68
snow10cm     0.00  0.01  0.00  0.00  0.00  0.00  0.00  0.00  0.00  0.00  0.00  0.00     0.00  0.00  0.00  0.00  0.00
