1 72111   多度津          34 16.5  133 45.1    4
             2.25  2.97  3.78  4.72  5.11  4.79  5.17  5.25  3.95  3.30  2.46  2.11     3.82  2.44  4.53  5.07  3.24
             2.59  3.44  4.39  5.48  5.91  5.64  6.64  6.31  4.69  3.79  2.85  2.35     4.15  2.70  4.96  5.94  3.49
             1.96  2.31  2.92  3.97  4.32  3.80  4.16  4.14  3.39  2.85  1.99  1.79     3.49  2.18  4.02  4.33  2.88
  0   10     2.62  3.33  4.04  4.84  5.12  4.74  5.14  5.32  4.13  3.62  2.83  2.51     4.02  2.82  4.67  5.07  3.52
  0   20     2.94  3.62  4.23  4.88  5.02  4.61  5.00  5.29  4.23  3.88  3.14  2.86     4.14  3.14  4.71  4.97  3.75
  0   30     3.20  3.83  4.31  4.82  4.83  4.39  4.78  5.15  4.24  4.04  3.38  3.15     4.18  3.39  4.65  4.77  3.89
  0   40     3.38  3.95  4.30  4.64  4.53  4.09  4.46  4.89  4.16  4.11  3.54  3.35     4.12  3.56  4.49  4.48  3.94
  0   50     3.47  3.97  4.19  4.37  4.14  3.71  4.05  4.53  3.98  4.08  3.62  3.47     3.97  3.64  4.23  4.10  3.90
  0   60     3.48  3.90  3.99  4.00  3.69  3.29  3.57  4.08  3.73  3.96  3.60  3.50     3.73  3.63  3.89  3.65  3.76
  0   70     3.40  3.73  3.69  3.54  3.18  2.81  3.05  3.55  3.39  3.74  3.50  3.45     3.42  3.53  3.47  3.14  3.54
  0   80     3.24  3.48  3.32  3.04  2.62  2.32  2.49  2.96  2.98  3.44  3.31  3.31     3.04  3.34  2.99  2.59  3.24
  0   90     3.00  3.15  2.88  2.48  2.05  1.83  1.94  2.33  2.52  3.06  3.04  3.09     2.61  3.08  2.47  2.03  2.88
 15   10     2.60  3.32  4.03  4.85  5.12  4.74  5.14  5.32  4.12  3.60  2.82  2.50     4.01  2.81  4.66  5.07  3.51
 15   20     2.91  3.60  4.20  4.88  5.03  4.62  5.01  5.29  4.22  3.84  3.12  2.84     4.13  3.12  4.70  4.97  3.73
 15   30     3.15  3.80  4.28  4.81  4.83  4.40  4.78  5.15  4.22  3.99  3.35  3.11     4.15  3.35  4.64  4.78  3.85
 15   40     3.31  3.91  4.26  4.65  4.54  4.10  4.47  4.91  4.14  4.04  3.50  3.30     4.09  3.51  4.48  4.49  3.89
 15   50     3.39  3.92  4.14  4.38  4.17  3.74  4.07  4.55  3.96  4.00  3.57  3.41     3.94  3.58  4.23  4.12  3.84
 15   60     3.39  3.85  3.93  4.02  3.72  3.32  3.61  4.11  3.71  3.87  3.54  3.44     3.71  3.56  3.89  3.68  3.71
 15   70     3.31  3.67  3.64  3.59  3.23  2.86  3.10  3.60  3.37  3.64  3.44  3.37     3.40  3.45  3.48  3.19  3.48
 15   80     3.15  3.42  3.27  3.09  2.69  2.38  2.57  3.03  2.98  3.34  3.24  3.23     3.03  3.26  3.02  2.66  3.19
 15   90     2.90  3.09  2.83  2.56  2.15  1.91  2.04  2.44  2.54  2.96  2.98  3.00     2.62  3.00  2.51  2.13  2.82
 30   10     2.56  3.29  3.99  4.83  5.11  4.74  5.14  5.31  4.10  3.56  2.78  2.46     3.99  2.77  4.65  5.06  3.48
 30   20     2.82  3.53  4.14  4.86  5.03  4.62  5.01  5.28  4.17  3.76  3.04  2.75     4.09  3.04  4.68  4.97  3.66
 30   30     3.02  3.69  4.20  4.80  4.84  4.42  4.81  5.15  4.17  3.88  3.24  2.98     4.10  3.23  4.62  4.79  3.76
 30   40     3.15  3.77  4.16  4.64  4.57  4.14  4.50  4.91  4.08  3.91  3.36  3.14     4.03  3.36  4.46  4.52  3.78
 30   50     3.20  3.77  4.04  4.38  4.23  3.80  4.14  4.59  3.90  3.85  3.40  3.22     3.88  3.40  4.22  4.18  3.71
 30   60     3.17  3.68  3.83  4.05  3.81  3.40  3.70  4.18  3.65  3.69  3.35  3.22     3.65  3.36  3.90  3.76  3.56
 30   70     3.07  3.50  3.54  3.64  3.35  2.98  3.24  3.71  3.33  3.47  3.23  3.14     3.35  3.24  3.51  3.31  3.34
 30   80     2.90  3.24  3.18  3.19  2.86  2.54  2.75  3.19  2.95  3.17  3.03  2.99     3.00  3.04  3.08  2.83  3.05
 30   90     2.66  2.90  2.77  2.71  2.37  2.11  2.27  2.67  2.54  2.80  2.76  2.76     2.61  2.77  2.62  2.35  2.70
 45   10     2.49  3.22  3.95  4.81  5.11  4.75  5.13  5.29  4.06  3.50  2.71  2.39     3.95  2.70  4.62  5.06  3.42
 45   20     2.70  3.42  4.05  4.83  5.02  4.62  5.02  5.26  4.11  3.65  2.92  2.62     4.02  2.91  4.63  4.96  3.56
 45   30     2.84  3.54  4.07  4.75  4.85  4.43  4.82  5.12  4.08  3.72  3.06  2.79     4.01  3.06  4.56  4.79  3.62
 45   40     2.92  3.58  4.02  4.60  4.59  4.17  4.54  4.91  3.98  3.71  3.14  2.90     3.92  3.14  4.40  4.54  3.61
 45   50     2.93  3.54  3.87  4.35  4.27  3.85  4.19  4.60  3.80  3.63  3.14  2.94     3.76  3.14  4.17  4.21  3.52
 45   60     2.88  3.43  3.67  4.05  3.90  3.50  3.81  4.23  3.55  3.47  3.07  2.91     3.54  3.07  3.87  3.85  3.36
 45   70     2.76  3.25  3.39  3.67  3.46  3.10  3.38  3.79  3.25  3.24  2.93  2.81     3.25  2.94  3.51  3.42  3.14
 45   80     2.59  2.99  3.06  3.26  3.03  2.69  2.93  3.34  2.90  2.96  2.73  2.65     2.93  2.74  3.12  2.99  2.86
 45   90     2.35  2.69  2.69  2.82  2.59  2.30  2.50  2.87  2.53  2.61  2.48  2.43     2.57  2.49  2.70  2.55  2.54
 60   10     2.41  3.14  3.89  4.77  5.10  4.75  5.13  5.26  4.01  3.42  2.63  2.30     3.90  2.62  4.59  5.05  3.36
 60   20     2.54  3.27  3.93  4.77  5.00  4.63  5.01  5.21  4.03  3.50  2.76  2.46     3.93  2.76  4.57  4.95  3.43
 60   30     2.62  3.33  3.92  4.68  4.83  4.44  4.82  5.08  3.97  3.52  2.85  2.56     3.88  2.84  4.48  4.78  3.45
 60   40     2.65  3.33  3.82  4.52  4.60  4.20  4.56  4.86  3.84  3.48  2.87  2.61     3.78  2.86  4.31  4.54  3.39
 60   50     2.62  3.26  3.68  4.29  4.29  3.90  4.25  4.58  3.66  3.36  2.83  2.61     3.61  2.83  4.09  4.24  3.28
 60   60     2.54  3.13  3.46  3.99  3.94  3.56  3.87  4.22  3.42  3.20  2.74  2.55     3.38  2.74  3.79  3.88  3.12
 60   70     2.41  2.95  3.20  3.66  3.56  3.20  3.48  3.85  3.13  2.96  2.59  2.44     3.12  2.60  3.47  3.51  2.90
 60   80     2.24  2.71  2.89  3.27  3.15  2.83  3.08  3.42  2.81  2.71  2.40  2.28     2.81  2.41  3.10  3.11  2.64
 60   90     2.02  2.44  2.57  2.88  2.74  2.45  2.67  2.98  2.48  2.40  2.17  2.08     2.49  2.18  2.73  2.70  2.35
 75   10     2.32  3.05  3.81  4.73  5.08  4.74  5.12  5.23  3.96  3.34  2.54  2.20     3.84  2.52  4.54  5.03  3.28
 75   20     2.36  3.10  3.80  4.69  4.98  4.62  5.00  5.15  3.92  3.34  2.59  2.27     3.82  2.57  4.49  4.93  3.28
 75   30     2.37  3.09  3.73  4.58  4.80  4.44  4.80  5.00  3.83  3.30  2.59  2.30     3.73  2.59  4.37  4.75  3.24
 75   40     2.34  3.04  3.61  4.39  4.56  4.20  4.55  4.77  3.67  3.20  2.56  2.29     3.60  2.56  4.19  4.51  3.15
 75   50     2.28  2.94  3.43  4.17  4.28  3.92  4.25  4.50  3.48  3.06  2.49  2.24     3.42  2.48  3.96  4.22  3.01
 75   60     2.18  2.80  3.22  3.89  3.94  3.60  3.91  4.18  3.25  2.88  2.38  2.17     3.20  2.38  3.68  3.89  2.84
 75   70     2.04  2.61  2.96  3.56  3.58  3.25  3.53  3.80  2.97  2.67  2.23  2.04     2.94  2.23  3.37  3.52  2.62
 75   80     1.88  2.40  2.69  3.23  3.21  2.90  3.15  3.42  2.68  2.42  2.05  1.89     2.66  2.06  3.04  3.16  2.38
 75   90     1.69  2.15  2.39  2.86  2.82  2.55  2.77  3.03  2.37  2.16  1.86  1.73     2.36  1.86  2.69  2.78  2.13
 90   10     2.21  2.95  3.73  4.68  5.07  4.74  5.11  5.19  3.90  3.24  2.43  2.10     3.78  2.42  4.49  5.01  3.19
 90   20     2.17  2.90  3.65  4.59  4.94  4.61  4.98  5.08  3.80  3.16  2.39  2.06     3.70  2.38  4.39  4.89  3.12
 90   30     2.11  2.83  3.52  4.44  4.75  4.42  4.77  4.89  3.67  3.04  2.33  2.02     3.56  2.32  4.24  4.70  3.01
 90   40     2.03  2.72  3.35  4.24  4.50  4.18  4.51  4.65  3.48  2.91  2.23  1.96     3.40  2.24  4.03  4.45  2.88
 90   50     1.92  2.59  3.16  3.98  4.21  3.90  4.21  4.35  3.26  2.74  2.14  1.87     3.19  2.13  3.78  4.16  2.71
 90   60     1.81  2.44  2.93  3.71  3.89  3.59  3.88  4.04  3.03  2.54  2.00  1.77     2.97  2.01  3.51  3.84  2.52
 90   70     1.67  2.25  2.69  3.41  3.53  3.25  3.52  3.70  2.77  2.34  1.87  1.66     2.72  1.86  3.21  3.49  2.33
 90   80     1.54  2.07  2.43  3.08  3.17  2.91  3.14  3.32  2.49  2.11  1.70  1.52     2.46  1.71  2.90  3.12  2.10
 90   90     1.38  1.86  2.17  2.76  2.82  2.58  2.79  2.97  2.23  1.89  1.54  1.39     2.20  1.54  2.59  2.78  1.89
105   10     2.11  2.85  3.65  4.63  5.05  4.73  5.10  5.15  3.84  3.15  2.33  1.99     3.71  2.32  4.44  5.00  3.10
105   20     1.98  2.71  3.49  4.49  4.90  4.60  4.95  4.99  3.68  2.98  2.19  1.87     3.57  2.19  4.29  4.85  2.95
105   30     1.85  2.55  3.29  4.28  4.67  4.40  4.72  4.76  3.49  2.79  2.06  1.74     3.38  2.04  4.08  4.63  2.78
105   40     1.71  2.39  3.07  4.04  4.40  4.14  4.44  4.48  3.27  2.59  1.92  1.62     3.17  1.91  3.84  4.36  2.59
105   50     1.59  2.23  2.85  3.77  4.09  3.85  4.12  4.16  3.03  2.39  1.77  1.52     2.95  1.78  3.57  4.04  2.40
105   60     1.46  2.05  2.62  3.47  3.76  3.52  3.78  3.83  2.77  2.20  1.64  1.40     2.71  1.64  3.28  3.71  2.20
105   70     1.34  1.90  2.38  3.18  3.42  3.19  3.43  3.50  2.52  1.99  1.51  1.30     2.47  1.51  2.99  3.37  2.01
105   80     1.22  1.72  2.15  2.88  3.06  2.85  3.07  3.15  2.27  1.80  1.38  1.18     2.23  1.37  2.70  3.02  1.82
105   90     1.10  1.56  1.93  2.57  2.73  2.53  2.71  2.80  2.02  1.60  1.24  1.08     1.99  1.25  2.41  2.68  1.62
120   10     2.02  2.75  3.58  4.58  5.03  4.73  5.09  5.11  3.78  3.06  2.23  1.89     3.65  2.22  4.39  4.98  3.02
120   20     1.80  2.52  3.34  4.38  4.85  4.59  4.92  4.90  3.56  2.80  2.00  1.67     3.44  2.00  4.19  4.80  2.79
120   30     1.60  2.28  3.07  4.11  4.60  4.37  4.67  4.62  3.31  2.54  1.79  1.48     3.20  1.78  3.93  4.55  2.55
120   40     1.42  2.06  2.79  3.81  4.29  4.08  4.36  4.28  3.04  2.28  1.60  1.32     2.94  1.60  3.63  4.24  2.31
120   50     1.28  1.86  2.53  3.50  3.94  3.76  4.00  3.92  2.77  2.05  1.44  1.18     2.69  1.44  3.32  3.89  2.09
120   60     1.15  1.70  2.28  3.18  3.58  3.42  3.63  3.55  2.50  1.84  1.31  1.07     2.43  1.31  3.01  3.53  1.88
120   70     1.05  1.55  2.06  2.88  3.23  3.07  3.26  3.21  2.25  1.66  1.19  0.99     2.20  1.20  2.72  3.18  1.70
120   80     0.96  1.40  1.86  2.60  2.88  2.74  2.91  2.88  2.01  1.49  1.09  0.90     1.98  1.08  2.45  2.85  1.53
120   90     0.88  1.28  1.65  2.34  2.56  2.42  2.58  2.58  1.80  1.34  0.98  0.83     1.77  1.00  2.18  2.52  1.38
135   10     1.93  2.67  3.51  4.53  5.01  4.73  5.08  5.08  3.73  2.98  2.14  1.79     3.60  2.13  4.35  4.96  2.95
135   20     1.63  2.34  3.19  4.27  4.81  4.57  4.90  4.82  3.46  2.64  1.83  1.49     3.33  1.82  4.09  4.76  2.65
135   30     1.36  2.03  2.85  3.94  4.52  4.33  4.62  4.48  3.15  2.30  1.55  1.23     3.03  1.54  3.77  4.48  2.33
135   40     1.16  1.75  2.52  3.57  4.16  4.02  4.26  4.07  2.81  1.99  1.32  1.03     2.72  1.31  3.42  4.12  2.04
135   50     1.01  1.53  2.21  3.20  3.75  3.65  3.85  3.65  2.49  1.72  1.15  0.91     2.43  1.15  3.05  3.72  1.79
135   60     0.91  1.37  1.95  2.85  3.35  3.27  3.43  3.23  2.20  1.52  1.03  0.82     2.16  1.03  2.72  3.31  1.58
135   70     0.83  1.24  1.74  2.54  2.97  2.90  3.04  2.87  1.96  1.36  0.94  0.76     1.93  0.94  2.42  2.94  1.42
135   80     0.78  1.13  1.56  2.28  2.63  2.56  2.68  2.55  1.75  1.22  0.87  0.71     1.73  0.87  2.16  2.60  1.28
135   90     0.72  1.05  1.41  2.04  2.34  2.26  2.37  2.27  1.58  1.12  0.80  0.67     1.55  0.81  1.93  2.30  1.17
150   10     1.87  2.60  3.46  4.49  5.00  4.72  5.08  5.05  3.69  2.92  2.07  1.72     3.56  2.06  4.32  4.95  2.89
150   20     1.50  2.20  3.08  4.19  4.78  4.57  4.89  4.76  3.38  2.51  1.69  1.35     3.24  1.68  4.02  4.74  2.52
150   30     1.17  1.80  2.67  3.81  4.46  4.32  4.59  4.36  3.00  2.10  1.34  1.02     2.89  1.33  3.65  4.42  2.15
150   40     0.93  1.47  2.26  3.37  4.06  3.98  4.20  3.89  2.60  1.72  1.06  0.81     2.53  1.07  3.23  4.03  1.79
150   50     0.82  1.23  1.90  2.91  3.59  3.58  3.73  3.37  2.23  1.42  0.91  0.73     2.20  0.93  2.80  3.56  1.52
150   60     0.78  1.09  1.63  2.49  3.10  3.12  3.23  2.88  1.91  1.23  0.84  0.69     1.92  0.85  2.41  3.08  1.33
150   70     0.74  1.01  1.45  2.17  2.67  2.69  2.77  2.48  1.68  1.11  0.79  0.66     1.69  0.80  2.10  2.65  1.19
150   80     0.70  0.95  1.32  1.93  2.33  2.34  2.40  2.18  1.51  1.03  0.75  0.63     1.50  0.76  1.86  2.31  1.10
150   90     0.66  0.89  1.21  1.75  2.06  2.06  2.11  1.95  1.37  0.96  0.71  0.60     1.36  0.72  1.67  2.04  1.01
165   10     1.83  2.55  3.42  4.47  4.99  4.72  5.08  5.03  3.67  2.88  2.03  1.67     3.53  2.02  4.29  4.94  2.86
165   20     1.40  2.10  3.01  4.14  4.77  4.57  4.89  4.71  3.32  2.43  1.59  1.24     3.18  1.58  3.97  4.72  2.45
165   30     1.02  1.63  2.55  3.72  4.45  4.32  4.59  4.30  2.92  1.96  1.17  0.86     2.79  1.17  3.57  4.40  2.01
165   40     0.82  1.22  2.06  3.23  4.03  3.98  4.20  3.80  2.46  1.49  0.87  0.74     2.41  0.93  3.11  3.99  1.61
165   50     0.80  1.00  1.62  2.68  3.54  3.57  3.72  3.22  2.00  1.16  0.83  0.72     2.07  0.84  2.61  3.50  1.33
165   60     0.77  0.96  1.35  2.14  2.98  3.10  3.18  2.58  1.63  1.04  0.80  0.69     1.77  0.81  2.16  2.95  1.16
165   70     0.73  0.93  1.23  1.80  2.38  2.58  2.58  2.07  1.43  0.99  0.77  0.66     1.51  0.77  1.80  2.41  1.06
165   80     0.70  0.88  1.16  1.62  2.02  2.12  2.13  1.80  1.32  0.95  0.73  0.63     1.34  0.74  1.60  2.02  1.00
165   90     0.66  0.84  1.09  1.49  1.80  1.86  1.87  1.64  1.23  0.91  0.70  0.60     1.22  0.70  1.46  1.79  0.94
180   10     1.81  2.53  3.42  4.45  4.99  4.72  5.08  5.01  3.66  2.87  2.01  1.65     3.52  2.00  4.29  4.94  2.85
180   20     1.37  2.06  2.99  4.11  4.77  4.57  4.89  4.69  3.31  2.40  1.56  1.21     3.16  1.54  3.95  4.72  2.42
180   30     0.96  1.56  2.50  3.68  4.44  4.32  4.59  4.27  2.89  1.90  1.11  0.82     2.75  1.11  3.54  4.39  1.96
180   40     0.82  1.10  1.98  3.17  4.02  3.98  4.20  3.75  2.42  1.38  0.86  0.74     2.37  0.89  3.06  3.98  1.55
180   50     0.80  1.00  1.43  2.61  3.53  3.58  3.73  3.17  1.91  1.06  0.83  0.72     2.03  0.84  2.52  3.49  1.27
180   60     0.77  0.96  1.23  2.01  2.97  3.10  3.19  2.52  1.40  1.03  0.80  0.69     1.72  0.81  2.07  2.94  1.08
180   70     0.73  0.93  1.18  1.55  2.37  2.58  2.59  1.84  1.31  0.99  0.77  0.66     1.46  0.77  1.70  2.34  1.02
180   80     0.70  0.88  1.13  1.42  1.89  2.04  2.03  1.58  1.24  0.95  0.73  0.63     1.27  0.74  1.48  1.89  0.97
180   90     0.66  0.84  1.07  1.35  1.70  1.78  1.78  1.46  1.17  0.91  0.70  0.60     1.17  0.70  1.37  1.67  0.93
             56.1  47.3  33.8  18.3   5.6   0.9   2.4  12.6  26.1  42.2  53.3  58.8     28.7  53.9  19.5   5.7  40.3
             3.49  3.97  4.32  4.88  5.13  4.78  5.17  5.32  4.25  4.11  3.62  3.51     4.38  3.64  4.71  5.08  3.94
             3.17  3.81  4.31  4.83  4.86  4.43  4.81  5.17  4.25  4.03  3.36  3.11     4.18  3.36  4.67  4.80  3.88
             1.10  1.04  1.00  1.01  1.06  1.08  1.07  1.03  1.00  1.02  1.08  1.13     1.05  1.09  1.02  1.06  1.03
             1.41  1.28  1.14  1.02  0.95  0.92  0.93  0.98  1.08  1.22  1.37  1.47     1.15  1.39  1.04  0.95  1.22
temperature   5.9   6.1   8.9  14.0  18.6  22.4  26.5  27.9  24.3  18.5  13.2   8.4     16.2   6.8  13.8  25.6  18.7
diffusedrad  1.12  1.42  1.81  2.17  2.45  2.56  2.51  2.25  1.98  1.53  1.18  1.00     1.83  1.18  2.14  2.44  1.56
snow10cm     0.00  0.00  0.00  0.00  0.00  0.00  0.00  0.00  0.00  0.00  0.00  0.00     0.00  0.00  0.00  0.00  0.00
