2 73306   大洲            33 30.5  132 32.1   20
             1.79  2.60  3.37  4.30  4.63  4.30  4.70  4.68  3.64  3.07  2.04  1.70     3.40  2.03  4.10  4.56  2.92
             2.18  3.16  3.94  5.32  5.44  5.18  6.69  5.91  4.53  3.56  2.55  2.21     3.87  2.38  4.69  5.71  3.36
             1.42  1.79  2.64  3.57  3.92  3.35  3.06  3.56  2.59  2.46  1.28  1.29     2.77  1.63  3.59  3.50  2.22
  0   10     1.98  2.85  3.55  4.40  4.63  4.25  4.67  4.73  3.78  3.32  2.26  1.91     3.53  2.24  4.19  4.55  3.12
  0   20     2.13  3.03  3.67  4.42  4.54  4.14  4.55  4.70  3.85  3.51  2.44  2.09     3.59  2.42  4.21  4.46  3.27
  0   30     2.24  3.15  3.71  4.34  4.37  3.96  4.35  4.56  3.84  3.62  2.57  2.22     3.58  2.54  4.14  4.29  3.34
  0   40     2.31  3.21  3.68  4.18  4.11  3.70  4.06  4.34  3.75  3.65  2.64  2.30     3.49  2.60  3.99  4.04  3.35
  0   50     2.32  3.19  3.56  3.93  3.77  3.39  3.71  4.03  3.58  3.60  2.66  2.33     3.34  2.61  3.75  3.71  3.28
  0   60     2.29  3.10  3.38  3.60  3.37  3.02  3.29  3.64  3.35  3.47  2.61  2.31     3.12  2.57  3.45  3.32  3.14
  0   70     2.21  2.95  3.12  3.20  2.92  2.62  2.84  3.18  3.04  3.26  2.51  2.24     2.84  2.46  3.08  2.88  2.94
  0   80     2.08  2.73  2.80  2.75  2.43  2.19  2.35  2.69  2.68  2.99  2.36  2.12     2.52  2.31  2.66  2.41  2.68
  0   90     1.91  2.46  2.43  2.27  1.95  1.77  1.87  2.16  2.28  2.66  2.15  1.96     2.16  2.11  2.22  1.93  2.36
 15   10     1.97  2.84  3.54  4.40  4.63  4.26  4.67  4.73  3.77  3.31  2.25  1.90     3.52  2.24  4.19  4.55  3.11
 15   20     2.11  3.02  3.65  4.41  4.54  4.15  4.55  4.69  3.84  3.49  2.42  2.07     3.58  2.40  4.20  4.46  3.25
 15   30     2.22  3.13  3.68  4.34  4.36  3.96  4.35  4.56  3.82  3.59  2.55  2.19     3.56  2.51  4.13  4.29  3.32
 15   40     2.28  3.17  3.64  4.18  4.11  3.71  4.08  4.34  3.73  3.62  2.61  2.27     3.48  2.57  3.98  4.04  3.32
 15   50     2.29  3.15  3.52  3.94  3.78  3.40  3.72  4.04  3.56  3.56  2.62  2.29     3.32  2.58  3.75  3.72  3.25
 15   60     2.25  3.06  3.33  3.61  3.39  3.04  3.32  3.66  3.33  3.42  2.57  2.27     3.11  2.53  3.44  3.34  3.11
 15   70     2.16  2.90  3.08  3.23  2.96  2.65  2.87  3.22  3.02  3.22  2.47  2.20     2.83  2.42  3.09  2.91  2.90
 15   80     2.03  2.68  2.76  2.79  2.49  2.24  2.41  2.73  2.67  2.94  2.31  2.08     2.51  2.27  2.68  2.46  2.64
 15   90     1.86  2.41  2.40  2.33  2.02  1.84  1.95  2.23  2.28  2.61  2.11  1.92     2.16  2.06  2.25  2.01  2.33
 30   10     1.95  2.81  3.51  4.39  4.63  4.26  4.67  4.72  3.75  3.29  2.23  1.88     3.51  2.21  4.17  4.55  3.09
 30   20     2.07  2.96  3.61  4.40  4.54  4.15  4.55  4.68  3.80  3.44  2.38  2.02     3.55  2.35  4.18  4.46  3.21
 30   30     2.15  3.05  3.62  4.33  4.38  3.97  4.37  4.56  3.78  3.52  2.48  2.13     3.53  2.44  4.11  4.30  3.26
 30   40     2.19  3.08  3.57  4.16  4.13  3.73  4.10  4.34  3.68  3.53  2.52  2.18     3.43  2.49  3.95  4.06  3.24
 30   50     2.19  3.04  3.44  3.93  3.82  3.44  3.77  4.06  3.51  3.46  2.52  2.19     3.28  2.48  3.73  3.76  3.16
 30   60     2.14  2.94  3.25  3.62  3.45  3.09  3.39  3.69  3.28  3.31  2.45  2.16     3.06  2.41  3.44  3.39  3.01
 30   70     2.04  2.77  2.99  3.26  3.05  2.73  2.98  3.29  2.98  3.11  2.34  2.07     2.80  2.30  3.10  3.00  2.81
 30   80     1.91  2.55  2.69  2.86  2.62  2.35  2.55  2.84  2.65  2.84  2.17  1.95     2.50  2.14  2.72  2.58  2.55
 30   90     1.74  2.28  2.34  2.43  2.19  1.98  2.13  2.39  2.28  2.51  1.97  1.78     2.17  1.93  2.32  2.17  2.25
 45   10     1.91  2.77  3.48  4.37  4.62  4.26  4.66  4.71  3.72  3.24  2.19  1.84     3.48  2.17  4.16  4.54  3.05
 45   20     2.00  2.89  3.54  4.37  4.53  4.15  4.55  4.66  3.75  3.36  2.30  1.95     3.50  2.28  4.14  4.46  3.14
 45   30     2.06  2.94  3.53  4.28  4.37  3.98  4.37  4.53  3.71  3.41  2.37  2.02     3.46  2.34  4.06  4.29  3.16
 45   40     2.07  2.94  3.46  4.13  4.14  3.75  4.13  4.33  3.60  3.39  2.39  2.05     3.37  2.36  3.91  4.07  3.13
 45   50     2.05  2.88  3.32  3.89  3.85  3.47  3.81  4.05  3.42  3.31  2.36  2.04     3.20  2.32  3.69  3.78  3.03
 45   60     1.98  2.76  3.13  3.61  3.51  3.15  3.46  3.73  3.19  3.15  2.28  1.99     3.00  2.24  3.42  3.45  2.87
 45   70     1.88  2.59  2.88  3.27  3.13  2.81  3.08  3.35  2.92  2.94  2.15  1.89     2.74  2.12  3.09  3.08  2.67
 45   80     1.74  2.37  2.59  2.90  2.74  2.45  2.68  2.94  2.60  2.69  1.99  1.76     2.46  1.96  2.75  2.69  2.42
 45   90     1.57  2.12  2.27  2.51  2.35  2.11  2.29  2.53  2.27  2.38  1.79  1.60     2.15  1.76  2.38  2.31  2.15
 60   10     1.87  2.72  3.43  4.34  4.61  4.25  4.66  4.68  3.69  3.19  2.14  1.80     3.45  2.13  4.13  4.53  3.00
 60   20     1.92  2.78  3.45  4.32  4.52  4.15  4.55  4.63  3.68  3.25  2.20  1.86     3.44  2.19  4.10  4.44  3.05
 60   30     1.94  2.80  3.42  4.22  4.36  3.98  4.37  4.49  3.62  3.27  2.23  1.90     3.38  2.21  4.00  4.28  3.04
 60   40     1.93  2.76  3.32  4.05  4.14  3.77  4.13  4.29  3.49  3.21  2.21  1.89     3.27  2.19  3.84  4.06  2.97
 60   50     1.88  2.68  3.17  3.84  3.86  3.50  3.85  4.03  3.31  3.11  2.16  1.86     3.10  2.14  3.62  3.79  2.86
 60   60     1.79  2.54  2.97  3.55  3.54  3.19  3.51  3.71  3.08  2.95  2.07  1.78     2.89  2.04  3.35  3.47  2.70
 60   70     1.68  2.38  2.73  3.25  3.20  2.88  3.16  3.37  2.82  2.74  1.93  1.68     2.65  1.91  3.06  3.13  2.50
 60   80     1.55  2.17  2.46  2.90  2.83  2.55  2.79  3.00  2.52  2.50  1.78  1.55     2.38  1.75  2.73  2.78  2.27
 60   90     1.38  1.94  2.18  2.55  2.46  2.22  2.43  2.61  2.23  2.22  1.60  1.40     2.10  1.58  2.40  2.42  2.02
 75   10     1.82  2.65  3.38  4.30  4.60  4.25  4.65  4.66  3.65  3.12  2.08  1.74     3.41  2.07  4.09  4.52  2.95
 75   20     1.82  2.66  3.35  4.25  4.50  4.15  4.54  4.58  3.60  3.13  2.09  1.76     3.37  2.08  4.03  4.42  2.94
 75   30     1.81  2.63  3.27  4.13  4.33  3.98  4.36  4.43  3.50  3.09  2.07  1.75     3.28  2.06  3.91  4.26  2.89
 75   40     1.76  2.56  3.15  3.96  4.11  3.76  4.12  4.22  3.36  3.01  2.02  1.71     3.15  2.01  3.74  4.04  2.79
 75   50     1.69  2.45  2.98  3.73  3.85  3.51  3.85  3.96  3.16  2.88  1.94  1.65     2.97  1.93  3.52  3.77  2.66
 75   60     1.59  2.31  2.79  3.47  3.54  3.22  3.54  3.67  2.94  2.71  1.84  1.57     2.77  1.82  3.27  3.48  2.50
 75   70     1.48  2.14  2.56  3.16  3.20  2.91  3.19  3.33  2.68  2.51  1.71  1.46     2.53  1.69  2.98  3.14  2.30
 75   80     1.35  1.95  2.31  2.86  2.87  2.59  2.85  2.99  2.42  2.29  1.56  1.34     2.28  1.55  2.68  2.81  2.09
 75   90     1.21  1.74  2.05  2.53  2.52  2.28  2.50  2.64  2.13  2.05  1.40  1.20     2.02  1.38  2.37  2.48  1.86
 90   10     1.76  2.59  3.32  4.26  4.58  4.25  4.64  4.63  3.60  3.05  2.01  1.69     3.37  2.01  4.06  4.51  2.89
 90   20     1.73  2.53  3.24  4.17  4.47  4.14  4.52  4.52  3.51  2.99  1.97  1.65     3.29  1.97  3.96  4.39  2.82
 90   30     1.66  2.45  3.12  4.03  4.29  3.97  4.34  4.35  3.37  2.90  1.91  1.60     3.17  1.90  3.81  4.22  2.73
 90   40     1.59  2.34  2.96  3.83  4.06  3.75  4.09  4.13  3.20  2.77  1.82  1.53     3.01  1.82  3.62  3.99  2.60
 90   50     1.50  2.21  2.78  3.59  3.79  3.49  3.81  3.85  3.00  2.62  1.72  1.45     2.82  1.72  3.39  3.72  2.45
 90   60     1.40  2.06  2.57  3.33  3.49  3.21  3.51  3.56  2.77  2.44  1.60  1.35     2.61  1.61  3.13  3.43  2.27
 90   70     1.28  1.89  2.36  3.05  3.17  2.91  3.18  3.25  2.53  2.26  1.48  1.25     2.38  1.47  2.86  3.11  2.09
 90   80     1.17  1.73  2.12  2.74  2.84  2.60  2.84  2.91  2.27  2.05  1.34  1.13     2.14  1.34  2.57  2.78  1.88
 90   90     1.04  1.54  1.89  2.45  2.52  2.30  2.51  2.59  2.02  1.84  1.21  1.02     1.91  1.20  2.29  2.47  1.69
105   10     1.71  2.52  3.26  4.22  4.57  4.25  4.64  4.60  3.55  2.98  1.95  1.63     3.32  1.95  4.02  4.49  2.83
105   20     1.62  2.40  3.13  4.09  4.44  4.13  4.50  4.46  3.41  2.85  1.85  1.54     3.20  1.86  3.88  4.36  2.70
105   30     1.53  2.26  2.96  3.90  4.24  3.95  4.30  4.25  3.23  2.70  1.74  1.45     3.04  1.74  3.70  4.17  2.56
105   40     1.42  2.12  2.76  3.67  3.98  3.72  4.04  4.00  3.03  2.53  1.63  1.35     2.85  1.63  3.47  3.92  2.39
105   50     1.32  1.97  2.56  3.42  3.70  3.45  3.75  3.71  2.81  2.35  1.50  1.25     2.65  1.51  3.22  3.64  2.22
105   60     1.21  1.80  2.35  3.14  3.40  3.16  3.44  3.40  2.57  2.17  1.38  1.15     2.43  1.39  2.96  3.34  2.04
105   70     1.11  1.65  2.13  2.86  3.08  2.86  3.11  3.10  2.33  1.98  1.26  1.06     2.21  1.27  2.69  3.02  1.86
105   80     1.00  1.49  1.92  2.58  2.76  2.56  2.78  2.78  2.10  1.80  1.14  0.95     1.99  1.15  2.42  2.71  1.68
105   90     0.90  1.34  1.71  2.30  2.45  2.26  2.46  2.47  1.86  1.61  1.03  0.86     1.77  1.04  2.15  2.40  1.50
120   10     1.66  2.45  3.21  4.18  4.55  4.24  4.63  4.57  3.50  2.91  1.89  1.57     3.28  1.90  3.98  4.48  2.77
120   20     1.53  2.27  3.02  4.00  4.40  4.12  4.48  4.39  3.32  2.71  1.74  1.44     3.12  1.75  3.81  4.33  2.59
120   30     1.39  2.08  2.80  3.77  4.18  3.93  4.26  4.14  3.10  2.50  1.58  1.31     2.92  1.59  3.58  4.11  2.39
120   40     1.27  1.89  2.56  3.50  3.90  3.68  3.98  3.85  2.85  2.29  1.43  1.19     2.70  1.45  3.32  3.84  2.19
120   50     1.16  1.72  2.33  3.21  3.59  3.39  3.66  3.53  2.60  2.08  1.30  1.08     2.47  1.32  3.04  3.53  1.99
120   60     1.05  1.57  2.10  2.92  3.26  3.09  3.32  3.20  2.36  1.88  1.18  0.98     2.24  1.20  2.76  3.20  1.81
120   70     0.96  1.42  1.90  2.63  2.93  2.78  2.99  2.88  2.12  1.72  1.07  0.90     2.02  1.09  2.49  2.88  1.64
120   80     0.87  1.28  1.71  2.36  2.62  2.47  2.66  2.58  1.89  1.55  0.97  0.81     1.82  0.99  2.23  2.57  1.47
120   90     0.79  1.16  1.52  2.12  2.32  2.18  2.35  2.30  1.69  1.40  0.88  0.74     1.62  0.90  1.99  2.28  1.32
135   10     1.62  2.39  3.16  4.15  4.54  4.24  4.62  4.54  3.46  2.84  1.84  1.53     3.25  1.85  3.95  4.47  2.71
135   20     1.44  2.15  2.92  3.93  4.37  4.11  4.46  4.33  3.24  2.59  1.63  1.35     3.04  1.65  3.74  4.30  2.49
135   30     1.27  1.91  2.64  3.64  4.12  3.90  4.22  4.04  2.97  2.31  1.43  1.18     2.80  1.45  3.47  4.06  2.24
135   40     1.13  1.69  2.36  3.32  3.80  3.64  3.91  3.70  2.68  2.05  1.26  1.04     2.55  1.28  3.16  3.75  1.99
135   50     1.02  1.50  2.10  2.98  3.45  3.32  3.55  3.33  2.39  1.81  1.12  0.94     2.29  1.15  2.84  3.40  1.77
135   60     0.93  1.35  1.87  2.66  3.09  2.98  3.18  2.96  2.12  1.62  1.02  0.86     2.05  1.05  2.54  3.04  1.59
135   70     0.85  1.22  1.67  2.37  2.74  2.65  2.82  2.63  1.89  1.47  0.93  0.79     1.84  0.96  2.26  2.70  1.43
135   80     0.79  1.11  1.50  2.12  2.43  2.35  2.49  2.34  1.69  1.33  0.85  0.73     1.64  0.88  2.02  2.39  1.29
135   90     0.72  1.02  1.35  1.89  2.15  2.07  2.20  2.07  1.52  1.21  0.78  0.67     1.47  0.80  1.80  2.11  1.17
150   10     1.58  2.35  3.12  4.12  4.53  4.24  4.62  4.52  3.43  2.79  1.80  1.49     3.22  1.81  3.92  4.46  2.68
150   20     1.37  2.06  2.84  3.86  4.35  4.11  4.46  4.29  3.17  2.48  1.55  1.27     2.98  1.57  3.68  4.28  2.40
150   30     1.17  1.76  2.52  3.54  4.08  3.90  4.20  3.96  2.86  2.14  1.31  1.07     2.71  1.33  3.38  4.02  2.10
150   40     1.02  1.50  2.18  3.16  3.73  3.61  3.87  3.57  2.52  1.83  1.11  0.92     2.42  1.15  3.02  3.69  1.82
150   50     0.93  1.30  1.88  2.76  3.33  3.27  3.46  3.14  2.19  1.56  0.98  0.85     2.14  1.02  2.65  3.29  1.58
150   60     0.87  1.17  1.64  2.39  2.90  2.89  3.02  2.71  1.89  1.39  0.91  0.80     1.88  0.95  2.31  2.87  1.40
150   70     0.81  1.08  1.46  2.09  2.51  2.51  2.61  2.35  1.68  1.26  0.85  0.75     1.66  0.88  2.02  2.49  1.26
150   80     0.76  1.00  1.33  1.85  2.19  2.19  2.27  2.06  1.50  1.16  0.79  0.70     1.49  0.82  1.79  2.18  1.15
150   90     0.70  0.93  1.21  1.67  1.94  1.93  2.00  1.84  1.36  1.07  0.73  0.65     1.34  0.76  1.61  1.92  1.05
165   10     1.56  2.32  3.10  4.10  4.53  4.24  4.62  4.51  3.42  2.76  1.77  1.47     3.20  1.78  3.91  4.46  2.65
165   20     1.33  2.00  2.79  3.83  4.34  4.11  4.46  4.26  3.13  2.41  1.49  1.22     2.95  1.51  3.65  4.27  2.35
165   30     1.10  1.66  2.43  3.48  4.07  3.90  4.20  3.92  2.80  2.03  1.21  0.98     2.65  1.25  3.32  4.01  2.01
165   40     0.95  1.34  2.04  3.06  3.71  3.61  3.87  3.51  2.41  1.64  0.99  0.88     2.34  1.06  2.94  3.66  1.68
165   50     0.91  1.15  1.68  2.60  3.29  3.27  3.46  3.03  2.01  1.35  0.93  0.84     2.04  0.97  2.52  3.25  1.43
165   60     0.86  1.09  1.44  2.13  2.82  2.87  2.99  2.50  1.68  1.22  0.89  0.80     1.77  0.92  2.13  2.79  1.26
165   70     0.81  1.03  1.31  1.80  2.30  2.44  2.48  2.04  1.49  1.15  0.84  0.75     1.54  0.86  1.81  2.32  1.16
165   80     0.76  0.97  1.22  1.61  1.96  2.03  2.06  1.79  1.36  1.08  0.78  0.70     1.36  0.81  1.60  1.96  1.07
165   90     0.70  0.91  1.14  1.48  1.74  1.78  1.81  1.62  1.26  1.01  0.73  0.65     1.23  0.75  1.45  1.74  1.00
180   10     1.55  2.31  3.09  4.09  4.53  4.24  4.62  4.50  3.41  2.75  1.76  1.46     3.19  1.77  3.90  4.46  2.64
180   20     1.31  1.97  2.77  3.81  4.34  4.11  4.46  4.25  3.12  2.38  1.47  1.20     2.93  1.49  3.64  4.27  2.33
180   30     1.07  1.61  2.40  3.45  4.07  3.90  4.21  3.90  2.78  1.98  1.17  0.96     2.62  1.21  3.31  4.00  1.98
180   40     0.95  1.27  1.99  3.02  3.71  3.62  3.87  3.48  2.38  1.55  0.97  0.88     2.31  1.03  2.91  3.66  1.64
180   50     0.91  1.15  1.56  2.55  3.29  3.27  3.47  3.00  1.96  1.25  0.93  0.84     2.02  0.97  2.47  3.25  1.38
180   60     0.86  1.09  1.35  2.04  2.81  2.88  3.00  2.47  1.50  1.20  0.89  0.80     1.74  0.92  2.07  2.78  1.20
180   70     0.81  1.03  1.28  1.61  2.30  2.44  2.49  1.90  1.39  1.14  0.84  0.75     1.50  0.86  1.73  2.28  1.12
180   80     0.76  0.97  1.20  1.48  1.86  1.98  1.98  1.63  1.30  1.07  0.78  0.70     1.31  0.81  1.51  1.87  1.05
180   90     0.70  0.91  1.12  1.38  1.67  1.72  1.75  1.50  1.22  1.00  0.73  0.65     1.20  0.75  1.39  1.66  0.98
             48.2  42.5  30.4  16.8   5.1   1.1   2.2  11.4  23.8  38.7  47.6  51.3     23.5  46.8  16.9   5.2  35.6
             2.32  3.21  3.71  4.42  4.64  4.29  4.69  4.73  3.86  3.65  2.66  2.33     3.71  2.62  4.21  4.56  3.35
             2.17  3.08  3.69  4.40  4.49  4.09  4.49  4.66  3.86  3.56  2.49  2.14     3.59  2.46  4.19  4.41  3.30
             1.07  1.04  1.01  1.00  1.03  1.05  1.04  1.02  1.00  1.03  1.07  1.09     1.04  1.07  1.01  1.04  1.03
             1.21  1.18  1.09  1.02  0.97  0.95  0.96  1.00  1.06  1.16  1.22  1.26     1.09  1.22  1.03  0.97  1.15
temperature   4.9   5.6   8.9  14.1  18.6  22.3  26.4  27.0  23.4  17.2  11.8   6.9     15.6   5.8  13.9  25.2  17.5
diffusedrad  1.17  1.52  1.91  2.26  2.52  2.63  2.59  2.40  2.07  1.70  1.23  1.08     1.92  1.26  2.23  2.54  1.67
snow10cm     0.01  0.01  0.00  0.00  0.00  0.00  0.00  0.00  0.00  0.00  0.00  0.00     0.00  0.01  0.00  0.00  0.00
