2 74136   大栃            33 41.9  133 52.5  210
             2.48  2.87  3.55  4.38  4.61  4.32  4.53  4.52  3.66  3.19  2.49  2.30     3.58  2.55  4.18  4.46  3.11
             3.07  3.35  4.24  5.56  5.40  5.54  5.97  5.77  4.60  3.88  3.05  2.64     4.00  2.88  4.76  5.45  3.45
             2.12  2.03  2.64  3.46  3.65  3.28  3.33  3.20  2.80  2.65  1.72  1.87     2.91  2.10  3.57  3.34  2.39
  0   10     2.87  3.18  3.77  4.48  4.61  4.28  4.50  4.56  3.80  3.45  2.82  2.73     3.75  2.93  4.29  4.45  3.36
  0   20     3.22  3.42  3.91  4.50  4.52  4.17  4.40  4.53  3.87  3.65  3.11  3.10     3.87  3.24  4.31  4.37  3.54
  0   30     3.48  3.58  3.96  4.43  4.35  3.98  4.21  4.41  3.86  3.77  3.33  3.39     3.90  3.48  4.25  4.20  3.65
  0   40     3.67  3.66  3.93  4.26  4.09  3.73  3.94  4.19  3.77  3.81  3.46  3.60     3.84  3.64  4.10  3.95  3.68
  0   50     3.77  3.66  3.82  4.01  3.76  3.40  3.60  3.89  3.61  3.77  3.52  3.72     3.71  3.71  3.86  3.63  3.63
  0   60     3.77  3.57  3.62  3.67  3.36  3.04  3.21  3.52  3.37  3.64  3.49  3.75     3.50  3.70  3.55  3.26  3.50
  0   70     3.68  3.40  3.35  3.27  2.92  2.63  2.77  3.09  3.07  3.42  3.38  3.69     3.22  3.59  3.18  2.83  3.29
  0   80     3.50  3.16  3.01  2.81  2.44  2.21  2.31  2.62  2.71  3.14  3.19  3.53     2.88  3.40  2.75  2.38  3.01
  0   90     3.24  2.85  2.61  2.31  1.95  1.78  1.85  2.11  2.30  2.79  2.92  3.29     2.50  3.13  2.29  1.91  2.67
 15   10     2.86  3.17  3.75  4.48  4.61  4.28  4.50  4.56  3.79  3.43  2.81  2.71     3.75  2.91  4.28  4.45  3.35
 15   20     3.18  3.40  3.88  4.50  4.53  4.17  4.40  4.53  3.86  3.62  3.09  3.07     3.85  3.21  4.30  4.37  3.52
 15   30     3.43  3.55  3.93  4.43  4.35  3.98  4.21  4.40  3.85  3.73  3.29  3.35     3.88  3.44  4.24  4.20  3.62
 15   40     3.60  3.63  3.90  4.27  4.10  3.73  3.95  4.20  3.76  3.76  3.42  3.55     3.82  3.59  4.09  3.96  3.65
 15   50     3.68  3.62  3.78  4.02  3.77  3.42  3.62  3.90  3.59  3.70  3.47  3.66     3.69  3.65  3.86  3.65  3.59
 15   60     3.68  3.52  3.58  3.69  3.38  3.06  3.23  3.54  3.35  3.56  3.44  3.68     3.48  3.63  3.55  3.28  3.45
 15   70     3.58  3.35  3.30  3.30  2.96  2.66  2.81  3.13  3.05  3.35  3.32  3.61     3.20  3.51  3.19  2.87  3.24
 15   80     3.40  3.11  2.96  2.85  2.49  2.25  2.37  2.66  2.70  3.06  3.12  3.45     2.87  3.32  2.77  2.43  2.96
 15   90     3.13  2.80  2.57  2.37  2.02  1.85  1.92  2.19  2.30  2.71  2.86  3.20     2.49  3.04  2.32  1.99  2.62
 30   10     2.81  3.14  3.73  4.47  4.61  4.28  4.50  4.56  3.77  3.40  2.78  2.67     3.73  2.87  4.27  4.45  3.32
 30   20     3.09  3.34  3.84  4.48  4.52  4.17  4.40  4.52  3.83  3.56  3.02  2.98     3.81  3.13  4.28  4.36  3.47
 30   30     3.30  3.46  3.87  4.41  4.36  4.00  4.22  4.40  3.80  3.64  3.19  3.22     3.82  3.33  4.21  4.21  3.55
 30   40     3.43  3.51  3.81  4.25  4.12  3.75  3.97  4.19  3.70  3.65  3.29  3.38     3.75  3.44  4.06  3.97  3.55
 30   50     3.48  3.48  3.69  4.01  3.81  3.46  3.66  3.92  3.53  3.57  3.31  3.46     3.62  3.48  3.84  3.68  3.47
 30   60     3.44  3.38  3.49  3.71  3.45  3.11  3.29  3.58  3.30  3.42  3.26  3.46     3.41  3.43  3.55  3.33  3.33
 30   70     3.33  3.20  3.21  3.33  3.05  2.75  2.90  3.19  3.01  3.20  3.13  3.37     3.14  3.30  3.20  2.94  3.11
 30   80     3.13  2.95  2.89  2.92  2.62  2.36  2.49  2.76  2.67  2.92  2.92  3.19     2.82  3.09  2.81  2.54  2.84
 30   90     2.87  2.64  2.52  2.49  2.19  1.99  2.09  2.33  2.30  2.57  2.65  2.94     2.46  2.82  2.40  2.13  2.51
 45   10     2.74  3.08  3.69  4.45  4.60  4.28  4.50  4.54  3.74  3.35  2.72  2.60     3.69  2.81  4.25  4.44  3.27
 45   20     2.95  3.24  3.76  4.45  4.52  4.17  4.40  4.50  3.77  3.46  2.90  2.84     3.75  3.01  4.24  4.36  3.38
 45   30     3.11  3.33  3.76  4.37  4.36  4.01  4.23  4.38  3.73  3.51  3.03  3.02     3.73  3.15  4.17  4.20  3.42
 45   40     3.19  3.34  3.70  4.22  4.13  3.78  3.99  4.18  3.62  3.48  3.09  3.13     3.65  3.22  4.01  3.98  3.40
 45   50     3.19  3.28  3.55  3.98  3.84  3.49  3.69  3.91  3.45  3.39  3.08  3.17     3.50  3.21  3.79  3.70  3.31
 45   60     3.13  3.17  3.35  3.69  3.51  3.18  3.36  3.60  3.22  3.23  3.00  3.13     3.30  3.14  3.52  3.38  3.15
 45   70     3.00  2.98  3.09  3.35  3.13  2.83  2.99  3.23  2.94  3.00  2.85  3.02     3.04  3.00  3.19  3.02  2.93
 45   80     2.80  2.74  2.78  2.98  2.74  2.47  2.61  2.85  2.62  2.73  2.65  2.83     2.73  2.79  2.83  2.64  2.67
 45   90     2.54  2.45  2.44  2.57  2.36  2.13  2.24  2.46  2.29  2.41  2.40  2.60     2.41  2.53  2.46  2.27  2.37
 60   10     2.65  3.02  3.64  4.42  4.59  4.28  4.50  4.52  3.71  3.28  2.64  2.50     3.65  2.72  4.22  4.43  3.21
 60   20     2.79  3.11  3.66  4.40  4.50  4.17  4.39  4.47  3.70  3.34  2.76  2.67     3.67  2.86  4.19  4.35  3.27
 60   30     2.86  3.15  3.63  4.31  4.34  4.01  4.22  4.34  3.64  3.34  2.83  2.78     3.62  2.93  4.09  4.19  3.27
 60   40     2.89  3.13  3.53  4.14  4.13  3.79  4.00  4.14  3.51  3.28  2.83  2.82     3.52  2.94  3.94  3.98  3.21
 60   50     2.86  3.05  3.39  3.92  3.86  3.52  3.72  3.89  3.33  3.16  2.79  2.81     3.36  2.91  3.72  3.71  3.09
 60   60     2.76  2.90  3.17  3.64  3.54  3.22  3.40  3.59  3.11  3.00  2.69  2.75     3.15  2.80  3.45  3.40  2.93
 60   70     2.62  2.73  2.93  3.33  3.19  2.90  3.06  3.26  2.84  2.77  2.53  2.62     2.90  2.65  3.15  3.07  2.71
 60   80     2.43  2.50  2.64  2.98  2.83  2.56  2.71  2.90  2.55  2.52  2.34  2.44     2.62  2.46  2.81  2.73  2.47
 60   90     2.19  2.24  2.34  2.62  2.46  2.23  2.36  2.53  2.25  2.23  2.11  2.23     2.31  2.22  2.48  2.37  2.20
 75   10     2.55  2.94  3.58  4.38  4.58  4.28  4.49  4.50  3.66  3.21  2.55  2.40     3.59  2.63  4.18  4.42  3.14
 75   20     2.59  2.96  3.55  4.33  4.48  4.17  4.38  4.42  3.62  3.20  2.60  2.47     3.56  2.67  4.12  4.33  3.14
 75   30     2.60  2.94  3.47  4.22  4.32  4.00  4.21  4.28  3.52  3.15  2.59  2.50     3.48  2.68  4.00  4.17  3.09
 75   40     2.56  2.88  3.35  4.04  4.10  3.79  3.99  4.07  3.38  3.05  2.55  2.48     3.35  2.64  3.83  3.95  2.99
 75   50     2.49  2.77  3.17  3.82  3.84  3.53  3.72  3.83  3.19  2.91  2.47  2.42     3.18  2.56  3.61  3.69  2.85
 75   60     2.38  2.62  2.98  3.56  3.54  3.24  3.42  3.54  2.96  2.73  2.35  2.34     2.97  2.44  3.36  3.40  2.68
 75   70     2.22  2.44  2.73  3.25  3.21  2.93  3.09  3.22  2.71  2.52  2.20  2.20     2.73  2.29  3.06  3.08  2.48
 75   80     2.05  2.23  2.47  2.94  2.87  2.62  2.76  2.90  2.44  2.28  2.01  2.04     2.47  2.11  2.76  2.76  2.24
 75   90     1.84  1.99  2.19  2.60  2.52  2.30  2.43  2.56  2.15  2.03  1.82  1.85     2.19  1.90  2.44  2.43  2.00
 90   10     2.44  2.86  3.51  4.34  4.57  4.27  4.48  4.47  3.62  3.13  2.46  2.29     3.54  2.53  4.14  4.41  3.07
 90   20     2.39  2.80  3.43  4.25  4.46  4.16  4.37  4.37  3.52  3.05  2.41  2.25     3.46  2.48  4.05  4.30  3.00
 90   30     2.31  2.72  3.30  4.11  4.28  3.99  4.19  4.20  3.39  2.94  2.34  2.20     3.33  2.41  3.90  4.13  2.89
 90   40     2.23  2.61  3.14  3.91  4.05  3.77  3.96  3.98  3.22  2.80  2.25  2.13     3.17  2.32  3.70  3.90  2.75
 90   50     2.11  2.47  2.95  3.67  3.79  3.52  3.69  3.73  3.01  2.63  2.14  2.03     2.98  2.20  3.47  3.64  2.59
 90   60     1.99  2.31  2.73  3.41  3.49  3.23  3.40  3.45  2.79  2.44  2.00  1.92     2.76  2.07  3.21  3.36  2.41
 90   70     1.83  2.13  2.51  3.12  3.17  2.92  3.08  3.14  2.55  2.24  1.86  1.79     2.53  1.92  2.93  3.05  2.21
 90   80     1.68  1.95  2.26  2.81  2.84  2.62  2.75  2.82  2.29  2.02  1.69  1.64     2.28  1.75  2.64  2.73  2.00
 90   90     1.51  1.74  2.02  2.52  2.52  2.32  2.44  2.51  2.04  1.80  1.53  1.49     2.04  1.58  2.35  2.42  1.79
105   10     2.33  2.77  3.44  4.30  4.55  4.27  4.48  4.44  3.57  3.05  2.36  2.17     3.48  2.42  4.10  4.40  2.99
105   20     2.19  2.63  3.30  4.17  4.42  4.15  4.35  4.31  3.43  2.90  2.23  2.04     3.34  2.29  3.96  4.27  2.85
105   30     2.04  2.48  3.12  3.98  4.22  3.97  4.15  4.11  3.25  2.72  2.09  1.90     3.17  2.14  3.77  4.08  2.69
105   40     1.88  2.33  2.91  3.75  3.98  3.74  3.91  3.87  3.05  2.53  1.95  1.77     2.97  1.99  3.54  3.84  2.51
105   50     1.75  2.16  2.70  3.49  3.70  3.48  3.63  3.59  2.82  2.34  1.80  1.65     2.76  1.86  3.29  3.56  2.32
105   60     1.61  1.99  2.48  3.21  3.39  3.19  3.33  3.30  2.58  2.15  1.67  1.52     2.53  1.71  3.03  3.27  2.13
105   70     1.47  1.83  2.25  2.93  3.08  2.88  3.01  3.00  2.35  1.94  1.53  1.41     2.31  1.57  2.75  2.96  1.94
105   80     1.34  1.65  2.03  2.65  2.75  2.57  2.69  2.70  2.11  1.76  1.39  1.28     2.08  1.42  2.48  2.65  1.75
105   90     1.21  1.50  1.81  2.36  2.45  2.28  2.38  2.39  1.87  1.56  1.25  1.17     1.85  1.29  2.21  2.35  1.56
120   10     2.23  2.69  3.38  4.26  4.54  4.26  4.47  4.41  3.52  2.98  2.27  2.07     3.42  2.33  4.06  4.38  2.92
120   20     1.99  2.47  3.17  4.08  4.38  4.14  4.33  4.25  3.34  2.75  2.05  1.84     3.23  2.10  3.88  4.24  2.71
120   30     1.77  2.25  2.93  3.84  4.16  3.95  4.12  4.01  3.11  2.51  1.84  1.62     3.01  1.88  3.65  4.02  2.49
120   40     1.57  2.04  2.68  3.56  3.89  3.70  3.85  3.73  2.87  2.27  1.65  1.45     2.77  1.69  3.38  3.76  2.27
120   50     1.41  1.86  2.43  3.27  3.58  3.41  3.54  3.42  2.61  2.05  1.50  1.30     2.53  1.52  3.09  3.46  2.05
120   60     1.27  1.69  2.20  2.98  3.25  3.10  3.22  3.10  2.37  1.85  1.36  1.18     2.30  1.38  2.81  3.14  1.86
120   70     1.16  1.53  1.99  2.68  2.93  2.79  2.90  2.80  2.13  1.67  1.23  1.08     2.08  1.26  2.53  2.83  1.68
120   80     1.05  1.39  1.79  2.42  2.62  2.49  2.58  2.51  1.91  1.50  1.12  0.98     1.86  1.14  2.27  2.53  1.51
120   90     0.96  1.26  1.59  2.17  2.32  2.20  2.28  2.24  1.71  1.35  1.01  0.91     1.67  1.04  2.03  2.24  1.36
135   10     2.14  2.61  3.33  4.22  4.52  4.26  4.46  4.39  3.48  2.91  2.19  1.97     3.37  2.24  4.02  4.37  2.86
135   20     1.81  2.33  3.06  4.00  4.36  4.13  4.31  4.18  3.25  2.62  1.89  1.65     3.13  1.93  3.80  4.21  2.59
135   30     1.52  2.04  2.76  3.70  4.11  3.93  4.08  3.91  2.98  2.31  1.62  1.36     2.86  1.64  3.52  3.97  2.31
135   40     1.28  1.79  2.45  3.37  3.79  3.66  3.78  3.59  2.69  2.03  1.39  1.15     2.58  1.41  3.21  3.67  2.04
135   50     1.12  1.58  2.17  3.03  3.44  3.34  3.44  3.23  2.40  1.78  1.22  1.00     2.31  1.24  2.88  3.34  1.80
135   60     1.01  1.41  1.93  2.71  3.08  3.00  3.08  2.88  2.13  1.58  1.10  0.91     2.07  1.11  2.57  2.99  1.60
135   70     0.93  1.28  1.72  2.42  2.74  2.67  2.74  2.56  1.90  1.41  1.00  0.84     1.85  1.01  2.29  2.66  1.44
135   80     0.86  1.17  1.55  2.16  2.43  2.36  2.42  2.28  1.70  1.27  0.92  0.78     1.66  0.94  2.04  2.35  1.30
135   90     0.80  1.07  1.40  1.93  2.15  2.09  2.14  2.03  1.52  1.16  0.85  0.73     1.49  0.87  1.83  2.08  1.18
150   10     2.07  2.55  3.28  4.19  4.51  4.26  4.46  4.37  3.45  2.86  2.13  1.89     3.34  2.17  4.00  4.36  2.81
150   20     1.67  2.21  2.96  3.93  4.33  4.13  4.30  4.14  3.19  2.51  1.76  1.49     3.05  1.79  3.74  4.19  2.49
150   30     1.30  1.86  2.61  3.60  4.07  3.92  4.06  3.84  2.87  2.15  1.42  1.14     2.73  1.43  3.42  3.94  2.15
150   40     1.05  1.55  2.24  3.21  3.72  3.63  3.74  3.47  2.52  1.80  1.15  0.90     2.42  1.17  3.06  3.61  1.83
150   50     0.92  1.32  1.92  2.80  3.32  3.29  3.36  3.05  2.19  1.52  1.00  0.81     2.12  1.01  2.68  3.23  1.57
150   60     0.86  1.19  1.66  2.42  2.89  2.90  2.94  2.65  1.90  1.34  0.92  0.77     1.87  0.94  2.32  2.83  1.38
150   70     0.82  1.09  1.49  2.12  2.51  2.52  2.55  2.30  1.68  1.21  0.86  0.73     1.66  0.88  2.04  2.46  1.25
150   80     0.77  1.02  1.35  1.88  2.19  2.20  2.22  2.03  1.51  1.12  0.81  0.70     1.48  0.83  1.81  2.15  1.15
150   90     0.73  0.95  1.24  1.70  1.94  1.94  1.95  1.81  1.37  1.03  0.77  0.66     1.34  0.78  1.62  1.90  1.05
165   10     2.02  2.52  3.26  4.17  4.51  4.26  4.46  4.35  3.43  2.83  2.09  1.84     3.31  2.13  3.98  4.36  2.78
165   20     1.57  2.13  2.91  3.89  4.32  4.13  4.30  4.12  3.14  2.44  1.68  1.38     3.00  1.69  3.71  4.18  2.42
165   30     1.15  1.72  2.51  3.53  4.05  3.91  4.06  3.80  2.80  2.03  1.27  0.97     2.65  1.28  3.36  3.92  2.04
165   40     0.91  1.35  2.09  3.10  3.70  3.63  3.74  3.40  2.42  1.62  0.97  0.82     2.31  1.02  2.96  3.59  1.67
165   50     0.89  1.13  1.69  2.62  3.28  3.28  3.35  2.95  2.01  1.30  0.92  0.79     2.02  0.94  2.53  3.19  1.41
165   60     0.85  1.08  1.44  2.14  2.81  2.88  2.91  2.45  1.68  1.18  0.88  0.76     1.75  0.90  2.13  2.75  1.25
165   70     0.81  1.02  1.31  1.81  2.29  2.44  2.42  2.02  1.49  1.11  0.84  0.73     1.53  0.86  1.81  2.29  1.15
165   80     0.77  0.97  1.22  1.63  1.96  2.04  2.02  1.77  1.36  1.05  0.80  0.70     1.36  0.81  1.60  1.95  1.07
165   90     0.73  0.91  1.14  1.49  1.74  1.79  1.78  1.60  1.26  0.99  0.76  0.66     1.24  0.77  1.46  1.73  1.00
180   10     2.00  2.50  3.25  4.16  4.51  4.26  4.46  4.35  3.42  2.82  2.07  1.82     3.30  2.11  3.97  4.36  2.77
180   20     1.53  2.09  2.89  3.86  4.32  4.13  4.30  4.10  3.13  2.42  1.64  1.34     2.98  1.66  3.69  4.18  2.40
180   30     1.08  1.66  2.48  3.49  4.04  3.91  4.06  3.77  2.78  1.98  1.22  0.92     2.62  1.22  3.34  3.92  1.99
180   40     0.91  1.25  2.02  3.06  3.69  3.63  3.74  3.38  2.38  1.53  0.95  0.82     2.28  0.99  2.92  3.58  1.62
180   50     0.89  1.12  1.55  2.57  3.27  3.28  3.35  2.92  1.95  1.22  0.92  0.79     1.99  0.93  2.46  3.18  1.36
180   60     0.85  1.08  1.33  2.04  2.80  2.88  2.91  2.41  1.50  1.17  0.88  0.76     1.72  0.90  2.06  2.73  1.18
180   70     0.81  1.02  1.27  1.61  2.28  2.44  2.43  1.88  1.39  1.11  0.84  0.73     1.49  0.86  1.72  2.25  1.11
180   80     0.77  0.97  1.20  1.47  1.85  1.98  1.95  1.62  1.30  1.05  0.80  0.70     1.31  0.81  1.51  1.85  1.05
180   90     0.73  0.91  1.13  1.38  1.66  1.73  1.72  1.49  1.22  0.99  0.76  0.66     1.20  0.77  1.39  1.64  0.99
             55.4  44.7  31.6  17.1   5.3   1.2   2.5  11.4  24.0  39.6  51.5  58.0     28.7  53.0  18.0   5.3  38.6
             3.78  3.67  3.96  4.51  4.62  4.31  4.53  4.56  3.88  3.81  3.52  3.75     4.08  3.72  4.31  4.46  3.68
             3.45  3.56  3.96  4.44  4.38  4.01  4.24  4.43  3.87  3.76  3.30  3.36     3.90  3.46  4.26  4.23  3.65
             1.10  1.03  1.00  1.02  1.05  1.07  1.07  1.03  1.00  1.01  1.07  1.12     1.05  1.08  1.02  1.06  1.03
             1.39  1.24  1.12  1.01  0.95  0.93  0.94  0.98  1.06  1.18  1.33  1.46     1.13  1.36  1.03  0.95  1.19
temperature   4.3   5.2   8.6  13.6  17.9  21.3  25.0  25.6  22.4  16.8  11.3   6.2     14.9   5.2  13.4  24.0  16.8
diffusedrad  1.26  1.55  1.91  2.27  2.52  2.63  2.58  2.40  2.07  1.69  1.29  1.13     1.94  1.31  2.23  2.54  1.68
snow10cm     0.00  0.00  0.00  0.00  0.00  0.00  0.00  0.00  0.00  0.00  0.00  0.00     0.00  0.00  0.00  0.00  0.00
