2 74381   江川崎          33 10.3  132 47.5   60
             2.17  2.82  3.41  4.23  4.40  4.04  4.59  4.44  3.55  3.06  2.26  2.02     3.42  2.34  4.01  4.36  2.96
             2.65  3.28  4.09  5.15  5.32  4.95  6.02  5.25  4.43  3.58  2.65  2.47     3.77  2.63  4.60  5.31  3.30
             1.79  1.87  2.50  3.28  3.70  2.64  3.52  3.61  2.90  2.58  1.79  1.60     2.98  1.91  3.31  3.66  2.48
  0   10     2.48  3.13  3.61  4.32  4.40  4.00  4.55  4.48  3.69  3.34  2.54  2.36     3.57  2.65  4.11  4.34  3.19
  0   20     2.74  3.37  3.74  4.34  4.31  3.90  4.43  4.44  3.75  3.54  2.77  2.64     3.67  2.92  4.13  4.26  3.35
  0   30     2.95  3.53  3.79  4.26  4.15  3.72  4.23  4.32  3.74  3.66  2.94  2.87     3.68  3.12  4.07  4.09  3.45
  0   40     3.09  3.62  3.76  4.10  3.90  3.48  3.95  4.10  3.65  3.70  3.05  3.03     3.62  3.24  3.92  3.84  3.47
  0   50     3.15  3.62  3.65  3.85  3.58  3.18  3.60  3.80  3.49  3.65  3.08  3.11     3.48  3.29  3.69  3.53  3.41
  0   60     3.14  3.53  3.46  3.52  3.20  2.84  3.19  3.44  3.26  3.52  3.05  3.12     3.27  3.26  3.39  3.16  3.28
  0   70     3.06  3.37  3.19  3.13  2.78  2.46  2.74  3.01  2.96  3.32  2.94  3.06     3.00  3.16  3.03  2.74  3.07
  0   80     2.90  3.13  2.86  2.69  2.31  2.06  2.27  2.54  2.61  3.04  2.77  2.92     2.67  2.98  2.62  2.29  2.80
  0   90     2.68  2.82  2.48  2.21  1.85  1.67  1.79  2.05  2.21  2.70  2.53  2.71     2.31  2.73  2.18  1.84  2.48
 15   10     2.46  3.12  3.60  4.32  4.40  4.00  4.55  4.48  3.68  3.33  2.53  2.34     3.57  2.64  4.11  4.34  3.18
 15   20     2.71  3.35  3.72  4.34  4.32  3.90  4.43  4.44  3.74  3.52  2.75  2.62     3.65  2.89  4.12  4.26  3.34
 15   30     2.91  3.50  3.76  4.26  4.14  3.72  4.24  4.32  3.73  3.63  2.92  2.83     3.66  3.08  4.06  4.09  3.42
 15   40     3.03  3.58  3.72  4.10  3.91  3.49  3.96  4.11  3.64  3.66  3.01  2.98     3.60  3.20  3.91  3.85  3.44
 15   50     3.09  3.57  3.61  3.86  3.59  3.19  3.62  3.82  3.47  3.61  3.04  3.06     3.46  3.24  3.69  3.54  3.38
 15   60     3.07  3.48  3.41  3.54  3.22  2.86  3.22  3.46  3.24  3.48  3.00  3.06     3.25  3.20  3.39  3.18  3.24
 15   70     2.98  3.31  3.15  3.16  2.81  2.48  2.78  3.05  2.94  3.27  2.89  2.99     2.98  3.09  3.04  2.77  3.03
 15   80     2.82  3.07  2.82  2.73  2.37  2.10  2.33  2.59  2.60  2.99  2.71  2.84     2.66  2.91  2.64  2.34  2.77
 15   90     2.59  2.76  2.44  2.27  1.93  1.73  1.88  2.12  2.21  2.65  2.47  2.63     2.31  2.66  2.21  1.91  2.45
 30   10     2.42  3.09  3.57  4.31  4.40  4.00  4.55  4.47  3.66  3.30  2.50  2.31     3.55  2.61  4.09  4.34  3.15
 30   20     2.64  3.29  3.67  4.32  4.31  3.90  4.43  4.43  3.71  3.46  2.69  2.55     3.62  2.83  4.10  4.26  3.29
 30   30     2.80  3.41  3.70  4.25  4.16  3.74  4.25  4.31  3.69  3.56  2.83  2.73     3.62  2.98  4.03  4.10  3.36
 30   40     2.89  3.46  3.64  4.09  3.92  3.50  3.99  4.10  3.59  3.57  2.90  2.85     3.54  3.07  3.88  3.87  3.35
 30   50     2.92  3.44  3.52  3.86  3.63  3.23  3.67  3.84  3.42  3.51  2.91  2.90     3.40  3.09  3.67  3.58  3.28
 30   60     2.88  3.34  3.32  3.56  3.28  2.91  3.29  3.49  3.19  3.37  2.85  2.88     3.19  3.03  3.39  3.23  3.13
 30   70     2.77  3.16  3.06  3.20  2.90  2.56  2.89  3.11  2.90  3.16  2.72  2.79     2.94  2.91  3.05  2.85  2.93
 30   80     2.61  2.91  2.75  2.80  2.49  2.21  2.47  2.69  2.58  2.88  2.54  2.64     2.63  2.72  2.68  2.46  2.67
 30   90     2.38  2.60  2.39  2.38  2.08  1.86  2.06  2.27  2.21  2.55  2.30  2.42     2.29  2.47  2.28  2.06  2.36
 45   10     2.37  3.04  3.53  4.29  4.39  4.00  4.55  4.46  3.63  3.25  2.45  2.25     3.52  2.55  4.07  4.34  3.11
 45   20     2.53  3.19  3.60  4.29  4.31  3.90  4.44  4.41  3.66  3.38  2.60  2.43     3.56  2.72  4.07  4.25  3.21
 45   30     2.65  3.28  3.60  4.21  4.16  3.74  4.26  4.29  3.61  3.44  2.69  2.57     3.54  2.83  3.99  4.09  3.25
 45   40     2.70  3.29  3.53  4.06  3.94  3.53  4.02  4.10  3.51  3.43  2.73  2.65     3.46  2.88  3.84  3.88  3.22
 45   50     2.69  3.24  3.39  3.83  3.65  3.26  3.71  3.83  3.34  3.35  2.71  2.66     3.31  2.86  3.62  3.60  3.13
 45   60     2.63  3.12  3.20  3.55  3.34  2.97  3.37  3.52  3.11  3.20  2.63  2.61     3.10  2.79  3.36  3.29  2.98
 45   70     2.51  2.94  2.94  3.21  2.98  2.64  3.00  3.16  2.84  2.99  2.49  2.51     2.85  2.65  3.04  2.93  2.77
 45   80     2.34  2.70  2.65  2.85  2.61  2.31  2.61  2.78  2.54  2.73  2.31  2.35     2.56  2.46  2.70  2.56  2.53
 45   90     2.12  2.42  2.32  2.47  2.24  1.98  2.23  2.40  2.21  2.43  2.08  2.15     2.25  2.23  2.34  2.20  2.24
 60   10     2.30  2.97  3.48  4.26  4.38  4.00  4.54  4.44  3.60  3.20  2.38  2.17     3.48  2.48  4.04  4.33  3.06
 60   20     2.40  3.06  3.51  4.24  4.30  3.90  4.44  4.38  3.59  3.27  2.47  2.30     3.49  2.59  4.02  4.24  3.11
 60   30     2.45  3.10  3.48  4.15  4.14  3.75  4.26  4.25  3.52  3.29  2.52  2.37     3.44  2.64  3.92  4.09  3.11
 60   40     2.46  3.08  3.38  3.99  3.93  3.54  4.03  4.06  3.40  3.25  2.51  2.40     3.34  2.65  3.77  3.88  3.05
 60   50     2.43  3.00  3.23  3.77  3.67  3.29  3.75  3.81  3.23  3.15  2.46  2.38     3.18  2.60  3.56  3.62  2.95
 60   60     2.33  2.86  3.03  3.50  3.36  3.00  3.42  3.51  3.00  2.99  2.37  2.31     2.98  2.50  3.30  3.31  2.79
 60   70     2.21  2.69  2.80  3.20  3.04  2.71  3.08  3.19  2.75  2.78  2.22  2.19     2.74  2.36  3.01  2.99  2.59
 60   80     2.04  2.46  2.51  2.86  2.69  2.40  2.72  2.83  2.46  2.55  2.05  2.04     2.47  2.18  2.69  2.65  2.35
 60   90     1.84  2.21  2.23  2.51  2.34  2.09  2.36  2.47  2.17  2.27  1.85  1.85     2.18  1.96  2.36  2.31  2.09
 75   10     2.22  2.89  3.42  4.23  4.37  4.00  4.54  4.42  3.55  3.13  2.31  2.09     3.43  2.40  4.01  4.32  3.00
 75   20     2.24  2.92  3.40  4.18  4.28  3.90  4.43  4.34  3.51  3.14  2.34  2.14     3.40  2.43  3.95  4.22  2.99
 75   30     2.25  2.90  3.32  4.07  4.12  3.74  4.25  4.20  3.42  3.11  2.32  2.15     3.32  2.43  3.84  4.07  2.95
 75   40     2.20  2.83  3.21  3.89  3.91  3.54  4.02  4.00  3.27  3.03  2.28  2.13     3.19  2.38  3.67  3.85  2.86
 75   50     2.13  2.72  3.04  3.67  3.66  3.30  3.75  3.75  3.09  2.91  2.19  2.06     3.02  2.31  3.46  3.60  2.73
 75   60     2.03  2.58  2.84  3.42  3.37  3.03  3.45  3.47  2.87  2.75  2.09  1.98     2.82  2.20  3.21  3.32  2.57
 75   70     1.89  2.40  2.61  3.12  3.05  2.73  3.11  3.15  2.62  2.55  1.95  1.86     2.59  2.05  2.92  3.00  2.37
 75   80     1.74  2.20  2.36  2.82  2.73  2.44  2.78  2.83  2.36  2.33  1.78  1.71     2.34  1.88  2.63  2.68  2.15
 75   90     1.56  1.97  2.09  2.49  2.40  2.15  2.44  2.50  2.08  2.09  1.60  1.55     2.08  1.69  2.33  2.36  1.92
 90   10     2.13  2.81  3.36  4.19  4.36  4.00  4.53  4.39  3.51  3.05  2.23  2.00     3.38  2.31  3.97  4.31  2.93
 90   20     2.09  2.75  3.28  4.10  4.25  3.90  4.41  4.29  3.42  3.00  2.18  1.97     3.30  2.27  3.88  4.20  2.87
 90   30     2.02  2.67  3.16  3.96  4.08  3.73  4.23  4.12  3.29  2.90  2.12  1.92     3.18  2.20  3.73  4.03  2.77
 90   40     1.94  2.56  3.00  3.77  3.86  3.53  4.00  3.91  3.12  2.79  2.02  1.84     3.03  2.11  3.54  3.81  2.64
 90   50     1.83  2.42  2.82  3.53  3.61  3.29  3.72  3.65  2.92  2.64  1.92  1.75     2.84  2.00  3.32  3.56  2.49
 90   60     1.72  2.27  2.61  3.28  3.33  3.02  3.43  3.38  2.70  2.47  1.79  1.65     2.64  1.88  3.07  3.27  2.32
 90   70     1.58  2.09  2.39  3.00  3.02  2.74  3.11  3.08  2.47  2.28  1.66  1.53     2.41  1.74  2.81  2.97  2.14
 90   80     1.45  1.91  2.16  2.70  2.70  2.44  2.77  2.76  2.21  2.07  1.50  1.40     2.17  1.59  2.52  2.66  1.93
 90   90     1.30  1.71  1.92  2.42  2.40  2.16  2.46  2.45  1.97  1.87  1.36  1.27     1.94  1.43  2.25  2.36  1.73
105   10     2.04  2.72  3.30  4.15  4.35  4.00  4.52  4.36  3.46  2.97  2.15  1.91     3.33  2.23  3.93  4.29  2.86
105   20     1.92  2.59  3.16  4.02  4.22  3.89  4.39  4.23  3.32  2.85  2.03  1.80     3.20  2.10  3.80  4.17  2.73
105   30     1.80  2.43  2.99  3.84  4.03  3.72  4.20  4.04  3.15  2.69  1.91  1.68     3.04  1.97  3.62  3.98  2.58
105   40     1.66  2.28  2.79  3.62  3.79  3.50  3.95  3.79  2.96  2.52  1.78  1.56     2.85  1.84  3.40  3.75  2.42
105   50     1.54  2.12  2.58  3.36  3.53  3.25  3.66  3.52  2.74  2.35  1.64  1.45     2.65  1.71  3.16  3.48  2.24
105   60     1.42  1.95  2.37  3.09  3.24  2.98  3.36  3.23  2.50  2.18  1.51  1.34     2.43  1.57  2.90  3.19  2.06
105   70     1.30  1.79  2.15  2.82  2.94  2.70  3.04  2.94  2.27  1.98  1.39  1.23     2.21  1.44  2.64  2.89  1.88
105   80     1.18  1.62  1.94  2.55  2.63  2.41  2.72  2.64  2.05  1.81  1.25  1.11     1.99  1.30  2.37  2.59  1.70
105   90     1.06  1.46  1.73  2.27  2.33  2.13  2.40  2.34  1.81  1.62  1.13  1.01     1.78  1.18  2.11  2.29  1.52
120   10     1.96  2.64  3.24  4.11  4.33  3.99  4.52  4.34  3.41  2.90  2.07  1.83     3.28  2.14  3.90  4.28  2.79
120   20     1.77  2.43  3.04  3.94  4.19  3.88  4.37  4.17  3.23  2.70  1.88  1.64     3.10  1.94  3.72  4.14  2.61
120   30     1.58  2.21  2.81  3.71  3.98  3.70  4.16  3.94  3.02  2.48  1.70  1.46     2.90  1.75  3.50  3.93  2.40
120   40     1.42  2.00  2.57  3.44  3.72  3.47  3.89  3.66  2.78  2.27  1.53  1.30     2.67  1.57  3.24  3.67  2.19
120   50     1.28  1.81  2.33  3.16  3.42  3.20  3.58  3.36  2.53  2.06  1.38  1.17     2.44  1.42  2.97  3.38  1.99
120   60     1.15  1.65  2.10  2.87  3.11  2.91  3.25  3.04  2.29  1.87  1.26  1.06     2.21  1.29  2.69  3.07  1.81
120   70     1.05  1.50  1.90  2.59  2.80  2.62  2.92  2.75  2.06  1.70  1.14  0.97     2.00  1.17  2.43  2.76  1.63
120   80     0.96  1.35  1.71  2.33  2.50  2.33  2.60  2.46  1.84  1.54  1.03  0.88     1.79  1.06  2.18  2.46  1.47
120   90     0.87  1.23  1.52  2.09  2.21  2.06  2.30  2.19  1.65  1.39  0.93  0.81     1.61  0.97  1.94  2.18  1.32
135   10     1.89  2.56  3.19  4.08  4.32  3.99  4.51  4.31  3.37  2.83  2.00  1.75     3.23  2.07  3.86  4.27  2.74
135   20     1.63  2.28  2.93  3.86  4.16  3.87  4.36  4.11  3.15  2.56  1.75  1.49     3.01  1.80  3.65  4.12  2.49
135   30     1.39  2.00  2.65  3.58  3.93  3.68  4.12  3.85  2.89  2.28  1.51  1.25     2.76  1.54  3.38  3.88  2.23
135   40     1.19  1.74  2.35  3.26  3.63  3.43  3.82  3.53  2.61  2.01  1.31  1.06     2.50  1.33  3.08  3.59  1.98
135   50     1.05  1.53  2.08  2.93  3.29  3.13  3.47  3.18  2.32  1.78  1.15  0.94     2.24  1.17  2.77  3.26  1.75
135   60     0.95  1.37  1.85  2.62  2.95  2.82  3.10  2.83  2.06  1.59  1.04  0.85     2.00  1.05  2.47  2.92  1.56
135   70     0.87  1.24  1.65  2.33  2.62  2.51  2.75  2.51  1.84  1.43  0.95  0.79     1.79  0.96  2.20  2.59  1.41
135   80     0.81  1.12  1.48  2.08  2.32  2.22  2.43  2.23  1.64  1.30  0.87  0.73     1.60  0.89  1.96  2.29  1.27
135   90     0.75  1.04  1.33  1.86  2.06  1.96  2.14  1.98  1.47  1.19  0.80  0.68     1.44  0.82  1.75  2.03  1.15
150   10     1.84  2.51  3.15  4.05  4.32  3.99  4.51  4.29  3.35  2.78  1.95  1.69     3.20  2.01  3.84  4.26  2.69
150   20     1.52  2.16  2.84  3.80  4.14  3.87  4.35  4.08  3.09  2.45  1.64  1.37     2.94  1.68  3.60  4.10  2.39
150   30     1.22  1.81  2.51  3.48  3.89  3.67  4.10  3.77  2.78  2.10  1.35  1.07     2.65  1.37  3.29  3.85  2.08
150   40     1.00  1.50  2.15  3.11  3.57  3.41  3.78  3.41  2.45  1.77  1.11  0.87     2.34  1.12  2.94  3.53  1.78
150   50     0.88  1.27  1.84  2.71  3.19  3.09  3.39  3.00  2.12  1.50  0.97  0.78     2.06  0.98  2.58  3.16  1.53
150   60     0.83  1.13  1.59  2.34  2.78  2.73  2.96  2.60  1.83  1.32  0.89  0.74     1.81  0.90  2.24  2.76  1.35
150   70     0.79  1.04  1.42  2.04  2.41  2.38  2.55  2.25  1.62  1.20  0.83  0.70     1.60  0.84  1.96  2.39  1.22
150   80     0.74  0.97  1.28  1.81  2.11  2.07  2.22  1.99  1.45  1.11  0.78  0.67     1.43  0.79  1.73  2.09  1.12
150   90     0.70  0.91  1.18  1.63  1.86  1.82  1.95  1.77  1.31  1.03  0.73  0.63     1.29  0.75  1.56  1.85  1.02
165   10     1.80  2.47  3.12  4.03  4.31  3.99  4.51  4.28  3.33  2.74  1.92  1.65     3.18  1.98  3.82  4.26  2.66
165   20     1.44  2.08  2.79  3.76  4.14  3.87  4.35  4.05  3.05  2.37  1.57  1.28     2.90  1.60  3.56  4.09  2.33
165   30     1.09  1.67  2.41  3.41  3.88  3.67  4.11  3.74  2.72  1.97  1.23  0.94     2.57  1.24  3.23  3.84  1.97
165   40     0.89  1.29  2.01  3.00  3.55  3.41  3.78  3.35  2.34  1.57  0.96  0.80     2.25  0.99  2.85  3.51  1.63
165   50     0.86  1.07  1.62  2.54  3.15  3.09  3.38  2.91  1.95  1.26  0.90  0.77     1.96  0.90  2.44  3.13  1.37
165   60     0.82  1.02  1.37  2.08  2.70  2.72  2.92  2.42  1.62  1.13  0.86  0.74     1.70  0.86  2.05  2.69  1.20
165   70     0.78  0.97  1.25  1.75  2.22  2.31  2.42  1.98  1.43  1.07  0.82  0.70     1.48  0.82  1.74  2.24  1.11
165   80     0.74  0.92  1.16  1.57  1.89  1.92  2.00  1.73  1.30  1.01  0.77  0.67     1.31  0.78  1.54  1.89  1.03
165   90     0.70  0.87  1.09  1.43  1.68  1.69  1.76  1.56  1.21  0.95  0.72  0.63     1.19  0.73  1.40  1.67  0.96
180   10     1.79  2.46  3.12  4.02  4.31  3.99  4.51  4.27  3.32  2.73  1.91  1.64     3.17  1.96  3.82  4.26  2.65
180   20     1.41  2.04  2.77  3.74  4.13  3.87  4.36  4.04  3.04  2.34  1.54  1.25     2.88  1.57  3.55  4.09  2.31
180   30     1.04  1.61  2.38  3.39  3.88  3.67  4.11  3.72  2.70  1.92  1.18  0.90     2.54  1.19  3.21  3.83  1.93
180   40     0.89  1.20  1.95  2.97  3.55  3.41  3.79  3.33  2.31  1.48  0.93  0.80     2.22  0.96  2.82  3.51  1.58
180   50     0.86  1.06  1.49  2.50  3.15  3.09  3.39  2.88  1.89  1.16  0.90  0.77     1.93  0.90  2.38  3.12  1.32
180   60     0.82  1.02  1.27  1.99  2.70  2.72  2.93  2.38  1.45  1.11  0.86  0.74     1.67  0.86  1.99  2.68  1.14
180   70     0.78  0.97  1.20  1.56  2.21  2.31  2.44  1.86  1.33  1.06  0.82  0.70     1.44  0.82  1.66  2.20  1.07
180   80     0.74  0.92  1.14  1.43  1.79  1.88  1.93  1.59  1.25  1.00  0.77  0.67     1.26  0.78  1.45  1.80  1.01
180   90     0.70  0.87  1.07  1.33  1.60  1.63  1.69  1.46  1.17  0.94  0.72  0.63     1.15  0.73  1.34  1.59  0.94
             53.7  44.9  31.2  16.6   4.8   0.8   1.9  11.0  23.7  39.6  49.9  56.2     27.1  51.4  17.6   4.8  37.4
             3.16  3.63  3.79  4.34  4.41  4.04  4.58  4.48  3.76  3.70  3.08  3.13     3.84  3.29  4.13  4.36  3.47
             2.90  3.49  3.78  4.29  4.20  3.78  4.30  4.36  3.75  3.63  2.90  2.81     3.68  3.07  4.09  4.15  3.43
             1.09  1.04  1.00  1.01  1.05  1.07  1.07  1.03  1.00  1.02  1.06  1.11     1.05  1.08  1.02  1.05  1.03
             1.34  1.24  1.11  1.01  0.95  0.94  0.94  0.98  1.06  1.19  1.28  1.39     1.12  1.32  1.03  0.95  1.18
temperature   4.6   5.6   8.9  14.1  18.3  22.0  25.9  26.3  23.1  17.3  11.8   6.6     15.4   5.6  13.8  24.7  17.4
diffusedrad  1.17  1.46  1.80  2.17  2.42  2.46  2.48  2.32  1.96  1.59  1.22  1.05     1.84  1.22  2.13  2.42  1.59
snow10cm     0.02  0.01  0.00  0.00  0.00  0.00  0.00  0.00  0.00  0.00  0.00  0.00     0.00  0.01  0.00  0.00  0.00
