2 81371   防府            34  1.8  131 32.1    6
             2.22  2.89  3.63  4.59  5.05  4.63  4.89  5.11  4.05  3.41  2.52  2.13     3.76  2.42  4.42  4.88  3.33
             2.61  3.31  4.28  5.42  6.05  5.55  6.74  6.20  4.74  3.98  2.92  2.64     4.12  2.71  4.89  5.91  3.65
             1.88  2.30  2.87  4.06  4.29  3.92  3.54  3.98  3.09  2.92  1.96  1.86     3.45  2.11  3.94  4.10  2.99
  0   10     2.57  3.23  3.87  4.72  5.05  4.58  4.85  5.18  4.24  3.78  2.90  2.54     3.96  2.78  4.54  4.87  3.64
  0   20     2.88  3.51  4.03  4.75  4.95  4.45  4.73  5.15  4.35  4.06  3.22  2.90     4.08  3.10  4.58  4.78  3.88
  0   30     3.12  3.70  4.10  4.68  4.76  4.24  4.51  5.00  4.36  4.24  3.47  3.18     4.12  3.33  4.51  4.59  4.03
  0   40     3.29  3.80  4.09  4.51  4.47  3.95  4.21  4.75  4.28  4.32  3.64  3.39     4.06  3.49  4.35  4.31  4.08
  0   50     3.37  3.81  3.98  4.24  4.09  3.60  3.84  4.41  4.10  4.30  3.71  3.51     3.91  3.57  4.10  3.95  4.04
  0   60     3.38  3.74  3.78  3.88  3.63  3.18  3.40  3.97  3.83  4.18  3.70  3.54     3.68  3.55  3.76  3.52  3.90
  0   70     3.30  3.58  3.50  3.45  3.13  2.73  2.90  3.46  3.48  3.95  3.59  3.48     3.38  3.45  3.36  3.03  3.67
  0   80     3.14  3.33  3.14  2.95  2.58  2.25  2.39  2.88  3.06  3.63  3.40  3.34     3.01  3.27  2.89  2.51  3.36
  0   90     2.91  3.01  2.73  2.41  2.02  1.79  1.88  2.28  2.58  3.23  3.12  3.11     2.59  3.01  2.39  1.98  2.98
 15   10     2.55  3.22  3.85  4.72  5.05  4.58  4.85  5.18  4.23  3.77  2.88  2.53     3.95  2.77  4.54  4.87  3.63
 15   20     2.84  3.48  4.00  4.75  4.96  4.46  4.73  5.14  4.33  4.03  3.20  2.87     4.07  3.06  4.57  4.78  3.85
 15   30     3.07  3.66  4.07  4.68  4.76  4.25  4.52  5.01  4.34  4.20  3.43  3.13     4.09  3.29  4.50  4.59  3.99
 15   40     3.22  3.76  4.04  4.52  4.48  3.97  4.23  4.77  4.25  4.27  3.59  3.33     4.03  3.43  4.34  4.32  4.04
 15   50     3.29  3.76  3.92  4.25  4.11  3.61  3.85  4.42  4.07  4.24  3.65  3.44     3.88  3.50  4.09  3.96  3.99
 15   60     3.29  3.68  3.72  3.90  3.67  3.21  3.43  4.00  3.81  4.11  3.63  3.46     3.66  3.47  3.76  3.55  3.85
 15   70     3.20  3.51  3.44  3.48  3.17  2.77  2.95  3.50  3.46  3.88  3.52  3.39     3.36  3.37  3.37  3.07  3.62
 15   80     3.04  3.26  3.09  3.00  2.65  2.32  2.46  2.95  3.05  3.56  3.32  3.25     3.00  3.18  2.91  2.58  3.31
 15   90     2.80  2.94  2.68  2.48  2.12  1.87  1.97  2.38  2.59  3.17  3.04  3.02     2.59  2.92  2.43  2.07  2.93
 30   10     2.51  3.19  3.82  4.70  5.04  4.58  4.85  5.16  4.21  3.73  2.84  2.48     3.93  2.73  4.52  4.86  3.59
 30   20     2.76  3.41  3.95  4.73  4.95  4.46  4.73  5.13  4.29  3.96  3.12  2.78     4.02  2.98  4.54  4.77  3.79
 30   30     2.94  3.56  3.99  4.66  4.77  4.26  4.54  5.00  4.28  4.11  3.31  3.00     4.04  3.17  4.47  4.60  3.90
 30   40     3.06  3.63  3.95  4.49  4.50  3.99  4.26  4.77  4.18  4.16  3.43  3.16     3.96  3.28  4.31  4.34  3.92
 30   50     3.10  3.61  3.82  4.25  4.16  3.67  3.92  4.45  4.00  4.11  3.47  3.23     3.82  3.31  4.08  4.01  3.86
 30   60     3.07  3.51  3.62  3.92  3.74  3.29  3.51  4.05  3.74  3.96  3.42  3.23     3.59  3.27  3.76  3.62  3.71
 30   70     2.96  3.33  3.34  3.53  3.30  2.88  3.07  3.60  3.41  3.74  3.29  3.15     3.30  3.15  3.39  3.18  3.48
 30   80     2.79  3.08  3.00  3.08  2.81  2.46  2.62  3.10  3.03  3.42  3.08  2.99     2.96  2.95  2.97  2.73  3.18
 30   90     2.56  2.76  2.61  2.62  2.33  2.05  2.17  2.58  2.59  3.04  2.81  2.76     2.57  2.69  2.52  2.27  2.81
 45   10     2.44  3.13  3.77  4.68  5.04  4.58  4.85  5.14  4.17  3.67  2.78  2.41     3.89  2.66  4.50  4.86  3.54
 45   20     2.63  3.30  3.86  4.69  4.95  4.46  4.74  5.11  4.22  3.85  2.98  2.64     3.95  2.86  4.50  4.77  3.69
 45   30     2.77  3.41  3.88  4.61  4.77  4.28  4.54  4.97  4.19  3.95  3.13  2.81     3.94  3.00  4.42  4.59  3.75
 45   40     2.84  3.44  3.81  4.46  4.52  4.03  4.29  4.76  4.08  3.98  3.21  2.92     3.86  3.06  4.26  4.36  3.75
 45   50     2.84  3.39  3.67  4.21  4.19  3.71  3.96  4.45  3.89  3.91  3.21  2.95     3.70  3.06  4.02  4.04  3.67
 45   60     2.78  3.28  3.47  3.91  3.83  3.37  3.59  4.09  3.64  3.75  3.13  2.91     3.48  2.99  3.74  3.69  3.51
 45   70     2.67  3.09  3.20  3.54  3.41  2.99  3.19  3.67  3.33  3.53  2.98  2.81     3.20  2.86  3.38  3.29  3.28
 45   80     2.49  2.84  2.88  3.14  2.97  2.60  2.77  3.22  2.97  3.23  2.78  2.65     2.88  2.66  3.00  2.87  3.00
 45   90     2.26  2.55  2.53  2.72  2.54  2.22  2.36  2.77  2.58  2.88  2.52  2.42     2.53  2.41  2.60  2.45  2.66
 60   10     2.36  3.05  3.71  4.64  5.03  4.58  4.84  5.12  4.12  3.59  2.69  2.32     3.84  2.58  4.46  4.84  3.47
 60   20     2.48  3.16  3.75  4.63  4.93  4.46  4.73  5.06  4.13  3.70  2.83  2.48     3.86  2.71  4.44  4.75  3.55
 60   30     2.55  3.21  3.73  4.54  4.76  4.28  4.54  4.92  4.07  3.76  2.90  2.57     3.82  2.78  4.34  4.58  3.58
 60   40     2.57  3.20  3.64  4.37  4.52  4.04  4.29  4.70  3.94  3.73  2.92  2.62     3.71  2.80  4.17  4.35  3.53
 60   50     2.54  3.12  3.49  4.14  4.22  3.76  4.00  4.43  3.75  3.64  2.89  2.62     3.55  2.76  3.95  4.06  3.43
 60   60     2.45  2.99  3.27  3.85  3.86  3.43  3.65  4.08  3.50  3.48  2.79  2.55     3.33  2.66  3.66  3.72  3.26
 60   70     2.33  2.81  3.02  3.52  3.49  3.08  3.28  3.71  3.21  3.26  2.63  2.43     3.06  2.52  3.35  3.35  3.03
 60   80     2.15  2.57  2.73  3.15  3.09  2.72  2.90  3.30  2.87  3.00  2.44  2.27     2.77  2.33  2.99  2.97  2.77
 60   90     1.94  2.31  2.42  2.77  2.68  2.36  2.51  2.87  2.53  2.67  2.20  2.06     2.44  2.11  2.62  2.58  2.47
 75   10     2.27  2.97  3.65  4.60  5.01  4.57  4.83  5.08  4.06  3.50  2.59  2.22     3.78  2.49  4.42  4.83  3.38
 75   20     2.31  3.00  3.63  4.55  4.91  4.46  4.72  5.00  4.02  3.54  2.64  2.28     3.75  2.53  4.36  4.73  3.40
 75   30     2.32  2.98  3.55  4.44  4.73  4.28  4.53  4.85  3.92  3.52  2.64  2.31     3.67  2.54  4.24  4.55  3.36
 75   40     2.27  2.92  3.43  4.26  4.48  4.04  4.28  4.63  3.77  3.45  2.61  2.29     3.54  2.50  4.06  4.32  3.28
 75   50     2.21  2.82  3.26  4.02  4.20  3.77  4.00  4.34  3.56  3.33  2.52  2.25     3.36  2.43  3.83  4.04  3.14
 75   60     2.11  2.67  3.05  3.75  3.87  3.46  3.67  4.03  3.32  3.17  2.42  2.16     3.14  2.31  3.56  3.72  2.97
 75   70     1.97  2.49  2.81  3.43  3.50  3.12  3.32  3.67  3.03  2.95  2.26  2.03     2.88  2.17  3.24  3.37  2.75
 75   80     1.82  2.28  2.54  3.10  3.14  2.78  2.95  3.29  2.74  2.71  2.08  1.89     2.61  2.00  2.92  3.01  2.51
 75   90     1.62  2.05  2.25  2.75  2.76  2.45  2.60  2.91  2.42  2.43  1.88  1.71     2.32  1.79  2.59  2.65  2.24
 90   10     2.18  2.87  3.57  4.56  5.00  4.57  4.82  5.05  4.00  3.40  2.48  2.12     3.72  2.39  4.38  4.81  3.29
 90   20     2.13  2.82  3.49  4.46  4.87  4.45  4.70  4.93  3.90  3.35  2.44  2.08     3.63  2.34  4.27  4.69  3.23
 90   30     2.06  2.74  3.36  4.31  4.68  4.26  4.50  4.75  3.75  3.25  2.37  2.03     3.50  2.27  4.12  4.50  3.13
 90   40     1.98  2.63  3.19  4.11  4.42  4.02  4.25  4.50  3.56  3.13  2.27  1.96     3.34  2.19  3.91  4.26  2.99
 90   50     1.87  2.48  3.01  3.86  4.13  3.75  3.96  4.21  3.34  2.98  2.17  1.87     3.14  2.07  3.66  3.97  2.83
 90   60     1.76  2.34  2.79  3.58  3.81  3.45  3.64  3.90  3.09  2.79  2.03  1.77     2.91  1.96  3.39  3.66  2.64
 90   70     1.62  2.15  2.55  3.28  3.47  3.13  3.30  3.56  2.83  2.60  1.89  1.65     2.67  1.80  3.10  3.33  2.44
 90   80     1.49  1.97  2.31  2.96  3.10  2.79  2.95  3.20  2.54  2.37  1.72  1.51     2.41  1.66  2.79  2.98  2.21
 90   90     1.33  1.76  2.05  2.64  2.75  2.47  2.61  2.84  2.27  2.15  1.56  1.37     2.15  1.49  2.48  2.64  1.99
105   10     2.08  2.78  3.50  4.51  4.98  4.57  4.82  5.01  3.94  3.30  2.38  2.01     3.65  2.29  4.33  4.80  3.20
105   20     1.95  2.64  3.35  4.36  4.83  4.43  4.67  4.85  3.77  3.15  2.23  1.88     3.51  2.15  4.18  4.65  3.05
105   30     1.81  2.48  3.16  4.16  4.61  4.24  4.46  4.62  3.57  2.98  2.09  1.75     3.33  2.01  3.97  4.44  2.88
105   40     1.68  2.32  2.94  3.92  4.33  3.99  4.19  4.35  3.34  2.79  1.95  1.62     3.12  1.87  3.73  4.17  2.69
105   50     1.55  2.15  2.72  3.65  4.02  3.70  3.88  4.03  3.09  2.60  1.80  1.51     2.89  1.74  3.46  3.87  2.50
105   60     1.43  1.98  2.50  3.35  3.69  3.39  3.56  3.70  2.83  2.42  1.66  1.40     2.66  1.60  3.18  3.55  2.30
105   70     1.30  1.82  2.27  3.06  3.35  3.07  3.22  3.37  2.56  2.22  1.52  1.29     2.42  1.47  2.89  3.22  2.10
105   80     1.19  1.65  2.04  2.77  3.00  2.74  2.88  3.03  2.31  2.03  1.38  1.17     2.18  1.34  2.60  2.89  1.91
105   90     1.07  1.49  1.83  2.47  2.66  2.42  2.54  2.69  2.05  1.83  1.25  1.07     1.95  1.21  2.32  2.55  1.71
120   10     1.99  2.69  3.43  4.46  4.96  4.56  4.81  4.97  3.88  3.20  2.28  1.91     3.59  2.19  4.28  4.78  3.12
120   20     1.77  2.46  3.21  4.26  4.78  4.42  4.64  4.77  3.65  2.95  2.04  1.68     3.39  1.97  4.08  4.61  2.88
120   30     1.58  2.23  2.95  4.00  4.53  4.21  4.41  4.49  3.38  2.70  1.82  1.49     3.15  1.76  3.83  4.37  2.63
120   40     1.40  2.01  2.69  3.71  4.22  3.94  4.11  4.16  3.10  2.45  1.62  1.32     2.89  1.58  3.54  4.07  2.39
120   50     1.26  1.81  2.43  3.39  3.87  3.62  3.77  3.80  2.81  2.22  1.45  1.19     2.64  1.42  3.23  3.73  2.16
120   60     1.14  1.65  2.19  3.08  3.51  3.29  3.42  3.44  2.54  2.02  1.32  1.07     2.39  1.28  2.93  3.39  1.96
120   70     1.03  1.50  1.97  2.78  3.16  2.96  3.08  3.10  2.28  1.84  1.20  0.98     2.16  1.17  2.64  3.04  1.77
120   80     0.94  1.35  1.78  2.50  2.83  2.64  2.74  2.78  2.04  1.67  1.09  0.90     1.94  1.06  2.37  2.72  1.60
120   90     0.85  1.23  1.59  2.24  2.51  2.33  2.42  2.48  1.82  1.51  0.99  0.82     1.73  0.97  2.11  2.41  1.44
135   10     1.91  2.61  3.37  4.42  4.94  4.56  4.80  4.94  3.82  3.11  2.19  1.81     3.54  2.11  4.24  4.77  3.04
135   20     1.62  2.30  3.08  4.17  4.74  4.41  4.63  4.69  3.54  2.77  1.87  1.51     3.28  1.81  4.00  4.58  2.73
135   30     1.36  2.00  2.76  3.85  4.46  4.18  4.36  4.36  3.21  2.43  1.57  1.24     2.98  1.53  3.69  4.30  2.40
135   40     1.15  1.73  2.44  3.48  4.10  3.88  4.03  3.96  2.86  2.11  1.33  1.04     2.68  1.31  3.34  3.96  2.10
135   50     1.01  1.51  2.14  3.12  3.70  3.53  3.65  3.54  2.52  1.84  1.15  0.91     2.38  1.14  2.98  3.57  1.84
135   60     0.91  1.34  1.89  2.77  3.29  3.16  3.25  3.14  2.23  1.64  1.03  0.82     2.12  1.03  2.65  3.18  1.63
135   70     0.83  1.22  1.69  2.47  2.92  2.80  2.88  2.78  1.97  1.48  0.94  0.76     1.90  0.94  2.36  2.82  1.46
135   80     0.77  1.11  1.51  2.21  2.58  2.48  2.54  2.47  1.77  1.35  0.86  0.71     1.70  0.86  2.10  2.50  1.33
135   90     0.71  1.02  1.36  1.97  2.29  2.18  2.24  2.19  1.59  1.23  0.81  0.66     1.52  0.80  1.87  2.21  1.21
150   10     1.85  2.54  3.32  4.38  4.93  4.56  4.80  4.92  3.78  3.04  2.12  1.74     3.50  2.04  4.21  4.76  2.98
150   20     1.49  2.16  2.98  4.09  4.72  4.41  4.62  4.63  3.45  2.62  1.72  1.36     3.19  1.67  3.93  4.55  2.60
150   30     1.17  1.79  2.59  3.72  4.41  4.17  4.34  4.25  3.06  2.19  1.36  1.03     2.84  1.33  3.57  4.25  2.20
150   40     0.94  1.46  2.20  3.29  4.00  3.85  3.98  3.80  2.65  1.79  1.07  0.82     2.49  1.07  3.17  3.88  1.84
150   50     0.83  1.23  1.86  2.84  3.54  3.46  3.54  3.30  2.25  1.49  0.91  0.73     2.17  0.93  2.75  3.43  1.55
150   60     0.78  1.09  1.60  2.44  3.06  3.03  3.07  2.82  1.92  1.29  0.84  0.70     1.89  0.86  2.37  2.97  1.35
150   70     0.74  1.01  1.42  2.12  2.63  2.61  2.64  2.42  1.68  1.17  0.79  0.67     1.66  0.81  2.06  2.56  1.22
150   80     0.70  0.95  1.29  1.88  2.29  2.27  2.29  2.12  1.51  1.09  0.75  0.64     1.48  0.76  1.82  2.23  1.12
150   90     0.67  0.89  1.18  1.69  2.02  1.99  2.02  1.89  1.37  1.02  0.71  0.60     1.34  0.72  1.63  1.97  1.03
165   10     1.81  2.50  3.29  4.36  4.93  4.56  4.80  4.90  3.76  2.99  2.07  1.70     3.47  2.00  4.19  4.75  2.94
165   20     1.41  2.07  2.91  4.04  4.71  4.41  4.62  4.60  3.40  2.52  1.62  1.26     3.13  1.58  3.89  4.54  2.51
165   30     1.03  1.63  2.48  3.64  4.39  4.17  4.34  4.20  2.97  2.01  1.18  0.88     2.75  1.18  3.50  4.24  2.06
165   40     0.83  1.24  2.03  3.17  3.98  3.85  3.98  3.72  2.50  1.52  0.87  0.74     2.37  0.94  3.06  3.85  1.63
165   50     0.81  1.02  1.61  2.64  3.50  3.46  3.54  3.16  2.01  1.17  0.83  0.72     2.04  0.85  2.58  3.39  1.34
165   60     0.78  0.98  1.35  2.12  2.95  3.01  3.04  2.54  1.63  1.04  0.80  0.69     1.74  0.82  2.14  2.87  1.16
165   70     0.74  0.94  1.23  1.78  2.36  2.52  2.49  2.04  1.42  1.00  0.77  0.67     1.50  0.78  1.79  2.35  1.06
165   80     0.70  0.89  1.15  1.59  2.00  2.07  2.06  1.78  1.31  0.95  0.74  0.64     1.32  0.74  1.58  1.97  1.00
165   90     0.67  0.85  1.09  1.46  1.78  1.82  1.80  1.61  1.22  0.91  0.70  0.60     1.21  0.70  1.44  1.74  0.95
180   10     1.79  2.48  3.29  4.35  4.93  4.56  4.80  4.89  3.75  2.97  2.06  1.68     3.46  1.99  4.19  4.75  2.93
180   20     1.37  2.04  2.89  4.02  4.71  4.41  4.63  4.59  3.38  2.47  1.59  1.22     3.11  1.54  3.88  4.54  2.48
180   30     0.98  1.57  2.44  3.61  4.39  4.18  4.35  4.18  2.95  1.94  1.12  0.83     2.71  1.12  3.48  4.24  2.00
180   40     0.83  1.13  1.96  3.12  3.98  3.86  3.99  3.69  2.46  1.39  0.85  0.74     2.33  0.90  3.02  3.85  1.57
180   50     0.81  1.02  1.44  2.59  3.50  3.47  3.56  3.12  1.93  1.05  0.83  0.72     2.00  0.85  2.51  3.38  1.27
180   60     0.78  0.98  1.24  2.01  2.95  3.02  3.06  2.50  1.39  1.02  0.80  0.69     1.70  0.82  2.06  2.86  1.07
180   70     0.74  0.94  1.18  1.55  2.36  2.52  2.51  1.85  1.30  0.98  0.77  0.67     1.45  0.78  1.70  2.29  1.02
180   80     0.70  0.89  1.13  1.43  1.88  2.01  1.97  1.58  1.23  0.94  0.74  0.64     1.26  0.74  1.48  1.86  0.97
180   90     0.67  0.85  1.07  1.34  1.69  1.75  1.74  1.47  1.17  0.91  0.70  0.60     1.16  0.70  1.36  1.65  0.93
             55.6  46.6  33.1  18.0   5.3   0.8   2.3  12.3  26.2  42.9  53.3  58.7     28.8  53.5  18.3   5.6  40.6
             3.39  3.82  4.11  4.75  5.06  4.62  4.88  5.18  4.37  4.33  3.72  3.54     4.31  3.57  4.58  4.88  4.08
             3.09  3.68  4.10  4.69  4.79  4.27  4.54  5.03  4.37  4.23  3.45  3.15     4.12  3.31  4.53  4.61  4.01
             1.10  1.04  1.00  1.01  1.06  1.08  1.07  1.03  1.00  1.02  1.08  1.12     1.05  1.09  1.02  1.06  1.03
             1.39  1.27  1.13  1.02  0.95  0.92  0.93  0.98  1.08  1.24  1.37  1.48     1.15  1.38  1.03  0.95  1.23
temperature   4.7   5.4   8.6  13.8  18.4  22.2  26.0  27.1  23.5  17.7  12.1   7.0     15.5   5.7  13.6  25.1  17.8
diffusedrad  1.13  1.42  1.80  2.17  2.44  2.54  2.49  2.26  1.97  1.51  1.18  1.01     1.83  1.19  2.14  2.43  1.56
snow10cm     0.00  0.00  0.00  0.00  0.00  0.00  0.00  0.00  0.00  0.00  0.00  0.00     0.00  0.00  0.00  0.00  0.00
