2 82046   宗像            33 48.5  130 32.3    7
             1.87  2.66  3.42  4.42  4.89  4.45  4.83  4.92  3.92  3.44  2.33  1.87     3.59  2.13  4.24  4.73  3.23
             2.22  3.15  4.16  5.32  5.93  5.13  6.80  5.87  4.51  4.00  2.94  2.35     3.93  2.49  4.97  5.77  3.55
             1.49  1.98  2.58  3.77  4.12  3.57  3.57  3.74  3.36  2.85  1.76  1.36     3.34  1.74  3.74  4.06  2.95
  0   10     2.08  2.92  3.59  4.53  4.89  4.40  4.79  4.98  4.09  3.78  2.62  2.15     3.73  2.38  4.34  4.72  3.50
  0   20     2.25  3.12  3.71  4.55  4.80  4.29  4.67  4.94  4.18  4.03  2.87  2.38     3.82  2.59  4.36  4.63  3.69
  0   30     2.39  3.25  3.76  4.48  4.61  4.09  4.46  4.80  4.18  4.19  3.06  2.56     3.82  2.73  4.29  4.45  3.81
  0   40     2.47  3.31  3.73  4.31  4.34  3.82  4.17  4.57  4.09  4.26  3.17  2.69     3.74  2.82  4.13  4.19  3.84
  0   50     2.50  3.30  3.62  4.06  3.98  3.49  3.81  4.24  3.91  4.22  3.22  2.75     3.59  2.85  3.88  3.85  3.78
  0   60     2.47  3.21  3.43  3.72  3.54  3.11  3.38  3.83  3.65  4.09  3.18  2.75     3.36  2.81  3.56  3.44  3.64
  0   70     2.39  3.06  3.17  3.31  3.06  2.68  2.90  3.34  3.32  3.86  3.08  2.68     3.07  2.71  3.18  2.97  3.42
  0   80     2.25  2.84  2.85  2.84  2.54  2.24  2.40  2.81  2.92  3.55  2.90  2.55     2.72  2.55  2.75  2.48  3.12
  0   90     2.07  2.56  2.48  2.34  2.01  1.80  1.90  2.25  2.48  3.15  2.65  2.37     2.34  2.33  2.27  1.98  2.76
 15   10     2.06  2.91  3.58  4.53  4.89  4.40  4.79  4.97  4.08  3.77  2.61  2.14     3.73  2.37  4.33  4.72  3.48
 15   20     2.23  3.10  3.70  4.55  4.80  4.29  4.67  4.94  4.16  4.01  2.85  2.36     3.80  2.56  4.35  4.63  3.67
 15   30     2.36  3.22  3.74  4.48  4.62  4.10  4.47  4.81  4.16  4.15  3.03  2.53     3.80  2.70  4.28  4.46  3.78
 15   40     2.43  3.27  3.70  4.32  4.35  3.83  4.18  4.58  4.06  4.21  3.13  2.65     3.73  2.78  4.12  4.20  3.80
 15   50     2.45  3.25  3.59  4.06  3.99  3.50  3.82  4.25  3.89  4.16  3.17  2.70     3.57  2.80  3.88  3.86  3.74
 15   60     2.42  3.16  3.39  3.73  3.57  3.13  3.41  3.85  3.63  4.02  3.13  2.69     3.34  2.75  3.56  3.46  3.59
 15   70     2.33  3.00  3.13  3.34  3.10  2.72  2.94  3.38  3.30  3.79  3.01  2.62     3.06  2.65  3.19  3.01  3.37
 15   80     2.19  2.78  2.81  2.88  2.61  2.29  2.46  2.87  2.91  3.47  2.83  2.48     2.72  2.49  2.77  2.54  3.07
 15   90     2.01  2.50  2.44  2.40  2.10  1.87  1.98  2.33  2.48  3.08  2.59  2.30     2.34  2.27  2.31  2.06  2.72
 30   10     2.04  2.88  3.56  4.52  4.89  4.40  4.79  4.96  4.05  3.73  2.58  2.11     3.71  2.34  4.32  4.72  3.45
 30   20     2.18  3.04  3.65  4.53  4.80  4.29  4.67  4.93  4.12  3.94  2.79  2.30     3.77  2.51  4.33  4.63  3.61
 30   30     2.28  3.14  3.67  4.46  4.63  4.11  4.48  4.80  4.10  4.06  2.93  2.44     3.76  2.62  4.25  4.46  3.70
 30   40     2.33  3.17  3.62  4.29  4.36  3.85  4.21  4.57  4.00  4.09  3.01  2.53     3.67  2.68  4.09  4.21  3.70
 30   50     2.34  3.13  3.50  4.06  4.04  3.55  3.87  4.27  3.82  4.03  3.02  2.56     3.52  2.68  3.86  3.90  3.62
 30   60     2.29  3.03  3.30  3.74  3.64  3.19  3.48  3.89  3.57  3.88  2.96  2.53     3.29  2.62  3.56  3.52  3.47
 30   70     2.19  2.86  3.04  3.37  3.21  2.81  3.05  3.46  3.25  3.65  2.83  2.45     3.01  2.50  3.21  3.10  3.24
 30   80     2.05  2.63  2.74  2.94  2.75  2.41  2.61  2.98  2.88  3.34  2.65  2.31     2.69  2.33  2.81  2.67  2.96
 30   90     1.87  2.36  2.38  2.50  2.29  2.02  2.17  2.50  2.47  2.95  2.40  2.12     2.34  2.11  2.39  2.23  2.61
 45   10     2.00  2.83  3.52  4.49  4.88  4.40  4.78  4.94  4.02  3.67  2.52  2.06     3.68  2.30  4.30  4.71  3.40
 45   20     2.11  2.96  3.58  4.50  4.79  4.29  4.67  4.90  4.06  3.83  2.68  2.21     3.71  2.42  4.29  4.62  3.52
 45   30     2.17  3.02  3.58  4.41  4.62  4.11  4.48  4.77  4.01  3.91  2.78  2.31     3.68  2.50  4.20  4.45  3.57
 45   40     2.20  3.02  3.51  4.25  4.38  3.88  4.23  4.56  3.90  3.92  2.83  2.36     3.59  2.52  4.05  4.22  3.55
 45   50     2.17  2.96  3.37  4.01  4.06  3.59  3.91  4.26  3.71  3.84  2.81  2.36     3.42  2.50  3.81  3.92  3.45
 45   60     2.11  2.84  3.17  3.72  3.71  3.25  3.55  3.92  3.47  3.67  2.72  2.31     3.20  2.42  3.54  3.57  3.29
 45   70     2.00  2.67  2.92  3.37  3.31  2.90  3.16  3.52  3.17  3.44  2.59  2.21     2.94  2.29  3.20  3.19  3.07
 45   80     1.86  2.44  2.63  2.99  2.88  2.53  2.75  3.08  2.83  3.15  2.40  2.07     2.63  2.12  2.83  2.79  2.79
 45   90     1.67  2.19  2.31  2.59  2.47  2.17  2.34  2.65  2.46  2.80  2.16  1.88     2.31  1.91  2.45  2.39  2.47
 60   10     1.95  2.77  3.47  4.46  4.87  4.40  4.78  4.92  3.97  3.60  2.46  2.00     3.64  2.24  4.27  4.70  3.34
 60   20     2.01  2.85  3.49  4.44  4.78  4.29  4.67  4.86  3.97  3.69  2.56  2.09     3.64  2.32  4.24  4.61  3.41
 60   30     2.04  2.86  3.45  4.34  4.61  4.12  4.48  4.72  3.91  3.73  2.60  2.14     3.58  2.35  4.13  4.44  3.41
 60   40     2.03  2.83  3.36  4.17  4.37  3.89  4.23  4.50  3.77  3.69  2.60  2.15     3.47  2.34  3.97  4.21  3.35
 60   50     1.98  2.74  3.21  3.95  4.08  3.62  3.94  4.24  3.59  3.59  2.55  2.12     3.30  2.28  3.75  3.93  3.24
 60   60     1.90  2.61  3.01  3.66  3.74  3.30  3.60  3.90  3.33  3.42  2.45  2.05     3.08  2.19  3.47  3.60  3.07
 60   70     1.78  2.44  2.77  3.34  3.37  2.97  3.23  3.53  3.06  3.19  2.30  1.94     2.83  2.05  3.16  3.24  2.85
 60   80     1.64  2.22  2.50  2.99  2.99  2.63  2.86  3.15  2.74  2.92  2.13  1.80     2.54  1.89  2.82  2.88  2.59
 60   90     1.47  1.99  2.21  2.62  2.59  2.28  2.48  2.74  2.41  2.60  1.91  1.63     2.24  1.70  2.47  2.50  2.31
 75   10     1.90  2.71  3.41  4.43  4.86  4.40  4.77  4.89  3.92  3.52  2.38  1.93     3.59  2.18  4.23  4.68  3.27
 75   20     1.91  2.72  3.39  4.37  4.75  4.29  4.65  4.80  3.87  3.54  2.41  1.96     3.55  2.19  4.17  4.58  3.27
 75   30     1.89  2.69  3.31  4.25  4.58  4.12  4.47  4.65  3.77  3.50  2.39  1.96     3.46  2.18  4.04  4.41  3.22
 75   40     1.84  2.61  3.18  4.07  4.34  3.89  4.22  4.43  3.62  3.43  2.35  1.92     3.33  2.13  3.86  4.18  3.13
 75   50     1.77  2.51  3.02  3.83  4.06  3.62  3.94  4.15  3.41  3.29  2.26  1.87     3.14  2.05  3.64  3.90  2.99
 75   60     1.67  2.36  2.81  3.57  3.74  3.33  3.62  3.85  3.18  3.12  2.15  1.78     2.93  1.94  3.37  3.60  2.82
 75   70     1.56  2.19  2.59  3.26  3.38  3.00  3.27  3.50  2.90  2.89  2.00  1.66     2.68  1.80  3.08  3.26  2.60
 75   80     1.42  1.99  2.33  2.93  3.02  2.67  2.90  3.13  2.62  2.65  1.84  1.53     2.42  1.65  2.76  2.90  2.37
 75   90     1.27  1.78  2.07  2.60  2.66  2.35  2.56  2.77  2.31  2.37  1.65  1.38     2.15  1.48  2.44  2.56  2.11
 90   10     1.83  2.64  3.35  4.38  4.84  4.39  4.76  4.86  3.87  3.42  2.29  1.85     3.54  2.11  4.19  4.67  3.19
 90   20     1.79  2.58  3.27  4.28  4.72  4.28  4.63  4.74  3.77  3.36  2.25  1.82     3.46  2.06  4.09  4.55  3.13
 90   30     1.73  2.49  3.15  4.13  4.53  4.10  4.44  4.56  3.62  3.26  2.18  1.76     3.33  1.99  3.94  4.37  3.02
 90   40     1.65  2.38  2.98  3.93  4.28  3.87  4.19  4.32  3.44  3.13  2.08  1.69     3.16  1.91  3.73  4.13  2.88
 90   50     1.56  2.24  2.80  3.69  3.99  3.60  3.90  4.04  3.22  2.97  1.97  1.60     2.96  1.80  3.49  3.85  2.72
 90   60     1.45  2.10  2.60  3.41  3.68  3.31  3.59  3.72  2.97  2.77  1.84  1.50     2.75  1.69  3.23  3.54  2.53
 90   70     1.33  1.93  2.37  3.12  3.35  3.00  3.25  3.40  2.71  2.57  1.71  1.39     2.51  1.55  2.95  3.22  2.33
 90   80     1.22  1.75  2.14  2.81  2.99  2.68  2.90  3.05  2.44  2.33  1.55  1.27     2.26  1.41  2.65  2.88  2.10
 90   90     1.08  1.56  1.90  2.50  2.65  2.37  2.56  2.70  2.17  2.11  1.39  1.14     2.01  1.26  2.35  2.54  1.89
105   10     1.77  2.56  3.29  4.34  4.82  4.39  4.75  4.82  3.81  3.32  2.21  1.78     3.49  2.04  4.15  4.65  3.12
105   20     1.68  2.44  3.15  4.19  4.68  4.27  4.61  4.67  3.65  3.18  2.09  1.68     3.36  1.93  4.01  4.51  2.97
105   30     1.58  2.29  2.98  4.00  4.46  4.08  4.40  4.45  3.45  3.00  1.95  1.57     3.18  1.81  3.81  4.31  2.80
105   40     1.46  2.14  2.78  3.76  4.20  3.84  4.13  4.18  3.23  2.81  1.82  1.46     2.98  1.69  3.58  4.05  2.62
105   50     1.35  1.99  2.56  3.50  3.89  3.56  3.83  3.88  2.99  2.61  1.69  1.35     2.77  1.57  3.32  3.75  2.43
105   60     1.25  1.83  2.36  3.21  3.57  3.26  3.51  3.55  2.74  2.42  1.54  1.25     2.54  1.44  3.05  3.44  2.23
105   70     1.13  1.67  2.14  2.92  3.24  2.95  3.17  3.22  2.48  2.21  1.42  1.14     2.31  1.31  2.77  3.12  2.04
105   80     1.03  1.51  1.92  2.64  2.90  2.64  2.84  2.90  2.23  2.01  1.28  1.04     2.08  1.19  2.49  2.79  1.84
105   90     0.92  1.36  1.72  2.35  2.56  2.33  2.51  2.58  1.98  1.81  1.16  0.94     1.85  1.07  2.21  2.47  1.65
120   10     1.72  2.49  3.23  4.29  4.81  4.38  4.74  4.79  3.75  3.23  2.13  1.71     3.44  1.97  4.11  4.64  3.04
120   20     1.57  2.30  3.03  4.11  4.64  4.25  4.59  4.60  3.54  3.00  1.93  1.54     3.26  1.80  3.93  4.48  2.82
120   30     1.42  2.11  2.81  3.86  4.39  4.05  4.35  4.33  3.29  2.74  1.74  1.38     3.04  1.64  3.69  4.25  2.59
120   40     1.29  1.91  2.57  3.58  4.09  3.79  4.06  4.01  3.02  2.49  1.56  1.25     2.80  1.48  3.41  3.96  2.36
120   50     1.17  1.73  2.33  3.28  3.76  3.49  3.73  3.67  2.75  2.26  1.41  1.13     2.56  1.35  3.12  3.63  2.14
120   60     1.07  1.57  2.10  2.98  3.41  3.17  3.38  3.33  2.48  2.05  1.28  1.03     2.32  1.22  2.83  3.30  1.94
120   70     0.97  1.43  1.89  2.68  3.07  2.86  3.04  2.99  2.23  1.86  1.16  0.94     2.09  1.11  2.55  2.96  1.75
120   80     0.88  1.29  1.70  2.40  2.74  2.54  2.71  2.67  1.99  1.69  1.05  0.85     1.88  1.01  2.28  2.64  1.58
120   90     0.80  1.17  1.52  2.15  2.43  2.25  2.40  2.38  1.78  1.52  0.96  0.78     1.68  0.91  2.03  2.34  1.42
135   10     1.67  2.43  3.18  4.26  4.79  4.38  4.74  4.76  3.71  3.15  2.06  1.65     3.40  1.92  4.08  4.63  2.97
135   20     1.47  2.18  2.93  4.03  4.60  4.25  4.57  4.53  3.45  2.83  1.80  1.42     3.17  1.69  3.85  4.45  2.69
135   30     1.29  1.93  2.65  3.73  4.33  4.03  4.31  4.21  3.14  2.50  1.55  1.22     2.91  1.48  3.57  4.18  2.39
135   40     1.14  1.69  2.36  3.38  3.99  3.74  3.99  3.84  2.81  2.18  1.34  1.06     2.63  1.30  3.24  3.86  2.11
135   50     1.02  1.50  2.09  3.04  3.61  3.41  3.62  3.44  2.49  1.91  1.18  0.95     2.35  1.16  2.91  3.49  1.86
135   60     0.93  1.35  1.86  2.70  3.22  3.06  3.23  3.06  2.20  1.70  1.06  0.86     2.10  1.05  2.59  3.12  1.65
135   70     0.85  1.22  1.66  2.41  2.85  2.72  2.86  2.71  1.96  1.53  0.97  0.79     1.88  0.95  2.31  2.77  1.49
135   80     0.79  1.11  1.49  2.15  2.52  2.40  2.52  2.41  1.75  1.40  0.88  0.74     1.68  0.88  2.05  2.44  1.34
135   90     0.72  1.01  1.34  1.92  2.23  2.12  2.22  2.13  1.57  1.27  0.82  0.68     1.50  0.80  1.83  2.16  1.22
150   10     1.63  2.38  3.14  4.23  4.79  4.38  4.74  4.74  3.67  3.09  2.01  1.60     3.37  1.87  4.05  4.62  2.92
150   20     1.40  2.08  2.85  3.96  4.58  4.24  4.56  4.48  3.37  2.69  1.68  1.32     3.10  1.60  3.79  4.43  2.58
150   30     1.18  1.77  2.51  3.62  4.29  4.02  4.29  4.13  3.01  2.28  1.38  1.08     2.80  1.34  3.47  4.15  2.22
150   40     1.01  1.50  2.17  3.22  3.91  3.72  3.94  3.70  2.63  1.89  1.13  0.91     2.48  1.14  3.10  3.79  1.88
150   50     0.92  1.29  1.86  2.80  3.46  3.36  3.52  3.23  2.25  1.59  0.99  0.83     2.17  1.01  2.71  3.37  1.61
150   60     0.86  1.16  1.62  2.41  3.00  2.95  3.07  2.78  1.94  1.39  0.91  0.78     1.91  0.93  2.35  2.93  1.41
150   70     0.81  1.07  1.45  2.10  2.59  2.56  2.64  2.40  1.70  1.26  0.85  0.74     1.68  0.87  2.05  2.53  1.27
150   80     0.75  1.00  1.31  1.87  2.26  2.23  2.29  2.10  1.53  1.17  0.80  0.69     1.50  0.81  1.81  2.21  1.17
150   90     0.70  0.92  1.20  1.68  2.00  1.96  2.02  1.87  1.39  1.08  0.75  0.65     1.35  0.76  1.63  1.95  1.07
165   10     1.61  2.35  3.12  4.21  4.78  4.38  4.74  4.73  3.65  3.04  1.97  1.57     3.35  1.84  4.04  4.62  2.89
165   20     1.35  2.01  2.80  3.92  4.58  4.24  4.56  4.45  3.32  2.60  1.61  1.25     3.06  1.54  3.76  4.42  2.51
165   30     1.09  1.66  2.43  3.55  4.27  4.02  4.30  4.08  2.94  2.12  1.25  0.97     2.72  1.24  3.42  4.13  2.10
165   40     0.94  1.33  2.03  3.11  3.89  3.72  3.94  3.63  2.50  1.65  0.98  0.85     2.38  1.04  3.01  3.77  1.71
165   50     0.90  1.14  1.66  2.62  3.43  3.36  3.52  3.12  2.05  1.30  0.93  0.82     2.07  0.95  2.57  3.33  1.42
165   60     0.86  1.08  1.42  2.14  2.91  2.94  3.04  2.55  1.68  1.16  0.89  0.78     1.79  0.91  2.15  2.84  1.24
165   70     0.81  1.02  1.29  1.81  2.35  2.48  2.50  2.06  1.48  1.10  0.84  0.74     1.54  0.86  1.82  2.35  1.14
165   80     0.75  0.96  1.20  1.62  2.00  2.06  2.08  1.80  1.35  1.05  0.79  0.69     1.36  0.80  1.61  1.98  1.07
165   90     0.70  0.90  1.13  1.48  1.78  1.81  1.83  1.63  1.26  1.00  0.75  0.65     1.24  0.75  1.46  1.75  1.00
180   10     1.60  2.34  3.11  4.20  4.78  4.38  4.74  4.72  3.65  3.03  1.96  1.55     3.34  1.83  4.03  4.62  2.88
180   20     1.32  1.99  2.78  3.90  4.58  4.25  4.57  4.44  3.31  2.56  1.58  1.23     3.04  1.51  3.75  4.42  2.48
180   30     1.06  1.61  2.40  3.52  4.28  4.03  4.31  4.07  2.92  2.05  1.20  0.93     2.70  1.20  3.40  4.13  2.05
180   40     0.94  1.25  1.97  3.08  3.89  3.73  3.96  3.61  2.47  1.53  0.96  0.85     2.35  1.01  2.98  3.77  1.65
180   50     0.90  1.14  1.53  2.58  3.44  3.37  3.54  3.09  1.98  1.18  0.93  0.82     2.04  0.95  2.52  3.33  1.36
180   60     0.86  1.08  1.33  2.05  2.92  2.95  3.05  2.52  1.47  1.14  0.89  0.78     1.75  0.91  2.10  2.84  1.17
180   70     0.81  1.02  1.26  1.61  2.36  2.49  2.52  1.91  1.37  1.09  0.84  0.74     1.50  0.86  1.74  2.31  1.10
180   80     0.75  0.96  1.19  1.48  1.90  2.01  2.00  1.64  1.29  1.04  0.79  0.69     1.31  0.80  1.52  1.88  1.04
180   90     0.70  0.90  1.11  1.38  1.70  1.75  1.77  1.51  1.22  0.99  0.75  0.65     1.20  0.75  1.40  1.68  0.98
             49.9  43.3  31.0  17.2   5.2   1.1   2.3  11.9  25.1  41.4  50.6  54.6     25.3  49.0  17.1   5.4  38.5
             2.49  3.31  3.76  4.56  4.90  4.44  4.82  4.98  4.19  4.26  3.22  2.76     3.97  2.85  4.36  4.73  3.84
             2.33  3.20  3.75  4.53  4.71  4.19  4.57  4.88  4.19  4.13  2.98  2.49     3.83  2.67  4.33  4.55  3.77
             1.07  1.03  1.00  1.01  1.04  1.06  1.05  1.02  1.00  1.03  1.08  1.11     1.04  1.07  1.02  1.04  1.04
             1.25  1.20  1.10  1.02  0.96  0.94  0.95  0.99  1.07  1.20  1.28  1.33     1.11  1.26  1.03  0.96  1.18
temperature   5.5   6.1   8.9  13.6  17.9  21.9  25.8  26.6  22.9  17.4  12.3   7.6     15.5   6.4  13.5  24.8  17.5
diffusedrad  1.18  1.52  1.90  2.27  2.53  2.63  2.60  2.40  2.07  1.69  1.26  1.09     1.93  1.26  2.23  2.54  1.67
snow10cm     0.00  0.00  0.00  0.00  0.00  0.00  0.00  0.00  0.00  0.00  0.00  0.00     0.00  0.00  0.00  0.00  0.00
