1 82182   福岡            33 34.9  130 22.5    3
             2.04  2.84  3.61  4.60  4.98  4.52  4.70  4.86  4.00  3.50  2.48  1.98     3.67  2.28  4.40  4.69  3.33
             2.28  3.17  4.31  5.21  5.76  5.35  6.58  5.84  4.61  4.11  2.99  2.52     3.96  2.54  4.83  5.61  3.64
             1.54  2.17  2.53  3.81  3.98  3.49  3.49  3.73  3.23  2.83  1.86  1.56     3.35  1.89  3.72  3.98  2.99
  0   10     2.27  3.13  3.79  4.72  4.97  4.47  4.66  4.92  4.16  3.84  2.81  2.28     3.84  2.56  4.50  4.68  3.60
  0   20     2.48  3.35  3.93  4.74  4.88  4.35  4.54  4.88  4.25  4.10  3.08  2.54     3.93  2.79  4.52  4.59  3.81
  0   30     2.64  3.50  3.99  4.66  4.69  4.15  4.34  4.75  4.25  4.26  3.29  2.74     3.94  2.96  4.45  4.41  3.93
  0   40     2.73  3.57  3.95  4.49  4.40  3.87  4.06  4.51  4.16  4.33  3.42  2.88     3.86  3.06  4.28  4.15  3.97
  0   50     2.77  3.56  3.84  4.22  4.03  3.54  3.71  4.19  3.98  4.29  3.47  2.95     3.71  3.09  4.03  3.81  3.91
  0   60     2.75  3.47  3.64  3.87  3.60  3.14  3.29  3.78  3.71  4.15  3.43  2.95     3.48  3.05  3.70  3.40  3.77
  0   70     2.66  3.30  3.36  3.44  3.10  2.71  2.83  3.30  3.37  3.92  3.32  2.88     3.18  2.95  3.30  2.95  3.54
  0   80     2.51  3.06  3.02  2.95  2.57  2.26  2.35  2.77  2.97  3.60  3.13  2.74     2.83  2.77  2.85  2.46  3.23
  0   90     2.31  2.76  2.62  2.41  2.03  1.81  1.87  2.22  2.51  3.20  2.87  2.54     2.43  2.54  2.36  1.97  2.86
 15   10     2.26  3.11  3.78  4.72  4.97  4.47  4.66  4.92  4.15  3.83  2.79  2.27     3.83  2.55  4.49  4.68  3.59
 15   20     2.46  3.33  3.92  4.74  4.88  4.35  4.54  4.88  4.23  4.07  3.06  2.52     3.91  2.77  4.51  4.59  3.79
 15   30     2.60  3.46  3.96  4.67  4.69  4.15  4.35  4.75  4.23  4.22  3.25  2.70     3.92  2.92  4.44  4.42  3.90
 15   40     2.69  3.52  3.92  4.49  4.41  3.88  4.07  4.52  4.13  4.27  3.37  2.83     3.84  3.02  4.28  4.16  3.92
 15   50     2.72  3.51  3.80  4.23  4.05  3.55  3.72  4.19  3.95  4.23  3.41  2.89     3.69  3.04  4.03  3.82  3.86
 15   60     2.68  3.41  3.60  3.88  3.62  3.17  3.32  3.80  3.69  4.08  3.37  2.88     3.46  2.99  3.70  3.43  3.71
 15   70     2.59  3.24  3.32  3.46  3.14  2.74  2.87  3.34  3.35  3.85  3.25  2.81     3.16  2.88  3.31  2.98  3.48
 15   80     2.44  3.00  2.98  2.99  2.64  2.31  2.41  2.83  2.96  3.52  3.05  2.67     2.82  2.70  2.87  2.52  3.18
 15   90     2.24  2.69  2.59  2.48  2.12  1.88  1.95  2.30  2.51  3.12  2.79  2.47     2.43  2.47  2.40  2.04  2.81
 30   10     2.23  3.08  3.76  4.70  4.97  4.47  4.66  4.91  4.12  3.79  2.76  2.24     3.81  2.52  4.48  4.68  3.56
 30   20     2.40  3.26  3.87  4.72  4.88  4.35  4.54  4.87  4.19  4.00  2.99  2.45     3.88  2.70  4.49  4.59  3.73
 30   30     2.51  3.37  3.89  4.64  4.70  4.16  4.36  4.74  4.17  4.13  3.15  2.61     3.87  2.83  4.41  4.42  3.81
 30   40     2.58  3.41  3.84  4.47  4.43  3.90  4.09  4.51  4.06  4.16  3.23  2.70     3.78  2.90  4.25  4.17  3.82
 30   50     2.58  3.38  3.71  4.22  4.10  3.59  3.77  4.21  3.88  4.09  3.25  2.74     3.63  2.90  4.01  3.86  3.74
 30   60     2.53  3.27  3.50  3.88  3.69  3.23  3.39  3.84  3.62  3.94  3.19  2.71     3.40  2.84  3.69  3.48  3.58
 30   70     2.43  3.08  3.22  3.50  3.25  2.84  2.97  3.41  3.29  3.70  3.05  2.62     3.12  2.71  3.33  3.07  3.35
 30   80     2.27  2.84  2.90  3.05  2.79  2.44  2.55  2.95  2.93  3.38  2.85  2.47     2.78  2.53  2.91  2.64  3.05
 30   90     2.07  2.54  2.52  2.60  2.32  2.04  2.13  2.47  2.51  2.99  2.59  2.27     2.42  2.29  2.48  2.21  2.70
 45   10     2.18  3.03  3.72  4.68  4.96  4.47  4.65  4.89  4.09  3.73  2.70  2.18     3.77  2.47  4.45  4.67  3.51
 45   20     2.31  3.17  3.79  4.68  4.87  4.35  4.54  4.84  4.13  3.90  2.87  2.35     3.82  2.61  4.45  4.58  3.63
 45   30     2.39  3.24  3.79  4.59  4.69  4.17  4.36  4.71  4.08  3.98  2.99  2.46     3.79  2.70  4.36  4.41  3.68
 45   40     2.42  3.24  3.71  4.43  4.45  3.93  4.11  4.50  3.97  3.98  3.04  2.52     3.69  2.73  4.20  4.18  3.66
 45   50     2.40  3.18  3.57  4.18  4.13  3.63  3.81  4.21  3.77  3.90  3.02  2.52     3.53  2.70  3.96  3.88  3.56
 45   60     2.33  3.06  3.36  3.87  3.76  3.30  3.45  3.86  3.53  3.73  2.93  2.47     3.30  2.62  3.67  3.54  3.40
 45   70     2.21  2.87  3.09  3.50  3.35  2.94  3.08  3.47  3.22  3.50  2.78  2.36     3.03  2.48  3.32  3.16  3.17
 45   80     2.05  2.63  2.79  3.11  2.92  2.56  2.68  3.04  2.87  3.19  2.58  2.21     2.72  2.30  2.94  2.76  2.88
 45   90     1.85  2.36  2.44  2.69  2.50  2.19  2.29  2.62  2.49  2.84  2.33  2.01     2.38  2.07  2.54  2.37  2.55
 60   10     2.13  2.97  3.67  4.65  4.95  4.46  4.64  4.87  4.05  3.66  2.63  2.12     3.73  2.40  4.42  4.66  3.44
 60   20     2.20  3.05  3.69  4.62  4.86  4.35  4.54  4.80  4.04  3.75  2.73  2.22     3.74  2.49  4.39  4.57  3.51
 60   30     2.23  3.07  3.65  4.52  4.68  4.18  4.36  4.67  3.98  3.79  2.79  2.28     3.68  2.53  4.29  4.40  3.52
 60   40     2.23  3.04  3.55  4.34  4.44  3.94  4.12  4.45  3.83  3.74  2.78  2.29     3.56  2.52  4.11  4.17  3.45
 60   50     2.18  2.95  3.40  4.11  4.15  3.67  3.83  4.18  3.65  3.64  2.74  2.27     3.40  2.46  3.88  3.89  3.34
 60   60     2.09  2.81  3.18  3.81  3.79  3.35  3.50  3.85  3.39  3.47  2.63  2.19     3.17  2.36  3.60  3.57  3.16
 60   70     1.96  2.63  2.93  3.48  3.42  3.00  3.14  3.49  3.11  3.24  2.47  2.07     2.91  2.22  3.28  3.21  2.94
 60   80     1.80  2.39  2.64  3.11  3.03  2.66  2.78  3.10  2.78  2.96  2.28  1.92     2.62  2.04  2.93  2.85  2.67
 60   90     1.62  2.15  2.33  2.72  2.63  2.31  2.42  2.70  2.45  2.64  2.05  1.74     2.31  1.83  2.56  2.48  2.38
 75   10     2.06  2.89  3.60  4.61  4.94  4.46  4.64  4.84  4.00  3.57  2.54  2.04     3.68  2.33  4.38  4.65  3.37
 75   20     2.08  2.90  3.58  4.55  4.83  4.35  4.53  4.75  3.94  3.60  2.57  2.07     3.65  2.35  4.32  4.54  3.37
 75   30     2.06  2.88  3.49  4.42  4.65  4.17  4.35  4.60  3.84  3.56  2.56  2.08     3.56  2.34  4.19  4.37  3.32
 75   40     2.01  2.79  3.37  4.24  4.41  3.94  4.11  4.38  3.68  3.48  2.51  2.04     3.41  2.28  4.00  4.14  3.23
 75   50     1.94  2.69  3.19  3.99  4.12  3.67  3.83  4.10  3.47  3.34  2.42  1.98     3.23  2.20  3.77  3.87  3.08
 75   60     1.83  2.53  2.98  3.71  3.80  3.37  3.52  3.80  3.23  3.16  2.31  1.89     3.01  2.08  3.50  3.56  2.90
 75   70     1.71  2.35  2.73  3.39  3.44  3.04  3.18  3.45  2.95  2.93  2.14  1.76     2.76  1.94  3.19  3.23  2.67
 75   80     1.56  2.14  2.46  3.05  3.07  2.71  2.83  3.09  2.66  2.69  1.97  1.63     2.49  1.77  2.86  2.87  2.44
 75   90     1.39  1.92  2.19  2.70  2.70  2.38  2.49  2.73  2.35  2.40  1.77  1.46     2.21  1.59  2.53  2.53  2.17
 90   10     1.99  2.81  3.54  4.57  4.92  4.46  4.63  4.81  3.94  3.47  2.45  1.96     3.63  2.26  4.34  4.63  3.29
 90   20     1.95  2.75  3.45  4.46  4.80  4.34  4.51  4.69  3.84  3.42  2.40  1.92     3.54  2.21  4.24  4.51  3.21
 90   30     1.88  2.66  3.32  4.30  4.61  4.16  4.32  4.51  3.68  3.31  2.32  1.86     3.41  2.13  4.08  4.33  3.11
 90   40     1.80  2.55  3.15  4.09  4.35  3.92  4.08  4.27  3.50  3.17  2.22  1.79     3.24  2.04  3.86  4.09  2.96
 90   50     1.69  2.40  2.96  3.84  4.06  3.65  3.79  3.99  3.27  3.01  2.11  1.69     3.04  1.93  3.62  3.81  2.80
 90   60     1.58  2.24  2.74  3.55  3.74  3.36  3.49  3.68  3.02  2.81  1.97  1.60     2.81  1.81  3.34  3.51  2.60
 90   70     1.45  2.06  2.50  3.25  3.40  3.04  3.16  3.36  2.76  2.61  1.82  1.47     2.57  1.66  3.05  3.19  2.40
 90   80     1.32  1.88  2.26  2.93  3.04  2.71  2.83  3.01  2.48  2.37  1.65  1.35     2.32  1.51  2.74  2.85  2.17
 90   90     1.18  1.67  2.00  2.60  2.69  2.40  2.49  2.67  2.20  2.13  1.49  1.21     2.06  1.35  2.43  2.52  1.94
105   10     1.93  2.73  3.47  4.52  4.91  4.45  4.62  4.77  3.88  3.38  2.36  1.88     3.57  2.18  4.30  4.62  3.20
105   20     1.82  2.60  3.32  4.37  4.76  4.33  4.49  4.62  3.72  3.23  2.22  1.77     3.44  2.06  4.15  4.48  3.06
105   30     1.70  2.44  3.14  4.16  4.54  4.13  4.28  4.40  3.52  3.05  2.08  1.65     3.26  1.93  3.95  4.27  2.88
105   40     1.58  2.28  2.93  3.92  4.27  3.89  4.03  4.14  3.29  2.85  1.94  1.53     3.05  1.80  3.70  4.02  2.69
105   50     1.46  2.12  2.70  3.64  3.96  3.61  3.73  3.84  3.05  2.65  1.79  1.43     2.83  1.67  3.43  3.73  2.50
105   60     1.35  1.95  2.48  3.34  3.63  3.31  3.41  3.51  2.79  2.46  1.64  1.31     2.60  1.53  3.15  3.41  2.29
105   70     1.22  1.78  2.25  3.04  3.29  2.99  3.09  3.19  2.52  2.24  1.51  1.20     2.36  1.40  2.86  3.09  2.09
105   80     1.11  1.61  2.02  2.75  2.95  2.67  2.77  2.87  2.27  2.04  1.36  1.09     2.13  1.27  2.57  2.77  1.89
105   90     0.99  1.44  1.81  2.44  2.61  2.36  2.44  2.55  2.02  1.84  1.23  0.99     1.89  1.14  2.29  2.45  1.69
120   10     1.86  2.66  3.41  4.47  4.89  4.45  4.62  4.74  3.83  3.28  2.27  1.80     3.52  2.11  4.26  4.60  3.13
120   20     1.69  2.45  3.20  4.28  4.72  4.32  4.46  4.55  3.61  3.04  2.06  1.62     3.33  1.92  4.06  4.44  2.90
120   30     1.53  2.23  2.95  4.02  4.47  4.11  4.24  4.29  3.35  2.78  1.85  1.45     3.11  1.74  3.81  4.21  2.66
120   40     1.38  2.02  2.70  3.72  4.16  3.85  3.96  3.98  3.08  2.53  1.65  1.31     2.86  1.57  3.53  3.93  2.42
120   50     1.25  1.83  2.45  3.41  3.82  3.54  3.64  3.64  2.80  2.29  1.49  1.18     2.61  1.42  3.23  3.61  2.19
120   60     1.14  1.66  2.21  3.09  3.47  3.22  3.30  3.30  2.53  2.08  1.35  1.07     2.37  1.29  2.92  3.27  1.99
120   70     1.03  1.51  1.98  2.79  3.12  2.90  2.97  2.96  2.27  1.88  1.23  0.98     2.13  1.17  2.63  2.94  1.79
120   80     0.94  1.36  1.78  2.49  2.79  2.58  2.64  2.65  2.03  1.71  1.11  0.89     1.92  1.06  2.36  2.62  1.62
120   90     0.85  1.23  1.59  2.23  2.47  2.28  2.34  2.36  1.81  1.54  1.01  0.81     1.71  0.96  2.10  2.33  1.45
135   10     1.80  2.59  3.36  4.43  4.87  4.45  4.61  4.71  3.78  3.20  2.19  1.73     3.48  2.04  4.22  4.59  3.06
135   20     1.58  2.31  3.09  4.19  4.68  4.31  4.45  4.49  3.51  2.87  1.90  1.49     3.24  1.79  3.99  4.42  2.76
135   30     1.37  2.04  2.78  3.88  4.41  4.09  4.21  4.18  3.20  2.53  1.63  1.27     2.96  1.56  3.69  4.16  2.46
135   40     1.21  1.78  2.47  3.52  4.06  3.80  3.89  3.81  2.87  2.21  1.40  1.10     2.68  1.36  3.35  3.84  2.16
135   50     1.08  1.57  2.19  3.15  3.67  3.46  3.53  3.42  2.54  1.94  1.23  0.98     2.40  1.21  3.00  3.47  1.90
135   60     0.98  1.41  1.94  2.81  3.27  3.11  3.16  3.04  2.25  1.72  1.10  0.89     2.14  1.09  2.67  3.10  1.69
135   70     0.90  1.28  1.73  2.50  2.90  2.76  2.80  2.70  1.99  1.55  1.01  0.82     1.91  1.00  2.38  2.75  1.52
135   80     0.83  1.16  1.55  2.23  2.56  2.44  2.47  2.39  1.78  1.41  0.92  0.76     1.71  0.92  2.11  2.43  1.37
135   90     0.75  1.06  1.39  1.99  2.27  2.15  2.18  2.12  1.60  1.28  0.85  0.70     1.53  0.84  1.88  2.15  1.25
150   10     1.76  2.54  3.31  4.40  4.87  4.45  4.61  4.70  3.74  3.14  2.13  1.68     3.44  1.99  4.20  4.58  3.00
150   20     1.49  2.20  2.99  4.12  4.66  4.31  4.44  4.44  3.44  2.73  1.78  1.38     3.17  1.69  3.92  4.39  2.65
150   30     1.25  1.87  2.63  3.76  4.36  4.08  4.18  4.10  3.07  2.31  1.45  1.12     2.85  1.41  3.59  4.12  2.28
150   40     1.06  1.56  2.27  3.35  3.98  3.78  3.85  3.68  2.68  1.92  1.18  0.93     2.52  1.18  3.20  3.77  1.93
150   50     0.95  1.34  1.94  2.90  3.53  3.41  3.45  3.22  2.30  1.60  1.02  0.84     2.21  1.05  2.79  3.36  1.64
150   60     0.89  1.20  1.68  2.50  3.06  3.00  3.01  2.77  1.98  1.40  0.94  0.80     1.94  0.96  2.41  2.92  1.44
150   70     0.84  1.11  1.50  2.17  2.64  2.60  2.60  2.39  1.74  1.27  0.88  0.76     1.71  0.90  2.10  2.53  1.29
150   80     0.78  1.03  1.36  1.93  2.30  2.26  2.25  2.10  1.56  1.18  0.83  0.71     1.52  0.84  1.86  2.20  1.19
150   90     0.73  0.96  1.24  1.74  2.03  1.98  1.99  1.87  1.41  1.09  0.78  0.66     1.37  0.78  1.67  1.95  1.09
165   10     1.73  2.50  3.29  4.38  4.87  4.45  4.61  4.68  3.72  3.09  2.09  1.65     3.42  1.96  4.18  4.58  2.97
165   20     1.43  2.13  2.94  4.08  4.66  4.31  4.44  4.41  3.39  2.63  1.70  1.31     3.12  1.62  3.89  4.39  2.57
165   30     1.14  1.74  2.54  3.69  4.35  4.08  4.19  4.05  3.00  2.15  1.30  1.00     2.77  1.29  3.53  4.11  2.15
165   40     0.97  1.38  2.11  3.23  3.96  3.78  3.85  3.61  2.55  1.67  1.01  0.87     2.42  1.07  3.10  3.75  1.74
165   50     0.94  1.17  1.71  2.72  3.49  3.41  3.45  3.11  2.09  1.31  0.95  0.84     2.10  0.98  2.64  3.32  1.45
165   60     0.89  1.11  1.45  2.21  2.97  2.99  2.98  2.55  1.72  1.17  0.91  0.80     1.81  0.93  2.21  2.84  1.26
165   70     0.84  1.05  1.33  1.86  2.40  2.52  2.47  2.07  1.51  1.11  0.87  0.76     1.56  0.88  1.86  2.35  1.16
165   80     0.78  0.99  1.24  1.67  2.03  2.09  2.05  1.81  1.38  1.06  0.82  0.71     1.39  0.83  1.65  1.98  1.09
165   90     0.73  0.93  1.16  1.53  1.81  1.83  1.80  1.63  1.28  1.00  0.77  0.66     1.26  0.77  1.50  1.76  1.02
180   10     1.72  2.49  3.28  4.37  4.87  4.45  4.61  4.68  3.72  3.08  2.08  1.63     3.42  1.95  4.17  4.58  2.96
180   20     1.41  2.10  2.92  4.06  4.66  4.31  4.45  4.40  3.38  2.60  1.67  1.28     3.10  1.60  3.88  4.39  2.55
180   30     1.11  1.69  2.51  3.67  4.36  4.09  4.20  4.04  2.98  2.08  1.25  0.96     2.74  1.25  3.51  4.11  2.10
180   40     0.97  1.29  2.06  3.20  3.96  3.79  3.86  3.59  2.52  1.55  0.98  0.87     2.39  1.04  3.07  3.75  1.68
180   50     0.94  1.16  1.58  2.68  3.50  3.42  3.46  3.08  2.02  1.19  0.95  0.84     2.07  0.98  2.59  3.32  1.39
180   60     0.89  1.11  1.35  2.12  2.98  3.00  3.00  2.52  1.51  1.14  0.91  0.80     1.78  0.93  2.15  2.84  1.19
180   70     0.84  1.05  1.29  1.65  2.41  2.53  2.49  1.93  1.39  1.10  0.87  0.76     1.52  0.88  1.78  2.31  1.12
180   80     0.78  0.99  1.22  1.52  1.93  2.04  1.99  1.65  1.31  1.05  0.82  0.71     1.33  0.83  1.55  1.89  1.06
180   90     0.73  0.93  1.14  1.42  1.73  1.77  1.75  1.52  1.24  1.00  0.77  0.66     1.22  0.77  1.43  1.68  1.00
             50.9  43.8  31.3  17.2   5.1   0.9   2.2  11.6  24.9  41.4  50.9  55.0     26.1  49.6  17.3   5.2  38.7
             2.77  3.57  3.99  4.75  4.99  4.50  4.68  4.92  4.26  4.33  3.47  2.96     4.10  3.09  4.52  4.69  3.97
             2.58  3.45  3.97  4.71  4.77  4.23  4.43  4.81  4.26  4.21  3.22  2.67     3.94  2.90  4.48  4.49  3.90
             1.07  1.03  1.01  1.01  1.05  1.06  1.06  1.02  1.00  1.03  1.08  1.11     1.04  1.07  1.02  1.05  1.04
             1.26  1.21  1.10  1.02  0.96  0.94  0.94  0.99  1.06  1.20  1.30  1.35     1.11  1.28  1.03  0.96  1.19
temperature   6.6   7.4  10.3  15.2  19.4  23.0  27.1  28.0  24.4  19.2  13.8   8.9     16.9   7.6  15.0  26.0  19.1
diffusedrad  1.24  1.58  1.97  2.34  2.58  2.66  2.60  2.42  2.11  1.70  1.32  1.12     1.97  1.32  2.29  2.56  1.71
snow10cm     0.00  0.00  0.00  0.00  0.00  0.00  0.00  0.00  0.00  0.00  0.00  0.00     0.00  0.00  0.00  0.00  0.00
