2 82101   行橋            33 42.7  130 58.5    7
             2.14  2.83  3.55  4.50  4.92  4.53  4.80  4.95  3.92  3.52  2.45  2.08     3.68  2.35  4.33  4.76  3.30
             2.65  3.38  4.33  5.67  6.12  5.48  6.75  6.06  4.76  4.13  3.09  2.63     4.11  2.75  5.10  5.80  3.68
             1.74  1.96  2.64  3.88  4.00  3.60  3.64  3.69  3.16  3.06  1.87  1.69     3.34  1.94  3.74  3.92  2.91
  0   10     2.43  3.13  3.73  4.62  4.92  4.48  4.76  5.01  4.08  3.87  2.78  2.42     3.85  2.66  4.42  4.75  3.58
  0   20     2.68  3.36  3.87  4.64  4.83  4.36  4.64  4.98  4.17  4.14  3.06  2.72     3.95  2.92  4.45  4.66  3.79
  0   30     2.87  3.51  3.93  4.57  4.64  4.16  4.43  4.84  4.17  4.31  3.27  2.95     3.97  3.11  4.38  4.47  3.91
  0   40     3.00  3.59  3.90  4.39  4.36  3.88  4.14  4.60  4.08  4.38  3.40  3.12     3.90  3.23  4.22  4.21  3.95
  0   50     3.05  3.59  3.79  4.13  4.00  3.54  3.78  4.27  3.90  4.34  3.45  3.20     3.75  3.28  3.97  3.86  3.90
  0   60     3.04  3.50  3.59  3.79  3.56  3.14  3.35  3.85  3.64  4.20  3.42  3.21     3.52  3.25  3.65  3.45  3.76
  0   70     2.95  3.34  3.32  3.37  3.08  2.71  2.88  3.36  3.31  3.97  3.31  3.15     3.23  3.15  3.25  2.98  3.53
  0   80     2.80  3.10  2.98  2.89  2.55  2.25  2.39  2.82  2.91  3.65  3.12  3.01     2.87  2.97  2.81  2.49  3.23
  0   90     2.58  2.79  2.59  2.37  2.02  1.81  1.89  2.25  2.47  3.24  2.86  2.79     2.47  2.72  2.32  1.98  2.86
 15   10     2.41  3.12  3.73  4.62  4.92  4.48  4.76  5.01  4.07  3.86  2.77  2.41     3.85  2.65  4.42  4.75  3.56
 15   20     2.65  3.34  3.86  4.64  4.83  4.36  4.64  4.97  4.15  4.11  3.03  2.69     3.94  2.89  4.44  4.66  3.76
 15   30     2.83  3.48  3.91  4.57  4.64  4.16  4.44  4.84  4.14  4.27  3.23  2.91     3.95  3.07  4.37  4.48  3.88
 15   40     2.94  3.55  3.87  4.40  4.37  3.89  4.16  4.61  4.05  4.32  3.35  3.06     3.88  3.18  4.21  4.22  3.91
 15   50     2.98  3.54  3.75  4.14  4.01  3.55  3.80  4.28  3.88  4.28  3.40  3.14     3.73  3.22  3.97  3.88  3.85
 15   60     2.96  3.44  3.55  3.80  3.59  3.17  3.38  3.87  3.62  4.13  3.36  3.14     3.50  3.18  3.65  3.48  3.70
 15   70     2.87  3.27  3.28  3.40  3.12  2.74  2.92  3.40  3.29  3.90  3.24  3.07     3.21  3.07  3.26  3.02  3.48
 15   80     2.71  3.03  2.94  2.93  2.61  2.31  2.45  2.88  2.90  3.57  3.05  2.92     2.86  2.89  2.83  2.54  3.18
 15   90     2.50  2.73  2.56  2.44  2.10  1.88  1.97  2.34  2.47  3.17  2.79  2.71     2.47  2.65  2.37  2.06  2.81
 30   10     2.38  3.08  3.70  4.60  4.92  4.48  4.76  5.00  4.04  3.82  2.73  2.37     3.82  2.61  4.41  4.75  3.53
 30   20     2.58  3.27  3.81  4.62  4.83  4.36  4.64  4.96  4.11  4.04  2.96  2.62     3.90  2.82  4.42  4.66  3.71
 30   30     2.72  3.39  3.84  4.54  4.65  4.18  4.45  4.83  4.09  4.17  3.13  2.80     3.90  2.97  4.34  4.49  3.80
 30   40     2.81  3.43  3.79  4.38  4.39  3.91  4.18  4.60  3.99  4.21  3.22  2.92     3.82  3.05  4.18  4.23  3.80
 30   50     2.83  3.40  3.66  4.13  4.06  3.60  3.85  4.30  3.81  4.14  3.23  2.97     3.67  3.07  3.95  3.92  3.73
 30   60     2.78  3.30  3.46  3.81  3.66  3.24  3.46  3.91  3.56  3.99  3.18  2.95     3.44  3.01  3.64  3.53  3.58
 30   70     2.68  3.12  3.18  3.43  3.23  2.84  3.03  3.48  3.24  3.75  3.04  2.86     3.16  2.88  3.28  3.12  3.35
 30   80     2.51  2.87  2.87  3.00  2.76  2.44  2.59  3.00  2.88  3.43  2.85  2.70     2.83  2.70  2.87  2.68  3.05
 30   90     2.29  2.57  2.49  2.55  2.30  2.04  2.16  2.51  2.47  3.04  2.58  2.49     2.46  2.45  2.45  2.24  2.70
 45   10     2.32  3.03  3.66  4.58  4.91  4.48  4.75  4.98  4.01  3.76  2.67  2.31     3.79  2.56  4.38  4.74  3.48
 45   20     2.48  3.18  3.73  4.58  4.82  4.37  4.64  4.94  4.05  3.93  2.85  2.50     3.84  2.72  4.38  4.65  3.61
 45   30     2.58  3.25  3.74  4.49  4.65  4.18  4.45  4.80  4.01  4.02  2.96  2.63     3.81  2.82  4.29  4.48  3.66
 45   40     2.62  3.26  3.66  4.34  4.41  3.94  4.20  4.59  3.90  4.03  3.02  2.71     3.72  2.87  4.14  4.25  3.65
 45   50     2.61  3.21  3.52  4.09  4.09  3.64  3.89  4.29  3.71  3.95  3.00  2.72     3.56  2.85  3.90  3.94  3.55
 45   60     2.54  3.09  3.32  3.80  3.73  3.31  3.53  3.94  3.47  3.77  2.92  2.67     3.34  2.77  3.62  3.59  3.39
 45   70     2.43  2.90  3.06  3.43  3.33  2.94  3.14  3.54  3.16  3.55  2.77  2.57     3.07  2.63  3.27  3.21  3.16
 45   80     2.26  2.66  2.75  3.05  2.90  2.56  2.73  3.10  2.83  3.24  2.58  2.41     2.76  2.44  2.90  2.80  2.88
 45   90     2.04  2.38  2.41  2.64  2.48  2.19  2.33  2.67  2.45  2.88  2.33  2.20     2.42  2.21  2.51  2.40  2.55
 60   10     2.26  2.97  3.61  4.55  4.90  4.48  4.75  4.96  3.97  3.69  2.60  2.23     3.75  2.49  4.35  4.73  3.42
 60   20     2.35  3.05  3.64  4.53  4.81  4.37  4.64  4.90  3.97  3.79  2.71  2.36     3.76  2.59  4.32  4.63  3.49
 60   30     2.40  3.08  3.60  4.43  4.63  4.19  4.46  4.76  3.90  3.83  2.77  2.43     3.71  2.63  4.22  4.47  3.50
 60   40     2.40  3.05  3.50  4.25  4.40  3.96  4.21  4.54  3.76  3.79  2.76  2.46     3.59  2.64  4.05  4.23  3.44
 60   50     2.36  2.97  3.35  4.03  4.11  3.68  3.92  4.27  3.58  3.69  2.72  2.43     3.42  2.59  3.83  3.95  3.33
 60   60     2.26  2.83  3.14  3.73  3.76  3.36  3.58  3.93  3.33  3.52  2.62  2.36     3.20  2.48  3.55  3.62  3.15
 60   70     2.14  2.65  2.90  3.41  3.40  3.02  3.21  3.56  3.06  3.28  2.46  2.24     2.94  2.34  3.23  3.26  2.93
 60   80     1.97  2.42  2.61  3.05  3.01  2.67  2.84  3.17  2.73  3.01  2.28  2.08     2.65  2.16  2.89  2.89  2.67
 60   90     1.77  2.17  2.31  2.67  2.61  2.32  2.47  2.76  2.41  2.68  2.05  1.89     2.34  1.94  2.53  2.52  2.38
 75   10     2.18  2.89  3.55  4.51  4.89  4.47  4.74  4.93  3.92  3.60  2.51  2.15     3.69  2.41  4.32  4.71  3.34
 75   20     2.21  2.91  3.52  4.45  4.78  4.36  4.63  4.84  3.87  3.63  2.55  2.19     3.66  2.43  4.25  4.61  3.35
 75   30     2.20  2.88  3.44  4.33  4.61  4.19  4.44  4.69  3.77  3.60  2.54  2.20     3.57  2.43  4.13  4.44  3.30
 75   40     2.15  2.80  3.32  4.15  4.37  3.96  4.20  4.46  3.61  3.52  2.50  2.17     3.43  2.38  3.94  4.21  3.21
 75   50     2.08  2.70  3.15  3.91  4.09  3.69  3.91  4.19  3.41  3.38  2.40  2.12     3.25  2.30  3.71  3.93  3.06
 75   60     1.97  2.54  2.94  3.64  3.77  3.38  3.60  3.88  3.17  3.20  2.29  2.02     3.04  2.18  3.45  3.62  2.89
 75   70     1.84  2.37  2.70  3.32  3.41  3.06  3.25  3.53  2.89  2.97  2.13  1.89     2.78  2.03  3.14  3.28  2.67
 75   80     1.69  2.16  2.44  3.00  3.05  2.72  2.89  3.16  2.61  2.73  1.96  1.75     2.51  1.87  2.83  2.92  2.43
 75   90     1.51  1.94  2.16  2.65  2.68  2.39  2.54  2.79  2.31  2.44  1.76  1.58     2.23  1.67  2.50  2.58  2.17
 90   10     2.10  2.81  3.48  4.47  4.87  4.47  4.73  4.89  3.86  3.50  2.42  2.06     3.64  2.32  4.27  4.70  3.26
 90   20     2.06  2.75  3.40  4.37  4.75  4.35  4.61  4.78  3.76  3.44  2.37  2.02     3.55  2.27  4.17  4.58  3.19
 90   30     1.98  2.66  3.27  4.21  4.56  4.17  4.42  4.59  3.62  3.34  2.30  1.96     3.42  2.20  4.01  4.39  3.09
 90   40     1.90  2.55  3.10  4.01  4.31  3.94  4.17  4.36  3.43  3.21  2.20  1.89     3.25  2.11  3.81  4.15  2.95
 90   50     1.79  2.40  2.92  3.76  4.02  3.67  3.88  4.07  3.21  3.05  2.09  1.79     3.05  2.00  3.57  3.87  2.78
 90   60     1.68  2.25  2.70  3.48  3.71  3.37  3.57  3.76  2.96  2.84  1.95  1.69     2.83  1.87  3.30  3.56  2.59
 90   70     1.54  2.07  2.47  3.19  3.37  3.06  3.24  3.43  2.71  2.64  1.81  1.56     2.59  1.72  3.01  3.24  2.39
 90   80     1.41  1.89  2.23  2.87  3.01  2.73  2.89  3.08  2.44  2.40  1.64  1.43     2.33  1.58  2.71  2.90  2.16
 90   90     1.26  1.68  1.98  2.56  2.67  2.41  2.55  2.73  2.17  2.17  1.48  1.29     2.08  1.41  2.40  2.56  1.94
105   10     2.02  2.73  3.42  4.42  4.86  4.47  4.72  4.86  3.80  3.40  2.33  1.97     3.58  2.24  4.23  4.68  3.18
105   20     1.90  2.59  3.27  4.27  4.71  4.34  4.59  4.70  3.65  3.25  2.19  1.85     3.44  2.11  4.09  4.54  3.03
105   30     1.78  2.44  3.09  4.08  4.50  4.15  4.38  4.48  3.45  3.07  2.05  1.72     3.27  1.98  3.89  4.34  2.86
105   40     1.65  2.28  2.88  3.84  4.22  3.90  4.11  4.21  3.23  2.88  1.91  1.60     3.06  1.84  3.65  4.08  2.67
105   50     1.52  2.12  2.66  3.57  3.92  3.62  3.81  3.91  2.99  2.68  1.77  1.49     2.84  1.71  3.38  3.78  2.48
105   60     1.41  1.95  2.44  3.28  3.60  3.32  3.49  3.58  2.74  2.48  1.62  1.37     2.61  1.57  3.11  3.46  2.28
105   70     1.28  1.78  2.22  2.98  3.26  3.00  3.16  3.25  2.48  2.27  1.49  1.26     2.37  1.44  2.82  3.14  2.08
105   80     1.16  1.61  1.99  2.69  2.92  2.68  2.83  2.93  2.23  2.07  1.35  1.14     2.13  1.31  2.54  2.81  1.88
105   90     1.04  1.45  1.78  2.40  2.59  2.37  2.50  2.60  1.98  1.86  1.22  1.04     1.90  1.18  2.26  2.49  1.69
120   10     1.95  2.65  3.35  4.37  4.84  4.46  4.71  4.83  3.75  3.31  2.24  1.88     3.53  2.16  4.19  4.67  3.10
120   20     1.76  2.44  3.14  4.18  4.67  4.33  4.56  4.63  3.54  3.06  2.02  1.68     3.34  1.96  4.00  4.51  2.88
120   30     1.58  2.22  2.90  3.93  4.42  4.12  4.33  4.36  3.29  2.80  1.82  1.50     3.11  1.76  3.75  4.27  2.64
120   40     1.42  2.01  2.65  3.64  4.12  3.86  4.04  4.05  3.02  2.55  1.63  1.34     2.86  1.59  3.47  3.98  2.40
120   50     1.28  1.82  2.40  3.34  3.79  3.55  3.71  3.70  2.75  2.31  1.46  1.21     2.61  1.44  3.18  3.66  2.17
120   60     1.16  1.65  2.17  3.03  3.44  3.23  3.37  3.36  2.48  2.09  1.33  1.09     2.37  1.30  2.88  3.32  1.97
120   70     1.05  1.50  1.95  2.73  3.09  2.90  3.03  3.01  2.23  1.90  1.21  1.00     2.13  1.19  2.59  2.98  1.78
120   80     0.96  1.36  1.76  2.45  2.76  2.59  2.70  2.70  1.99  1.73  1.09  0.91     1.92  1.08  2.32  2.66  1.61
120   90     0.87  1.23  1.57  2.19  2.45  2.29  2.39  2.40  1.78  1.55  0.99  0.83     1.71  0.98  2.07  2.36  1.44
135   10     1.88  2.58  3.30  4.34  4.83  4.46  4.71  4.80  3.70  3.22  2.16  1.80     3.48  2.09  4.15  4.66  3.03
135   20     1.63  2.30  3.03  4.10  4.64  4.32  4.54  4.56  3.44  2.89  1.87  1.53     3.24  1.82  3.92  4.48  2.73
135   30     1.39  2.02  2.73  3.79  4.36  4.10  4.29  4.25  3.14  2.54  1.60  1.28     2.96  1.57  3.63  4.21  2.43
135   40     1.21  1.76  2.43  3.44  4.02  3.81  3.97  3.87  2.81  2.22  1.38  1.10     2.67  1.36  3.30  3.88  2.14
135   50     1.07  1.55  2.14  3.09  3.63  3.47  3.60  3.47  2.50  1.95  1.20  0.97     2.39  1.20  2.95  3.51  1.88
135   60     0.97  1.39  1.90  2.75  3.24  3.11  3.22  3.08  2.21  1.73  1.08  0.89     2.13  1.08  2.63  3.14  1.67
135   70     0.89  1.26  1.70  2.45  2.87  2.76  2.85  2.73  1.96  1.56  0.99  0.81     1.90  0.99  2.34  2.78  1.50
135   80     0.82  1.15  1.52  2.19  2.54  2.44  2.51  2.42  1.75  1.42  0.90  0.76     1.70  0.91  2.08  2.46  1.36
135   90     0.76  1.05  1.37  1.95  2.25  2.15  2.22  2.15  1.57  1.29  0.84  0.70     1.52  0.84  1.86  2.17  1.23
150   10     1.83  2.52  3.26  4.31  4.82  4.46  4.71  4.78  3.67  3.15  2.10  1.74     3.44  2.03  4.13  4.65  2.97
150   20     1.52  2.18  2.94  4.03  4.61  4.32  4.53  4.51  3.37  2.75  1.75  1.41     3.16  1.70  3.86  4.46  2.62
150   30     1.24  1.84  2.58  3.68  4.32  4.09  4.27  4.16  3.01  2.32  1.42  1.11     2.84  1.40  3.53  4.17  2.25
150   40     1.03  1.54  2.22  3.27  3.93  3.78  3.92  3.73  2.63  1.92  1.15  0.91     2.50  1.16  3.14  3.81  1.90
150   50     0.93  1.32  1.89  2.84  3.49  3.41  3.51  3.26  2.25  1.60  0.99  0.82     2.19  1.02  2.74  3.39  1.62
150   60     0.87  1.18  1.64  2.45  3.03  3.00  3.06  2.80  1.94  1.40  0.91  0.78     1.92  0.94  2.37  2.95  1.42
150   70     0.82  1.09  1.46  2.13  2.61  2.59  2.64  2.41  1.71  1.27  0.86  0.74     1.69  0.88  2.07  2.55  1.28
150   80     0.77  1.01  1.33  1.89  2.27  2.26  2.29  2.12  1.53  1.18  0.81  0.70     1.51  0.83  1.83  2.22  1.17
150   90     0.72  0.94  1.21  1.70  2.01  1.98  2.01  1.89  1.39  1.09  0.76  0.66     1.36  0.77  1.64  1.96  1.08
165   10     1.80  2.49  3.23  4.29  4.82  4.46  4.71  4.76  3.65  3.11  2.06  1.70     3.42  2.00  4.11  4.64  2.94
165   20     1.45  2.11  2.88  3.99  4.61  4.32  4.54  4.49  3.32  2.64  1.66  1.32     3.11  1.63  3.83  4.45  2.54
165   30     1.12  1.71  2.49  3.61  4.30  4.09  4.27  4.11  2.94  2.15  1.27  0.98     2.75  1.27  3.47  4.16  2.12
165   40     0.94  1.35  2.07  3.16  3.92  3.79  3.93  3.66  2.50  1.66  0.97  0.84     2.40  1.04  3.05  3.79  1.71
165   50     0.90  1.14  1.67  2.66  3.45  3.42  3.51  3.14  2.05  1.30  0.92  0.81     2.08  0.95  2.60  3.35  1.42
165   60     0.86  1.08  1.42  2.16  2.93  2.99  3.03  2.56  1.68  1.16  0.89  0.78     1.79  0.91  2.17  2.86  1.24
165   70     0.82  1.03  1.29  1.82  2.37  2.51  2.50  2.08  1.48  1.10  0.84  0.74     1.55  0.86  1.83  2.36  1.14
165   80     0.77  0.97  1.21  1.63  2.01  2.08  2.07  1.81  1.36  1.05  0.80  0.70     1.37  0.81  1.62  1.99  1.07
165   90     0.72  0.91  1.13  1.50  1.79  1.83  1.82  1.64  1.26  1.00  0.75  0.66     1.25  0.76  1.47  1.76  1.00
180   10     1.78  2.47  3.22  4.28  4.82  4.46  4.71  4.76  3.64  3.09  2.05  1.69     3.42  1.98  4.11  4.64  2.93
180   20     1.42  2.08  2.87  3.97  4.61  4.32  4.54  4.47  3.31  2.61  1.63  1.29     3.09  1.60  3.81  4.45  2.52
180   30     1.08  1.66  2.46  3.58  4.31  4.10  4.28  4.09  2.92  2.08  1.21  0.93     2.73  1.22  3.45  4.16  2.07
180   40     0.94  1.25  2.01  3.13  3.92  3.79  3.94  3.64  2.47  1.54  0.95  0.84     2.37  1.01  3.02  3.79  1.65
180   50     0.90  1.13  1.53  2.62  3.46  3.42  3.52  3.11  1.98  1.18  0.92  0.81     2.05  0.95  2.54  3.35  1.36
180   60     0.86  1.08  1.32  2.07  2.94  2.99  3.04  2.53  1.48  1.14  0.89  0.78     1.76  0.91  2.11  2.86  1.17
180   70     0.82  1.03  1.25  1.62  2.37  2.52  2.52  1.92  1.37  1.09  0.84  0.74     1.51  0.86  1.75  2.32  1.10
180   80     0.77  0.97  1.19  1.48  1.90  2.03  2.00  1.64  1.29  1.04  0.80  0.70     1.32  0.81  1.52  1.89  1.04
180   90     0.72  0.91  1.12  1.39  1.71  1.76  1.76  1.51  1.22  0.99  0.75  0.66     1.21  0.76  1.40  1.68  0.99
             53.0  44.4  31.6  17.3   5.2   0.9   2.3  11.8  25.0  41.7  51.3  56.4     27.0  51.1  17.4   5.3  39.1
             3.05  3.60  3.93  4.64  4.94  4.52  4.79  5.01  4.18  4.38  3.45  3.22     4.14  3.28  4.45  4.76  3.95
             2.82  3.47  3.92  4.60  4.71  4.23  4.50  4.89  4.18  4.27  3.21  2.89     3.97  3.06  4.41  4.54  3.88
             1.08  1.04  1.00  1.01  1.05  1.07  1.06  1.02  1.00  1.03  1.07  1.11     1.05  1.08  1.02  1.05  1.03
             1.32  1.23  1.10  1.02  0.96  0.93  0.94  0.99  1.07  1.21  1.31  1.39     1.12  1.31  1.03  0.95  1.20
temperature   4.9   5.6   8.6  13.6  18.2  22.1  26.0  26.8  23.1  17.5  12.0   7.2     15.5   5.9  13.5  25.0  17.5
diffusedrad  1.23  1.54  1.91  2.28  2.53  2.63  2.60  2.40  2.07  1.70  1.28  1.11     1.94  1.29  2.24  2.54  1.68
snow10cm     0.01  0.00  0.00  0.00  0.00  0.00  0.00  0.00  0.00  0.00  0.00  0.00     0.00  0.00  0.00  0.00  0.00
