1 83216   大分            33 14.1  131 37.1    5
             2.37  2.99  3.57  4.44  4.67  4.23  4.66  4.77  3.69  3.23  2.48  2.24     3.61  2.53  4.23  4.55  3.13
             2.77  3.59  4.34  5.43  5.74  5.21  6.60  5.82  4.83  3.81  3.10  2.63     4.03  2.87  4.97  5.59  3.60
             2.07  2.42  2.54  3.76  3.87  3.34  3.73  3.94  2.93  2.78  2.06  1.92     3.42  2.35  3.73  3.99  2.94
  0   10     2.75  3.35  3.80  4.56  4.67  4.18  4.61  4.83  3.84  3.54  2.84  2.68     3.80  2.93  4.34  4.54  3.41
  0   20     3.09  3.63  3.95  4.58  4.57  4.06  4.49  4.79  3.92  3.78  3.14  3.05     3.92  3.26  4.37  4.45  3.62
  0   30     3.36  3.83  4.02  4.50  4.39  3.87  4.28  4.65  3.92  3.93  3.37  3.35     3.96  3.51  4.30  4.27  3.74
  0   40     3.54  3.94  4.00  4.33  4.12  3.61  3.99  4.41  3.83  3.99  3.52  3.56     3.90  3.68  4.15  4.00  3.78
  0   50     3.64  3.95  3.88  4.06  3.77  3.29  3.63  4.09  3.66  3.95  3.59  3.69     3.77  3.76  3.90  3.67  3.73
  0   60     3.64  3.87  3.68  3.71  3.35  2.91  3.21  3.68  3.42  3.83  3.56  3.72     3.55  3.75  3.58  3.27  3.60
  0   70     3.56  3.70  3.40  3.29  2.89  2.50  2.74  3.20  3.10  3.61  3.45  3.66     3.26  3.64  3.20  2.82  3.39
  0   80     3.39  3.44  3.05  2.81  2.39  2.08  2.25  2.68  2.73  3.31  3.26  3.50     2.91  3.44  2.75  2.34  3.10
  0   90     3.13  3.10  2.64  2.29  1.88  1.66  1.76  2.13  2.30  2.94  2.99  3.26     2.51  3.16  2.27  1.85  2.74
 15   10     2.73  3.34  3.78  4.55  4.67  4.18  4.61  4.83  3.83  3.53  2.83  2.66     3.79  2.91  4.34  4.54  3.40
 15   20     3.05  3.61  3.92  4.58  4.58  4.07  4.49  4.79  3.90  3.76  3.12  3.01     3.91  3.22  4.36  4.45  3.59
 15   30     3.30  3.79  3.98  4.50  4.39  3.87  4.29  4.66  3.90  3.90  3.34  3.30     3.94  3.46  4.29  4.27  3.71
 15   40     3.46  3.89  3.95  4.34  4.13  3.62  4.01  4.42  3.81  3.95  3.48  3.50     3.88  3.62  4.14  4.02  3.74
 15   50     3.55  3.90  3.83  4.08  3.79  3.30  3.65  4.10  3.64  3.90  3.53  3.61     3.74  3.69  3.90  3.68  3.69
 15   60     3.54  3.81  3.63  3.73  3.38  2.94  3.24  3.71  3.40  3.77  3.50  3.63     3.52  3.66  3.58  3.30  3.55
 15   70     3.45  3.63  3.35  3.33  2.93  2.54  2.78  3.25  3.08  3.55  3.38  3.56     3.24  3.55  3.20  2.86  3.34
 15   80     3.27  3.37  3.00  2.86  2.45  2.13  2.32  2.74  2.72  3.25  3.18  3.40     2.89  3.35  2.77  2.40  3.05
 15   90     3.02  3.03  2.60  2.37  1.97  1.73  1.85  2.21  2.31  2.88  2.91  3.16     2.50  3.07  2.31  1.93  2.70
 30   10     2.68  3.30  3.75  4.54  4.67  4.18  4.61  4.82  3.81  3.50  2.79  2.61     3.77  2.87  4.32  4.54  3.37
 30   20     2.96  3.53  3.87  4.56  4.57  4.07  4.50  4.78  3.87  3.70  3.04  2.92     3.86  3.14  4.34  4.45  3.54
 30   30     3.16  3.69  3.91  4.49  4.41  3.89  4.31  4.65  3.85  3.81  3.22  3.16     3.88  3.33  4.27  4.28  3.63
 30   40     3.29  3.76  3.86  4.32  4.15  3.64  4.04  4.43  3.75  3.84  3.33  3.32     3.81  3.46  4.11  4.04  3.64
 30   50     3.33  3.74  3.74  4.08  3.84  3.35  3.71  4.13  3.58  3.78  3.36  3.40     3.67  3.49  3.88  3.73  3.57
 30   60     3.30  3.64  3.53  3.75  3.45  3.00  3.32  3.75  3.34  3.64  3.30  3.40     3.45  3.44  3.58  3.36  3.43
 30   70     3.19  3.45  3.25  3.38  3.04  2.63  2.90  3.34  3.04  3.42  3.17  3.30     3.18  3.31  3.22  2.96  3.21
 30   80     3.00  3.18  2.92  2.94  2.60  2.26  2.47  2.87  2.70  3.13  2.96  3.13     2.85  3.10  2.82  2.53  2.93
 30   90     2.74  2.85  2.54  2.50  2.16  1.89  2.05  2.40  2.31  2.77  2.69  2.88     2.48  2.83  2.40  2.11  2.59
 45   10     2.61  3.24  3.71  4.52  4.66  4.18  4.61  4.80  3.78  3.45  2.72  2.54     3.73  2.79  4.30  4.53  3.32
 45   20     2.82  3.42  3.79  4.53  4.57  4.07  4.50  4.76  3.81  3.60  2.92  2.77     3.80  3.00  4.30  4.44  3.44
 45   30     2.97  3.53  3.80  4.44  4.41  3.90  4.31  4.62  3.77  3.67  3.05  2.96     3.79  3.15  4.22  4.28  3.50
 45   40     3.04  3.56  3.74  4.29  4.17  3.67  4.07  4.42  3.67  3.68  3.11  3.06     3.71  3.22  4.07  4.05  3.49
 45   50     3.05  3.51  3.59  4.04  3.87  3.39  3.76  4.13  3.49  3.61  3.11  3.10     3.55  3.22  3.83  3.76  3.40
 45   60     2.99  3.40  3.39  3.75  3.53  3.08  3.40  3.80  3.26  3.45  3.03  3.06     3.34  3.15  3.56  3.42  3.25
 45   70     2.86  3.20  3.12  3.39  3.14  2.73  3.02  3.40  2.97  3.24  2.88  2.94     3.08  3.00  3.22  3.06  3.03
 45   80     2.67  2.94  2.81  3.01  2.74  2.38  2.63  2.98  2.65  2.96  2.68  2.77     2.77  2.79  2.86  2.66  2.76
 45   90     2.42  2.64  2.46  2.60  2.35  2.04  2.23  2.56  2.31  2.63  2.42  2.53     2.43  2.53  2.47  2.28  2.45
 60   10     2.52  3.16  3.65  4.49  4.65  4.18  4.61  4.78  3.74  3.38  2.64  2.44     3.69  2.71  4.26  4.52  3.25
 60   20     2.65  3.28  3.69  4.47  4.56  4.08  4.50  4.72  3.74  3.47  2.77  2.60     3.71  2.85  4.24  4.43  3.33
 60   30     2.73  3.32  3.66  4.38  4.39  3.91  4.32  4.59  3.68  3.51  2.84  2.70     3.67  2.92  4.14  4.27  3.34
 60   40     2.76  3.31  3.57  4.21  4.17  3.69  4.08  4.37  3.55  3.47  2.84  2.75     3.56  2.94  3.98  4.05  3.29
 60   50     2.72  3.24  3.42  3.99  3.90  3.43  3.79  4.12  3.37  3.38  2.80  2.75     3.41  2.90  3.77  3.78  3.18
 60   60     2.63  3.10  3.21  3.70  3.56  3.13  3.46  3.79  3.14  3.22  2.71  2.68     3.19  2.80  3.49  3.46  3.02
 60   70     2.50  2.91  2.96  3.38  3.22  2.81  3.11  3.44  2.88  3.00  2.55  2.54     2.94  2.65  3.19  3.12  2.81
 60   80     2.31  2.66  2.66  3.02  2.85  2.48  2.75  3.06  2.57  2.75  2.36  2.38     2.65  2.45  2.85  2.76  2.56
 60   90     2.08  2.40  2.36  2.65  2.47  2.16  2.38  2.66  2.27  2.45  2.12  2.16     2.35  2.21  2.50  2.40  2.28
 75   10     2.43  3.07  3.59  4.45  4.64  4.18  4.60  4.75  3.69  3.30  2.54  2.34     3.63  2.61  4.23  4.51  3.18
 75   20     2.46  3.10  3.57  4.40  4.54  4.07  4.49  4.67  3.65  3.32  2.59  2.40     3.61  2.65  4.17  4.41  3.19
 75   30     2.47  3.09  3.49  4.29  4.37  3.91  4.31  4.52  3.55  3.30  2.59  2.43     3.53  2.66  4.05  4.25  3.15
 75   40     2.43  3.02  3.37  4.11  4.14  3.69  4.07  4.31  3.41  3.23  2.55  2.41     3.40  2.62  3.87  4.03  3.06
 75   50     2.37  2.92  3.20  3.88  3.88  3.44  3.80  4.04  3.21  3.10  2.46  2.36     3.22  2.55  3.65  3.76  2.92
 75   60     2.25  2.77  2.99  3.61  3.57  3.16  3.49  3.75  2.99  2.94  2.36  2.27     3.01  2.43  3.39  3.47  2.76
 75   70     2.11  2.58  2.75  3.30  3.23  2.85  3.15  3.41  2.73  2.73  2.20  2.13     2.76  2.27  3.09  3.14  2.55
 75   80     1.94  2.36  2.48  2.98  2.89  2.54  2.81  3.06  2.46  2.50  2.02  1.98     2.50  2.09  2.79  2.80  2.33
 75   90     1.73  2.12  2.21  2.64  2.55  2.24  2.47  2.70  2.17  2.24  1.82  1.79     2.22  1.88  2.47  2.47  2.08
 90   10     2.32  2.97  3.52  4.41  4.63  4.17  4.59  4.72  3.64  3.21  2.45  2.22     3.57  2.50  4.18  4.50  3.10
 90   20     2.27  2.91  3.44  4.31  4.51  4.07  4.47  4.61  3.55  3.16  2.40  2.18     3.49  2.46  4.09  4.38  3.04
 90   30     2.19  2.83  3.31  4.17  4.33  3.90  4.29  4.44  3.41  3.06  2.33  2.13     3.37  2.38  3.94  4.21  2.94
 90   40     2.11  2.72  3.14  3.97  4.09  3.68  4.05  4.21  3.24  2.94  2.23  2.06     3.20  2.29  3.73  3.98  2.81
 90   50     1.99  2.57  2.96  3.73  3.83  3.43  3.77  3.93  3.03  2.80  2.13  1.96     3.01  2.17  3.50  3.71  2.65
 90   60     1.87  2.42  2.74  3.46  3.53  3.15  3.47  3.63  2.80  2.61  1.99  1.85     2.79  2.05  3.24  3.42  2.47
 90   70     1.72  2.22  2.51  3.17  3.21  2.86  3.15  3.32  2.56  2.43  1.85  1.72     2.56  1.89  2.96  3.11  2.28
 90   80     1.58  2.04  2.27  2.86  2.87  2.55  2.81  2.98  2.30  2.20  1.67  1.58     2.31  1.73  2.66  2.78  2.06
 90   90     1.41  1.82  2.01  2.55  2.55  2.26  2.48  2.65  2.05  1.99  1.52  1.43     2.06  1.56  2.37  2.46  1.85
105   10     2.21  2.87  3.45  4.36  4.61  4.17  4.59  4.69  3.59  3.12  2.35  2.11     3.51  2.40  4.14  4.48  3.02
105   20     2.07  2.73  3.29  4.22  4.48  4.06  4.45  4.54  3.44  2.99  2.20  1.97     3.37  2.26  4.00  4.35  2.88
105   30     1.92  2.56  3.11  4.03  4.27  3.88  4.25  4.33  3.26  2.82  2.06  1.83     3.19  2.10  3.80  4.15  2.71
105   40     1.77  2.39  2.90  3.79  4.02  3.65  3.99  4.07  3.05  2.65  1.92  1.70     2.99  1.96  3.57  3.90  2.54
105   50     1.64  2.22  2.68  3.53  3.73  3.39  3.70  3.78  2.83  2.46  1.78  1.58     2.78  1.82  3.31  3.62  2.36
105   60     1.51  2.04  2.46  3.25  3.43  3.11  3.39  3.46  2.59  2.28  1.63  1.46     2.55  1.67  3.04  3.32  2.17
105   70     1.37  1.88  2.24  2.96  3.11  2.81  3.07  3.15  2.34  2.09  1.50  1.34     2.32  1.53  2.77  3.01  1.98
105   80     1.25  1.70  2.01  2.68  2.78  2.51  2.75  2.84  2.11  1.91  1.36  1.22     2.09  1.39  2.49  2.70  1.79
105   90     1.12  1.53  1.80  2.39  2.46  2.22  2.43  2.52  1.87  1.71  1.23  1.11     1.87  1.26  2.22  2.39  1.61
120   10     2.11  2.78  3.38  4.32  4.60  4.17  4.58  4.66  3.54  3.03  2.25  2.00     3.45  2.30  4.10  4.47  2.94
120   20     1.88  2.54  3.16  4.13  4.44  4.05  4.43  4.47  3.34  2.81  2.02  1.76     3.25  2.06  3.91  4.32  2.73
120   30     1.66  2.30  2.91  3.88  4.21  3.86  4.21  4.21  3.11  2.58  1.80  1.55     3.02  1.84  3.67  4.09  2.50
120   40     1.47  2.07  2.65  3.60  3.92  3.61  3.93  3.91  2.85  2.35  1.61  1.38     2.78  1.64  3.39  3.82  2.27
120   50     1.31  1.86  2.40  3.30  3.61  3.33  3.61  3.58  2.60  2.13  1.45  1.23     2.53  1.47  3.10  3.51  2.06
120   60     1.18  1.69  2.16  3.00  3.28  3.02  3.28  3.24  2.35  1.93  1.31  1.11     2.29  1.33  2.81  3.18  1.86
120   70     1.07  1.54  1.94  2.70  2.95  2.72  2.94  2.92  2.11  1.76  1.19  1.02     2.07  1.21  2.53  2.86  1.68
120   80     0.97  1.38  1.75  2.43  2.63  2.42  2.62  2.62  1.88  1.60  1.08  0.92     1.86  1.09  2.27  2.55  1.52
120   90     0.89  1.26  1.56  2.18  2.33  2.14  2.32  2.33  1.68  1.44  0.98  0.85     1.66  1.00  2.02  2.26  1.37
135   10     2.03  2.69  3.32  4.28  4.58  4.17  4.57  4.63  3.49  2.96  2.17  1.91     3.40  2.21  4.06  4.46  2.87
135   20     1.71  2.37  3.04  4.04  4.41  4.04  4.42  4.41  3.25  2.66  1.86  1.58     3.15  1.89  3.83  4.29  2.59
135   30     1.42  2.05  2.72  3.74  4.15  3.83  4.17  4.10  2.97  2.34  1.57  1.29     2.86  1.59  3.54  4.04  2.29
135   40     1.19  1.77  2.41  3.39  3.82  3.57  3.85  3.74  2.66  2.05  1.33  1.08     2.57  1.35  3.21  3.72  2.02
135   50     1.03  1.54  2.12  3.04  3.46  3.25  3.49  3.36  2.36  1.80  1.16  0.93     2.29  1.17  2.87  3.37  1.77
135   60     0.92  1.37  1.87  2.70  3.09  2.91  3.12  2.98  2.09  1.60  1.03  0.84     2.04  1.04  2.55  3.00  1.57
135   70     0.84  1.23  1.66  2.41  2.74  2.59  2.76  2.64  1.86  1.44  0.94  0.77     1.82  0.95  2.27  2.66  1.41
135   80     0.78  1.12  1.49  2.15  2.42  2.29  2.44  2.34  1.66  1.31  0.86  0.72     1.63  0.88  2.02  2.36  1.27
135   90     0.72  1.03  1.34  1.92  2.14  2.02  2.15  2.08  1.49  1.19  0.80  0.68     1.46  0.81  1.80  2.08  1.16
150   10     1.96  2.63  3.28  4.25  4.58  4.17  4.57  4.61  3.46  2.90  2.10  1.83     3.36  2.14  4.03  4.45  2.82
150   20     1.57  2.23  2.94  3.97  4.38  4.04  4.41  4.36  3.18  2.52  1.72  1.42     3.06  1.74  3.76  4.27  2.48
150   30     1.21  1.83  2.56  3.62  4.11  3.83  4.15  4.02  2.85  2.14  1.37  1.07     2.73  1.37  3.43  4.00  2.12
150   40     0.96  1.49  2.18  3.21  3.75  3.54  3.81  3.60  2.48  1.77  1.08  0.83     2.39  1.09  3.05  3.65  1.78
150   50     0.83  1.24  1.84  2.79  3.33  3.20  3.40  3.15  2.13  1.48  0.92  0.73     2.09  0.93  2.65  3.25  1.51
150   60     0.77  1.09  1.58  2.39  2.89  2.81  2.96  2.70  1.83  1.29  0.84  0.69     1.82  0.85  2.29  2.82  1.32
150   70     0.74  1.01  1.40  2.08  2.49  2.43  2.54  2.33  1.61  1.17  0.79  0.67     1.60  0.80  1.99  2.43  1.19
150   80     0.70  0.94  1.27  1.84  2.16  2.12  2.20  2.04  1.44  1.09  0.75  0.64     1.43  0.76  1.76  2.12  1.09
150   90     0.67  0.89  1.16  1.66  1.91  1.86  1.93  1.82  1.31  1.01  0.71  0.61     1.29  0.72  1.58  1.87  1.01
165   10     1.92  2.58  3.25  4.23  4.57  4.17  4.58  4.59  3.44  2.85  2.06  1.78     3.33  2.09  4.01  4.45  2.78
165   20     1.47  2.13  2.88  3.93  4.38  4.04  4.41  4.33  3.13  2.43  1.63  1.31     3.01  1.64  3.73  4.26  2.40
165   30     1.05  1.67  2.46  3.55  4.09  3.83  4.16  3.97  2.77  1.99  1.20  0.90     2.64  1.21  3.37  3.98  1.99
165   40     0.82  1.25  2.01  3.10  3.73  3.55  3.81  3.53  2.37  1.54  0.89  0.73     2.28  0.93  2.95  3.63  1.60
165   50     0.79  1.00  1.60  2.60  3.29  3.20  3.40  3.03  1.94  1.20  0.83  0.71     1.97  0.84  2.49  3.21  1.33
165   60     0.77  0.96  1.33  2.09  2.80  2.80  2.93  2.47  1.59  1.07  0.80  0.69     1.69  0.81  2.07  2.73  1.15
165   70     0.73  0.92  1.20  1.75  2.26  2.36  2.41  1.99  1.39  1.01  0.77  0.66     1.46  0.77  1.74  2.25  1.06
165   80     0.70  0.88  1.13  1.56  1.91  1.95  1.98  1.73  1.27  0.96  0.74  0.64     1.29  0.74  1.53  1.89  0.99
165   90     0.67  0.84  1.06  1.43  1.69  1.70  1.74  1.56  1.18  0.92  0.70  0.61     1.18  0.71  1.40  1.67  0.93
180   10     1.90  2.56  3.24  4.22  4.57  4.17  4.58  4.59  3.44  2.84  2.04  1.76     3.33  2.07  4.01  4.45  2.77
180   20     1.43  2.10  2.86  3.91  4.38  4.04  4.42  4.31  3.13  2.40  1.59  1.28     2.99  1.60  3.72  4.26  2.37
180   30     1.00  1.60  2.42  3.52  4.10  3.83  4.16  3.95  2.75  1.92  1.15  0.85     2.60  1.15  3.35  3.98  1.94
180   40     0.82  1.14  1.95  3.06  3.73  3.55  3.83  3.51  2.33  1.43  0.86  0.73     2.24  0.90  2.91  3.63  1.54
180   50     0.79  0.99  1.44  2.55  3.29  3.21  3.42  3.00  1.88  1.08  0.83  0.71     1.93  0.83  2.43  3.21  1.26
180   60     0.77  0.96  1.21  1.99  2.80  2.81  2.95  2.44  1.40  1.04  0.80  0.69     1.65  0.81  2.00  2.73  1.08
180   70     0.73  0.92  1.16  1.52  2.26  2.37  2.43  1.84  1.28  1.00  0.77  0.66     1.41  0.77  1.65  2.21  1.02
180   80     0.70  0.88  1.10  1.40  1.80  1.90  1.91  1.55  1.21  0.95  0.74  0.64     1.23  0.74  1.43  1.79  0.97
180   90     0.67  0.84  1.04  1.31  1.61  1.64  1.67  1.43  1.14  0.91  0.70  0.61     1.13  0.71  1.32  1.58  0.92
             55.7  46.4  32.4  17.2   4.7   0.4   1.7  11.4  24.6  41.2  52.3  58.4     29.0  53.5  17.9   4.9  39.6
             3.65  3.96  4.02  4.58  4.68  4.22  4.65  4.83  3.93  3.99  3.59  3.72     4.15  3.77  4.37  4.55  3.78
             3.33  3.82  4.02  4.51  4.42  3.89  4.31  4.67  3.92  3.92  3.35  3.32     3.96  3.49  4.32  4.29  3.73
             1.10  1.04  1.00  1.02  1.06  1.08  1.08  1.03  1.00  1.02  1.07  1.12     1.05  1.08  1.02  1.07  1.03
             1.41  1.28  1.13  1.02  0.95  0.92  0.92  0.98  1.06  1.21  1.35  1.48     1.14  1.39  1.03  0.94  1.21
temperature   6.2   6.8   9.7  14.6  18.8  22.4  26.5  27.2  23.9  18.6  13.4   8.5     16.4   7.2  14.4  25.4  18.6
diffusedrad  1.13  1.40  1.75  2.10  2.35  2.40  2.37  2.22  1.91  1.52  1.17  1.01     1.78  1.18  2.07  2.33  1.53
snow10cm     0.00  0.00  0.00  0.00  0.00  0.00  0.00  0.00  0.00  0.00  0.00  0.00     0.00  0.00  0.00  0.00  0.00
