2 83341   犬飼            33  3.9  131 37.9  100
             2.41  3.05  3.58  4.46  4.70  4.24  4.75  4.76  3.75  3.30  2.54  2.27     3.65  2.58  4.25  4.58  3.19
             2.79  3.58  4.33  5.50  5.61  5.24  6.38  5.67  4.80  3.85  3.06  2.60     3.98  2.93  4.85  5.47  3.62
             1.98  2.27  2.44  3.77  3.88  3.26  3.60  3.85  2.91  2.84  2.03  1.90     3.31  2.18  3.70  3.92  2.79
  0   10     2.80  3.42  3.80  4.57  4.69  4.19  4.70  4.82  3.90  3.62  2.91  2.70     3.84  2.97  4.35  4.57  3.47
  0   20     3.14  3.70  3.95  4.58  4.60  4.08  4.58  4.78  3.98  3.86  3.22  3.07     3.96  3.31  4.38  4.48  3.68
  0   30     3.41  3.90  4.01  4.50  4.42  3.89  4.36  4.64  3.97  4.01  3.45  3.37     4.00  3.56  4.31  4.30  3.81
  0   40     3.60  4.01  3.99  4.33  4.14  3.63  4.07  4.40  3.88  4.06  3.60  3.58     3.94  3.73  4.15  4.03  3.85
  0   50     3.69  4.02  3.87  4.06  3.79  3.31  3.70  4.08  3.71  4.03  3.67  3.71     3.80  3.81  3.91  3.70  3.80
  0   60     3.69  3.94  3.67  3.71  3.38  2.94  3.27  3.67  3.46  3.89  3.64  3.74     3.58  3.79  3.59  3.29  3.66
  0   70     3.61  3.76  3.39  3.30  2.91  2.53  2.80  3.20  3.14  3.67  3.52  3.67     3.29  3.68  3.20  2.84  3.44
  0   80     3.43  3.50  3.04  2.81  2.41  2.11  2.30  2.68  2.76  3.37  3.32  3.51     2.94  3.48  2.75  2.36  3.15
  0   90     3.17  3.15  2.63  2.30  1.91  1.69  1.81  2.13  2.33  2.99  3.04  3.27     2.53  3.20  2.28  1.88  2.79
 15   10     2.78  3.40  3.79  4.56  4.69  4.19  4.70  4.82  3.89  3.61  2.89  2.68     3.83  2.96  4.35  4.57  3.46
 15   20     3.10  3.68  3.92  4.58  4.60  4.08  4.58  4.77  3.96  3.83  3.19  3.04     3.94  3.27  4.37  4.48  3.66
 15   30     3.35  3.87  3.98  4.51  4.42  3.89  4.37  4.64  3.95  3.97  3.41  3.32     3.97  3.51  4.30  4.30  3.78
 15   40     3.52  3.96  3.94  4.34  4.15  3.64  4.09  4.41  3.86  4.02  3.55  3.52     3.92  3.67  4.14  4.04  3.81
 15   50     3.60  3.97  3.82  4.08  3.81  3.32  3.72  4.09  3.69  3.97  3.61  3.63     3.77  3.73  3.90  3.71  3.75
 15   60     3.59  3.88  3.62  3.73  3.40  2.96  3.31  3.70  3.44  3.84  3.57  3.65     3.56  3.71  3.58  3.32  3.62
 15   70     3.50  3.69  3.33  3.33  2.95  2.56  2.84  3.24  3.12  3.61  3.45  3.58     3.27  3.59  3.21  2.88  3.39
 15   80     3.31  3.42  2.99  2.86  2.48  2.16  2.37  2.74  2.75  3.30  3.25  3.41     2.92  3.38  2.77  2.42  3.10
 15   90     3.05  3.08  2.58  2.37  1.99  1.76  1.89  2.22  2.34  2.93  2.97  3.17     2.53  3.10  2.31  1.96  2.74
 30   10     2.73  3.37  3.76  4.55  4.69  4.20  4.70  4.81  3.87  3.57  2.85  2.63     3.81  2.91  4.33  4.57  3.43
 30   20     3.00  3.60  3.87  4.57  4.60  4.08  4.58  4.77  3.93  3.77  3.11  2.94     3.90  3.18  4.35  4.48  3.60
 30   30     3.21  3.76  3.90  4.49  4.43  3.91  4.39  4.63  3.90  3.89  3.30  3.18     3.92  3.38  4.28  4.31  3.70
 30   40     3.34  3.83  3.86  4.32  4.17  3.66  4.11  4.41  3.80  3.92  3.40  3.34     3.85  3.50  4.12  4.06  3.71
 30   50     3.38  3.81  3.73  4.08  3.86  3.37  3.78  4.12  3.63  3.85  3.43  3.42     3.70  3.54  3.89  3.75  3.64
 30   60     3.35  3.70  3.52  3.75  3.47  3.02  3.39  3.74  3.38  3.71  3.37  3.41     3.48  3.49  3.58  3.38  3.49
 30   70     3.23  3.51  3.24  3.37  3.06  2.65  2.96  3.33  3.07  3.48  3.24  3.32     3.21  3.35  3.22  2.98  3.26
 30   80     3.04  3.23  2.91  2.94  2.62  2.28  2.52  2.86  2.73  3.18  3.02  3.14     2.87  3.14  2.82  2.55  2.98
 30   90     2.78  2.89  2.53  2.50  2.18  1.91  2.10  2.39  2.34  2.81  2.75  2.89     2.50  2.86  2.40  2.13  2.63
 45   10     2.66  3.30  3.72  4.53  4.69  4.20  4.70  4.79  3.84  3.52  2.79  2.56     3.77  2.84  4.31  4.56  3.38
 45   20     2.87  3.49  3.79  4.53  4.60  4.09  4.59  4.75  3.87  3.67  2.99  2.80     3.84  3.05  4.31  4.47  3.51
 45   30     3.02  3.60  3.80  4.44  4.43  3.92  4.39  4.61  3.82  3.75  3.12  2.98     3.82  3.20  4.22  4.31  3.56
 45   40     3.09  3.63  3.73  4.29  4.20  3.69  4.14  4.40  3.72  3.75  3.19  3.09     3.74  3.27  4.07  4.08  3.55
 45   50     3.10  3.58  3.58  4.04  3.89  3.40  3.83  4.12  3.54  3.67  3.18  3.12     3.59  3.26  3.84  3.78  3.46
 45   60     3.03  3.46  3.38  3.75  3.55  3.09  3.47  3.78  3.30  3.51  3.09  3.08     3.37  3.19  3.56  3.45  3.30
 45   70     2.90  3.26  3.11  3.39  3.16  2.75  3.08  3.39  3.01  3.30  2.94  2.96     3.10  3.04  3.22  3.07  3.08
 45   80     2.71  2.99  2.80  3.01  2.75  2.40  2.68  2.97  2.69  3.01  2.73  2.78     2.79  2.83  2.86  2.68  2.81
 45   90     2.45  2.68  2.45  2.60  2.36  2.05  2.28  2.56  2.33  2.67  2.47  2.54     2.45  2.56  2.47  2.29  2.49
 60   10     2.57  3.22  3.66  4.50  4.68  4.20  4.70  4.77  3.79  3.45  2.71  2.46     3.73  2.75  4.28  4.55  3.32
 60   20     2.70  3.34  3.69  4.48  4.59  4.09  4.59  4.71  3.79  3.54  2.83  2.63     3.75  2.89  4.25  4.46  3.39
 60   30     2.77  3.38  3.66  4.38  4.42  3.92  4.40  4.57  3.73  3.58  2.90  2.73     3.70  2.96  4.15  4.30  3.40
 60   40     2.80  3.38  3.56  4.21  4.19  3.70  4.16  4.36  3.60  3.54  2.91  2.77     3.60  2.98  3.99  4.07  3.35
 60   50     2.77  3.30  3.41  3.99  3.91  3.44  3.87  4.10  3.42  3.44  2.87  2.77     3.44  2.94  3.77  3.80  3.24
 60   60     2.67  3.15  3.20  3.70  3.58  3.14  3.53  3.78  3.18  3.28  2.77  2.69     3.22  2.84  3.49  3.48  3.07
 60   70     2.53  2.96  2.95  3.38  3.23  2.82  3.17  3.42  2.91  3.06  2.60  2.56     2.97  2.69  3.19  3.14  2.86
 60   80     2.34  2.71  2.66  3.02  2.86  2.50  2.80  3.04  2.60  2.80  2.41  2.39     2.68  2.48  2.85  2.78  2.60
 60   90     2.11  2.44  2.35  2.65  2.48  2.17  2.43  2.65  2.30  2.49  2.17  2.17     2.37  2.24  2.49  2.42  2.32
 75   10     2.47  3.13  3.60  4.46  4.67  4.19  4.69  4.74  3.75  3.37  2.61  2.36     3.67  2.65  4.24  4.54  3.24
 75   20     2.51  3.17  3.58  4.41  4.57  4.09  4.58  4.66  3.70  3.39  2.65  2.42     3.64  2.70  4.18  4.44  3.25
 75   30     2.52  3.15  3.49  4.29  4.40  3.92  4.39  4.51  3.61  3.37  2.65  2.45     3.56  2.71  4.06  4.28  3.21
 75   40     2.47  3.08  3.37  4.11  4.17  3.71  4.15  4.30  3.46  3.29  2.61  2.43     3.43  2.66  3.88  4.05  3.12
 75   50     2.40  2.98  3.20  3.88  3.90  3.46  3.87  4.03  3.26  3.16  2.52  2.37     3.25  2.59  3.66  3.79  2.98
 75   60     2.29  2.82  2.99  3.61  3.59  3.17  3.56  3.73  3.03  2.99  2.41  2.28     3.04  2.46  3.40  3.49  2.81
 75   70     2.14  2.63  2.75  3.30  3.25  2.86  3.21  3.39  2.76  2.78  2.25  2.14     2.79  2.31  3.10  3.16  2.60
 75   80     1.97  2.40  2.48  2.98  2.91  2.55  2.86  3.04  2.50  2.54  2.06  1.99     2.52  2.12  2.79  2.82  2.37
 75   90     1.76  2.16  2.20  2.64  2.56  2.24  2.52  2.69  2.20  2.28  1.86  1.80     2.24  1.91  2.47  2.48  2.11
 90   10     2.36  3.04  3.53  4.42  4.65  4.19  4.68  4.71  3.70  3.28  2.51  2.25     3.61  2.55  4.20  4.53  3.16
 90   20     2.31  2.97  3.44  4.32  4.54  4.08  4.56  4.60  3.60  3.23  2.46  2.21     3.53  2.50  4.10  4.41  3.10
 90   30     2.23  2.89  3.31  4.17  4.36  3.91  4.37  4.43  3.46  3.13  2.39  2.15     3.40  2.42  3.95  4.24  2.99
 90   40     2.15  2.77  3.15  3.98  4.12  3.69  4.13  4.20  3.29  3.01  2.28  2.08     3.24  2.33  3.75  4.01  2.86
 90   50     2.03  2.62  2.96  3.73  3.85  3.44  3.84  3.92  3.08  2.85  2.17  1.98     3.04  2.21  3.51  3.73  2.70
 90   60     1.91  2.46  2.74  3.46  3.54  3.16  3.54  3.62  2.84  2.67  2.03  1.87     2.82  2.08  3.25  3.44  2.51
 90   70     1.75  2.26  2.51  3.17  3.22  2.87  3.21  3.31  2.60  2.47  1.89  1.74     2.58  1.92  2.97  3.13  2.32
 90   80     1.61  2.08  2.27  2.85  2.88  2.56  2.86  2.97  2.33  2.24  1.71  1.59     2.33  1.76  2.67  2.79  2.10
 90   90     1.44  1.85  2.01  2.55  2.56  2.26  2.53  2.63  2.08  2.03  1.55  1.44     2.08  1.58  2.37  2.48  1.89
105   10     2.25  2.93  3.46  4.37  4.64  4.19  4.68  4.68  3.64  3.19  2.41  2.13     3.55  2.44  4.16  4.51  3.08
105   20     2.11  2.78  3.31  4.23  4.50  4.07  4.54  4.53  3.50  3.05  2.26  2.00     3.41  2.30  4.01  4.38  2.94
105   30     1.96  2.61  3.12  4.04  4.30  3.89  4.34  4.32  3.31  2.88  2.12  1.86     3.23  2.14  3.82  4.18  2.77
105   40     1.81  2.44  2.91  3.81  4.04  3.67  4.07  4.07  3.10  2.70  1.97  1.72     3.03  1.99  3.59  3.94  2.59
105   50     1.67  2.27  2.69  3.54  3.75  3.40  3.78  3.77  2.87  2.52  1.82  1.60     2.81  1.85  3.33  3.65  2.40
105   60     1.54  2.09  2.47  3.25  3.45  3.12  3.46  3.46  2.63  2.33  1.67  1.47     2.58  1.70  3.06  3.35  2.21
105   70     1.40  1.92  2.24  2.97  3.13  2.82  3.13  3.15  2.38  2.13  1.54  1.36     2.35  1.56  2.78  3.03  2.02
105   80     1.27  1.74  2.01  2.68  2.80  2.52  2.80  2.83  2.14  1.94  1.39  1.23     2.11  1.41  2.50  2.72  1.83
105   90     1.14  1.56  1.80  2.39  2.48  2.23  2.47  2.51  1.90  1.75  1.26  1.12     1.89  1.28  2.22  2.40  1.64
120   10     2.15  2.84  3.39  4.33  4.62  4.18  4.67  4.65  3.59  3.10  2.31  2.02     3.49  2.34  4.12  4.50  3.00
120   20     1.92  2.60  3.18  4.14  4.46  4.06  4.52  4.47  3.40  2.88  2.08  1.79     3.29  2.10  3.93  4.35  2.78
120   30     1.69  2.35  2.93  3.90  4.24  3.87  4.29  4.21  3.16  2.64  1.85  1.58     3.06  1.87  3.69  4.13  2.55
120   40     1.50  2.12  2.67  3.61  3.95  3.63  4.01  3.91  2.90  2.40  1.65  1.40     2.81  1.67  3.41  3.85  2.32
120   50     1.34  1.90  2.42  3.31  3.63  3.34  3.69  3.58  2.64  2.18  1.48  1.25     2.56  1.50  3.12  3.54  2.10
120   60     1.20  1.73  2.18  3.01  3.30  3.04  3.34  3.24  2.39  1.97  1.34  1.12     2.32  1.35  2.83  3.21  1.90
120   70     1.09  1.57  1.96  2.71  2.97  2.74  3.00  2.92  2.15  1.79  1.22  1.03     2.10  1.23  2.55  2.89  1.72
120   80     0.99  1.41  1.76  2.44  2.65  2.44  2.68  2.61  1.91  1.63  1.11  0.94     1.88  1.11  2.28  2.58  1.55
120   90     0.90  1.29  1.57  2.18  2.35  2.15  2.37  2.33  1.71  1.47  1.00  0.86     1.68  1.02  2.03  2.28  1.39
135   10     2.07  2.75  3.34  4.29  4.61  4.18  4.66  4.62  3.55  3.02  2.22  1.93     3.44  2.25  4.08  4.49  2.93
135   20     1.74  2.42  3.06  4.06  4.44  4.06  4.50  4.40  3.31  2.72  1.91  1.60     3.19  1.92  3.85  4.32  2.64
135   30     1.45  2.10  2.75  3.76  4.18  3.85  4.26  4.10  3.02  2.40  1.62  1.31     2.90  1.62  3.56  4.07  2.34
135   40     1.22  1.81  2.43  3.41  3.85  3.59  3.94  3.75  2.71  2.10  1.37  1.09     2.61  1.37  3.23  3.76  2.06
135   50     1.05  1.57  2.14  3.06  3.49  3.27  3.57  3.37  2.41  1.84  1.19  0.95     2.33  1.19  2.90  3.40  1.81
135   60     0.94  1.40  1.89  2.72  3.12  2.93  3.19  2.99  2.13  1.63  1.06  0.85     2.07  1.06  2.58  3.04  1.61
135   70     0.86  1.26  1.68  2.42  2.76  2.61  2.82  2.65  1.89  1.47  0.96  0.79     1.85  0.97  2.29  2.69  1.44
135   80     0.80  1.14  1.51  2.16  2.44  2.31  2.49  2.35  1.69  1.34  0.88  0.73     1.65  0.89  2.04  2.38  1.30
135   90     0.74  1.06  1.36  1.93  2.16  2.03  2.19  2.08  1.51  1.22  0.82  0.69     1.48  0.83  1.82  2.10  1.19
150   10     2.00  2.68  3.29  4.26  4.60  4.18  4.66  4.60  3.52  2.96  2.15  1.85     3.40  2.18  4.05  4.48  2.88
150   20     1.60  2.28  2.96  3.99  4.41  4.05  4.50  4.36  3.24  2.58  1.77  1.45     3.10  1.78  3.79  4.30  2.53
150   30     1.24  1.88  2.59  3.64  4.14  3.85  4.24  4.02  2.90  2.19  1.41  1.09     2.76  1.40  3.46  4.03  2.17
150   40     0.98  1.52  2.21  3.24  3.78  3.56  3.89  3.62  2.54  1.82  1.12  0.85     2.43  1.12  3.08  3.69  1.82
150   50     0.84  1.27  1.87  2.81  3.36  3.22  3.48  3.16  2.18  1.52  0.94  0.74     2.12  0.95  2.68  3.29  1.55
150   60     0.79  1.12  1.61  2.42  2.92  2.84  3.03  2.72  1.87  1.32  0.86  0.71     1.85  0.87  2.31  2.86  1.35
150   70     0.75  1.03  1.43  2.10  2.52  2.46  2.61  2.34  1.65  1.20  0.81  0.68     1.63  0.82  2.02  2.47  1.22
150   80     0.72  0.96  1.29  1.86  2.19  2.14  2.26  2.06  1.48  1.11  0.77  0.65     1.46  0.78  1.78  2.15  1.12
150   90     0.68  0.91  1.18  1.67  1.94  1.88  1.98  1.83  1.34  1.03  0.73  0.62     1.31  0.74  1.60  1.90  1.03
165   10     1.96  2.64  3.26  4.24  4.60  4.18  4.67  4.59  3.50  2.92  2.11  1.80     3.37  2.13  4.04  4.48  2.84
165   20     1.50  2.18  2.90  3.95  4.41  4.06  4.50  4.33  3.19  2.49  1.67  1.34     3.04  1.68  3.75  4.29  2.45
165   30     1.08  1.71  2.49  3.57  4.13  3.85  4.24  3.98  2.83  2.04  1.24  0.92     2.67  1.24  3.40  4.02  2.04
165   40     0.83  1.28  2.05  3.13  3.76  3.57  3.90  3.55  2.42  1.58  0.92  0.75     2.31  0.95  2.98  3.67  1.64
165   50     0.81  1.03  1.63  2.63  3.33  3.22  3.48  3.05  1.99  1.24  0.85  0.73     2.00  0.85  2.53  3.25  1.36
165   60     0.78  0.98  1.36  2.13  2.83  2.83  3.00  2.50  1.63  1.10  0.82  0.70     1.72  0.82  2.11  2.78  1.18
165   70     0.75  0.94  1.24  1.78  2.30  2.39  2.47  2.02  1.43  1.04  0.79  0.68     1.49  0.79  1.77  2.29  1.09
165   80     0.72  0.90  1.16  1.59  1.94  1.98  2.03  1.75  1.30  0.99  0.76  0.65     1.31  0.76  1.56  1.92  1.02
165   90     0.68  0.86  1.09  1.45  1.72  1.73  1.78  1.59  1.21  0.94  0.72  0.62     1.20  0.72  1.42  1.70  0.96
180   10     1.94  2.62  3.26  4.23  4.60  4.19  4.67  4.58  3.49  2.90  2.10  1.78     3.36  2.11  4.03  4.48  2.83
180   20     1.46  2.15  2.88  3.93  4.41  4.06  4.51  4.32  3.18  2.45  1.64  1.30     3.02  1.64  3.74  4.29  2.42
180   30     1.02  1.65  2.45  3.54  4.13  3.85  4.25  3.96  2.81  1.97  1.18  0.87     2.64  1.18  3.38  4.02  1.99
180   40     0.83  1.17  1.98  3.09  3.77  3.57  3.91  3.52  2.38  1.47  0.88  0.75     2.28  0.92  2.95  3.67  1.58
180   50     0.81  1.02  1.49  2.58  3.33  3.23  3.49  3.02  1.93  1.11  0.85  0.73     1.97  0.85  2.47  3.25  1.29
180   60     0.78  0.98  1.24  2.03  2.84  2.83  3.02  2.47  1.44  1.07  0.82  0.70     1.69  0.82  2.04  2.77  1.11
180   70     0.75  0.94  1.19  1.56  2.30  2.40  2.49  1.88  1.32  1.02  0.79  0.68     1.44  0.79  1.68  2.26  1.04
180   80     0.72  0.90  1.13  1.43  1.84  1.93  1.96  1.59  1.24  0.98  0.76  0.65     1.26  0.76  1.46  1.83  0.99
180   90     0.68  0.86  1.07  1.34  1.64  1.67  1.72  1.46  1.17  0.93  0.72  0.62     1.16  0.72  1.35  1.61  0.94
             55.5  46.2  31.9  16.9   4.6   0.5   1.6  11.2  24.4  41.0  52.1  58.1     28.9  53.2  17.6   4.8  39.4
             3.70  4.03  4.01  4.59  4.71  4.23  4.74  4.82  3.98  4.06  3.67  3.74     4.19  3.81  4.38  4.58  3.85
             3.38  3.89  4.01  4.52  4.44  3.91  4.39  4.66  3.98  4.00  3.43  3.34     4.00  3.54  4.32  4.32  3.80
             1.09  1.04  1.00  1.02  1.06  1.08  1.08  1.03  1.00  1.01  1.07  1.12     1.05  1.08  1.03  1.07  1.03
             1.40  1.28  1.12  1.01  0.94  0.92  0.92  0.98  1.06  1.21  1.35  1.47     1.14  1.38  1.03  0.94  1.21
temperature   4.2   5.2   8.5  13.8  18.2  21.8  25.7  26.1  22.5  16.7  11.3   6.3     15.0   5.2  13.5  24.5  16.8
diffusedrad  1.15  1.44  1.80  2.16  2.42  2.48  2.46  2.28  1.97  1.56  1.21  1.03     1.83  1.21  2.13  2.41  1.58
snow10cm     0.00  0.00  0.00  0.00  0.00  0.00  0.00  0.00  0.00  0.00  0.00  0.00     0.00  0.00  0.00  0.00  0.00
