1 84072   厳原            34 11.8  129 17.5    4
             2.39  3.00  3.59  4.54  4.94  4.31  4.09  4.43  3.55  3.40  2.61  2.33     3.60  2.57  4.36  4.28  3.19
             3.00  3.78  4.35  5.02  5.70  5.38  5.89  5.39  4.29  4.00  3.13  2.78     3.88  2.93  4.77  5.14  3.41
             1.87  1.61  2.31  3.60  3.98  3.46  2.79  3.15  2.64  2.63  1.99  1.76     3.14  2.04  3.56  3.38  2.84
  0   10     2.77  3.35  3.78  4.67  4.94  4.26  4.08  4.48  3.67  3.70  2.98  2.78     3.79  2.96  4.46  4.28  3.45
  0   20     3.10  3.62  3.92  4.70  4.85  4.16  3.99  4.45  3.74  3.94  3.30  3.16     3.91  3.29  4.49  4.20  3.66
  0   30     3.37  3.81  3.99  4.62  4.66  3.97  3.83  4.33  3.73  4.09  3.54  3.47     3.95  3.55  4.42  4.04  3.79
  0   40     3.55  3.91  3.96  4.45  4.39  3.72  3.60  4.13  3.64  4.14  3.70  3.70     3.91  3.72  4.27  3.81  3.83
  0   50     3.64  3.92  3.85  4.19  4.03  3.41  3.31  3.84  3.48  4.11  3.77  3.83     3.78  3.80  4.02  3.52  3.79
  0   60     3.65  3.84  3.65  3.85  3.60  3.04  2.97  3.49  3.26  3.97  3.75  3.87     3.58  3.79  3.70  3.17  3.66
  0   70     3.57  3.67  3.38  3.43  3.11  2.63  2.59  3.07  2.97  3.75  3.64  3.81     3.30  3.68  3.31  2.77  3.45
  0   80     3.40  3.42  3.04  2.95  2.59  2.21  2.19  2.61  2.63  3.44  3.44  3.65     2.96  3.49  2.86  2.34  3.17
  0   90     3.15  3.09  2.64  2.42  2.05  1.79  1.78  2.13  2.24  3.06  3.16  3.40     2.58  3.21  2.37  1.90  2.82
 15   10     2.76  3.33  3.77  4.67  4.94  4.26  4.08  4.48  3.66  3.69  2.97  2.76     3.78  2.95  4.46  4.27  3.44
 15   20     3.09  3.59  3.91  4.69  4.85  4.16  3.99  4.45  3.72  3.92  3.27  3.12     3.90  3.27  4.48  4.20  3.64
 15   30     3.34  3.77  3.96  4.62  4.67  3.98  3.83  4.33  3.71  4.07  3.50  3.41     3.93  3.51  4.42  4.05  3.76
 15   40     3.52  3.86  3.92  4.46  4.40  3.73  3.60  4.13  3.62  4.12  3.65  3.62     3.88  3.67  4.26  3.82  3.79
 15   50     3.61  3.86  3.81  4.20  4.04  3.42  3.32  3.84  3.46  4.08  3.70  3.74     3.76  3.74  4.01  3.53  3.75
 15   60     3.61  3.77  3.61  3.86  3.63  3.06  2.99  3.50  3.23  3.94  3.67  3.77     3.55  3.72  3.70  3.18  3.61
 15   70     3.53  3.59  3.33  3.45  3.15  2.67  2.61  3.10  2.94  3.71  3.55  3.69     3.28  3.61  3.31  2.79  3.40
 15   80     3.36  3.33  3.00  2.98  2.65  2.26  2.23  2.65  2.61  3.40  3.35  3.53     2.95  3.41  2.88  2.38  3.12
 15   90     3.11  3.00  2.60  2.48  2.14  1.85  1.84  2.18  2.24  3.02  3.07  3.29     2.57  3.13  2.41  1.96  2.77
 30   10     2.73  3.29  3.74  4.65  4.93  4.26  4.08  4.47  3.65  3.66  2.92  2.70     3.76  2.91  4.44  4.27  3.41
 30   20     3.02  3.51  3.85  4.67  4.84  4.16  3.99  4.43  3.69  3.86  3.19  3.02     3.85  3.18  4.46  4.20  3.58
 30   30     3.24  3.66  3.88  4.59  4.67  3.99  3.84  4.32  3.66  3.98  3.38  3.27     3.87  3.39  4.38  4.05  3.67
 30   40     3.39  3.72  3.84  4.43  4.41  3.75  3.62  4.12  3.56  4.00  3.49  3.43     3.81  3.51  4.23  3.83  3.69
 30   50     3.45  3.70  3.71  4.18  4.08  3.45  3.35  3.85  3.40  3.94  3.52  3.51     3.68  3.55  3.99  3.55  3.62
 30   60     3.43  3.59  3.50  3.86  3.69  3.11  3.03  3.52  3.18  3.80  3.46  3.51     3.47  3.51  3.68  3.22  3.48
 30   70     3.33  3.40  3.23  3.48  3.25  2.74  2.68  3.14  2.90  3.57  3.33  3.42     3.21  3.38  3.32  2.85  3.26
 30   80     3.15  3.14  2.91  3.04  2.79  2.36  2.32  2.73  2.58  3.26  3.11  3.24     2.89  3.18  2.91  2.47  2.98
 30   90     2.90  2.82  2.53  2.59  2.33  1.99  1.96  2.30  2.22  2.89  2.83  2.99     2.53  2.90  2.48  2.08  2.65
 45   10     2.66  3.23  3.70  4.63  4.92  4.26  4.08  4.45  3.62  3.61  2.86  2.63     3.72  2.84  4.42  4.26  3.36
 45   20     2.90  3.40  3.77  4.63  4.84  4.16  3.99  4.41  3.64  3.76  3.06  2.87     3.79  3.06  4.41  4.19  3.48
 45   30     3.06  3.50  3.78  4.54  4.66  3.99  3.84  4.29  3.59  3.84  3.20  3.05     3.78  3.21  4.33  4.04  3.54
 45   40     3.16  3.52  3.71  4.38  4.42  3.76  3.63  4.09  3.48  3.84  3.26  3.16     3.70  3.28  4.17  3.83  3.53
 45   50     3.19  3.47  3.57  4.14  4.11  3.48  3.38  3.84  3.31  3.75  3.25  3.19     3.56  3.29  3.94  3.57  3.44
 45   60     3.14  3.35  3.36  3.84  3.75  3.16  3.08  3.52  3.09  3.59  3.17  3.15     3.35  3.21  3.65  3.25  3.28
 45   70     3.03  3.15  3.09  3.47  3.35  2.82  2.76  3.17  2.82  3.37  3.02  3.04     3.09  3.07  3.30  2.92  3.07
 45   80     2.84  2.90  2.79  3.08  2.91  2.47  2.42  2.79  2.52  3.07  2.81  2.86     2.79  2.87  2.93  2.56  2.80
 45   90     2.59  2.60  2.44  2.67  2.50  2.12  2.08  2.41  2.19  2.73  2.53  2.62     2.46  2.60  2.54  2.20  2.49
 60   10     2.58  3.15  3.65  4.59  4.91  4.26  4.07  4.43  3.58  3.54  2.77  2.53     3.67  2.75  4.38  4.25  3.30
 60   20     2.73  3.26  3.68  4.57  4.82  4.16  3.99  4.37  3.57  3.63  2.90  2.69     3.70  2.89  4.35  4.17  3.37
 60   30     2.84  3.30  3.64  4.47  4.65  3.99  3.84  4.24  3.50  3.66  2.97  2.79     3.66  2.97  4.25  4.03  3.38
 60   40     2.88  3.28  3.54  4.29  4.41  3.77  3.64  4.04  3.37  3.61  2.98  2.84     3.56  3.00  4.08  3.82  3.32
 60   50     2.86  3.19  3.39  4.06  4.12  3.51  3.40  3.80  3.20  3.51  2.93  2.83     3.40  2.96  3.86  3.57  3.21
 60   60     2.79  3.06  3.18  3.77  3.77  3.21  3.12  3.50  2.98  3.33  2.83  2.75     3.19  2.87  3.58  3.27  3.04
 60   70     2.67  2.86  2.93  3.44  3.40  2.88  2.81  3.17  2.73  3.11  2.66  2.63     2.94  2.72  3.25  2.95  2.84
 60   80     2.48  2.62  2.64  3.08  3.02  2.55  2.50  2.83  2.44  2.84  2.46  2.45     2.66  2.52  2.91  2.62  2.58
 60   90     2.26  2.35  2.33  2.69  2.62  2.22  2.18  2.46  2.15  2.54  2.21  2.22     2.35  2.28  2.55  2.29  2.30
 75   10     2.48  3.07  3.58  4.55  4.90  4.25  4.07  4.41  3.54  3.45  2.67  2.42     3.62  2.66  4.34  4.24  3.22
 75   20     2.55  3.09  3.56  4.49  4.79  4.15  3.98  4.32  3.49  3.47  2.71  2.48     3.59  2.70  4.28  4.15  3.23
 75   30     2.58  3.07  3.48  4.37  4.62  3.98  3.83  4.18  3.39  3.43  2.71  2.51     3.51  2.72  4.15  4.00  3.18
 75   40     2.56  2.99  3.35  4.18  4.37  3.76  3.63  3.98  3.25  3.36  2.67  2.48     3.38  2.68  3.97  3.79  3.09
 75   50     2.51  2.89  3.18  3.94  4.09  3.51  3.39  3.73  3.06  3.21  2.58  2.43     3.21  2.61  3.73  3.54  2.95
 75   60     2.40  2.72  2.96  3.66  3.77  3.22  3.13  3.45  2.84  3.04  2.46  2.33     3.00  2.48  3.46  3.26  2.78
 75   70     2.28  2.54  2.72  3.35  3.41  2.91  2.84  3.13  2.60  2.81  2.29  2.19     2.76  2.34  3.16  2.96  2.56
 75   80     2.11  2.32  2.45  3.01  3.04  2.59  2.53  2.80  2.33  2.58  2.11  2.03     2.49  2.15  2.84  2.64  2.34
 75   90     1.91  2.08  2.18  2.67  2.68  2.28  2.23  2.47  2.06  2.30  1.89  1.83     2.22  1.94  2.51  2.33  2.09
 90   10     2.37  2.97  3.51  4.51  4.88  4.25  4.06  4.38  3.50  3.36  2.57  2.30     3.56  2.55  4.30  4.23  3.14
 90   20     2.35  2.91  3.43  4.40  4.76  4.14  3.96  4.27  3.41  3.30  2.51  2.26     3.48  2.51  4.20  4.12  3.07
 90   30     2.30  2.81  3.30  4.24  4.56  3.97  3.81  4.10  3.27  3.20  2.44  2.19     3.35  2.43  4.04  3.96  2.97
 90   40     2.23  2.70  3.13  4.04  4.32  3.74  3.61  3.89  3.10  3.06  2.34  2.12     3.19  2.35  3.83  3.75  2.83
 90   50     2.13  2.55  2.94  3.78  4.02  3.48  3.37  3.63  2.90  2.90  2.22  2.02     3.00  2.23  3.58  3.49  2.67
 90   60     2.02  2.39  2.72  3.49  3.71  3.20  3.10  3.34  2.67  2.71  2.08  1.91     2.78  2.11  3.31  3.21  2.49
 90   70     1.89  2.20  2.48  3.20  3.37  2.90  2.82  3.04  2.44  2.50  1.92  1.76     2.54  1.95  3.02  2.92  2.29
 90   80     1.74  2.01  2.25  2.88  3.01  2.59  2.53  2.73  2.19  2.27  1.75  1.63     2.30  1.79  2.71  2.62  2.07
 90   90     1.57  1.79  1.99  2.56  2.67  2.29  2.23  2.41  1.94  2.05  1.58  1.47     2.04  1.61  2.40  2.31  1.86
105   10     2.26  2.88  3.45  4.46  4.86  4.25  4.05  4.35  3.45  3.27  2.47  2.18     3.49  2.44  4.26  4.22  3.06
105   20     2.14  2.73  3.29  4.31  4.72  4.13  3.95  4.21  3.32  3.12  2.32  2.04     3.36  2.30  4.11  4.09  2.92
105   30     2.02  2.56  3.11  4.10  4.50  3.94  3.78  4.01  3.14  2.95  2.16  1.90     3.18  2.16  3.90  3.91  2.75
105   40     1.89  2.38  2.90  3.86  4.22  3.71  3.57  3.77  2.94  2.76  2.01  1.76     2.98  2.01  3.66  3.68  2.57
105   50     1.76  2.21  2.68  3.59  3.91  3.44  3.32  3.50  2.72  2.56  1.86  1.63     2.76  1.87  3.39  3.42  2.38
105   60     1.64  2.04  2.45  3.29  3.59  3.15  3.04  3.20  2.49  2.37  1.70  1.51     2.54  1.73  3.11  3.13  2.19
105   70     1.51  1.86  2.23  2.98  3.25  2.85  2.77  2.90  2.25  2.17  1.57  1.38     2.31  1.58  2.82  2.84  2.00
105   80     1.39  1.69  2.00  2.70  2.92  2.55  2.48  2.61  2.03  1.96  1.41  1.26     2.08  1.45  2.54  2.55  1.80
105   90     1.26  1.51  1.79  2.41  2.58  2.25  2.20  2.31  1.80  1.77  1.28  1.14     1.86  1.30  2.26  2.25  1.62
120   10     2.16  2.78  3.38  4.42  4.85  4.24  4.05  4.32  3.41  3.18  2.37  2.07     3.44  2.34  4.21  4.20  2.98
120   20     1.94  2.55  3.17  4.21  4.67  4.11  3.93  4.15  3.23  2.95  2.13  1.83     3.24  2.11  4.02  4.07  2.77
120   30     1.74  2.31  2.92  3.96  4.42  3.92  3.75  3.92  3.01  2.70  1.90  1.61     3.01  1.89  3.77  3.86  2.54
120   40     1.56  2.09  2.67  3.66  4.12  3.67  3.51  3.64  2.77  2.45  1.70  1.43     2.77  1.69  3.48  3.61  2.31
120   50     1.42  1.88  2.42  3.35  3.78  3.38  3.24  3.33  2.53  2.23  1.52  1.28     2.53  1.53  3.18  3.32  2.09
120   60     1.30  1.70  2.18  3.04  3.43  3.07  2.96  3.02  2.29  2.02  1.37  1.16     2.29  1.39  2.88  3.02  1.89
120   70     1.18  1.54  1.96  2.74  3.08  2.76  2.67  2.72  2.06  1.82  1.25  1.05     2.07  1.26  2.59  2.72  1.71
120   80     1.10  1.40  1.76  2.45  2.75  2.46  2.39  2.42  1.85  1.66  1.13  0.97     1.86  1.15  2.32  2.42  1.54
120   90     1.00  1.26  1.58  2.19  2.44  2.17  2.12  2.16  1.64  1.49  1.03  0.89     1.67  1.05  2.07  2.15  1.39
135   10     2.06  2.70  3.33  4.38  4.83  4.24  4.04  4.30  3.37  3.10  2.28  1.98     3.38  2.25  4.18  4.19  2.92
135   20     1.76  2.39  3.05  4.13  4.64  4.10  3.91  4.10  3.15  2.79  1.96  1.64     3.13  1.93  3.94  4.04  2.63
135   30     1.49  2.08  2.75  3.82  4.36  3.89  3.72  3.83  2.89  2.46  1.66  1.35     2.86  1.64  3.64  3.81  2.34
135   40     1.27  1.80  2.44  3.46  4.01  3.62  3.46  3.50  2.61  2.15  1.41  1.13     2.57  1.40  3.30  3.53  2.06
135   50     1.12  1.57  2.15  3.10  3.62  3.30  3.16  3.15  2.33  1.89  1.23  0.99     2.30  1.23  2.96  3.21  1.81
135   60     1.02  1.40  1.91  2.76  3.23  2.96  2.85  2.81  2.08  1.68  1.10  0.90     2.06  1.11  2.63  2.88  1.62
135   70     0.94  1.27  1.70  2.45  2.86  2.64  2.54  2.50  1.85  1.52  1.00  0.82     1.84  1.01  2.34  2.56  1.46
135   80     0.88  1.16  1.53  2.19  2.53  2.33  2.26  2.22  1.66  1.38  0.92  0.77     1.65  0.93  2.08  2.27  1.32
135   90     0.81  1.06  1.37  1.96  2.24  2.06  2.00  1.97  1.49  1.25  0.85  0.72     1.48  0.86  1.86  2.01  1.20
150   10     1.99  2.64  3.29  4.35  4.82  4.24  4.04  4.28  3.34  3.04  2.21  1.90     3.35  2.18  4.15  4.19  2.87
150   20     1.61  2.25  2.96  4.06  4.61  4.10  3.90  4.06  3.09  2.66  1.82  1.48     3.05  1.78  3.88  4.02  2.52
150   30     1.27  1.87  2.60  3.70  4.31  3.88  3.70  3.76  2.80  2.25  1.45  1.13     2.73  1.42  3.54  3.78  2.17
150   40     1.02  1.53  2.23  3.29  3.93  3.60  3.42  3.39  2.47  1.88  1.16  0.89     2.40  1.15  3.15  3.47  1.84
150   50     0.90  1.30  1.90  2.85  3.48  3.25  3.10  2.99  2.15  1.58  1.00  0.80     2.11  1.00  2.74  3.11  1.58
150   60     0.85  1.16  1.65  2.46  3.02  2.86  2.73  2.59  1.87  1.39  0.92  0.76     1.86  0.92  2.37  2.73  1.39
150   70     0.80  1.07  1.47  2.14  2.60  2.48  2.39  2.26  1.66  1.26  0.86  0.73     1.64  0.87  2.07  2.38  1.26
150   80     0.76  1.00  1.34  1.91  2.27  2.17  2.10  1.99  1.49  1.17  0.82  0.70     1.48  0.82  1.84  2.09  1.16
150   90     0.72  0.93  1.22  1.71  2.01  1.91  1.86  1.77  1.35  1.09  0.77  0.66     1.33  0.77  1.65  1.85  1.07
165   10     1.94  2.60  3.26  4.33  4.82  4.24  4.04  4.27  3.33  3.00  2.17  1.85     3.32  2.13  4.14  4.18  2.83
165   20     1.50  2.16  2.90  4.02  4.61  4.10  3.90  4.04  3.06  2.56  1.72  1.37     3.00  1.68  3.85  4.01  2.45
165   30     1.10  1.72  2.50  3.63  4.30  3.89  3.69  3.72  2.74  2.10  1.28  0.96     2.64  1.26  3.48  3.77  2.04
165   40     0.89  1.31  2.07  3.18  3.91  3.60  3.41  3.34  2.37  1.65  0.97  0.81     2.29  1.01  3.05  3.45  1.66
165   50     0.86  1.10  1.67  2.67  3.45  3.25  3.08  2.90  1.99  1.31  0.92  0.79     2.00  0.92  2.60  3.08  1.41
165   60     0.83  1.05  1.43  2.17  2.92  2.85  2.70  2.41  1.68  1.19  0.89  0.76     1.74  0.88  2.17  2.65  1.25
165   70     0.79  1.00  1.31  1.84  2.36  2.41  2.28  2.00  1.49  1.12  0.85  0.73     1.52  0.84  1.84  2.23  1.16
165   80     0.75  0.95  1.22  1.65  2.01  2.01  1.94  1.76  1.37  1.07  0.81  0.70     1.35  0.80  1.63  1.91  1.08
165   90     0.71  0.90  1.14  1.51  1.79  1.77  1.72  1.59  1.26  1.01  0.77  0.66     1.24  0.76  1.48  1.69  1.01
180   10     1.93  2.59  3.25  4.32  4.82  4.24  4.03  4.27  3.32  2.98  2.15  1.83     3.31  2.12  4.13  4.18  2.82
180   20     1.47  2.13  2.89  4.00  4.61  4.10  3.90  4.03  3.05  2.53  1.68  1.34     2.98  1.64  3.84  4.01  2.42
180   30     1.04  1.65  2.47  3.61  4.31  3.89  3.69  3.71  2.72  2.04  1.22  0.90     2.61  1.20  3.46  3.76  1.99
180   40     0.89  1.21  2.01  3.15  3.92  3.61  3.41  3.33  2.35  1.53  0.95  0.81     2.26  0.97  3.03  3.45  1.61
180   50     0.86  1.10  1.53  2.63  3.46  3.26  3.08  2.88  1.94  1.21  0.92  0.79     1.97  0.92  2.54  3.07  1.36
180   60     0.83  1.05  1.33  2.08  2.94  2.86  2.70  2.39  1.53  1.17  0.89  0.76     1.71  0.88  2.12  2.65  1.19
180   70     0.79  1.00  1.27  1.64  2.37  2.42  2.28  1.88  1.42  1.12  0.85  0.73     1.48  0.84  1.76  2.19  1.13
180   80     0.75  0.95  1.20  1.51  1.92  1.97  1.87  1.65  1.33  1.06  0.81  0.70     1.31  0.80  1.54  1.83  1.07
180   90     0.71  0.90  1.13  1.41  1.72  1.72  1.66  1.51  1.24  1.00  0.77  0.66     1.20  0.76  1.42  1.63  1.00
             55.8  46.2  32.0  17.6   5.5   1.5   2.7  11.7  23.7  40.9  52.6  58.8     29.8  53.7  17.9   5.6  40.0
             3.66  3.93  3.99  4.70  4.95  4.29  4.10  4.48  3.74  4.15  3.78  3.87     4.14  3.81  4.49  4.28  3.83
             3.36  3.81  3.99  4.62  4.67  3.98  3.83  4.33  3.73  4.09  3.54  3.47     3.95  3.55  4.43  4.05  3.79
             1.09  1.03  1.00  1.02  1.06  1.08  1.07  1.03  1.00  1.01  1.07  1.12     1.05  1.08  1.03  1.06  1.03
             1.41  1.27  1.11  1.02  0.95  0.92  0.94  0.98  1.05  1.20  1.36  1.49     1.14  1.39  1.02  0.95  1.20
temperature   5.6   6.5   9.6  14.0  17.8  21.0  25.1  26.4  23.1  18.3  13.0   8.0     15.7   6.7  13.8  24.2  18.1
diffusedrad  1.23  1.54  1.94  2.33  2.58  2.62  2.54  2.45  2.11  1.73  1.31  1.14     1.96  1.30  2.28  2.54  1.72
snow10cm     0.00  0.00  0.00  0.00  0.00  0.00  0.00  0.00  0.00  0.00  0.00  0.00     0.00  0.00  0.00  0.00  0.00
