1 84266   佐世保          33  9.5  129 43.6    4
             2.03  2.79  3.56  4.47  4.87  4.29  4.71  4.93  4.13  3.54  2.48  2.01     3.65  2.28  4.30  4.64  3.38
             2.30  3.30  4.33  5.08  5.78  5.20  6.51  5.85  5.00  4.03  2.80  2.41     3.92  2.47  4.90  5.48  3.62
             1.75  2.27  2.62  3.87  3.79  3.10  3.59  3.83  3.45  3.06  2.04  1.67     3.25  2.01  3.64  3.97  3.12
  0   10     2.32  3.09  3.75  4.59  4.86  4.24  4.67  4.99  4.30  3.91  2.82  2.34     3.82  2.58  4.40  4.63  3.68
  0   20     2.56  3.33  3.90  4.61  4.76  4.12  4.54  4.95  4.41  4.20  3.12  2.62     3.93  2.84  4.42  4.54  3.91
  0   30     2.74  3.48  3.96  4.53  4.57  3.93  4.33  4.80  4.42  4.38  3.34  2.85     3.94  3.02  4.35  4.35  4.04
  0   40     2.86  3.56  3.93  4.36  4.29  3.66  4.04  4.56  4.32  4.46  3.48  3.00     3.88  3.14  4.19  4.09  4.09
  0   50     2.92  3.56  3.81  4.09  3.92  3.34  3.68  4.22  4.13  4.43  3.54  3.09     3.73  3.19  3.94  3.75  4.03
  0   60     2.90  3.48  3.62  3.74  3.48  2.96  3.26  3.80  3.85  4.30  3.51  3.10     3.50  3.16  3.61  3.34  3.89
  0   70     2.82  3.31  3.34  3.32  3.00  2.55  2.78  3.30  3.49  4.06  3.40  3.03     3.20  3.06  3.22  2.88  3.65
  0   80     2.67  3.08  2.99  2.84  2.47  2.12  2.29  2.75  3.06  3.73  3.20  2.89     2.84  2.88  2.77  2.39  3.33
  0   90     2.47  2.77  2.59  2.31  1.94  1.70  1.81  2.19  2.57  3.31  2.93  2.68     2.44  2.64  2.28  1.90  2.94
 15   10     2.31  3.08  3.74  4.59  4.86  4.24  4.66  4.99  4.29  3.90  2.81  2.32     3.82  2.57  4.40  4.63  3.67
 15   20     2.54  3.30  3.88  4.61  4.77  4.13  4.54  4.94  4.38  4.16  3.09  2.59     3.91  2.81  4.42  4.54  3.88
 15   30     2.71  3.45  3.93  4.53  4.58  3.94  4.34  4.81  4.39  4.33  3.30  2.80     3.93  2.99  4.35  4.36  4.01
 15   40     2.82  3.52  3.89  4.36  4.30  3.68  4.06  4.57  4.29  4.40  3.43  2.95     3.86  3.10  4.19  4.10  4.04
 15   50     2.87  3.51  3.77  4.10  3.94  3.35  3.70  4.23  4.10  4.36  3.47  3.02     3.70  3.13  3.94  3.76  3.98
 15   60     2.85  3.42  3.57  3.76  3.52  2.99  3.29  3.83  3.82  4.22  3.44  3.02     3.48  3.10  3.61  3.37  3.83
 15   70     2.76  3.25  3.29  3.35  3.04  2.59  2.83  3.35  3.47  3.97  3.32  2.95     3.18  2.99  3.23  2.92  3.59
 15   80     2.62  3.00  2.95  2.88  2.54  2.17  2.36  2.82  3.05  3.64  3.12  2.81     2.83  2.81  2.79  2.45  3.27
 15   90     2.41  2.70  2.55  2.38  2.04  1.76  1.89  2.27  2.58  3.22  2.85  2.60     2.44  2.57  2.32  1.98  2.88
 30   10     2.28  3.04  3.71  4.57  4.86  4.24  4.66  4.97  4.26  3.85  2.77  2.28     3.79  2.54  4.38  4.63  3.63
 30   20     2.48  3.23  3.83  4.59  4.76  4.13  4.55  4.94  4.34  4.09  3.01  2.52     3.87  2.74  4.39  4.54  3.81
 30   30     2.62  3.35  3.85  4.51  4.59  3.95  4.35  4.80  4.33  4.23  3.18  2.69     3.87  2.89  4.32  4.37  3.91
 30   40     2.71  3.40  3.81  4.34  4.32  3.70  4.08  4.57  4.22  4.27  3.28  2.81     3.79  2.97  4.16  4.12  3.92
 30   50     2.73  3.37  3.68  4.10  3.99  3.40  3.75  4.26  4.03  4.21  3.30  2.85     3.64  2.98  3.92  3.80  3.85
 30   60     2.70  3.26  3.47  3.77  3.59  3.05  3.37  3.87  3.76  4.07  3.24  2.83     3.42  2.93  3.61  3.43  3.69
 30   70     2.60  3.08  3.20  3.39  3.15  2.67  2.94  3.43  3.42  3.82  3.11  2.74     3.13  2.81  3.25  3.02  3.45
 30   80     2.44  2.84  2.87  2.95  2.70  2.29  2.51  2.96  3.03  3.49  2.90  2.59     2.80  2.62  2.84  2.59  3.14
 30   90     2.23  2.54  2.49  2.50  2.24  1.92  2.09  2.46  2.59  3.09  2.63  2.38     2.43  2.38  2.41  2.16  2.77
 45   10     2.23  2.99  3.67  4.55  4.85  4.24  4.66  4.95  4.23  3.79  2.71  2.23     3.76  2.48  4.36  4.62  3.58
 45   20     2.39  3.14  3.74  4.55  4.76  4.13  4.55  4.91  4.27  3.97  2.89  2.40     3.81  2.64  4.35  4.53  3.71
 45   30     2.49  3.22  3.75  4.46  4.58  3.96  4.36  4.77  4.23  4.07  3.02  2.53     3.79  2.75  4.27  4.36  3.77
 45   40     2.54  3.22  3.68  4.30  4.34  3.73  4.11  4.56  4.12  4.09  3.07  2.60     3.70  2.79  4.11  4.13  3.76
 45   50     2.54  3.17  3.54  4.06  4.02  3.44  3.80  4.26  3.92  4.01  3.06  2.61     3.54  2.77  3.87  3.83  3.66
 45   60     2.48  3.05  3.33  3.76  3.66  3.12  3.44  3.90  3.66  3.84  2.97  2.56     3.32  2.70  3.59  3.49  3.49
 45   70     2.38  2.87  3.06  3.40  3.26  2.77  3.06  3.50  3.34  3.61  2.83  2.46     3.04  2.57  3.24  3.11  3.26
 45   80     2.21  2.63  2.76  3.01  2.84  2.42  2.66  3.06  2.98  3.29  2.62  2.30     2.73  2.38  2.87  2.71  2.96
 45   90     2.01  2.35  2.41  2.60  2.43  2.07  2.26  2.63  2.58  2.93  2.36  2.10     2.39  2.15  2.48  2.32  2.62
 60   10     2.17  2.92  3.62  4.52  4.84  4.24  4.65  4.93  4.18  3.71  2.63  2.15     3.71  2.42  4.33  4.61  3.51
 60   20     2.27  3.01  3.65  4.49  4.75  4.13  4.54  4.87  4.18  3.82  2.75  2.27     3.73  2.52  4.30  4.52  3.58
 60   30     2.33  3.04  3.61  4.40  4.58  3.96  4.36  4.73  4.12  3.87  2.81  2.33     3.68  2.57  4.20  4.35  3.60
 60   40     2.34  3.02  3.52  4.22  4.34  3.74  4.12  4.51  3.97  3.83  2.81  2.36     3.56  2.57  4.03  4.12  3.54
 60   50     2.31  2.93  3.36  4.00  4.05  3.48  3.83  4.24  3.78  3.74  2.76  2.34     3.40  2.52  3.80  3.85  3.43
 60   60     2.23  2.80  3.15  3.71  3.71  3.17  3.50  3.90  3.52  3.56  2.66  2.26     3.18  2.43  3.52  3.52  3.25
 60   70     2.12  2.62  2.90  3.38  3.34  2.84  3.13  3.53  3.22  3.33  2.50  2.14     2.92  2.29  3.21  3.17  3.02
 60   80     1.96  2.39  2.62  3.02  2.96  2.52  2.77  3.14  2.88  3.05  2.31  1.99     2.63  2.11  2.87  2.81  2.75
 60   90     1.77  2.14  2.31  2.64  2.56  2.19  2.40  2.73  2.54  2.73  2.07  1.80     2.32  1.90  2.50  2.44  2.44
 75   10     2.10  2.85  3.55  4.48  4.83  4.24  4.65  4.90  4.12  3.62  2.54  2.07     3.66  2.34  4.29  4.60  3.43
 75   20     2.14  2.86  3.53  4.42  4.72  4.13  4.53  4.81  4.07  3.65  2.58  2.11     3.63  2.37  4.22  4.49  3.43
 75   30     2.14  2.84  3.45  4.30  4.55  3.96  4.35  4.66  3.97  3.62  2.57  2.12     3.54  2.37  4.10  4.33  3.38
 75   40     2.11  2.76  3.32  4.12  4.31  3.74  4.11  4.44  3.81  3.55  2.52  2.09     3.41  2.32  3.92  4.10  3.29
 75   50     2.05  2.66  3.15  3.88  4.03  3.49  3.83  4.16  3.58  3.41  2.43  2.03     3.23  2.25  3.69  3.82  3.14
 75   60     1.95  2.50  2.94  3.61  3.71  3.20  3.52  3.85  3.34  3.24  2.32  1.94     3.01  2.13  3.42  3.52  2.97
 75   70     1.84  2.34  2.70  3.30  3.36  2.89  3.18  3.50  3.05  3.01  2.16  1.81     2.76  2.00  3.12  3.19  2.74
 75   80     1.69  2.12  2.43  2.97  3.00  2.57  2.82  3.13  2.75  2.76  1.98  1.68     2.49  1.83  2.80  2.84  2.50
 75   90     1.52  1.91  2.16  2.63  2.64  2.26  2.48  2.77  2.43  2.47  1.78  1.51     2.21  1.65  2.48  2.50  2.23
 90   10     2.02  2.77  3.48  4.44  4.82  4.24  4.64  4.87  4.06  3.51  2.44  1.98     3.61  2.26  4.25  4.58  3.34
 90   20     1.99  2.71  3.40  4.34  4.69  4.13  4.52  4.75  3.95  3.46  2.39  1.94     3.52  2.21  4.14  4.46  3.27
 90   30     1.94  2.62  3.27  4.18  4.50  3.95  4.33  4.57  3.79  3.36  2.32  1.88     3.39  2.15  3.99  4.28  3.16
 90   40     1.87  2.51  3.10  3.98  4.26  3.73  4.09  4.33  3.60  3.22  2.22  1.81     3.23  2.06  3.78  4.05  3.01
 90   50     1.78  2.36  2.91  3.73  3.97  3.47  3.80  4.05  3.37  3.06  2.10  1.72     3.03  1.95  3.54  3.77  2.85
 90   60     1.68  2.21  2.70  3.45  3.66  3.19  3.49  3.73  3.11  2.86  1.97  1.62     2.81  1.84  3.27  3.47  2.65
 90   70     1.55  2.03  2.46  3.16  3.33  2.89  3.17  3.40  2.85  2.66  1.82  1.49     2.57  1.69  2.98  3.15  2.44
 90   80     1.43  1.85  2.23  2.85  2.97  2.58  2.83  3.06  2.56  2.42  1.65  1.37     2.32  1.55  2.68  2.82  2.21
 90   90     1.28  1.65  1.97  2.53  2.63  2.28  2.49  2.70  2.27  2.18  1.49  1.23     2.06  1.39  2.38  2.49  1.98
105   10     1.94  2.68  3.42  4.39  4.80  4.23  4.63  4.84  4.00  3.41  2.35  1.89     3.55  2.17  4.20  4.57  3.25
105   20     1.85  2.55  3.27  4.24  4.66  4.11  4.50  4.68  3.83  3.25  2.21  1.78     3.41  2.06  4.05  4.43  3.10
105   30     1.74  2.39  3.08  4.04  4.44  3.93  4.29  4.46  3.61  3.07  2.06  1.66     3.23  1.93  3.86  4.23  2.91
105   40     1.63  2.23  2.87  3.81  4.18  3.70  4.03  4.19  3.37  2.88  1.92  1.53     3.03  1.80  3.62  3.97  2.72
105   50     1.51  2.07  2.65  3.54  3.87  3.43  3.73  3.88  3.12  2.67  1.77  1.43     2.81  1.67  3.35  3.68  2.52
105   60     1.41  1.90  2.43  3.25  3.55  3.14  3.42  3.56  2.86  2.47  1.62  1.31     2.58  1.54  3.08  3.37  2.32
105   70     1.28  1.74  2.21  2.95  3.22  2.85  3.09  3.23  2.58  2.27  1.49  1.20     2.34  1.41  2.79  3.06  2.11
105   80     1.18  1.58  1.97  2.67  2.88  2.54  2.77  2.90  2.32  2.06  1.34  1.09     2.11  1.28  2.51  2.74  1.91
105   90     1.06  1.41  1.77  2.38  2.55  2.24  2.44  2.58  2.07  1.86  1.21  0.99     1.88  1.15  2.23  2.42  1.71
120   10     1.87  2.60  3.35  4.35  4.79  4.23  4.63  4.80  3.94  3.31  2.25  1.81     3.49  2.09  4.16  4.55  3.17
120   20     1.70  2.39  3.14  4.15  4.62  4.10  4.48  4.61  3.70  3.05  2.03  1.62     3.30  1.90  3.97  4.40  2.93
120   30     1.54  2.17  2.89  3.90  4.37  3.91  4.25  4.34  3.43  2.78  1.81  1.44     3.07  1.72  3.72  4.17  2.67
120   40     1.40  1.96  2.63  3.61  4.07  3.66  3.96  4.02  3.14  2.52  1.62  1.28     2.82  1.55  3.44  3.88  2.43
120   50     1.27  1.77  2.38  3.31  3.74  3.37  3.64  3.68  2.84  2.28  1.45  1.16     2.57  1.40  3.14  3.56  2.19
120   60     1.16  1.60  2.15  3.00  3.39  3.06  3.30  3.33  2.56  2.06  1.31  1.04     2.33  1.27  2.85  3.23  1.98
120   70     1.05  1.46  1.92  2.71  3.05  2.75  2.96  2.99  2.30  1.87  1.19  0.95     2.10  1.15  2.56  2.90  1.79
120   80     0.97  1.31  1.73  2.42  2.72  2.45  2.64  2.67  2.05  1.70  1.07  0.87     1.88  1.05  2.29  2.59  1.61
120   90     0.88  1.19  1.54  2.17  2.41  2.17  2.33  2.38  1.83  1.53  0.98  0.79     1.68  0.95  2.04  2.29  1.44
135   10     1.80  2.53  3.30  4.31  4.77  4.23  4.62  4.78  3.88  3.22  2.17  1.74     3.45  2.02  4.13  4.54  3.09
135   20     1.57  2.25  3.02  4.07  4.58  4.10  4.46  4.54  3.59  2.87  1.87  1.47     3.20  1.76  3.89  4.37  2.78
135   30     1.36  1.97  2.71  3.76  4.31  3.89  4.21  4.22  3.26  2.51  1.59  1.23     2.92  1.52  3.60  4.11  2.45
135   40     1.19  1.71  2.40  3.42  3.97  3.62  3.90  3.85  2.90  2.17  1.35  1.06     2.63  1.32  3.26  3.79  2.14
135   50     1.05  1.50  2.11  3.06  3.59  3.29  3.53  3.44  2.56  1.89  1.17  0.93     2.34  1.16  2.92  3.42  1.87
135   60     0.96  1.34  1.86  2.71  3.20  2.96  3.15  3.06  2.25  1.67  1.05  0.84     2.09  1.04  2.59  3.05  1.65
135   70     0.88  1.21  1.66  2.41  2.83  2.63  2.79  2.70  1.99  1.50  0.95  0.77     1.86  0.95  2.30  2.71  1.48
135   80     0.82  1.10  1.49  2.15  2.50  2.32  2.46  2.39  1.77  1.36  0.87  0.72     1.66  0.88  2.04  2.39  1.34
135   90     0.75  1.01  1.33  1.92  2.21  2.04  2.16  2.12  1.59  1.24  0.81  0.67     1.49  0.81  1.82  2.11  1.21
150   10     1.75  2.48  3.25  4.28  4.76  4.23  4.62  4.76  3.84  3.15  2.11  1.68     3.41  1.97  4.10  4.54  3.03
150   20     1.47  2.13  2.93  4.00  4.56  4.10  4.45  4.49  3.51  2.72  1.74  1.36     3.12  1.65  3.83  4.35  2.65
150   30     1.20  1.79  2.56  3.65  4.27  3.88  4.19  4.14  3.12  2.27  1.39  1.07     2.79  1.35  3.49  4.07  2.26
150   40     1.00  1.48  2.19  3.24  3.89  3.60  3.85  3.71  2.69  1.85  1.11  0.87     2.46  1.12  3.11  3.72  1.89
150   50     0.89  1.25  1.85  2.81  3.45  3.25  3.44  3.23  2.29  1.52  0.95  0.78     2.14  0.97  2.70  3.31  1.58
150   60     0.84  1.11  1.59  2.41  2.98  2.85  3.00  2.76  1.94  1.31  0.87  0.74     1.87  0.90  2.33  2.87  1.37
150   70     0.79  1.02  1.41  2.09  2.57  2.47  2.58  2.38  1.70  1.18  0.81  0.70     1.64  0.84  2.02  2.47  1.23
150   80     0.74  0.96  1.28  1.85  2.23  2.15  2.23  2.08  1.51  1.10  0.77  0.66     1.46  0.79  1.79  2.15  1.13
150   90     0.69  0.89  1.17  1.66  1.97  1.88  1.96  1.85  1.37  1.03  0.73  0.62     1.32  0.73  1.60  1.90  1.04
165   10     1.72  2.44  3.23  4.26  4.76  4.23  4.63  4.74  3.82  3.10  2.07  1.64     3.39  1.93  4.08  4.53  3.00
165   20     1.40  2.05  2.87  3.96  4.56  4.10  4.46  4.46  3.46  2.61  1.65  1.27     3.07  1.57  3.80  4.34  2.57
165   30     1.08  1.65  2.46  3.58  4.26  3.89  4.20  4.09  3.03  2.09  1.24  0.94     2.71  1.23  3.43  4.06  2.12
165   40     0.90  1.28  2.03  3.13  3.88  3.60  3.86  3.64  2.55  1.58  0.93  0.79     2.35  0.99  3.01  3.70  1.68
165   50     0.86  1.06  1.62  2.63  3.42  3.25  3.45  3.11  2.05  1.19  0.87  0.77     2.02  0.90  2.55  3.27  1.37
165   60     0.82  1.01  1.35  2.12  2.90  2.85  2.97  2.53  1.65  1.05  0.83  0.73     1.74  0.86  2.12  2.78  1.18
165   70     0.78  0.96  1.23  1.77  2.33  2.40  2.45  2.03  1.43  1.00  0.80  0.70     1.49  0.81  1.78  2.29  1.08
165   80     0.73  0.91  1.15  1.58  1.97  1.98  2.02  1.76  1.31  0.96  0.76  0.66     1.31  0.77  1.56  1.92  1.01
165   90     0.69  0.86  1.08  1.45  1.74  1.73  1.77  1.59  1.22  0.92  0.72  0.62     1.20  0.72  1.42  1.70  0.95
180   10     1.71  2.43  3.22  4.25  4.77  4.23  4.63  4.74  3.82  3.08  2.06  1.63     3.38  1.92  4.08  4.53  2.98
180   20     1.37  2.02  2.85  3.94  4.57  4.10  4.47  4.46  3.45  2.57  1.62  1.24     3.05  1.54  3.79  4.34  2.54
180   30     1.04  1.60  2.43  3.56  4.27  3.89  4.21  4.08  3.01  2.01  1.18  0.89     2.68  1.18  3.42  4.06  2.07
180   40     0.90  1.19  1.97  3.10  3.89  3.61  3.88  3.62  2.52  1.45  0.90  0.79     2.32  0.96  2.98  3.70  1.62
180   50     0.86  1.05  1.48  2.59  3.43  3.26  3.47  3.09  1.98  1.05  0.87  0.77     1.99  0.89  2.50  3.27  1.30
180   60     0.82  1.01  1.24  2.03  2.91  2.86  3.00  2.50  1.42  1.02  0.83  0.73     1.70  0.86  2.06  2.79  1.09
180   70     0.78  0.96  1.18  1.56  2.35  2.41  2.48  1.89  1.29  0.98  0.80  0.70     1.45  0.81  1.70  2.26  1.03
180   80     0.73  0.91  1.13  1.43  1.86  1.94  1.96  1.59  1.23  0.95  0.76  0.66     1.26  0.77  1.47  1.83  0.98
180   90     0.69  0.86  1.06  1.34  1.66  1.68  1.71  1.46  1.17  0.91  0.72  0.62     1.16  0.72  1.35  1.62  0.94
             52.9  44.7  31.8  17.0   4.6   0.4   1.7  11.4  25.6  42.4  51.7  56.2     27.0  51.0  17.4   5.0  39.4
             2.92  3.57  3.96  4.61  4.88  4.28  4.70  4.99  4.42  4.46  3.54  3.10     4.12  3.19  4.43  4.64  4.09
             2.69  3.45  3.95  4.56  4.64  3.99  4.40  4.85  4.42  4.34  3.28  2.79     3.95  2.98  4.38  4.42  4.01
             1.09  1.03  1.00  1.01  1.05  1.07  1.07  1.03  1.00  1.03  1.08  1.11     1.05  1.08  1.02  1.06  1.04
             1.33  1.24  1.11  1.02  0.95  0.93  0.93  0.98  1.07  1.23  1.32  1.39     1.12  1.32  1.03  0.95  1.21
temperature   6.5   7.4  10.4  15.1  19.1  22.7  26.6  27.7  24.5  19.3  13.9   8.9     16.8   7.6  14.9  25.7  19.2
diffusedrad  1.15  1.44  1.80  2.16  2.42  2.48  2.47  2.27  1.98  1.53  1.22  1.04     1.83  1.21  2.13  2.40  1.57
snow10cm     0.00  0.00  0.00  0.00  0.00  0.00  0.00  0.00  0.00  0.00  0.00  0.00     0.00  0.00  0.00  0.00  0.00
