2 84341   有川            32 58.9  129  7.1   11
             1.63  2.43  3.32  4.29  4.70  4.29  4.54  4.67  3.87  3.46  2.19  1.73     3.43  1.93  4.10  4.50  3.17
             1.88  3.20  4.21  5.43  5.93  5.55  6.17  5.62  4.60  4.19  2.87  2.20     3.92  2.38  4.93  5.48  3.69
             1.08  1.48  2.31  3.39  3.80  3.27  3.34  3.64  3.19  2.87  1.51  1.22     2.97  1.36  3.51  3.84  2.71
  0   10     1.75  2.63  3.47  4.39  4.69  4.24  4.48  4.72  4.01  3.75  2.44  1.93     3.54  2.11  4.18  4.48  3.40
  0   20     1.86  2.78  3.58  4.41  4.60  4.13  4.37  4.68  4.09  3.98  2.64  2.10     3.60  2.25  4.19  4.39  3.57
  0   30     1.94  2.88  3.61  4.32  4.41  3.94  4.17  4.54  4.08  4.12  2.79  2.23     3.59  2.35  4.12  4.22  3.66
  0   40     1.97  2.91  3.57  4.16  4.14  3.68  3.91  4.31  3.99  4.17  2.87  2.30     3.50  2.39  3.96  3.97  3.68
  0   50     1.97  2.88  3.46  3.90  3.80  3.37  3.57  4.00  3.81  4.12  2.90  2.33     3.34  2.39  3.72  3.65  3.61
  0   60     1.92  2.79  3.27  3.58  3.39  2.99  3.17  3.61  3.55  3.97  2.85  2.31     3.12  2.34  3.41  3.26  3.46
  0   70     1.84  2.64  3.02  3.18  2.93  2.59  2.73  3.16  3.22  3.74  2.74  2.24     2.84  2.24  3.04  2.83  3.24
  0   80     1.73  2.44  2.71  2.73  2.44  2.17  2.28  2.65  2.84  3.42  2.57  2.12     2.51  2.09  2.63  2.37  2.94
  0   90     1.58  2.19  2.35  2.24  1.94  1.75  1.82  2.13  2.40  3.03  2.35  1.95     2.15  1.91  2.18  1.90  2.59
 15   10     1.75  2.62  3.46  4.39  4.69  4.24  4.48  4.71  4.00  3.74  2.42  1.92     3.54  2.10  4.18  4.48  3.39
 15   20     1.85  2.77  3.56  4.40  4.60  4.13  4.37  4.67  4.07  3.97  2.62  2.08     3.59  2.23  4.19  4.39  3.55
 15   30     1.92  2.85  3.59  4.33  4.42  3.94  4.18  4.54  4.06  4.10  2.76  2.20     3.58  2.32  4.11  4.22  3.64
 15   40     1.95  2.88  3.54  4.16  4.16  3.69  3.92  4.32  3.96  4.14  2.84  2.27     3.49  2.37  3.95  3.98  3.65
 15   50     1.95  2.84  3.42  3.91  3.81  3.38  3.59  4.01  3.78  4.09  2.85  2.29     3.33  2.36  3.71  3.66  3.57
 15   60     1.90  2.75  3.23  3.59  3.42  3.02  3.20  3.63  3.52  3.94  2.80  2.27     3.11  2.30  3.41  3.28  3.42
 15   70     1.82  2.60  2.98  3.20  2.97  2.62  2.77  3.19  3.20  3.70  2.69  2.19     2.83  2.20  3.05  2.86  3.20
 15   80     1.70  2.39  2.67  2.76  2.50  2.21  2.33  2.71  2.82  3.38  2.52  2.06     2.50  2.05  2.64  2.42  2.91
 15   90     1.55  2.15  2.32  2.30  2.02  1.81  1.89  2.21  2.40  2.99  2.29  1.90     2.15  1.87  2.21  1.97  2.56
 30   10     1.73  2.60  3.44  4.38  4.69  4.24  4.48  4.71  3.98  3.71  2.40  1.90     3.52  2.08  4.17  4.48  3.36
 30   20     1.82  2.72  3.52  4.38  4.59  4.13  4.38  4.67  4.04  3.91  2.56  2.04     3.56  2.19  4.17  4.39  3.50
 30   30     1.88  2.79  3.53  4.30  4.42  3.95  4.19  4.53  4.01  4.01  2.68  2.13     3.54  2.27  4.09  4.22  3.57
 30   40     1.90  2.79  3.47  4.14  4.17  3.71  3.94  4.32  3.90  4.03  2.73  2.18     3.44  2.29  3.93  3.99  3.55
 30   50     1.88  2.75  3.35  3.90  3.86  3.41  3.62  4.02  3.72  3.96  2.72  2.19     3.28  2.27  3.70  3.69  3.47
 30   60     1.82  2.64  3.15  3.59  3.48  3.08  3.26  3.66  3.47  3.80  2.66  2.15     3.06  2.20  3.40  3.33  3.31
 30   70     1.73  2.48  2.90  3.23  3.06  2.70  2.86  3.26  3.15  3.56  2.53  2.06     2.79  2.09  3.06  2.94  3.08
 30   80     1.61  2.27  2.60  2.81  2.63  2.33  2.45  2.81  2.79  3.25  2.36  1.93     2.49  1.94  2.68  2.53  2.80
 30   90     1.46  2.03  2.26  2.40  2.20  1.96  2.06  2.36  2.40  2.87  2.13  1.76     2.16  1.75  2.28  2.12  2.47
 45   10     1.71  2.56  3.40  4.36  4.68  4.24  4.48  4.69  3.95  3.66  2.35  1.86     3.50  2.04  4.15  4.47  3.32
 45   20     1.77  2.65  3.46  4.35  4.59  4.13  4.37  4.64  3.98  3.80  2.48  1.97     3.52  2.13  4.13  4.38  3.42
 45   30     1.81  2.69  3.44  4.26  4.42  3.96  4.19  4.51  3.93  3.87  2.55  2.03     3.47  2.17  4.04  4.22  3.45
 45   40     1.80  2.67  3.36  4.10  4.18  3.73  3.96  4.30  3.81  3.86  2.58  2.06     3.37  2.18  3.88  4.00  3.42
 45   50     1.77  2.60  3.23  3.86  3.88  3.45  3.66  4.02  3.62  3.77  2.54  2.04     3.20  2.14  3.66  3.71  3.31
 45   60     1.70  2.49  3.03  3.57  3.54  3.13  3.32  3.68  3.38  3.60  2.46  1.98     2.99  2.06  3.38  3.38  3.15
 45   70     1.61  2.32  2.78  3.23  3.16  2.79  2.96  3.31  3.08  3.37  2.33  1.88     2.73  1.94  3.06  3.02  2.92
 45   80     1.48  2.12  2.51  2.86  2.75  2.44  2.58  2.90  2.75  3.06  2.15  1.75     2.44  1.78  2.71  2.64  2.65
 45   90     1.33  1.89  2.19  2.48  2.36  2.09  2.21  2.49  2.38  2.72  1.93  1.58     2.14  1.60  2.34  2.26  2.35
 60   10     1.68  2.52  3.36  4.33  4.67  4.24  4.47  4.67  3.91  3.59  2.29  1.81     3.46  2.00  4.12  4.46  3.26
 60   20     1.71  2.56  3.38  4.29  4.58  4.13  4.37  4.60  3.90  3.67  2.37  1.88     3.45  2.05  4.08  4.37  3.31
 60   30     1.72  2.56  3.33  4.20  4.41  3.96  4.20  4.47  3.83  3.70  2.40  1.90     3.39  2.06  3.98  4.21  3.31
 60   40     1.69  2.52  3.23  4.02  4.18  3.74  3.96  4.25  3.69  3.64  2.38  1.90     3.27  2.04  3.81  3.98  3.24
 60   50     1.64  2.43  3.08  3.80  3.90  3.48  3.68  3.99  3.50  3.53  2.33  1.86     3.10  1.98  3.59  3.72  3.12
 60   60     1.56  2.30  2.88  3.52  3.57  3.18  3.37  3.68  3.25  3.35  2.22  1.78     2.89  1.88  3.32  3.41  2.94
 60   70     1.46  2.14  2.65  3.20  3.21  2.85  3.02  3.32  2.98  3.12  2.08  1.67     2.64  1.76  3.02  3.06  2.73
 60   80     1.33  1.95  2.38  2.86  2.85  2.52  2.67  2.96  2.66  2.85  1.91  1.54     2.37  1.61  2.70  2.72  2.48
 60   90     1.19  1.74  2.10  2.50  2.48  2.20  2.32  2.58  2.34  2.54  1.71  1.38     2.09  1.44  2.36  2.37  2.20
 75   10     1.64  2.47  3.31  4.29  4.66  4.24  4.47  4.64  3.86  3.51  2.23  1.76     3.42  1.96  4.09  4.45  3.20
 75   20     1.64  2.46  3.28  4.23  4.55  4.13  4.36  4.55  3.81  3.52  2.24  1.77     3.38  1.96  4.02  4.35  3.19
 75   30     1.62  2.42  3.20  4.11  4.38  3.96  4.18  4.40  3.70  3.48  2.22  1.76     3.29  1.93  3.90  4.18  3.13
 75   40     1.57  2.34  3.07  3.93  4.15  3.74  3.95  4.19  3.55  3.39  2.17  1.72     3.15  1.88  3.72  3.96  3.04
 75   50     1.50  2.24  2.91  3.69  3.88  3.48  3.68  3.92  3.34  3.24  2.08  1.66     2.97  1.80  3.49  3.69  2.89
 75   60     1.41  2.10  2.70  3.43  3.57  3.20  3.38  3.63  3.10  3.07  1.97  1.57     2.76  1.69  3.23  3.40  2.71
 75   70     1.30  1.94  2.48  3.13  3.23  2.89  3.06  3.30  2.83  2.83  1.83  1.46     2.52  1.57  2.95  3.08  2.50
 75   80     1.19  1.76  2.23  2.81  2.88  2.57  2.71  2.94  2.54  2.59  1.67  1.33     2.27  1.43  2.64  2.74  2.27
 75   90     1.06  1.57  1.98  2.49  2.54  2.26  2.39  2.60  2.25  2.31  1.49  1.19     2.01  1.27  2.34  2.42  2.02
 90   10     1.60  2.41  3.25  4.26  4.64  4.23  4.46  4.62  3.81  3.42  2.16  1.71     3.38  1.90  4.05  4.44  3.13
 90   20     1.56  2.35  3.17  4.16  4.53  4.12  4.34  4.50  3.71  3.35  2.11  1.67     3.30  1.86  3.95  4.32  3.06
 90   30     1.51  2.27  3.05  4.00  4.34  3.95  4.16  4.32  3.56  3.25  2.04  1.61     3.17  1.79  3.80  4.14  2.95
 90   40     1.44  2.16  2.89  3.80  4.11  3.73  3.93  4.10  3.37  3.10  1.95  1.54     3.01  1.71  3.60  3.92  2.81
 90   50     1.35  2.03  2.71  3.56  3.82  3.47  3.65  3.82  3.16  2.94  1.84  1.45     2.82  1.61  3.36  3.65  2.64
 90   60     1.26  1.89  2.51  3.28  3.52  3.19  3.35  3.52  2.90  2.74  1.71  1.36     2.60  1.50  3.10  3.35  2.45
 90   70     1.15  1.73  2.28  3.01  3.20  2.89  3.04  3.21  2.65  2.53  1.58  1.25     2.38  1.38  2.83  3.05  2.25
 90   80     1.04  1.57  2.06  2.71  2.86  2.58  2.72  2.88  2.38  2.29  1.43  1.14     2.14  1.25  2.54  2.72  2.04
 90   90     0.93  1.40  1.82  2.40  2.53  2.27  2.39  2.54  2.11  2.06  1.28  1.02     1.90  1.11  2.25  2.40  1.82
105   10     1.56  2.35  3.20  4.22  4.63  4.23  4.45  4.59  3.75  3.33  2.09  1.65     3.34  1.85  4.01  4.42  3.06
105   20     1.49  2.24  3.06  4.07  4.49  4.11  4.33  4.44  3.60  3.18  1.98  1.56     3.21  1.76  3.88  4.29  2.92
105   30     1.40  2.11  2.90  3.88  4.29  3.93  4.13  4.23  3.41  3.00  1.85  1.47     3.05  1.66  3.69  4.10  2.75
105   40     1.31  1.97  2.71  3.65  4.03  3.70  3.88  3.97  3.18  2.81  1.72  1.36     2.86  1.55  3.46  3.85  2.57
105   50     1.21  1.83  2.50  3.39  3.73  3.43  3.59  3.68  2.94  2.60  1.60  1.26     2.65  1.44  3.21  3.57  2.38
105   60     1.12  1.68  2.29  3.11  3.42  3.14  3.29  3.37  2.69  2.40  1.46  1.17     2.43  1.32  2.94  3.27  2.19
105   70     1.01  1.53  2.08  2.82  3.10  2.84  2.98  3.05  2.43  2.19  1.34  1.06     2.20  1.20  2.67  2.96  1.99
105   80     0.92  1.38  1.86  2.54  2.78  2.54  2.66  2.75  2.19  1.99  1.20  0.96     1.98  1.09  2.39  2.65  1.79
105   90     0.82  1.23  1.66  2.27  2.46  2.24  2.35  2.44  1.95  1.79  1.08  0.86     1.76  0.97  2.13  2.34  1.61
120   10     1.52  2.30  3.15  4.18  4.62  4.23  4.45  4.56  3.70  3.24  2.02  1.60     3.30  1.80  3.98  4.41  2.99
120   20     1.41  2.14  2.96  3.99  4.46  4.10  4.31  4.38  3.50  3.00  1.85  1.46     3.13  1.67  3.81  4.26  2.78
120   30     1.30  1.96  2.74  3.76  4.22  3.91  4.09  4.13  3.25  2.75  1.67  1.33     2.93  1.53  3.58  4.04  2.56
120   40     1.19  1.79  2.51  3.48  3.94  3.66  3.82  3.83  2.98  2.50  1.51  1.20     2.70  1.40  3.31  3.77  2.33
120   50     1.09  1.63  2.28  3.19  3.62  3.38  3.51  3.51  2.71  2.27  1.36  1.10     2.47  1.27  3.03  3.47  2.11
120   60     1.00  1.48  2.06  2.89  3.28  3.07  3.19  3.18  2.45  2.05  1.24  1.00     2.24  1.16  2.75  3.15  1.91
120   70     0.91  1.34  1.85  2.61  2.95  2.76  2.86  2.85  2.20  1.85  1.12  0.91     2.02  1.05  2.47  2.83  1.73
120   80     0.82  1.21  1.67  2.33  2.63  2.46  2.55  2.54  1.97  1.68  1.01  0.83     1.81  0.95  2.21  2.52  1.55
120   90     0.74  1.09  1.49  2.08  2.33  2.17  2.25  2.27  1.75  1.51  0.92  0.75     1.61  0.86  1.97  2.23  1.39
135   10     1.49  2.25  3.10  4.14  4.61  4.23  4.44  4.53  3.66  3.16  1.96  1.55     3.26  1.76  3.95  4.40  2.93
135   20     1.35  2.04  2.87  3.92  4.43  4.10  4.29  4.32  3.41  2.85  1.73  1.37     3.06  1.59  3.74  4.24  2.66
135   30     1.21  1.82  2.60  3.64  4.17  3.89  4.06  4.03  3.11  2.52  1.51  1.20     2.81  1.41  3.47  4.00  2.38
135   40     1.09  1.62  2.33  3.31  3.85  3.62  3.76  3.68  2.79  2.21  1.32  1.06     2.55  1.26  3.16  3.69  2.11
135   50     0.99  1.44  2.07  2.97  3.49  3.31  3.42  3.31  2.48  1.93  1.16  0.96     2.29  1.13  2.84  3.35  1.86
135   60     0.91  1.30  1.84  2.65  3.11  2.97  3.06  2.95  2.19  1.72  1.05  0.88     2.05  1.03  2.53  2.99  1.65
135   70     0.83  1.18  1.64  2.35  2.76  2.64  2.71  2.61  1.95  1.54  0.96  0.80     1.83  0.94  2.25  2.66  1.48
135   80     0.76  1.07  1.47  2.10  2.44  2.34  2.39  2.31  1.74  1.40  0.87  0.74     1.64  0.86  2.00  2.35  1.34
135   90     0.69  0.97  1.32  1.87  2.15  2.06  2.11  2.05  1.56  1.27  0.80  0.68     1.46  0.78  1.78  2.07  1.21
150   10     1.46  2.21  3.07  4.12  4.60  4.23  4.44  4.52  3.63  3.10  1.92  1.51     3.23  1.73  3.93  4.39  2.88
150   20     1.30  1.96  2.79  3.86  4.41  4.09  4.28  4.28  3.34  2.72  1.64  1.30     3.00  1.52  3.69  4.22  2.57
150   30     1.13  1.71  2.48  3.54  4.13  3.89  4.04  3.96  3.00  2.32  1.37  1.09     2.72  1.31  3.38  3.96  2.23
150   40     1.00  1.47  2.16  3.16  3.78  3.61  3.73  3.57  2.62  1.93  1.14  0.94     2.43  1.14  3.03  3.63  1.90
150   50     0.92  1.28  1.86  2.76  3.37  3.27  3.35  3.13  2.26  1.62  1.00  0.87     2.14  1.02  2.66  3.25  1.63
150   60     0.86  1.16  1.62  2.38  2.93  2.88  2.93  2.70  1.94  1.42  0.93  0.82     1.88  0.94  2.31  2.84  1.43
150   70     0.80  1.06  1.45  2.07  2.53  2.50  2.53  2.34  1.71  1.28  0.86  0.77     1.66  0.88  2.02  2.46  1.28
150   80     0.74  0.98  1.31  1.84  2.20  2.18  2.20  2.05  1.53  1.19  0.81  0.71     1.48  0.81  1.78  2.14  1.17
150   90     0.68  0.91  1.19  1.65  1.95  1.91  1.93  1.82  1.38  1.10  0.75  0.66     1.33  0.75  1.60  1.89  1.08
165   10     1.45  2.19  3.05  4.10  4.60  4.23  4.44  4.50  3.61  3.06  1.89  1.49     3.22  1.71  3.92  4.39  2.85
165   20     1.26  1.91  2.75  3.83  4.41  4.10  4.28  4.26  3.30  2.63  1.58  1.25     2.96  1.47  3.66  4.21  2.50
165   30     1.08  1.62  2.41  3.48  4.13  3.89  4.04  3.92  2.93  2.17  1.26  1.01     2.66  1.24  3.34  3.95  2.12
165   40     0.95  1.34  2.04  3.07  3.77  3.61  3.72  3.51  2.51  1.71  1.01  0.90     2.34  1.06  2.96  3.61  1.74
165   50     0.90  1.16  1.68  2.61  3.34  3.27  3.33  3.04  2.07  1.35  0.95  0.86     2.04  0.97  2.54  3.21  1.46
165   60     0.85  1.09  1.43  2.13  2.86  2.87  2.89  2.51  1.70  1.20  0.90  0.81     1.77  0.92  2.14  2.76  1.27
165   70     0.80  1.03  1.31  1.80  2.33  2.44  2.41  2.04  1.49  1.13  0.85  0.77     1.53  0.86  1.81  2.30  1.16
165   80     0.74  0.96  1.21  1.61  1.97  2.03  2.00  1.78  1.36  1.08  0.80  0.71     1.35  0.80  1.60  1.94  1.08
165   90     0.68  0.89  1.13  1.47  1.75  1.78  1.75  1.60  1.26  1.02  0.75  0.66     1.23  0.74  1.45  1.71  1.01
180   10     1.44  2.18  3.04  4.09  4.60  4.23  4.43  4.50  3.61  3.05  1.88  1.48     3.21  1.70  3.91  4.39  2.84
180   20     1.25  1.89  2.74  3.81  4.41  4.10  4.28  4.25  3.29  2.60  1.55  1.23     2.95  1.46  3.65  4.21  2.48
180   30     1.05  1.58  2.38  3.46  4.13  3.90  4.03  3.91  2.91  2.11  1.22  0.99     2.64  1.21  3.33  3.95  2.08
180   40     0.95  1.27  1.99  3.04  3.78  3.62  3.71  3.50  2.48  1.60  0.98  0.90     2.32  1.04  2.94  3.61  1.69
180   50     0.90  1.15  1.57  2.57  3.35  3.28  3.33  3.02  2.01  1.22  0.95  0.86     2.02  0.97  2.50  3.21  1.39
180   60     0.85  1.09  1.35  2.07  2.87  2.88  2.89  2.49  1.52  1.18  0.90  0.81     1.74  0.92  2.09  2.75  1.20
180   70     0.80  1.03  1.27  1.62  2.34  2.45  2.40  1.93  1.38  1.12  0.85  0.77     1.50  0.86  1.75  2.26  1.12
180   80     0.74  0.96  1.20  1.48  1.88  1.99  1.92  1.64  1.30  1.07  0.80  0.71     1.31  0.80  1.52  1.85  1.06
180   90     0.68  0.89  1.12  1.38  1.68  1.72  1.68  1.51  1.22  1.01  0.75  0.66     1.19  0.74  1.39  1.64  1.00
             44.0  40.3  29.6  16.3   4.6   0.7   2.7  10.9  24.1  39.9  48.2  50.5     22.9  44.7  16.1   5.1  36.5
             1.97  2.91  3.61  4.41  4.70  4.28  4.51  4.72  4.10  4.17  2.90  2.33     3.72  2.40  4.20  4.49  3.68
             1.89  2.82  3.60  4.39  4.55  4.08  4.32  4.65  4.10  4.03  2.69  2.14     3.60  2.28  4.18  4.35  3.61
             1.04  1.03  1.00  1.00  1.03  1.05  1.04  1.02  1.00  1.03  1.08  1.09     1.04  1.05  1.01  1.04  1.04
             1.16  1.16  1.08  1.02  0.97  0.95  0.95  1.00  1.06  1.16  1.23  1.24     1.08  1.19  1.03  0.97  1.15
temperature   7.2   7.9  10.5  14.6  18.4  21.8  26.1  27.0  24.0  19.3  14.3   9.5     16.7   8.2  14.5  25.0  19.2
diffusedrad  1.14  1.50  1.91  2.27  2.52  2.62  2.59  2.40  2.08  1.74  1.26  1.11     1.93  1.25  2.23  2.54  1.70
snow10cm     0.00  0.00  0.00  0.00  0.00  0.00  0.00  0.00  0.00  0.00  0.00  0.00     0.00  0.00  0.00  0.00  0.00
