2 84356   大瀬戸          32 56.9  129   38   43
             1.93  2.77  3.57  4.48  4.82  4.20  4.62  5.12  4.29  3.59  2.56  1.96     3.66  2.22  4.29  4.64  3.48
             2.26  3.46  4.29  5.15  5.75  5.45  5.82  6.03  5.20  4.20  3.02  2.36     3.92  2.51  4.90  5.17  3.86
             1.64  2.00  2.73  3.49  3.86  3.18  3.44  4.10  3.45  3.12  2.18  1.58     3.31  1.82  3.67  3.89  3.11
  0   10     2.17  3.06  3.76  4.60  4.81  4.15  4.57  5.18  4.49  3.97  2.92  2.27     3.83  2.50  4.39  4.63  3.79
  0   20     2.38  3.28  3.91  4.61  4.71  4.04  4.45  5.13  4.60  4.26  3.23  2.53     3.93  2.73  4.41  4.54  4.03
  0   30     2.53  3.44  3.97  4.53  4.52  3.85  4.24  4.98  4.61  4.45  3.46  2.74     3.94  2.90  4.34  4.35  4.17
  0   40     2.63  3.51  3.94  4.36  4.24  3.59  3.96  4.72  4.51  4.53  3.61  2.88     3.87  3.01  4.18  4.09  4.22
  0   50     2.67  3.51  3.82  4.09  3.88  3.27  3.61  4.37  4.32  4.50  3.67  2.96     3.72  3.04  3.93  3.75  4.17
  0   60     2.64  3.42  3.62  3.74  3.45  2.90  3.19  3.92  4.02  4.37  3.65  2.96     3.49  3.01  3.60  3.34  4.01
  0   70     2.56  3.26  3.34  3.31  2.96  2.50  2.73  3.40  3.64  4.12  3.53  2.89     3.19  2.90  3.21  2.88  3.77
  0   80     2.42  3.02  3.00  2.83  2.45  2.08  2.26  2.82  3.19  3.78  3.33  2.75     2.83  2.73  2.76  2.39  3.43
  0   90     2.23  2.72  2.59  2.30  1.92  1.67  1.78  2.22  2.67  3.35  3.05  2.55     2.42  2.50  2.27  1.89  3.02
 15   10     2.17  3.04  3.75  4.59  4.81  4.15  4.57  5.17  4.47  3.96  2.90  2.25     3.82  2.49  4.39  4.63  3.78
 15   20     2.36  3.26  3.89  4.61  4.71  4.04  4.45  5.13  4.57  4.23  3.20  2.51     3.91  2.71  4.41  4.54  4.00
 15   30     2.50  3.40  3.94  4.54  4.53  3.85  4.25  4.99  4.58  4.40  3.42  2.70     3.92  2.87  4.33  4.36  4.13
 15   40     2.59  3.47  3.90  4.36  4.25  3.60  3.97  4.73  4.48  4.47  3.56  2.83     3.85  2.96  4.17  4.10  4.17
 15   50     2.63  3.45  3.78  4.10  3.89  3.29  3.63  4.38  4.28  4.43  3.61  2.90     3.70  2.99  3.92  3.76  4.11
 15   60     2.60  3.36  3.58  3.75  3.48  2.93  3.23  3.95  3.99  4.28  3.57  2.89     3.47  2.95  3.60  3.37  3.95
 15   70     2.51  3.19  3.30  3.34  3.00  2.54  2.78  3.45  3.62  4.04  3.45  2.82     3.17  2.84  3.21  2.92  3.70
 15   80     2.37  2.95  2.95  2.87  2.51  2.13  2.32  2.90  3.18  3.69  3.24  2.68     2.82  2.67  2.78  2.45  3.37
 15   90     2.18  2.65  2.55  2.38  2.02  1.74  1.86  2.32  2.68  3.27  2.96  2.47     2.42  2.43  2.31  1.97  2.97
 30   10     2.14  3.01  3.73  4.58  4.81  4.15  4.57  5.16  4.44  3.91  2.86  2.22     3.80  2.46  4.37  4.63  3.74
 30   20     2.31  3.19  3.84  4.59  4.71  4.04  4.45  5.12  4.53  4.15  3.12  2.44     3.88  2.65  4.38  4.54  3.93
 30   30     2.43  3.31  3.86  4.51  4.54  3.86  4.26  4.98  4.52  4.30  3.30  2.60     3.87  2.78  4.30  4.37  4.04
 30   40     2.49  3.35  3.82  4.34  4.27  3.62  4.00  4.74  4.40  4.34  3.40  2.70     3.79  2.85  4.14  4.12  4.05
 30   50     2.51  3.32  3.69  4.10  3.94  3.33  3.67  4.41  4.21  4.28  3.42  2.74     3.63  2.85  3.91  3.80  3.97
 30   60     2.46  3.21  3.48  3.76  3.55  2.99  3.30  4.01  3.92  4.13  3.36  2.71     3.41  2.79  3.60  3.43  3.81
 30   70     2.37  3.03  3.20  3.38  3.12  2.62  2.88  3.55  3.56  3.88  3.23  2.62     3.12  2.67  3.23  3.02  3.56
 30   80     2.22  2.79  2.87  2.94  2.67  2.25  2.46  3.05  3.15  3.54  3.02  2.47     2.79  2.49  2.83  2.59  3.24
 30   90     2.02  2.49  2.49  2.50  2.22  1.89  2.05  2.53  2.69  3.13  2.73  2.27     2.42  2.26  2.40  2.16  2.85
 45   10     2.10  2.96  3.69  4.56  4.80  4.15  4.56  5.14  4.40  3.85  2.80  2.16     3.76  2.41  4.35  4.62  3.68
 45   20     2.23  3.10  3.76  4.56  4.71  4.04  4.46  5.10  4.46  4.04  2.99  2.33     3.81  2.55  4.34  4.53  3.83
 45   30     2.31  3.18  3.76  4.47  4.53  3.87  4.27  4.95  4.42  4.13  3.12  2.45     3.79  2.65  4.25  4.36  3.89
 45   40     2.35  3.18  3.69  4.30  4.29  3.65  4.02  4.73  4.30  4.15  3.18  2.51     3.70  2.68  4.09  4.13  3.88
 45   50     2.34  3.13  3.55  4.06  3.98  3.37  3.72  4.42  4.09  4.07  3.17  2.51     3.53  2.66  3.86  3.84  3.77
 45   60     2.28  3.00  3.34  3.76  3.62  3.05  3.37  4.05  3.82  3.90  3.08  2.46     3.31  2.58  3.57  3.49  3.60
 45   70     2.17  2.82  3.07  3.40  3.23  2.72  2.99  3.63  3.48  3.66  2.93  2.36     3.04  2.45  3.23  3.11  3.36
 45   80     2.02  2.58  2.77  3.01  2.81  2.37  2.61  3.17  3.11  3.34  2.72  2.21     2.73  2.27  2.86  2.71  3.06
 45   90     1.83  2.31  2.41  2.60  2.40  2.03  2.22  2.72  2.68  2.98  2.45  2.01     2.39  2.05  2.47  2.32  2.70
 60   10     2.04  2.90  3.63  4.53  4.79  4.15  4.56  5.12  4.35  3.77  2.71  2.10     3.72  2.35  4.32  4.61  3.61
 60   20     2.13  2.98  3.66  4.50  4.70  4.05  4.45  5.05  4.35  3.88  2.84  2.20     3.73  2.44  4.29  4.52  3.69
 60   30     2.17  3.00  3.62  4.40  4.53  3.88  4.27  4.91  4.29  3.93  2.90  2.26     3.68  2.48  4.18  4.35  3.71
 60   40     2.17  2.98  3.53  4.22  4.29  3.66  4.03  4.68  4.14  3.89  2.90  2.28     3.56  2.48  4.01  4.12  3.65
 60   50     2.13  2.89  3.37  4.00  4.00  3.40  3.75  4.40  3.94  3.80  2.86  2.25     3.40  2.42  3.79  3.85  3.53
 60   60     2.05  2.76  3.16  3.71  3.66  3.11  3.42  4.05  3.67  3.62  2.75  2.18     3.18  2.33  3.51  3.53  3.35
 60   70     1.94  2.58  2.91  3.38  3.30  2.78  3.07  3.66  3.36  3.39  2.59  2.06     2.92  2.19  3.19  3.17  3.11
 60   80     1.79  2.35  2.62  3.02  2.92  2.46  2.71  3.26  3.01  3.10  2.40  1.91     2.63  2.02  2.86  2.81  2.83
 60   90     1.62  2.11  2.31  2.64  2.54  2.14  2.36  2.83  2.64  2.77  2.15  1.73     2.32  1.82  2.50  2.44  2.52
 75   10     1.98  2.82  3.57  4.49  4.78  4.15  4.55  5.09  4.29  3.67  2.62  2.02     3.67  2.27  4.28  4.60  3.53
 75   20     2.01  2.83  3.54  4.42  4.68  4.04  4.44  5.00  4.24  3.71  2.66  2.05     3.63  2.30  4.21  4.49  3.54
 75   30     2.00  2.81  3.46  4.31  4.50  3.88  4.26  4.84  4.13  3.68  2.65  2.06     3.55  2.29  4.09  4.33  3.49
 75   40     1.97  2.73  3.33  4.13  4.26  3.66  4.03  4.61  3.96  3.61  2.61  2.02     3.41  2.24  3.91  4.10  3.39
 75   50     1.91  2.63  3.16  3.88  3.99  3.41  3.75  4.32  3.73  3.46  2.52  1.97     3.23  2.17  3.68  3.83  3.24
 75   60     1.81  2.47  2.95  3.62  3.67  3.13  3.44  4.00  3.48  3.29  2.40  1.88     3.01  2.05  3.41  3.52  3.06
 75   70     1.70  2.30  2.71  3.30  3.32  2.83  3.11  3.64  3.18  3.05  2.23  1.75     2.76  1.92  3.11  3.19  2.82
 75   80     1.55  2.09  2.44  2.97  2.96  2.51  2.76  3.25  2.87  2.80  2.05  1.62     2.49  1.75  2.79  2.84  2.57
 75   90     1.40  1.88  2.17  2.63  2.61  2.21  2.43  2.87  2.53  2.50  1.84  1.45     2.21  1.58  2.47  2.50  2.29
 90   10     1.91  2.74  3.50  4.45  4.77  4.15  4.55  5.05  4.22  3.57  2.52  1.94     3.61  2.20  4.24  4.58  3.44
 90   20     1.88  2.68  3.41  4.34  4.65  4.04  4.43  4.93  4.11  3.51  2.46  1.90     3.53  2.15  4.13  4.46  3.36
 90   30     1.83  2.59  3.28  4.19  4.46  3.87  4.24  4.74  3.94  3.41  2.39  1.84     3.40  2.09  3.98  4.28  3.25
 90   40     1.76  2.48  3.11  3.98  4.21  3.65  4.00  4.50  3.75  3.27  2.29  1.77     3.23  2.00  3.77  4.05  3.10
 90   50     1.67  2.34  2.92  3.74  3.93  3.40  3.72  4.20  3.51  3.11  2.17  1.67     3.03  1.89  3.53  3.77  2.93
 90   60     1.57  2.19  2.71  3.45  3.62  3.12  3.42  3.87  3.23  2.90  2.03  1.57     2.81  1.78  3.26  3.47  2.72
 90   70     1.45  2.01  2.47  3.17  3.29  2.83  3.10  3.54  2.96  2.70  1.87  1.45     2.57  1.64  2.97  3.15  2.51
 90   80     1.33  1.83  2.23  2.85  2.94  2.52  2.77  3.18  2.66  2.45  1.70  1.33     2.32  1.50  2.67  2.82  2.27
 90   90     1.19  1.63  1.97  2.54  2.60  2.23  2.44  2.81  2.36  2.21  1.53  1.19     2.06  1.34  2.37  2.49  2.04
105   10     1.85  2.66  3.43  4.40  4.75  4.14  4.54  5.02  4.16  3.46  2.42  1.85     3.56  2.12  4.19  4.57  3.34
105   20     1.75  2.53  3.28  4.25  4.61  4.03  4.41  4.86  3.98  3.30  2.27  1.74     3.42  2.01  4.05  4.43  3.18
105   30     1.65  2.37  3.09  4.05  4.40  3.85  4.21  4.63  3.75  3.12  2.11  1.62     3.24  1.88  3.85  4.23  2.99
105   40     1.54  2.21  2.88  3.81  4.13  3.62  3.95  4.35  3.50  2.92  1.97  1.50     3.03  1.75  3.61  3.97  2.79
105   50     1.44  2.05  2.66  3.54  3.83  3.36  3.66  4.03  3.24  2.71  1.82  1.40     2.81  1.63  3.35  3.68  2.59
105   60     1.33  1.89  2.44  3.26  3.52  3.08  3.35  3.69  2.96  2.51  1.66  1.29     2.58  1.50  3.07  3.37  2.38
105   70     1.21  1.72  2.21  2.96  3.19  2.79  3.03  3.35  2.67  2.30  1.53  1.18     2.34  1.37  2.79  3.06  2.17
105   80     1.11  1.56  1.98  2.67  2.86  2.49  2.71  3.01  2.41  2.09  1.37  1.07     2.11  1.25  2.50  2.74  1.96
105   90     1.00  1.40  1.77  2.38  2.52  2.19  2.39  2.68  2.14  1.89  1.25  0.96     1.88  1.12  2.23  2.42  1.76
120   10     1.78  2.58  3.37  4.36  4.74  4.14  4.54  4.98  4.09  3.36  2.32  1.77     3.50  2.04  4.15  4.55  3.25
120   20     1.63  2.38  3.15  4.16  4.57  4.02  4.39  4.78  3.85  3.10  2.09  1.59     3.31  1.87  3.96  4.39  3.01
120   30     1.48  2.16  2.90  3.91  4.33  3.83  4.17  4.50  3.55  2.82  1.86  1.42     3.08  1.69  3.71  4.17  2.75
120   40     1.35  1.95  2.65  3.62  4.04  3.59  3.89  4.17  3.25  2.56  1.65  1.27     2.83  1.52  3.43  3.88  2.49
120   50     1.23  1.76  2.39  3.31  3.71  3.30  3.57  3.81  2.94  2.31  1.48  1.15     2.58  1.38  3.14  3.56  2.24
120   60     1.12  1.59  2.15  3.01  3.36  3.00  3.24  3.45  2.65  2.09  1.34  1.03     2.34  1.25  2.84  3.23  2.02
120   70     1.02  1.45  1.93  2.71  3.02  2.70  2.91  3.09  2.38  1.89  1.21  0.94     2.10  1.14  2.55  2.90  1.83
120   80     0.93  1.30  1.74  2.42  2.70  2.40  2.59  2.76  2.12  1.72  1.09  0.86     1.89  1.03  2.29  2.59  1.64
120   90     0.84  1.18  1.55  2.17  2.39  2.12  2.29  2.46  1.89  1.54  1.00  0.78     1.69  0.94  2.04  2.29  1.48
135   10     1.73  2.51  3.31  4.32  4.72  4.14  4.53  4.96  4.03  3.26  2.23  1.70     3.45  1.98  4.12  4.54  3.18
135   20     1.52  2.24  3.03  4.08  4.54  4.01  4.37  4.71  3.73  2.91  1.92  1.46     3.21  1.74  3.88  4.37  2.85
135   30     1.32  1.96  2.72  3.77  4.28  3.81  4.13  4.37  3.37  2.54  1.62  1.23     2.93  1.50  3.59  4.11  2.51
135   40     1.16  1.71  2.41  3.42  3.94  3.54  3.82  3.98  3.00  2.20  1.37  1.05     2.63  1.31  3.26  3.78  2.19
135   50     1.04  1.50  2.12  3.06  3.56  3.23  3.47  3.56  2.63  1.91  1.19  0.93     2.35  1.16  2.91  3.42  1.91
135   60     0.95  1.33  1.87  2.72  3.17  2.90  3.10  3.15  2.31  1.68  1.06  0.84     2.09  1.04  2.59  3.05  1.68
135   70     0.87  1.21  1.67  2.42  2.81  2.58  2.74  2.79  2.04  1.51  0.96  0.77     1.86  0.95  2.30  2.70  1.50
135   80     0.80  1.09  1.49  2.15  2.48  2.28  2.42  2.46  1.82  1.37  0.88  0.72     1.66  0.87  2.04  2.39  1.36
135   90     0.73  1.00  1.34  1.92  2.19  2.00  2.13  2.18  1.63  1.25  0.82  0.67     1.49  0.80  1.82  2.11  1.23
150   10     1.68  2.46  3.27  4.29  4.72  4.14  4.53  4.93  3.99  3.19  2.17  1.65     3.42  1.93  4.09  4.53  3.12
150   20     1.43  2.12  2.94  4.01  4.52  4.01  4.37  4.66  3.64  2.75  1.78  1.35     3.13  1.63  3.82  4.34  2.72
150   30     1.19  1.78  2.57  3.66  4.23  3.80  4.12  4.28  3.22  2.29  1.42  1.07     2.80  1.35  3.49  4.07  2.31
150   40     1.00  1.48  2.20  3.25  3.86  3.52  3.79  3.83  2.77  1.87  1.12  0.88     2.46  1.12  3.10  3.71  1.92
150   50     0.90  1.26  1.86  2.81  3.42  3.19  3.39  3.33  2.34  1.53  0.95  0.79     2.15  0.98  2.70  3.30  1.61
150   60     0.84  1.12  1.60  2.42  2.97  2.80  2.95  2.84  1.98  1.32  0.86  0.75     1.87  0.90  2.33  2.87  1.39
150   70     0.79  1.03  1.42  2.09  2.55  2.43  2.54  2.43  1.72  1.19  0.81  0.71     1.64  0.84  2.02  2.47  1.24
150   80     0.74  0.96  1.28  1.85  2.22  2.11  2.20  2.12  1.53  1.10  0.77  0.67     1.46  0.79  1.78  2.15  1.14
150   90     0.69  0.89  1.17  1.66  1.96  1.85  1.93  1.89  1.39  1.03  0.73  0.63     1.32  0.73  1.60  1.89  1.05
165   10     1.65  2.42  3.24  4.27  4.72  4.14  4.53  4.92  3.97  3.14  2.12  1.62     3.40  1.90  4.08  4.53  3.08
165   20     1.37  2.05  2.88  3.97  4.52  4.01  4.37  4.63  3.58  2.64  1.69  1.27     3.08  1.56  3.79  4.34  2.64
165   30     1.09  1.66  2.48  3.59  4.22  3.81  4.12  4.24  3.13  2.11  1.25  0.95     2.72  1.23  3.43  4.06  2.16
165   40     0.91  1.29  2.04  3.14  3.85  3.53  3.79  3.75  2.61  1.59  0.92  0.81     2.35  1.00  3.01  3.69  1.71
165   50     0.88  1.07  1.63  2.63  3.40  3.19  3.39  3.20  2.09  1.19  0.86  0.78     2.03  0.91  2.55  3.26  1.38
165   60     0.83  1.02  1.36  2.13  2.88  2.80  2.93  2.59  1.66  1.04  0.83  0.74     1.73  0.86  2.12  2.77  1.18
165   70     0.79  0.97  1.23  1.77  2.33  2.37  2.43  2.06  1.43  0.99  0.80  0.71     1.49  0.82  1.78  2.28  1.07
165   80     0.74  0.92  1.15  1.58  1.96  1.96  2.00  1.77  1.30  0.96  0.76  0.67     1.31  0.77  1.56  1.91  1.01
165   90     0.68  0.86  1.08  1.45  1.73  1.71  1.75  1.60  1.22  0.92  0.72  0.63     1.20  0.72  1.42  1.69  0.95
180   10     1.64  2.41  3.23  4.26  4.72  4.14  4.54  4.91  3.96  3.13  2.11  1.60     3.39  1.89  4.07  4.53  3.07
180   20     1.34  2.02  2.87  3.95  4.52  4.02  4.38  4.62  3.57  2.60  1.65  1.24     3.06  1.53  3.78  4.34  2.61
180   30     1.05  1.60  2.44  3.56  4.23  3.81  4.14  4.22  3.11  2.04  1.19  0.91     2.69  1.19  3.41  4.06  2.11
180   40     0.91  1.20  1.98  3.11  3.86  3.54  3.81  3.73  2.58  1.45  0.89  0.81     2.32  0.97  2.98  3.69  1.64
180   50     0.88  1.06  1.49  2.59  3.41  3.20  3.41  3.18  2.01  1.04  0.86  0.78     1.99  0.90  2.50  3.26  1.30
180   60     0.83  1.02  1.24  2.04  2.90  2.81  2.95  2.56  1.42  1.01  0.83  0.74     1.70  0.86  2.06  2.77  1.09
180   70     0.79  0.97  1.19  1.56  2.34  2.38  2.45  1.91  1.28  0.98  0.80  0.71     1.45  0.82  1.70  2.25  1.02
180   80     0.74  0.92  1.13  1.43  1.86  1.92  1.94  1.59  1.22  0.95  0.76  0.67     1.26  0.77  1.47  1.82  0.98
180   90     0.68  0.86  1.07  1.33  1.66  1.66  1.70  1.47  1.17  0.91  0.72  0.63     1.15  0.72  1.35  1.61  0.93
             51.2  44.3  31.7  16.8   4.4   0.3   1.6  11.3  25.8  42.4  52.0  55.4     26.6  50.0  17.3   5.1  39.5
             2.67  3.52  3.97  4.62  4.83  4.19  4.60  5.18  4.62  4.54  3.68  2.97     4.11  3.04  4.42  4.64  4.22
             2.49  3.39  3.96  4.57  4.60  3.92  4.32  5.04  4.62  4.40  3.39  2.68     3.95  2.85  4.37  4.43  4.14
             1.07  1.04  1.00  1.01  1.05  1.07  1.06  1.03  1.00  1.03  1.09  1.11     1.05  1.07  1.02  1.05  1.04
             1.29  1.22  1.11  1.02  0.95  0.93  0.94  0.98  1.08  1.23  1.32  1.37     1.12  1.29  1.03  0.95  1.21
temperature   7.2   7.7  10.5  14.7  18.3  21.5  25.3  26.5  23.6  18.9  14.2   9.6     16.5   8.2  14.5  24.4  18.9
diffusedrad  1.14  1.45  1.81  2.16  2.42  2.45  2.46  2.25  1.97  1.52  1.22  1.05     1.82  1.21  2.13  2.39  1.57
snow10cm     0.00  0.00  0.00  0.00  0.00  0.00  0.00  0.00  0.00  0.00  0.00  0.00     0.00  0.00  0.00  0.00  0.00
