2 84561   口之津          32 36.7  130 11.2   10
             2.24  3.00  3.62  4.48  4.90  4.35  5.17  5.31  4.38  3.62  2.60  2.19     3.82  2.48  4.33  4.95  3.53
             2.54  3.56  4.40  5.26  5.71  5.54  7.00  6.48  5.37  4.18  3.15  2.56     4.23  2.76  4.95  6.00  3.94
             1.94  2.12  2.70  3.85  4.07  3.31  3.76  4.44  3.65  3.01  1.98  1.87     3.54  2.12  3.78  4.21  3.18
  0   10     2.59  3.35  3.81  4.59  4.89  4.29  5.11  5.38  4.58  4.01  2.96  2.57     4.01  2.84  4.43  4.93  3.85
  0   20     2.88  3.62  3.96  4.61  4.78  4.17  4.97  5.33  4.70  4.30  3.27  2.90     4.12  3.13  4.45  4.82  4.09
  0   30     3.11  3.80  4.02  4.53  4.58  3.96  4.72  5.17  4.71  4.49  3.51  3.16     4.14  3.36  4.38  4.62  4.23
  0   40     3.26  3.90  3.99  4.34  4.29  3.69  4.38  4.89  4.61  4.56  3.66  3.34     4.08  3.50  4.21  4.32  4.28
  0   50     3.33  3.90  3.87  4.08  3.92  3.36  3.97  4.52  4.40  4.53  3.72  3.44     3.92  3.56  3.96  3.95  4.22
  0   60     3.33  3.81  3.67  3.72  3.48  2.97  3.48  4.05  4.10  4.39  3.69  3.46     3.68  3.53  3.62  3.50  4.06
  0   70     3.24  3.63  3.38  3.30  2.98  2.54  2.94  3.49  3.71  4.14  3.57  3.39     3.36  3.42  3.22  2.99  3.81
  0   80     3.08  3.37  3.03  2.81  2.45  2.10  2.38  2.88  3.24  3.80  3.36  3.23     2.98  3.23  2.76  2.45  3.47
  0   90     2.84  3.03  2.61  2.28  1.92  1.67  1.83  2.25  2.70  3.36  3.08  3.00     2.55  2.96  2.27  1.92  3.05
 15   10     2.58  3.33  3.80  4.59  4.89  4.29  5.11  5.38  4.57  3.99  2.94  2.55     4.00  2.82  4.43  4.93  3.84
 15   20     2.86  3.59  3.94  4.61  4.79  4.17  4.97  5.33  4.67  4.27  3.24  2.86     4.11  3.10  4.44  4.82  4.06
 15   30     3.07  3.76  3.99  4.53  4.59  3.97  4.73  5.18  4.68  4.44  3.46  3.11     4.13  3.31  4.37  4.63  4.19
 15   40     3.21  3.85  3.96  4.35  4.31  3.70  4.40  4.91  4.58  4.50  3.60  3.28     4.05  3.44  4.21  4.34  4.23
 15   50     3.28  3.84  3.83  4.09  3.94  3.37  3.99  4.53  4.37  4.46  3.65  3.37     3.89  3.50  3.95  3.96  4.16
 15   60     3.27  3.74  3.62  3.74  3.51  3.00  3.52  4.08  4.07  4.31  3.62  3.37     3.65  3.46  3.62  3.53  4.00
 15   70     3.17  3.56  3.33  3.33  3.03  2.58  3.00  3.55  3.68  4.06  3.49  3.30     3.34  3.34  3.23  3.04  3.74
 15   80     3.01  3.29  2.98  2.86  2.52  2.16  2.46  2.97  3.23  3.71  3.28  3.14     2.97  3.15  2.79  2.53  3.41
 15   90     2.77  2.95  2.58  2.36  2.02  1.74  1.93  2.36  2.72  3.28  2.99  2.90     2.55  2.88  2.32  2.01  3.00
 30   10     2.54  3.29  3.78  4.58  4.88  4.29  5.11  5.36  4.54  3.95  2.90  2.51     3.98  2.78  4.41  4.92  3.80
 30   20     2.79  3.51  3.89  4.59  4.78  4.17  4.98  5.32  4.63  4.19  3.16  2.78     4.07  3.02  4.42  4.83  3.99
 30   30     2.97  3.65  3.92  4.51  4.60  3.99  4.75  5.17  4.61  4.34  3.34  2.98     4.07  3.20  4.34  4.64  4.10
 30   40     3.08  3.71  3.87  4.34  4.33  3.73  4.44  4.92  4.50  4.38  3.45  3.12     3.99  3.30  4.18  4.36  4.11
 30   50     3.12  3.68  3.74  4.09  3.99  3.42  4.06  4.58  4.30  4.31  3.47  3.17     3.83  3.32  3.94  4.02  4.03
 30   60     3.08  3.57  3.52  3.75  3.59  3.07  3.63  4.14  4.01  4.16  3.41  3.15     3.59  3.27  3.62  3.61  3.86
 30   70     2.98  3.38  3.24  3.37  3.15  2.68  3.14  3.66  3.63  3.91  3.27  3.06     3.29  3.14  3.25  3.16  3.60
 30   80     2.80  3.11  2.91  2.94  2.69  2.29  2.66  3.14  3.21  3.57  3.05  2.89     2.94  2.93  2.84  2.70  3.28
 30   90     2.56  2.78  2.52  2.49  2.23  1.92  2.19  2.60  2.74  3.15  2.76  2.65     2.55  2.66  2.41  2.23  2.88
 45   10     2.48  3.23  3.73  4.55  4.88  4.29  5.11  5.34  4.50  3.89  2.84  2.44     3.94  2.72  4.39  4.92  3.74
 45   20     2.68  3.40  3.81  4.56  4.78  4.18  4.98  5.30  4.55  4.07  3.03  2.65     4.00  2.91  4.38  4.82  3.88
 45   30     2.81  3.50  3.81  4.46  4.60  4.00  4.76  5.15  4.51  4.17  3.16  2.80     3.98  3.04  4.29  4.64  3.95
 45   40     2.88  3.52  3.74  4.30  4.36  3.76  4.48  4.91  4.39  4.19  3.23  2.88     3.89  3.09  4.13  4.39  3.94
 45   50     2.89  3.46  3.59  4.05  4.03  3.47  4.13  4.59  4.17  4.11  3.21  2.90     3.72  3.08  3.89  4.06  3.83
 45   60     2.83  3.34  3.39  3.75  3.67  3.14  3.73  4.20  3.90  3.93  3.12  2.85     3.49  3.01  3.60  3.69  3.65
 45   70     2.72  3.14  3.11  3.39  3.27  2.79  3.30  3.76  3.55  3.69  2.97  2.74     3.20  2.86  3.26  3.29  3.40
 45   80     2.54  2.88  2.80  3.00  2.84  2.43  2.86  3.28  3.17  3.37  2.75  2.57     2.87  2.66  2.88  2.85  3.10
 45   90     2.30  2.57  2.44  2.60  2.42  2.08  2.42  2.81  2.74  3.00  2.48  2.34     2.52  2.40  2.49  2.43  2.74
 60   10     2.41  3.16  3.68  4.53  4.87  4.29  5.11  5.32  4.45  3.81  2.75  2.35     3.89  2.64  4.36  4.91  3.67
 60   20     2.54  3.26  3.71  4.50  4.77  4.18  4.98  5.25  4.45  3.92  2.88  2.49     3.91  2.76  4.33  4.81  3.75
 60   30     2.62  3.30  3.67  4.40  4.60  4.01  4.78  5.11  4.38  3.97  2.94  2.57     3.86  2.83  4.22  4.63  3.77
 60   40     2.64  3.28  3.58  4.22  4.36  3.78  4.50  4.86  4.23  3.93  2.94  2.60     3.74  2.84  4.05  4.38  3.70
 60   50     2.61  3.19  3.42  4.00  4.06  3.51  4.18  4.57  4.03  3.83  2.90  2.58     3.58  2.80  3.83  4.09  3.59
 60   60     2.53  3.05  3.21  3.71  3.72  3.20  3.81  4.21  3.75  3.65  2.79  2.50     3.35  2.70  3.54  3.74  3.40
 60   70     2.41  2.86  2.95  3.38  3.35  2.87  3.41  3.81  3.44  3.42  2.63  2.38     3.07  2.55  3.23  3.36  3.16
 60   80     2.23  2.61  2.66  3.02  2.96  2.54  3.01  3.38  3.07  3.13  2.43  2.21     2.77  2.35  2.88  2.98  2.88
 60   90     2.02  2.34  2.34  2.64  2.57  2.21  2.61  2.94  2.70  2.79  2.18  2.00     2.44  2.12  2.52  2.59  2.56
 75   10     2.33  3.07  3.62  4.49  4.86  4.29  5.10  5.29  4.38  3.71  2.65  2.26     3.84  2.55  4.32  4.89  3.58
 75   20     2.38  3.09  3.59  4.43  4.75  4.18  4.97  5.20  4.33  3.74  2.70  2.31     3.81  2.59  4.26  4.79  3.59
 75   30     2.40  3.08  3.51  4.31  4.58  4.01  4.77  5.03  4.22  3.72  2.69  2.32     3.72  2.60  4.13  4.61  3.54
 75   40     2.37  3.00  3.38  4.13  4.33  3.79  4.51  4.80  4.05  3.64  2.65  2.29     3.58  2.55  3.95  4.36  3.45
 75   50     2.31  2.89  3.21  3.88  4.05  3.53  4.20  4.49  3.82  3.50  2.55  2.23     3.39  2.48  3.71  4.07  3.29
 75   60     2.21  2.73  2.99  3.62  3.73  3.24  3.85  4.17  3.56  3.33  2.43  2.14     3.17  2.36  3.45  3.75  3.11
 75   70     2.08  2.54  2.75  3.30  3.37  2.92  3.48  3.79  3.25  3.09  2.26  2.00     2.90  2.21  3.14  3.40  2.87
 75   80     1.92  2.31  2.48  2.97  3.01  2.60  3.08  3.38  2.93  2.83  2.08  1.85     2.62  2.03  2.82  3.02  2.62
 75   90     1.73  2.08  2.20  2.64  2.65  2.29  2.71  2.99  2.59  2.53  1.87  1.67     2.33  1.83  2.50  2.66  2.33
 90   10     2.24  2.98  3.54  4.45  4.84  4.29  5.10  5.25  4.31  3.60  2.55  2.16     3.78  2.46  4.28  4.88  3.49
 90   20     2.21  2.92  3.46  4.34  4.72  4.18  4.96  5.13  4.20  3.54  2.50  2.12     3.69  2.41  4.18  4.75  3.42
 90   30     2.15  2.82  3.33  4.19  4.53  4.00  4.75  4.93  4.03  3.44  2.42  2.05     3.56  2.34  4.02  4.56  3.30
 90   40     2.08  2.71  3.15  3.99  4.29  3.78  4.48  4.68  3.83  3.30  2.32  1.98     3.38  2.26  3.81  4.31  3.15
 90   50     1.98  2.55  2.96  3.74  4.00  3.52  4.17  4.37  3.59  3.14  2.20  1.87     3.17  2.14  3.57  4.02  2.98
 90   60     1.88  2.39  2.75  3.46  3.68  3.23  3.83  4.03  3.31  2.93  2.06  1.77     2.94  2.01  3.30  3.70  2.77
 90   70     1.74  2.20  2.50  3.17  3.35  2.93  3.47  3.69  3.03  2.73  1.90  1.64     2.69  1.86  3.01  3.36  2.55
 90   80     1.61  2.01  2.27  2.86  2.99  2.61  3.10  3.31  2.72  2.48  1.73  1.50     2.43  1.71  2.71  3.01  2.31
 90   90     1.44  1.79  2.00  2.54  2.65  2.31  2.73  2.93  2.42  2.24  1.56  1.35     2.16  1.53  2.40  2.66  2.07
105   10     2.14  2.88  3.48  4.40  4.83  4.29  5.09  5.21  4.24  3.49  2.45  2.06     3.71  2.36  4.24  4.87  3.40
105   20     2.03  2.73  3.32  4.26  4.69  4.17  4.94  5.05  4.06  3.34  2.30  1.93     3.57  2.23  4.09  4.72  3.23
105   30     1.91  2.57  3.13  4.06  4.47  3.98  4.71  4.81  3.83  3.15  2.15  1.79     3.38  2.09  3.89  4.50  3.04
105   40     1.79  2.39  2.92  3.82  4.21  3.75  4.42  4.52  3.58  2.95  2.00  1.66     3.17  1.95  3.65  4.23  2.84
105   50     1.67  2.22  2.69  3.55  3.90  3.48  4.09  4.19  3.31  2.74  1.84  1.54     2.94  1.81  3.38  3.92  2.63
105   60     1.55  2.04  2.47  3.26  3.58  3.19  3.75  3.84  3.03  2.54  1.69  1.42     2.70  1.67  3.10  3.59  2.42
105   70     1.42  1.86  2.24  2.97  3.25  2.88  3.39  3.49  2.73  2.32  1.55  1.30     2.45  1.53  2.82  3.25  2.20
105   80     1.31  1.69  2.01  2.68  2.91  2.58  3.03  3.14  2.46  2.12  1.40  1.18     2.21  1.39  2.53  2.92  1.99
105   90     1.18  1.52  1.80  2.39  2.57  2.27  2.68  2.79  2.19  1.91  1.26  1.07     1.97  1.25  2.25  2.58  1.79
120   10     2.05  2.79  3.41  4.36  4.82  4.29  5.08  5.18  4.18  3.39  2.35  1.96     3.65  2.27  4.20  4.85  3.31
120   20     1.86  2.56  3.19  4.17  4.65  4.16  4.92  4.97  3.92  3.13  2.12  1.74     3.45  2.05  4.00  4.68  3.06
120   30     1.67  2.32  2.94  3.92  4.41  3.97  4.66  4.68  3.63  2.86  1.89  1.54     3.21  1.84  3.75  4.43  2.79
120   40     1.51  2.09  2.68  3.63  4.11  3.71  4.35  4.33  3.32  2.59  1.68  1.37     2.95  1.65  3.47  4.13  2.53
120   50     1.37  1.88  2.42  3.32  3.77  3.42  3.99  3.96  3.00  2.34  1.50  1.23     2.68  1.49  3.17  3.79  2.28
120   60     1.25  1.70  2.18  3.02  3.42  3.11  3.61  3.58  2.70  2.11  1.36  1.10     2.43  1.35  2.87  3.43  2.06
120   70     1.14  1.54  1.96  2.72  3.08  2.79  3.24  3.21  2.42  1.92  1.23  1.01     2.19  1.23  2.58  3.08  1.86
120   80     1.05  1.39  1.76  2.43  2.75  2.49  2.88  2.87  2.16  1.74  1.11  0.92     1.96  1.12  2.31  2.75  1.67
120   90     0.95  1.26  1.57  2.18  2.43  2.19  2.54  2.56  1.92  1.56  1.01  0.84     1.75  1.02  2.06  2.43  1.50
135   10     1.97  2.71  3.35  4.32  4.80  4.29  5.08  5.15  4.12  3.30  2.27  1.87     3.60  2.19  4.16  4.84  3.23
135   20     1.70  2.40  3.07  4.09  4.62  4.16  4.90  4.89  3.80  2.94  1.95  1.57     3.34  1.89  3.93  4.65  2.90
135   30     1.45  2.08  2.76  3.78  4.35  3.94  4.62  4.54  3.44  2.57  1.65  1.30     3.04  1.61  3.63  4.37  2.55
135   40     1.25  1.80  2.44  3.43  4.01  3.67  4.26  4.13  3.06  2.23  1.39  1.10     2.73  1.38  3.29  4.02  2.23
135   50     1.10  1.56  2.14  3.07  3.62  3.34  3.85  3.69  2.68  1.93  1.20  0.96     2.43  1.21  2.95  3.63  1.94
135   60     1.00  1.39  1.89  2.73  3.23  3.00  3.43  3.26  2.35  1.70  1.07  0.86     2.16  1.08  2.62  3.23  1.71
135   70     0.92  1.25  1.68  2.43  2.86  2.66  3.02  2.88  2.07  1.53  0.97  0.79     1.92  0.98  2.32  2.86  1.52
135   80     0.85  1.13  1.50  2.16  2.52  2.35  2.66  2.55  1.85  1.39  0.89  0.74     1.72  0.91  2.06  2.52  1.37
135   90     0.79  1.04  1.35  1.93  2.23  2.07  2.34  2.25  1.65  1.27  0.83  0.69     1.53  0.84  1.83  2.22  1.25
150   10     1.91  2.65  3.31  4.29  4.80  4.29  5.08  5.13  4.07  3.23  2.20  1.81     3.56  2.12  4.13  4.83  3.17
150   20     1.58  2.26  2.98  4.02  4.60  4.16  4.89  4.84  3.71  2.78  1.80  1.44     3.25  1.76  3.86  4.63  2.77
150   30     1.26  1.88  2.60  3.67  4.31  3.94  4.60  4.44  3.28  2.32  1.44  1.11     2.90  1.41  3.52  4.33  2.35
150   40     1.03  1.53  2.22  3.26  3.93  3.65  4.21  3.97  2.82  1.89  1.13  0.88     2.54  1.15  3.14  3.94  1.95
150   50     0.90  1.28  1.88  2.83  3.48  3.29  3.75  3.44  2.38  1.55  0.96  0.77     2.21  0.98  2.73  3.49  1.63
150   60     0.84  1.13  1.61  2.43  3.02  2.89  3.24  2.93  2.00  1.33  0.87  0.73     1.92  0.90  2.35  3.02  1.40
150   70     0.79  1.03  1.42  2.10  2.59  2.50  2.77  2.50  1.74  1.20  0.82  0.70     1.68  0.84  2.04  2.59  1.25
150   80     0.75  0.97  1.29  1.86  2.25  2.17  2.38  2.17  1.55  1.11  0.78  0.67     1.49  0.79  1.80  2.24  1.14
150   90     0.70  0.90  1.17  1.67  1.98  1.90  2.08  1.93  1.40  1.04  0.73  0.63     1.35  0.75  1.61  1.97  1.06
165   10     1.87  2.61  3.28  4.27  4.80  4.29  5.09  5.11  4.05  3.17  2.15  1.76     3.54  2.08  4.12  4.83  3.13
165   20     1.49  2.17  2.92  3.98  4.59  4.16  4.90  4.80  3.65  2.67  1.71  1.34     3.20  1.67  3.83  4.62  2.68
165   30     1.12  1.72  2.50  3.60  4.30  3.95  4.62  4.39  3.18  2.14  1.27  0.96     2.81  1.27  3.47  4.32  2.20
165   40     0.89  1.31  2.06  3.15  3.91  3.66  4.23  3.89  2.66  1.61  0.93  0.78     2.42  0.99  3.04  3.92  1.73
165   50     0.86  1.05  1.64  2.65  3.45  3.30  3.76  3.30  2.12  1.21  0.86  0.76     2.08  0.89  2.58  3.45  1.40
165   60     0.82  1.00  1.36  2.14  2.93  2.89  3.22  2.66  1.67  1.05  0.83  0.73     1.77  0.85  2.14  2.92  1.18
165   70     0.78  0.95  1.23  1.78  2.36  2.43  2.62  2.09  1.43  0.99  0.80  0.70     1.51  0.81  1.79  2.38  1.07
165   80     0.74  0.91  1.15  1.58  1.98  2.00  2.12  1.79  1.30  0.96  0.76  0.67     1.33  0.77  1.57  1.97  1.01
165   90     0.70  0.86  1.08  1.45  1.75  1.74  1.84  1.62  1.22  0.92  0.73  0.63     1.21  0.73  1.42  1.73  0.96
180   10     1.86  2.59  3.27  4.26  4.80  4.29  5.09  5.11  4.05  3.16  2.14  1.75     3.53  2.06  4.11  4.83  3.12
180   20     1.45  2.14  2.90  3.96  4.60  4.17  4.92  4.79  3.64  2.63  1.67  1.31     3.18  1.63  3.82  4.63  2.65
180   30     1.07  1.66  2.47  3.57  4.30  3.95  4.63  4.37  3.16  2.06  1.21  0.91     2.78  1.21  3.45  4.32  2.14
180   40     0.89  1.20  2.00  3.12  3.92  3.67  4.25  3.86  2.62  1.47  0.89  0.78     2.39  0.95  3.01  3.93  1.66
180   50     0.86  1.03  1.50  2.61  3.46  3.31  3.79  3.27  2.04  1.04  0.86  0.76     2.04  0.88  2.52  3.46  1.31
180   60     0.82  1.00  1.23  2.05  2.94  2.90  3.25  2.63  1.42  1.01  0.83  0.73     1.74  0.85  2.08  2.93  1.09
180   70     0.78  0.95  1.18  1.56  2.38  2.45  2.66  1.94  1.27  0.98  0.80  0.70     1.47  0.81  1.71  2.35  1.01
180   80     0.74  0.91  1.12  1.42  1.87  1.96  2.05  1.59  1.21  0.95  0.76  0.67     1.27  0.77  1.47  1.87  0.97
180   90     0.70  0.86  1.06  1.33  1.67  1.68  1.78  1.46  1.16  0.91  0.73  0.63     1.17  0.73  1.35  1.64  0.93
             54.2  45.4  31.6  16.6   4.1  -0.1   0.8  11.2  25.7  42.1  51.8  56.9     27.4  51.9  17.0   4.5  39.3
             3.34  3.91  4.02  4.62  4.90  4.34  5.16  5.38  4.72  4.57  3.72  3.46     4.34  3.56  4.45  4.94  4.28
             3.06  3.76  4.01  4.56  4.64  4.02  4.79  5.22  4.71  4.45  3.45  3.10     4.15  3.30  4.40  4.68  4.20
             1.09  1.04  1.00  1.01  1.06  1.08  1.08  1.03  1.00  1.03  1.08  1.12     1.05  1.08  1.02  1.06  1.04
             1.37  1.25  1.11  1.02  0.95  0.92  0.92  0.98  1.08  1.23  1.33  1.42     1.13  1.34  1.02  0.94  1.21
temperature   6.9   7.7  10.8  15.3  19.3  22.8  26.7  27.6  24.7  19.5  14.1   9.1     17.0   7.9  15.1  25.7  19.4
diffusedrad  1.17  1.45  1.80  2.15  2.41  2.44  2.42  2.21  1.96  1.52  1.22  1.06     1.82  1.23  2.12  2.36  1.57
snow10cm     0.00  0.00  0.00  0.00  0.00  0.00  0.00  0.00  0.00  0.00  0.00  0.00     0.00  0.00  0.00  0.00  0.00
