2 84596   野母崎          32 34.7  129 44.4  190
             1.93  2.86  3.64  4.63  4.95  4.27  4.91  5.28  4.61  3.68  2.58  2.02     3.78  2.27  4.41  4.82  3.62
             2.20  3.42  4.25  5.22  5.69  5.15  6.76  6.46  5.49  4.21  3.03  2.50     4.16  2.47  4.89  5.84  3.97
             1.65  2.14  2.75  3.85  3.92  3.25  3.78  4.50  3.60  3.18  2.18  1.65     3.56  1.81  3.85  4.15  3.17
  0   10     2.17  3.17  3.84  4.75  4.94  4.22  4.85  5.35  4.83  4.07  2.94  2.34     3.96  2.56  4.51  4.81  3.95
  0   20     2.37  3.41  3.99  4.77  4.83  4.10  4.72  5.30  4.96  4.37  3.25  2.61     4.06  2.80  4.53  4.71  4.19
  0   30     2.52  3.57  4.05  4.68  4.63  3.90  4.49  5.13  4.97  4.57  3.48  2.82     4.07  2.97  4.45  4.50  4.34
  0   40     2.61  3.65  4.02  4.50  4.33  3.63  4.18  4.86  4.87  4.65  3.63  2.97     3.99  3.08  4.28  4.22  4.38
  0   50     2.64  3.65  3.90  4.21  3.96  3.31  3.79  4.49  4.65  4.62  3.68  3.04     3.83  3.11  4.02  3.86  4.32
  0   60     2.62  3.56  3.69  3.85  3.51  2.93  3.33  4.02  4.33  4.47  3.65  3.05     3.58  3.07  3.68  3.43  4.15
  0   70     2.53  3.39  3.41  3.40  3.00  2.52  2.83  3.47  3.91  4.22  3.53  2.98     3.27  2.96  3.27  2.94  3.89
  0   80     2.39  3.14  3.05  2.89  2.47  2.08  2.31  2.87  3.41  3.87  3.33  2.83     2.89  2.79  2.80  2.42  3.54
  0   90     2.20  2.82  2.63  2.34  1.92  1.67  1.80  2.24  2.84  3.43  3.05  2.63     2.46  2.55  2.30  1.90  3.11
 15   10     2.17  3.16  3.83  4.75  4.94  4.22  4.85  5.34  4.81  4.05  2.92  2.32     3.95  2.55  4.51  4.80  3.93
 15   20     2.36  3.38  3.97  4.76  4.84  4.10  4.72  5.29  4.93  4.34  3.22  2.58     4.04  2.77  4.52  4.71  4.16
 15   30     2.49  3.53  4.02  4.69  4.64  3.91  4.50  5.14  4.94  4.51  3.43  2.78     4.05  2.94  4.45  4.52  4.29
 15   40     2.58  3.60  3.98  4.51  4.35  3.65  4.19  4.88  4.83  4.58  3.57  2.92     3.97  3.03  4.28  4.24  4.33
 15   50     2.61  3.59  3.86  4.23  3.97  3.32  3.81  4.50  4.62  4.54  3.62  2.98     3.80  3.06  4.02  3.88  4.26
 15   60     2.57  3.49  3.65  3.87  3.54  2.95  3.37  4.06  4.30  4.39  3.58  2.98     3.56  3.01  3.68  3.46  4.09
 15   70     2.48  3.32  3.36  3.44  3.05  2.55  2.88  3.53  3.89  4.13  3.45  2.90     3.25  2.90  3.28  2.99  3.82
 15   80     2.34  3.07  3.00  2.94  2.54  2.14  2.38  2.95  3.41  3.78  3.25  2.75     2.88  2.72  2.83  2.49  3.48
 15   90     2.15  2.75  2.59  2.42  2.02  1.73  1.89  2.35  2.86  3.34  2.96  2.54     2.47  2.48  2.35  1.99  3.05
 30   10     2.14  3.12  3.80  4.73  4.94  4.22  4.85  5.33  4.78  4.01  2.88  2.28     3.92  2.51  4.49  4.80  3.89
 30   20     2.30  3.31  3.92  4.75  4.84  4.10  4.73  5.29  4.88  4.26  3.13  2.51     4.00  2.71  4.50  4.71  4.09
 30   30     2.42  3.44  3.94  4.67  4.65  3.92  4.52  5.14  4.87  4.41  3.31  2.67     4.00  2.84  4.42  4.52  4.20
 30   40     2.48  3.48  3.90  4.49  4.37  3.67  4.23  4.89  4.75  4.45  3.42  2.78     3.91  2.91  4.25  4.26  4.20
 30   50     2.49  3.45  3.76  4.23  4.03  3.37  3.87  4.54  4.54  4.39  3.44  2.82     3.74  2.92  4.01  3.93  4.12
 30   60     2.44  3.34  3.55  3.88  3.62  3.02  3.46  4.12  4.23  4.23  3.37  2.79     3.50  2.86  3.68  3.54  3.94
 30   70     2.35  3.15  3.26  3.49  3.18  2.64  3.01  3.64  3.84  3.98  3.23  2.70     3.21  2.73  3.31  3.10  3.68
 30   80     2.20  2.89  2.92  3.03  2.71  2.27  2.56  3.12  3.39  3.63  3.02  2.54     2.86  2.54  2.89  2.65  3.34
 30   90     2.00  2.59  2.53  2.56  2.24  1.90  2.11  2.58  2.88  3.21  2.73  2.33     2.47  2.31  2.45  2.20  2.94
 45   10     2.10  3.07  3.76  4.71  4.93  4.22  4.85  5.31  4.73  3.95  2.82  2.23     3.89  2.46  4.47  4.79  3.83
 45   20     2.23  3.22  3.83  4.71  4.84  4.11  4.73  5.26  4.79  4.14  3.01  2.40     3.94  2.61  4.46  4.70  3.98
 45   30     2.31  3.30  3.84  4.62  4.65  3.93  4.53  5.11  4.75  4.24  3.14  2.52     3.91  2.71  4.37  4.52  4.04
 45   40     2.34  3.30  3.76  4.45  4.40  3.70  4.26  4.88  4.63  4.26  3.20  2.58     3.81  2.74  4.21  4.28  4.03
 45   50     2.32  3.25  3.62  4.20  4.08  3.41  3.93  4.56  4.40  4.17  3.18  2.59     3.64  2.72  3.96  3.97  3.92
 45   60     2.26  3.12  3.41  3.89  3.71  3.09  3.55  4.17  4.12  4.00  3.09  2.53     3.41  2.64  3.67  3.60  3.74
 45   70     2.15  2.93  3.13  3.51  3.30  2.75  3.15  3.74  3.75  3.75  2.94  2.43     3.13  2.50  3.31  3.21  3.48
 45   80     2.00  2.69  2.82  3.10  2.86  2.39  2.73  3.25  3.34  3.42  2.73  2.27     2.80  2.32  2.93  2.79  3.16
 45   90     1.81  2.40  2.46  2.68  2.44  2.05  2.32  2.79  2.88  3.05  2.45  2.06     2.45  2.09  2.53  2.38  2.79
 60   10     2.05  3.00  3.70  4.68  4.92  4.22  4.84  5.29  4.67  3.86  2.73  2.15     3.84  2.40  4.43  4.78  3.76
 60   20     2.13  3.09  3.73  4.65  4.82  4.11  4.73  5.22  4.68  3.98  2.86  2.27     3.86  2.49  4.40  4.69  3.84
 60   30     2.17  3.11  3.70  4.55  4.64  3.94  4.54  5.07  4.62  4.03  2.92  2.33     3.80  2.53  4.30  4.52  3.86
 60   40     2.17  3.09  3.60  4.37  4.40  3.72  4.27  4.83  4.46  3.99  2.92  2.35     3.68  2.53  4.12  4.27  3.79
 60   50     2.12  3.00  3.44  4.14  4.11  3.45  3.97  4.54  4.25  3.90  2.88  2.32     3.51  2.48  3.89  3.99  3.67
 60   60     2.04  2.86  3.23  3.84  3.76  3.15  3.63  4.18  3.95  3.71  2.76  2.24     3.28  2.38  3.61  3.65  3.48
 60   70     1.93  2.67  2.97  3.50  3.38  2.82  3.24  3.77  3.62  3.47  2.60  2.12     3.01  2.24  3.28  3.28  3.23
 60   80     1.78  2.44  2.67  3.13  2.99  2.50  2.86  3.36  3.24  3.18  2.40  1.97     2.71  2.06  2.93  2.90  2.94
 60   90     1.60  2.19  2.36  2.73  2.60  2.17  2.48  2.92  2.84  2.84  2.15  1.77     2.39  1.85  2.56  2.52  2.61
 75   10     1.99  2.92  3.64  4.64  4.91  4.22  4.84  5.26  4.61  3.76  2.64  2.08     3.79  2.33  4.40  4.77  3.67
 75   20     2.01  2.93  3.61  4.58  4.80  4.11  4.72  5.16  4.55  3.80  2.68  2.11     3.76  2.35  4.33  4.66  3.68
 75   30     2.00  2.91  3.53  4.46  4.62  3.94  4.53  5.00  4.44  3.77  2.67  2.12     3.67  2.34  4.20  4.49  3.63
 75   40     1.97  2.83  3.40  4.27  4.38  3.72  4.28  4.76  4.26  3.70  2.62  2.08     3.52  2.29  4.02  4.25  3.53
 75   50     1.90  2.73  3.23  4.02  4.09  3.47  3.98  4.46  4.02  3.55  2.53  2.02     3.33  2.22  3.78  3.97  3.37
 75   60     1.80  2.56  3.01  3.74  3.77  3.18  3.66  4.13  3.75  3.38  2.41  1.93     3.11  2.10  3.51  3.66  3.18
 75   70     1.69  2.39  2.76  3.42  3.41  2.87  3.30  3.76  3.42  3.13  2.24  1.80     2.85  1.96  3.20  3.31  2.93
 75   80     1.55  2.17  2.49  3.08  3.04  2.55  2.93  3.36  3.08  2.88  2.06  1.66     2.57  1.79  2.87  2.94  2.67
 75   90     1.39  1.95  2.21  2.73  2.68  2.25  2.57  2.97  2.73  2.57  1.85  1.49     2.28  1.61  2.54  2.60  2.38
 90   10     1.92  2.84  3.57  4.60  4.90  4.22  4.84  5.22  4.53  3.65  2.54  1.99     3.73  2.25  4.35  4.76  3.58
 90   20     1.89  2.77  3.48  4.49  4.77  4.11  4.71  5.09  4.41  3.60  2.48  1.95     3.65  2.20  4.25  4.63  3.50
 90   30     1.83  2.68  3.35  4.33  4.58  3.94  4.51  4.90  4.23  3.49  2.41  1.89     3.51  2.13  4.09  4.45  3.38
 90   40     1.76  2.57  3.17  4.12  4.33  3.71  4.25  4.65  4.02  3.35  2.30  1.82     3.34  2.05  3.88  4.20  3.22
 90   50     1.67  2.42  2.98  3.87  4.04  3.46  3.95  4.34  3.77  3.19  2.18  1.72     3.13  1.94  3.63  3.92  3.04
 90   60     1.56  2.27  2.76  3.58  3.72  3.17  3.63  4.00  3.47  2.97  2.04  1.62     2.90  1.82  3.35  3.60  2.83
 90   70     1.45  2.08  2.52  3.28  3.38  2.88  3.29  3.66  3.18  2.77  1.89  1.49     2.65  1.67  3.06  3.28  2.61
 90   80     1.32  1.90  2.28  2.96  3.02  2.57  2.94  3.29  2.85  2.51  1.71  1.37     2.39  1.53  2.75  2.93  2.36
 90   90     1.18  1.69  2.01  2.63  2.68  2.27  2.59  2.90  2.54  2.27  1.54  1.23     2.13  1.37  2.44  2.59  2.12
105   10     1.85  2.75  3.50  4.55  4.88  4.21  4.83  5.18  4.46  3.54  2.44  1.90     3.67  2.17  4.31  4.74  3.48
105   20     1.76  2.61  3.34  4.39  4.74  4.10  4.69  5.02  4.26  3.38  2.29  1.79     3.53  2.05  4.16  4.60  3.31
105   30     1.66  2.45  3.15  4.19  4.52  3.92  4.47  4.78  4.01  3.19  2.13  1.67     3.35  1.93  3.96  4.39  3.11
105   40     1.55  2.29  2.94  3.94  4.25  3.68  4.20  4.49  3.75  2.98  1.99  1.54     3.13  1.79  3.71  4.13  2.90
105   50     1.44  2.12  2.71  3.67  3.94  3.42  3.89  4.16  3.46  2.77  1.83  1.43     2.90  1.67  3.44  3.82  2.69
105   60     1.34  1.95  2.48  3.37  3.61  3.13  3.56  3.81  3.17  2.57  1.68  1.32     2.67  1.53  3.15  3.50  2.47
105   70     1.22  1.78  2.25  3.06  3.28  2.83  3.22  3.46  2.85  2.35  1.54  1.21     2.42  1.40  2.86  3.17  2.25
105   80     1.11  1.61  2.02  2.77  2.94  2.53  2.88  3.12  2.57  2.14  1.38  1.10     2.18  1.27  2.57  2.84  2.03
105   90     1.00  1.44  1.81  2.47  2.59  2.23  2.54  2.77  2.29  1.93  1.25  0.99     1.94  1.14  2.29  2.51  1.82
120   10     1.79  2.67  3.43  4.50  4.87  4.21  4.82  5.15  4.38  3.44  2.34  1.82     3.62  2.09  4.27  4.73  3.39
120   20     1.64  2.45  3.21  4.30  4.70  4.09  4.67  4.94  4.11  3.17  2.11  1.63     3.42  1.91  4.07  4.56  3.13
120   30     1.49  2.23  2.96  4.04  4.45  3.90  4.43  4.65  3.79  2.89  1.88  1.46     3.18  1.73  3.82  4.32  2.85
120   40     1.36  2.01  2.69  3.74  4.15  3.65  4.13  4.30  3.46  2.61  1.67  1.30     2.92  1.56  3.53  4.03  2.58
120   50     1.23  1.81  2.44  3.42  3.81  3.36  3.79  3.93  3.13  2.36  1.49  1.17     2.66  1.41  3.22  3.69  2.33
120   60     1.13  1.64  2.19  3.11  3.45  3.06  3.44  3.56  2.81  2.13  1.35  1.06     2.41  1.27  2.92  3.35  2.10
120   70     1.02  1.49  1.96  2.80  3.11  2.75  3.08  3.19  2.52  1.93  1.22  0.96     2.17  1.16  2.62  3.01  1.89
120   80     0.94  1.34  1.76  2.50  2.77  2.44  2.74  2.85  2.24  1.76  1.10  0.88     1.94  1.05  2.35  2.68  1.70
120   90     0.85  1.21  1.57  2.24  2.45  2.16  2.42  2.54  2.00  1.58  1.00  0.80     1.74  0.95  2.09  2.37  1.52
135   10     1.74  2.60  3.38  4.46  4.86  4.21  4.82  5.12  4.32  3.34  2.26  1.75     3.57  2.03  4.23  4.72  3.31
135   20     1.53  2.31  3.09  4.21  4.67  4.08  4.65  4.87  3.98  2.98  1.94  1.49     3.32  1.78  3.99  4.53  2.96
135   30     1.34  2.02  2.77  3.89  4.39  3.88  4.39  4.51  3.59  2.60  1.64  1.26     3.02  1.54  3.69  4.26  2.61
135   40     1.18  1.75  2.45  3.53  4.04  3.61  4.06  4.11  3.17  2.25  1.39  1.08     2.72  1.34  3.34  3.92  2.27
135   50     1.05  1.53  2.15  3.15  3.65  3.29  3.67  3.67  2.78  1.95  1.20  0.95     2.42  1.18  2.99  3.54  1.98
135   60     0.96  1.36  1.90  2.80  3.25  2.95  3.27  3.25  2.42  1.71  1.07  0.86     2.15  1.06  2.65  3.16  1.74
135   70     0.88  1.23  1.69  2.48  2.88  2.62  2.89  2.86  2.13  1.54  0.97  0.79     1.91  0.96  2.35  2.79  1.55
135   80     0.81  1.11  1.51  2.21  2.54  2.31  2.54  2.53  1.90  1.40  0.89  0.73     1.71  0.89  2.09  2.46  1.39
135   90     0.74  1.02  1.35  1.97  2.24  2.04  2.24  2.24  1.70  1.27  0.82  0.68     1.53  0.81  1.86  2.17  1.26
150   10     1.69  2.54  3.33  4.43  4.85  4.21  4.82  5.10  4.27  3.27  2.19  1.70     3.53  1.98  4.20  4.71  3.24
150   20     1.44  2.19  3.00  4.14  4.64  4.08  4.64  4.81  3.88  2.81  1.80  1.38     3.23  1.67  3.93  4.51  2.83
150   30     1.21  1.83  2.62  3.77  4.35  3.87  4.37  4.42  3.41  2.34  1.44  1.09     2.89  1.38  3.58  4.22  2.40
150   40     1.02  1.51  2.23  3.35  3.96  3.59  4.01  3.95  2.92  1.90  1.14  0.89     2.54  1.14  3.18  3.85  1.99
150   50     0.91  1.27  1.88  2.89  3.51  3.24  3.58  3.42  2.44  1.55  0.96  0.80     2.21  1.00  2.76  3.42  1.65
150   60     0.85  1.13  1.61  2.47  3.04  2.85  3.11  2.91  2.04  1.33  0.87  0.75     1.92  0.91  2.38  2.96  1.42
150   70     0.80  1.04  1.43  2.14  2.61  2.47  2.66  2.49  1.76  1.19  0.82  0.71     1.68  0.85  2.06  2.54  1.26
150   80     0.75  0.97  1.29  1.89  2.26  2.14  2.29  2.16  1.57  1.11  0.78  0.67     1.49  0.80  1.81  2.20  1.15
150   90     0.69  0.90  1.18  1.69  1.99  1.87  2.01  1.92  1.42  1.04  0.73  0.63     1.34  0.74  1.62  1.94  1.06
165   10     1.66  2.50  3.31  4.41  4.85  4.22  4.83  5.08  4.25  3.22  2.15  1.66     3.51  1.94  4.19  4.71  3.20
165   20     1.38  2.11  2.94  4.10  4.64  4.09  4.65  4.78  3.81  2.70  1.71  1.30     3.18  1.60  3.89  4.51  2.74
165   30     1.11  1.70  2.52  3.70  4.34  3.88  4.38  4.37  3.31  2.15  1.27  0.97     2.81  1.26  3.52  4.21  2.25
165   40     0.92  1.31  2.07  3.23  3.95  3.60  4.03  3.87  2.74  1.61  0.94  0.81     2.42  1.01  3.08  3.83  1.76
165   50     0.89  1.07  1.64  2.70  3.48  3.25  3.59  3.29  2.16  1.20  0.86  0.78     2.08  0.91  2.61  3.38  1.41
165   60     0.84  1.01  1.36  2.16  2.95  2.85  3.09  2.65  1.68  1.04  0.83  0.75     1.77  0.87  2.16  2.86  1.18
165   70     0.80  0.97  1.23  1.79  2.38  2.40  2.54  2.08  1.43  0.99  0.80  0.71     1.51  0.82  1.80  2.34  1.07
165   80     0.74  0.92  1.15  1.59  1.98  1.98  2.06  1.79  1.30  0.95  0.77  0.67     1.33  0.78  1.57  1.94  1.01
165   90     0.69  0.87  1.08  1.46  1.75  1.73  1.80  1.61  1.23  0.92  0.73  0.63     1.21  0.73  1.43  1.71  0.96
180   10     1.65  2.49  3.30  4.40  4.85  4.22  4.83  5.08  4.24  3.20  2.13  1.65     3.50  1.93  4.18  4.71  3.19
180   20     1.36  2.08  2.92  4.08  4.65  4.09  4.67  4.77  3.80  2.66  1.67  1.27     3.17  1.57  3.88  4.51  2.71
180   30     1.07  1.64  2.48  3.67  4.35  3.89  4.40  4.35  3.28  2.08  1.21  0.93     2.78  1.21  3.50  4.21  2.19
180   40     0.92  1.21  2.01  3.19  3.96  3.61  4.05  3.85  2.70  1.48  0.89  0.81     2.39  0.98  3.06  3.83  1.69
180   50     0.89  1.06  1.50  2.66  3.50  3.26  3.62  3.26  2.07  1.02  0.86  0.78     2.04  0.91  2.55  3.38  1.32
180   60     0.84  1.01  1.23  2.08  2.97  2.86  3.12  2.62  1.41  1.00  0.83  0.75     1.73  0.87  2.09  2.87  1.08
180   70     0.80  0.97  1.18  1.56  2.40  2.42  2.57  1.94  1.25  0.97  0.80  0.71     1.46  0.82  1.71  2.31  1.01
180   80     0.74  0.92  1.12  1.42  1.88  1.95  2.00  1.59  1.20  0.94  0.77  0.67     1.27  0.78  1.48  1.85  0.97
180   90     0.69  0.87  1.06  1.33  1.67  1.67  1.74  1.47  1.16  0.91  0.73  0.63     1.16  0.73  1.36  1.63  0.93
             50.6  44.5  31.6  16.7   4.1  -0.1   1.0  11.1  26.2  42.3  51.6  55.4     26.2  49.8  17.1   4.7  39.1
             2.64  3.66  4.05  4.77  4.96  4.26  4.89  5.35  4.98  4.65  3.69  3.05     4.25  3.11  4.53  4.82  4.38
             2.47  3.52  4.04  4.73  4.72  3.98  4.59  5.21  4.98  4.50  3.40  2.75     4.07  2.91  4.49  4.59  4.29
             1.07  1.04  1.00  1.01  1.05  1.07  1.07  1.03  1.00  1.03  1.09  1.11     1.05  1.07  1.02  1.05  1.04
             1.28  1.23  1.11  1.02  0.95  0.93  0.93  0.99  1.08  1.22  1.32  1.36     1.12  1.29  1.03  0.95  1.21
temperature   7.1   7.7  10.2  14.3  18.0  21.2  24.9  26.2  23.6  19.1  14.2   9.5     16.3   8.1  14.2  24.1  19.0
diffusedrad  1.16  1.46  1.80  2.14  2.40  2.45  2.43  2.22  1.95  1.52  1.23  1.06     1.82  1.22  2.12  2.37  1.56
snow10cm     0.00  0.00  0.00  0.00  0.00  0.00  0.00  0.00  0.00  0.00  0.00  0.00     0.00  0.00  0.00  0.00  0.00
