1 84519   雲仙岳          32 44.2  130 15.7  678
             1.85  2.50  3.15  4.03  4.32  3.75  3.79  4.01  3.39  3.07  2.19  1.80     3.15  2.05  3.83  3.85  2.88
             2.07  2.91  3.67  4.54  5.06  4.81  5.12  4.65  4.15  3.47  2.54  2.14     3.35  2.23  4.19  4.40  3.20
             1.53  2.02  2.44  3.39  3.38  2.78  2.86  3.13  2.77  2.66  1.88  1.57     2.90  1.84  3.30  3.24  2.57
  0   10     2.07  2.73  3.29  4.12  4.32  3.71  3.76  4.05  3.50  3.34  2.44  2.05     3.28  2.28  3.91  3.84  3.10
  0   20     2.25  2.91  3.39  4.13  4.23  3.62  3.67  4.01  3.56  3.54  2.66  2.26     3.35  2.47  3.92  3.77  3.25
  0   30     2.38  3.02  3.42  4.05  4.06  3.46  3.52  3.89  3.54  3.65  2.81  2.42     3.35  2.61  3.85  3.62  3.34
  0   40     2.46  3.06  3.39  3.89  3.82  3.24  3.30  3.70  3.46  3.69  2.90  2.53     3.29  2.68  3.70  3.41  3.35
  0   50     2.48  3.04  3.28  3.65  3.50  2.97  3.04  3.44  3.30  3.64  2.92  2.58     3.15  2.70  3.48  3.15  3.29
  0   60     2.46  2.96  3.10  3.35  3.13  2.65  2.72  3.12  3.07  3.51  2.88  2.56     2.96  2.66  3.19  2.83  3.15
  0   70     2.37  2.81  2.86  2.98  2.71  2.31  2.37  2.74  2.79  3.30  2.77  2.49     2.71  2.56  2.85  2.48  2.96
  0   80     2.24  2.60  2.56  2.56  2.27  1.95  2.00  2.33  2.46  3.02  2.60  2.37     2.41  2.40  2.46  2.09  2.69
  0   90     2.06  2.33  2.22  2.10  1.81  1.60  1.64  1.90  2.09  2.68  2.38  2.19     2.08  2.19  2.04  1.71  2.38
 15   10     2.06  2.72  3.28  4.12  4.32  3.71  3.76  4.04  3.49  3.33  2.44  2.04     3.28  2.27  3.90  3.84  3.09
 15   20     2.23  2.89  3.38  4.12  4.23  3.62  3.67  4.00  3.54  3.51  2.64  2.24     3.34  2.45  3.91  3.77  3.23
 15   30     2.36  2.99  3.41  4.05  4.07  3.46  3.52  3.89  3.53  3.62  2.78  2.39     3.34  2.58  3.84  3.62  3.31
 15   40     2.43  3.03  3.36  3.89  3.83  3.25  3.31  3.70  3.44  3.65  2.86  2.49     3.27  2.65  3.69  3.42  3.31
 15   50     2.45  3.00  3.25  3.66  3.52  2.98  3.04  3.44  3.28  3.59  2.88  2.53     3.13  2.66  3.47  3.15  3.25
 15   60     2.42  2.91  3.06  3.35  3.15  2.67  2.73  3.13  3.05  3.45  2.83  2.51     2.94  2.61  3.19  2.85  3.11
 15   70     2.33  2.76  2.82  3.00  2.75  2.34  2.39  2.76  2.77  3.24  2.72  2.44     2.69  2.51  2.86  2.50  2.91
 15   80     2.19  2.54  2.53  2.59  2.32  1.99  2.04  2.37  2.45  2.96  2.55  2.31     2.40  2.35  2.48  2.13  2.65
 15   90     2.01  2.28  2.19  2.16  1.89  1.64  1.68  1.95  2.09  2.62  2.32  2.13     2.08  2.14  2.08  1.76  2.34
 30   10     2.04  2.70  3.26  4.11  4.31  3.71  3.76  4.04  3.48  3.30  2.41  2.01     3.26  2.25  3.89  3.84  3.06
 30   20     2.19  2.84  3.34  4.11  4.23  3.62  3.67  4.00  3.52  3.46  2.58  2.18     3.31  2.40  3.89  3.76  3.19
 30   30     2.29  2.92  3.35  4.03  4.07  3.47  3.52  3.88  3.49  3.54  2.70  2.31     3.30  2.50  3.82  3.62  3.24
 30   40     2.34  2.94  3.29  3.87  3.84  3.26  3.32  3.70  3.38  3.55  2.76  2.38     3.22  2.55  3.67  3.42  3.23
 30   50     2.35  2.90  3.17  3.65  3.55  3.01  3.06  3.45  3.23  3.48  2.75  2.40     3.08  2.55  3.46  3.17  3.15
 30   60     2.30  2.79  2.99  3.36  3.21  2.71  2.77  3.15  3.01  3.34  2.69  2.37     2.89  2.49  3.18  2.88  3.01
 30   70     2.20  2.63  2.75  3.02  2.83  2.40  2.45  2.81  2.73  3.13  2.56  2.28     2.65  2.37  2.87  2.55  2.81
 30   80     2.06  2.41  2.47  2.64  2.43  2.07  2.12  2.44  2.42  2.85  2.39  2.15     2.37  2.21  2.51  2.21  2.55
 30   90     1.88  2.16  2.14  2.25  2.04  1.76  1.80  2.06  2.09  2.52  2.16  1.96     2.07  2.00  2.14  1.87  2.25
 45   10     2.00  2.66  3.23  4.09  4.31  3.71  3.75  4.02  3.45  3.25  2.36  1.97     3.23  2.21  3.87  3.83  3.02
 45   20     2.12  2.76  3.28  4.08  4.22  3.62  3.67  3.98  3.47  3.37  2.49  2.10     3.26  2.33  3.86  3.76  3.11
 45   30     2.19  2.81  3.27  3.99  4.07  3.47  3.52  3.86  3.42  3.42  2.57  2.19     3.23  2.40  3.77  3.62  3.14
 45   40     2.21  2.80  3.19  3.84  3.85  3.27  3.33  3.68  3.32  3.41  2.60  2.23     3.15  2.41  3.63  3.43  3.11
 45   50     2.19  2.74  3.06  3.62  3.57  3.03  3.09  3.44  3.15  3.33  2.57  2.22     3.00  2.38  3.42  3.19  3.01
 45   60     2.13  2.63  2.88  3.35  3.26  2.76  2.81  3.16  2.94  3.17  2.48  2.17     2.81  2.31  3.16  2.91  2.86
 45   70     2.03  2.46  2.64  3.03  2.91  2.46  2.51  2.84  2.67  2.96  2.35  2.07     2.58  2.19  2.86  2.61  2.66
 45   80     1.88  2.25  2.38  2.68  2.54  2.16  2.20  2.49  2.39  2.70  2.17  1.93     2.31  2.02  2.53  2.28  2.42
 45   90     1.70  2.01  2.08  2.32  2.18  1.86  1.90  2.16  2.07  2.39  1.95  1.75     2.03  1.82  2.19  1.97  2.14
 60   10     1.96  2.61  3.19  4.06  4.30  3.71  3.75  4.01  3.42  3.19  2.30  1.91     3.20  2.16  3.85  3.82  2.97
 60   20     2.02  2.66  3.20  4.03  4.21  3.62  3.66  3.95  3.41  3.26  2.38  1.99     3.20  2.23  3.81  3.75  3.02
 60   30     2.06  2.67  3.16  3.94  4.06  3.47  3.52  3.83  3.34  3.28  2.41  2.04     3.15  2.25  3.72  3.61  3.01
 60   40     2.05  2.64  3.07  3.77  3.85  3.28  3.33  3.64  3.21  3.22  2.40  2.04     3.04  2.24  3.56  3.42  2.94
 60   50     2.01  2.55  2.92  3.56  3.59  3.05  3.10  3.42  3.05  3.12  2.35  2.01     2.89  2.19  3.36  3.19  2.84
 60   60     1.93  2.42  2.74  3.30  3.29  2.79  2.84  3.15  2.83  2.96  2.25  1.93     2.70  2.10  3.11  2.92  2.68
 60   70     1.82  2.26  2.52  3.01  2.96  2.51  2.55  2.85  2.59  2.76  2.10  1.82     2.48  1.97  2.83  2.63  2.48
 60   80     1.68  2.05  2.26  2.69  2.63  2.23  2.26  2.54  2.32  2.51  1.94  1.69     2.23  1.81  2.53  2.34  2.25
 60   90     1.51  1.84  2.00  2.35  2.29  1.94  1.98  2.21  2.04  2.24  1.73  1.52     1.97  1.62  2.21  2.04  2.00
 75   10     1.90  2.55  3.14  4.03  4.29  3.71  3.75  3.99  3.38  3.13  2.23  1.85     3.16  2.10  3.82  3.81  2.91
 75   20     1.92  2.55  3.11  3.97  4.19  3.62  3.65  3.91  3.33  3.13  2.25  1.87     3.13  2.11  3.76  3.73  2.91
 75   30     1.91  2.52  3.03  3.86  4.04  3.47  3.51  3.78  3.24  3.09  2.23  1.87     3.05  2.10  3.64  3.59  2.86
 75   40     1.87  2.44  2.92  3.69  3.82  3.28  3.32  3.59  3.10  3.01  2.19  1.83     2.92  2.05  3.48  3.40  2.77
 75   50     1.81  2.34  2.76  3.47  3.57  3.06  3.09  3.36  2.92  2.88  2.10  1.77     2.76  1.97  3.27  3.17  2.63
 75   60     1.71  2.20  2.57  3.22  3.29  2.81  2.84  3.11  2.71  2.72  1.99  1.68     2.57  1.86  3.03  2.92  2.47
 75   70     1.60  2.04  2.36  2.94  2.98  2.54  2.57  2.82  2.47  2.51  1.84  1.57     2.35  1.74  2.76  2.64  2.28
 75   80     1.47  1.85  2.12  2.64  2.66  2.26  2.29  2.52  2.23  2.30  1.69  1.44     2.12  1.59  2.47  2.36  2.07
 75   90     1.32  1.66  1.89  2.34  2.34  1.99  2.02  2.23  1.97  2.05  1.51  1.29     1.88  1.42  2.19  2.08  1.84
 90   10     1.84  2.48  3.09  4.00  4.28  3.71  3.74  3.97  3.34  3.05  2.16  1.78     3.12  2.04  3.79  3.81  2.85
 90   20     1.81  2.43  3.01  3.90  4.17  3.61  3.64  3.87  3.25  2.99  2.11  1.75     3.05  1.99  3.69  3.71  2.79
 90   30     1.75  2.34  2.90  3.76  4.00  3.46  3.50  3.72  3.12  2.90  2.05  1.69     2.93  1.93  3.55  3.56  2.69
 90   40     1.68  2.24  2.74  3.58  3.78  3.27  3.30  3.52  2.96  2.77  1.95  1.62     2.79  1.85  3.37  3.36  2.56
 90   50     1.59  2.10  2.58  3.35  3.53  3.04  3.07  3.29  2.77  2.62  1.85  1.53     2.61  1.74  3.15  3.13  2.41
 90   60     1.50  1.97  2.38  3.09  3.25  2.80  2.82  3.02  2.55  2.44  1.72  1.44     2.42  1.63  2.91  2.88  2.24
 90   70     1.38  1.80  2.17  2.83  2.95  2.54  2.56  2.75  2.33  2.26  1.59  1.32     2.21  1.50  2.65  2.62  2.06
 90   80     1.26  1.64  1.96  2.54  2.64  2.26  2.29  2.47  2.09  2.04  1.44  1.21     1.99  1.37  2.38  2.34  1.86
 90   90     1.13  1.46  1.74  2.26  2.34  2.00  2.02  2.18  1.86  1.84  1.29  1.08     1.77  1.22  2.11  2.07  1.66
105   10     1.78  2.42  3.03  3.96  4.26  3.71  3.73  3.94  3.30  2.97  2.09  1.71     3.08  1.97  3.75  3.79  2.79
105   20     1.69  2.30  2.91  3.83  4.14  3.60  3.63  3.82  3.17  2.85  1.97  1.62     2.96  1.87  3.63  3.69  2.66
105   30     1.60  2.17  2.75  3.65  3.96  3.45  3.47  3.65  3.00  2.69  1.85  1.51     2.81  1.76  3.45  3.52  2.51
105   40     1.49  2.02  2.57  3.44  3.72  3.25  3.27  3.43  2.81  2.52  1.73  1.40     2.64  1.64  3.24  3.31  2.35
105   50     1.39  1.88  2.37  3.19  3.45  3.02  3.03  3.18  2.60  2.34  1.60  1.31     2.45  1.52  3.00  3.08  2.18
105   60     1.29  1.73  2.18  2.93  3.16  2.77  2.78  2.91  2.38  2.16  1.46  1.20     2.25  1.40  2.76  2.82  2.00
105   70     1.18  1.57  1.98  2.66  2.87  2.50  2.51  2.64  2.15  1.97  1.34  1.10     2.04  1.28  2.50  2.55  1.82
105   80     1.08  1.43  1.77  2.40  2.57  2.23  2.25  2.37  1.94  1.79  1.21  1.00     1.84  1.17  2.25  2.29  1.64
105   90     0.97  1.27  1.58  2.14  2.27  1.97  1.99  2.10  1.72  1.60  1.09  0.90     1.63  1.05  2.00  2.02  1.47
120   10     1.72  2.36  2.98  3.92  4.25  3.70  3.73  3.92  3.26  2.90  2.02  1.65     3.04  1.91  3.72  3.79  2.73
120   20     1.58  2.18  2.81  3.76  4.11  3.60  3.62  3.78  3.09  2.70  1.84  1.50     2.88  1.75  3.56  3.66  2.54
120   30     1.45  2.00  2.61  3.54  3.90  3.43  3.44  3.57  2.88  2.48  1.67  1.35     2.69  1.60  3.35  3.48  2.34
120   40     1.32  1.82  2.39  3.28  3.64  3.22  3.23  3.32  2.65  2.26  1.50  1.21     2.49  1.45  3.10  3.26  2.14
120   50     1.20  1.65  2.17  3.01  3.35  2.97  2.98  3.05  2.42  2.05  1.36  1.10     2.27  1.32  2.84  3.00  1.94
120   60     1.10  1.50  1.96  2.73  3.04  2.71  2.71  2.77  2.19  1.86  1.23  1.00     2.06  1.20  2.58  2.73  1.76
120   70     1.00  1.36  1.76  2.46  2.74  2.44  2.44  2.49  1.97  1.69  1.12  0.91     1.86  1.09  2.32  2.45  1.59
120   80     0.92  1.22  1.58  2.20  2.44  2.17  2.17  2.22  1.76  1.53  1.01  0.83     1.67  0.99  2.08  2.19  1.43
120   90     0.83  1.11  1.41  1.97  2.16  1.92  1.92  1.98  1.57  1.37  0.91  0.75     1.49  0.90  1.85  1.94  1.28
135   10     1.67  2.30  2.94  3.89  4.24  3.70  3.73  3.91  3.22  2.84  1.96  1.59     3.00  1.86  3.69  3.78  2.67
135   20     1.49  2.07  2.72  3.69  4.09  3.59  3.61  3.74  3.02  2.57  1.73  1.39     2.81  1.65  3.50  3.65  2.44
135   30     1.30  1.84  2.47  3.43  3.86  3.42  3.42  3.50  2.77  2.28  1.50  1.19     2.58  1.45  3.25  3.45  2.18
135   40     1.16  1.62  2.21  3.13  3.56  3.19  3.19  3.22  2.50  2.01  1.30  1.04     2.34  1.27  2.97  3.20  1.94
135   50     1.04  1.44  1.96  2.81  3.23  2.92  2.91  2.90  2.23  1.77  1.15  0.93     2.11  1.13  2.67  2.91  1.72
135   60     0.95  1.29  1.74  2.51  2.89  2.63  2.62  2.60  1.98  1.58  1.03  0.84     1.89  1.03  2.38  2.62  1.53
135   70     0.87  1.17  1.56  2.23  2.57  2.35  2.33  2.31  1.77  1.42  0.94  0.77     1.69  0.94  2.12  2.33  1.38
135   80     0.81  1.06  1.40  1.99  2.27  2.08  2.06  2.05  1.58  1.29  0.86  0.72     1.51  0.86  1.89  2.06  1.24
135   90     0.74  0.97  1.25  1.77  2.01  1.83  1.82  1.81  1.41  1.17  0.79  0.66     1.35  0.79  1.68  1.82  1.13
150   10     1.63  2.26  2.91  3.87  4.24  3.70  3.72  3.89  3.19  2.78  1.91  1.55     2.97  1.81  3.67  3.77  2.63
150   20     1.41  1.98  2.65  3.64  4.07  3.59  3.60  3.70  2.96  2.46  1.63  1.30     2.75  1.56  3.45  3.63  2.35
150   30     1.19  1.70  2.35  3.34  3.82  3.41  3.41  3.45  2.68  2.11  1.35  1.06     2.49  1.32  3.17  3.42  2.05
150   40     1.02  1.45  2.04  2.99  3.50  3.18  3.16  3.13  2.37  1.78  1.12  0.89     2.22  1.12  2.85  3.16  1.76
150   50     0.92  1.25  1.76  2.62  3.13  2.89  2.86  2.77  2.06  1.51  0.98  0.81     1.96  0.99  2.50  2.84  1.51
150   60     0.86  1.12  1.53  2.27  2.73  2.56  2.53  2.42  1.78  1.32  0.90  0.77     1.73  0.92  2.18  2.50  1.34
150   70     0.81  1.03  1.37  1.98  2.37  2.24  2.21  2.11  1.57  1.20  0.84  0.72     1.54  0.85  1.91  2.18  1.20
150   80     0.75  0.96  1.24  1.75  2.06  1.95  1.93  1.86  1.41  1.11  0.79  0.68     1.37  0.80  1.69  1.91  1.10
150   90     0.70  0.89  1.13  1.57  1.83  1.72  1.70  1.65  1.27  1.02  0.73  0.63     1.24  0.74  1.51  1.69  1.01
165   10     1.61  2.23  2.89  3.85  4.24  3.70  3.72  3.88  3.18  2.75  1.88  1.52     2.96  1.79  3.66  3.77  2.60
165   20     1.35  1.93  2.61  3.61  4.07  3.59  3.60  3.69  2.92  2.38  1.56  1.23     2.71  1.50  3.42  3.63  2.29
165   30     1.10  1.60  2.28  3.29  3.81  3.41  3.41  3.42  2.62  1.99  1.24  0.97     2.43  1.22  3.13  3.41  1.95
165   40     0.93  1.30  1.93  2.90  3.49  3.18  3.16  3.09  2.27  1.59  0.98  0.83     2.14  1.02  2.77  3.14  1.61
165   50     0.89  1.10  1.59  2.48  3.11  2.89  2.86  2.71  1.91  1.27  0.92  0.80     1.88  0.93  2.39  2.82  1.37
165   60     0.85  1.04  1.35  2.04  2.67  2.55  2.51  2.28  1.59  1.14  0.88  0.76     1.64  0.89  2.02  2.45  1.20
165   70     0.80  0.99  1.23  1.72  2.19  2.19  2.13  1.89  1.40  1.07  0.83  0.72     1.43  0.84  1.72  2.07  1.10
165   80     0.75  0.93  1.14  1.54  1.86  1.83  1.80  1.66  1.28  1.01  0.78  0.68     1.27  0.78  1.51  1.76  1.02
165   90     0.70  0.86  1.06  1.40  1.65  1.61  1.58  1.49  1.18  0.95  0.73  0.63     1.15  0.73  1.37  1.56  0.95
180   10     1.60  2.22  2.88  3.85  4.24  3.70  3.73  3.88  3.18  2.74  1.87  1.51     2.95  1.78  3.65  3.77  2.60
180   20     1.33  1.90  2.59  3.59  4.07  3.59  3.60  3.68  2.92  2.35  1.54  1.21     2.70  1.48  3.42  3.63  2.27
180   30     1.07  1.56  2.25  3.27  3.82  3.42  3.41  3.41  2.61  1.93  1.20  0.93     2.41  1.19  3.11  3.41  1.91
180   40     0.93  1.23  1.88  2.88  3.50  3.18  3.17  3.08  2.25  1.50  0.95  0.83     2.11  1.00  2.75  3.14  1.57
180   50     0.89  1.09  1.48  2.44  3.11  2.89  2.86  2.69  1.86  1.16  0.92  0.80     1.85  0.93  2.35  2.81  1.31
180   60     0.85  1.04  1.26  1.98  2.67  2.56  2.52  2.26  1.45  1.11  0.88  0.76     1.61  0.89  1.97  2.45  1.15
180   70     0.80  0.99  1.20  1.55  2.20  2.19  2.14  1.81  1.31  1.06  0.83  0.72     1.40  0.84  1.65  2.05  1.07
180   80     0.75  0.93  1.13  1.42  1.77  1.80  1.75  1.55  1.23  1.00  0.78  0.68     1.23  0.78  1.44  1.70  1.01
180   90     0.70  0.86  1.05  1.32  1.58  1.56  1.54  1.42  1.15  0.95  0.73  0.63     1.12  0.73  1.32  1.51  0.94
             49.8  41.9  29.6  15.9   4.5   0.9   2.3  10.3  22.9  39.2  48.6  53.1     25.1  47.9  16.1   4.8  36.7
             2.48  3.06  3.43  4.13  4.33  3.74  3.78  4.05  3.56  3.69  2.93  2.58     3.48  2.70  3.92  3.85  3.35
             2.32  2.97  3.42  4.10  4.15  3.54  3.60  3.96  3.56  3.61  2.74  2.35     3.36  2.55  3.89  3.70  3.30
             1.07  1.03  1.00  1.01  1.04  1.06  1.05  1.02  1.00  1.02  1.07  1.10     1.04  1.07  1.02  1.04  1.03
             1.25  1.19  1.09  1.02  0.96  0.94  0.95  0.99  1.05  1.18  1.25  1.31     1.10  1.25  1.02  0.96  1.16
temperature   2.2   3.3   6.6  11.5  15.7  19.1  22.4  23.1  20.1  15.0   9.8   4.6     12.8   3.4  11.3  21.5  15.0
diffusedrad  1.15  1.44  1.78  2.15  2.39  2.40  2.38  2.29  1.93  1.59  1.23  1.05     1.81  1.21  2.11  2.36  1.58
snow10cm     0.02  0.01  0.00  0.00  0.00  0.00  0.00  0.00  0.00  0.00  0.00  0.00     0.00  0.01  0.00  0.00  0.00
