2 85031   枝去木          33 29.9  129 53.9  110
             1.85  2.67  3.43  4.38  4.78  4.26  4.74  4.84  3.90  3.45  2.33  1.88     3.54  2.14  4.20  4.62  3.23
             2.30  3.23  4.30  5.41  5.64  5.09  6.54  5.78  4.75  4.21  2.94  2.51     3.91  2.61  4.92  5.49  3.74
             1.20  1.45  2.43  2.78  3.94  3.37  3.55  3.57  3.36  2.76  1.80  1.32     3.12  1.50  3.41  3.94  2.90
  0   10     2.07  2.93  3.60  4.49  4.78  4.21  4.70  4.90  4.05  3.78  2.62  2.15     3.69  2.38  4.29  4.61  3.49
  0   20     2.25  3.13  3.72  4.51  4.68  4.11  4.59  4.86  4.14  4.03  2.87  2.38     3.77  2.59  4.30  4.52  3.68
  0   30     2.38  3.27  3.77  4.43  4.50  3.92  4.38  4.72  4.14  4.19  3.05  2.55     3.77  2.73  4.23  4.34  3.79
  0   40     2.45  3.32  3.73  4.26  4.23  3.67  4.09  4.49  4.05  4.25  3.16  2.67     3.70  2.81  4.08  4.08  3.82
  0   50     2.48  3.31  3.62  4.01  3.88  3.36  3.74  4.17  3.87  4.21  3.20  2.72     3.55  2.84  3.84  3.75  3.76
  0   60     2.45  3.22  3.43  3.67  3.46  2.99  3.31  3.76  3.61  4.07  3.16  2.72     3.32  2.80  3.52  3.36  3.61
  0   70     2.37  3.06  3.17  3.27  2.99  2.60  2.85  3.29  3.28  3.84  3.05  2.65     3.03  2.69  3.14  2.91  3.39
  0   80     2.23  2.84  2.85  2.81  2.49  2.18  2.36  2.76  2.89  3.52  2.87  2.52     2.69  2.53  2.71  2.43  3.10
  0   90     2.05  2.56  2.47  2.30  1.97  1.77  1.87  2.21  2.44  3.13  2.63  2.33     2.31  2.31  2.25  1.95  2.73
 15   10     2.06  2.92  3.59  4.49  4.78  4.21  4.70  4.90  4.04  3.77  2.61  2.14     3.68  2.37  4.28  4.60  3.47
 15   20     2.23  3.11  3.71  4.50  4.69  4.11  4.58  4.86  4.12  4.00  2.84  2.35     3.76  2.56  4.30  4.52  3.66
 15   30     2.35  3.23  3.75  4.43  4.50  3.92  4.39  4.73  4.12  4.15  3.01  2.52     3.76  2.70  4.23  4.35  3.76
 15   40     2.42  3.29  3.71  4.27  4.24  3.68  4.11  4.50  4.02  4.19  3.12  2.62     3.68  2.78  4.07  4.09  3.78
 15   50     2.44  3.26  3.59  4.01  3.89  3.37  3.75  4.17  3.84  4.14  3.15  2.67     3.52  2.79  3.83  3.76  3.71
 15   60     2.41  3.17  3.39  3.68  3.49  3.02  3.34  3.78  3.58  4.00  3.10  2.66     3.30  2.75  3.52  3.38  3.56
 15   70     2.32  3.01  3.13  3.29  3.03  2.63  2.89  3.32  3.26  3.77  2.99  2.59     3.02  2.64  3.15  2.94  3.34
 15   80     2.19  2.78  2.81  2.84  2.55  2.22  2.42  2.82  2.88  3.45  2.81  2.45     2.68  2.47  2.73  2.49  3.04
 15   90     2.01  2.50  2.44  2.36  2.06  1.83  1.95  2.29  2.44  3.06  2.56  2.27     2.31  2.26  2.29  2.02  2.69
 30   10     2.04  2.89  3.57  4.47  4.77  4.21  4.70  4.88  4.02  3.73  2.58  2.11     3.66  2.35  4.27  4.60  3.44
 30   20     2.18  3.05  3.66  4.49  4.68  4.11  4.59  4.85  4.08  3.94  2.78  2.29     3.73  2.51  4.28  4.51  3.60
 30   30     2.28  3.15  3.68  4.41  4.51  3.93  4.39  4.72  4.06  4.05  2.92  2.43     3.71  2.62  4.20  4.35  3.68
 30   40     2.34  3.18  3.63  4.24  4.25  3.69  4.13  4.50  3.95  4.08  2.99  2.51     3.63  2.68  4.04  4.11  3.67
 30   50     2.34  3.14  3.50  4.00  3.94  3.40  3.80  4.19  3.78  4.01  3.00  2.54     3.47  2.67  3.81  3.80  3.60
 30   60     2.29  3.04  3.30  3.69  3.55  3.07  3.42  3.82  3.52  3.86  2.94  2.51     3.25  2.61  3.51  3.43  3.44
 30   70     2.20  2.86  3.04  3.32  3.13  2.70  2.99  3.40  3.21  3.63  2.81  2.42     2.98  2.49  3.16  3.03  3.21
 30   80     2.06  2.63  2.73  2.90  2.69  2.33  2.56  2.93  2.85  3.31  2.62  2.28     2.66  2.32  2.77  2.61  2.93
 30   90     1.87  2.36  2.38  2.47  2.24  1.96  2.14  2.45  2.44  2.93  2.38  2.09     2.31  2.11  2.36  2.18  2.58
 45   10     2.00  2.85  3.53  4.45  4.77  4.21  4.69  4.87  3.99  3.68  2.52  2.06     3.63  2.30  4.25  4.59  3.40
 45   20     2.11  2.97  3.59  4.45  4.68  4.11  4.59  4.82  4.02  3.83  2.67  2.20     3.67  2.43  4.24  4.51  3.51
 45   30     2.18  3.03  3.59  4.36  4.50  3.94  4.40  4.69  3.98  3.91  2.77  2.30     3.64  2.50  4.15  4.34  3.55
 45   40     2.21  3.03  3.51  4.20  4.27  3.71  4.15  4.48  3.87  3.91  2.81  2.35     3.54  2.53  3.99  4.11  3.53
 45   50     2.19  2.97  3.37  3.96  3.96  3.44  3.84  4.19  3.67  3.82  2.79  2.34     3.38  2.50  3.77  3.82  3.43
 45   60     2.13  2.85  3.17  3.67  3.61  3.12  3.48  3.84  3.43  3.65  2.71  2.29     3.16  2.42  3.49  3.48  3.26
 45   70     2.02  2.67  2.92  3.32  3.22  2.78  3.10  3.45  3.13  3.42  2.57  2.19     2.90  2.29  3.15  3.11  3.04
 45   80     1.87  2.44  2.63  2.94  2.81  2.43  2.70  3.02  2.80  3.12  2.38  2.04     2.60  2.12  2.79  2.72  2.77
 45   90     1.69  2.19  2.30  2.55  2.41  2.09  2.30  2.60  2.42  2.78  2.14  1.86     2.28  1.91  2.42  2.33  2.45
 60   10     1.96  2.79  3.48  4.42  4.75  4.21  4.69  4.84  3.94  3.61  2.46  2.00     3.60  2.25  4.22  4.58  3.34
 60   20     2.02  2.86  3.50  4.39  4.66  4.11  4.58  4.78  3.94  3.70  2.55  2.09     3.60  2.32  4.18  4.49  3.40
 60   30     2.06  2.87  3.46  4.29  4.49  3.94  4.40  4.64  3.87  3.73  2.60  2.13     3.54  2.35  4.08  4.33  3.40
 60   40     2.05  2.84  3.36  4.12  4.26  3.72  4.15  4.43  3.73  3.68  2.59  2.14     3.42  2.35  3.92  4.10  3.33
 60   50     2.00  2.75  3.21  3.90  3.98  3.46  3.87  4.16  3.55  3.58  2.54  2.11     3.26  2.29  3.70  3.83  3.22
 60   60     1.92  2.62  3.01  3.61  3.64  3.16  3.53  3.83  3.30  3.40  2.43  2.03     3.04  2.19  3.42  3.51  3.04
 60   70     1.81  2.44  2.77  3.29  3.29  2.84  3.16  3.47  3.02  3.17  2.29  1.92     2.79  2.06  3.12  3.16  2.83
 60   80     1.67  2.23  2.49  2.95  2.91  2.52  2.80  3.09  2.71  2.90  2.11  1.78     2.51  1.89  2.78  2.80  2.57
 60   90     1.50  1.99  2.20  2.58  2.53  2.19  2.44  2.69  2.38  2.58  1.89  1.61     2.21  1.70  2.44  2.44  2.29
 75   10     1.90  2.72  3.42  4.38  4.74  4.21  4.68  4.82  3.90  3.52  2.38  1.93     3.55  2.19  4.18  4.57  3.27
 75   20     1.92  2.73  3.40  4.32  4.64  4.10  4.57  4.73  3.84  3.54  2.40  1.96     3.51  2.20  4.12  4.47  3.26
 75   30     1.91  2.70  3.31  4.20  4.47  3.94  4.39  4.58  3.74  3.50  2.39  1.96     3.42  2.19  4.00  4.30  3.21
 75   40     1.87  2.62  3.19  4.02  4.23  3.72  4.15  4.36  3.59  3.42  2.34  1.92     3.29  2.13  3.81  4.07  3.12
 75   50     1.80  2.52  3.02  3.78  3.96  3.47  3.86  4.08  3.38  3.28  2.25  1.86     3.10  2.06  3.59  3.80  2.97
 75   60     1.70  2.36  2.82  3.52  3.65  3.18  3.55  3.78  3.15  3.11  2.14  1.77     2.89  1.94  3.33  3.50  2.80
 75   70     1.59  2.20  2.59  3.21  3.30  2.87  3.21  3.44  2.87  2.87  1.99  1.65     2.65  1.81  3.03  3.17  2.58
 75   80     1.46  1.99  2.33  2.89  2.94  2.56  2.85  3.07  2.59  2.63  1.83  1.52     2.39  1.66  2.72  2.83  2.35
 75   90     1.31  1.79  2.07  2.56  2.59  2.25  2.51  2.71  2.28  2.35  1.64  1.36     2.12  1.49  2.41  2.49  2.09
 90   10     1.84  2.65  3.36  4.34  4.73  4.20  4.67  4.79  3.84  3.43  2.30  1.86     3.50  2.12  4.14  4.55  3.19
 90   20     1.81  2.59  3.28  4.24  4.61  4.09  4.55  4.67  3.74  3.37  2.25  1.82     3.42  2.07  4.04  4.44  3.12
 90   30     1.75  2.50  3.16  4.09  4.42  3.92  4.36  4.49  3.59  3.26  2.18  1.76     3.29  2.01  3.89  4.26  3.01
 90   40     1.68  2.40  2.99  3.89  4.18  3.70  4.12  4.25  3.41  3.12  2.08  1.69     3.13  1.92  3.69  4.02  2.87
 90   50     1.59  2.25  2.81  3.65  3.90  3.45  3.83  3.97  3.19  2.96  1.97  1.60     2.93  1.81  3.45  3.75  2.71
 90   60     1.49  2.11  2.60  3.37  3.59  3.17  3.52  3.66  2.94  2.76  1.84  1.50     2.71  1.70  3.19  3.45  2.51
 90   70     1.37  1.93  2.37  3.08  3.26  2.87  3.19  3.34  2.69  2.56  1.70  1.38     2.48  1.56  2.90  3.13  2.31
 90   80     1.25  1.76  2.14  2.78  2.92  2.56  2.85  3.00  2.41  2.32  1.54  1.26     2.23  1.43  2.61  2.80  2.09
 90   90     1.12  1.56  1.89  2.47  2.58  2.26  2.51  2.65  2.14  2.09  1.39  1.14     1.98  1.27  2.31  2.47  1.87
105   10     1.78  2.58  3.30  4.30  4.71  4.20  4.67  4.75  3.78  3.33  2.21  1.78     3.45  2.05  4.10  4.54  3.11
105   20     1.70  2.45  3.16  4.16  4.57  4.08  4.53  4.60  3.63  3.19  2.09  1.68     3.32  1.94  3.96  4.40  2.97
105   30     1.60  2.31  2.99  3.96  4.36  3.90  4.32  4.38  3.43  3.01  1.95  1.58     3.15  1.83  3.77  4.20  2.80
105   40     1.49  2.15  2.79  3.73  4.10  3.67  4.06  4.12  3.21  2.82  1.82  1.46     2.95  1.70  3.54  3.95  2.62
105   50     1.39  2.00  2.57  3.46  3.80  3.41  3.76  3.82  2.97  2.61  1.69  1.36     2.74  1.58  3.28  3.66  2.42
105   60     1.28  1.84  2.36  3.18  3.49  3.12  3.44  3.50  2.72  2.42  1.54  1.25     2.51  1.46  3.01  3.35  2.23
105   70     1.17  1.67  2.14  2.89  3.16  2.83  3.12  3.17  2.46  2.21  1.42  1.15     2.28  1.33  2.73  3.04  2.03
105   80     1.07  1.52  1.92  2.61  2.83  2.52  2.79  2.85  2.21  2.01  1.27  1.04     2.05  1.21  2.45  2.72  1.83
105   90     0.96  1.36  1.72  2.32  2.50  2.23  2.46  2.53  1.97  1.81  1.15  0.94     1.83  1.08  2.18  2.41  1.64
120   10     1.73  2.51  3.24  4.26  4.70  4.20  4.66  4.72  3.73  3.24  2.14  1.72     3.40  1.98  4.07  4.53  3.04
120   20     1.59  2.32  3.05  4.07  4.53  4.07  4.51  4.53  3.52  3.01  1.94  1.55     3.22  1.82  3.88  4.37  2.82
120   30     1.45  2.12  2.82  3.83  4.29  3.88  4.28  4.27  3.27  2.75  1.75  1.40     3.01  1.65  3.65  4.14  2.59
120   40     1.32  1.92  2.58  3.54  4.00  3.63  3.99  3.96  3.00  2.50  1.57  1.26     2.77  1.50  3.38  3.86  2.36
120   50     1.21  1.74  2.34  3.25  3.68  3.35  3.67  3.62  2.73  2.27  1.41  1.14     2.53  1.36  3.09  3.55  2.14
120   60     1.10  1.58  2.11  2.95  3.34  3.05  3.33  3.28  2.47  2.06  1.28  1.03     2.30  1.24  2.80  3.22  1.94
120   70     1.00  1.43  1.89  2.66  3.00  2.74  2.99  2.95  2.22  1.86  1.17  0.94     2.07  1.13  2.52  2.89  1.75
120   80     0.92  1.29  1.71  2.38  2.68  2.44  2.66  2.63  1.98  1.69  1.05  0.86     1.86  1.02  2.25  2.58  1.58
120   90     0.83  1.17  1.52  2.13  2.38  2.16  2.35  2.35  1.76  1.52  0.96  0.78     1.66  0.93  2.01  2.29  1.41
135   10     1.68  2.45  3.19  4.22  4.68  4.19  4.65  4.70  3.69  3.17  2.07  1.66     3.36  1.93  4.03  4.51  2.97
135   20     1.49  2.20  2.94  3.99  4.50  4.07  4.49  4.47  3.43  2.85  1.81  1.43     3.14  1.71  3.81  4.34  2.69
135   30     1.31  1.94  2.66  3.70  4.24  3.86  4.24  4.16  3.13  2.51  1.56  1.23     2.88  1.49  3.53  4.09  2.40
135   40     1.16  1.70  2.37  3.36  3.91  3.60  3.92  3.80  2.80  2.20  1.35  1.07     2.60  1.31  3.21  3.77  2.12
135   50     1.05  1.51  2.10  3.01  3.53  3.28  3.56  3.40  2.48  1.93  1.18  0.96     2.33  1.17  2.88  3.42  1.86
135   60     0.96  1.35  1.86  2.68  3.15  2.95  3.18  3.03  2.20  1.71  1.06  0.88     2.08  1.06  2.57  3.05  1.66
135   70     0.88  1.22  1.66  2.39  2.79  2.62  2.82  2.68  1.95  1.54  0.97  0.80     1.86  0.97  2.28  2.71  1.49
135   80     0.81  1.11  1.50  2.13  2.47  2.32  2.48  2.38  1.74  1.40  0.89  0.75     1.67  0.89  2.03  2.39  1.34
135   90     0.74  1.02  1.34  1.90  2.19  2.05  2.19  2.11  1.56  1.27  0.82  0.69     1.49  0.81  1.81  2.11  1.22
150   10     1.64  2.40  3.16  4.19  4.68  4.19  4.65  4.67  3.65  3.10  2.02  1.61     3.33  1.88  4.01  4.51  2.92
150   20     1.41  2.10  2.86  3.93  4.48  4.06  4.48  4.42  3.36  2.71  1.69  1.34     3.07  1.62  3.76  4.32  2.59
150   30     1.20  1.78  2.52  3.59  4.20  3.85  4.22  4.08  3.00  2.30  1.39  1.10     2.77  1.36  3.44  4.05  2.23
150   40     1.03  1.50  2.18  3.20  3.83  3.57  3.88  3.66  2.62  1.91  1.14  0.92     2.46  1.15  3.07  3.71  1.89
150   50     0.93  1.30  1.87  2.78  3.40  3.23  3.48  3.21  2.25  1.61  0.99  0.84     2.16  1.02  2.69  3.31  1.62
150   60     0.88  1.16  1.63  2.40  2.96  2.86  3.03  2.75  1.94  1.40  0.92  0.80     1.89  0.94  2.33  2.88  1.42
150   70     0.82  1.07  1.45  2.09  2.55  2.48  2.61  2.38  1.70  1.27  0.86  0.75     1.67  0.88  2.03  2.49  1.28
150   80     0.76  1.00  1.32  1.86  2.23  2.17  2.27  2.09  1.53  1.18  0.81  0.70     1.49  0.82  1.80  2.17  1.17
150   90     0.70  0.92  1.20  1.67  1.97  1.90  1.99  1.86  1.38  1.09  0.76  0.66     1.34  0.76  1.61  1.92  1.08
165   10     1.61  2.37  3.13  4.17  4.67  4.19  4.65  4.66  3.63  3.06  1.98  1.58     3.31  1.85  4.00  4.50  2.89
165   20     1.36  2.03  2.81  3.89  4.48  4.06  4.49  4.39  3.31  2.62  1.62  1.27     3.03  1.55  3.73  4.31  2.52
165   30     1.11  1.67  2.44  3.53  4.19  3.85  4.23  4.04  2.93  2.14  1.26  0.99     2.70  1.26  3.38  4.04  2.11
165   40     0.96  1.34  2.04  3.10  3.81  3.58  3.89  3.60  2.50  1.68  0.99  0.87     2.36  1.05  2.98  3.69  1.72
165   50     0.92  1.14  1.67  2.62  3.37  3.24  3.47  3.09  2.05  1.32  0.93  0.83     2.06  0.96  2.55  3.27  1.44
165   60     0.87  1.08  1.42  2.13  2.87  2.85  3.00  2.54  1.69  1.18  0.89  0.79     1.78  0.92  2.14  2.79  1.25
165   70     0.82  1.03  1.30  1.80  2.33  2.42  2.49  2.06  1.48  1.12  0.85  0.75     1.54  0.86  1.81  2.32  1.15
165   80     0.76  0.96  1.21  1.61  1.98  2.02  2.06  1.79  1.36  1.06  0.80  0.70     1.36  0.81  1.60  1.96  1.07
165   90     0.70  0.90  1.13  1.48  1.76  1.77  1.81  1.62  1.26  1.01  0.75  0.66     1.24  0.75  1.45  1.73  1.01
180   10     1.61  2.36  3.13  4.17  4.68  4.20  4.66  4.66  3.63  3.04  1.97  1.57     3.30  1.84  3.99  4.50  2.88
180   20     1.34  2.00  2.79  3.88  4.48  4.07  4.49  4.38  3.30  2.58  1.59  1.25     3.01  1.53  3.72  4.31  2.49
180   30     1.08  1.62  2.41  3.50  4.19  3.86  4.24  4.02  2.91  2.08  1.21  0.95     2.67  1.22  3.37  4.04  2.07
180   40     0.96  1.26  1.99  3.07  3.82  3.58  3.90  3.58  2.47  1.56  0.97  0.87     2.34  1.03  2.96  3.69  1.67
180   50     0.92  1.14  1.54  2.58  3.38  3.24  3.49  3.07  1.99  1.20  0.93  0.83     2.03  0.96  2.50  3.27  1.38
180   60     0.87  1.08  1.33  2.05  2.88  2.85  3.02  2.51  1.49  1.16  0.89  0.79     1.75  0.92  2.09  2.80  1.18
180   70     0.82  1.03  1.26  1.61  2.34  2.42  2.51  1.92  1.37  1.11  0.85  0.75     1.50  0.86  1.74  2.28  1.11
180   80     0.76  0.96  1.19  1.48  1.88  1.97  1.99  1.64  1.30  1.06  0.80  0.70     1.31  0.81  1.52  1.87  1.05
180   90     0.70  0.90  1.12  1.38  1.69  1.72  1.75  1.51  1.22  1.00  0.75  0.66     1.20  0.75  1.39  1.66  0.99
             49.5  43.1  30.8  16.9   5.0   1.1   2.1  11.5  24.7  41.0  50.2  54.0     25.2  48.5  16.9   5.3  38.1
             2.48  3.33  3.77  4.51  4.79  4.25  4.73  4.90  4.15  4.25  3.20  2.73     3.92  2.84  4.31  4.61  3.82
             2.32  3.21  3.76  4.48  4.60  4.02  4.49  4.80  4.15  4.13  2.97  2.47     3.78  2.67  4.28  4.44  3.75
             1.07  1.04  1.00  1.01  1.04  1.06  1.05  1.02  1.00  1.03  1.08  1.11     1.04  1.07  1.02  1.04  1.04
             1.25  1.20  1.10  1.02  0.96  0.94  0.95  0.99  1.06  1.20  1.27  1.31     1.11  1.26  1.03  0.96  1.18
temperature   5.4   6.0   8.8  13.3  17.2  20.8  24.8  25.6  22.4  17.5  12.5   7.7     15.2   6.4  13.1  23.7  17.5
diffusedrad  1.18  1.52  1.91  2.26  2.53  2.62  2.59  2.40  2.07  1.71  1.27  1.11     1.93  1.27  2.23  2.54  1.69
snow10cm     0.00  0.00  0.00  0.00  0.00  0.00  0.00  0.00  0.00  0.00  0.00  0.00     0.00  0.00  0.00  0.00  0.00
