1 86156   阿蘇山          32 52.8  131  4.4 1142
             1.93  2.81  3.25  4.20  4.45  3.90  3.89  4.05  3.41  3.17  2.33  1.95     3.28  2.23  3.97  3.95  2.97
             2.26  3.88  3.92  4.96  5.47  4.80  5.90  4.96  4.52  3.55  2.78  2.34     3.62  2.60  4.37  4.87  3.34
             1.51  2.04  2.42  3.64  3.34  2.80  2.99  3.20  2.64  2.65  1.93  1.53     2.99  1.96  3.45  3.33  2.58
  0   10     2.12  3.07  3.40  4.29  4.45  3.86  3.86  4.08  3.53  3.47  2.61  2.25     3.42  2.48  4.05  3.93  3.20
  0   20     2.29  3.27  3.51  4.31  4.36  3.76  3.77  4.05  3.59  3.68  2.86  2.50     3.50  2.69  4.06  3.86  3.38
  0   30     2.41  3.39  3.55  4.23  4.19  3.59  3.61  3.93  3.58  3.81  3.04  2.70     3.50  2.84  3.99  3.71  3.48
  0   40     2.49  3.45  3.51  4.06  3.93  3.36  3.39  3.74  3.49  3.86  3.15  2.84     3.44  2.93  3.84  3.49  3.50
  0   50     2.52  3.44  3.40  3.81  3.61  3.08  3.11  3.47  3.33  3.81  3.19  2.91     3.31  2.95  3.61  3.22  3.44
  0   60     2.49  3.35  3.22  3.49  3.22  2.75  2.78  3.15  3.10  3.68  3.15  2.91     3.11  2.92  3.31  2.89  3.31
  0   70     2.41  3.20  2.98  3.10  2.79  2.38  2.42  2.77  2.82  3.47  3.04  2.84     2.85  2.82  2.96  2.52  3.11
  0   80     2.29  2.98  2.67  2.66  2.32  2.00  2.04  2.36  2.48  3.17  2.86  2.71     2.55  2.66  2.55  2.13  2.84
  0   90     2.12  2.71  2.32  2.18  1.85  1.63  1.66  1.92  2.11  2.81  2.62  2.51     2.20  2.44  2.12  1.74  2.51
 15   10     2.11  3.06  3.39  4.29  4.45  3.86  3.86  4.08  3.52  3.46  2.60  2.23     3.41  2.47  4.04  3.93  3.19
 15   20     2.27  3.25  3.50  4.30  4.36  3.76  3.77  4.04  3.58  3.66  2.84  2.48     3.48  2.67  4.05  3.86  3.36
 15   30     2.39  3.37  3.53  4.23  4.19  3.59  3.61  3.93  3.56  3.78  3.01  2.67     3.49  2.81  3.98  3.71  3.45
 15   40     2.46  3.42  3.49  4.07  3.94  3.37  3.39  3.74  3.47  3.81  3.11  2.79     3.42  2.89  3.83  3.50  3.47
 15   50     2.48  3.40  3.37  3.82  3.62  3.08  3.12  3.48  3.31  3.76  3.14  2.85     3.29  2.91  3.61  3.23  3.40
 15   60     2.44  3.31  3.19  3.50  3.24  2.77  2.80  3.16  3.09  3.62  3.10  2.85     3.09  2.87  3.31  2.91  3.27
 15   70     2.36  3.15  2.94  3.13  2.82  2.41  2.45  2.79  2.80  3.41  2.98  2.77     2.84  2.76  2.96  2.55  3.06
 15   80     2.24  2.93  2.64  2.70  2.38  2.04  2.08  2.39  2.48  3.11  2.80  2.64     2.54  2.60  2.57  2.17  2.80
 15   90     2.07  2.65  2.30  2.24  1.93  1.68  1.72  1.97  2.11  2.76  2.55  2.44     2.20  2.38  2.15  1.79  2.47
 30   10     2.09  3.03  3.37  4.28  4.44  3.86  3.86  4.08  3.51  3.42  2.57  2.20     3.39  2.44  4.03  3.93  3.17
 30   20     2.22  3.19  3.46  4.29  4.36  3.76  3.77  4.04  3.55  3.60  2.77  2.41     3.45  2.61  4.03  3.86  3.31
 30   30     2.32  3.29  3.47  4.21  4.20  3.60  3.62  3.92  3.52  3.70  2.92  2.57     3.44  2.72  3.96  3.71  3.38
 30   40     2.37  3.32  3.42  4.05  3.95  3.38  3.40  3.73  3.42  3.71  2.99  2.67     3.37  2.78  3.81  3.51  3.38
 30   50     2.37  3.28  3.30  3.82  3.66  3.12  3.14  3.49  3.26  3.65  3.00  2.70     3.23  2.78  3.59  3.25  3.30
 30   60     2.33  3.18  3.11  3.51  3.30  2.81  2.84  3.18  3.04  3.50  2.94  2.68     3.03  2.73  3.31  2.94  3.16
 30   70     2.23  3.01  2.86  3.16  2.91  2.48  2.51  2.84  2.76  3.29  2.81  2.59     2.79  2.61  2.98  2.61  2.95
 30   80     2.10  2.78  2.58  2.76  2.50  2.14  2.17  2.46  2.45  3.00  2.62  2.45     2.50  2.44  2.61  2.26  2.69
 30   90     1.93  2.51  2.24  2.35  2.09  1.81  1.84  2.08  2.11  2.65  2.37  2.25     2.19  2.23  2.23  1.91  2.38
 45   10     2.05  2.99  3.34  4.26  4.44  3.86  3.85  4.06  3.48  3.37  2.52  2.15     3.36  2.40  4.01  3.92  3.13
 45   20     2.15  3.11  3.39  4.26  4.35  3.76  3.77  4.02  3.50  3.51  2.67  2.31     3.40  2.52  4.00  3.85  3.23
 45   30     2.22  3.17  3.39  4.17  4.19  3.61  3.62  3.90  3.45  3.57  2.77  2.42     3.37  2.60  3.92  3.71  3.27
 45   40     2.24  3.17  3.31  4.01  3.97  3.40  3.42  3.72  3.35  3.57  2.81  2.48     3.29  2.63  3.77  3.51  3.24
 45   50     2.21  3.11  3.18  3.78  3.68  3.15  3.17  3.48  3.18  3.48  2.79  2.49     3.14  2.60  3.55  3.26  3.15
 45   60     2.15  2.99  3.00  3.51  3.36  2.86  2.88  3.19  2.97  3.32  2.71  2.44     2.95  2.53  3.29  2.98  3.00
 45   70     2.06  2.82  2.75  3.17  3.00  2.55  2.58  2.87  2.70  3.11  2.56  2.34     2.71  2.40  2.97  2.67  2.79
 45   80     1.92  2.60  2.48  2.81  2.61  2.23  2.26  2.52  2.41  2.84  2.38  2.19     2.44  2.23  2.64  2.34  2.54
 45   90     1.75  2.34  2.18  2.43  2.25  1.92  1.94  2.18  2.10  2.52  2.14  2.00     2.15  2.03  2.29  2.01  2.25
 60   10     2.00  2.93  3.29  4.23  4.43  3.86  3.85  4.04  3.45  3.31  2.45  2.08     3.33  2.34  3.98  3.92  3.07
 60   20     2.06  3.00  3.31  4.21  4.34  3.76  3.76  3.99  3.44  3.39  2.55  2.19     3.33  2.42  3.95  3.84  3.12
 60   30     2.09  3.01  3.27  4.11  4.18  3.61  3.61  3.86  3.37  3.41  2.59  2.24     3.28  2.45  3.86  3.70  3.13
 60   40     2.08  2.98  3.18  3.94  3.97  3.41  3.42  3.68  3.25  3.37  2.58  2.26     3.18  2.44  3.70  3.50  3.06
 60   50     2.03  2.90  3.04  3.73  3.70  3.17  3.18  3.45  3.08  3.27  2.54  2.24     3.03  2.39  3.49  3.27  2.96
 60   60     1.95  2.76  2.85  3.46  3.39  2.90  2.91  3.18  2.86  3.10  2.44  2.16     2.83  2.29  3.23  3.00  2.80
 60   70     1.85  2.60  2.62  3.15  3.06  2.61  2.62  2.88  2.62  2.89  2.28  2.05     2.60  2.16  2.94  2.70  2.60
 60   80     1.71  2.38  2.36  2.82  2.71  2.31  2.32  2.56  2.34  2.64  2.11  1.91     2.35  2.00  2.63  2.40  2.36
 60   90     1.55  2.16  2.09  2.47  2.36  2.01  2.03  2.23  2.06  2.35  1.89  1.73     2.08  1.81  2.31  2.09  2.10
 75   10     1.95  2.87  3.24  4.20  4.42  3.86  3.85  4.03  3.41  3.24  2.37  2.01     3.29  2.27  3.95  3.91  3.01
 75   20     1.96  2.87  3.22  4.14  4.32  3.76  3.75  3.95  3.36  3.25  2.40  2.04     3.25  2.29  3.89  3.82  3.00
 75   30     1.95  2.84  3.14  4.03  4.16  3.61  3.61  3.82  3.27  3.22  2.38  2.05     3.17  2.28  3.77  3.68  2.96
 75   40     1.90  2.76  3.02  3.85  3.94  3.41  3.41  3.63  3.13  3.14  2.34  2.02     3.05  2.23  3.61  3.48  2.87
 75   50     1.84  2.66  2.86  3.63  3.69  3.18  3.18  3.40  2.95  3.01  2.25  1.96     2.88  2.15  3.39  3.25  2.73
 75   60     1.74  2.51  2.67  3.38  3.40  2.92  2.92  3.14  2.74  2.84  2.14  1.87     2.69  2.04  3.15  2.99  2.58
 75   70     1.63  2.35  2.46  3.08  3.07  2.64  2.64  2.85  2.50  2.63  1.99  1.75     2.47  1.91  2.87  2.71  2.38
 75   80     1.51  2.15  2.22  2.77  2.75  2.35  2.35  2.55  2.25  2.41  1.83  1.62     2.23  1.76  2.58  2.42  2.16
 75   90     1.36  1.95  1.97  2.46  2.42  2.07  2.07  2.25  1.99  2.15  1.64  1.46     1.98  1.59  2.28  2.13  1.93
 90   10     1.89  2.79  3.19  4.16  4.41  3.86  3.84  4.00  3.37  3.16  2.29  1.93     3.24  2.21  3.92  3.90  2.94
 90   20     1.85  2.73  3.11  4.07  4.30  3.76  3.74  3.91  3.28  3.10  2.24  1.89     3.17  2.16  3.83  3.80  2.88
 90   30     1.79  2.65  2.99  3.92  4.13  3.60  3.59  3.75  3.15  3.00  2.17  1.83     3.05  2.09  3.68  3.65  2.78
 90   40     1.72  2.54  2.84  3.73  3.90  3.40  3.39  3.56  2.99  2.88  2.08  1.76     2.90  2.01  3.49  3.45  2.65
 90   50     1.63  2.40  2.67  3.50  3.64  3.17  3.15  3.32  2.80  2.73  1.97  1.67     2.72  1.90  3.27  3.21  2.50
 90   60     1.53  2.26  2.47  3.24  3.35  2.91  2.90  3.06  2.58  2.54  1.84  1.58     2.52  1.79  3.02  2.96  2.32
 90   70     1.42  2.08  2.26  2.96  3.04  2.64  2.63  2.79  2.36  2.36  1.70  1.46     2.31  1.65  2.76  2.68  2.14
 90   80     1.31  1.92  2.04  2.67  2.72  2.35  2.35  2.50  2.11  2.13  1.54  1.34     2.08  1.52  2.48  2.40  1.93
 90   90     1.19  1.73  1.82  2.38  2.41  2.08  2.07  2.21  1.88  1.93  1.39  1.21     1.86  1.38  2.20  2.12  1.73
105   10     1.84  2.72  3.13  4.12  4.39  3.85  3.83  3.98  3.33  3.07  2.21  1.85     3.19  2.13  3.88  3.89  2.87
105   20     1.75  2.60  3.00  3.99  4.27  3.75  3.73  3.86  3.20  2.94  2.08  1.74     3.07  2.03  3.75  3.78  2.74
105   30     1.65  2.45  2.84  3.81  4.07  3.58  3.56  3.68  3.03  2.78  1.95  1.62     2.92  1.91  3.57  3.61  2.59
105   40     1.54  2.30  2.65  3.58  3.83  3.38  3.35  3.46  2.84  2.60  1.82  1.51     2.74  1.78  3.36  3.40  2.42
105   50     1.44  2.15  2.45  3.33  3.56  3.13  3.11  3.21  2.63  2.42  1.68  1.41     2.54  1.66  3.11  3.15  2.24
105   60     1.34  1.99  2.26  3.06  3.26  2.87  2.85  2.94  2.41  2.24  1.54  1.29     2.34  1.54  2.86  2.89  2.06
105   70     1.23  1.83  2.05  2.78  2.96  2.60  2.58  2.67  2.18  2.04  1.41  1.19     2.13  1.42  2.60  2.62  1.88
105   80     1.14  1.68  1.84  2.51  2.65  2.32  2.31  2.40  1.96  1.86  1.28  1.08     1.92  1.30  2.34  2.34  1.70
105   90     1.04  1.53  1.65  2.24  2.34  2.05  2.04  2.12  1.74  1.67  1.15  0.98     1.71  1.18  2.08  2.07  1.52
120   10     1.78  2.65  3.08  4.08  4.38  3.85  3.83  3.96  3.28  2.99  2.13  1.77     3.15  2.07  3.85  3.88  2.80
120   20     1.64  2.46  2.90  3.91  4.23  3.74  3.71  3.81  3.11  2.78  1.93  1.59     2.99  1.90  3.68  3.75  2.61
120   30     1.50  2.27  2.69  3.68  4.02  3.57  3.54  3.60  2.90  2.56  1.74  1.43     2.79  1.73  3.46  3.57  2.40
120   40     1.38  2.07  2.46  3.42  3.75  3.35  3.31  3.35  2.68  2.33  1.56  1.28     2.58  1.58  3.21  3.34  2.19
120   50     1.26  1.89  2.24  3.13  3.45  3.09  3.05  3.08  2.44  2.11  1.41  1.16     2.36  1.44  2.94  3.07  1.99
120   60     1.16  1.74  2.02  2.85  3.13  2.81  2.78  2.79  2.21  1.91  1.28  1.05     2.14  1.31  2.67  2.79  1.80
120   70     1.07  1.60  1.83  2.56  2.82  2.53  2.50  2.51  1.99  1.74  1.16  0.96     1.94  1.21  2.40  2.51  1.63
120   80     0.99  1.46  1.65  2.30  2.52  2.25  2.23  2.25  1.77  1.58  1.05  0.88     1.74  1.11  2.15  2.24  1.47
120   90     0.92  1.34  1.47  2.06  2.23  1.99  1.97  2.00  1.58  1.42  0.95  0.81     1.56  1.02  1.92  1.99  1.32
135   10     1.74  2.59  3.03  4.05  4.37  3.85  3.82  3.94  3.25  2.92  2.06  1.70     3.11  2.01  3.82  3.87  2.74
135   20     1.55  2.35  2.80  3.84  4.21  3.73  3.70  3.77  3.04  2.64  1.80  1.46     2.91  1.79  3.62  3.73  2.49
135   30     1.37  2.09  2.54  3.56  3.97  3.55  3.51  3.53  2.79  2.34  1.55  1.24     2.67  1.57  3.36  3.53  2.23
135   40     1.23  1.86  2.27  3.24  3.67  3.31  3.27  3.25  2.52  2.06  1.33  1.07     2.42  1.38  3.06  3.27  1.97
135   50     1.12  1.66  2.02  2.91  3.32  3.03  2.98  2.93  2.25  1.81  1.17  0.95     2.18  1.24  2.75  2.98  1.74
135   60     1.03  1.51  1.80  2.60  2.97  2.72  2.68  2.62  2.00  1.61  1.05  0.86     1.95  1.14  2.46  2.67  1.55
135   70     0.96  1.39  1.61  2.31  2.64  2.43  2.39  2.33  1.78  1.45  0.95  0.80     1.75  1.05  2.19  2.38  1.40
135   80     0.90  1.28  1.45  2.06  2.33  2.15  2.11  2.07  1.59  1.31  0.87  0.74     1.57  0.97  1.95  2.11  1.26
135   90     0.84  1.20  1.30  1.84  2.06  1.89  1.86  1.83  1.43  1.20  0.81  0.69     1.41  0.91  1.74  1.86  1.14
150   10     1.70  2.55  3.00  4.03  4.36  3.85  3.82  3.93  3.22  2.87  2.00  1.65     3.08  1.97  3.80  3.87  2.70
150   20     1.48  2.25  2.73  3.78  4.19  3.73  3.69  3.74  2.98  2.52  1.68  1.35     2.84  1.69  3.56  3.72  2.40
150   30     1.26  1.94  2.42  3.46  3.93  3.54  3.50  3.48  2.70  2.15  1.38  1.09     2.57  1.43  3.27  3.51  2.08
150   40     1.10  1.66  2.10  3.09  3.60  3.29  3.24  3.16  2.38  1.80  1.13  0.90     2.29  1.22  2.93  3.23  1.77
150   50     1.01  1.45  1.81  2.70  3.21  2.99  2.93  2.80  2.07  1.52  0.97  0.81     2.02  1.09  2.57  2.91  1.52
150   60     0.96  1.33  1.57  2.33  2.80  2.65  2.59  2.44  1.79  1.33  0.89  0.77     1.79  1.02  2.23  2.56  1.34
150   70     0.91  1.24  1.41  2.03  2.42  2.31  2.25  2.12  1.58  1.20  0.84  0.73     1.59  0.96  1.96  2.23  1.21
150   80     0.87  1.17  1.28  1.80  2.11  2.01  1.97  1.87  1.42  1.11  0.79  0.69     1.43  0.91  1.73  1.95  1.11
150   90     0.82  1.10  1.17  1.62  1.87  1.77  1.73  1.67  1.28  1.03  0.74  0.65     1.29  0.86  1.55  1.72  1.02
165   10     1.68  2.52  2.98  4.01  4.36  3.85  3.82  3.92  3.21  2.83  1.97  1.62     3.06  1.94  3.78  3.86  2.67
165   20     1.43  2.18  2.68  3.74  4.18  3.73  3.69  3.72  2.95  2.44  1.61  1.28     2.80  1.63  3.54  3.71  2.33
165   30     1.18  1.83  2.34  3.40  3.92  3.55  3.50  3.45  2.64  2.01  1.25  0.97     2.50  1.33  3.22  3.50  1.97
165   40     1.03  1.50  1.97  3.00  3.59  3.30  3.24  3.11  2.29  1.59  0.97  0.83     2.20  1.12  2.85  3.22  1.61
165   50     0.99  1.29  1.62  2.54  3.18  2.99  2.92  2.73  1.92  1.26  0.90  0.80     1.93  1.03  2.45  2.88  1.36
165   60     0.96  1.24  1.38  2.08  2.73  2.64  2.57  2.30  1.60  1.12  0.86  0.77     1.69  0.99  2.06  2.50  1.20
165   70     0.91  1.19  1.26  1.75  2.23  2.25  2.17  1.91  1.41  1.06  0.82  0.73     1.48  0.94  1.75  2.11  1.10
165   80     0.87  1.14  1.18  1.57  1.89  1.88  1.83  1.67  1.29  1.00  0.78  0.69     1.31  0.90  1.54  1.79  1.02
165   90     0.82  1.08  1.10  1.43  1.68  1.65  1.61  1.51  1.19  0.95  0.73  0.65     1.20  0.85  1.40  1.59  0.96
180   10     1.67  2.51  2.97  4.00  4.36  3.85  3.82  3.91  3.20  2.82  1.96  1.60     3.06  1.93  3.78  3.86  2.66
180   20     1.41  2.16  2.67  3.73  4.19  3.73  3.70  3.71  2.94  2.40  1.58  1.25     2.79  1.61  3.53  3.71  2.31
180   30     1.15  1.78  2.31  3.38  3.92  3.55  3.50  3.44  2.62  1.96  1.20  0.93     2.48  1.29  3.21  3.50  1.93
180   40     1.03  1.42  1.92  2.97  3.59  3.30  3.24  3.10  2.26  1.49  0.93  0.83     2.17  1.09  2.83  3.21  1.56
180   50     0.99  1.28  1.51  2.51  3.19  3.00  2.93  2.71  1.87  1.14  0.90  0.80     1.90  1.03  2.40  2.88  1.30
180   60     0.96  1.24  1.29  2.01  2.73  2.64  2.57  2.28  1.45  1.10  0.86  0.77     1.66  0.99  2.01  2.50  1.14
180   70     0.91  1.19  1.23  1.56  2.24  2.25  2.18  1.82  1.32  1.05  0.82  0.73     1.44  0.94  1.68  2.08  1.06
180   80     0.87  1.14  1.16  1.43  1.80  1.84  1.78  1.56  1.24  1.00  0.78  0.69     1.27  0.90  1.46  1.73  1.00
180   90     0.82  1.08  1.09  1.34  1.61  1.60  1.56  1.43  1.15  0.94  0.73  0.65     1.17  0.85  1.34  1.53  0.94
             50.0  43.1  30.2  16.3   4.6   0.8   2.3  10.4  23.0  40.0  50.1  55.3     26.2  49.3  16.4   4.7  37.9
             2.52  3.46  3.55  4.31  4.46  3.89  3.88  4.08  3.60  3.86  3.19  2.92     3.64  2.95  4.06  3.94  3.50
             2.37  3.35  3.54  4.27  4.26  3.66  3.68  3.98  3.59  3.77  2.98  2.63     3.51  2.79  4.02  3.77  3.45
             1.06  1.03  1.00  1.01  1.05  1.06  1.05  1.03  1.00  1.02  1.07  1.11     1.04  1.07  1.02  1.05  1.03
             1.23  1.19  1.09  1.02  0.96  0.94  0.95  0.98  1.05  1.19  1.28  1.35     1.10  1.26  1.02  0.96  1.17
temperature  -1.5  -0.3   3.4   8.8  13.3  16.7  19.9  20.4  17.5  12.1   6.8   1.1      9.9  -0.2   8.5  19.0  12.1
diffusedrad  1.25  1.67  1.81  2.17  2.41  2.44  2.41  2.30  1.94  1.58  1.23  1.06     1.86  1.33  2.13  2.38  1.58
snow10cm     0.18  0.14  0.02  0.00  0.00  0.00  0.00  0.00  0.00  0.00  0.00  0.03     0.03  0.12  0.01  0.00  0.00
