2 87206   神門            32 23.1  131 19.9  250
             2.63  3.18  3.62  4.33  4.57  4.09  4.51  4.32  3.48  3.20  2.54  2.42     3.58  2.75  4.17  4.30  3.07
             3.07  3.79  4.23  5.77  5.61  4.96  6.09  5.28  4.69  4.07  3.02  2.78     3.90  3.09  4.81  5.05  3.55
             2.36  2.32  2.63  3.35  3.61  2.64  3.33  3.53  2.84  2.71  2.09  1.97     3.18  2.36  3.62  3.64  2.67
  0   10     3.07  3.56  3.84  4.43  4.57  4.04  4.47  4.35  3.60  3.48  2.88  2.89     3.77  3.18  4.28  4.29  3.32
  0   20     3.46  3.86  3.98  4.44  4.47  3.92  4.35  4.31  3.66  3.69  3.17  3.29     3.88  3.54  4.30  4.20  3.51
  0   30     3.77  4.07  4.04  4.36  4.29  3.74  4.15  4.18  3.64  3.82  3.39  3.62     3.92  3.82  4.23  4.02  3.62
  0   40     3.98  4.18  4.01  4.18  4.02  3.49  3.87  3.97  3.55  3.86  3.53  3.85     3.87  4.00  4.07  3.77  3.65
  0   50     4.09  4.19  3.89  3.92  3.68  3.18  3.52  3.68  3.38  3.81  3.58  3.98     3.74  4.09  3.83  3.46  3.59
  0   60     4.10  4.10  3.68  3.58  3.27  2.83  3.12  3.32  3.15  3.68  3.54  4.01     3.53  4.07  3.51  3.09  3.46
  0   70     4.01  3.91  3.39  3.17  2.82  2.44  2.67  2.91  2.86  3.46  3.43  3.94     3.25  3.95  3.13  2.67  3.25
  0   80     3.81  3.63  3.04  2.71  2.34  2.03  2.21  2.45  2.51  3.16  3.22  3.77     2.91  3.74  2.69  2.23  2.97
  0   90     3.52  3.26  2.62  2.21  1.85  1.63  1.75  1.98  2.13  2.80  2.95  3.50     2.52  3.43  2.23  1.79  2.63
 15   10     3.05  3.55  3.82  4.43  4.57  4.04  4.47  4.35  3.59  3.47  2.87  2.87     3.76  3.16  4.27  4.29  3.31
 15   20     3.41  3.83  3.95  4.44  4.47  3.93  4.35  4.31  3.64  3.67  3.15  3.26     3.87  3.50  4.29  4.20  3.49
 15   30     3.70  4.03  4.00  4.36  4.29  3.74  4.16  4.18  3.62  3.79  3.35  3.56     3.90  3.76  4.22  4.03  3.59
 15   40     3.89  4.13  3.96  4.19  4.03  3.50  3.88  3.97  3.53  3.82  3.48  3.78     3.85  3.93  4.06  3.79  3.61
 15   50     3.98  4.13  3.84  3.94  3.69  3.19  3.54  3.69  3.37  3.76  3.52  3.90     3.71  4.00  3.82  3.47  3.55
 15   60     3.98  4.03  3.63  3.60  3.30  2.85  3.15  3.34  3.13  3.62  3.48  3.92     3.50  3.98  3.51  3.11  3.41
 15   70     3.87  3.84  3.34  3.21  2.86  2.47  2.71  2.94  2.84  3.40  3.36  3.84     3.22  3.85  3.13  2.71  3.20
 15   80     3.67  3.55  2.98  2.76  2.40  2.08  2.27  2.50  2.51  3.11  3.15  3.66     2.89  3.63  2.71  2.28  2.92
 15   90     3.38  3.19  2.58  2.28  1.94  1.70  1.83  2.04  2.13  2.75  2.87  3.39     2.50  3.32  2.26  1.86  2.58
 30   10     2.99  3.51  3.79  4.42  4.56  4.04  4.47  4.34  3.57  3.44  2.83  2.82     3.73  3.11  4.26  4.28  3.28
 30   20     3.30  3.75  3.90  4.43  4.47  3.93  4.36  4.30  3.62  3.62  3.07  3.15     3.83  3.40  4.27  4.20  3.43
 30   30     3.54  3.91  3.93  4.35  4.30  3.76  4.17  4.17  3.58  3.71  3.24  3.41     3.84  3.62  4.19  4.03  3.51
 30   40     3.68  3.98  3.88  4.17  4.05  3.52  3.91  3.97  3.48  3.72  3.34  3.58     3.77  3.75  4.03  3.80  3.51
 30   50     3.74  3.96  3.75  3.94  3.74  3.24  3.59  3.71  3.31  3.65  3.35  3.67     3.64  3.79  3.81  3.51  3.44
 30   60     3.70  3.85  3.53  3.62  3.37  2.91  3.22  3.37  3.09  3.50  3.29  3.66     3.42  3.73  3.50  3.17  3.29
 30   70     3.57  3.64  3.24  3.25  2.96  2.55  2.82  3.00  2.80  3.28  3.15  3.56     3.15  3.59  3.15  2.79  3.08
 30   80     3.36  3.35  2.91  2.83  2.54  2.19  2.41  2.59  2.49  2.99  2.94  3.37     2.83  3.36  2.76  2.40  2.81
 30   90     3.07  3.00  2.52  2.40  2.12  1.84  2.01  2.18  2.13  2.64  2.66  3.09     2.47  3.05  2.35  2.01  2.48
 45   10     2.91  3.44  3.75  4.40  4.56  4.04  4.47  4.33  3.55  3.39  2.77  2.74     3.69  3.03  4.24  4.28  3.24
 45   20     3.15  3.63  3.82  4.39  4.47  3.94  4.36  4.28  3.57  3.53  2.95  3.00     3.76  3.26  4.23  4.19  3.35
 45   30     3.31  3.75  3.83  4.30  4.30  3.77  4.17  4.15  3.52  3.58  3.07  3.19     3.75  3.42  4.14  4.03  3.39
 45   40     3.40  3.77  3.75  4.15  4.07  3.55  3.94  3.96  3.41  3.58  3.13  3.31     3.67  3.50  3.99  3.81  3.37
 45   50     3.41  3.72  3.60  3.90  3.77  3.27  3.64  3.70  3.23  3.49  3.11  3.34     3.52  3.49  3.76  3.54  3.28
 45   60     3.34  3.59  3.40  3.62  3.44  2.97  3.29  3.40  3.02  3.33  3.02  3.29     3.31  3.41  3.48  3.22  3.12
 45   70     3.20  3.38  3.12  3.27  3.06  2.65  2.93  3.05  2.75  3.11  2.87  3.17     3.05  3.25  3.15  2.88  2.91
 45   80     2.98  3.10  2.81  2.90  2.67  2.31  2.55  2.67  2.45  2.84  2.66  2.98     2.74  3.02  2.79  2.51  2.65
 45   90     2.70  2.78  2.45  2.50  2.29  1.98  2.17  2.31  2.13  2.52  2.40  2.72     2.41  2.73  2.41  2.15  2.35
 60   10     2.81  3.36  3.70  4.37  4.55  4.04  4.46  4.31  3.51  3.33  2.69  2.63     3.65  2.93  4.21  4.27  3.18
 60   20     2.96  3.48  3.73  4.34  4.46  3.94  4.36  4.25  3.50  3.41  2.81  2.81     3.67  3.08  4.18  4.18  3.24
 60   30     3.04  3.52  3.69  4.25  4.29  3.77  4.18  4.12  3.44  3.43  2.87  2.92     3.63  3.16  4.08  4.03  3.24
 60   40     3.08  3.52  3.59  4.08  4.07  3.56  3.95  3.92  3.31  3.38  2.87  2.97     3.52  3.19  3.91  3.81  3.18
 60   50     3.04  3.43  3.43  3.86  3.80  3.31  3.67  3.68  3.14  3.28  2.82  2.96     3.37  3.14  3.70  3.56  3.08
 60   60     2.93  3.28  3.22  3.57  3.47  3.02  3.35  3.39  2.91  3.11  2.71  2.88     3.15  3.03  3.42  3.25  2.91
 60   70     2.78  3.08  2.96  3.26  3.13  2.71  3.00  3.07  2.67  2.90  2.54  2.74     2.90  2.87  3.12  2.93  2.70
 60   80     2.57  2.81  2.67  2.91  2.77  2.40  2.66  2.73  2.38  2.65  2.35  2.56     2.62  2.65  2.78  2.60  2.46
 60   90     2.31  2.53  2.36  2.55  2.41  2.09  2.31  2.38  2.10  2.35  2.11  2.32     2.32  2.39  2.44  2.26  2.19
 75   10     2.69  3.27  3.63  4.34  4.54  4.04  4.46  4.29  3.47  3.26  2.60  2.52     3.59  2.83  4.17  4.26  3.11
 75   20     2.74  3.30  3.61  4.28  4.44  3.94  4.35  4.21  3.42  3.27  2.64  2.59     3.57  2.87  4.11  4.17  3.11
 75   30     2.75  3.28  3.52  4.16  4.28  3.78  4.18  4.07  3.33  3.24  2.62  2.62     3.49  2.88  3.99  4.01  3.06
 75   40     2.70  3.21  3.40  3.98  4.05  3.57  3.95  3.87  3.19  3.15  2.58  2.60     3.35  2.84  3.81  3.80  2.98
 75   50     2.63  3.10  3.22  3.75  3.79  3.33  3.68  3.63  3.00  3.02  2.49  2.54     3.18  2.75  3.59  3.54  2.84
 75   60     2.50  2.93  3.01  3.49  3.49  3.05  3.38  3.35  2.79  2.86  2.37  2.44     2.97  2.62  3.33  3.26  2.67
 75   70     2.34  2.73  2.76  3.19  3.15  2.75  3.05  3.05  2.54  2.65  2.21  2.29     2.73  2.46  3.03  2.95  2.46
 75   80     2.16  2.50  2.49  2.87  2.82  2.45  2.71  2.73  2.29  2.42  2.02  2.12     2.46  2.26  2.73  2.63  2.24
 75   90     1.93  2.24  2.21  2.54  2.48  2.16  2.39  2.41  2.02  2.16  1.82  1.92     2.19  2.03  2.41  2.32  2.00
 90   10     2.57  3.16  3.56  4.30  4.53  4.04  4.46  4.27  3.43  3.18  2.50  2.40     3.53  2.71  4.13  4.25  3.04
 90   20     2.52  3.10  3.48  4.20  4.42  3.93  4.34  4.16  3.34  3.12  2.45  2.36     3.45  2.66  4.03  4.14  2.97
 90   30     2.43  3.01  3.35  4.06  4.24  3.77  4.16  4.00  3.21  3.02  2.38  2.29     3.33  2.58  3.88  3.98  2.87
 90   40     2.33  2.88  3.17  3.86  4.01  3.56  3.93  3.79  3.05  2.90  2.27  2.21     3.16  2.48  3.68  3.76  2.74
 90   50     2.20  2.73  2.98  3.62  3.74  3.32  3.65  3.54  2.85  2.75  2.16  2.11     2.97  2.35  3.45  3.50  2.58
 90   60     2.07  2.56  2.76  3.35  3.45  3.05  3.36  3.27  2.63  2.56  2.01  1.99     2.75  2.21  3.19  3.22  2.40
 90   70     1.90  2.35  2.52  3.07  3.13  2.76  3.05  2.98  2.40  2.37  1.87  1.85     2.52  2.04  2.91  2.93  2.21
 90   80     1.75  2.16  2.28  2.76  2.79  2.46  2.72  2.67  2.15  2.14  1.69  1.70     2.27  1.87  2.61  2.62  1.99
 90   90     1.56  1.92  2.02  2.46  2.48  2.18  2.40  2.36  1.91  1.93  1.53  1.54     2.02  1.67  2.32  2.31  1.79
105   10     2.45  3.06  3.49  4.26  4.52  4.04  4.45  4.24  3.39  3.10  2.40  2.28     3.47  2.60  4.09  4.24  2.96
105   20     2.29  2.90  3.34  4.12  4.39  3.93  4.32  4.11  3.26  2.96  2.26  2.13     3.33  2.44  3.95  4.12  2.83
105   30     2.12  2.72  3.16  3.93  4.19  3.75  4.13  3.92  3.09  2.80  2.12  1.97     3.16  2.27  3.76  3.94  2.67
105   40     1.95  2.54  2.94  3.70  3.94  3.54  3.88  3.69  2.89  2.62  1.97  1.83     2.96  2.11  3.53  3.70  2.49
105   50     1.80  2.36  2.71  3.44  3.66  3.28  3.60  3.42  2.68  2.44  1.82  1.70     2.74  1.95  3.27  3.44  2.31
105   60     1.65  2.17  2.49  3.16  3.36  3.01  3.30  3.13  2.45  2.25  1.67  1.56     2.52  1.79  3.00  3.15  2.13
105   70     1.50  1.99  2.26  2.88  3.04  2.72  2.99  2.85  2.22  2.06  1.53  1.44     2.29  1.64  2.73  2.85  1.93
105   80     1.37  1.80  2.03  2.60  2.72  2.43  2.67  2.56  2.00  1.87  1.38  1.30     2.06  1.49  2.45  2.55  1.75
105   90     1.23  1.62  1.82  2.31  2.41  2.15  2.35  2.27  1.77  1.68  1.25  1.19     1.84  1.35  2.18  2.26  1.56
120   10     2.34  2.96  3.43  4.21  4.50  4.03  4.45  4.22  3.35  3.02  2.31  2.16     3.41  2.48  4.05  4.23  2.89
120   20     2.07  2.70  3.21  4.04  4.35  3.92  4.30  4.06  3.17  2.81  2.09  1.90     3.22  2.22  3.87  4.09  2.69
120   30     1.82  2.44  2.96  3.80  4.13  3.74  4.09  3.84  2.96  2.58  1.86  1.67     2.99  1.98  3.63  3.89  2.47
120   40     1.60  2.20  2.70  3.53  3.86  3.50  3.83  3.57  2.73  2.35  1.66  1.47     2.75  1.76  3.36  3.63  2.25
120   50     1.42  1.98  2.44  3.23  3.55  3.23  3.52  3.27  2.49  2.13  1.50  1.31     2.51  1.57  3.08  3.34  2.04
120   60     1.27  1.79  2.20  2.94  3.22  2.94  3.20  2.97  2.25  1.93  1.35  1.17     2.27  1.41  2.79  3.04  1.84
120   70     1.15  1.62  1.98  2.64  2.90  2.64  2.87  2.67  2.02  1.75  1.22  1.08     2.05  1.28  2.51  2.73  1.67
120   80     1.05  1.46  1.78  2.37  2.59  2.36  2.56  2.39  1.80  1.59  1.11  0.98     1.84  1.16  2.25  2.43  1.50
120   90     0.95  1.33  1.58  2.12  2.29  2.08  2.26  2.12  1.61  1.43  1.00  0.90     1.64  1.06  2.00  2.15  1.35
135   10     2.24  2.87  3.37  4.18  4.49  4.03  4.44  4.20  3.31  2.95  2.23  2.06     3.36  2.39  4.02  4.22  2.83
135   20     1.87  2.52  3.09  3.96  4.33  3.91  4.29  4.01  3.10  2.66  1.93  1.70     3.12  2.03  3.79  4.07  2.56
135   30     1.54  2.18  2.78  3.67  4.08  3.72  4.07  3.75  2.85  2.37  1.64  1.38     2.84  1.70  3.51  3.85  2.28
135   40     1.28  1.88  2.46  3.34  3.77  3.47  3.77  3.44  2.57  2.08  1.40  1.14     2.55  1.43  3.19  3.56  2.02
135   50     1.09  1.63  2.17  3.00  3.42  3.17  3.42  3.11  2.29  1.83  1.21  0.98     2.28  1.23  2.86  3.23  1.78
135   60     0.97  1.44  1.91  2.67  3.05  2.84  3.06  2.77  2.03  1.63  1.08  0.88     2.03  1.10  2.54  2.89  1.58
135   70     0.88  1.29  1.70  2.38  2.71  2.53  2.72  2.46  1.81  1.46  0.98  0.81     1.81  0.99  2.26  2.57  1.42
135   80     0.82  1.17  1.52  2.12  2.39  2.24  2.40  2.18  1.62  1.33  0.90  0.75     1.62  0.92  2.01  2.27  1.28
135   90     0.76  1.09  1.37  1.89  2.12  1.97  2.11  1.93  1.45  1.21  0.83  0.71     1.45  0.85  1.79  2.00  1.16
150   10     2.16  2.80  3.33  4.15  4.49  4.03  4.44  4.18  3.28  2.89  2.17  1.97     3.33  2.31  3.99  4.22  2.78
150   20     1.71  2.37  3.00  3.90  4.31  3.91  4.29  3.98  3.04  2.54  1.79  1.53     3.03  1.87  3.73  4.06  2.46
150   30     1.30  1.95  2.63  3.57  4.05  3.72  4.05  3.69  2.75  2.18  1.44  1.14     2.70  1.46  3.41  3.82  2.12
150   40     1.00  1.58  2.24  3.18  3.70  3.45  3.73  3.34  2.42  1.83  1.15  0.87     2.38  1.15  3.04  3.51  1.80
150   50     0.85  1.30  1.90  2.77  3.30  3.13  3.35  2.95  2.10  1.54  0.98  0.75     2.08  0.97  2.66  3.14  1.54
150   60     0.79  1.14  1.62  2.39  2.88  2.76  2.93  2.56  1.82  1.34  0.89  0.71     1.82  0.88  2.29  2.75  1.35
150   70     0.75  1.05  1.44  2.08  2.48  2.40  2.52  2.22  1.60  1.22  0.83  0.68     1.61  0.83  2.00  2.38  1.22
150   80     0.72  0.98  1.30  1.83  2.16  2.08  2.19  1.95  1.44  1.12  0.79  0.66     1.44  0.79  1.76  2.08  1.12
150   90     0.70  0.93  1.19  1.65  1.90  1.83  1.92  1.73  1.30  1.04  0.74  0.63     1.30  0.75  1.58  1.83  1.03
165   10     2.11  2.75  3.30  4.13  4.49  4.04  4.44  4.17  3.27  2.85  2.13  1.92     3.30  2.26  3.97  4.22  2.75
165   20     1.60  2.27  2.94  3.86  4.30  3.92  4.29  3.95  3.00  2.46  1.71  1.41     2.98  1.76  3.70  4.05  2.39
165   30     1.12  1.78  2.52  3.50  4.04  3.72  4.05  3.66  2.69  2.04  1.29  0.96     2.61  1.29  3.35  3.81  2.00
165   40     0.82  1.33  2.08  3.08  3.69  3.46  3.74  3.29  2.33  1.62  0.96  0.74     2.26  0.96  2.95  3.49  1.63
165   50     0.80  1.04  1.66  2.61  3.27  3.13  3.35  2.87  1.95  1.28  0.88  0.72     1.96  0.85  2.51  3.12  1.37
165   60     0.78  0.99  1.37  2.12  2.80  2.75  2.91  2.40  1.62  1.13  0.85  0.70     1.70  0.82  2.10  2.69  1.20
165   70     0.75  0.95  1.24  1.77  2.29  2.34  2.42  1.96  1.42  1.07  0.81  0.68     1.48  0.80  1.77  2.24  1.10
165   80     0.72  0.91  1.16  1.57  1.92  1.93  1.99  1.71  1.29  1.01  0.77  0.66     1.30  0.77  1.55  1.88  1.03
165   90     0.70  0.87  1.09  1.44  1.70  1.69  1.74  1.54  1.20  0.96  0.73  0.63     1.19  0.73  1.41  1.66  0.96
180   10     2.10  2.73  3.30  4.13  4.49  4.04  4.45  4.17  3.26  2.84  2.11  1.90     3.29  2.24  3.97  4.22  2.74
180   20     1.56  2.23  2.92  3.84  4.31  3.92  4.30  3.94  2.99  2.43  1.67  1.37     2.96  1.72  3.69  4.05  2.37
180   30     1.05  1.71  2.49  3.48  4.04  3.72  4.06  3.64  2.67  1.99  1.23  0.89     2.58  1.22  3.34  3.81  1.96
180   40     0.82  1.20  2.02  3.05  3.69  3.46  3.75  3.27  2.30  1.52  0.91  0.74     2.23  0.92  2.92  3.49  1.58
180   50     0.80  1.02  1.52  2.56  3.28  3.13  3.36  2.85  1.90  1.15  0.88  0.72     1.93  0.85  2.45  3.12  1.31
180   60     0.78  0.99  1.25  2.04  2.81  2.76  2.92  2.37  1.47  1.11  0.85  0.70     1.67  0.82  2.03  2.68  1.14
180   70     0.75  0.95  1.19  1.56  2.29  2.34  2.43  1.87  1.32  1.06  0.81  0.68     1.44  0.80  1.68  2.21  1.06
180   80     0.72  0.91  1.13  1.42  1.82  1.90  1.93  1.58  1.24  1.00  0.77  0.66     1.26  0.77  1.46  1.80  1.01
180   90     0.70  0.87  1.07  1.33  1.62  1.63  1.68  1.44  1.16  0.95  0.73  0.63     1.15  0.73  1.34  1.59  0.95
             55.9  46.0  31.4  16.1   4.1   0.1   1.2  10.3  22.8  39.5  51.0  58.1     29.4  53.4  17.2   4.0  38.4
             4.11  4.20  4.04  4.45  4.58  4.08  4.50  4.35  3.66  3.86  3.58  4.02     4.12  4.09  4.30  4.30  3.65
             3.75  4.06  4.04  4.37  4.30  3.75  4.16  4.19  3.64  3.82  3.38  3.60     3.92  3.80  4.24  4.04  3.61
             1.10  1.03  1.00  1.02  1.07  1.09  1.08  1.04  1.01  1.01  1.06  1.12     1.05  1.08  1.03  1.07  1.03
             1.43  1.28  1.12  1.01  0.94  0.92  0.92  0.97  1.05  1.19  1.33  1.49     1.14  1.40  1.02  0.94  1.19
temperature   3.7   5.2   8.7  13.7  17.8  21.2  25.0  25.0  22.1  16.4  10.9   5.4     14.6   4.8  13.4  23.7  16.5
diffusedrad  1.17  1.46  1.80  2.15  2.41  2.43  2.45  2.30  1.95  1.59  1.24  1.05     1.83  1.23  2.12  2.40  1.59
snow10cm     0.01  0.00  0.00  0.00  0.00  0.00  0.00  0.00  0.00  0.00  0.00  0.00     0.00  0.01  0.00  0.00  0.00
