1 88317   鹿児島          31 33.2  130 32.8    4
             2.51  3.13  3.66  4.51  4.83  4.15  5.10  5.12  4.34  3.80  2.85  2.50     3.88  2.71  4.33  4.79  3.66
             2.68  3.56  4.31  4.98  5.45  4.76  6.03  5.66  5.13  4.41  3.28  2.71     3.95  2.76  4.60  5.14  3.87
             1.99  2.33  2.26  3.62  3.55  3.01  3.64  4.12  3.44  2.82  2.22  1.89     3.41  2.24  3.47  3.75  3.08
  0   10     2.89  3.47  3.84  4.61  4.81  4.10  5.04  5.17  4.51  4.18  3.24  2.93     4.07  3.10  4.42  4.77  3.98
  0   20     3.21  3.73  3.97  4.62  4.70  3.98  4.89  5.11  4.61  4.46  3.58  3.30     4.18  3.42  4.43  4.66  4.21
  0   30     3.46  3.90  4.02  4.52  4.50  3.79  4.64  4.94  4.60  4.64  3.83  3.60     4.20  3.65  4.35  4.46  4.36
  0   40     3.62  3.98  3.98  4.33  4.21  3.54  4.31  4.67  4.49  4.70  3.98  3.81     4.14  3.80  4.17  4.17  4.39
  0   50     3.70  3.97  3.85  4.05  3.85  3.23  3.90  4.31  4.28  4.65  4.04  3.92     3.98  3.86  3.92  3.81  4.33
  0   60     3.69  3.87  3.63  3.70  3.41  2.87  3.42  3.87  3.97  4.49  4.00  3.93     3.74  3.83  3.58  3.38  4.16
  0   70     3.58  3.68  3.34  3.27  2.93  2.47  2.90  3.34  3.59  4.23  3.87  3.85     3.42  3.70  3.18  2.90  3.89
  0   80     3.40  3.40  2.98  2.78  2.42  2.06  2.36  2.77  3.13  3.86  3.64  3.67     3.04  3.49  2.73  2.40  3.54
  0   90     3.13  3.05  2.57  2.26  1.90  1.67  1.83  2.18  2.61  3.41  3.32  3.39     2.61  3.19  2.24  1.89  3.11
 15   10     2.88  3.46  3.83  4.61  4.81  4.10  5.04  5.16  4.50  4.16  3.23  2.91     4.06  3.08  4.42  4.77  3.96
 15   20     3.19  3.70  3.96  4.61  4.70  3.98  4.89  5.10  4.59  4.43  3.55  3.27     4.16  3.38  4.42  4.66  4.19
 15   30     3.42  3.86  4.00  4.52  4.51  3.80  4.66  4.95  4.58  4.59  3.78  3.54     4.18  3.61  4.34  4.47  4.32
 15   40     3.57  3.94  3.95  4.34  4.23  3.55  4.33  4.69  4.46  4.64  3.93  3.73     4.11  3.75  4.17  4.19  4.34
 15   50     3.64  3.92  3.81  4.07  3.86  3.24  3.93  4.33  4.25  4.58  3.98  3.83     3.95  3.80  3.91  3.83  4.27
 15   60     3.62  3.81  3.59  3.71  3.44  2.89  3.46  3.90  3.95  4.42  3.93  3.84     3.71  3.75  3.58  3.42  4.10
 15   70     3.51  3.61  3.30  3.30  2.97  2.51  2.96  3.39  3.57  4.15  3.78  3.74     3.40  3.62  3.19  2.95  3.83
 15   80     3.32  3.33  2.95  2.83  2.49  2.11  2.43  2.85  3.13  3.78  3.55  3.56     3.03  3.40  2.75  2.46  3.48
 15   90     3.05  2.98  2.54  2.34  2.00  1.73  1.93  2.28  2.63  3.33  3.23  3.29     2.61  3.10  2.29  1.98  3.06
 30   10     2.84  3.42  3.81  4.60  4.81  4.10  5.04  5.15  4.48  4.12  3.18  2.86     4.03  3.04  4.41  4.76  3.93
 30   20     3.11  3.63  3.91  4.60  4.70  3.99  4.90  5.10  4.55  4.35  3.46  3.17     4.12  3.30  4.40  4.66  4.12
 30   30     3.30  3.76  3.92  4.51  4.52  3.81  4.68  4.95  4.52  4.49  3.65  3.40     4.13  3.49  4.32  4.48  4.22
 30   40     3.42  3.81  3.86  4.33  4.25  3.57  4.37  4.70  4.39  4.52  3.76  3.55     4.04  3.59  4.15  4.21  4.22
 30   50     3.46  3.77  3.72  4.07  3.92  3.28  3.99  4.37  4.19  4.44  3.78  3.61     3.88  3.61  3.90  3.88  4.13
 30   60     3.42  3.64  3.50  3.73  3.52  2.95  3.57  3.95  3.89  4.27  3.70  3.59     3.65  3.55  3.58  3.49  3.96
 30   70     3.30  3.43  3.21  3.35  3.09  2.59  3.10  3.50  3.52  4.00  3.54  3.47     3.34  3.40  3.22  3.06  3.69
 30   80     3.10  3.15  2.88  2.91  2.64  2.22  2.62  3.00  3.11  3.64  3.30  3.28     2.99  3.17  2.81  2.62  3.35
 30   90     2.83  2.81  2.48  2.47  2.20  1.87  2.17  2.49  2.65  3.21  2.98  3.00     2.60  2.88  2.38  2.18  2.95
 45   10     2.77  3.36  3.77  4.58  4.80  4.10  5.04  5.14  4.44  4.06  3.11  2.78     4.00  2.97  4.38  4.76  3.87
 45   20     2.99  3.52  3.83  4.57  4.71  3.99  4.91  5.08  4.48  4.24  3.32  3.02     4.05  3.18  4.37  4.66  4.01
 45   30     3.13  3.61  3.83  4.47  4.52  3.82  4.69  4.93  4.42  4.33  3.46  3.19     4.03  3.31  4.27  4.48  4.07
 45   40     3.21  3.62  3.74  4.29  4.28  3.60  4.41  4.69  4.30  4.33  3.52  3.29     3.94  3.37  4.10  4.23  4.05
 45   50     3.21  3.55  3.59  4.04  3.96  3.32  4.07  4.38  4.08  4.23  3.50  3.31     3.77  3.35  3.86  3.92  3.94
 45   60     3.15  3.41  3.37  3.74  3.60  3.01  3.67  4.00  3.80  4.04  3.40  3.24     3.54  3.27  3.57  3.56  3.75
 45   70     3.01  3.20  3.09  3.37  3.20  2.68  3.25  3.59  3.46  3.79  3.22  3.11     3.25  3.11  3.22  3.17  3.49
 45   80     2.81  2.92  2.78  2.98  2.78  2.34  2.81  3.13  3.08  3.45  2.99  2.91     2.91  2.88  2.85  2.76  3.17
 45   90     2.54  2.61  2.42  2.58  2.38  2.01  2.39  2.68  2.66  3.06  2.68  2.64     2.55  2.60  2.46  2.36  2.80
 60   10     2.69  3.29  3.72  4.55  4.80  4.10  5.04  5.12  4.39  3.98  3.02  2.69     3.95  2.89  4.36  4.75  3.80
 60   20     2.83  3.38  3.74  4.52  4.70  4.00  4.91  5.05  4.39  4.08  3.15  2.84     3.96  3.02  4.32  4.65  3.87
 60   30     2.91  3.41  3.69  4.41  4.52  3.83  4.71  4.89  4.31  4.13  3.22  2.93     3.91  3.09  4.21  4.48  3.89
 60   40     2.94  3.38  3.59  4.22  4.28  3.61  4.43  4.66  4.15  4.08  3.22  2.97     3.79  3.10  4.03  4.23  3.81
 60   50     2.91  3.28  3.42  3.99  3.99  3.35  4.12  4.37  3.95  3.96  3.17  2.94     3.62  3.04  3.80  3.95  3.69
 60   60     2.81  3.13  3.20  3.69  3.65  3.06  3.75  4.02  3.66  3.77  3.04  2.85     3.39  2.93  3.51  3.61  3.49
 60   70     2.67  2.92  2.94  3.36  3.28  2.74  3.35  3.63  3.35  3.52  2.85  2.70     3.11  2.77  3.20  3.24  3.24
 60   80     2.48  2.66  2.65  3.00  2.90  2.43  2.96  3.23  2.99  3.21  2.63  2.51     2.81  2.55  2.85  2.87  2.95
 60   90     2.24  2.38  2.33  2.62  2.52  2.12  2.57  2.81  2.63  2.86  2.36  2.27     2.48  2.30  2.49  2.50  2.62
 75   10     2.60  3.20  3.66  4.52  4.79  4.10  5.03  5.09  4.34  3.88  2.91  2.58     3.89  2.79  4.32  4.74  3.71
 75   20     2.65  3.22  3.63  4.45  4.68  4.00  4.91  5.00  4.28  3.91  2.96  2.63     3.86  2.84  4.25  4.63  3.71
 75   30     2.67  3.19  3.54  4.33  4.50  3.83  4.71  4.83  4.17  3.88  2.94  2.65     3.77  2.84  4.12  4.46  3.66
 75   40     2.63  3.10  3.40  4.14  4.26  3.62  4.45  4.60  3.99  3.79  2.89  2.62     3.63  2.79  3.94  4.22  3.56
 75   50     2.57  2.98  3.22  3.89  3.98  3.37  4.13  4.30  3.76  3.63  2.78  2.54     3.43  2.70  3.70  3.94  3.39
 75   60     2.45  2.81  3.00  3.62  3.66  3.09  3.80  3.98  3.50  3.44  2.65  2.43     3.20  2.57  3.43  3.62  3.20
 75   70     2.31  2.61  2.75  3.30  3.31  2.79  3.42  3.62  3.19  3.19  2.47  2.27     2.94  2.40  3.12  3.28  2.95
 75   80     2.13  2.38  2.48  2.96  2.96  2.48  3.04  3.23  2.87  2.92  2.26  2.10     2.65  2.20  2.80  2.92  2.69
 75   90     1.92  2.13  2.20  2.63  2.60  2.18  2.67  2.86  2.53  2.61  2.03  1.89     2.35  1.98  2.48  2.57  2.39
 90   10     2.50  3.11  3.59  4.48  4.78  4.10  5.03  5.06  4.27  3.78  2.80  2.46     3.83  2.69  4.28  4.73  3.62
 90   20     2.46  3.04  3.50  4.38  4.66  3.99  4.90  4.94  4.16  3.71  2.74  2.41     3.74  2.64  4.18  4.61  3.54
 90   30     2.40  2.94  3.37  4.22  4.47  3.83  4.69  4.75  4.00  3.60  2.66  2.34     3.61  2.56  4.02  4.42  3.42
 90   40     2.32  2.82  3.19  4.01  4.22  3.61  4.43  4.50  3.79  3.45  2.54  2.25     3.43  2.46  3.81  4.18  3.26
 90   50     2.21  2.65  3.00  3.76  3.94  3.36  4.11  4.20  3.55  3.28  2.41  2.13     3.22  2.33  3.56  3.89  3.08
 90   60     2.09  2.48  2.77  3.47  3.63  3.09  3.78  3.88  3.27  3.06  2.24  2.01     2.98  2.19  3.29  3.58  2.86
 90   70     1.93  2.27  2.53  3.18  3.29  2.80  3.43  3.53  2.99  2.84  2.08  1.86     2.73  2.02  3.00  3.25  2.63
 90   80     1.78  2.08  2.28  2.86  2.94  2.49  3.06  3.17  2.68  2.57  1.88  1.70     2.46  1.85  2.69  2.91  2.38
 90   90     1.60  1.85  2.02  2.54  2.61  2.20  2.69  2.81  2.38  2.32  1.70  1.53     2.19  1.66  2.39  2.57  2.13
105   10     2.39  3.02  3.53  4.44  4.77  4.10  5.03  5.03  4.21  3.67  2.69  2.35     3.77  2.59  4.24  4.72  3.52
105   20     2.27  2.86  3.38  4.29  4.63  3.99  4.88  4.87  4.04  3.51  2.52  2.20     3.62  2.44  4.10  4.58  3.36
105   30     2.13  2.69  3.19  4.10  4.42  3.81  4.66  4.65  3.81  3.31  2.36  2.04     3.43  2.29  3.90  4.38  3.16
105   40     1.99  2.51  2.97  3.86  4.16  3.59  4.38  4.37  3.57  3.10  2.19  1.89     3.21  2.13  3.66  4.11  2.95
105   50     1.86  2.32  2.74  3.58  3.86  3.34  4.06  4.05  3.30  2.88  2.02  1.75     2.98  1.98  3.39  3.81  2.73
105   60     1.72  2.13  2.51  3.29  3.54  3.06  3.71  3.71  3.01  2.66  1.85  1.60     2.73  1.82  3.11  3.49  2.51
105   70     1.58  1.95  2.28  2.99  3.21  2.76  3.36  3.37  2.72  2.43  1.69  1.47     2.48  1.67  2.82  3.16  2.28
105   80     1.45  1.76  2.04  2.70  2.87  2.47  3.00  3.03  2.45  2.21  1.52  1.33     2.23  1.51  2.53  2.83  2.06
105   90     1.31  1.58  1.82  2.40  2.53  2.18  2.65  2.68  2.17  1.99  1.38  1.21     1.99  1.36  2.25  2.50  1.85
120   10     2.29  2.93  3.46  4.39  4.75  4.10  5.02  5.00  4.15  3.57  2.59  2.24     3.71  2.49  4.21  4.71  3.43
120   20     2.08  2.69  3.25  4.21  4.60  3.98  4.87  4.81  3.91  3.30  2.32  1.99     3.50  2.25  4.02  4.55  3.18
120   30     1.87  2.44  3.00  3.97  4.36  3.80  4.62  4.54  3.63  3.02  2.07  1.75     3.26  2.02  3.78  4.32  2.91
120   40     1.68  2.20  2.74  3.68  4.07  3.57  4.32  4.21  3.33  2.74  1.84  1.55     2.99  1.81  3.50  4.03  2.63
120   50     1.52  1.98  2.48  3.37  3.75  3.29  3.97  3.85  3.02  2.47  1.65  1.38     2.73  1.63  3.20  3.70  2.38
120   60     1.38  1.79  2.23  3.06  3.40  2.99  3.60  3.49  2.72  2.23  1.48  1.24     2.47  1.47  2.90  3.36  2.14
120   70     1.26  1.62  2.00  2.75  3.06  2.69  3.23  3.13  2.44  2.02  1.34  1.13     2.22  1.34  2.61  3.02  1.93
120   80     1.16  1.46  1.80  2.46  2.73  2.40  2.87  2.80  2.17  1.83  1.21  1.02     1.99  1.21  2.33  2.69  1.74
120   90     1.05  1.32  1.60  2.20  2.41  2.11  2.53  2.49  1.93  1.65  1.10  0.94     1.78  1.10  2.07  2.38  1.56
135   10     2.21  2.85  3.41  4.36  4.74  4.10  5.02  4.98  4.10  3.48  2.49  2.14     3.66  2.40  4.17  4.70  3.36
135   20     1.91  2.53  3.14  4.14  4.57  3.98  4.85  4.75  3.81  3.12  2.14  1.79     3.39  2.08  3.95  4.53  3.02
135   30     1.62  2.21  2.83  3.84  4.32  3.79  4.59  4.42  3.46  2.74  1.81  1.48     3.09  1.77  3.66  4.27  2.67
135   40     1.39  1.92  2.52  3.50  3.99  3.54  4.25  4.04  3.09  2.38  1.53  1.23     2.78  1.51  3.33  3.94  2.33
135   50     1.22  1.67  2.22  3.14  3.61  3.23  3.85  3.63  2.73  2.07  1.31  1.07     2.48  1.32  2.99  3.57  2.04
135   60     1.10  1.48  1.96  2.79  3.23  2.91  3.44  3.21  2.40  1.82  1.16  0.95     2.20  1.18  2.66  3.19  1.79
135   70     1.00  1.33  1.74  2.48  2.86  2.59  3.04  2.84  2.12  1.63  1.05  0.87     1.96  1.07  2.36  2.82  1.60
135   80     0.94  1.20  1.55  2.21  2.52  2.28  2.67  2.51  1.88  1.48  0.96  0.81     1.75  0.98  2.09  2.49  1.44
135   90     0.86  1.11  1.39  1.96  2.23  2.01  2.35  2.22  1.68  1.35  0.89  0.76     1.57  0.91  1.86  2.19  1.31
150   10     2.14  2.79  3.37  4.33  4.74  4.10  5.02  4.96  4.06  3.40  2.42  2.06     3.62  2.33  4.15  4.69  3.29
150   20     1.76  2.40  3.05  4.07  4.55  3.98  4.85  4.70  3.72  2.96  1.99  1.64     3.31  1.93  3.89  4.51  2.89
150   30     1.41  2.01  2.69  3.74  4.28  3.79  4.57  4.34  3.32  2.49  1.58  1.25     2.96  1.56  3.57  4.23  2.46
150   40     1.14  1.65  2.31  3.34  3.92  3.52  4.21  3.91  2.88  2.05  1.25  0.98     2.60  1.26  3.19  3.88  2.06
150   50     0.98  1.38  1.96  2.91  3.50  3.20  3.77  3.42  2.45  1.68  1.04  0.84     2.26  1.07  2.79  3.46  1.72
150   60     0.91  1.22  1.68  2.50  3.04  2.83  3.27  2.93  2.07  1.44  0.93  0.79     1.97  0.97  2.41  3.01  1.48
150   70     0.86  1.11  1.49  2.17  2.62  2.46  2.80  2.51  1.80  1.29  0.87  0.76     1.73  0.91  2.09  2.59  1.32
150   80     0.81  1.04  1.34  1.91  2.27  2.14  2.42  2.19  1.60  1.19  0.83  0.72     1.54  0.86  1.84  2.25  1.21
150   90     0.77  0.97  1.23  1.72  2.00  1.87  2.10  1.94  1.45  1.11  0.79  0.69     1.39  0.81  1.65  1.97  1.11
165   10     2.09  2.74  3.35  4.32  4.74  4.10  5.03  4.94  4.04  3.35  2.37  2.01     3.59  2.28  4.13  4.69  3.25
165   20     1.66  2.31  3.00  4.03  4.55  3.98  4.86  4.67  3.67  2.85  1.89  1.53     3.25  1.84  3.86  4.50  2.80
165   30     1.25  1.86  2.59  3.67  4.27  3.79  4.59  4.30  3.23  2.31  1.41  1.09     2.86  1.40  3.51  4.23  2.32
165   40     0.96  1.43  2.16  3.24  3.91  3.53  4.22  3.84  2.73  1.77  1.01  0.84     2.47  1.08  3.10  3.86  1.84
165   50     0.92  1.15  1.74  2.75  3.47  3.20  3.77  3.31  2.22  1.33  0.91  0.81     2.13  0.96  2.65  3.43  1.49
165   60     0.89  1.07  1.44  2.24  2.97  2.83  3.26  2.71  1.77  1.14  0.88  0.79     1.83  0.92  2.22  2.93  1.26
165   70     0.84  1.03  1.30  1.86  2.43  2.41  2.69  2.16  1.51  1.08  0.85  0.76     1.58  0.88  1.86  2.42  1.15
165   80     0.80  0.98  1.21  1.64  2.02  2.00  2.17  1.85  1.38  1.04  0.81  0.72     1.39  0.83  1.62  2.00  1.08
165   90     0.76  0.93  1.13  1.50  1.78  1.74  1.89  1.67  1.28  0.99  0.78  0.69     1.26  0.79  1.47  1.76  1.02
180   10     2.08  2.73  3.34  4.31  4.74  4.10  5.03  4.94  4.03  3.34  2.36  1.99     3.58  2.27  4.13  4.69  3.24
180   20     1.62  2.28  2.98  4.02  4.56  3.99  4.87  4.66  3.66  2.81  1.85  1.49     3.23  1.80  3.85  4.50  2.77
180   30     1.19  1.80  2.56  3.65  4.28  3.79  4.60  4.28  3.21  2.23  1.33  1.02     2.83  1.34  3.50  4.23  2.26
180   40     0.95  1.33  2.10  3.21  3.92  3.53  4.24  3.82  2.70  1.64  0.94  0.84     2.43  1.04  3.08  3.86  1.76
180   50     0.92  1.12  1.61  2.71  3.48  3.21  3.80  3.28  2.15  1.13  0.91  0.81     2.09  0.95  2.60  3.43  1.40
180   60     0.89  1.07  1.30  2.17  2.98  2.83  3.29  2.69  1.57  1.10  0.88  0.79     1.80  0.92  2.15  2.94  1.18
180   70     0.84  1.03  1.24  1.65  2.44  2.42  2.72  2.05  1.35  1.06  0.85  0.76     1.53  0.88  1.78  2.40  1.09
180   80     0.80  0.98  1.18  1.49  1.92  1.97  2.11  1.67  1.28  1.02  0.81  0.72     1.33  0.83  1.53  1.92  1.04
180   90     0.76  0.93  1.11  1.39  1.70  1.68  1.82  1.52  1.22  0.98  0.78  0.69     1.22  0.79  1.40  1.67  0.99
             53.6  43.9  30.1  15.4   3.4  -0.3   0.2  10.0  24.2  40.7  51.1  56.4     27.7  51.4  16.0   3.7  38.6
             3.70  3.99  4.02  4.63  4.83  4.14  5.09  5.16  4.62  4.70  4.05  3.94     4.41  3.86  4.44  4.79  4.39
             3.41  3.87  4.02  4.55  4.56  3.84  4.71  4.99  4.61  4.61  3.78  3.54     4.21  3.61  4.37  4.51  4.33
             1.09  1.03  1.00  1.02  1.06  1.08  1.08  1.03  1.00  1.02  1.07  1.11     1.05  1.08  1.03  1.06  1.03
             1.36  1.23  1.10  1.01  0.94  0.93  0.92  0.97  1.06  1.21  1.33  1.42     1.12  1.34  1.02  0.94  1.20
temperature   8.3   9.4  12.5  16.8  20.7  24.0  28.0  28.5  25.9  21.0  15.6  10.5     18.4   9.4  16.7  26.8  20.8
diffusedrad  1.28  1.57  1.90  2.27  2.52  2.53  2.55  2.38  2.08  1.67  1.32  1.17     1.94  1.34  2.23  2.49  1.69
snow10cm     0.00  0.00  0.00  0.00  0.00  0.00  0.00  0.00  0.00  0.00  0.00  0.00     0.00  0.00  0.00  0.00  0.00
