2 88331   輝北            31 35.3  130 51.3  360
             2.44  2.98  3.42  4.06  4.39  3.64  4.34  4.28  3.67  3.41  2.61  2.35     3.46  2.59  3.96  4.08  3.23
             2.69  3.66  4.21  5.01  5.53  4.40  5.94  5.24  4.95  4.23  3.22  2.70     3.78  2.83  4.68  4.70  3.66
             2.19  2.09  2.08  2.96  3.44  2.79  3.01  2.88  2.92  2.55  2.03  1.96     2.99  2.22  3.15  3.00  2.84
  0   10     2.82  3.30  3.59  4.15  4.38  3.60  4.29  4.31  3.80  3.72  2.94  2.75     3.64  2.96  4.04  4.07  3.49
  0   20     3.14  3.54  3.71  4.15  4.28  3.50  4.17  4.26  3.87  3.95  3.23  3.11     3.74  3.26  4.04  3.98  3.69
  0   30     3.39  3.70  3.75  4.06  4.11  3.34  3.98  4.13  3.85  4.09  3.45  3.38     3.77  3.49  3.97  3.82  3.80
  0   40     3.56  3.78  3.70  3.89  3.85  3.13  3.71  3.91  3.75  4.14  3.58  3.58     3.71  3.64  3.81  3.58  3.82
  0   50     3.64  3.77  3.58  3.65  3.52  2.87  3.38  3.62  3.57  4.09  3.63  3.68     3.58  3.70  3.58  3.29  3.76
  0   60     3.63  3.67  3.38  3.33  3.13  2.56  2.99  3.27  3.32  3.94  3.58  3.69     3.38  3.67  3.28  2.94  3.62
  0   70     3.53  3.49  3.11  2.95  2.71  2.23  2.57  2.85  3.00  3.71  3.46  3.61     3.10  3.55  2.92  2.55  3.39
  0   80     3.35  3.23  2.78  2.52  2.25  1.88  2.12  2.40  2.63  3.38  3.25  3.44     2.77  3.34  2.52  2.13  3.09
  0   90     3.09  2.90  2.40  2.06  1.78  1.54  1.69  1.93  2.21  2.99  2.96  3.19     2.40  3.06  2.08  1.72  2.72
 15   10     2.81  3.28  3.58  4.14  4.38  3.60  4.29  4.31  3.80  3.71  2.93  2.74     3.63  2.94  4.03  4.07  3.48
 15   20     3.12  3.52  3.69  4.14  4.28  3.50  4.18  4.26  3.85  3.93  3.21  3.07     3.73  3.23  4.04  3.98  3.66
 15   30     3.35  3.67  3.73  4.06  4.11  3.35  3.99  4.13  3.83  4.06  3.41  3.33     3.75  3.45  3.96  3.82  3.77
 15   40     3.51  3.74  3.68  3.90  3.86  3.14  3.72  3.92  3.73  4.09  3.53  3.51     3.69  3.59  3.81  3.59  3.78
 15   50     3.58  3.72  3.55  3.65  3.53  2.87  3.40  3.63  3.55  4.03  3.57  3.60     3.56  3.63  3.58  3.30  3.72
 15   60     3.57  3.61  3.35  3.34  3.16  2.58  3.02  3.28  3.30  3.88  3.52  3.61     3.35  3.60  3.28  2.96  3.57
 15   70     3.46  3.42  3.07  2.98  2.74  2.25  2.61  2.88  2.99  3.64  3.38  3.52     3.08  3.47  2.93  2.58  3.34
 15   80     3.28  3.16  2.75  2.56  2.30  1.92  2.18  2.45  2.63  3.32  3.17  3.35     2.75  3.26  2.54  2.18  3.04
 15   90     3.02  2.83  2.37  2.13  1.86  1.59  1.76  2.00  2.22  2.92  2.88  3.09     2.39  2.98  2.12  1.78  2.68
 30   10     2.77  3.25  3.56  4.13  4.38  3.60  4.29  4.30  3.78  3.67  2.89  2.69     3.61  2.90  4.02  4.06  3.45
 30   20     3.04  3.45  3.65  4.13  4.28  3.50  4.18  4.25  3.82  3.87  3.13  2.98     3.69  3.15  4.02  3.98  3.61
 30   30     3.24  3.57  3.66  4.05  4.12  3.35  4.00  4.12  3.79  3.97  3.30  3.20     3.70  3.34  3.94  3.83  3.69
 30   40     3.36  3.61  3.60  3.88  3.87  3.15  3.75  3.92  3.67  3.99  3.39  3.34     3.63  3.44  3.79  3.61  3.68
 30   50     3.40  3.58  3.47  3.65  3.58  2.90  3.44  3.65  3.50  3.91  3.40  3.40     3.49  3.46  3.57  3.33  3.60
 30   60     3.37  3.46  3.26  3.35  3.22  2.62  3.09  3.32  3.25  3.75  3.32  3.38     3.28  3.40  3.28  3.01  3.44
 30   70     3.25  3.26  2.99  3.01  2.84  2.31  2.70  2.95  2.95  3.51  3.17  3.27     3.02  3.26  2.95  2.65  3.21
 30   80     3.06  2.99  2.68  2.62  2.43  2.00  2.31  2.55  2.61  3.20  2.96  3.08     2.71  3.04  2.58  2.29  2.92
 30   90     2.79  2.67  2.32  2.23  2.03  1.70  1.93  2.14  2.23  2.82  2.67  2.82     2.36  2.76  2.19  1.92  2.57
 45   10     2.70  3.19  3.52  4.12  4.37  3.60  4.29  4.29  3.75  3.62  2.83  2.62     3.58  2.84  4.00  4.06  3.40
 45   20     2.92  3.35  3.58  4.10  4.28  3.51  4.18  4.24  3.77  3.77  3.01  2.84     3.63  3.04  3.99  3.98  3.52
 45   30     3.07  3.43  3.57  4.01  4.12  3.36  4.01  4.10  3.72  3.83  3.13  3.00     3.61  3.17  3.90  3.82  3.56
 45   40     3.15  3.44  3.49  3.85  3.90  3.17  3.77  3.91  3.60  3.83  3.18  3.09     3.53  3.23  3.75  3.62  3.54
 45   50     3.15  3.37  3.35  3.63  3.61  2.93  3.49  3.65  3.41  3.74  3.15  3.11     3.38  3.21  3.53  3.36  3.43
 45   60     3.10  3.24  3.15  3.35  3.28  2.66  3.15  3.34  3.18  3.56  3.06  3.05     3.18  3.13  3.26  3.05  3.27
 45   70     2.97  3.04  2.88  3.03  2.93  2.38  2.81  3.00  2.89  3.33  2.90  2.93     2.92  2.98  2.94  2.73  3.04
 45   80     2.77  2.78  2.59  2.68  2.55  2.08  2.44  2.63  2.58  3.03  2.68  2.74     2.63  2.76  2.61  2.38  2.76
 45   90     2.51  2.48  2.26  2.32  2.19  1.80  2.09  2.26  2.23  2.69  2.41  2.49     2.31  2.49  2.25  2.05  2.44
 60   10     2.62  3.12  3.47  4.09  4.37  3.60  4.29  4.27  3.71  3.56  2.75  2.53     3.53  2.76  3.98  4.05  3.34
 60   20     2.77  3.22  3.49  4.06  4.28  3.51  4.18  4.21  3.70  3.64  2.86  2.67     3.55  2.89  3.94  3.97  3.40
 60   30     2.85  3.24  3.45  3.96  4.11  3.37  4.01  4.08  3.63  3.67  2.92  2.76     3.50  2.95  3.84  3.82  3.40
 60   40     2.89  3.21  3.35  3.79  3.90  3.18  3.79  3.87  3.49  3.61  2.91  2.79     3.40  2.96  3.68  3.61  3.34
 60   50     2.86  3.12  3.19  3.58  3.63  2.95  3.52  3.63  3.31  3.51  2.86  2.77     3.25  2.92  3.47  3.37  3.23
 60   60     2.76  2.97  2.99  3.31  3.32  2.70  3.21  3.34  3.07  3.33  2.75  2.69     3.04  2.81  3.21  3.09  3.05
 60   70     2.63  2.78  2.75  3.02  2.99  2.42  2.88  3.02  2.81  3.10  2.57  2.54     2.79  2.65  2.92  2.77  2.83
 60   80     2.44  2.53  2.47  2.69  2.65  2.15  2.55  2.69  2.51  2.83  2.37  2.37     2.52  2.44  2.61  2.46  2.57
 60   90     2.21  2.27  2.18  2.36  2.30  1.88  2.22  2.34  2.21  2.52  2.13  2.14     2.23  2.20  2.28  2.15  2.28
 75   10     2.53  3.04  3.42  4.06  4.36  3.60  4.29  4.25  3.67  3.47  2.66  2.43     3.48  2.67  3.95  4.04  3.27
 75   20     2.59  3.06  3.39  4.00  4.26  3.51  4.18  4.17  3.62  3.49  2.69  2.48     3.45  2.71  3.88  3.95  3.27
 75   30     2.61  3.03  3.30  3.89  4.10  3.37  4.01  4.03  3.52  3.45  2.67  2.49     3.37  2.71  3.76  3.80  3.22
 75   40     2.58  2.95  3.18  3.71  3.88  3.18  3.79  3.83  3.37  3.37  2.63  2.46     3.24  2.66  3.59  3.60  3.12
 75   50     2.52  2.84  3.01  3.49  3.63  2.96  3.53  3.58  3.17  3.23  2.53  2.40     3.07  2.59  3.38  3.36  2.97
 75   60     2.41  2.67  2.81  3.24  3.34  2.72  3.24  3.31  2.95  3.05  2.41  2.29     2.87  2.46  3.13  3.09  2.80
 75   70     2.27  2.49  2.57  2.96  3.02  2.46  2.93  3.01  2.68  2.83  2.24  2.14     2.63  2.30  2.85  2.80  2.58
 75   80     2.10  2.26  2.32  2.66  2.69  2.19  2.60  2.69  2.42  2.58  2.05  1.98     2.38  2.11  2.56  2.49  2.35
 75   90     1.89  2.03  2.06  2.35  2.37  1.93  2.29  2.37  2.13  2.31  1.84  1.78     2.11  1.90  2.26  2.19  2.09
 90   10     2.43  2.96  3.36  4.03  4.35  3.60  4.28  4.23  3.62  3.39  2.56  2.32     3.43  2.57  3.91  4.04  3.19
 90   20     2.40  2.89  3.28  3.94  4.24  3.50  4.17  4.13  3.53  3.33  2.51  2.27     3.35  2.52  3.82  3.93  3.12
 90   30     2.34  2.80  3.15  3.80  4.07  3.36  4.00  3.97  3.39  3.22  2.43  2.21     3.23  2.45  3.67  3.77  3.01
 90   40     2.27  2.68  2.98  3.61  3.85  3.17  3.77  3.76  3.22  3.09  2.31  2.12     3.07  2.36  3.48  3.57  2.87
 90   50     2.16  2.52  2.80  3.38  3.59  2.96  3.51  3.50  3.01  2.92  2.20  2.01     2.88  2.23  3.25  3.32  2.71
 90   60     2.04  2.36  2.59  3.12  3.30  2.71  3.23  3.23  2.77  2.73  2.05  1.90     2.67  2.10  3.00  3.06  2.52
 90   70     1.89  2.16  2.37  2.86  3.00  2.46  2.92  2.94  2.53  2.52  1.90  1.75     2.44  1.94  2.74  2.77  2.32
 90   80     1.75  1.98  2.13  2.57  2.67  2.19  2.61  2.64  2.27  2.29  1.72  1.60     2.20  1.78  2.46  2.48  2.09
 90   90     1.57  1.76  1.89  2.28  2.37  1.94  2.30  2.33  2.02  2.06  1.55  1.45     1.96  1.59  2.18  2.19  1.88
105   10     2.33  2.87  3.30  4.00  4.34  3.60  4.28  4.21  3.58  3.29  2.46  2.21     3.37  2.47  3.88  4.03  3.11
105   20     2.20  2.72  3.16  3.87  4.21  3.50  4.16  4.08  3.44  3.15  2.32  2.07     3.24  2.33  3.75  3.91  2.97
105   30     2.07  2.56  2.98  3.69  4.03  3.35  3.97  3.89  3.25  2.98  2.17  1.92     3.07  2.18  3.57  3.74  2.80
105   40     1.93  2.39  2.78  3.48  3.79  3.16  3.74  3.66  3.05  2.79  2.02  1.78     2.88  2.03  3.35  3.52  2.62
105   50     1.81  2.21  2.57  3.23  3.52  2.93  3.46  3.39  2.82  2.59  1.86  1.65     2.67  1.89  3.10  3.26  2.42
105   60     1.68  2.03  2.36  2.96  3.22  2.69  3.17  3.11  2.58  2.39  1.70  1.51     2.45  1.74  2.85  2.99  2.23
105   70     1.54  1.86  2.14  2.69  2.92  2.43  2.87  2.82  2.33  2.18  1.56  1.39     2.23  1.60  2.58  2.71  2.02
105   80     1.41  1.68  1.91  2.43  2.61  2.17  2.57  2.53  2.10  1.99  1.40  1.25     2.00  1.45  2.32  2.42  1.83
105   90     1.28  1.50  1.71  2.16  2.31  1.92  2.26  2.24  1.86  1.78  1.27  1.14     1.79  1.31  2.06  2.14  1.64
120   10     2.23  2.78  3.24  3.96  4.33  3.59  4.28  4.18  3.53  3.21  2.37  2.10     3.32  2.37  3.84  4.02  3.04
120   20     2.01  2.56  3.04  3.80  4.19  3.50  4.14  4.03  3.34  2.98  2.14  1.87     3.13  2.15  3.68  3.89  2.82
120   30     1.81  2.32  2.82  3.58  3.98  3.34  3.94  3.81  3.12  2.73  1.91  1.65     2.92  1.93  3.46  3.70  2.59
120   40     1.63  2.10  2.57  3.33  3.72  3.13  3.69  3.54  2.87  2.48  1.71  1.46     2.69  1.73  3.21  3.46  2.35
120   50     1.47  1.89  2.33  3.05  3.42  2.90  3.40  3.25  2.61  2.25  1.53  1.30     2.45  1.55  2.93  3.18  2.13
120   60     1.34  1.71  2.10  2.77  3.11  2.64  3.09  2.95  2.36  2.03  1.39  1.17     2.22  1.40  2.66  2.89  1.92
120   70     1.22  1.55  1.89  2.49  2.79  2.37  2.77  2.65  2.12  1.84  1.25  1.07     2.00  1.28  2.39  2.60  1.74
120   80     1.12  1.39  1.69  2.23  2.49  2.12  2.47  2.37  1.89  1.67  1.13  0.97     1.79  1.16  2.14  2.32  1.56
120   90     1.02  1.26  1.51  2.00  2.20  1.87  2.18  2.11  1.68  1.50  1.02  0.89     1.60  1.06  1.90  2.05  1.40
135   10     2.14  2.71  3.19  3.93  4.32  3.59  4.27  4.17  3.49  3.13  2.29  2.01     3.27  2.29  3.81  4.01  2.97
135   20     1.84  2.41  2.94  3.73  4.16  3.49  4.13  3.98  3.26  2.82  1.98  1.69     3.04  1.98  3.61  3.87  2.69
135   30     1.56  2.11  2.66  3.47  3.94  3.33  3.92  3.73  2.99  2.50  1.69  1.40     2.77  1.69  3.36  3.66  2.39
135   40     1.33  1.83  2.37  3.17  3.64  3.11  3.64  3.43  2.69  2.19  1.44  1.16     2.50  1.44  3.06  3.39  2.11
135   50     1.17  1.60  2.09  2.85  3.31  2.85  3.31  3.10  2.40  1.91  1.25  1.01     2.24  1.26  2.75  3.09  1.85
135   60     1.05  1.41  1.85  2.54  2.96  2.57  2.97  2.76  2.12  1.69  1.11  0.90     1.99  1.12  2.45  2.77  1.64
135   70     0.96  1.27  1.64  2.26  2.62  2.29  2.63  2.45  1.88  1.52  1.00  0.83     1.78  1.02  2.18  2.46  1.47
135   80     0.89  1.15  1.47  2.01  2.32  2.03  2.32  2.17  1.68  1.37  0.92  0.77     1.59  0.94  1.93  2.17  1.32
135   90     0.83  1.06  1.32  1.79  2.05  1.79  2.04  1.92  1.50  1.25  0.85  0.72     1.43  0.87  1.72  1.92  1.20
150   10     2.07  2.65  3.15  3.91  4.31  3.59  4.27  4.15  3.46  3.07  2.23  1.94     3.23  2.22  3.79  4.01  2.92
150   20     1.70  2.28  2.86  3.68  4.15  3.49  4.13  3.95  3.20  2.69  1.85  1.54     2.96  1.84  3.56  3.86  2.58
150   30     1.35  1.91  2.52  3.39  3.90  3.33  3.91  3.67  2.88  2.29  1.49  1.18     2.65  1.48  3.27  3.64  2.22
150   40     1.08  1.58  2.17  3.04  3.58  3.10  3.61  3.33  2.54  1.91  1.19  0.92     2.34  1.19  2.93  3.35  1.88
150   50     0.93  1.32  1.86  2.66  3.21  2.83  3.25  2.95  2.19  1.59  1.00  0.80     2.05  1.01  2.58  3.01  1.59
150   60     0.86  1.16  1.59  2.30  2.80  2.51  2.85  2.56  1.88  1.37  0.91  0.75     1.80  0.92  2.23  2.64  1.39
150   70     0.81  1.06  1.41  2.01  2.42  2.20  2.46  2.21  1.65  1.24  0.85  0.72     1.59  0.86  1.95  2.29  1.24
150   80     0.77  0.99  1.27  1.77  2.11  1.92  2.14  1.94  1.47  1.14  0.80  0.68     1.42  0.81  1.72  2.00  1.14
150   90     0.73  0.93  1.16  1.59  1.85  1.68  1.87  1.73  1.33  1.05  0.76  0.65     1.28  0.77  1.53  1.76  1.05
165   10     2.02  2.61  3.13  3.89  4.31  3.59  4.28  4.14  3.44  3.03  2.19  1.89     3.21  2.17  3.78  4.00  2.89
165   20     1.60  2.20  2.81  3.65  4.15  3.49  4.13  3.93  3.16  2.60  1.76  1.44     2.91  1.75  3.54  3.85  2.51
165   30     1.19  1.77  2.44  3.33  3.90  3.33  3.91  3.64  2.82  2.14  1.34  1.02     2.57  1.33  3.22  3.63  2.10
165   40     0.90  1.37  2.04  2.95  3.57  3.10  3.62  3.29  2.43  1.68  0.99  0.79     2.23  1.02  2.86  3.34  1.70
165   50     0.87  1.10  1.65  2.53  3.18  2.83  3.25  2.87  2.02  1.30  0.90  0.77     1.94  0.91  2.45  2.98  1.41
165   60     0.83  1.03  1.37  2.08  2.74  2.51  2.84  2.41  1.66  1.13  0.86  0.74     1.68  0.87  2.06  2.58  1.22
165   70     0.80  0.98  1.24  1.74  2.26  2.16  2.38  1.97  1.44  1.06  0.83  0.71     1.46  0.83  1.75  2.17  1.11
165   80     0.76  0.94  1.15  1.54  1.89  1.80  1.95  1.71  1.31  1.01  0.79  0.68     1.29  0.79  1.53  1.82  1.04
165   90     0.72  0.89  1.08  1.41  1.67  1.58  1.71  1.54  1.21  0.96  0.75  0.65     1.18  0.75  1.38  1.61  0.97
180   10     2.00  2.60  3.12  3.89  4.31  3.60  4.28  4.14  3.44  3.02  2.17  1.87     3.20  2.16  3.77  4.00  2.88
180   20     1.56  2.17  2.79  3.63  4.15  3.49  4.14  3.92  3.15  2.56  1.73  1.40     2.89  1.71  3.52  3.85  2.48
180   30     1.13  1.72  2.41  3.31  3.90  3.33  3.92  3.63  2.80  2.08  1.27  0.96     2.54  1.27  3.21  3.63  2.05
180   40     0.90  1.27  1.99  2.93  3.58  3.10  3.63  3.27  2.40  1.56  0.93  0.79     2.19  0.98  2.83  3.33  1.63
180   50     0.87  1.07  1.53  2.49  3.19  2.83  3.27  2.85  1.97  1.13  0.90  0.77     1.91  0.90  2.41  2.98  1.33
180   60     0.83  1.03  1.25  2.02  2.75  2.51  2.85  2.39  1.51  1.09  0.86  0.74     1.65  0.87  2.00  2.58  1.15
180   70     0.80  0.98  1.19  1.56  2.26  2.16  2.39  1.89  1.33  1.05  0.83  0.71     1.43  0.83  1.67  2.15  1.07
180   80     0.76  0.94  1.13  1.42  1.80  1.78  1.91  1.58  1.25  1.00  0.79  0.68     1.25  0.79  1.45  1.76  1.01
180   90     0.72  0.89  1.06  1.32  1.60  1.53  1.65  1.44  1.17  0.95  0.75  0.65     1.14  0.75  1.33  1.54  0.96
             54.1  43.8  29.8  15.0   3.6   0.2   0.8   9.6  22.8  39.7  50.3  56.4     28.3  51.5  15.9   3.8  38.0
             3.65  3.79  3.75  4.16  4.40  3.63  4.33  4.31  3.87  4.14  3.62  3.70     3.94  3.70  4.05  4.08  3.82
             3.35  3.68  3.74  4.08  4.14  3.38  4.02  4.15  3.86  4.08  3.42  3.34     3.77  3.46  3.99  3.85  3.78
             1.09  1.03  1.00  1.02  1.06  1.07  1.08  1.04  1.00  1.01  1.06  1.11     1.05  1.08  1.03  1.06  1.03
             1.37  1.23  1.09  1.00  0.94  0.93  0.93  0.97  1.05  1.20  1.31  1.42     1.12  1.34  1.01  0.94  1.19
temperature   5.7   6.6   9.5  14.1  18.0  21.2  25.1  25.1  22.6  17.7  12.7   7.8     15.5   6.7  13.9  23.8  17.7
diffusedrad  1.21  1.49  1.79  2.14  2.39  2.35  2.42  2.29  1.97  1.60  1.26  1.09     1.83  1.26  2.11  2.36  1.61
snow10cm     0.00  0.00  0.00  0.00  0.00  0.00  0.00  0.00  0.00  0.00  0.00  0.00     0.00  0.00  0.00  0.00  0.00
