1 88466   枕崎            31 16.3  130 17.6   30
             2.15  2.77  3.36  4.24  4.58  3.95  5.15  5.15  4.31  3.60  2.67  2.20     3.68  2.38  4.06  4.75  3.53
             2.52  3.47  4.24  4.88  5.58  4.73  6.35  5.84  5.30  4.35  3.24  2.54     3.90  2.59  4.52  5.19  3.93
             1.83  2.21  2.20  3.59  3.47  2.94  3.80  4.18  3.46  2.80  2.23  1.72     3.39  2.01  3.47  4.00  3.05
  0   10     2.44  3.04  3.51  4.33  4.56  3.90  5.07  5.20  4.49  3.95  3.02  2.54     3.84  2.67  4.13  4.72  3.82
  0   20     2.67  3.24  3.62  4.33  4.46  3.78  4.91  5.14  4.59  4.21  3.32  2.84     3.92  2.91  4.14  4.61  4.04
  0   30     2.84  3.37  3.66  4.24  4.27  3.60  4.65  4.96  4.58  4.37  3.54  3.07     3.93  3.09  4.05  4.41  4.16
  0   40     2.95  3.42  3.61  4.06  3.99  3.36  4.31  4.69  4.46  4.43  3.67  3.23     3.85  3.20  3.89  4.12  4.19
  0   50     2.99  3.39  3.49  3.80  3.65  3.06  3.89  4.32  4.25  4.38  3.72  3.31     3.69  3.23  3.64  3.76  4.12
  0   60     2.96  3.29  3.29  3.46  3.23  2.71  3.39  3.86  3.95  4.22  3.68  3.30     3.45  3.19  3.33  3.32  3.95
  0   70     2.86  3.12  3.03  3.06  2.78  2.34  2.86  3.32  3.56  3.97  3.54  3.22     3.14  3.07  2.96  2.84  3.69
  0   80     2.70  2.88  2.70  2.61  2.29  1.95  2.30  2.73  3.10  3.62  3.33  3.06     2.77  2.88  2.53  2.33  3.35
  0   90     2.48  2.58  2.33  2.12  1.80  1.57  1.76  2.13  2.58  3.19  3.03  2.83     2.37  2.63  2.08  1.82  2.94
 15   10     2.42  3.03  3.50  4.33  4.56  3.90  5.07  5.19  4.48  3.94  3.00  2.53     3.83  2.66  4.13  4.72  3.81
 15   20     2.65  3.21  3.61  4.33  4.46  3.79  4.91  5.13  4.56  4.18  3.29  2.81     3.91  2.89  4.13  4.61  4.01
 15   30     2.81  3.33  3.63  4.24  4.27  3.61  4.67  4.97  4.55  4.33  3.50  3.03     3.91  3.06  4.05  4.42  4.12
 15   40     2.91  3.38  3.58  4.07  4.00  3.37  4.33  4.71  4.44  4.37  3.62  3.17     3.83  3.15  3.89  4.13  4.14
 15   50     2.94  3.35  3.46  3.81  3.66  3.07  3.91  4.33  4.23  4.31  3.66  3.24     3.66  3.18  3.64  3.77  4.06
 15   60     2.91  3.24  3.25  3.48  3.26  2.74  3.44  3.89  3.92  4.15  3.61  3.23     3.43  3.13  3.33  3.36  3.89
 15   70     2.81  3.06  2.99  3.09  2.82  2.37  2.92  3.38  3.54  3.89  3.47  3.14     3.12  3.00  2.97  2.89  3.63
 15   80     2.65  2.82  2.67  2.65  2.36  1.99  2.38  2.82  3.10  3.55  3.25  2.98     2.77  2.81  2.56  2.40  3.30
 15   90     2.42  2.52  2.30  2.19  1.89  1.63  1.87  2.25  2.59  3.12  2.95  2.74     2.37  2.56  2.13  1.92  2.89
 30   10     2.40  3.00  3.48  4.32  4.56  3.90  5.07  5.18  4.45  3.90  2.96  2.49     3.81  2.63  4.12  4.72  3.77
 30   20     2.59  3.16  3.57  4.32  4.46  3.79  4.92  5.13  4.52  4.11  3.21  2.73     3.88  2.83  4.12  4.62  3.95
 30   30     2.72  3.25  3.57  4.23  4.29  3.62  4.69  4.97  4.49  4.23  3.38  2.91     3.86  2.96  4.03  4.43  4.04
 30   40     2.80  3.27  3.51  4.05  4.03  3.39  4.38  4.72  4.37  4.25  3.47  3.02     3.77  3.03  3.87  4.16  4.03
 30   50     2.81  3.23  3.38  3.81  3.71  3.11  3.99  4.38  4.16  4.17  3.48  3.06     3.61  3.03  3.63  3.83  3.94
 30   60     2.76  3.11  3.17  3.50  3.34  2.79  3.55  3.96  3.87  4.01  3.40  3.03     3.38  2.97  3.34  3.44  3.76
 30   70     2.65  2.92  2.91  3.13  2.93  2.45  3.07  3.49  3.50  3.75  3.25  2.92     3.08  2.83  2.99  3.00  3.50
 30   80     2.48  2.67  2.61  2.72  2.50  2.10  2.59  2.99  3.09  3.41  3.02  2.75     2.75  2.63  2.61  2.56  3.17
 30   90     2.25  2.38  2.25  2.31  2.08  1.77  2.13  2.48  2.63  3.01  2.73  2.51     2.38  2.38  2.21  2.12  2.79
 45   10     2.35  2.95  3.45  4.30  4.56  3.90  5.07  5.17  4.41  3.84  2.90  2.43     3.78  2.58  4.10  4.71  3.72
 45   20     2.50  3.07  3.50  4.29  4.46  3.80  4.93  5.11  4.45  4.00  3.08  2.61     3.82  2.73  4.08  4.61  3.85
 45   30     2.60  3.13  3.49  4.19  4.29  3.63  4.71  4.96  4.40  4.08  3.20  2.74     3.79  2.82  3.99  4.43  3.90
 45   40     2.63  3.12  3.41  4.03  4.05  3.42  4.42  4.72  4.27  4.08  3.25  2.81     3.69  2.86  3.83  4.19  3.87
 45   50     2.62  3.05  3.26  3.79  3.75  3.15  4.07  4.40  4.05  3.98  3.23  2.81     3.51  2.83  3.60  3.88  3.76
 45   60     2.55  2.92  3.06  3.50  3.41  2.85  3.66  4.02  3.78  3.80  3.13  2.75     3.29  2.74  3.32  3.51  3.57
 45   70     2.43  2.73  2.80  3.16  3.04  2.54  3.24  3.60  3.43  3.56  2.96  2.63     3.01  2.60  3.00  3.13  3.32
 45   80     2.25  2.49  2.52  2.79  2.64  2.22  2.80  3.13  3.06  3.23  2.74  2.46     2.69  2.40  2.65  2.72  3.01
 45   90     2.04  2.22  2.20  2.41  2.26  1.90  2.37  2.68  2.64  2.87  2.46  2.23     2.36  2.16  2.29  2.32  2.66
 60   10     2.29  2.89  3.40  4.28  4.55  3.90  5.07  5.15  4.36  3.77  2.82  2.35     3.73  2.51  4.08  4.71  3.65
 60   20     2.38  2.96  3.42  4.24  4.46  3.80  4.94  5.08  4.36  3.86  2.93  2.47     3.74  2.60  4.04  4.61  3.72
 60   30     2.43  2.97  3.37  4.14  4.29  3.64  4.73  4.92  4.29  3.90  2.99  2.54     3.68  2.65  3.93  4.43  3.72
 60   40     2.44  2.93  3.27  3.96  4.06  3.43  4.45  4.68  4.13  3.84  2.98  2.55     3.56  2.64  3.76  4.19  3.65
 60   50     2.39  2.84  3.12  3.74  3.78  3.19  4.13  4.40  3.92  3.73  2.93  2.52     3.39  2.58  3.55  3.90  3.53
 60   60     2.30  2.69  2.92  3.46  3.46  2.91  3.76  4.04  3.64  3.55  2.81  2.43     3.17  2.48  3.28  3.57  3.33
 60   70     2.17  2.51  2.68  3.15  3.11  2.61  3.36  3.65  3.33  3.31  2.63  2.30     2.90  2.33  2.98  3.20  3.09
 60   80     2.00  2.28  2.41  2.81  2.75  2.31  2.96  3.24  2.98  3.02  2.43  2.13     2.61  2.14  2.66  2.84  2.81
 60   90     1.81  2.04  2.12  2.46  2.39  2.01  2.56  2.82  2.61  2.69  2.17  1.92     2.30  1.92  2.32  2.46  2.49
 75   10     2.22  2.82  3.35  4.25  4.54  3.90  5.07  5.12  4.31  3.68  2.72  2.26     3.69  2.44  4.05  4.70  3.57
 75   20     2.25  2.83  3.32  4.18  4.44  3.80  4.94  5.03  4.25  3.70  2.76  2.30     3.65  2.46  3.98  4.59  3.57
 75   30     2.25  2.79  3.23  4.06  4.27  3.65  4.74  4.87  4.14  3.66  2.74  2.31     3.56  2.45  3.86  4.42  3.51
 75   40     2.20  2.71  3.11  3.88  4.04  3.44  4.47  4.63  3.97  3.58  2.69  2.27     3.42  2.39  3.68  4.18  3.41
 75   50     2.14  2.60  2.94  3.65  3.78  3.20  4.15  4.33  3.73  3.43  2.59  2.20     3.23  2.31  3.46  3.90  3.25
 75   60     2.03  2.44  2.74  3.39  3.48  2.94  3.81  4.01  3.48  3.25  2.46  2.10     3.01  2.19  3.20  3.59  3.06
 75   70     1.90  2.26  2.51  3.09  3.14  2.65  3.44  3.65  3.17  3.00  2.29  1.95     2.75  2.04  2.91  3.25  2.82
 75   80     1.74  2.05  2.26  2.78  2.80  2.36  3.05  3.25  2.85  2.75  2.09  1.80     2.48  1.87  2.61  2.89  2.56
 75   90     1.56  1.84  2.00  2.46  2.47  2.08  2.68  2.88  2.52  2.45  1.88  1.62     2.20  1.67  2.31  2.54  2.28
 90   10     2.14  2.75  3.29  4.21  4.53  3.90  5.06  5.09  4.25  3.58  2.62  2.17     3.63  2.35  4.01  4.69  3.48
 90   20     2.11  2.69  3.21  4.11  4.42  3.80  4.93  4.97  4.13  3.52  2.57  2.12     3.55  2.31  3.92  4.57  3.41
 90   30     2.04  2.60  3.09  3.96  4.24  3.64  4.72  4.78  3.97  3.41  2.49  2.06     3.42  2.23  3.77  4.38  3.29
 90   40     1.97  2.48  2.92  3.77  4.01  3.44  4.45  4.53  3.77  3.27  2.37  1.98     3.25  2.14  3.57  4.14  3.13
 90   50     1.86  2.33  2.75  3.53  3.74  3.20  4.14  4.23  3.52  3.10  2.25  1.87     3.04  2.02  3.34  3.86  2.96
 90   60     1.75  2.18  2.54  3.26  3.44  2.94  3.80  3.90  3.24  2.88  2.09  1.76     2.82  1.90  3.08  3.55  2.74
 90   70     1.62  1.99  2.31  2.98  3.12  2.66  3.45  3.56  2.97  2.68  1.94  1.62     2.57  1.74  2.81  3.22  2.53
 90   80     1.48  1.81  2.09  2.68  2.79  2.37  3.08  3.19  2.66  2.42  1.75  1.48     2.32  1.59  2.52  2.88  2.28
 90   90     1.33  1.61  1.84  2.38  2.47  2.10  2.71  2.83  2.36  2.19  1.58  1.33     2.06  1.42  2.23  2.54  2.04
105   10     2.06  2.67  3.24  4.17  4.52  3.90  5.06  5.06  4.18  3.48  2.52  2.08     3.58  2.27  3.98  4.67  3.40
105   20     1.96  2.54  3.10  4.04  4.40  3.80  4.91  4.90  4.01  3.33  2.37  1.95     3.44  2.15  3.85  4.54  3.23
105   30     1.85  2.39  2.93  3.85  4.20  3.63  4.69  4.68  3.78  3.14  2.22  1.81     3.26  2.02  3.66  4.33  3.05
105   40     1.72  2.23  2.73  3.63  3.95  3.42  4.41  4.40  3.54  2.93  2.06  1.68     3.06  1.88  3.44  4.07  2.84
105   50     1.60  2.07  2.52  3.37  3.66  3.18  4.08  4.08  3.27  2.73  1.90  1.56     2.83  1.74  3.19  3.78  2.63
105   60     1.48  1.90  2.31  3.09  3.36  2.91  3.73  3.73  2.99  2.52  1.74  1.43     2.60  1.60  2.92  3.46  2.41
105   70     1.35  1.73  2.10  2.81  3.04  2.63  3.38  3.39  2.69  2.30  1.59  1.31     2.36  1.46  2.65  3.13  2.19
105   80     1.24  1.56  1.88  2.53  2.72  2.35  3.02  3.05  2.43  2.09  1.43  1.18     2.12  1.33  2.38  2.81  1.98
105   90     1.11  1.40  1.68  2.25  2.40  2.07  2.66  2.70  2.15  1.88  1.29  1.07     1.89  1.19  2.11  2.48  1.77
120   10     1.99  2.60  3.18  4.13  4.51  3.90  5.06  5.03  4.12  3.38  2.43  1.99     3.53  2.19  3.94  4.66  3.31
120   20     1.82  2.41  3.00  3.96  4.37  3.79  4.90  4.84  3.88  3.13  2.19  1.78     3.34  2.00  3.77  4.51  3.07
120   30     1.65  2.20  2.77  3.73  4.15  3.62  4.65  4.56  3.60  2.87  1.96  1.58     3.11  1.81  3.55  4.28  2.81
120   40     1.49  1.99  2.54  3.47  3.87  3.40  4.34  4.23  3.30  2.60  1.74  1.41     2.87  1.63  3.29  3.99  2.55
120   50     1.36  1.80  2.30  3.18  3.56  3.13  3.99  3.87  2.99  2.35  1.56  1.26     2.61  1.47  3.01  3.66  2.30
120   60     1.23  1.63  2.07  2.88  3.23  2.85  3.61  3.50  2.69  2.12  1.41  1.13     2.36  1.33  2.73  3.32  2.07
120   70     1.12  1.47  1.86  2.59  2.91  2.56  3.24  3.14  2.41  1.92  1.27  1.03     2.13  1.21  2.45  2.98  1.87
120   80     1.02  1.32  1.67  2.32  2.59  2.28  2.88  2.81  2.14  1.74  1.15  0.94     1.91  1.09  2.19  2.66  1.68
120   90     0.93  1.20  1.48  2.07  2.29  2.01  2.54  2.50  1.91  1.56  1.04  0.86     1.70  0.99  1.95  2.35  1.50
135   10     1.93  2.54  3.14  4.10  4.50  3.90  5.05  5.01  4.07  3.30  2.35  1.91     3.48  2.13  3.92  4.65  3.24
135   20     1.69  2.28  2.90  3.90  4.34  3.79  4.88  4.77  3.77  2.96  2.03  1.63     3.25  1.87  3.71  4.48  2.92
135   30     1.47  2.01  2.62  3.62  4.10  3.61  4.62  4.44  3.43  2.61  1.72  1.37     2.97  1.62  3.45  4.22  2.59
135   40     1.27  1.76  2.34  3.30  3.79  3.37  4.27  4.06  3.06  2.27  1.47  1.16     2.68  1.40  3.14  3.90  2.27
135   50     1.13  1.55  2.07  2.96  3.44  3.08  3.87  3.64  2.69  1.98  1.27  1.01     2.39  1.23  2.82  3.53  1.98
135   60     1.02  1.38  1.83  2.64  3.07  2.77  3.44  3.22  2.36  1.74  1.12  0.91     2.13  1.10  2.51  3.14  1.74
135   70     0.94  1.24  1.63  2.34  2.72  2.46  3.04  2.84  2.08  1.56  1.01  0.83     1.89  1.00  2.23  2.78  1.55
135   80     0.86  1.12  1.46  2.08  2.40  2.17  2.67  2.50  1.85  1.41  0.93  0.77     1.69  0.92  1.98  2.45  1.39
135   90     0.79  1.03  1.30  1.85  2.12  1.91  2.34  2.21  1.65  1.28  0.86  0.71     1.51  0.85  1.76  2.16  1.26
150   10     1.88  2.49  3.10  4.08  4.50  3.90  5.05  4.99  4.03  3.23  2.28  1.85     3.45  2.07  3.89  4.65  3.18
150   20     1.59  2.18  2.82  3.84  4.33  3.79  4.88  4.72  3.69  2.82  1.89  1.50     3.17  1.76  3.66  4.46  2.80
150   30     1.31  1.85  2.50  3.52  4.07  3.61  4.60  4.36  3.28  2.38  1.52  1.18     2.85  1.45  3.36  4.19  2.39
150   40     1.09  1.56  2.16  3.15  3.73  3.36  4.23  3.91  2.84  1.96  1.21  0.95     2.51  1.20  3.02  3.83  2.00
150   50     0.96  1.32  1.85  2.76  3.33  3.05  3.78  3.41  2.41  1.61  1.01  0.83     2.19  1.04  2.65  3.41  1.68
150   60     0.89  1.17  1.59  2.38  2.90  2.70  3.27  2.92  2.03  1.38  0.91  0.78     1.91  0.95  2.29  2.96  1.44
150   70     0.83  1.07  1.41  2.06  2.50  2.34  2.79  2.49  1.76  1.24  0.85  0.74     1.67  0.88  1.99  2.54  1.28
150   80     0.78  1.00  1.27  1.82  2.17  2.04  2.40  2.17  1.56  1.14  0.81  0.70     1.49  0.83  1.75  2.20  1.17
150   90     0.73  0.92  1.16  1.63  1.91  1.78  2.09  1.92  1.41  1.06  0.76  0.66     1.34  0.77  1.56  1.93  1.08
165   10     1.84  2.46  3.08  4.06  4.50  3.90  5.05  4.97  4.01  3.19  2.24  1.81     3.43  2.04  3.88  4.64  3.14
165   20     1.51  2.11  2.77  3.80  4.33  3.79  4.88  4.70  3.63  2.72  1.80  1.41     3.12  1.68  3.63  4.46  2.72
165   30     1.20  1.74  2.42  3.47  4.06  3.61  4.60  4.32  3.19  2.21  1.37  1.05     2.77  1.33  3.32  4.17  2.26
165   40     0.96  1.38  2.03  3.06  3.72  3.36  4.22  3.84  2.69  1.71  1.00  0.83     2.40  1.06  2.94  3.81  1.80
165   50     0.91  1.14  1.66  2.61  3.31  3.05  3.76  3.30  2.17  1.29  0.90  0.81     2.08  0.95  2.52  3.37  1.46
165   60     0.87  1.06  1.38  2.13  2.84  2.69  3.23  2.69  1.72  1.10  0.87  0.77     1.78  0.90  2.12  2.87  1.23
165   70     0.83  1.01  1.24  1.77  2.33  2.30  2.64  2.12  1.46  1.04  0.83  0.74     1.53  0.86  1.78  2.35  1.11
165   80     0.78  0.95  1.16  1.57  1.93  1.90  2.11  1.80  1.33  1.00  0.80  0.70     1.34  0.81  1.55  1.94  1.04
165   90     0.72  0.89  1.08  1.43  1.70  1.65  1.83  1.62  1.24  0.96  0.76  0.66     1.21  0.76  1.40  1.70  0.98
180   10     1.83  2.45  3.07  4.05  4.50  3.91  5.05  4.97  4.00  3.17  2.23  1.79     3.42  2.02  3.88  4.64  3.13
180   20     1.49  2.08  2.76  3.79  4.33  3.80  4.87  4.68  3.63  2.68  1.76  1.38     3.10  1.65  3.63  4.45  2.69
180   30     1.15  1.69  2.39  3.44  4.07  3.62  4.59  4.30  3.17  2.14  1.30  1.00     2.74  1.28  3.30  4.17  2.21
180   40     0.95  1.30  1.99  3.04  3.73  3.37  4.21  3.82  2.66  1.58  0.93  0.83     2.37  1.03  2.92  3.80  1.73
180   50     0.91  1.11  1.55  2.57  3.32  3.06  3.75  3.27  2.10  1.10  0.90  0.81     2.04  0.94  2.48  3.36  1.37
180   60     0.87  1.06  1.26  2.07  2.85  2.70  3.22  2.66  1.52  1.06  0.87  0.77     1.74  0.90  2.06  2.86  1.15
180   70     0.83  1.01  1.20  1.58  2.34  2.31  2.64  2.01  1.29  1.02  0.83  0.74     1.48  0.86  1.71  2.32  1.05
180   80     0.78  0.95  1.13  1.43  1.84  1.89  2.01  1.61  1.23  0.99  0.80  0.70     1.28  0.81  1.47  1.83  1.00
180   90     0.72  0.89  1.06  1.33  1.63  1.60  1.70  1.47  1.18  0.95  0.76  0.66     1.16  0.76  1.34  1.59  0.96
             50.9  42.0  29.2  15.0   3.2  -0.6   0.9   9.8  24.2  40.3  50.2  54.8     25.3  49.3  15.2   3.9  37.7
             2.99  3.42  3.66  4.34  4.59  3.94  5.11  5.20  4.59  4.43  3.72  3.31     4.11  3.23  4.15  4.74  4.19
             2.77  3.31  3.65  4.29  4.37  3.69  4.78  5.06  4.59  4.31  3.44  2.97     3.94  3.02  4.10  4.51  4.11
             1.08  1.03  1.00  1.01  1.05  1.07  1.07  1.03  1.00  1.03  1.08  1.11     1.05  1.08  1.02  1.05  1.04
             1.29  1.19  1.09  1.01  0.95  0.93  0.93  0.98  1.06  1.20  1.29  1.35     1.11  1.28  1.02  0.95  1.18
temperature   8.8   9.6  12.4  16.4  19.9  23.2  26.9  27.5  25.1  20.4  15.6  10.7     18.0   9.7  16.2  25.9  20.4
diffusedrad  1.22  1.50  1.80  2.15  2.39  2.38  2.42  2.23  1.98  1.58  1.27  1.11     1.84  1.27  2.11  2.35  1.61
snow10cm     0.00  0.00  0.00  0.00  0.00  0.00  0.00  0.00  0.00  0.00  0.00  0.00     0.00  0.00  0.00  0.00  0.00
