1 88971   沖永良部        27 25.9  128 42.3   27
             2.18  2.63  3.30  4.25  4.76  5.02  6.25  5.74  5.02  3.95  2.81  2.30     4.02  2.37  4.10  5.67  3.93
             2.92  3.45  4.48  5.21  5.54  6.13  6.71  6.32  5.62  4.42  3.60  2.68     4.18  2.73  4.78  6.27  4.33
             1.68  1.85  2.33  3.65  3.99  3.88  5.33  4.92  3.91  3.29  2.11  1.93     3.81  1.92  3.73  5.00  3.47
  0   10     2.37  2.79  3.40  4.30  4.71  4.90  6.09  5.76  5.20  4.26  3.09  2.52     4.12  2.56  4.14  5.58  4.18
  0   20     2.51  2.90  3.46  4.27  4.57  4.71  5.82  5.64  5.28  4.48  3.31  2.72     4.14  2.71  4.10  5.39  4.36
  0   30     2.61  2.95  3.44  4.15  4.35  4.42  5.42  5.40  5.24  4.59  3.46  2.85     4.07  2.80  3.98  5.08  4.43
  0   40     2.65  2.94  3.36  3.95  4.05  4.07  4.94  5.05  5.07  4.60  3.53  2.92     3.93  2.84  3.79  4.69  4.40
  0   50     2.63  2.87  3.22  3.68  3.68  3.64  4.34  4.59  4.79  4.50  3.52  2.94     3.70  2.81  3.53  4.19  4.27
  0   60     2.56  2.75  3.01  3.34  3.25  3.15  3.65  4.03  4.40  4.30  3.43  2.88     3.40  2.73  3.20  3.61  4.04
  0   70     2.44  2.57  2.75  2.94  2.77  2.64  2.94  3.38  3.91  4.00  3.27  2.76     3.03  2.59  2.82  2.99  3.73
  0   80     2.27  2.35  2.44  2.50  2.27  2.12  2.20  2.70  3.34  3.61  3.03  2.59     2.62  2.40  2.40  2.34  3.33
  0   90     2.06  2.08  2.09  2.04  1.79  1.65  1.55  2.00  2.71  3.15  2.74  2.36     2.18  2.17  1.97  1.73  2.86
 15   10     2.36  2.78  3.40  4.30  4.71  4.90  6.09  5.75  5.18  4.25  3.08  2.51     4.11  2.55  4.14  5.58  4.17
 15   20     2.50  2.88  3.45  4.27  4.58  4.71  5.84  5.65  5.25  4.45  3.29  2.69     4.13  2.69  4.10  5.40  4.33
 15   30     2.58  2.93  3.44  4.15  4.36  4.44  5.46  5.42  5.21  4.55  3.44  2.82     4.07  2.78  3.98  5.11  4.39
 15   40     2.62  2.91  3.35  3.96  4.07  4.09  4.97  5.07  5.04  4.54  3.50  2.88     3.92  2.81  3.79  4.71  4.36
 15   50     2.60  2.84  3.20  3.68  3.70  3.67  4.40  4.62  4.76  4.43  3.49  2.89     3.69  2.77  3.53  4.23  4.22
 15   60     2.52  2.71  2.99  3.35  3.28  3.20  3.74  4.08  4.37  4.22  3.40  2.83     3.39  2.69  3.21  3.67  3.99
 15   70     2.40  2.53  2.73  2.96  2.82  2.71  3.06  3.47  3.90  3.92  3.23  2.71     3.04  2.55  2.84  3.08  3.68
 15   80     2.23  2.31  2.43  2.54  2.34  2.21  2.37  2.83  3.35  3.53  2.99  2.53     2.64  2.35  2.44  2.47  3.29
 15   90     2.01  2.04  2.09  2.10  1.89  1.75  1.74  2.18  2.75  3.07  2.69  2.30     2.22  2.12  2.02  1.89  2.84
 30   10     2.34  2.76  3.39  4.29  4.71  4.91  6.10  5.75  5.15  4.21  3.06  2.48     4.09  2.53  4.13  5.58  4.14
 30   20     2.46  2.85  3.42  4.26  4.59  4.73  5.87  5.65  5.21  4.38  3.24  2.64     4.11  2.65  4.09  5.42  4.28
 30   30     2.52  2.87  3.40  4.14  4.38  4.47  5.51  5.43  5.14  4.46  3.35  2.74     4.04  2.71  3.97  5.14  4.32
 30   40     2.54  2.85  3.31  3.95  4.10  4.15  5.08  5.12  4.97  4.43  3.40  2.78     3.89  2.72  3.79  4.78  4.26
 30   50     2.50  2.76  3.16  3.69  3.75  3.75  4.54  4.69  4.70  4.30  3.36  2.76     3.66  2.68  3.53  4.33  4.12
 30   60     2.42  2.63  2.94  3.37  3.36  3.32  3.96  4.21  4.32  4.09  3.25  2.69     3.38  2.58  3.23  3.83  3.89
 30   70     2.29  2.44  2.69  3.00  2.93  2.87  3.35  3.64  3.88  3.79  3.08  2.55     3.04  2.42  2.88  3.29  3.58
 30   80     2.11  2.21  2.39  2.61  2.50  2.41  2.73  3.08  3.37  3.41  2.84  2.37     2.67  2.23  2.50  2.74  3.21
 30   90     1.89  1.95  2.07  2.21  2.09  2.00  2.18  2.52  2.84  2.98  2.54  2.14     2.28  1.99  2.12  2.23  2.79
 45   10     2.31  2.73  3.36  4.28  4.71  4.91  6.11  5.74  5.11  4.16  3.01  2.44     4.07  2.49  4.12  5.59  4.09
 45   20     2.39  2.79  3.38  4.24  4.59  4.75  5.90  5.64  5.13  4.28  3.15  2.55     4.07  2.58  4.07  5.43  4.19
 45   30     2.43  2.79  3.34  4.12  4.39  4.51  5.59  5.44  5.05  4.32  3.22  2.62     3.98  2.61  3.95  5.18  4.20
 45   40     2.42  2.74  3.24  3.92  4.13  4.21  5.18  5.14  4.87  4.27  3.23  2.63     3.83  2.60  3.76  4.84  4.13
 45   50     2.37  2.64  3.08  3.67  3.81  3.85  4.72  4.77  4.59  4.13  3.18  2.58     3.62  2.53  3.52  4.45  3.97
 45   60     2.27  2.50  2.87  3.37  3.44  3.45  4.19  4.31  4.25  3.91  3.05  2.48     3.34  2.42  3.23  3.98  3.74
 45   70     2.13  2.31  2.62  3.03  3.06  3.03  3.64  3.83  3.83  3.62  2.87  2.34     3.03  2.26  2.90  3.50  3.44
 45   80     1.95  2.09  2.35  2.66  2.66  2.62  3.10  3.31  3.38  3.25  2.63  2.15     2.68  2.06  2.56  3.01  3.09
 45   90     1.74  1.84  2.05  2.30  2.27  2.23  2.59  2.80  2.91  2.87  2.35  1.93     2.32  1.84  2.21  2.54  2.71
 60   10     2.27  2.69  3.33  4.26  4.71  4.92  6.12  5.73  5.06  4.09  2.94  2.38     4.04  2.45  4.10  5.59  4.03
 60   20     2.31  2.71  3.33  4.20  4.59  4.78  5.93  5.62  5.03  4.15  3.03  2.45     4.01  2.49  4.04  5.44  4.07
 60   30     2.31  2.69  3.26  4.08  4.41  4.55  5.65  5.43  4.93  4.14  3.06  2.47     3.92  2.49  3.92  5.21  4.04
 60   40     2.28  2.62  3.15  3.88  4.15  4.27  5.29  5.15  4.73  4.05  3.02  2.44     3.75  2.44  3.73  4.90  3.93
 60   50     2.20  2.50  2.98  3.64  3.85  3.94  4.86  4.80  4.47  3.90  2.94  2.37     3.54  2.36  3.49  4.53  3.77
 60   60     2.08  2.35  2.78  3.36  3.52  3.57  4.40  4.40  4.13  3.67  2.81  2.25     3.28  2.23  3.22  4.12  3.54
 60   70     1.94  2.16  2.54  3.03  3.14  3.18  3.90  3.94  3.75  3.40  2.62  2.10     2.98  2.07  2.90  3.67  3.26
 60   80     1.76  1.95  2.28  2.70  2.78  2.79  3.39  3.48  3.34  3.07  2.40  1.92     2.66  1.88  2.59  3.22  2.94
 60   90     1.58  1.73  2.00  2.36  2.42  2.42  2.92  3.02  2.90  2.72  2.14  1.71     2.33  1.67  2.26  2.79  2.59
 75   10     2.22  2.65  3.30  4.24  4.70  4.93  6.13  5.71  5.00  4.00  2.87  2.32     4.01  2.40  4.08  5.59  3.96
 75   20     2.21  2.63  3.26  4.16  4.59  4.79  5.96  5.58  4.92  4.00  2.89  2.33     3.94  2.39  4.00  5.45  3.94
 75   30     2.18  2.57  3.17  4.02  4.41  4.59  5.70  5.39  4.77  3.93  2.86  2.30     3.82  2.35  3.87  5.22  3.85
 75   40     2.11  2.47  3.04  3.83  4.16  4.32  5.36  5.12  4.56  3.81  2.79  2.23     3.65  2.27  3.67  4.93  3.72
 75   50     2.02  2.34  2.86  3.58  3.87  4.00  4.96  4.78  4.27  3.62  2.67  2.13     3.42  2.16  3.44  4.58  3.52
 75   60     1.89  2.18  2.65  3.31  3.55  3.66  4.53  4.40  3.96  3.40  2.53  2.00     3.17  2.02  3.17  4.20  3.30
 75   70     1.75  2.00  2.43  3.00  3.21  3.29  4.08  4.00  3.60  3.12  2.34  1.85     2.89  1.87  2.88  3.79  3.02
 75   80     1.58  1.80  2.18  2.68  2.84  2.92  3.60  3.55  3.22  2.84  2.14  1.68     2.59  1.69  2.57  3.36  2.73
 75   90     1.41  1.60  1.94  2.37  2.50  2.56  3.14  3.13  2.84  2.51  1.91  1.49     2.28  1.50  2.27  2.94  2.42
 90   10     2.16  2.60  3.26  4.22  4.70  4.94  6.14  5.69  4.93  3.92  2.79  2.25     3.97  2.34  4.06  5.59  3.88
 90   20     2.11  2.54  3.19  4.11  4.58  4.81  5.97  5.54  4.79  3.83  2.74  2.20     3.87  2.28  3.96  5.44  3.79
 90   30     2.04  2.44  3.06  3.95  4.39  4.61  5.72  5.33  4.59  3.69  2.66  2.12     3.72  2.20  3.80  5.22  3.65
 90   40     1.94  2.32  2.90  3.75  4.15  4.34  5.39  5.04  4.35  3.52  2.54  2.02     3.52  2.09  3.60  4.93  3.47
 90   50     1.82  2.17  2.72  3.50  3.86  4.03  5.00  4.71  4.05  3.32  2.40  1.89     3.29  1.96  3.36  4.58  3.26
 90   60     1.69  2.01  2.52  3.21  3.54  3.70  4.58  4.32  3.72  3.07  2.24  1.76     3.03  1.82  3.09  4.20  3.01
 90   70     1.54  1.83  2.29  2.93  3.21  3.34  4.14  3.94  3.39  2.82  2.06  1.60     2.76  1.66  2.81  3.81  2.76
 90   80     1.40  1.65  2.06  2.62  2.86  2.98  3.69  3.53  3.03  2.55  1.87  1.45     2.48  1.50  2.52  3.40  2.48
 90   90     1.24  1.46  1.83  2.32  2.53  2.62  3.24  3.11  2.68  2.28  1.68  1.29     2.19  1.33  2.22  2.99  2.21
105   10     2.11  2.55  3.22  4.19  4.70  4.95  6.15  5.66  4.86  3.82  2.71  2.19     3.93  2.28  4.04  5.59  3.80
105   20     2.01  2.44  3.11  4.06  4.57  4.82  5.99  5.48  4.66  3.66  2.59  2.07     3.79  2.18  3.91  5.43  3.63
105   30     1.89  2.31  2.95  3.88  4.37  4.62  5.72  5.24  4.39  3.45  2.44  1.94     3.60  2.05  3.73  5.19  3.43
105   40     1.76  2.16  2.77  3.65  4.11  4.34  5.37  4.92  4.10  3.21  2.28  1.80     3.37  1.91  3.51  4.88  3.20
105   50     1.63  1.99  2.56  3.38  3.81  4.03  4.96  4.56  3.78  2.98  2.11  1.66     3.12  1.76  3.25  4.52  2.95
105   60     1.50  1.82  2.35  3.09  3.49  3.69  4.54  4.17  3.44  2.73  1.94  1.51     2.86  1.61  2.98  4.13  2.70
105   70     1.36  1.65  2.13  2.80  3.16  3.33  4.10  3.78  3.09  2.47  1.77  1.38     2.59  1.46  2.70  3.73  2.44
105   80     1.23  1.49  1.91  2.51  2.82  2.97  3.65  3.39  2.77  2.23  1.60  1.24     2.32  1.32  2.41  3.34  2.20
105   90     1.09  1.32  1.71  2.22  2.48  2.61  3.21  3.00  2.45  2.00  1.44  1.11     2.05  1.17  2.14  2.94  1.96
120   10     2.06  2.51  3.18  4.17  4.69  4.96  6.17  5.63  4.80  3.74  2.63  2.12     3.89  2.23  4.01  5.59  3.72
120   20     1.91  2.36  3.03  4.01  4.56  4.83  5.99  5.43  4.52  3.49  2.43  1.95     3.71  2.07  3.87  5.42  3.48
120   30     1.76  2.18  2.84  3.79  4.34  4.62  5.69  5.13  4.19  3.20  2.23  1.77     3.48  1.90  3.66  5.15  3.21
120   40     1.60  2.00  2.63  3.53  4.06  4.34  5.32  4.76  3.83  2.91  2.02  1.60     3.22  1.73  3.41  4.81  2.92
120   50     1.46  1.82  2.40  3.24  3.74  4.00  4.88  4.35  3.46  2.62  1.83  1.44     2.94  1.57  3.13  4.41  2.64
120   60     1.32  1.65  2.17  2.94  3.40  3.63  4.41  3.93  3.10  2.36  1.66  1.30     2.65  1.42  2.84  3.99  2.37
120   70     1.20  1.48  1.96  2.63  3.05  3.25  3.94  3.52  2.76  2.12  1.50  1.18     2.38  1.28  2.55  3.57  2.13
120   80     1.08  1.33  1.76  2.35  2.71  2.89  3.49  3.13  2.43  1.90  1.36  1.06     2.12  1.15  2.27  3.17  1.90
120   90     0.97  1.19  1.56  2.09  2.39  2.53  3.06  2.78  2.16  1.70  1.23  0.96     1.89  1.04  2.01  2.79  1.69
135   10     2.02  2.47  3.15  4.14  4.69  4.97  6.18  5.61  4.74  3.66  2.57  2.07     3.86  2.19  3.99  5.58  3.66
135   20     1.83  2.28  2.96  3.96  4.54  4.84  5.99  5.37  4.41  3.33  2.30  1.84     3.64  1.98  3.82  5.40  3.35
135   30     1.63  2.06  2.73  3.71  4.32  4.62  5.68  5.02  4.01  2.96  2.03  1.62     3.37  1.77  3.59  5.11  3.00
135   40     1.45  1.85  2.48  3.41  4.01  4.32  5.26  4.59  3.57  2.60  1.78  1.41     3.06  1.57  3.30  4.72  2.65
135   50     1.29  1.65  2.23  3.08  3.65  3.95  4.75  4.12  3.13  2.27  1.57  1.25     2.75  1.40  2.99  4.27  2.32
135   60     1.17  1.48  1.99  2.75  3.27  3.54  4.21  3.64  2.73  1.99  1.40  1.12     2.44  1.26  2.67  3.79  2.04
135   70     1.06  1.33  1.78  2.44  2.90  3.12  3.69  3.18  2.38  1.77  1.26  1.02     2.16  1.14  2.37  3.33  1.80
135   80     0.97  1.20  1.59  2.16  2.55  2.74  3.21  2.79  2.09  1.58  1.15  0.94     1.91  1.04  2.10  2.91  1.61
135   90     0.88  1.09  1.42  1.91  2.24  2.39  2.79  2.45  1.85  1.43  1.05  0.86     1.70  0.94  1.86  2.55  1.44
150   10     1.98  2.44  3.12  4.13  4.69  4.97  6.18  5.59  4.70  3.60  2.51  2.03     3.83  2.15  3.98  5.58  3.61
150   20     1.76  2.21  2.91  3.92  4.54  4.85  6.00  5.32  4.32  3.20  2.19  1.75     3.58  1.91  3.79  5.39  3.24
150   30     1.53  1.97  2.65  3.65  4.30  4.63  5.68  4.94  3.85  2.76  1.86  1.49     3.27  1.66  3.53  5.08  2.82
150   40     1.32  1.72  2.36  3.32  3.97  4.32  5.22  4.45  3.33  2.32  1.56  1.25     2.93  1.43  3.22  4.66  2.40
150   50     1.17  1.50  2.07  2.94  3.58  3.92  4.66  3.89  2.81  1.94  1.33  1.10     2.58  1.25  2.86  4.16  2.02
150   60     1.07  1.34  1.81  2.56  3.15  3.46  4.02  3.31  2.34  1.64  1.19  1.01     2.24  1.14  2.51  3.60  1.72
150   70     0.99  1.22  1.60  2.23  2.71  2.97  3.38  2.79  1.97  1.45  1.10  0.95     1.95  1.05  2.18  3.05  1.50
150   80     0.92  1.11  1.44  1.95  2.34  2.54  2.83  2.38  1.72  1.32  1.02  0.89     1.71  0.97  1.91  2.59  1.35
150   90     0.85  1.02  1.31  1.73  2.04  2.20  2.42  2.08  1.53  1.21  0.95  0.82     1.51  0.90  1.69  2.23  1.23
165   10     1.96  2.42  3.11  4.12  4.69  4.98  6.19  5.59  4.68  3.56  2.48  2.00     3.81  2.13  3.97  5.58  3.57
165   20     1.71  2.17  2.87  3.90  4.53  4.86  6.01  5.30  4.26  3.11  2.12  1.69     3.55  1.86  3.77  5.39  3.16
165   30     1.45  1.90  2.59  3.61  4.29  4.64  5.70  4.90  3.76  2.62  1.74  1.39     3.21  1.58  3.50  5.08  2.70
165   40     1.21  1.62  2.27  3.26  3.96  4.33  5.25  4.39  3.18  2.10  1.38  1.13     2.84  1.32  3.16  4.65  2.22
165   50     1.11  1.37  1.93  2.85  3.56  3.93  4.67  3.78  2.56  1.63  1.17  1.06     2.47  1.18  2.78  4.13  1.79
165   60     1.05  1.24  1.64  2.40  3.10  3.46  4.00  3.10  1.97  1.34  1.12  1.00     2.12  1.10  2.38  3.52  1.48
165   70     0.99  1.17  1.46  2.00  2.59  2.93  3.24  2.38  1.58  1.23  1.06  0.95     1.80  1.03  2.02  2.85  1.29
165   80     0.92  1.09  1.34  1.74  2.11  2.36  2.45  1.93  1.40  1.17  1.00  0.89     1.53  0.96  1.73  2.25  1.19
165   90     0.85  1.00  1.23  1.57  1.83  1.97  2.02  1.70  1.30  1.11  0.93  0.82     1.36  0.89  1.54  1.90  1.12
180   10     1.95  2.41  3.10  4.11  4.68  4.98  6.19  5.58  4.68  3.55  2.46  1.99     3.81  2.12  3.96  5.58  3.57
180   20     1.69  2.16  2.86  3.89  4.53  4.86  6.02  5.30  4.26  3.08  2.09  1.67     3.53  1.84  3.76  5.39  3.14
180   30     1.42  1.88  2.56  3.60  4.29  4.64  5.70  4.89  3.74  2.56  1.69  1.35     3.19  1.55  3.48  5.08  2.66
180   40     1.18  1.57  2.23  3.24  3.96  4.33  5.25  4.38  3.15  2.00  1.31  1.10     2.81  1.28  3.14  4.65  2.15
180   50     1.11  1.31  1.87  2.83  3.56  3.93  4.68  3.77  2.50  1.45  1.17  1.06     2.44  1.16  2.75  4.13  1.71
180   60     1.05  1.24  1.50  2.37  3.09  3.46  4.01  3.08  1.81  1.26  1.12  1.00     2.08  1.10  2.32  3.52  1.40
180   70     0.99  1.17  1.40  1.89  2.58  2.93  3.26  2.34  1.31  1.21  1.06  0.95     1.76  1.03  1.96  2.85  1.19
180   80     0.92  1.09  1.31  1.61  2.04  2.37  2.44  1.69  1.26  1.16  1.00  0.89     1.48  0.96  1.66  2.16  1.14
180   90     0.85  1.00  1.21  1.49  1.72  1.87  1.84  1.50  1.22  1.10  0.93  0.82     1.30  0.89  1.47  1.74  1.08
             42.2  33.6  23.1  11.1   1.1  -3.7  -3.4   6.4  21.5  35.7  43.9  46.6     17.5  40.9  10.5   0.0  32.1
             2.65  2.95  3.46  4.30  4.75  5.00  6.23  5.77  5.28  4.61  3.53  2.94     4.29  2.84  4.14  5.65  4.43
             2.48  2.87  3.45  4.29  4.62  4.76  5.90  5.68  5.27  4.43  3.26  2.67     4.14  2.68  4.12  5.45  4.32
             1.07  1.03  1.00  1.00  1.03  1.05  1.06  1.02  1.00  1.04  1.08  1.10     1.04  1.07  1.01  1.04  1.04
             1.14  1.09  1.05  1.01  0.97  0.95  0.94  0.99  1.05  1.12  1.16  1.16     1.05  1.13  1.01  0.96  1.11
temperature  16.2  16.3  18.0  20.4  23.0  25.7  28.4  28.4  27.4  24.8  21.7  18.2     22.4  16.9  20.5  27.5  24.6
diffusedrad  1.42  1.69  2.06  2.47  2.66  2.66  2.14  2.15  2.05  1.88  1.59  1.40     2.02  1.51  2.39  2.32  1.84
snow10cm     0.00  0.00  0.00  0.00  0.00  0.00  0.00  0.00  0.00  0.00  0.00  0.00     0.00  0.00  0.00  0.00  0.00
