1 91107   名護            26 35.6  127 57.9    6
             2.39  2.70  3.25  3.97  4.51  4.80  5.88  5.31  4.75  3.96  2.92  2.52     3.91  2.54  3.91  5.33  3.88
             3.07  3.82  4.13  4.97  5.33  5.88  6.63  6.05  5.31  4.43  3.62  3.10     4.11  2.97  4.51  5.88  4.19
             1.92  1.88  2.26  3.26  3.79  3.83  4.61  4.65  3.70  3.29  2.03  1.98     3.76  2.12  3.43  4.85  3.57
  0   10     2.61  2.86  3.35  4.01  4.46  4.69  5.73  5.31  4.91  4.23  3.21  2.81     4.01  2.76  3.94  5.25  4.12
  0   20     2.77  2.97  3.40  3.97  4.34  4.51  5.48  5.20  4.97  4.43  3.43  3.04     4.04  2.93  3.90  5.06  4.28
  0   30     2.88  3.02  3.38  3.86  4.13  4.24  5.12  4.98  4.91  4.52  3.58  3.21     3.98  3.04  3.79  4.78  4.34
  0   40     2.93  3.00  3.29  3.67  3.85  3.90  4.67  4.66  4.74  4.52  3.65  3.31     3.85  3.08  3.61  4.41  4.30
  0   50     2.92  2.93  3.14  3.42  3.50  3.50  4.11  4.24  4.46  4.41  3.63  3.33     3.63  3.06  3.36  3.95  4.17
  0   60     2.84  2.80  2.94  3.11  3.10  3.04  3.48  3.73  4.09  4.20  3.54  3.28     3.35  2.98  3.05  3.42  3.94
  0   70     2.71  2.62  2.68  2.74  2.65  2.56  2.84  3.16  3.64  3.89  3.37  3.15     3.00  2.83  2.69  2.85  3.63
  0   80     2.52  2.39  2.37  2.34  2.19  2.06  2.16  2.56  3.11  3.50  3.12  2.96     2.61  2.62  2.30  2.26  3.25
  0   90     2.28  2.11  2.04  1.92  1.74  1.63  1.57  1.93  2.53  3.04  2.81  2.70     2.19  2.36  1.90  1.71  2.79
 15   10     2.60  2.85  3.35  4.01  4.46  4.69  5.73  5.31  4.91  4.22  3.20  2.80     4.01  2.75  3.94  5.24  4.11
 15   20     2.75  2.95  3.39  3.97  4.34  4.51  5.50  5.21  4.96  4.41  3.42  3.03     4.04  2.91  3.90  5.07  4.26
 15   30     2.86  3.00  3.37  3.86  4.14  4.26  5.15  4.99  4.91  4.50  3.56  3.19     3.98  3.01  3.79  4.80  4.32
 15   40     2.90  2.98  3.28  3.67  3.86  3.92  4.69  4.67  4.75  4.49  3.62  3.28     3.84  3.05  3.60  4.43  4.29
 15   50     2.88  2.90  3.13  3.42  3.52  3.52  4.17  4.26  4.48  4.37  3.60  3.29     3.63  3.02  3.36  3.99  4.15
 15   60     2.80  2.77  2.92  3.11  3.12  3.08  3.56  3.78  4.12  4.16  3.50  3.23     3.35  2.93  3.05  3.47  3.92
 15   70     2.66  2.58  2.66  2.76  2.70  2.61  2.93  3.23  3.68  3.85  3.33  3.10     3.01  2.78  2.71  2.93  3.62
 15   80     2.47  2.35  2.36  2.37  2.25  2.15  2.30  2.65  3.17  3.46  3.08  2.90     2.63  2.57  2.33  2.37  3.24
 15   90     2.23  2.07  2.02  1.97  1.83  1.72  1.73  2.08  2.62  3.00  2.76  2.64     2.22  2.31  1.94  1.84  2.79
 30   10     2.57  2.83  3.34  4.00  4.46  4.70  5.74  5.30  4.89  4.19  3.17  2.77     4.00  2.72  3.93  5.25  4.08
 30   20     2.71  2.91  3.37  3.96  4.35  4.53  5.52  5.21  4.94  4.35  3.36  2.97     4.01  2.86  3.89  5.09  4.22
 30   30     2.79  2.94  3.33  3.84  4.15  4.28  5.19  5.00  4.88  4.42  3.47  3.10     3.95  2.94  3.77  4.82  4.26
 30   40     2.81  2.91  3.24  3.66  3.89  3.97  4.79  4.71  4.72  4.38  3.51  3.16     3.81  2.96  3.60  4.49  4.21
 30   50     2.77  2.82  3.09  3.42  3.56  3.60  4.29  4.32  4.47  4.25  3.47  3.16     3.60  2.92  3.35  4.07  4.06
 30   60     2.68  2.68  2.87  3.12  3.19  3.19  3.75  3.88  4.12  4.03  3.36  3.08     3.33  2.81  3.06  3.61  3.84
 30   70     2.53  2.48  2.62  2.78  2.79  2.76  3.19  3.37  3.72  3.73  3.17  2.94     3.01  2.65  2.73  3.11  3.54
 30   80     2.33  2.25  2.33  2.42  2.39  2.33  2.62  2.86  3.24  3.34  2.92  2.73     2.65  2.44  2.38  2.61  3.17
 30   90     2.09  1.98  2.02  2.06  2.00  1.94  2.11  2.35  2.75  2.91  2.61  2.47     2.27  2.18  2.02  2.13  2.76
 45   10     2.53  2.80  3.31  3.99  4.46  4.70  5.75  5.30  4.87  4.14  3.12  2.72     3.98  2.68  3.92  5.25  4.04
 45   20     2.63  2.86  3.33  3.94  4.35  4.55  5.55  5.20  4.89  4.26  3.26  2.87     3.97  2.79  3.87  5.10  4.14
 45   30     2.68  2.86  3.28  3.82  4.16  4.32  5.26  5.01  4.83  4.28  3.34  2.96     3.90  2.83  3.75  4.86  4.15
 45   40     2.67  2.80  3.17  3.64  3.91  4.03  4.87  4.72  4.67  4.23  3.35  2.99     3.75  2.82  3.57  4.54  4.08
 45   50     2.61  2.70  3.02  3.40  3.61  3.69  4.45  4.38  4.42  4.08  3.28  2.96     3.55  2.76  3.34  4.17  3.93
 45   60     2.50  2.55  2.81  3.12  3.26  3.31  3.96  3.96  4.11  3.85  3.15  2.86     3.29  2.64  3.06  3.74  3.70
 45   70     2.35  2.35  2.56  2.81  2.90  2.91  3.44  3.52  3.72  3.56  2.96  2.70     2.98  2.47  2.76  3.29  3.41
 45   80     2.15  2.13  2.29  2.47  2.53  2.52  2.94  3.06  3.30  3.20  2.71  2.50     2.65  2.26  2.43  2.84  3.07
 45   90     1.92  1.87  2.00  2.13  2.17  2.15  2.47  2.60  2.86  2.81  2.41  2.24     2.30  2.01  2.10  2.41  2.69
 60   10     2.48  2.76  3.29  3.98  4.46  4.71  5.76  5.29  4.83  4.08  3.06  2.66     3.94  2.63  3.91  5.25  3.99
 60   20     2.54  2.78  3.27  3.91  4.35  4.57  5.58  5.18  4.82  4.13  3.14  2.75     3.92  2.69  3.85  5.11  4.03
 60   30     2.54  2.75  3.20  3.79  4.17  4.36  5.32  5.00  4.74  4.12  3.17  2.79     3.83  2.69  3.72  4.89  4.01
 60   40     2.51  2.68  3.09  3.61  3.93  4.08  4.97  4.73  4.57  4.01  3.13  2.78     3.67  2.65  3.54  4.60  3.90
 60   50     2.42  2.55  2.92  3.37  3.65  3.77  4.57  4.40  4.34  3.86  3.04  2.71     3.47  2.56  3.31  4.25  3.75
 60   60     2.30  2.40  2.72  3.11  3.33  3.42  4.14  4.03  4.04  3.62  2.90  2.59     3.22  2.43  3.05  3.86  3.52
 60   70     2.14  2.21  2.48  2.80  2.98  3.05  3.67  3.62  3.69  3.35  2.70  2.43     2.93  2.26  2.75  3.45  3.25
 60   80     1.94  1.99  2.23  2.50  2.63  2.67  3.20  3.19  3.31  3.02  2.47  2.23     2.62  2.06  2.45  3.02  2.93
 60   90     1.74  1.76  1.95  2.18  2.29  2.32  2.75  2.77  2.90  2.67  2.20  2.00     2.30  1.83  2.14  2.62  2.59
 75   10     2.43  2.72  3.25  3.96  4.46  4.72  5.77  5.27  4.78  4.00  2.98  2.58     3.91  2.58  3.89  5.25  3.92
 75   20     2.43  2.69  3.21  3.88  4.35  4.59  5.60  5.15  4.74  3.99  3.00  2.61     3.85  2.58  3.81  5.12  3.91
 75   30     2.39  2.63  3.12  3.74  4.18  4.39  5.36  4.96  4.62  3.91  2.97  2.59     3.74  2.54  3.68  4.90  3.83
 75   40     2.32  2.53  2.98  3.56  3.94  4.13  5.04  4.71  4.44  3.78  2.90  2.53     3.57  2.46  3.49  4.63  3.71
 75   50     2.21  2.40  2.81  3.32  3.66  3.82  4.66  4.39  4.19  3.58  2.77  2.44     3.36  2.35  3.27  4.29  3.52
 75   60     2.07  2.23  2.60  3.06  3.36  3.50  4.25  4.04  3.91  3.37  2.62  2.31     3.11  2.20  3.01  3.93  3.30
 75   70     1.92  2.05  2.38  2.78  3.03  3.15  3.83  3.66  3.59  3.08  2.42  2.14     2.84  2.04  2.73  3.54  3.03
 75   80     1.74  1.84  2.13  2.48  2.69  2.79  3.38  3.25  3.23  2.80  2.21  1.96     2.54  1.85  2.43  3.14  2.75
 75   90     1.55  1.63  1.89  2.19  2.37  2.44  2.94  2.86  2.87  2.48  1.97  1.75     2.25  1.64  2.15  2.75  2.44
 90   10     2.37  2.67  3.21  3.94  4.46  4.73  5.78  5.25  4.72  3.91  2.90  2.50     3.87  2.51  3.87  5.26  3.85
 90   20     2.31  2.60  3.14  3.84  4.35  4.61  5.62  5.12  4.63  3.83  2.85  2.46     3.78  2.46  3.77  5.12  3.77
 90   30     2.23  2.50  3.02  3.68  4.17  4.41  5.38  4.91  4.47  3.68  2.76  2.38     3.63  2.37  3.63  4.90  3.64
 90   40     2.12  2.37  2.86  3.49  3.94  4.16  5.07  4.65  4.27  3.50  2.63  2.28     3.44  2.26  3.43  4.63  3.47
 90   50     1.99  2.21  2.68  3.25  3.66  3.86  4.70  4.33  4.01  3.30  2.49  2.15     3.22  2.12  3.20  4.30  3.27
 90   60     1.85  2.05  2.47  2.99  3.36  3.54  4.30  3.97  3.71  3.05  2.31  2.01     2.97  1.97  2.94  3.94  3.02
 90   70     1.69  1.87  2.25  2.72  3.04  3.20  3.89  3.62  3.41  2.80  2.13  1.85     2.70  1.80  2.67  3.57  2.78
 90   80     1.53  1.68  2.02  2.43  2.71  2.85  3.47  3.24  3.08  2.52  1.93  1.69     2.43  1.63  2.39  3.18  2.51
 90   90     1.36  1.49  1.79  2.14  2.39  2.50  3.04  2.85  2.74  2.25  1.73  1.50     2.15  1.45  2.11  2.80  2.24
105   10     2.30  2.62  3.18  3.92  4.46  4.74  5.79  5.24  4.67  3.82  2.82  2.42     3.83  2.45  3.85  5.26  3.77
105   20     2.20  2.51  3.07  3.79  4.34  4.62  5.64  5.07  4.52  3.66  2.69  2.30     3.70  2.34  3.73  5.11  3.62
105   30     2.07  2.37  2.92  3.62  4.15  4.42  5.39  4.84  4.30  3.45  2.53  2.16     3.52  2.20  3.56  4.88  3.43
105   40     1.92  2.21  2.73  3.41  3.91  4.16  5.06  4.55  4.05  3.21  2.37  2.02     3.30  2.05  3.35  4.59  3.21
105   50     1.78  2.04  2.53  3.16  3.62  3.86  4.68  4.22  3.77  2.97  2.19  1.87     3.06  1.90  3.10  4.25  2.98
105   60     1.63  1.86  2.32  2.89  3.31  3.54  4.28  3.85  3.47  2.72  2.01  1.71     2.80  1.74  2.84  3.89  2.73
105   70     1.48  1.69  2.11  2.61  3.00  3.19  3.86  3.48  3.15  2.46  1.84  1.57     2.54  1.58  2.57  3.51  2.48
105   80     1.33  1.52  1.88  2.34  2.67  2.84  3.44  3.12  2.85  2.22  1.65  1.42     2.27  1.42  2.30  3.13  2.24
105   90     1.19  1.35  1.68  2.07  2.36  2.50  3.02  2.76  2.55  1.98  1.49  1.28     2.02  1.27  2.04  2.76  2.01
120   10     2.25  2.57  3.14  3.90  4.46  4.75  5.80  5.21  4.61  3.74  2.74  2.35     3.79  2.39  3.83  5.26  3.70
120   20     2.08  2.42  3.00  3.75  4.33  4.63  5.64  5.03  4.39  3.49  2.53  2.15     3.62  2.22  3.69  5.10  3.47
120   30     1.91  2.24  2.81  3.56  4.13  4.43  5.38  4.76  4.12  3.21  2.31  1.96     3.40  2.03  3.50  4.86  3.21
120   40     1.74  2.05  2.60  3.31  3.87  4.16  5.02  4.43  3.82  2.92  2.10  1.77     3.15  1.85  3.26  4.54  2.94
120   50     1.57  1.86  2.38  3.04  3.57  3.84  4.62  4.06  3.49  2.63  1.90  1.60     2.88  1.68  3.00  4.17  2.67
120   60     1.42  1.69  2.15  2.76  3.24  3.49  4.18  3.66  3.17  2.36  1.72  1.44     2.61  1.51  2.72  3.78  2.41
120   70     1.29  1.52  1.94  2.48  2.91  3.13  3.73  3.28  2.85  2.12  1.55  1.31     2.34  1.37  2.44  3.38  2.17
120   80     1.16  1.36  1.74  2.21  2.59  2.77  3.31  2.92  2.54  1.90  1.40  1.19     2.09  1.23  2.18  3.00  1.95
120   90     1.04  1.22  1.54  1.96  2.27  2.44  2.90  2.58  2.28  1.69  1.26  1.08     1.86  1.11  1.93  2.64  1.74
135   10     2.20  2.53  3.11  3.88  4.46  4.76  5.82  5.20  4.55  3.67  2.67  2.28     3.76  2.34  3.81  5.26  3.63
135   20     1.98  2.34  2.94  3.72  4.32  4.64  5.65  4.99  4.28  3.34  2.39  2.02     3.55  2.11  3.66  5.09  3.34
135   30     1.76  2.12  2.71  3.49  4.11  4.44  5.37  4.68  3.95  2.98  2.11  1.77     3.29  1.88  3.44  4.83  3.01
135   40     1.56  1.90  2.47  3.22  3.83  4.15  4.98  4.30  3.57  2.62  1.85  1.54     3.00  1.66  3.17  4.48  2.68
135   50     1.38  1.69  2.22  2.92  3.50  3.80  4.52  3.87  3.19  2.29  1.62  1.35     2.70  1.48  2.88  4.06  2.37
135   60     1.24  1.51  1.99  2.61  3.14  3.41  4.02  3.43  2.82  2.01  1.44  1.21     2.40  1.32  2.58  3.62  2.09
135   70     1.13  1.36  1.77  2.32  2.78  3.02  3.52  3.01  2.49  1.77  1.30  1.11     2.13  1.20  2.29  3.18  1.86
135   80     1.03  1.22  1.58  2.05  2.45  2.65  3.07  2.64  2.21  1.58  1.19  1.01     1.89  1.09  2.03  2.79  1.66
135   90     0.94  1.11  1.41  1.81  2.15  2.31  2.67  2.32  1.98  1.43  1.09  0.93     1.68  0.99  1.79  2.43  1.50
150   10     2.16  2.50  3.09  3.86  4.45  4.76  5.83  5.18  4.51  3.61  2.61  2.22     3.73  2.29  3.80  5.26  3.58
150   20     1.90  2.27  2.88  3.69  4.32  4.65  5.66  4.95  4.19  3.22  2.28  1.91     3.49  2.03  3.63  5.09  3.23
150   30     1.64  2.02  2.63  3.44  4.09  4.45  5.37  4.62  3.79  2.79  1.94  1.60     3.20  1.75  3.39  4.81  2.84
150   40     1.40  1.76  2.36  3.14  3.80  4.15  4.96  4.19  3.34  2.35  1.62  1.33     2.87  1.50  3.10  4.43  2.44
150   50     1.23  1.54  2.07  2.81  3.44  3.78  4.45  3.70  2.88  1.96  1.38  1.15     2.53  1.30  2.77  3.98  2.07
150   60     1.12  1.36  1.82  2.46  3.03  3.35  3.86  3.17  2.45  1.66  1.23  1.05     2.21  1.18  2.44  3.46  1.78
150   70     1.04  1.23  1.61  2.14  2.63  2.89  3.27  2.70  2.10  1.46  1.13  0.99     1.93  1.09  2.13  2.95  1.56
150   80     0.96  1.13  1.44  1.88  2.27  2.48  2.75  2.31  1.85  1.33  1.05  0.92     1.70  1.01  1.86  2.51  1.41
150   90     0.89  1.04  1.30  1.67  1.98  2.14  2.35  2.02  1.66  1.22  0.98  0.86     1.51  0.93  1.65  2.17  1.29
165   10     2.13  2.48  3.07  3.86  4.45  4.77  5.83  5.18  4.49  3.57  2.58  2.19     3.72  2.27  3.79  5.26  3.55
165   20     1.85  2.23  2.85  3.67  4.31  4.66  5.68  4.94  4.13  3.14  2.20  1.83     3.46  1.97  3.61  5.09  3.16
165   30     1.55  1.95  2.58  3.41  4.09  4.46  5.39  4.59  3.69  2.65  1.81  1.48     3.14  1.66  3.36  4.81  2.72
165   40     1.28  1.66  2.27  3.10  3.79  4.17  4.98  4.14  3.18  2.14  1.44  1.18     2.78  1.37  3.05  4.43  2.25
165   50     1.15  1.40  1.95  2.73  3.43  3.80  4.47  3.61  2.63  1.67  1.20  1.08     2.43  1.21  2.70  3.96  1.83
165   60     1.09  1.26  1.66  2.33  3.00  3.36  3.86  3.01  2.09  1.36  1.14  1.03     2.10  1.13  2.33  3.41  1.53
165   70     1.03  1.18  1.47  1.96  2.53  2.87  3.17  2.38  1.72  1.24  1.08  0.98     1.80  1.06  1.99  2.81  1.35
165   80     0.96  1.10  1.34  1.71  2.08  2.34  2.44  1.94  1.52  1.18  1.02  0.92     1.54  0.99  1.71  2.24  1.24
165   90     0.89  1.02  1.23  1.53  1.80  1.94  2.01  1.70  1.41  1.12  0.96  0.85     1.37  0.92  1.52  1.88  1.16
180   10     2.12  2.48  3.07  3.85  4.45  4.77  5.83  5.18  4.48  3.56  2.56  2.17     3.71  2.26  3.79  5.26  3.53
180   20     1.83  2.22  2.84  3.66  4.31  4.66  5.68  4.94  4.11  3.11  2.17  1.81     3.44  1.95  3.61  5.09  3.13
180   30     1.52  1.93  2.56  3.40  4.09  4.46  5.40  4.59  3.65  2.60  1.76  1.44     3.12  1.63  3.35  4.82  2.67
180   40     1.23  1.61  2.24  3.09  3.79  4.17  5.00  4.14  3.13  2.05  1.36  1.13     2.74  1.33  3.04  4.43  2.18
180   50     1.15  1.33  1.89  2.72  3.42  3.80  4.48  3.61  2.54  1.50  1.20  1.08     2.39  1.19  2.68  3.96  1.75
180   60     1.09  1.26  1.53  2.31  3.00  3.36  3.87  3.01  1.92  1.27  1.14  1.03     2.07  1.13  2.28  3.42  1.44
180   70     1.03  1.18  1.41  1.88  2.53  2.87  3.19  2.36  1.41  1.22  1.08  0.98     1.76  1.06  1.94  2.81  1.24
180   80     0.96  1.10  1.32  1.60  2.03  2.34  2.45  1.74  1.34  1.17  1.02  0.92     1.50  0.99  1.65  2.18  1.18
180   90     0.89  1.02  1.22  1.47  1.70  1.85  1.86  1.54  1.28  1.11  0.96  0.85     1.31  0.92  1.46  1.75  1.12
             42.9  33.2  22.0  10.1   0.7  -4.0  -3.8   5.6  19.8  34.3  43.4  47.9     18.1  41.9   9.9  -0.7  31.4
             2.93  3.02  3.40  4.01  4.50  4.79  5.86  5.32  4.97  4.53  3.65  3.33     4.19  3.08  3.94  5.31  4.34
             2.74  2.95  3.39  3.99  4.37  4.55  5.54  5.23  4.96  4.40  3.39  3.01     4.04  2.90  3.92  5.11  4.25
             1.07  1.02  1.00  1.01  1.03  1.05  1.06  1.02  1.00  1.03  1.08  1.11     1.04  1.07  1.01  1.04  1.04
             1.15  1.09  1.04  1.01  0.97  0.95  0.94  0.98  1.04  1.11  1.16  1.19     1.05  1.14  1.01  0.96  1.11
temperature  16.0  16.3  18.2  20.8  23.5  26.5  28.7  28.4  27.2  24.6  21.4  17.8     22.5  16.7  20.8  27.9  24.4
diffusedrad  1.50  1.72  2.06  2.44  2.66  2.67  2.34  2.34  2.15  1.91  1.63  1.45     2.07  1.56  2.38  2.45  1.90
snow10cm     0.00  0.00  0.00  0.00  0.00  0.00  0.00  0.00  0.00  0.00  0.00  0.00     0.00  0.00  0.00  0.00  0.00
