1 91197   那覇            26 12.4  127 41.1   28
             2.42  2.78  3.38  4.14  4.62  4.99  5.82  5.29  4.70  3.91  2.97  2.53     3.96  2.58  4.05  5.37  3.86
             2.93  3.71  4.11  5.10  5.78  5.98  6.53  6.22  5.49  4.50  3.63  3.08     4.30  2.98  4.82  6.07  4.40
             2.01  1.85  2.20  3.19  3.77  3.79  4.82  4.71  3.30  3.26  2.35  2.02     3.70  2.11  3.44  4.63  3.49
  0   10     2.64  2.94  3.48  4.18  4.57  4.86  5.67  5.29  4.86  4.17  3.25  2.81     4.06  2.80  4.08  5.28  4.09
  0   20     2.80  3.05  3.53  4.14  4.43  4.67  5.42  5.18  4.91  4.36  3.48  3.04     4.09  2.97  4.04  5.09  4.25
  0   30     2.91  3.10  3.51  4.02  4.21  4.38  5.07  4.95  4.84  4.45  3.62  3.21     4.02  3.07  3.92  4.80  4.30
  0   40     2.95  3.09  3.42  3.82  3.92  4.03  4.62  4.63  4.67  4.44  3.69  3.30     3.88  3.11  3.72  4.42  4.27
  0   50     2.94  3.02  3.27  3.56  3.56  3.59  4.07  4.21  4.40  4.32  3.67  3.31     3.66  3.09  3.46  3.96  4.13
  0   60     2.86  2.88  3.05  3.22  3.14  3.11  3.45  3.70  4.03  4.11  3.57  3.26     3.37  3.00  3.14  3.42  3.91
  0   70     2.72  2.69  2.78  2.84  2.68  2.60  2.81  3.13  3.58  3.81  3.40  3.13     3.01  2.85  2.77  2.85  3.60
  0   80     2.53  2.45  2.46  2.41  2.20  2.09  2.15  2.53  3.06  3.43  3.15  2.93     2.62  2.64  2.36  2.25  3.21
  0   90     2.28  2.17  2.10  1.97  1.74  1.64  1.57  1.90  2.49  2.97  2.83  2.67     2.19  2.37  1.94  1.70  2.76
 15   10     2.63  2.93  3.48  4.18  4.57  4.86  5.67  5.29  4.85  4.16  3.25  2.81     4.06  2.79  4.08  5.28  4.09
 15   20     2.79  3.04  3.52  4.14  4.44  4.67  5.44  5.18  4.90  4.34  3.46  3.02     4.08  2.95  4.04  5.10  4.24
 15   30     2.88  3.08  3.50  4.02  4.22  4.40  5.10  4.97  4.84  4.43  3.60  3.18     4.02  3.05  3.92  4.82  4.29
 15   40     2.92  3.06  3.41  3.82  3.93  4.04  4.64  4.64  4.68  4.41  3.66  3.26     3.87  3.08  3.72  4.44  4.25
 15   50     2.90  2.98  3.25  3.56  3.58  3.63  4.12  4.24  4.41  4.29  3.64  3.27     3.65  3.05  3.46  4.00  4.11
 15   60     2.81  2.84  3.03  3.23  3.17  3.15  3.52  3.75  4.05  4.08  3.53  3.21     3.37  2.96  3.15  3.48  3.89
 15   70     2.67  2.65  2.76  2.86  2.73  2.67  2.90  3.20  3.62  3.77  3.35  3.08     3.02  2.80  2.78  2.92  3.58
 15   80     2.48  2.41  2.45  2.45  2.27  2.18  2.29  2.63  3.11  3.39  3.10  2.88     2.63  2.59  2.39  2.36  3.20
 15   90     2.23  2.12  2.09  2.03  1.84  1.74  1.72  2.05  2.57  2.93  2.78  2.61     2.23  2.32  1.99  1.84  2.76
 30   10     2.61  2.91  3.47  4.17  4.57  4.87  5.68  5.28  4.84  4.13  3.22  2.77     4.04  2.76  4.07  5.28  4.06
 30   20     2.74  3.00  3.50  4.13  4.45  4.69  5.47  5.18  4.88  4.29  3.40  2.96     4.06  2.90  4.03  5.11  4.19
 30   30     2.81  3.02  3.46  4.01  4.24  4.43  5.14  4.97  4.81  4.34  3.52  3.09     3.99  2.98  3.90  4.84  4.22
 30   40     2.83  2.99  3.37  3.82  3.97  4.10  4.74  4.68  4.66  4.30  3.55  3.15     3.85  2.99  3.72  4.50  4.17
 30   50     2.79  2.90  3.21  3.56  3.63  3.71  4.25  4.29  4.40  4.17  3.51  3.14     3.63  2.94  3.46  4.08  4.03
 30   60     2.69  2.75  2.98  3.25  3.25  3.28  3.71  3.85  4.05  3.96  3.39  3.06     3.35  2.83  3.16  3.61  3.80
 30   70     2.54  2.55  2.72  2.89  2.84  2.83  3.16  3.35  3.65  3.65  3.20  2.91     3.02  2.67  2.82  3.11  3.50
 30   80     2.34  2.31  2.41  2.51  2.42  2.38  2.60  2.83  3.18  3.27  2.94  2.71     2.66  2.45  2.45  2.61  3.13
 30   90     2.10  2.03  2.09  2.13  2.02  1.98  2.10  2.33  2.70  2.85  2.62  2.44     2.28  2.19  2.08  2.13  2.72
 45   10     2.57  2.88  3.44  4.17  4.57  4.88  5.69  5.28  4.81  4.09  3.17  2.73     4.02  2.72  4.06  5.28  4.02
 45   20     2.66  2.94  3.46  4.11  4.45  4.71  5.49  5.17  4.83  4.19  3.31  2.87     4.02  2.82  4.01  5.13  4.11
 45   30     2.71  2.94  3.41  3.99  4.25  4.47  5.20  4.98  4.76  4.21  3.38  2.96     3.94  2.87  3.88  4.89  4.12
 45   40     2.70  2.88  3.30  3.79  4.00  4.16  4.82  4.70  4.60  4.16  3.38  2.98     3.79  2.85  3.69  4.56  4.05
 45   50     2.63  2.78  3.13  3.55  3.69  3.81  4.40  4.35  4.36  4.00  3.32  2.94     3.58  2.78  3.46  4.19  3.89
 45   60     2.52  2.62  2.92  3.25  3.33  3.41  3.91  3.94  4.04  3.78  3.17  2.84     3.31  2.66  3.16  3.75  3.67
 45   70     2.36  2.42  2.66  2.92  2.95  2.99  3.40  3.49  3.66  3.49  2.98  2.69     3.00  2.49  2.84  3.29  3.38
 45   80     2.16  2.19  2.37  2.57  2.57  2.59  2.91  3.03  3.24  3.13  2.73  2.48     2.66  2.27  2.50  2.84  3.04
 45   90     1.93  1.92  2.07  2.21  2.20  2.21  2.45  2.58  2.81  2.75  2.43  2.22     2.31  2.02  2.16  2.41  2.66
 60   10     2.52  2.84  3.42  4.15  4.57  4.89  5.70  5.27  4.78  4.02  3.10  2.66     3.99  2.67  4.04  5.29  3.97
 60   20     2.57  2.86  3.40  4.08  4.45  4.74  5.52  5.16  4.76  4.07  3.19  2.75     3.96  2.73  3.98  5.14  4.01
 60   30     2.57  2.83  3.33  3.95  4.27  4.51  5.26  4.97  4.68  4.05  3.21  2.79     3.87  2.73  3.85  4.92  3.98
 60   40     2.53  2.75  3.21  3.76  4.02  4.23  4.92  4.71  4.51  3.95  3.17  2.77     3.71  2.69  3.66  4.62  3.88
 60   50     2.44  2.63  3.03  3.52  3.73  3.89  4.51  4.38  4.28  3.79  3.08  2.70     3.50  2.59  3.43  4.26  3.72
 60   60     2.32  2.47  2.83  3.24  3.40  3.53  4.09  4.01  3.98  3.56  2.92  2.58     3.24  2.46  3.15  3.88  3.49
 60   70     2.15  2.27  2.57  2.92  3.04  3.15  3.63  3.59  3.63  3.29  2.73  2.42     2.95  2.28  2.85  3.46  3.21
 60   80     1.96  2.05  2.31  2.60  2.68  2.76  3.16  3.17  3.25  2.96  2.49  2.22     2.63  2.07  2.53  3.03  2.90
 60   90     1.75  1.80  2.03  2.27  2.34  2.39  2.72  2.76  2.85  2.62  2.22  1.99     2.31  1.85  2.21  2.62  2.56
 75   10     2.46  2.79  3.38  4.13  4.57  4.90  5.72  5.26  4.73  3.94  3.02  2.59     3.96  2.62  4.03  5.29  3.90
 75   20     2.46  2.77  3.34  4.05  4.45  4.76  5.55  5.13  4.68  3.93  3.04  2.61     3.90  2.62  3.95  5.15  3.89
 75   30     2.42  2.71  3.24  3.90  4.27  4.55  5.30  4.95  4.56  3.85  3.01  2.60     3.78  2.58  3.81  4.93  3.81
 75   40     2.34  2.60  3.10  3.71  4.03  4.28  4.99  4.69  4.39  3.72  2.93  2.53     3.61  2.49  3.62  4.65  3.68
 75   50     2.24  2.46  2.92  3.47  3.75  3.96  4.61  4.37  4.14  3.53  2.80  2.43     3.39  2.38  3.38  4.32  3.49
 75   60     2.09  2.29  2.70  3.20  3.44  3.62  4.21  4.02  3.86  3.31  2.65  2.30     3.14  2.23  3.11  3.95  3.27
 75   70     1.94  2.10  2.47  2.90  3.10  3.26  3.79  3.64  3.53  3.03  2.44  2.13     2.86  2.06  2.83  3.56  3.00
 75   80     1.75  1.89  2.22  2.59  2.75  2.89  3.35  3.24  3.18  2.75  2.23  1.95     2.56  1.86  2.52  3.16  2.72
 75   90     1.56  1.68  1.96  2.28  2.42  2.52  2.91  2.84  2.83  2.43  1.98  1.74     2.26  1.66  2.22  2.76  2.41
 90   10     2.40  2.74  3.34  4.11  4.57  4.91  5.73  5.24  4.68  3.86  2.94  2.51     3.92  2.55  4.01  5.29  3.83
 90   20     2.35  2.67  3.27  4.01  4.45  4.78  5.57  5.10  4.58  3.77  2.89  2.46     3.83  2.50  3.91  5.15  3.75
 90   30     2.26  2.57  3.14  3.85  4.27  4.58  5.33  4.89  4.42  3.63  2.80  2.39     3.68  2.41  3.75  4.93  3.62
 90   40     2.15  2.44  2.97  3.64  4.03  4.31  5.02  4.63  4.22  3.46  2.67  2.28     3.49  2.29  3.55  4.66  3.45
 90   50     2.02  2.28  2.79  3.40  3.74  4.00  4.66  4.32  3.96  3.25  2.52  2.15     3.26  2.15  3.31  4.33  3.24
 90   60     1.88  2.11  2.57  3.12  3.44  3.67  4.26  3.96  3.67  3.00  2.34  2.01     3.00  2.00  3.04  3.96  3.00
 90   70     1.71  1.92  2.33  2.84  3.11  3.31  3.85  3.60  3.36  2.75  2.15  1.85     2.73  1.83  2.76  3.59  2.76
 90   80     1.55  1.73  2.10  2.54  2.77  2.95  3.43  3.22  3.04  2.48  1.95  1.68     2.45  1.65  2.47  3.20  2.49
 90   90     1.38  1.53  1.86  2.24  2.44  2.59  3.01  2.84  2.70  2.21  1.75  1.50     2.17  1.47  2.18  2.81  2.22
105   10     2.34  2.69  3.30  4.09  4.57  4.92  5.74  5.22  4.62  3.77  2.86  2.43     3.88  2.49  3.98  5.29  3.75
105   20     2.23  2.58  3.19  3.96  4.45  4.80  5.59  5.06  4.47  3.61  2.73  2.31     3.75  2.38  3.87  5.15  3.60
105   30     2.10  2.43  3.03  3.78  4.25  4.59  5.34  4.83  4.26  3.41  2.57  2.17     3.56  2.23  3.69  4.92  3.41
105   40     1.95  2.27  2.84  3.56  4.00  4.32  5.02  4.54  4.01  3.17  2.40  2.03     3.34  2.08  3.47  4.63  3.19
105   50     1.81  2.10  2.63  3.30  3.71  4.01  4.64  4.21  3.73  2.93  2.22  1.88     3.10  1.93  3.21  4.29  2.96
105   60     1.66  1.91  2.41  3.01  3.40  3.67  4.24  3.84  3.43  2.69  2.04  1.72     2.83  1.76  2.94  3.92  2.72
105   70     1.50  1.74  2.19  2.72  3.07  3.31  3.82  3.47  3.11  2.43  1.86  1.57     2.57  1.60  2.66  3.54  2.47
105   80     1.35  1.56  1.95  2.44  2.74  2.95  3.41  3.11  2.82  2.19  1.67  1.42     2.30  1.44  2.38  3.16  2.22
105   90     1.20  1.38  1.74  2.16  2.41  2.59  3.00  2.75  2.51  1.95  1.51  1.28     2.04  1.29  2.11  2.78  1.99
120   10     2.29  2.65  3.27  4.07  4.57  4.93  5.75  5.20  4.57  3.70  2.78  2.36     3.84  2.43  3.97  5.29  3.68
120   20     2.12  2.49  3.12  3.92  4.44  4.81  5.59  5.02  4.36  3.45  2.57  2.17     3.67  2.26  3.82  5.14  3.46
120   30     1.95  2.30  2.92  3.71  4.23  4.60  5.33  4.75  4.09  3.17  2.35  1.97     3.45  2.07  3.62  4.89  3.20
120   40     1.77  2.10  2.70  3.46  3.96  4.32  4.98  4.42  3.78  2.88  2.13  1.78     3.19  1.88  3.37  4.58  2.93
120   50     1.60  1.91  2.47  3.17  3.65  3.99  4.58  4.05  3.46  2.60  1.93  1.61     2.92  1.71  3.10  4.21  2.66
120   60     1.45  1.73  2.23  2.88  3.32  3.62  4.15  3.66  3.14  2.33  1.74  1.45     2.64  1.54  2.81  3.81  2.40
120   70     1.31  1.56  2.01  2.58  2.98  3.25  3.71  3.27  2.82  2.10  1.57  1.32     2.37  1.40  2.52  3.41  2.16
120   80     1.18  1.39  1.80  2.30  2.65  2.88  3.28  2.91  2.52  1.88  1.42  1.19     2.12  1.25  2.25  3.02  1.94
120   90     1.06  1.25  1.60  2.04  2.33  2.52  2.88  2.57  2.25  1.67  1.28  1.08     1.88  1.13  1.99  2.66  1.73
135   10     2.24  2.61  3.23  4.05  4.56  4.94  5.76  5.18  4.51  3.63  2.71  2.29     3.81  2.38  3.95  5.29  3.62
135   20     2.02  2.40  3.05  3.88  4.43  4.82  5.60  4.98  4.25  3.31  2.43  2.04     3.60  2.15  3.79  5.13  3.33
135   30     1.80  2.18  2.82  3.64  4.21  4.61  5.33  4.67  3.92  2.96  2.15  1.78     3.34  1.92  3.56  4.87  3.01
135   40     1.60  1.95  2.56  3.36  3.92  4.31  4.95  4.29  3.55  2.60  1.88  1.55     3.04  1.70  3.28  4.52  2.68
135   50     1.42  1.74  2.30  3.04  3.58  3.95  4.49  3.87  3.17  2.27  1.65  1.37     2.74  1.51  2.97  4.10  2.36
135   60     1.27  1.55  2.06  2.72  3.21  3.54  4.00  3.43  2.80  1.99  1.47  1.23     2.44  1.35  2.66  3.66  2.09
135   70     1.16  1.39  1.83  2.41  2.85  3.13  3.51  3.01  2.48  1.76  1.32  1.12     2.16  1.22  2.36  3.21  1.85
135   80     1.05  1.25  1.64  2.13  2.50  2.74  3.06  2.63  2.20  1.57  1.20  1.02     1.92  1.11  2.09  2.81  1.66
135   90     0.96  1.13  1.46  1.88  2.19  2.40  2.66  2.31  1.96  1.42  1.10  0.94     1.70  1.01  1.85  2.45  1.49
150   10     2.20  2.57  3.21  4.03  4.56  4.95  5.77  5.17  4.47  3.57  2.66  2.24     3.78  2.34  3.94  5.30  3.57
150   20     1.94  2.34  3.00  3.85  4.42  4.84  5.62  4.94  4.16  3.19  2.32  1.93     3.54  2.07  3.75  5.13  3.23
150   30     1.68  2.08  2.73  3.59  4.20  4.62  5.33  4.61  3.77  2.76  1.98  1.62     3.25  1.79  3.51  4.86  2.84
150   40     1.44  1.81  2.44  3.27  3.89  4.32  4.93  4.19  3.33  2.34  1.66  1.35     2.91  1.53  3.20  4.48  2.44
150   50     1.26  1.58  2.14  2.92  3.52  3.93  4.43  3.70  2.87  1.96  1.41  1.17     2.57  1.34  2.86  4.02  2.08
150   60     1.15  1.39  1.88  2.55  3.11  3.48  3.85  3.18  2.45  1.65  1.25  1.07     2.25  1.20  2.51  3.50  1.78
150   70     1.06  1.26  1.66  2.22  2.69  3.00  3.26  2.70  2.10  1.45  1.15  1.00     1.96  1.11  2.19  2.99  1.56
150   80     0.99  1.15  1.48  1.94  2.32  2.56  2.75  2.31  1.85  1.32  1.07  0.93     1.72  1.02  1.92  2.54  1.41
150   90     0.91  1.06  1.34  1.72  2.02  2.21  2.35  2.02  1.66  1.21  0.99  0.87     1.53  0.95  1.69  2.19  1.29
165   10     2.17  2.55  3.19  4.02  4.56  4.95  5.78  5.17  4.45  3.54  2.62  2.20     3.77  2.31  3.93  5.30  3.54
165   20     1.89  2.30  2.96  3.83  4.42  4.84  5.63  4.93  4.10  3.11  2.25  1.85     3.51  2.01  3.74  5.13  3.15
165   30     1.59  2.01  2.68  3.56  4.20  4.64  5.35  4.59  3.68  2.64  1.85  1.50     3.19  1.70  3.48  4.86  2.72
165   40     1.32  1.71  2.36  3.23  3.89  4.33  4.95  4.14  3.18  2.14  1.47  1.20     2.83  1.41  3.16  4.48  2.26
165   50     1.18  1.44  2.02  2.84  3.51  3.95  4.45  3.62  2.64  1.67  1.22  1.10     2.47  1.24  2.79  4.01  1.84
165   60     1.12  1.28  1.71  2.42  3.07  3.49  3.85  3.02  2.11  1.36  1.16  1.04     2.14  1.15  2.40  3.46  1.54
165   70     1.05  1.21  1.51  2.02  2.59  2.98  3.18  2.39  1.73  1.24  1.10  0.99     1.83  1.08  2.04  2.85  1.36
165   80     0.98  1.12  1.38  1.75  2.11  2.42  2.46  1.95  1.53  1.17  1.04  0.93     1.57  1.01  1.75  2.27  1.25
165   90     0.91  1.04  1.27  1.57  1.82  1.99  2.01  1.70  1.41  1.11  0.97  0.86     1.39  0.94  1.55  1.90  1.17
180   10     2.16  2.55  3.19  4.02  4.56  4.96  5.78  5.17  4.44  3.52  2.61  2.19     3.76  2.30  3.92  5.30  3.52
180   20     1.87  2.28  2.95  3.82  4.42  4.85  5.64  4.93  4.08  3.08  2.22  1.83     3.50  1.99  3.73  5.14  3.13
180   30     1.56  1.98  2.66  3.55  4.19  4.64  5.36  4.59  3.64  2.58  1.80  1.46     3.17  1.67  3.47  4.86  2.67
180   40     1.27  1.66  2.32  3.21  3.89  4.34  4.97  4.14  3.13  2.05  1.40  1.15     2.79  1.36  3.14  4.48  2.19
180   50     1.18  1.36  1.96  2.83  3.51  3.96  4.46  3.62  2.55  1.51  1.21  1.10     2.44  1.21  2.76  4.01  1.76
180   60     1.12  1.28  1.58  2.40  3.07  3.50  3.87  3.02  1.94  1.27  1.16  1.04     2.10  1.15  2.35  3.46  1.46
180   70     1.05  1.21  1.45  1.94  2.59  2.98  3.20  2.38  1.43  1.22  1.10  0.99     1.79  1.08  1.99  2.85  1.25
180   80     0.98  1.12  1.35  1.63  2.07  2.42  2.47  1.75  1.35  1.16  1.04  0.93     1.52  1.01  1.69  2.21  1.18
180   90     0.91  1.04  1.25  1.50  1.72  1.90  1.88  1.54  1.29  1.11  0.97  0.86     1.33  0.94  1.49  1.77  1.12
             42.2  33.1  22.0  10.0   0.3  -4.5  -4.0   5.3  19.3  33.9  43.0  47.4     17.6  41.3   9.7  -1.1  31.0
             2.96  3.10  3.53  4.19  4.61  4.97  5.81  5.31  4.91  4.46  3.69  3.32     4.24  3.11  4.08  5.35  4.31
             2.77  3.03  3.53  4.16  4.47  4.72  5.50  5.21  4.90  4.32  3.43  2.99     4.09  2.93  4.05  5.14  4.22
             1.07  1.02  1.00  1.01  1.03  1.05  1.06  1.02  1.00  1.03  1.08  1.11     1.04  1.07  1.01  1.04  1.04
             1.14  1.09  1.04  1.00  0.97  0.95  0.95  0.98  1.04  1.10  1.15  1.18     1.05  1.14  1.01  0.96  1.10
temperature  17.0  17.1  18.9  21.4  24.0  26.8  28.9  28.7  27.6  25.2  22.1  18.7     23.0  17.6  21.4  28.1  25.0
diffusedrad  1.54  1.76  2.12  2.49  2.67  2.71  2.38  2.33  2.16  1.89  1.66  1.47     2.10  1.59  2.43  2.48  1.91
snow10cm     0.00  0.00  0.00  0.00  0.00  0.00  0.00  0.00  0.00  0.00  0.00  0.00     0.00  0.00  0.00  0.00  0.00
