2 91166   宮城島          26 21.8  127 58.4  100
             2.43  2.83  3.39  4.17  4.71  5.10  6.03  5.49  4.86  4.14  3.04  2.58     4.06  2.61  4.09  5.54  4.01
             2.95  3.90  4.45  5.15  5.86  6.21  6.60  6.15  5.58  4.66  3.77  3.21     4.33  3.17  4.78  6.13  4.33
             1.84  1.75  2.18  3.44  4.13  3.89  5.18  4.99  3.78  3.31  2.32  1.93     3.76  2.14  3.55  4.82  3.61
  0   10     2.65  3.00  3.50  4.22  4.65  4.97  5.87  5.49  5.03  4.43  3.35  2.88     4.17  2.85  4.12  5.45  4.27
  0   20     2.83  3.12  3.55  4.18  4.51  4.76  5.61  5.37  5.08  4.65  3.59  3.13     4.20  3.02  4.08  5.25  4.44
  0   30     2.94  3.18  3.54  4.05  4.29  4.47  5.22  5.13  5.02  4.76  3.75  3.31     4.14  3.14  3.96  4.94  4.51
  0   40     2.99  3.17  3.45  3.85  3.99  4.09  4.75  4.80  4.85  4.76  3.83  3.41     3.99  3.19  3.76  4.55  4.48
  0   50     2.98  3.10  3.29  3.58  3.62  3.65  4.17  4.36  4.57  4.64  3.82  3.43     3.77  3.17  3.50  4.06  4.34
  0   60     2.90  2.97  3.07  3.25  3.18  3.14  3.51  3.82  4.18  4.42  3.72  3.38     3.46  3.08  3.17  3.49  4.11
  0   70     2.76  2.77  2.80  2.86  2.71  2.62  2.84  3.21  3.71  4.10  3.54  3.25     3.10  2.93  2.79  2.89  3.78
  0   80     2.57  2.53  2.48  2.42  2.22  2.08  2.14  2.58  3.17  3.69  3.28  3.05     2.68  2.71  2.37  2.27  3.38
  0   90     2.33  2.23  2.12  1.97  1.74  1.61  1.53  1.92  2.57  3.20  2.95  2.78     2.25  2.45  1.95  1.69  2.91
 15   10     2.64  2.99  3.50  4.21  4.65  4.97  5.87  5.49  5.02  4.42  3.34  2.87     4.17  2.84  4.12  5.45  4.26
 15   20     2.81  3.10  3.55  4.17  4.52  4.77  5.62  5.38  5.08  4.63  3.57  3.11     4.19  3.01  4.08  5.26  4.43
 15   30     2.91  3.15  3.52  4.05  4.30  4.49  5.26  5.16  5.03  4.74  3.73  3.28     4.13  3.12  3.96  4.97  4.50
 15   40     2.96  3.14  3.43  3.86  4.00  4.11  4.78  4.81  4.86  4.73  3.80  3.37     3.99  3.16  3.76  4.57  4.46
 15   50     2.94  3.06  3.28  3.59  3.64  3.68  4.23  4.39  4.58  4.61  3.78  3.39     3.76  3.13  3.50  4.10  4.32
 15   60     2.85  2.93  3.06  3.26  3.22  3.19  3.60  3.88  4.21  4.39  3.68  3.33     3.46  3.04  3.18  3.55  4.09
 15   70     2.71  2.73  2.79  2.88  2.76  2.69  2.94  3.30  3.76  4.06  3.50  3.20     3.11  2.88  2.81  2.98  3.77
 15   80     2.52  2.48  2.47  2.46  2.29  2.18  2.29  2.69  3.23  3.65  3.23  2.99     2.71  2.66  2.41  2.39  3.37
 15   90     2.27  2.19  2.11  2.03  1.84  1.72  1.70  2.09  2.66  3.15  2.90  2.72     2.28  2.39  2.00  1.84  2.91
 30   10     2.62  2.97  3.48  4.21  4.65  4.98  5.88  5.49  5.00  4.39  3.31  2.84     4.15  2.81  4.11  5.45  4.23
 30   20     2.76  3.06  3.52  4.16  4.53  4.79  5.65  5.38  5.06  4.57  3.51  3.05     4.17  2.96  4.07  5.28  4.38
 30   30     2.84  3.09  3.49  4.04  4.31  4.52  5.30  5.16  5.00  4.64  3.63  3.19     4.10  3.04  3.95  5.00  4.42
 30   40     2.86  3.07  3.39  3.85  4.04  4.18  4.88  4.86  4.84  4.61  3.68  3.25     3.96  3.06  3.76  4.64  4.38
 30   50     2.82  2.98  3.23  3.59  3.69  3.77  4.37  4.45  4.58  4.48  3.64  3.25     3.74  3.02  3.50  4.20  4.23
 30   60     2.73  2.83  3.01  3.27  3.30  3.33  3.81  3.99  4.22  4.25  3.52  3.17     3.45  2.91  3.19  3.71  4.00
 30   70     2.58  2.62  2.75  2.91  2.88  2.86  3.22  3.46  3.80  3.93  3.33  3.02     3.11  2.74  2.85  3.18  3.69
 30   80     2.38  2.38  2.44  2.53  2.45  2.40  2.64  2.92  3.31  3.52  3.07  2.81     2.74  2.52  2.47  2.65  3.30
 30   90     2.13  2.09  2.11  2.14  2.04  1.98  2.11  2.39  2.81  3.06  2.74  2.54     2.35  2.25  2.10  2.16  2.87
 45   10     2.58  2.93  3.46  4.20  4.65  4.99  5.89  5.48  4.98  4.34  3.25  2.79     4.13  2.77  4.10  5.45  4.19
 45   20     2.68  3.00  3.48  4.14  4.53  4.82  5.68  5.38  5.01  4.46  3.41  2.95     4.13  2.88  4.05  5.29  4.29
 45   30     2.73  3.00  3.43  4.02  4.33  4.57  5.38  5.18  4.94  4.50  3.49  3.05     4.05  2.93  3.93  5.04  4.31
 45   40     2.72  2.95  3.32  3.83  4.07  4.25  4.98  4.88  4.78  4.45  3.50  3.08     3.90  2.92  3.74  4.70  4.24
 45   50     2.66  2.85  3.16  3.58  3.75  3.88  4.53  4.52  4.53  4.29  3.44  3.04     3.69  2.85  3.50  4.31  4.09
 45   60     2.55  2.69  2.94  3.28  3.38  3.47  4.03  4.08  4.21  4.06  3.30  2.94     3.41  2.73  3.20  3.86  3.85
 45   70     2.39  2.48  2.68  2.95  3.00  3.04  3.49  3.62  3.81  3.75  3.10  2.79     3.09  2.55  2.88  3.38  3.56
 45   80     2.19  2.25  2.40  2.59  2.61  2.62  2.98  3.14  3.38  3.37  2.84  2.57     2.75  2.34  2.53  2.91  3.20
 45   90     1.96  1.98  2.09  2.23  2.23  2.23  2.50  2.66  2.93  2.96  2.53  2.31     2.38  2.08  2.19  2.46  2.81
 60   10     2.53  2.89  3.43  4.18  4.65  5.00  5.91  5.47  4.94  4.26  3.19  2.72     4.10  2.71  4.09  5.46  4.13
 60   20     2.58  2.92  3.42  4.11  4.54  4.84  5.71  5.36  4.93  4.33  3.28  2.82     4.07  2.77  4.02  5.30  4.18
 60   30     2.59  2.89  3.35  3.99  4.35  4.62  5.44  5.17  4.86  4.32  3.31  2.86     3.98  2.78  3.90  5.08  4.16
 60   40     2.56  2.81  3.23  3.79  4.09  4.32  5.09  4.89  4.68  4.21  3.27  2.85     3.82  2.74  3.71  4.77  4.06
 60   50     2.47  2.69  3.06  3.55  3.80  3.98  4.67  4.55  4.45  4.06  3.19  2.79     3.60  2.65  3.47  4.40  3.90
 60   60     2.34  2.53  2.85  3.27  3.46  3.61  4.22  4.17  4.14  3.81  3.03  2.67     3.34  2.51  3.19  4.00  3.66
 60   70     2.18  2.32  2.60  2.95  3.10  3.21  3.75  3.73  3.78  3.53  2.83  2.50     3.04  2.34  2.88  3.56  3.38
 60   80     1.98  2.10  2.33  2.63  2.73  2.81  3.26  3.29  3.39  3.18  2.59  2.30     2.72  2.13  2.56  3.12  3.05
 60   90     1.77  1.85  2.05  2.29  2.38  2.44  2.80  2.86  2.97  2.82  2.31  2.06     2.38  1.89  2.24  2.70  2.70
 75   10     2.47  2.84  3.39  4.16  4.65  5.01  5.92  5.46  4.89  4.18  3.10  2.65     4.06  2.65  4.07  5.46  4.06
 75   20     2.47  2.82  3.35  4.08  4.54  4.87  5.74  5.33  4.85  4.17  3.13  2.67     4.00  2.65  3.99  5.32  4.05
 75   30     2.44  2.76  3.26  3.94  4.35  4.66  5.49  5.14  4.73  4.09  3.10  2.66     3.88  2.62  3.85  5.09  3.97
 75   40     2.36  2.65  3.12  3.74  4.11  4.38  5.17  4.88  4.55  3.96  3.02  2.60     3.71  2.54  3.66  4.81  3.85
 75   50     2.25  2.51  2.94  3.50  3.82  4.05  4.77  4.54  4.30  3.76  2.89  2.50     3.49  2.42  3.42  4.46  3.65
 75   60     2.11  2.34  2.73  3.23  3.50  3.70  4.36  4.18  4.01  3.53  2.74  2.37     3.23  2.27  3.15  4.08  3.43
 75   70     1.96  2.15  2.49  2.93  3.16  3.33  3.92  3.79  3.68  3.24  2.53  2.20     2.95  2.10  2.86  3.68  3.15
 75   80     1.77  1.93  2.23  2.61  2.80  2.95  3.46  3.37  3.31  2.94  2.31  2.02     2.64  1.91  2.55  3.26  2.86
 75   90     1.58  1.72  1.98  2.31  2.46  2.58  3.01  2.96  2.95  2.61  2.06  1.80     2.33  1.70  2.25  2.85  2.54
 90   10     2.41  2.79  3.35  4.14  4.65  5.02  5.93  5.44  4.84  4.08  3.02  2.56     4.02  2.59  4.05  5.46  3.98
 90   20     2.35  2.72  3.28  4.04  4.53  4.89  5.77  5.29  4.74  4.00  2.96  2.52     3.92  2.53  3.95  5.32  3.90
 90   30     2.27  2.62  3.16  3.88  4.35  4.68  5.52  5.08  4.58  3.85  2.87  2.44     3.77  2.44  3.79  5.10  3.77
 90   40     2.16  2.48  2.99  3.67  4.10  4.41  5.20  4.81  4.37  3.67  2.74  2.34     3.58  2.33  3.59  4.81  3.59
 90   50     2.03  2.32  2.80  3.42  3.81  4.09  4.82  4.49  4.11  3.45  2.59  2.21     3.35  2.18  3.35  4.47  3.38
 90   60     1.88  2.15  2.59  3.14  3.50  3.75  4.41  4.11  3.81  3.19  2.41  2.06     3.08  2.03  3.08  4.09  3.13
 90   70     1.72  1.95  2.35  2.86  3.17  3.39  3.99  3.74  3.50  2.93  2.22  1.90     2.81  1.86  2.79  3.71  2.88
 90   80     1.56  1.76  2.12  2.56  2.83  3.02  3.56  3.35  3.16  2.64  2.02  1.73     2.53  1.68  2.50  3.31  2.61
 90   90     1.39  1.56  1.88  2.26  2.49  2.65  3.12  2.95  2.81  2.36  1.81  1.55     2.23  1.50  2.21  2.91  2.33
105   10     2.34  2.73  3.31  4.12  4.65  5.04  5.94  5.42  4.77  3.99  2.93  2.48     3.98  2.52  4.03  5.46  3.90
105   20     2.23  2.62  3.20  3.99  4.53  4.91  5.79  5.25  4.62  3.81  2.79  2.36     3.84  2.40  3.90  5.31  3.74
105   30     2.10  2.47  3.04  3.81  4.33  4.70  5.53  5.01  4.40  3.60  2.63  2.21     3.65  2.26  3.73  5.08  3.54
105   40     1.95  2.30  2.85  3.58  4.08  4.42  5.20  4.71  4.15  3.34  2.46  2.06     3.43  2.11  3.50  4.78  3.32
105   50     1.81  2.13  2.64  3.32  3.77  4.10  4.80  4.37  3.87  3.09  2.27  1.91     3.17  1.95  3.24  4.42  3.08
105   60     1.66  1.94  2.42  3.04  3.46  3.75  4.39  3.99  3.56  2.83  2.09  1.75     2.90  1.78  2.97  4.04  2.83
105   70     1.50  1.76  2.20  2.75  3.13  3.39  3.96  3.61  3.23  2.56  1.91  1.61     2.63  1.62  2.69  3.65  2.56
105   80     1.36  1.58  1.96  2.46  2.79  3.02  3.53  3.23  2.92  2.31  1.71  1.45     2.36  1.46  2.40  3.26  2.32
105   90     1.21  1.40  1.75  2.18  2.46  2.65  3.10  2.86  2.61  2.06  1.55  1.31     2.10  1.30  2.13  2.87  2.08
120   10     2.29  2.69  3.28  4.09  4.65  5.05  5.96  5.39  4.71  3.90  2.84  2.40     3.94  2.46  4.01  5.47  3.82
120   20     2.12  2.52  3.12  3.94  4.52  4.92  5.79  5.20  4.50  3.63  2.62  2.20     3.76  2.28  3.86  5.31  3.58
120   30     1.94  2.32  2.93  3.73  4.31  4.71  5.52  4.93  4.22  3.33  2.39  2.00     3.53  2.09  3.66  5.05  3.31
120   40     1.76  2.12  2.71  3.48  4.03  4.42  5.16  4.58  3.90  3.02  2.17  1.80     3.26  1.90  3.41  4.72  3.03
120   50     1.59  1.93  2.47  3.19  3.72  4.08  4.74  4.19  3.57  2.72  1.96  1.63     2.98  1.72  3.13  4.34  2.75
120   60     1.44  1.74  2.24  2.89  3.38  3.70  4.29  3.78  3.24  2.44  1.77  1.47     2.70  1.55  2.84  3.92  2.48
120   70     1.30  1.57  2.02  2.60  3.03  3.32  3.83  3.39  2.91  2.19  1.59  1.34     2.42  1.40  2.55  3.51  2.23
120   80     1.18  1.40  1.81  2.31  2.69  2.94  3.39  3.01  2.60  1.96  1.44  1.21     2.16  1.26  2.27  3.11  2.00
120   90     1.06  1.26  1.61  2.05  2.37  2.58  2.97  2.66  2.33  1.74  1.30  1.10     1.92  1.14  2.01  2.74  1.79
135   10     2.23  2.64  3.24  4.07  4.65  5.06  5.97  5.38  4.66  3.82  2.77  2.33     3.90  2.40  3.99  5.47  3.75
135   20     2.02  2.43  3.06  3.90  4.51  4.94  5.80  5.16  4.38  3.47  2.47  2.06     3.68  2.17  3.82  5.30  3.44
135   30     1.79  2.19  2.82  3.66  4.29  4.72  5.51  4.84  4.04  3.09  2.17  1.80     3.41  1.93  3.59  5.02  3.10
135   40     1.58  1.96  2.56  3.37  3.99  4.41  5.11  4.44  3.65  2.70  1.90  1.56     3.10  1.70  3.31  4.65  2.75
135   50     1.40  1.74  2.30  3.05  3.64  4.03  4.63  3.99  3.25  2.35  1.66  1.37     2.79  1.50  3.00  4.22  2.42
135   60     1.26  1.55  2.05  2.73  3.26  3.62  4.12  3.53  2.87  2.05  1.47  1.23     2.48  1.35  2.68  3.75  2.13
135   70     1.14  1.39  1.83  2.42  2.89  3.19  3.61  3.10  2.54  1.81  1.33  1.12     2.20  1.22  2.38  3.30  1.89
135   80     1.04  1.25  1.63  2.14  2.54  2.79  3.14  2.71  2.25  1.61  1.21  1.02     1.95  1.11  2.10  2.88  1.69
135   90     0.95  1.13  1.46  1.89  2.23  2.44  2.73  2.38  2.01  1.46  1.11  0.94     1.73  1.01  1.86  2.52  1.52
150   10     2.19  2.61  3.22  4.06  4.65  5.07  5.98  5.37  4.61  3.76  2.71  2.27     3.87  2.36  3.98  5.47  3.69
150   20     1.93  2.36  3.00  3.87  4.50  4.95  5.82  5.12  4.29  3.33  2.35  1.95     3.62  2.08  3.79  5.29  3.33
150   30     1.67  2.09  2.73  3.61  4.27  4.73  5.52  4.77  3.88  2.87  1.99  1.63     3.31  1.79  3.54  5.01  2.91
150   40     1.42  1.81  2.44  3.29  3.96  4.41  5.09  4.32  3.41  2.40  1.65  1.35     2.96  1.52  3.23  4.61  2.49
150   50     1.24  1.57  2.13  2.92  3.58  4.01  4.57  3.81  2.93  1.99  1.40  1.16     2.61  1.32  2.88  4.13  2.10
150   60     1.13  1.38  1.87  2.56  3.15  3.54  3.96  3.26  2.49  1.67  1.24  1.06     2.27  1.19  2.52  3.59  1.80
150   70     1.05  1.25  1.65  2.22  2.72  3.04  3.34  2.76  2.13  1.46  1.14  0.99     1.98  1.10  2.19  3.05  1.57
150   80     0.97  1.15  1.47  1.94  2.34  2.60  2.80  2.35  1.87  1.32  1.06  0.93     1.73  1.01  1.92  2.58  1.42
150   90     0.90  1.05  1.34  1.72  2.04  2.23  2.39  2.05  1.68  1.22  0.99  0.87     1.54  0.94  1.70  2.23  1.30
165   10     2.17  2.59  3.20  4.05  4.65  5.07  5.99  5.36  4.59  3.72  2.67  2.23     3.86  2.33  3.97  5.47  3.66
165   20     1.88  2.31  2.96  3.85  4.50  4.96  5.83  5.11  4.22  3.25  2.27  1.86     3.58  2.02  3.77  5.30  3.24
165   30     1.57  2.01  2.67  3.57  4.27  4.74  5.54  4.74  3.77  2.72  1.85  1.50     3.25  1.69  3.50  5.01  2.78
165   40     1.29  1.70  2.34  3.23  3.95  4.43  5.12  4.27  3.24  2.18  1.45  1.19     2.87  1.39  3.18  4.61  2.29
165   50     1.16  1.42  2.00  2.84  3.56  4.03  4.59  3.71  2.67  1.67  1.19  1.08     2.49  1.22  2.80  4.11  1.84
165   60     1.10  1.26  1.69  2.41  3.11  3.55  3.95  3.09  2.11  1.33  1.14  1.03     2.15  1.13  2.40  3.53  1.53
165   70     1.03  1.19  1.49  2.01  2.61  3.02  3.24  2.41  1.72  1.22  1.09  0.98     1.83  1.07  2.04  2.89  1.34
165   80     0.97  1.11  1.36  1.74  2.12  2.43  2.47  1.96  1.52  1.16  1.02  0.92     1.57  1.00  1.74  2.29  1.24
165   90     0.90  1.03  1.25  1.56  1.83  2.00  2.02  1.71  1.41  1.11  0.96  0.86     1.39  0.93  1.55  1.91  1.16
180   10     2.16  2.58  3.19  4.05  4.64  5.07  5.99  5.36  4.58  3.70  2.65  2.22     3.85  2.32  3.96  5.47  3.64
180   20     1.86  2.30  2.95  3.84  4.50  4.96  5.84  5.11  4.20  3.21  2.24  1.84     3.57  2.00  3.76  5.30  3.21
180   30     1.54  1.98  2.65  3.56  4.27  4.75  5.55  4.74  3.73  2.66  1.80  1.45     3.22  1.66  3.49  5.01  2.73
180   40     1.24  1.64  2.31  3.22  3.95  4.43  5.13  4.27  3.18  2.07  1.37  1.13     2.83  1.34  3.16  4.61  2.21
180   50     1.16  1.34  1.94  2.83  3.56  4.04  4.60  3.71  2.58  1.48  1.19  1.08     2.46  1.19  2.77  4.12  1.75
180   60     1.10  1.26  1.55  2.39  3.11  3.56  3.97  3.08  1.93  1.23  1.14  1.03     2.11  1.13  2.35  3.54  1.44
180   70     1.03  1.19  1.43  1.92  2.61  3.02  3.26  2.40  1.40  1.19  1.09  0.98     1.79  1.07  1.99  2.89  1.22
180   80     0.97  1.11  1.33  1.62  2.08  2.44  2.49  1.74  1.33  1.14  1.02  0.92     1.52  1.00  1.68  2.22  1.16
180   90     0.90  1.03  1.24  1.49  1.72  1.90  1.87  1.53  1.27  1.10  0.96  0.86     1.32  0.93  1.48  1.77  1.11
             43.0  34.0  22.4  10.2   0.3  -4.7  -4.2   5.4  19.8  34.9  43.9  48.2     18.0  42.1   9.9  -1.1  31.8
             2.99  3.18  3.56  4.22  4.70  5.09  6.02  5.51  5.08  4.77  3.83  3.43     4.36  3.19  4.12  5.52  4.51
             2.80  3.10  3.55  4.19  4.55  4.81  5.67  5.41  5.08  4.61  3.54  3.09     4.20  2.99  4.10  5.30  4.41
             1.07  1.03  1.00  1.01  1.03  1.06  1.06  1.02  1.00  1.03  1.08  1.11     1.04  1.07  1.01  1.05  1.04
             1.15  1.10  1.05  1.00  0.97  0.94  0.94  0.99  1.05  1.11  1.16  1.20     1.05  1.15  1.01  0.96  1.11
temperature  16.3  16.5  18.4  20.9  23.6  26.5  28.7  28.4  27.3  24.7  21.6  18.1     22.6  17.0  21.0  27.9  24.5
diffusedrad  1.51  1.74  2.09  2.46  2.65  2.65  2.25  2.27  2.13  1.88  1.65  1.47     2.06  1.57  2.40  2.39  1.89
snow10cm     0.00  0.00  0.00  0.00  0.00  0.00  0.00  0.00  0.00  0.00  0.00  0.00     0.00  0.00  0.00  0.00  0.00
