2 91241   糸数            26  9.2  127 45.9  186
             2.46  2.76  3.20  3.88  4.34  4.50  5.48  5.08  4.51  3.93  3.00  2.62     3.81  2.61  3.80  5.02  3.81
             3.03  3.89  4.28  4.75  5.62  5.25  6.07  5.73  5.21  4.36  3.67  3.25     4.00  3.15  4.65  5.52  4.18
             1.90  1.66  1.91  2.75  2.73  3.36  4.55  4.43  3.68  3.12  2.16  2.08     3.52  2.13  2.61  4.50  3.24
  0   10     2.69  2.92  3.29  3.91  4.29  4.39  5.35  5.08  4.66  4.18  3.29  2.94     3.92  2.85  3.83  4.94  4.04
  0   20     2.86  3.03  3.33  3.87  4.17  4.23  5.13  4.97  4.70  4.37  3.52  3.19     3.95  3.03  3.79  4.78  4.20
  0   30     2.98  3.08  3.31  3.76  3.97  3.99  4.80  4.76  4.63  4.46  3.67  3.37     3.90  3.14  3.68  4.52  4.25
  0   40     3.03  3.07  3.22  3.58  3.71  3.69  4.40  4.46  4.47  4.44  3.75  3.47     3.77  3.19  3.50  4.18  4.22
  0   50     3.01  3.00  3.08  3.33  3.37  3.32  3.90  4.06  4.21  4.33  3.73  3.50     3.57  3.17  3.26  3.76  4.09
  0   60     2.94  2.87  2.87  3.02  2.99  2.90  3.34  3.59  3.86  4.12  3.63  3.44     3.30  3.08  2.96  3.28  3.87
  0   70     2.80  2.68  2.62  2.67  2.57  2.46  2.75  3.05  3.43  3.81  3.45  3.31     2.97  2.93  2.62  2.75  3.56
  0   80     2.60  2.44  2.32  2.28  2.13  2.02  2.15  2.48  2.94  3.43  3.20  3.10     2.59  2.71  2.24  2.21  3.19
  0   90     2.35  2.15  1.99  1.87  1.70  1.61  1.61  1.90  2.40  2.97  2.87  2.83     2.19  2.44  1.85  1.71  2.75
 15   10     2.68  2.91  3.29  3.91  4.29  4.40  5.35  5.08  4.65  4.17  3.29  2.93     3.91  2.84  3.83  4.94  4.04
 15   20     2.84  3.01  3.33  3.87  4.17  4.24  5.14  4.98  4.69  4.35  3.51  3.17     3.94  3.01  3.79  4.79  4.18
 15   30     2.95  3.06  3.30  3.76  3.98  4.00  4.83  4.77  4.63  4.43  3.65  3.34     3.89  3.12  3.68  4.54  4.24
 15   40     2.99  3.04  3.21  3.58  3.71  3.70  4.42  4.47  4.47  4.42  3.71  3.44     3.76  3.16  3.50  4.20  4.20
 15   50     2.97  2.96  3.06  3.33  3.39  3.34  3.95  4.09  4.21  4.30  3.69  3.45     3.56  3.13  3.26  3.79  4.07
 15   60     2.89  2.83  2.86  3.03  3.01  2.93  3.40  3.63  3.87  4.08  3.59  3.39     3.29  3.04  2.97  3.32  3.85
 15   70     2.75  2.63  2.60  2.68  2.61  2.51  2.84  3.11  3.46  3.77  3.41  3.26     2.97  2.88  2.63  2.82  3.55
 15   80     2.55  2.39  2.31  2.31  2.19  2.08  2.27  2.57  2.99  3.39  3.15  3.05     2.60  2.66  2.27  2.31  3.17
 15   90     2.30  2.11  1.98  1.92  1.79  1.69  1.75  2.03  2.48  2.93  2.83  2.77     2.21  2.39  1.89  1.82  2.75
 30   10     2.65  2.89  3.27  3.91  4.29  4.40  5.35  5.08  4.63  4.15  3.26  2.89     3.90  2.81  3.82  4.94  4.01
 30   20     2.79  2.97  3.30  3.86  4.17  4.25  5.16  4.98  4.67  4.30  3.45  3.10     3.92  2.96  3.78  4.80  4.14
 30   30     2.87  3.00  3.27  3.75  3.98  4.02  4.86  4.78  4.60  4.35  3.56  3.25     3.86  3.04  3.67  4.55  4.17
 30   40     2.90  2.97  3.17  3.57  3.74  3.74  4.50  4.50  4.45  4.31  3.60  3.31     3.73  3.06  3.49  4.25  4.12
 30   50     2.86  2.88  3.02  3.33  3.42  3.40  4.05  4.13  4.20  4.18  3.56  3.31     3.53  3.02  3.26  3.86  3.98
 30   60     2.76  2.73  2.81  3.04  3.08  3.03  3.56  3.71  3.87  3.96  3.44  3.23     3.27  2.91  2.97  3.43  3.76
 30   70     2.61  2.54  2.56  2.71  2.70  2.63  3.05  3.24  3.49  3.65  3.25  3.08     2.96  2.74  2.66  2.97  3.46
 30   80     2.40  2.29  2.27  2.36  2.31  2.24  2.53  2.75  3.04  3.27  2.99  2.86     2.61  2.52  2.31  2.51  3.10
 30   90     2.15  2.02  1.97  2.01  1.94  1.88  2.07  2.27  2.59  2.85  2.67  2.59     2.25  2.25  1.97  2.07  2.70
 45   10     2.61  2.86  3.25  3.90  4.29  4.41  5.36  5.07  4.61  4.10  3.21  2.84     3.88  2.77  3.81  4.95  3.97
 45   20     2.71  2.92  3.26  3.84  4.18  4.27  5.18  4.97  4.63  4.20  3.35  3.00     3.88  2.88  3.76  4.81  4.06
 45   30     2.76  2.92  3.21  3.73  4.00  4.06  4.92  4.79  4.55  4.22  3.43  3.10     3.81  2.93  3.65  4.59  4.07
 45   40     2.76  2.86  3.11  3.55  3.76  3.79  4.57  4.51  4.39  4.16  3.43  3.13     3.67  2.92  3.47  4.29  4.00
 45   50     2.69  2.76  2.95  3.32  3.47  3.47  4.17  4.18  4.16  4.01  3.37  3.10     3.47  2.85  3.25  3.94  3.84
 45   60     2.58  2.60  2.74  3.04  3.14  3.13  3.73  3.79  3.86  3.78  3.22  2.99     3.22  2.73  2.97  3.55  3.62
 45   70     2.42  2.40  2.50  2.73  2.79  2.75  3.25  3.37  3.49  3.49  3.03  2.84     2.92  2.55  2.67  3.12  3.34
 45   80     2.21  2.17  2.23  2.40  2.44  2.40  2.79  2.93  3.09  3.14  2.77  2.62     2.60  2.33  2.36  2.71  3.00
 45   90     1.98  1.91  1.95  2.08  2.09  2.05  2.36  2.49  2.68  2.75  2.47  2.35     2.26  2.08  2.04  2.30  2.63
 60   10     2.56  2.82  3.23  3.88  4.29  4.41  5.37  5.06  4.58  4.03  3.14  2.77     3.85  2.72  3.80  4.95  3.92
 60   20     2.62  2.84  3.21  3.82  4.18  4.28  5.21  4.95  4.56  4.08  3.23  2.87     3.82  2.78  3.74  4.81  3.96
 60   30     2.62  2.81  3.14  3.69  4.01  4.09  4.96  4.78  4.48  4.06  3.25  2.92     3.73  2.78  3.62  4.61  3.93
 60   40     2.59  2.73  3.03  3.51  3.78  3.83  4.65  4.52  4.31  3.96  3.21  2.90     3.59  2.74  3.44  4.33  3.83
 60   50     2.50  2.61  2.86  3.29  3.50  3.54  4.27  4.20  4.08  3.80  3.12  2.84     3.38  2.65  3.22  4.00  3.67
 60   60     2.37  2.45  2.66  3.03  3.20  3.22  3.88  3.85  3.79  3.56  2.97  2.71     3.14  2.51  2.96  3.65  3.44
 60   70     2.21  2.25  2.42  2.73  2.86  2.87  3.45  3.45  3.46  3.29  2.77  2.55     2.86  2.34  2.67  3.26  3.17
 60   80     2.00  2.03  2.18  2.43  2.53  2.52  3.01  3.04  3.10  2.96  2.53  2.34     2.56  2.13  2.38  2.86  2.86
 60   90     1.79  1.79  1.91  2.13  2.21  2.20  2.60  2.65  2.71  2.62  2.25  2.09     2.25  1.89  2.08  2.48  2.53
 75   10     2.50  2.77  3.19  3.87  4.29  4.42  5.38  5.05  4.54  3.96  3.06  2.69     3.81  2.66  3.78  4.95  3.85
 75   20     2.50  2.75  3.15  3.79  4.18  4.30  5.23  4.93  4.49  3.94  3.08  2.72     3.75  2.66  3.71  4.82  3.84
 75   30     2.47  2.69  3.06  3.65  4.01  4.11  5.00  4.75  4.37  3.86  3.05  2.71     3.64  2.62  3.57  4.62  3.76
 75   40     2.39  2.58  2.93  3.47  3.79  3.87  4.71  4.50  4.19  3.73  2.97  2.65     3.48  2.54  3.39  4.36  3.63
 75   50     2.28  2.44  2.76  3.24  3.52  3.59  4.35  4.20  3.95  3.54  2.84  2.55     3.27  2.42  3.17  4.04  3.44
 75   60     2.14  2.27  2.55  2.98  3.23  3.28  3.97  3.85  3.68  3.31  2.68  2.41     3.03  2.27  2.92  3.70  3.23
 75   70     1.98  2.09  2.33  2.71  2.91  2.96  3.58  3.49  3.37  3.04  2.48  2.24     2.76  2.10  2.65  3.34  2.96
 75   80     1.79  1.87  2.09  2.41  2.59  2.62  3.17  3.10  3.03  2.75  2.26  2.05     2.48  1.91  2.36  2.96  2.68
 75   90     1.60  1.67  1.85  2.13  2.27  2.30  2.76  2.73  2.69  2.44  2.01  1.83     2.19  1.70  2.09  2.59  2.38
 90   10     2.44  2.72  3.16  3.85  4.29  4.43  5.39  5.03  4.49  3.87  2.98  2.61     3.77  2.59  3.76  4.95  3.78
 90   20     2.38  2.65  3.09  3.75  4.18  4.31  5.24  4.90  4.40  3.79  2.92  2.56     3.68  2.53  3.67  4.82  3.70
 90   30     2.29  2.55  2.97  3.60  4.00  4.13  5.02  4.70  4.24  3.65  2.83  2.48     3.54  2.44  3.52  4.62  3.57
 90   40     2.19  2.42  2.81  3.41  3.78  3.90  4.73  4.45  4.04  3.47  2.70  2.38     3.36  2.33  3.33  4.36  3.40
 90   50     2.05  2.26  2.63  3.18  3.51  3.62  4.39  4.14  3.79  3.26  2.55  2.24     3.13  2.18  3.11  4.05  3.20
 90   60     1.91  2.09  2.43  2.91  3.22  3.31  4.01  3.80  3.50  3.01  2.37  2.10     2.89  2.03  2.86  3.71  2.96
 90   70     1.74  1.90  2.20  2.65  2.92  3.00  3.63  3.45  3.21  2.76  2.18  1.93     2.63  1.86  2.59  3.36  2.72
 90   80     1.58  1.71  1.99  2.37  2.60  2.67  3.23  3.09  2.90  2.49  1.98  1.76     2.36  1.68  2.32  3.00  2.46
 90   90     1.40  1.52  1.76  2.09  2.29  2.35  2.84  2.72  2.57  2.22  1.77  1.57     2.09  1.50  2.05  2.63  2.19
105   10     2.37  2.67  3.13  3.83  4.28  4.44  5.40  5.01  4.44  3.79  2.89  2.52     3.73  2.52  3.75  4.95  3.71
105   20     2.26  2.56  3.02  3.71  4.17  4.33  5.26  4.86  4.29  3.63  2.76  2.40     3.60  2.40  3.63  4.82  3.56
105   30     2.13  2.41  2.87  3.54  3.99  4.14  5.03  4.64  4.09  3.42  2.60  2.25     3.43  2.26  3.47  4.61  3.37
105   40     1.98  2.25  2.69  3.33  3.76  3.90  4.73  4.37  3.85  3.19  2.43  2.10     3.21  2.11  3.26  4.33  3.15
105   50     1.83  2.08  2.49  3.09  3.48  3.62  4.37  4.04  3.58  2.94  2.24  1.95     2.98  1.95  3.02  4.01  2.92
105   60     1.68  1.90  2.28  2.82  3.19  3.31  4.00  3.69  3.29  2.70  2.06  1.78     2.73  1.78  2.77  3.67  2.68
105   70     1.52  1.72  2.07  2.55  2.88  2.99  3.61  3.34  2.98  2.44  1.88  1.63     2.47  1.62  2.50  3.31  2.43
105   80     1.37  1.54  1.85  2.29  2.57  2.67  3.21  2.99  2.70  2.19  1.69  1.47     2.21  1.46  2.23  2.96  2.19
105   90     1.22  1.37  1.65  2.02  2.26  2.34  2.83  2.64  2.40  1.96  1.52  1.33     1.96  1.30  1.98  2.60  1.96
120   10     2.31  2.62  3.09  3.81  4.28  4.45  5.41  5.00  4.39  3.71  2.81  2.44     3.69  2.46  3.73  4.95  3.64
120   20     2.15  2.46  2.95  3.67  4.16  4.34  5.27  4.82  4.19  3.47  2.60  2.24     3.53  2.28  3.60  4.81  3.42
120   30     1.96  2.28  2.77  3.48  3.97  4.15  5.02  4.57  3.93  3.19  2.37  2.03     3.31  2.09  3.41  4.58  3.17
120   40     1.78  2.08  2.56  3.25  3.72  3.90  4.70  4.26  3.65  2.90  2.15  1.83     3.07  1.90  3.18  4.29  2.90
120   50     1.61  1.89  2.34  2.98  3.44  3.61  4.33  3.90  3.34  2.61  1.95  1.65     2.80  1.72  2.92  3.94  2.63
120   60     1.45  1.71  2.12  2.71  3.12  3.28  3.92  3.53  3.02  2.35  1.76  1.49     2.54  1.55  2.65  3.58  2.38
120   70     1.32  1.54  1.91  2.43  2.80  2.94  3.51  3.16  2.72  2.11  1.58  1.36     2.28  1.40  2.38  3.20  2.14
120   80     1.19  1.37  1.71  2.16  2.49  2.61  3.10  2.81  2.43  1.89  1.43  1.22     2.04  1.26  2.12  2.84  1.92
120   90     1.07  1.23  1.52  1.92  2.19  2.29  2.72  2.48  2.17  1.68  1.29  1.11     1.81  1.14  1.88  2.50  1.71
135   10     2.26  2.58  3.06  3.79  4.28  4.45  5.42  4.98  4.34  3.64  2.74  2.37     3.66  2.40  3.71  4.95  3.58
135   20     2.04  2.38  2.89  3.64  4.16  4.34  5.27  4.79  4.09  3.33  2.46  2.10     3.46  2.17  3.56  4.80  3.29
135   30     1.81  2.15  2.68  3.42  3.96  4.16  5.02  4.50  3.79  2.97  2.16  1.83     3.20  1.93  3.35  4.56  2.97
135   40     1.60  1.93  2.44  3.16  3.69  3.90  4.67  4.14  3.43  2.62  1.89  1.59     2.92  1.70  3.10  4.24  2.65
135   50     1.42  1.71  2.19  2.87  3.37  3.58  4.25  3.74  3.07  2.29  1.66  1.39     2.63  1.51  2.81  3.86  2.34
135   60     1.27  1.53  1.96  2.56  3.03  3.22  3.79  3.32  2.72  2.01  1.47  1.24     2.35  1.35  2.52  3.44  2.07
135   70     1.15  1.37  1.75  2.28  2.69  2.85  3.34  2.92  2.41  1.77  1.32  1.13     2.08  1.22  2.24  3.04  1.84
135   80     1.05  1.23  1.56  2.02  2.37  2.51  2.91  2.56  2.14  1.58  1.21  1.04     1.85  1.11  1.98  2.66  1.64
135   90     0.95  1.12  1.40  1.78  2.08  2.19  2.54  2.25  1.91  1.43  1.10  0.95     1.64  1.01  1.75  2.33  1.48
150   10     2.22  2.55  3.04  3.78  4.28  4.46  5.43  4.97  4.30  3.59  2.68  2.31     3.63  2.36  3.70  4.95  3.52
150   20     1.96  2.31  2.84  3.61  4.15  4.36  5.28  4.76  4.01  3.21  2.34  1.98     3.40  2.08  3.54  4.80  3.19
150   30     1.69  2.05  2.60  3.38  3.94  4.17  5.02  4.45  3.65  2.79  1.99  1.65     3.11  1.80  3.31  4.55  2.81
150   40     1.44  1.79  2.33  3.09  3.67  3.90  4.66  4.05  3.24  2.36  1.66  1.36     2.79  1.53  3.03  4.20  2.42
150   50     1.25  1.55  2.05  2.76  3.33  3.56  4.20  3.59  2.80  1.98  1.41  1.17     2.47  1.33  2.71  3.79  2.06
150   60     1.14  1.37  1.80  2.42  2.94  3.17  3.67  3.10  2.40  1.67  1.24  1.07     2.17  1.19  2.39  3.31  1.77
150   70     1.05  1.24  1.59  2.11  2.56  2.75  3.13  2.65  2.06  1.47  1.14  1.00     1.90  1.10  2.09  2.84  1.56
150   80     0.98  1.14  1.43  1.86  2.21  2.37  2.65  2.27  1.82  1.33  1.06  0.94     1.67  1.02  1.83  2.43  1.41
150   90     0.91  1.04  1.29  1.64  1.93  2.05  2.27  1.98  1.63  1.23  0.99  0.88     1.49  0.94  1.62  2.10  1.28
165   10     2.19  2.53  3.03  3.77  4.28  4.46  5.43  4.97  4.28  3.55  2.65  2.27     3.62  2.33  3.69  4.95  3.49
165   20     1.90  2.27  2.81  3.59  4.15  4.36  5.29  4.75  3.96  3.13  2.26  1.89     3.36  2.02  3.52  4.80  3.12
165   30     1.59  1.98  2.55  3.35  3.94  4.18  5.04  4.42  3.56  2.66  1.85  1.52     3.05  1.70  3.28  4.55  2.69
165   40     1.31  1.68  2.25  3.05  3.66  3.91  4.67  4.01  3.10  2.16  1.47  1.20     2.71  1.40  2.99  4.20  2.24
165   50     1.17  1.41  1.94  2.70  3.32  3.58  4.21  3.52  2.59  1.70  1.21  1.09     2.37  1.22  2.65  3.77  1.83
165   60     1.11  1.26  1.65  2.31  2.92  3.18  3.67  2.96  2.10  1.38  1.15  1.04     2.06  1.14  2.29  3.27  1.54
165   70     1.04  1.18  1.46  1.94  2.48  2.74  3.06  2.37  1.73  1.26  1.10  0.99     1.78  1.07  1.96  2.72  1.36
165   80     0.97  1.10  1.33  1.69  2.04  2.25  2.40  1.95  1.54  1.19  1.03  0.93     1.54  1.00  1.69  2.20  1.25
165   90     0.90  1.02  1.22  1.52  1.76  1.88  1.98  1.71  1.41  1.13  0.97  0.87     1.37  0.93  1.50  1.86  1.17
180   10     2.18  2.52  3.02  3.77  4.28  4.46  5.44  4.97  4.27  3.54  2.63  2.26     3.61  2.32  3.69  4.96  3.48
180   20     1.88  2.25  2.80  3.59  4.15  4.36  5.30  4.74  3.94  3.10  2.23  1.87     3.35  2.00  3.51  4.80  3.09
180   30     1.56  1.95  2.53  3.34  3.94  4.18  5.05  4.42  3.53  2.61  1.80  1.48     3.03  1.66  3.27  4.55  2.65
180   40     1.26  1.63  2.22  3.04  3.66  3.92  4.68  4.01  3.05  2.07  1.39  1.15     2.67  1.35  2.97  4.20  2.17
180   50     1.17  1.34  1.88  2.68  3.31  3.58  4.23  3.52  2.52  1.54  1.21  1.09     2.34  1.20  2.63  3.77  1.75
180   60     1.11  1.26  1.53  2.29  2.92  3.19  3.68  2.96  1.95  1.29  1.15  1.04     2.03  1.14  2.25  3.28  1.46
180   70     1.04  1.18  1.40  1.87  2.47  2.74  3.07  2.36  1.46  1.24  1.10  0.99     1.74  1.07  1.92  2.72  1.26
180   80     0.97  1.10  1.31  1.59  2.01  2.26  2.41  1.77  1.38  1.18  1.03  0.93     1.50  1.00  1.63  2.15  1.20
180   90     0.90  1.02  1.21  1.45  1.68  1.81  1.87  1.56  1.30  1.12  0.97  0.87     1.31  0.93  1.45  1.74  1.13
             43.0  33.3  21.5   9.7   0.5  -3.8  -3.6   5.2  18.9  33.7  43.3  48.2     18.8  42.1   9.6  -0.6  31.2
             3.03  3.08  3.33  3.91  4.33  4.48  5.46  5.09  4.70  4.46  3.75  3.50     4.09  3.19  3.83  5.00  4.25
             2.84  3.02  3.33  3.88  4.19  4.26  5.16  4.99  4.70  4.35  3.50  3.16     3.95  3.01  3.80  4.80  4.18
             1.07  1.02  1.00  1.01  1.03  1.05  1.06  1.02  1.00  1.03  1.07  1.11     1.04  1.06  1.01  1.04  1.03
             1.15  1.09  1.04  1.00  0.97  0.95  0.94  0.98  1.04  1.11  1.17  1.21     1.05  1.15  1.00  0.96  1.11
temperature  15.1  15.3  17.2  19.6  22.2  25.0  27.1  26.8  25.7  23.2  20.2  16.9     21.2  15.8  19.7  26.3  23.0
diffusedrad  1.53  1.73  2.04  2.42  2.64  2.68  2.52  2.42  2.20  1.93  1.66  1.48     2.10  1.58  2.36  2.54  1.93
snow10cm     0.00  0.00  0.00  0.00  0.00  0.00  0.00  0.00  0.00  0.00  0.00  0.00     0.00  0.00  0.00  0.00  0.00
