1 92011   南大東          25 49.7  131 13.6   15
             2.85  3.35  4.09  4.80  5.21  5.79  6.35  5.76  5.35  4.16  3.16  2.71     4.46  2.97  4.70  5.96  4.22
             3.57  4.13  5.01  6.00  6.17  7.40  6.72  6.57  6.07  4.70  3.81  3.45     4.81  3.37  5.37  6.59  4.49
             2.22  2.38  2.83  3.08  4.05  4.39  5.08  4.57  4.76  3.27  2.45  2.04     4.06  2.40  3.73  5.27  3.81
  0   10     3.16  3.59  4.25  4.85  5.13  5.63  6.17  5.75  5.54  4.48  3.44  3.00     4.58  3.25  4.74  5.85  4.49
  0   20     3.40  3.76  4.34  4.80  4.96  5.36  5.87  5.61  5.62  4.69  3.69  3.25     4.61  3.47  4.70  5.62  4.66
  0   30     3.57  3.85  4.33  4.65  4.70  4.99  5.45  5.36  5.55  4.80  3.85  3.43     4.54  3.62  4.56  5.27  4.73
  0   40     3.65  3.86  4.24  4.41  4.34  4.53  4.93  4.98  5.36  4.79  3.92  3.53     4.38  3.68  4.33  4.81  4.69
  0   50     3.65  3.78  4.05  4.09  3.91  3.98  4.30  4.51  5.04  4.68  3.91  3.55     4.12  3.66  4.01  4.26  4.54
  0   60     3.58  3.63  3.78  3.68  3.41  3.37  3.60  3.93  4.60  4.45  3.80  3.48     3.78  3.56  3.62  3.63  4.29
  0   70     3.42  3.39  3.43  3.21  2.86  2.73  2.87  3.29  4.06  4.13  3.61  3.34     3.36  3.38  3.17  2.96  3.93
  0   80     3.19  3.09  3.02  2.69  2.30  2.10  2.12  2.61  3.43  3.71  3.34  3.13     2.89  3.13  2.67  2.28  3.49
  0   90     2.88  2.73  2.56  2.14  1.76  1.57  1.48  1.91  2.74  3.21  3.00  2.84     2.40  2.82  2.15  1.65  2.98
 15   10     3.15  3.58  4.24  4.85  5.13  5.63  6.18  5.75  5.53  4.46  3.43  2.99     4.58  3.24  4.74  5.85  4.47
 15   20     3.38  3.74  4.32  4.80  4.97  5.37  5.89  5.62  5.59  4.67  3.66  3.23     4.60  3.45  4.70  5.63  4.64
 15   30     3.54  3.82  4.30  4.66  4.71  5.01  5.49  5.38  5.53  4.76  3.81  3.39     4.54  3.58  4.56  5.29  4.70
 15   40     3.61  3.82  4.20  4.43  4.36  4.56  4.97  5.02  5.34  4.75  3.88  3.48     4.37  3.64  4.33  4.85  4.65
 15   50     3.61  3.74  4.01  4.10  3.94  4.03  4.37  4.54  5.02  4.62  3.85  3.49     4.11  3.61  4.02  4.31  4.50
 15   60     3.52  3.58  3.73  3.71  3.46  3.44  3.69  4.00  4.59  4.39  3.74  3.42     3.77  3.51  3.63  3.71  4.24
 15   70     3.36  3.34  3.39  3.25  2.93  2.84  2.99  3.38  4.07  4.06  3.55  3.27     3.37  3.33  3.19  3.07  3.89
 15   80     3.13  3.04  2.98  2.75  2.39  2.23  2.29  2.74  3.47  3.65  3.27  3.06     2.92  3.07  2.71  2.42  3.46
 15   90     2.82  2.67  2.53  2.24  1.89  1.70  1.67  2.10  2.81  3.15  2.93  2.77     2.44  2.76  2.22  1.82  2.96
 30   10     3.12  3.55  4.22  4.84  5.14  5.65  6.19  5.75  5.50  4.43  3.40  2.96     4.56  3.21  4.73  5.86  4.44
 30   20     3.32  3.69  4.28  4.80  4.98  5.41  5.93  5.64  5.55  4.60  3.59  3.16     4.58  3.39  4.69  5.66  4.58
 30   30     3.44  3.74  4.25  4.66  4.74  5.08  5.56  5.41  5.47  4.67  3.71  3.29     4.50  3.49  4.55  5.35  4.62
 30   40     3.49  3.72  4.13  4.43  4.42  4.66  5.10  5.08  5.27  4.64  3.75  3.35     4.34  3.52  4.33  4.94  4.55
 30   50     3.47  3.63  3.94  4.13  4.02  4.17  4.54  4.65  4.97  4.50  3.70  3.34     4.09  3.48  4.03  4.45  4.39
 30   60     3.36  3.45  3.66  3.75  3.58  3.64  3.94  4.15  4.57  4.27  3.57  3.25     3.77  3.35  3.66  3.91  4.13
 30   70     3.19  3.21  3.33  3.33  3.09  3.08  3.31  3.59  4.08  3.95  3.36  3.09     3.38  3.16  3.25  3.33  3.79
 30   80     2.95  2.90  2.94  2.87  2.62  2.54  2.69  3.02  3.53  3.54  3.08  2.86     2.96  2.90  2.81  2.75  3.38
 30   90     2.65  2.55  2.52  2.41  2.16  2.06  2.14  2.47  2.95  3.08  2.74  2.57     2.52  2.59  2.36  2.22  2.92
 45   10     3.06  3.50  4.18  4.83  5.14  5.66  6.20  5.74  5.46  4.37  3.34  2.90     4.53  3.16  4.72  5.87  4.39
 45   20     3.21  3.60  4.21  4.78  5.00  5.45  5.98  5.64  5.48  4.50  3.48  3.05     4.53  3.29  4.66  5.69  4.49
 45   30     3.30  3.63  4.16  4.64  4.77  5.14  5.64  5.43  5.38  4.53  3.55  3.14     4.44  3.36  4.52  5.41  4.49
 45   40     3.31  3.58  4.03  4.42  4.48  4.77  5.23  5.13  5.19  4.48  3.55  3.16     4.28  3.35  4.31  5.04  4.41
 45   50     3.26  3.46  3.83  4.13  4.11  4.34  4.75  4.74  4.88  4.33  3.48  3.11     4.03  3.27  4.02  4.61  4.23
 45   60     3.13  3.28  3.56  3.79  3.71  3.85  4.20  4.29  4.52  4.09  3.32  3.00     3.73  3.13  3.69  4.11  3.97
 45   70     2.95  3.03  3.24  3.40  3.28  3.36  3.65  3.80  4.05  3.78  3.10  2.82     3.37  2.93  3.30  3.60  3.65
 45   80     2.71  2.74  2.88  2.98  2.84  2.88  3.10  3.29  3.58  3.40  2.83  2.59     2.98  2.68  2.90  3.09  3.27
 45   90     2.42  2.41  2.50  2.57  2.42  2.42  2.60  2.78  3.06  2.99  2.51  2.32     2.58  2.38  2.50  2.60  2.86
 60   10     3.00  3.45  4.14  4.81  5.14  5.68  6.22  5.74  5.41  4.30  3.27  2.83     4.50  3.09  4.70  5.88  4.33
 60   20     3.09  3.50  4.13  4.75  5.02  5.50  6.03  5.63  5.38  4.37  3.34  2.92     4.47  3.17  4.63  5.72  4.36
 60   30     3.12  3.47  4.05  4.61  4.80  5.22  5.74  5.44  5.27  4.36  3.36  2.95     4.37  3.18  4.49  5.47  4.33
 60   40     3.09  3.40  3.90  4.39  4.52  4.88  5.35  5.14  5.05  4.27  3.31  2.92     4.18  3.13  4.27  5.13  4.21
 60   50     3.00  3.26  3.69  4.12  4.20  4.49  4.93  4.80  4.77  4.10  3.20  2.84     3.95  3.03  4.00  4.74  4.03
 60   60     2.86  3.06  3.43  3.79  3.82  4.06  4.45  4.40  4.40  3.87  3.04  2.71     3.66  2.88  3.68  4.30  3.77
 60   70     2.67  2.83  3.13  3.43  3.41  3.60  3.94  3.94  4.00  3.57  2.81  2.52     3.32  2.67  3.32  3.83  3.46
 60   80     2.44  2.55  2.80  3.05  3.01  3.15  3.44  3.49  3.56  3.23  2.56  2.31     2.97  2.43  2.96  3.36  3.12
 60   90     2.18  2.26  2.45  2.66  2.62  2.72  2.96  3.03  3.10  2.86  2.27  2.05     2.60  2.17  2.58  2.90  2.74
 75   10     2.92  3.38  4.09  4.79  5.15  5.70  6.24  5.72  5.34  4.22  3.18  2.75     4.46  3.02  4.67  5.89  4.25
 75   20     2.94  3.37  4.03  4.71  5.02  5.54  6.07  5.61  5.26  4.21  3.19  2.77     4.39  3.02  4.59  5.74  4.22
 75   30     2.91  3.30  3.91  4.56  4.82  5.29  5.80  5.42  5.11  4.15  3.14  2.73     4.26  2.98  4.43  5.50  4.13
 75   40     2.84  3.18  3.75  4.34  4.55  4.97  5.46  5.14  4.88  4.02  3.04  2.66     4.07  2.89  4.21  5.19  3.98
 75   50     2.72  3.02  3.52  4.06  4.24  4.61  5.05  4.80  4.59  3.83  2.90  2.54     3.82  2.76  3.94  4.82  3.77
 75   60     2.56  2.82  3.27  3.76  3.89  4.21  4.63  4.44  4.25  3.59  2.72  2.40     3.54  2.59  3.64  4.42  3.52
 75   70     2.37  2.59  2.98  3.41  3.51  3.78  4.16  4.02  3.85  3.30  2.51  2.21     3.23  2.39  3.30  3.99  3.22
 75   80     2.16  2.34  2.67  3.06  3.12  3.34  3.67  3.58  3.46  3.00  2.27  2.01     2.89  2.17  2.95  3.53  2.91
 75   90     1.93  2.08  2.36  2.70  2.75  2.94  3.22  3.17  3.05  2.66  2.02  1.79     2.55  1.93  2.60  3.11  2.58
 90   10     2.84  3.31  4.03  4.76  5.15  5.72  6.26  5.71  5.28  4.13  3.09  2.66     4.41  2.94  4.65  5.90  4.17
 90   20     2.78  3.23  3.93  4.65  5.03  5.58  6.10  5.58  5.13  4.05  3.02  2.60     4.30  2.87  4.54  5.75  4.07
 90   30     2.69  3.11  3.77  4.48  4.82  5.34  5.85  5.37  4.93  3.91  2.90  2.51     4.14  2.77  4.36  5.52  3.91
 90   40     2.57  2.95  3.56  4.25  4.55  5.03  5.51  5.09  4.67  3.73  2.75  2.38     3.92  2.63  4.12  5.21  3.72
 90   50     2.42  2.77  3.33  3.97  4.25  4.68  5.12  4.75  4.35  3.51  2.59  2.24     3.66  2.48  3.85  4.85  3.48
 90   60     2.25  2.56  3.06  3.67  3.90  4.30  4.71  4.38  4.01  3.26  2.39  2.07     3.38  2.30  3.54  4.46  3.22
 90   70     2.06  2.33  2.79  3.34  3.54  3.88  4.26  4.00  3.65  3.00  2.19  1.90     3.08  2.10  3.22  4.05  2.94
 90   80     1.88  2.11  2.50  2.99  3.15  3.45  3.79  3.58  3.26  2.70  1.96  1.71     2.76  1.90  2.88  3.61  2.64
 90   90     1.67  1.86  2.21  2.66  2.79  3.05  3.34  3.17  2.89  2.42  1.76  1.53     2.45  1.69  2.55  3.19  2.36
105   10     2.75  3.24  3.97  4.74  5.15  5.74  6.28  5.69  5.21  4.04  3.00  2.58     4.37  2.86  4.62  5.90  4.08
105   20     2.62  3.09  3.82  4.60  5.02  5.60  6.12  5.53  4.99  3.87  2.84  2.43     4.21  2.71  4.48  5.75  3.90
105   30     2.45  2.92  3.61  4.40  4.81  5.37  5.86  5.30  4.72  3.65  2.66  2.28     4.00  2.55  4.27  5.51  3.68
105   40     2.29  2.72  3.36  4.14  4.53  5.06  5.51  4.99  4.41  3.42  2.46  2.11     3.75  2.37  4.01  5.19  3.43
105   50     2.12  2.50  3.11  3.84  4.21  4.70  5.12  4.63  4.07  3.17  2.26  1.94     3.47  2.19  3.72  4.82  3.16
105   60     1.94  2.29  2.84  3.52  3.86  4.31  4.69  4.25  3.69  2.90  2.07  1.77     3.18  2.00  3.41  4.42  2.89
105   70     1.77  2.08  2.56  3.20  3.49  3.89  4.24  3.86  3.34  2.63  1.87  1.61     2.88  1.82  3.08  4.00  2.61
105   80     1.59  1.86  2.29  2.87  3.12  3.46  3.78  3.46  2.99  2.38  1.68  1.44     2.58  1.63  2.76  3.57  2.35
105   90     1.43  1.66  2.03  2.54  2.76  3.06  3.33  3.06  2.63  2.12  1.50  1.29     2.28  1.46  2.44  3.15  2.08
120   10     2.67  3.17  3.92  4.71  5.15  5.76  6.30  5.67  5.14  3.95  2.92  2.50     4.32  2.78  4.59  5.91  4.00
120   20     2.46  2.96  3.71  4.54  5.01  5.62  6.13  5.48  4.85  3.69  2.68  2.28     4.12  2.56  4.42  5.75  3.74
120   30     2.24  2.72  3.45  4.30  4.78  5.39  5.86  5.20  4.51  3.39  2.43  2.05     3.86  2.34  4.18  5.48  3.44
120   40     2.02  2.48  3.16  4.00  4.49  5.06  5.49  4.84  4.13  3.08  2.18  1.84     3.56  2.11  3.88  5.13  3.13
120   50     1.82  2.24  2.87  3.67  4.14  4.67  5.06  4.44  3.73  2.79  1.95  1.65     3.25  1.90  3.56  4.72  2.83
120   60     1.65  2.02  2.58  3.33  3.76  4.24  4.58  4.03  3.34  2.52  1.75  1.49     2.94  1.72  3.22  4.29  2.53
120   70     1.49  1.80  2.31  3.00  3.38  3.80  4.10  3.62  2.96  2.26  1.56  1.34     2.63  1.54  2.89  3.84  2.26
120   80     1.34  1.62  2.06  2.68  3.00  3.37  3.63  3.23  2.63  2.02  1.41  1.20     2.35  1.39  2.58  3.41  2.02
120   90     1.21  1.45  1.82  2.38  2.64  2.96  3.19  2.85  2.33  1.81  1.25  1.09     2.08  1.25  2.28  3.00  1.80
135   10     2.60  3.11  3.88  4.68  5.15  5.77  6.31  5.65  5.08  3.87  2.84  2.43     4.28  2.71  4.57  5.91  3.93
135   20     2.32  2.84  3.61  4.48  5.00  5.65  6.14  5.43  4.73  3.53  2.53  2.14     4.03  2.43  4.37  5.74  3.60
135   30     2.03  2.54  3.30  4.20  4.76  5.40  5.85  5.10  4.31  3.15  2.21  1.86     3.73  2.14  4.08  5.45  3.22
135   40     1.77  2.25  2.96  3.86  4.43  5.05  5.44  4.70  3.84  2.77  1.91  1.61     3.38  1.88  3.75  5.06  2.84
135   50     1.56  1.98  2.62  3.49  4.04  4.62  4.94  4.23  3.37  2.41  1.66  1.40     3.03  1.64  3.38  4.60  2.48
135   60     1.39  1.75  2.31  3.11  3.61  4.13  4.40  3.75  2.93  2.11  1.46  1.25     2.68  1.46  3.01  4.09  2.17
135   70     1.25  1.56  2.04  2.75  3.19  3.64  3.85  3.30  2.55  1.87  1.30  1.13     2.37  1.31  2.66  3.60  1.91
135   80     1.14  1.41  1.81  2.43  2.81  3.18  3.36  2.89  2.23  1.67  1.18  1.02     2.09  1.19  2.35  3.14  1.69
135   90     1.05  1.27  1.62  2.15  2.46  2.77  2.92  2.54  1.96  1.52  1.08  0.94     1.86  1.09  2.08  2.74  1.52
150   10     2.54  3.06  3.84  4.66  5.15  5.79  6.32  5.63  5.03  3.81  2.79  2.37     4.25  2.66  4.55  5.92  3.88
150   20     2.20  2.74  3.53  4.43  5.00  5.67  6.16  5.39  4.63  3.39  2.41  2.02     3.97  2.32  4.32  5.74  3.48
150   30     1.86  2.39  3.18  4.12  4.74  5.42  5.86  5.03  4.13  2.94  2.03  1.69     3.62  1.98  4.01  5.43  3.03
150   40     1.55  2.04  2.79  3.74  4.38  5.05  5.42  4.56  3.59  2.48  1.67  1.40     3.22  1.66  3.64  5.01  2.58
150   50     1.32  1.74  2.39  3.31  3.96  4.58  4.86  4.02  3.02  2.06  1.40  1.19     2.82  1.42  3.22  4.49  2.16
150   60     1.19  1.51  2.05  2.87  3.47  4.03  4.22  3.44  2.50  1.74  1.23  1.08     2.44  1.26  2.80  3.90  1.82
150   70     1.10  1.36  1.78  2.47  2.98  3.44  3.56  2.91  2.10  1.51  1.13  1.01     2.11  1.16  2.41  3.30  1.58
150   80     1.03  1.24  1.59  2.15  2.56  2.92  2.98  2.48  1.80  1.37  1.05  0.95     1.84  1.07  2.10  2.79  1.41
150   90     0.96  1.15  1.43  1.91  2.22  2.49  2.55  2.15  1.61  1.27  0.98  0.89     1.63  1.00  1.85  2.40  1.29
165   10     2.50  3.04  3.82  4.65  5.14  5.81  6.32  5.62  5.01  3.76  2.75  2.34     4.23  2.63  4.54  5.92  3.84
165   20     2.12  2.68  3.49  4.40  4.99  5.70  6.17  5.37  4.57  3.30  2.33  1.95     3.92  2.25  4.29  5.75  3.40
165   30     1.73  2.28  3.10  4.07  4.73  5.46  5.87  4.99  4.03  2.78  1.89  1.56     3.54  1.86  3.97  5.44  2.90
165   40     1.37  1.88  2.66  3.66  4.37  5.10  5.43  4.49  3.42  2.24  1.48  1.23     3.11  1.49  3.56  5.01  2.38
165   50     1.20  1.53  2.20  3.19  3.93  4.64  4.87  3.91  2.75  1.74  1.20  1.11     2.69  1.28  3.11  4.47  1.89
165   60     1.14  1.34  1.80  2.67  3.42  4.08  4.20  3.24  2.10  1.39  1.14  1.06     2.30  1.18  2.63  3.84  1.54
165   70     1.08  1.26  1.55  2.18  2.85  3.43  3.44  2.52  1.64  1.26  1.09  1.01     1.94  1.12  2.19  3.13  1.33
165   80     1.02  1.19  1.42  1.87  2.28  2.73  2.61  2.02  1.43  1.19  1.03  0.95     1.64  1.05  1.85  2.46  1.22
165   90     0.95  1.11  1.31  1.68  1.94  2.21  2.11  1.76  1.32  1.14  0.97  0.89     1.45  0.98  1.64  2.02  1.14
180   10     2.49  3.02  3.81  4.64  5.14  5.82  6.32  5.62  5.01  3.75  2.74  2.33     4.22  2.61  4.53  5.92  3.83
180   20     2.10  2.65  3.48  4.39  4.98  5.71  6.17  5.35  4.56  3.26  2.30  1.92     3.91  2.22  4.28  5.75  3.38
180   30     1.68  2.24  3.07  4.05  4.72  5.49  5.87  4.97  4.01  2.72  1.84  1.51     3.52  1.81  3.95  5.44  2.86
180   40     1.30  1.80  2.62  3.64  4.36  5.14  5.43  4.47  3.38  2.14  1.40  1.17     3.07  1.43  3.54  5.01  2.30
180   50     1.20  1.41  2.12  3.15  3.91  4.68  4.86  3.88  2.68  1.55  1.19  1.11     2.65  1.24  3.06  4.47  1.80
180   60     1.14  1.33  1.60  2.62  3.40  4.12  4.19  3.20  1.93  1.27  1.14  1.06     2.25  1.18  2.54  3.84  1.45
180   70     1.08  1.26  1.46  2.06  2.82  3.48  3.43  2.48  1.29  1.23  1.09  1.01     1.89  1.12  2.11  3.13  1.20
180   80     1.02  1.19  1.38  1.68  2.21  2.79  2.61  1.75  1.23  1.18  1.03  0.95     1.58  1.05  1.75  2.38  1.15
180   90     0.95  1.11  1.29  1.54  1.79  2.12  1.91  1.53  1.20  1.13  0.97  0.89     1.37  0.98  1.54  1.86  1.10
             45.5  36.0  24.4  10.3  -0.5  -7.3  -4.9   4.9  20.4  34.5  43.3  47.3     18.1  42.9  10.7  -2.5  31.2
             3.66  3.86  4.35  4.85  5.19  5.82  6.34  5.77  5.61  4.81  3.93  3.55     4.81  3.68  4.74  5.96  4.73
             3.36  3.73  4.33  4.82  5.00  5.42  5.94  5.65  5.61  4.66  3.65  3.21     4.61  3.43  4.72  5.67  4.64
             1.09  1.03  1.00  1.01  1.04  1.07  1.07  1.02  1.00  1.03  1.08  1.11     1.05  1.08  1.02  1.05  1.04
             1.18  1.11  1.06  1.00  0.96  0.94  0.94  0.98  1.05  1.12  1.16  1.18     1.06  1.16  1.01  0.95  1.11
temperature  17.7  17.8  19.3  21.5  23.9  26.6  28.5  28.3  27.6  25.5  22.8  19.4     23.2  18.3  21.6  27.8  25.3
diffusedrad  1.63  1.90  2.23  2.56  2.67  2.56  2.15  2.20  2.01  1.93  1.68  1.53     2.09  1.69  2.49  2.30  1.87
snow10cm     0.00  0.00  0.00  0.00  0.00  0.00  0.00  0.00  0.00  0.00  0.00  0.00     0.00  0.00  0.00  0.00  0.00
