2 93011   伊良部          24 49.6  125 10.3   10
             2.48  2.85  3.61  4.29  4.66  5.28  5.80  5.43  4.83  4.03  3.08  2.56     4.07  2.63  4.18  5.50  3.98
             3.17  3.90  4.55  5.54  6.03  6.56  7.08  6.23  5.57  4.64  3.87  3.04     4.46  3.06  5.29  6.24  4.37
             1.99  1.75  2.41  3.40  3.36  2.78  4.14  4.66  3.93  3.25  2.66  2.20     3.42  2.12  3.25  3.89  3.44
  0   10     2.68  3.00  3.73  4.32  4.59  5.12  5.63  5.41  4.97  4.28  3.37  2.82     4.16  2.84  4.21  5.39  4.21
  0   20     2.84  3.12  3.78  4.27  4.45  4.88  5.37  5.27  5.01  4.46  3.59  3.02     4.17  2.99  4.16  5.17  4.35
  0   30     2.93  3.16  3.75  4.13  4.21  4.54  5.00  5.03  4.93  4.54  3.72  3.16     4.09  3.08  4.03  4.86  4.40
  0   40     2.97  3.15  3.65  3.92  3.91  4.13  4.52  4.67  4.75  4.51  3.78  3.23     3.93  3.11  3.83  4.44  4.34
  0   50     2.94  3.06  3.48  3.63  3.53  3.64  3.96  4.23  4.45  4.38  3.75  3.22     3.69  3.08  3.55  3.94  4.19
  0   60     2.86  2.92  3.24  3.27  3.09  3.09  3.34  3.69  4.06  4.16  3.63  3.15     3.38  2.98  3.20  3.38  3.95
  0   70     2.71  2.73  2.94  2.87  2.63  2.53  2.68  3.10  3.59  3.84  3.44  3.01     3.00  2.81  2.81  2.77  3.62
  0   80     2.51  2.48  2.59  2.42  2.13  1.97  2.02  2.47  3.05  3.44  3.18  2.81     2.59  2.60  2.38  2.15  3.22
  0   90     2.26  2.18  2.20  1.95  1.67  1.50  1.46  1.83  2.46  2.97  2.85  2.55     2.16  2.33  1.94  1.60  2.76
 15   10     2.67  3.00  3.72  4.32  4.59  5.12  5.63  5.40  4.97  4.27  3.36  2.81     4.16  2.83  4.21  5.38  4.20
 15   20     2.82  3.10  3.77  4.27  4.45  4.89  5.39  5.28  5.00  4.44  3.57  3.00     4.17  2.97  4.16  5.19  4.34
 15   30     2.91  3.14  3.74  4.13  4.22  4.57  5.02  5.04  4.93  4.51  3.69  3.13     4.09  3.06  4.03  4.88  4.38
 15   40     2.94  3.11  3.64  3.92  3.92  4.16  4.56  4.70  4.75  4.47  3.74  3.19     3.92  3.08  3.83  4.47  4.32
 15   50     2.90  3.03  3.46  3.63  3.55  3.69  4.02  4.26  4.46  4.34  3.71  3.18     3.69  3.04  3.55  3.99  4.17
 15   60     2.81  2.88  3.23  3.29  3.13  3.16  3.42  3.75  4.09  4.11  3.59  3.10     3.38  2.93  3.21  3.44  3.93
 15   70     2.66  2.68  2.93  2.89  2.68  2.61  2.79  3.19  3.63  3.79  3.39  2.96     3.01  2.77  2.83  2.86  3.60
 15   80     2.46  2.43  2.58  2.46  2.21  2.07  2.17  2.58  3.10  3.38  3.12  2.75     2.61  2.54  2.42  2.27  3.20
 15   90     2.21  2.13  2.20  2.02  1.78  1.62  1.63  2.00  2.54  2.91  2.79  2.49     2.19  2.28  2.00  1.75  2.75
 30   10     2.65  2.97  3.71  4.31  4.59  5.13  5.64  5.40  4.95  4.24  3.33  2.78     4.14  2.80  4.20  5.39  4.17
 30   20     2.77  3.06  3.74  4.26  4.46  4.92  5.41  5.28  4.98  4.38  3.50  2.94     4.14  2.92  4.15  5.20  4.29
 30   30     2.84  3.08  3.71  4.12  4.24  4.61  5.07  5.05  4.90  4.42  3.61  3.04     4.06  2.99  4.02  4.91  4.31
 30   40     2.85  3.04  3.60  3.92  3.96  4.24  4.65  4.73  4.73  4.37  3.63  3.08     3.90  2.99  3.82  4.54  4.24
 30   50     2.80  2.94  3.42  3.63  3.61  3.80  4.16  4.33  4.45  4.22  3.57  3.05     3.67  2.93  3.55  4.09  4.08
 30   60     2.69  2.78  3.18  3.31  3.22  3.31  3.61  3.86  4.09  3.98  3.44  2.96     3.37  2.81  3.23  3.59  3.84
 30   70     2.53  2.58  2.89  2.93  2.80  2.82  3.05  3.35  3.67  3.66  3.23  2.80     3.03  2.64  2.87  3.07  3.52
 30   80     2.32  2.33  2.55  2.54  2.38  2.34  2.50  2.81  3.19  3.27  2.96  2.59     2.65  2.41  2.49  2.55  3.14
 30   90     2.07  2.04  2.20  2.14  1.99  1.91  2.01  2.30  2.68  2.83  2.63  2.33     2.26  2.15  2.11  2.07  2.71
 45   10     2.61  2.94  3.68  4.30  4.60  5.14  5.66  5.40  4.92  4.19  3.28  2.73     4.12  2.76  4.19  5.40  4.13
 45   20     2.70  3.00  3.70  4.24  4.47  4.95  5.43  5.27  4.93  4.28  3.41  2.86     4.10  2.85  4.13  5.22  4.21
 45   30     2.73  2.99  3.64  4.10  4.27  4.67  5.14  5.07  4.85  4.30  3.47  2.92     4.01  2.88  4.00  4.96  4.21
 45   40     2.71  2.93  3.52  3.90  3.99  4.32  4.75  4.76  4.67  4.22  3.46  2.93     3.85  2.86  3.80  4.61  4.12
 45   50     2.65  2.82  3.34  3.64  3.67  3.93  4.30  4.39  4.41  4.05  3.38  2.87     3.62  2.78  3.55  4.21  3.95
 45   60     2.52  2.65  3.10  3.32  3.31  3.50  3.83  3.97  4.07  3.81  3.23  2.76     3.34  2.65  3.25  3.76  3.71
 45   70     2.36  2.45  2.83  2.98  2.92  3.05  3.32  3.50  3.69  3.50  3.02  2.59     3.02  2.46  2.91  3.29  3.40
 45   80     2.15  2.21  2.51  2.61  2.54  2.60  2.82  3.03  3.24  3.14  2.75  2.38     2.67  2.24  2.56  2.82  3.04
 45   90     1.91  1.94  2.19  2.25  2.17  2.20  2.36  2.57  2.81  2.74  2.44  2.12     2.31  1.99  2.21  2.37  2.66
 60   10     2.56  2.90  3.65  4.28  4.60  5.16  5.67  5.39  4.89  4.13  3.21  2.68     4.09  2.71  4.18  5.41  4.08
 60   20     2.61  2.92  3.64  4.21  4.47  4.98  5.47  5.26  4.87  4.17  3.29  2.75     4.05  2.76  4.11  5.24  4.11
 60   30     2.61  2.88  3.56  4.07  4.28  4.73  5.20  5.06  4.77  4.13  3.30  2.76     3.95  2.75  3.97  5.00  4.07
 60   40     2.56  2.80  3.43  3.87  4.03  4.42  4.86  4.79  4.59  4.02  3.25  2.73     3.78  2.70  3.78  4.69  3.95
 60   50     2.46  2.67  3.24  3.61  3.72  4.05  4.45  4.43  4.33  3.84  3.14  2.65     3.55  2.59  3.52  4.31  3.77
 60   60     2.33  2.50  3.02  3.32  3.39  3.66  4.00  4.05  4.02  3.60  2.97  2.52     3.28  2.45  3.24  3.90  3.53
 60   70     2.16  2.29  2.75  3.00  3.03  3.25  3.55  3.63  3.65  3.31  2.77  2.35     2.98  2.27  2.92  3.48  3.24
 60   80     1.96  2.07  2.46  2.65  2.67  2.84  3.09  3.18  3.27  2.97  2.51  2.14     2.65  2.06  2.59  3.04  2.92
 60   90     1.74  1.82  2.16  2.32  2.32  2.44  2.65  2.76  2.86  2.62  2.24  1.91     2.32  1.82  2.27  2.62  2.57
 75   10     2.51  2.86  3.61  4.27  4.60  5.18  5.69  5.38  4.84  4.05  3.14  2.61     4.06  2.66  4.16  5.41  4.01
 75   20     2.50  2.83  3.57  4.18  4.48  5.01  5.51  5.25  4.79  4.03  3.15  2.62     3.99  2.65  4.08  5.26  3.99
 75   30     2.46  2.76  3.47  4.02  4.29  4.79  5.25  5.03  4.65  3.93  3.10  2.59     3.86  2.60  3.93  5.02  3.90
 75   40     2.38  2.65  3.31  3.82  4.05  4.50  4.93  4.77  4.46  3.79  3.01  2.51     3.68  2.51  3.73  4.73  3.76
 75   50     2.26  2.50  3.12  3.57  3.76  4.15  4.56  4.44  4.21  3.59  2.87  2.41     3.45  2.39  3.48  4.38  3.56
 75   60     2.11  2.33  2.89  3.28  3.44  3.78  4.13  4.06  3.90  3.35  2.70  2.26     3.19  2.23  3.20  3.99  3.32
 75   70     1.95  2.13  2.64  2.98  3.10  3.40  3.71  3.68  3.57  3.07  2.49  2.09     2.90  2.06  2.91  3.60  3.04
 75   80     1.75  1.92  2.37  2.66  2.75  3.00  3.29  3.27  3.20  2.77  2.26  1.90     2.60  1.86  2.59  3.19  2.74
 75   90     1.57  1.69  2.09  2.33  2.41  2.62  2.86  2.86  2.84  2.45  2.01  1.69     2.29  1.65  2.28  2.78  2.43
 90   10     2.45  2.81  3.57  4.25  4.61  5.20  5.70  5.36  4.79  3.97  3.06  2.54     4.03  2.60  4.14  5.42  3.94
 90   20     2.39  2.73  3.49  4.14  4.48  5.05  5.53  5.22  4.69  3.87  2.99  2.48     3.92  2.54  4.04  5.27  3.85
 90   30     2.30  2.62  3.36  3.97  4.29  4.83  5.29  4.99  4.52  3.73  2.89  2.40     3.77  2.44  3.87  5.04  3.71
 90   40     2.19  2.49  3.18  3.75  4.05  4.55  4.98  4.72  4.29  3.53  2.75  2.29     3.56  2.32  3.66  4.75  3.52
 90   50     2.05  2.32  2.97  3.50  3.77  4.22  4.61  4.40  4.03  3.31  2.59  2.14     3.33  2.17  3.41  4.41  3.31
 90   60     1.90  2.14  2.75  3.21  3.44  3.85  4.21  4.03  3.73  3.06  2.40  2.00     3.06  2.01  3.13  4.03  3.06
 90   70     1.73  1.95  2.49  2.91  3.12  3.48  3.79  3.65  3.40  2.79  2.20  1.82     2.78  1.84  2.84  3.64  2.79
 90   80     1.56  1.75  2.24  2.61  2.79  3.10  3.38  3.27  3.07  2.51  1.99  1.66     2.49  1.66  2.55  3.25  2.52
 90   90     1.39  1.55  1.99  2.30  2.45  2.71  2.96  2.88  2.72  2.22  1.77  1.47     2.20  1.47  2.25  2.85  2.24
105   10     2.39  2.75  3.53  4.22  4.61  5.21  5.72  5.34  4.74  3.88  2.98  2.47     3.99  2.54  4.12  5.42  3.87
105   20     2.28  2.64  3.40  4.09  4.48  5.08  5.55  5.18  4.58  3.71  2.84  2.35     3.85  2.42  3.99  5.27  3.71
105   30     2.15  2.49  3.24  3.90  4.29  4.86  5.31  4.93  4.36  3.50  2.67  2.21     3.66  2.28  3.81  5.04  3.51
105   40     2.00  2.32  3.03  3.67  4.04  4.58  4.99  4.64  4.09  3.26  2.49  2.05     3.43  2.12  3.58  4.74  3.28
105   50     1.84  2.14  2.80  3.40  3.74  4.23  4.61  4.30  3.80  3.00  2.30  1.90     3.17  1.96  3.31  4.38  3.03
105   60     1.69  1.95  2.57  3.11  3.42  3.87  4.20  3.92  3.49  2.74  2.10  1.74     2.90  1.79  3.03  3.99  2.78
105   70     1.52  1.76  2.33  2.80  3.09  3.49  3.78  3.53  3.16  2.48  1.91  1.58     2.62  1.62  2.74  3.60  2.52
105   80     1.37  1.58  2.08  2.51  2.75  3.10  3.37  3.16  2.84  2.22  1.71  1.42     2.34  1.46  2.45  3.21  2.26
105   90     1.22  1.40  1.85  2.22  2.42  2.73  2.96  2.79  2.54  1.98  1.54  1.27     2.08  1.29  2.17  2.83  2.02
120   10     2.34  2.71  3.49  4.20  4.60  5.23  5.73  5.33  4.68  3.81  2.90  2.40     3.95  2.48  4.10  5.43  3.80
120   20     2.17  2.54  3.32  4.05  4.48  5.11  5.58  5.14  4.47  3.56  2.69  2.22     3.78  2.31  3.95  5.27  3.57
120   30     2.00  2.35  3.12  3.83  4.27  4.88  5.32  4.87  4.19  3.28  2.45  2.02     3.55  2.12  3.74  5.02  3.31
120   40     1.82  2.15  2.88  3.57  4.00  4.58  4.97  4.53  3.87  2.98  2.22  1.83     3.28  1.93  3.48  4.69  3.02
120   50     1.64  1.95  2.63  3.28  3.69  4.22  4.56  4.15  3.53  2.68  2.01  1.65     3.00  1.75  3.20  4.31  2.74
120   60     1.48  1.76  2.37  2.97  3.35  3.83  4.12  3.74  3.20  2.39  1.81  1.49     2.71  1.58  2.90  3.90  2.46
120   70     1.34  1.58  2.13  2.66  3.00  3.43  3.68  3.33  2.87  2.14  1.63  1.35     2.43  1.42  2.60  3.48  2.21
120   80     1.21  1.41  1.91  2.36  2.66  3.03  3.25  2.96  2.56  1.92  1.46  1.22     2.16  1.28  2.31  3.08  1.98
120   90     1.08  1.26  1.69  2.09  2.34  2.65  2.85  2.61  2.27  1.70  1.31  1.10     1.91  1.14  2.04  2.70  1.76
135   10     2.29  2.67  3.45  4.18  4.61  5.25  5.74  5.31  4.63  3.74  2.84  2.34     3.92  2.43  4.08  5.43  3.74
135   20     2.08  2.46  3.25  4.01  4.47  5.12  5.59  5.11  4.36  3.42  2.55  2.10     3.71  2.21  3.91  5.27  3.44
135   30     1.86  2.23  3.00  3.77  4.26  4.90  5.32  4.80  4.03  3.06  2.25  1.85     3.44  1.98  3.68  5.01  3.12
135   40     1.65  1.99  2.73  3.47  3.97  4.58  4.95  4.40  3.64  2.70  1.97  1.63     3.14  1.76  3.39  4.64  2.77
135   50     1.46  1.77  2.44  3.14  3.63  4.18  4.49  3.97  3.25  2.36  1.73  1.43     2.82  1.56  3.07  4.21  2.44
135   60     1.31  1.58  2.17  2.80  3.25  3.75  4.00  3.51  2.86  2.06  1.53  1.28     2.51  1.39  2.74  3.75  2.15
135   70     1.19  1.41  1.93  2.48  2.88  3.30  3.50  3.07  2.52  1.81  1.37  1.16     2.22  1.25  2.43  3.29  1.90
135   80     1.08  1.26  1.72  2.18  2.52  2.88  3.04  2.68  2.23  1.61  1.24  1.06     1.96  1.14  2.14  2.86  1.69
135   90     0.98  1.14  1.53  1.92  2.21  2.50  2.63  2.34  1.98  1.44  1.14  0.97     1.73  1.03  1.89  2.49  1.52
150   10     2.25  2.64  3.43  4.17  4.61  5.26  5.76  5.31  4.60  3.69  2.78  2.29     3.90  2.40  4.07  5.44  3.69
150   20     2.00  2.39  3.19  3.98  4.47  5.15  5.61  5.08  4.28  3.31  2.44  2.00     3.66  2.13  3.88  5.28  3.34
150   30     1.74  2.13  2.91  3.71  4.25  4.92  5.34  4.74  3.89  2.88  2.09  1.71     3.36  1.86  3.62  5.00  2.95
150   40     1.50  1.85  2.59  3.39  3.95  4.60  4.94  4.31  3.43  2.44  1.75  1.44     3.02  1.60  3.31  4.62  2.54
150   50     1.31  1.61  2.26  3.01  3.57  4.18  4.45  3.81  2.95  2.05  1.49  1.25     2.66  1.39  2.95  4.14  2.16
150   60     1.18  1.41  1.97  2.63  3.15  3.68  3.87  3.27  2.51  1.72  1.31  1.13     2.32  1.24  2.58  3.61  1.85
150   70     1.09  1.27  1.72  2.27  2.72  3.15  3.27  2.77  2.13  1.50  1.20  1.06     2.01  1.14  2.24  3.06  1.61
150   80     1.01  1.16  1.53  1.98  2.34  2.67  2.74  2.35  1.87  1.36  1.11  0.98     1.76  1.05  1.95  2.59  1.44
150   90     0.94  1.06  1.39  1.74  2.02  2.27  2.33  2.04  1.67  1.24  1.03  0.92     1.55  0.97  1.72  2.21  1.31
165   10     2.23  2.62  3.41  4.16  4.61  5.27  5.77  5.31  4.57  3.66  2.74  2.26     3.88  2.37  4.06  5.45  3.66
165   20     1.95  2.35  3.15  3.96  4.47  5.17  5.64  5.07  4.22  3.23  2.37  1.94     3.63  2.08  3.86  5.29  3.27
165   30     1.66  2.06  2.85  3.68  4.25  4.95  5.37  4.73  3.79  2.76  1.96  1.60     3.31  1.77  3.59  5.02  2.84
165   40     1.38  1.75  2.49  3.34  3.95  4.63  4.98  4.28  3.28  2.26  1.57  1.30     2.93  1.48  3.26  4.63  2.37
165   50     1.21  1.47  2.12  2.93  3.57  4.21  4.49  3.74  2.73  1.77  1.28  1.17     2.56  1.28  2.87  4.15  1.93
165   60     1.15  1.29  1.77  2.49  3.13  3.71  3.89  3.13  2.18  1.43  1.21  1.11     2.21  1.18  2.46  3.58  1.60
165   70     1.08  1.21  1.54  2.06  2.64  3.15  3.22  2.47  1.75  1.28  1.15  1.05     1.88  1.11  2.08  2.94  1.39
165   80     1.01  1.13  1.40  1.76  2.13  2.52  2.50  1.97  1.53  1.21  1.08  0.98     1.60  1.04  1.77  2.33  1.27
165   90     0.93  1.05  1.29  1.58  1.82  2.02  2.00  1.71  1.41  1.15  1.01  0.91     1.41  0.96  1.56  1.91  1.19
180   10     2.22  2.61  3.40  4.16  4.61  5.27  5.78  5.31  4.57  3.64  2.73  2.25     3.88  2.36  4.06  5.46  3.65
180   20     1.93  2.34  3.14  3.96  4.48  5.17  5.65  5.08  4.21  3.21  2.34  1.92     3.62  2.06  3.86  5.30  3.25
180   30     1.63  2.03  2.82  3.68  4.25  4.96  5.39  4.74  3.76  2.71  1.92  1.56     3.29  1.74  3.59  5.03  2.79
180   40     1.33  1.70  2.46  3.33  3.95  4.65  5.01  4.29  3.24  2.17  1.50  1.25     2.91  1.43  3.25  4.65  2.30
180   50     1.21  1.39  2.05  2.93  3.57  4.23  4.52  3.75  2.66  1.62  1.27  1.17     2.53  1.25  2.85  4.17  1.85
180   60     1.15  1.28  1.63  2.48  3.13  3.74  3.93  3.15  2.03  1.31  1.21  1.11     2.18  1.18  2.41  3.61  1.52
180   70     1.08  1.21  1.46  2.00  2.64  3.17  3.27  2.48  1.44  1.25  1.15  1.05     1.85  1.11  2.03  2.97  1.28
180   80     1.01  1.13  1.37  1.63  2.12  2.55  2.54  1.79  1.35  1.20  1.08  0.98     1.56  1.04  1.71  2.30  1.21
180   90     0.93  1.05  1.27  1.49  1.72  1.93  1.88  1.55  1.29  1.14  1.01  0.91     1.35  0.96  1.49  1.79  1.15
             40.8  32.4  21.8   9.1  -0.9  -6.5  -5.4   3.9  18.3  32.5  41.5  44.8     15.9  39.5   9.2  -2.7  29.7
             2.97  3.16  3.78  4.32  4.65  5.28  5.79  5.43  5.01  4.54  3.78  3.23     4.33  3.11  4.21  5.49  4.40
             2.78  3.08  3.77  4.30  4.52  4.99  5.49  5.34  5.01  4.40  3.51  2.94     4.18  2.93  4.19  5.28  4.30
             1.07  1.03  1.00  1.00  1.03  1.06  1.05  1.02  1.00  1.03  1.08  1.10     1.04  1.06  1.01  1.04  1.04
             1.12  1.08  1.04  1.00  0.97  0.95  0.95  0.98  1.04  1.09  1.14  1.15     1.04  1.12  1.01  0.96  1.09
temperature  17.8  18.1  19.8  22.3  24.7  27.2  28.8  28.3  27.1  25.2  22.5  19.5     23.4  18.5  22.3  28.1  24.9
diffusedrad  1.58  1.77  2.15  2.47  2.61  2.50  2.29  2.29  2.16  1.96  1.73  1.55     2.09  1.63  2.41  2.36  1.95
snow10cm     0.00  0.00  0.00  0.00  0.00  0.00  0.00  0.00  0.00  0.00  0.00  0.00     0.00  0.00  0.00  0.00  0.00
