2 94101   大原            24 15.9  123 52.3   33
             2.50  2.77  3.37  4.04  4.74  5.34  5.96  5.50  4.82  4.10  3.05  2.56     4.06  2.61  4.05  5.60  3.99
             3.55  4.16  4.75  5.61  6.15  6.43  7.67  6.29  5.53  4.97  3.88  3.02     4.56  3.23  5.14  6.39  4.44
             1.50  1.73  2.25  3.19  3.77  4.15  5.12  4.63  3.78  3.37  1.87  1.43     3.62  1.77  3.26  4.84  3.38
  0   10     2.68  2.93  3.48  4.06  4.67  5.18  5.79  5.47  4.94  4.35  3.32  2.80     4.14  2.80  4.07  5.48  4.20
  0   20     2.82  3.03  3.52  4.01  4.51  4.93  5.51  5.33  4.97  4.53  3.52  2.99     4.14  2.95  4.01  5.25  4.34
  0   30     2.92  3.07  3.48  3.88  4.27  4.59  5.11  5.07  4.89  4.61  3.65  3.12     4.05  3.04  3.88  4.92  4.38
  0   40     2.95  3.05  3.38  3.68  3.95  4.17  4.60  4.70  4.70  4.58  3.69  3.18     3.89  3.06  3.67  4.49  4.32
  0   50     2.92  2.96  3.22  3.41  3.56  3.67  4.02  4.24  4.41  4.45  3.65  3.17     3.64  3.02  3.40  3.98  4.17
  0   60     2.82  2.82  3.00  3.08  3.11  3.12  3.37  3.69  4.02  4.21  3.54  3.10     3.32  2.92  3.06  3.40  3.92
  0   70     2.67  2.63  2.72  2.70  2.63  2.54  2.68  3.09  3.54  3.88  3.34  2.95     2.95  2.75  2.68  2.77  3.59
  0   80     2.47  2.39  2.40  2.29  2.12  1.98  2.00  2.44  3.00  3.47  3.08  2.75     2.53  2.54  2.27  2.14  3.19
  0   90     2.23  2.10  2.04  1.86  1.65  1.52  1.43  1.80  2.42  2.99  2.75  2.49     2.11  2.27  1.85  1.58  2.72
 15   10     2.67  2.92  3.47  4.06  4.67  5.17  5.80  5.46  4.94  4.34  3.31  2.79     4.13  2.79  4.07  5.48  4.20
 15   20     2.81  3.02  3.51  4.01  4.52  4.94  5.53  5.33  4.97  4.51  3.50  2.97     4.13  2.93  4.01  5.27  4.33
 15   30     2.89  3.05  3.47  3.88  4.28  4.61  5.13  5.08  4.89  4.58  3.62  3.09     4.05  3.01  3.88  4.94  4.36
 15   40     2.92  3.02  3.37  3.68  3.96  4.20  4.66  4.73  4.70  4.54  3.65  3.14     3.88  3.03  3.67  4.53  4.30
 15   50     2.88  2.94  3.21  3.41  3.59  3.71  4.08  4.28  4.41  4.40  3.61  3.13     3.64  2.98  3.40  4.03  4.14
 15   60     2.79  2.79  2.98  3.09  3.15  3.19  3.46  3.75  4.04  4.16  3.49  3.05     3.33  2.88  3.07  3.46  3.89
 15   70     2.64  2.60  2.70  2.72  2.68  2.63  2.80  3.18  3.58  3.83  3.29  2.90     2.96  2.71  2.70  2.87  3.56
 15   80     2.43  2.35  2.38  2.32  2.21  2.09  2.15  2.57  3.05  3.41  3.02  2.69     2.56  2.49  2.30  2.27  3.16
 15   90     2.18  2.07  2.03  1.92  1.76  1.63  1.61  1.98  2.50  2.93  2.70  2.43     2.14  2.23  1.90  1.74  2.71
 30   10     2.65  2.91  3.46  4.05  4.67  5.19  5.82  5.46  4.92  4.31  3.28  2.77     4.12  2.77  4.06  5.49  4.17
 30   20     2.77  2.98  3.48  4.00  4.53  4.97  5.57  5.33  4.94  4.45  3.44  2.92     4.11  2.89  4.00  5.29  4.28
 30   30     2.83  3.00  3.44  3.87  4.30  4.66  5.23  5.10  4.86  4.48  3.53  3.01     4.03  2.95  3.87  4.99  4.29
 30   40     2.84  2.96  3.33  3.67  4.00  4.27  4.78  4.76  4.68  4.43  3.54  3.04     3.86  2.95  3.67  4.60  4.22
 30   50     2.79  2.86  3.16  3.41  3.65  3.83  4.28  4.35  4.40  4.28  3.48  3.00     3.62  2.88  3.40  4.15  4.05
 30   60     2.68  2.71  2.94  3.11  3.24  3.34  3.71  3.86  4.04  4.03  3.34  2.91     3.33  2.77  3.09  3.64  3.81
 30   70     2.52  2.51  2.66  2.76  2.81  2.84  3.12  3.34  3.61  3.69  3.14  2.75     2.98  2.59  2.75  3.10  3.48
 30   80     2.31  2.27  2.36  2.39  2.39  2.36  2.56  2.80  3.14  3.30  2.87  2.54     2.61  2.37  2.38  2.57  3.10
 30   90     2.06  1.99  2.03  2.02  1.99  1.93  2.04  2.29  2.63  2.85  2.54  2.27     2.22  2.11  2.01  2.09  2.67
 45   10     2.61  2.88  3.44  4.04  4.67  5.20  5.85  5.46  4.90  4.26  3.24  2.72     4.11  2.74  4.05  5.50  4.13
 45   20     2.70  2.93  3.44  3.98  4.53  4.99  5.63  5.33  4.89  4.35  3.35  2.84     4.08  2.82  3.99  5.32  4.20
 45   30     2.73  2.92  3.38  3.85  4.33  4.72  5.34  5.11  4.81  4.36  3.41  2.89     3.99  2.85  3.85  5.05  4.19
 45   40     2.71  2.87  3.27  3.66  4.04  4.36  4.95  4.80  4.62  4.27  3.39  2.89     3.82  2.82  3.65  4.70  4.09
 45   50     2.64  2.76  3.09  3.41  3.71  3.96  4.49  4.42  4.36  4.10  3.29  2.83     3.59  2.74  3.41  4.29  3.92
 45   60     2.51  2.60  2.87  3.12  3.34  3.52  4.00  3.98  4.01  3.86  3.14  2.71     3.31  2.61  3.11  3.84  3.67
 45   70     2.34  2.40  2.61  2.79  2.95  3.07  3.49  3.50  3.63  3.53  2.93  2.54     2.98  2.43  2.78  3.35  3.37
 45   80     2.14  2.16  2.32  2.45  2.55  2.62  2.98  3.02  3.20  3.17  2.66  2.33     2.63  2.21  2.44  2.88  3.01
 45   90     1.90  1.90  2.02  2.11  2.18  2.22  2.50  2.56  2.75  2.76  2.36  2.08     2.28  1.96  2.11  2.43  2.63
 60   10     2.56  2.84  3.41  4.03  4.68  5.22  5.88  5.45  4.86  4.19  3.17  2.67     4.08  2.69  4.04  5.51  4.08
 60   20     2.61  2.86  3.39  3.96  4.54  5.03  5.70  5.32  4.84  4.23  3.24  2.73     4.04  2.73  3.96  5.35  4.10
 60   30     2.60  2.83  3.31  3.82  4.34  4.78  5.43  5.10  4.72  4.19  3.24  2.74     3.93  2.72  3.83  5.10  4.05
 60   40     2.55  2.75  3.19  3.63  4.09  4.46  5.11  4.82  4.54  4.08  3.19  2.70     3.76  2.67  3.63  4.79  3.94
 60   50     2.45  2.62  3.00  3.39  3.77  4.08  4.70  4.47  4.28  3.89  3.07  2.61     3.53  2.56  3.39  4.42  3.75
 60   60     2.32  2.46  2.79  3.11  3.43  3.68  4.25  4.07  3.97  3.64  2.90  2.48     3.26  2.42  3.11  4.00  3.50
 60   70     2.15  2.26  2.54  2.81  3.07  3.27  3.80  3.64  3.60  3.34  2.69  2.31     2.96  2.24  2.80  3.57  3.21
 60   80     1.95  2.04  2.27  2.48  2.69  2.85  3.34  3.19  3.22  3.00  2.44  2.10     2.63  2.03  2.48  3.13  2.89
 60   90     1.73  1.80  2.00  2.17  2.33  2.46  2.89  2.76  2.82  2.64  2.17  1.87     2.30  1.80  2.17  2.70  2.54
 75   10     2.51  2.80  3.38  4.01  4.68  5.24  5.91  5.44  4.81  4.11  3.11  2.60     4.05  2.64  4.03  5.53  4.01
 75   20     2.50  2.78  3.33  3.93  4.55  5.07  5.76  5.30  4.76  4.09  3.11  2.61     3.98  2.63  3.94  5.38  3.98
 75   30     2.46  2.71  3.23  3.78  4.36  4.83  5.52  5.08  4.62  3.99  3.06  2.57     3.85  2.58  3.79  5.14  3.89
 75   40     2.37  2.61  3.08  3.59  4.11  4.54  5.23  4.81  4.42  3.85  2.96  2.49     3.67  2.49  3.59  4.86  3.74
 75   50     2.26  2.47  2.90  3.35  3.81  4.19  4.87  4.48  4.16  3.64  2.82  2.38     3.44  2.37  3.36  4.51  3.54
 75   60     2.11  2.30  2.68  3.08  3.48  3.80  4.46  4.09  3.85  3.39  2.64  2.23     3.18  2.21  3.08  4.12  3.29
 75   70     1.94  2.11  2.44  2.79  3.14  3.42  4.03  3.70  3.52  3.11  2.43  2.06     2.89  2.04  2.79  3.71  3.02
 75   80     1.75  1.90  2.19  2.49  2.79  3.02  3.60  3.29  3.16  2.79  2.20  1.87     2.59  1.84  2.49  3.30  2.71
 75   90     1.56  1.68  1.93  2.18  2.44  2.63  3.16  2.87  2.79  2.47  1.96  1.67     2.28  1.64  2.18  2.89  2.41
 90   10     2.45  2.75  3.35  4.00  4.68  5.25  5.93  5.42  4.76  4.03  3.03  2.54     4.02  2.58  4.01  5.54  3.94
 90   20     2.40  2.69  3.26  3.90  4.55  5.10  5.80  5.28  4.66  3.93  2.96  2.48     3.92  2.52  3.90  5.39  3.85
 90   30     2.30  2.59  3.14  3.74  4.36  4.88  5.59  5.05  4.49  3.78  2.86  2.39     3.76  2.42  3.75  5.17  3.71
 90   40     2.19  2.46  2.97  3.53  4.12  4.59  5.31  4.76  4.25  3.58  2.71  2.27     3.56  2.31  3.54  4.89  3.52
 90   50     2.05  2.30  2.77  3.29  3.83  4.26  4.96  4.44  3.99  3.36  2.55  2.13     3.33  2.16  3.29  4.55  3.30
 90   60     1.89  2.13  2.56  3.02  3.50  3.88  4.57  4.07  3.69  3.10  2.36  1.98     3.06  2.00  3.02  4.17  3.05
 90   70     1.73  1.94  2.32  2.73  3.16  3.50  4.16  3.67  3.36  2.82  2.15  1.81     2.78  1.83  2.74  3.77  2.77
 90   80     1.55  1.74  2.08  2.45  2.82  3.12  3.74  3.28  3.03  2.54  1.95  1.64     2.50  1.65  2.45  3.38  2.51
 90   90     1.39  1.55  1.85  2.16  2.48  2.73  3.32  2.89  2.68  2.24  1.73  1.45     2.21  1.46  2.16  2.98  2.21
105   10     2.40  2.70  3.31  3.98  4.68  5.27  5.95  5.41  4.71  3.95  2.95  2.46     3.98  2.52  3.99  5.54  3.87
105   20     2.28  2.60  3.19  3.86  4.55  5.13  5.83  5.24  4.56  3.77  2.81  2.35     3.85  2.41  3.87  5.40  3.71
105   30     2.15  2.46  3.04  3.68  4.36  4.91  5.63  4.99  4.34  3.55  2.65  2.20     3.66  2.27  3.69  5.18  3.51
105   40     2.00  2.30  2.85  3.46  4.10  4.62  5.34  4.68  4.06  3.31  2.46  2.05     3.44  2.11  3.47  4.88  3.28
105   50     1.84  2.13  2.63  3.21  3.80  4.28  4.99  4.34  3.77  3.03  2.27  1.89     3.18  1.95  3.21  4.53  3.02
105   60     1.69  1.95  2.40  2.93  3.47  3.90  4.59  3.96  3.46  2.77  2.07  1.73     2.91  1.79  2.93  4.15  2.77
105   70     1.52  1.76  2.18  2.64  3.13  3.52  4.17  3.56  3.13  2.50  1.88  1.57     2.63  1.62  2.65  3.75  2.51
105   80     1.37  1.59  1.95  2.36  2.79  3.13  3.75  3.18  2.81  2.23  1.69  1.41     2.36  1.46  2.37  3.35  2.24
105   90     1.22  1.41  1.73  2.09  2.46  2.75  3.34  2.81  2.50  1.99  1.51  1.26     2.09  1.29  2.09  2.96  2.00
120   10     2.34  2.66  3.27  3.96  4.68  5.29  5.97  5.39  4.66  3.87  2.88  2.40     3.95  2.47  3.97  5.55  3.80
120   20     2.18  2.51  3.12  3.82  4.56  5.16  5.86  5.20  4.45  3.62  2.67  2.22     3.78  2.30  3.83  5.41  3.58
120   30     2.00  2.33  2.93  3.62  4.35  4.94  5.64  4.92  4.17  3.33  2.44  2.03     3.56  2.12  3.63  5.17  3.31
120   40     1.82  2.14  2.71  3.38  4.07  4.63  5.32  4.58  3.85  3.02  2.21  1.84     3.30  1.93  3.39  4.84  3.03
120   50     1.65  1.95  2.48  3.10  3.75  4.27  4.93  4.19  3.51  2.71  2.00  1.66     3.02  1.75  3.11  4.46  2.74
120   60     1.48  1.76  2.24  2.81  3.40  3.87  4.51  3.78  3.17  2.42  1.80  1.49     2.73  1.58  2.82  4.05  2.46
120   70     1.34  1.59  2.01  2.52  3.05  3.46  4.07  3.37  2.85  2.16  1.62  1.35     2.45  1.43  2.53  3.63  2.21
120   80     1.21  1.43  1.80  2.23  2.70  3.06  3.64  2.97  2.53  1.93  1.45  1.22     2.18  1.28  2.25  3.22  1.97
120   90     1.08  1.27  1.60  1.98  2.38  2.68  3.22  2.62  2.24  1.71  1.30  1.09     1.93  1.15  1.98  2.84  1.75
135   10     2.29  2.62  3.25  3.95  4.69  5.30  5.98  5.38  4.62  3.80  2.82  2.34     3.92  2.42  3.96  5.55  3.75
135   20     2.08  2.43  3.06  3.79  4.55  5.18  5.88  5.17  4.35  3.48  2.54  2.11     3.72  2.21  3.80  5.41  3.46
135   30     1.86  2.21  2.84  3.57  4.33  4.96  5.64  4.86  4.01  3.11  2.26  1.87     3.46  1.98  3.58  5.15  3.13
135   40     1.65  1.99  2.59  3.29  4.04  4.64  5.29  4.46  3.63  2.74  1.98  1.64     3.16  1.76  3.31  4.80  2.78
135   50     1.46  1.78  2.32  2.98  3.69  4.24  4.86  4.01  3.23  2.39  1.74  1.45     2.85  1.56  3.00  4.37  2.45
135   60     1.31  1.59  2.07  2.67  3.31  3.79  4.37  3.54  2.85  2.08  1.54  1.29     2.53  1.40  2.68  3.90  2.16
135   70     1.18  1.42  1.84  2.36  2.92  3.34  3.87  3.10  2.50  1.83  1.38  1.17     2.24  1.26  2.38  3.44  1.90
135   80     1.08  1.28  1.64  2.09  2.56  2.91  3.40  2.70  2.21  1.62  1.25  1.07     1.98  1.14  2.09  3.00  1.69
135   90     0.98  1.16  1.46  1.84  2.23  2.53  2.98  2.35  1.96  1.45  1.14  0.97     1.75  1.03  1.84  2.62  1.51
150   10     2.26  2.59  3.22  3.94  4.69  5.32  6.00  5.37  4.58  3.75  2.77  2.30     3.90  2.38  3.95  5.56  3.70
150   20     2.01  2.37  3.02  3.76  4.55  5.21  5.88  5.14  4.27  3.36  2.44  2.02     3.67  2.13  3.78  5.41  3.36
150   30     1.75  2.12  2.76  3.52  4.33  4.99  5.64  4.80  3.88  2.93  2.10  1.73     3.38  1.86  3.54  5.14  2.97
150   40     1.50  1.86  2.47  3.22  4.02  4.66  5.27  4.37  3.43  2.48  1.77  1.46     3.04  1.61  3.24  4.76  2.56
150   50     1.31  1.62  2.17  2.88  3.64  4.24  4.78  3.85  2.96  2.07  1.51  1.27     2.69  1.40  2.90  4.29  2.18
150   60     1.18  1.43  1.90  2.52  3.21  3.74  4.21  3.31  2.51  1.74  1.33  1.15     2.35  1.25  2.54  3.75  1.86
150   70     1.09  1.29  1.67  2.19  2.76  3.20  3.60  2.79  2.13  1.51  1.21  1.07     2.04  1.15  2.21  3.20  1.62
150   80     1.01  1.17  1.49  1.91  2.37  2.71  3.06  2.36  1.86  1.36  1.12  1.00     1.78  1.06  1.92  2.71  1.45
150   90     0.93  1.07  1.34  1.68  2.04  2.31  2.62  2.04  1.66  1.24  1.04  0.92     1.58  0.98  1.69  2.32  1.31
165   10     2.23  2.57  3.21  3.93  4.69  5.33  6.00  5.38  4.55  3.72  2.73  2.27     3.88  2.36  3.94  5.57  3.67
165   20     1.96  2.33  2.98  3.75  4.56  5.23  5.90  5.14  4.22  3.28  2.37  1.95     3.64  2.08  3.76  5.42  3.29
165   30     1.67  2.05  2.71  3.50  4.34  5.02  5.66  4.79  3.79  2.81  1.99  1.63     3.33  1.78  3.51  5.16  2.86
165   40     1.39  1.75  2.39  3.18  4.02  4.70  5.28  4.34  3.29  2.29  1.61  1.33     2.96  1.49  3.20  4.77  2.40
165   50     1.21  1.48  2.06  2.82  3.64  4.28  4.79  3.79  2.74  1.79  1.32  1.19     2.59  1.29  2.84  4.29  1.95
165   60     1.15  1.30  1.74  2.41  3.19  3.78  4.19  3.17  2.19  1.43  1.23  1.13     2.24  1.19  2.44  3.71  1.62
165   70     1.08  1.21  1.51  2.01  2.69  3.21  3.51  2.50  1.76  1.27  1.17  1.06     1.92  1.12  2.07  3.07  1.40
165   80     1.00  1.13  1.38  1.73  2.16  2.59  2.76  1.98  1.53  1.20  1.10  0.99     1.63  1.04  1.76  2.44  1.28
165   90     0.93  1.04  1.26  1.54  1.83  2.06  2.22  1.70  1.41  1.14  1.02  0.92     1.42  0.97  1.54  1.99  1.19
180   10     2.23  2.56  3.20  3.93  4.70  5.34  6.00  5.38  4.54  3.71  2.72  2.26     3.88  2.35  3.94  5.57  3.66
180   20     1.94  2.31  2.97  3.75  4.56  5.24  5.89  5.16  4.19  3.26  2.35  1.93     3.63  2.06  3.76  5.43  3.27
180   30     1.64  2.02  2.69  3.50  4.34  5.03  5.65  4.81  3.75  2.75  1.94  1.59     3.31  1.75  3.51  5.17  2.81
180   40     1.34  1.71  2.37  3.18  4.03  4.72  5.28  4.36  3.24  2.20  1.54  1.28     2.94  1.44  3.19  4.79  2.33
180   50     1.21  1.40  2.01  2.81  3.65  4.30  4.78  3.82  2.66  1.64  1.29  1.19     2.56  1.26  2.82  4.30  1.87
180   60     1.15  1.29  1.63  2.40  3.20  3.81  4.19  3.20  2.05  1.29  1.23  1.13     2.21  1.19  2.41  3.73  1.52
180   70     1.08  1.21  1.44  1.96  2.70  3.24  3.50  2.53  1.43  1.25  1.17  1.06     1.88  1.12  2.03  3.09  1.28
180   80     1.00  1.13  1.35  1.61  2.16  2.62  2.75  1.82  1.34  1.19  1.10  0.99     1.59  1.04  1.71  2.40  1.21
180   90     0.93  1.04  1.25  1.47  1.73  1.98  2.05  1.55  1.28  1.14  1.02  0.92     1.36  0.97  1.48  1.86  1.15
             40.0  31.4  20.5   8.4  -1.4  -6.9  -7.6   3.4  17.9  32.3  40.5  43.8     15.1  38.6   7.9  -3.8  29.1
             2.95  3.07  3.52  4.06  4.73  5.34  6.00  5.50  4.97  4.61  3.69  3.19     4.30  3.06  4.07  5.60  4.38
             2.76  2.99  3.51  4.05  4.60  5.06  5.66  5.41  4.97  4.46  3.43  2.91     4.15  2.89  4.05  5.38  4.29
             1.07  1.03  1.00  1.00  1.03  1.06  1.06  1.02  1.00  1.03  1.08  1.10     1.04  1.06  1.01  1.04  1.04
             1.10  1.08  1.04  1.00  0.97  0.95  0.95  0.98  1.03  1.09  1.12  1.14     1.04  1.11  1.00  0.96  1.08
temperature  18.0  18.5  20.3  22.8  25.2  27.6  28.9  28.4  27.1  25.2  22.6  19.5     23.7  18.7  22.8  28.3  25.0
diffusedrad  1.59  1.75  2.10  2.44  2.61  2.58  2.25  2.26  2.17  1.95  1.75  1.56     2.08  1.64  2.38  2.36  1.96
snow10cm     0.00  0.00  0.00  0.00  0.00  0.00  0.00  0.00  0.00  0.00  0.00  0.00     0.00  0.00  0.00  0.00  0.00
