11001,宗谷岬,11,45.518,141.939,26.0,0
11016,稚内,11,45.413,141.682,3.0,0
11046,礼文,11,45.303,141.049,65.0,0
11076,浜鬼志別,11,45.333,142.174,13.0,0
11121,沼川,11,45.246,141.856,23.0,0
11151,沓形,11,45.175,141.142,14.0,0
11176,豊富,11,45.105,141.769,16.0,0
11206,浜頓別,11,45.123,142.354,18.0,0
11276,中頓別,11,44.963,142.284,25.0,0
11291,北見枝幸,11,44.938,142.589,7.0,0
11316,歌登,11,44.838,142.484,14.0,0
12011,中川,12,44.826,142.081,22.0,0
12041,音威子府,12,44.725,142.269,40.0,0
12141,美深,12,44.478,142.346,77.0,0
12181,名寄,12,44.368,142.459,89.0,0
12231,下川,12,44.300,142.627,140.0,0
12261,士別,12,44.185,142.421,135.0,0
12266,朝日,12,44.115,142.599,225.0,0
12301,和寒,12,44.026,142.414,150.0,0
12386,江丹別,12,43.868,142.264,140.0,0
12396,比布,12,43.873,142.484,175.0,0
12411,上川,12,43.845,142.757,324.0,0
12442,旭川,12,43.755,142.376,120.0,0
12451,東川,12,43.700,142.512,215.0,0
12512,志比内,12,43.641,142.586,310.0,0
12551,美瑛,12,43.586,142.497,250.0,0
12596,上富良野,12,43.453,142.469,220.0,0
12626,富良野,12,43.331,142.402,174.0,0
12632,麓郷,12,43.300,142.526,315.0,0
12691,幾寅,12,43.166,142.572,350.0,0
12746,占冠,12,42.976,142.399,332.0,0
13061,天塩,13,44.891,141.764,9.0,0
13086,遠別,13,44.716,141.811,7.0,0
13121,初山別,13,44.521,141.774,27.0,0
13146,焼尻,13,44.426,141.426,38.0,0
13181,羽幌,13,44.360,141.704,8.0,0
13261,達布,13,44.046,141.861,30.0,0
13277,留萌,13,43.943,141.636,24.0,0
13311,増毛,13,43.848,141.516,20.0,0
13321,幌糠,13,43.853,141.762,20.0,0
14026,浜益,14,43.580,141.391,3.0,0
14071,厚田,14,43.396,141.441,5.0,0
14101,新篠津,14,43.218,141.649,9.0,0
14116,山口,14,43.145,141.226,5.0,0
14121,石狩,14,43.191,141.374,5.0,0
14136,江別,14,43.108,141.606,8.0,0
14163,札幌,14,43.058,141.332,17.0,0
14206,恵庭島松,14,42.923,141.569,30.0,0
14286,支笏湖畔,14,42.770,141.411,290.0,0
15041,朱鞠内,15,44.280,142.166,255.0,0
15076,幌加内,15,44.008,142.164,159.0,0
15116,石狩沼田,15,43.813,141.931,63.0,0
15161,深川,15,43.716,142.077,55.0,0
15231,空知吉野,15,43.593,141.736,100.0,0
15241,滝川,15,43.568,141.942,50.0,0
15251,芦別,15,43.515,142.194,90.0,0
15311,月形,15,43.328,141.622,50.0,0
15321,美唄,15,43.361,141.831,16.0,0
15356,岩見沢,15,43.210,141.789,42.0,0
15431,長沼,15,43.010,141.697,13.0,0
15442,夕張,15,43.036,141.961,293.0,0
16026,美国,16,43.270,140.567,75.0,0
16061,神恵内,16,43.143,140.427,50.0,0
16076,余市,16,43.180,140.762,20.0,0
16091,小樽,16,43.180,141.021,25.0,0
16156,共和,16,42.978,140.607,15.0,0
16206,蘭越,16,42.808,140.546,39.0,0
16217,倶知安,16,42.898,140.761,176.0,0
16252,寿都,16,42.793,140.227,33.0,0
16281,真狩,16,42.773,140.884,440.0,0
16286,喜茂別,16,42.791,140.952,264.0,0
16321,黒松内,16,42.661,140.314,27.0,0
17036,雄武,17,44.578,142.967,14.0,0
17076,興部,17,44.468,143.112,8.0,0
17091,西興部,17,44.330,142.941,120.0,0
17112,紋別,17,44.343,143.359,16.0,0
17166,湧別,17,44.211,143.624,5.0,0
17196,滝上,17,44.175,143.064,165.0,0
17246,常呂,17,44.113,144.041,3.0,0
17306,遠軽,17,44.051,143.544,80.0,0
17316,佐呂間,17,43.983,143.727,59.0,0
17341,網走,17,44.015,144.282,38.0,0
17351,宇登呂,17,44.050,144.986,144.0,0
17482,白滝,17,43.863,143.157,475.0,0
17501,生田原,17,43.915,143.536,199.0,0
17521,北見,17,43.808,143.879,114.0,0
17546,小清水,17,43.840,144.489,52.0,0
17561,斜里,17,43.881,144.704,15.0,0
17596,留辺蘂,17,43.740,143.454,325.0,0
17607,境野,17,43.705,143.647,184.0,0
17631,美幌,17,43.768,144.176,60.0,0
17717,津別,17,43.700,144.037,100.0,0
18038,羅臼,18,44.021,145.191,15.0,0
18136,標津,18,43.660,145.136,3.0,0
18161,上標津,18,43.517,144.751,181.0,0
18171,中標津,18,43.540,144.982,50.0,0
18256,別海,18,43.379,145.122,23.0,0
18273,根室,18,43.327,145.589,25.0,0
18281,納沙布,18,43.390,145.762,12.0,0
18311,厚床,18,43.229,145.262,40.0,0
19021,川湯,19,43.615,144.461,158.0,0
19051,弟子屈,19,43.508,144.471,170.0,0
19076,阿寒湖畔,19,43.435,144.089,450.0,0
19151,標茶,19,43.289,144.591,20.0,0
19191,鶴居,19,43.229,144.329,38.0,0
19261,中徹別,19,43.195,144.146,80.0,0
19311,榊町,19,43.117,145.114,2.0,0
19376,太田,19,43.087,144.782,85.0,0
19416,白糠,19,42.967,144.066,9.0,0
19432,釧路,19,42.982,144.381,5.0,0
19451,知方学,19,42.935,144.739,149.0,0
20146,陸別,20,43.466,143.742,207.0,0
20186,糠平,20,43.365,143.196,540.0,0
20266,上士幌,20,43.233,143.307,295.0,0
20276,足寄,20,43.241,143.557,90.0,0
20341,本別,20,43.129,143.604,67.0,0
20356,新得,20,43.075,142.844,178.0,0
20361,鹿追,20,43.101,142.999,206.0,0
20371,駒場,20,43.047,143.187,112.0,0
20421,芽室,20,42.897,143.047,90.0,0
20432,帯広,20,42.919,143.216,38.0,0
20441,池田,20,42.917,143.462,42.0,0
20506,浦幌,20,42.805,143.661,20.0,0
20556,糠内,20,42.784,143.332,70.0,0
20601,上札内,20,42.639,143.101,251.0,0
20606,更別,20,42.645,143.194,190.0,0
20631,大津,20,42.682,143.651,4.0,0
20696,大樹,20,42.497,143.279,87.0,0
20751,広尾,20,42.290,143.319,32.0,0
21111,厚真,21,42.727,141.892,20.0,0
21126,穂別,21,42.759,142.147,56.0,0
21161,大滝,21,42.668,141.082,390.0,0
21171,森野,21,42.628,141.251,170.0,0
21187,苫小牧,21,42.620,141.551,6.0,0
21226,大岸,21,42.588,140.647,8.0,0
21261,白老,21,42.541,141.356,6.0,0
21276,鵡川,21,42.587,141.937,10.0,0
21297,伊達,21,42.471,140.881,16.0,0
21312,登別,21,42.455,141.122,197.0,0
21323,室蘭,21,42.309,140.979,40.0,0
22036,日高,22,42.874,142.446,280.0,0
22141,日高門別,22,42.519,142.041,10.0,0
22156,新和,22,42.540,142.337,60.0,0
22241,静内,22,42.340,142.366,10.0,0
22291,三石,22,42.242,142.666,10.0,0
22306,中杵臼,22,42.220,142.952,80.0,0
22327,浦河,22,42.159,142.781,37.0,0
22391,えりも岬,22,41.922,143.247,63.0,0
23031,長万部,23,42.521,140.386,10.0,0
23086,八雲,23,42.249,140.276,8.0,0
23166,森,23,42.064,140.592,125.0,0
23206,川汲,23,41.902,140.974,25.0,0
23226,北斗,23,41.884,140.657,25.0,0
23232,函館,23,41.814,140.757,35.0,0
23326,木古内,23,41.684,140.449,6.0,0
23376,松前,23,41.420,140.090,30.0,0
24041,せたな,24,42.448,139.856,10.0,0
24051,今金,24,42.426,140.012,19.0,0
24101,奥尻,24,42.246,139.560,5.0,0
24141,熊石,24,42.125,139.989,12.0,0
24201,鶉,24,41.927,140.316,53.0,0
24217,江差,24,41.864,140.127,4.0,0
31001,大間,31,41.524,140.916,14.0,0
31111,むつ,31,41.280,141.214,3.0,0
31121,小田野沢,31,41.232,141.401,6.0,0
31136,今別,31,41.177,140.486,30.0,0
31156,脇野沢,31,41.142,140.826,15.0,0
31186,市浦,31,41.054,140.351,20.0,0
31201,蟹田,31,41.042,140.637,5.0,0
31296,五所川原,31,40.805,140.462,9.0,0
31312,青森,31,40.819,140.772,3.0,0
31332,野辺地,31,40.882,141.164,14.0,0
31336,六ケ所,31,40.882,141.276,80.0,0
31366,鰺ケ沢,31,40.774,140.208,40.0,0
31436,深浦,31,40.642,139.935,66.0,0
31461,弘前,31,40.609,140.458,30.0,0
31466,黒石,31,40.664,140.589,30.0,0
31482,酸ケ湯,31,40.645,140.852,890.0,0
31506,三沢,31,40.672,141.379,39.0,0
31586,十和田,31,40.592,141.251,42.0,0
31602,八戸,31,40.524,141.526,27.0,0
31646,碇ケ関,31,40.479,140.624,135.0,0
31662,休屋,31,40.424,140.902,414.0,0
31721,三戸,31,40.380,141.261,60.0,0
32056,八森,32,40.385,139.985,31.0,0
32111,能代,32,40.195,140.035,6.0,0
32126,鷹巣,32,40.224,140.375,29.0,0
32136,大館,32,40.249,140.508,49.0,0
32146,鹿角,32,40.212,140.791,123.0,0
32266,八幡平,32,40.010,140.805,578.0,0
32286,男鹿,32,39.909,139.903,20.0,0
32287,大潟,32,39.997,139.953,-3.0,0
32296,五城目,32,39.935,140.118,6.0,0
32311,阿仁合,32,39.990,140.406,120.0,0
32402,秋田,32,39.714,140.101,6.0,0
32407,岩見三内,32,39.704,140.290,41.0,0
32466,角館,32,39.600,140.560,56.0,0
32476,田沢湖,32,39.695,140.735,230.0,0
32496,大正寺,32,39.524,140.236,20.0,0
32551,大曲,32,39.487,140.498,30.0,0
32571,本荘,32,39.357,140.058,11.0,0
32581,東由利,32,39.302,140.291,117.0,0
32596,横手,32,39.317,140.558,59.0,0
32616,象潟,32,39.219,139.905,5.0,0
32626,矢島,32,39.232,140.140,46.0,0
32691,湯沢,32,39.184,140.466,74.0,0
32771,湯の岱,32,38.957,140.531,335.0,0
33006,種市,33,40.400,141.704,70.0,0
33026,軽米,33,40.315,141.474,153.0,0
33071,二戸,33,40.294,141.302,87.0,0
33136,山形,33,40.145,141.576,290.0,0
33146,久慈,33,40.185,141.779,5.0,0
33166,荒屋,33,40.100,141.054,290.0,0
33176,奥中山,33,40.057,141.229,430.0,0
33186,葛巻,33,40.035,141.441,390.0,0
33206,普代,33,40.000,141.887,8.0,0
33226,岩手松尾,33,39.949,141.069,275.0,0
33296,好摩,33,39.865,141.171,205.0,0
33326,岩泉,33,39.844,141.801,105.0,0
33336,小本,33,39.837,141.959,10.0,0
33371,藪川,33,39.780,141.332,680.0,0
33421,雫石,33,39.694,140.979,195.0,0
33431,盛岡,33,39.695,141.169,155.0,0
33441,区界,33,39.647,141.357,760.0,0
33472,宮古,33,39.644,141.969,43.0,0
33501,紫波,33,39.544,141.131,125.0,0
33526,川井,33,39.595,141.686,192.0,0
33561,沢内,33,39.477,140.801,327.0,0
33581,大迫,33,39.467,141.282,150.0,0
33616,山田,33,39.447,141.961,24.0,0
33631,湯田,33,39.307,140.780,250.0,0
33671,遠野,33,39.334,141.542,273.0,0
33716,北上,33,39.285,141.114,61.0,0
33751,釜石,33,39.267,141.882,5.0,0
33776,若柳,33,39.129,141.066,100.0,0
33781,江刺,33,39.180,141.166,42.0,0
33801,住田,33,39.139,141.577,80.0,0
33877,大船渡,33,39.060,141.717,37.0,0
33911,一関,33,38.930,141.128,32.0,0
33921,千厩,33,38.919,141.334,120.0,0
34012,駒ノ湯,34,38.910,140.831,525.0,0
34026,気仙沼,34,38.905,141.559,62.0,0
34096,川渡,34,38.740,140.763,170.0,0
34111,築館,34,38.732,141.008,25.0,0
34171,米山,34,38.624,141.191,5.0,0
34186,志津川,34,38.679,141.452,39.0,0
34216,古川,34,38.595,140.915,28.0,0
34266,大衡,34,38.470,140.891,57.0,0
34276,鹿島台,34,38.457,141.095,3.0,0
34292,石巻,34,38.424,141.301,43.0,0
34311,新川,34,38.300,140.640,265.0,0
34331,塩釜,34,38.335,141.016,105.0,0
34361,江ノ島,34,38.395,141.601,40.0,0
34392,仙台,34,38.259,140.900,39.0,0
34461,白石,34,38.012,140.615,86.0,0
34462,蔵王,34,38.124,140.683,112.0,0
34471,亘理,34,38.022,140.861,4.0,0
34506,丸森,34,37.929,140.781,18.0,0
35002,飛島,35,39.180,139.546,58.0,0
35052,酒田,35,38.905,139.846,3.0,0
35071,差首鍋,35,38.915,140.203,88.0,0
35116,金山,35,38.875,140.335,170.0,0
35141,鶴岡,35,38.732,139.831,16.0,0
35146,狩川,35,38.797,139.976,17.0,0
35162,新庄,35,38.754,140.315,105.0,0
35176,向町,35,38.755,140.520,212.0,0
35216,肘折,35,38.604,140.166,330.0,0
35231,尾花沢,35,38.605,140.415,106.0,0
35246,鼠ケ関,35,38.564,139.555,18.0,0
35332,村山,35,38.457,140.351,80.0,0
35361,大井沢,35,38.387,139.996,440.0,0
35376,左沢,35,38.367,140.195,133.0,0
35426,山形,35,38.252,140.348,153.0,0
35456,長井,35,38.102,140.018,210.0,0
35486,小国,35,38.075,139.738,140.0,0
35511,高畠,35,38.000,140.210,220.0,0
35541,高峰,35,37.995,139.960,250.0,0
35552,米沢,35,37.909,140.146,245.0,0
36056,茂庭,36,37.889,140.440,200.0,0
36066,梁川,36,37.850,140.593,43.0,0
36106,桧原,36,37.719,140.061,824.0,0
36126,福島,36,37.755,140.473,67.0,0
36151,相馬,36,37.780,140.928,9.0,0
36176,喜多方,36,37.655,139.866,212.0,0
36196,鷲倉,36,37.665,140.263,1220.0,0
36221,飯舘,36,37.692,140.750,446.0,0
36251,西会津,36,37.585,139.660,165.0,0
36276,猪苗代,36,37.552,140.125,522.0,0
36291,二本松,36,37.580,140.433,235.0,0
36342,金山,36,37.470,139.531,296.0,0
36361,若松,36,37.485,139.913,212.0,0
36391,船引,36,37.432,140.580,421.0,0
36411,浪江,36,37.489,140.968,47.0,0
36426,只見,36,37.340,139.316,377.0,0
36476,郡山,36,37.365,140.333,249.0,0
36501,川内,36,37.334,140.811,410.0,0
36536,南郷,36,37.262,139.540,494.0,0
36562,湯本,36,37.274,140.066,640.0,0
36591,小野新町,36,37.284,140.628,433.0,0
36611,広野,36,37.230,141.003,43.0,0
36641,田島,36,37.204,139.798,544.0,0
36667,白河,36,37.129,140.218,355.0,0
36676,石川,36,37.144,140.463,290.0,0
36821,東白川,36,36.935,140.411,183.0,0
36836,山田,36,36.930,140.736,25.0,0
36846,小名浜,36,36.944,140.906,3.0,0
40046,北茨城,40,36.839,140.773,45.0,0
40061,大子,40,36.775,140.348,120.0,0
40091,小瀬,40,36.604,140.328,95.0,0
40136,日立,40,36.595,140.653,52.0,0
40191,笠間,40,36.382,140.240,65.0,0
40201,水戸,40,36.377,140.470,29.0,0
40221,古河,40,36.199,139.720,20.0,0
40281,下妻,40,36.164,139.950,20.0,0
40311,鉾田,40,36.164,140.530,32.0,0
40336,つくば,40,36.054,140.128,25.0,0
40341,土浦,40,36.092,140.210,26.0,0
40406,鹿嶋,40,35.960,140.625,37.0,0
40426,龍ケ崎,40,35.887,140.215,4.0,0
41011,那須,41,37.120,140.038,749.0,0
41076,五十里,41,36.919,139.698,620.0,0
41091,黒磯,41,36.979,140.021,343.0,0
41116,土呂部,41,36.890,139.571,925.0,0
41141,大田原,41,36.837,140.038,188.0,0
41166,奥日光,41,36.735,139.503,1292.0,0
41171,今市,41,36.724,139.680,414.0,0
41181,塩谷,41,36.754,139.886,225.0,0
41247,那須烏山,41,36.639,140.120,82.0,0
41271,鹿沼,41,36.589,139.738,165.0,0
41277,宇都宮,41,36.545,139.871,119.0,0
41331,真岡,41,36.475,139.990,91.0,0
41361,佐野,41,36.332,139.563,39.0,0
41376,小山,41,36.335,139.833,44.0,0
42046,藤原,42,36.862,139.061,700.0,0
42091,みなかみ,42,36.795,138.995,531.0,0
42121,草津,42,36.614,138.593,1223.0,0
42146,沼田,42,36.649,139.063,439.0,0
42186,中之条,42,36.584,138.853,354.0,0
42221,田代,42,36.460,138.466,1230.0,0
42251,前橋,42,36.402,139.063,112.0,0
42266,桐生,42,36.380,139.348,87.0,0
42286,上里見,42,36.374,138.898,183.0,0
42302,伊勢崎,42,36.329,139.168,64.0,0
42326,西野牧,42,36.242,138.710,375.0,0
42366,館林,42,36.230,139.536,21.0,0
42396,神流,42,36.105,138.900,357.0,0
43051,寄居,43,36.102,139.186,132.0,0
43056,熊谷,43,36.147,139.383,30.0,0
43126,久喜,43,36.084,139.638,12.0,0
43156,秩父,43,35.987,139.076,232.0,0
43171,鳩山,43,35.982,139.338,44.0,0
43241,さいたま,43,35.872,139.588,8.0,0
43256,越谷,43,35.880,139.760,3.0,0
43266,所沢,43,35.770,139.416,119.0,0
44046,小河内,44,35.789,139.053,530.0,0
44056,青梅,44,35.785,139.315,155.0,0
44076,練馬,44,35.732,139.671,38.0,0
44112,八王子,44,35.664,139.320,123.0,0
44116,府中,44,35.680,139.485,59.0,0
44132,東京,44,35.687,139.763,6.0,0
44172,大島,47,34.745,139.365,74.0,0
44206,新島,47,34.370,139.255,9.0,0
44226,三宅島,47,34.120,139.525,36.0,0
44263,八丈島,47,33.118,139.781,151.0,0
44301,父島,95,27.088,142.193,3.0,0
44356,南鳥島,95,24.284,153.987,7.0,0
45056,我孫子,45,35.874,140.028,20.0,0
45081,香取,45,35.855,140.505,37.0,0
45106,船橋,45,35.709,140.046,28.0,0
45116,佐倉,45,35.725,140.215,5.0,0
45147,銚子,45,35.735,140.860,20.0,0
45181,横芝光,45,35.654,140.483,6.0,0
45212,千葉,45,35.599,140.106,4.0,0
45261,茂原,45,35.414,140.313,9.0,0
45282,木更津,45,35.359,139.943,60.0,0
45291,牛久,45,35.394,140.151,30.0,0
45326,坂畑,45,35.232,140.101,120.0,0
45361,鴨川,45,35.109,140.103,5.0,0
45371,勝浦,45,35.147,140.315,12.0,0
45401,館山,45,34.984,139.868,6.0,0
46091,海老名,46,35.430,139.390,18.0,0
46106,横浜,46,35.435,139.655,39.0,0
46141,辻堂,46,35.317,139.453,5.0,0
46166,小田原,46,35.252,139.155,28.0,0
46211,三浦,46,35.175,139.633,42.0,0
48031,野沢温泉,48,36.909,138.445,576.0,0
48061,信濃町,48,36.805,138.201,685.0,0
48066,飯山,48,36.872,138.378,313.0,0
48141,白馬,48,36.695,137.865,703.0,0
48156,長野,48,36.659,138.195,418.0,0
48191,大町,48,36.520,137.836,784.0,0
48196,信州新町,48,36.545,138.000,509.0,0
48216,菅平,48,36.529,138.328,1253.0,0
48256,上田,48,36.397,138.268,502.0,0
48296,穂高,48,36.340,137.885,540.0,0
48321,東御,48,36.380,138.386,958.0,0
48331,軽井沢,48,36.339,138.550,999.0,0
48361,松本,48,36.242,137.973,610.0,0
48381,立科,48,36.269,138.316,715.0,0
48386,佐久,48,36.244,138.480,683.0,0
48466,奈川,48,36.085,137.686,1068.0,0
48491,諏訪,48,36.042,138.111,760.0,0
48531,開田高原,48,35.935,137.605,1130.0,0
48541,木曽平沢,48,35.980,137.838,900.0,0
48546,辰野,48,35.979,137.986,729.0,0
48561,原村,48,35.967,138.223,1017.0,0
48571,野辺山,48,35.945,138.475,1350.0,0
48606,木曽福島,48,35.837,137.691,750.0,0
48621,伊那,48,35.824,137.958,628.0,0
48717,南木曽,48,35.607,137.623,560.0,0
48731,飯島,48,35.650,137.901,728.0,0
48767,飯田,48,35.520,137.825,516.0,0
48826,浪合,48,35.370,137.695,940.0,0
48841,南信濃,48,35.319,137.935,407.0,0
49036,大泉,49,35.859,138.390,867.0,0
49086,韮崎,49,35.690,138.451,341.0,0
49142,甲府,49,35.664,138.556,273.0,0
49151,勝沼,49,35.660,138.728,394.0,0
49161,大月,49,35.605,138.941,364.0,0
49196,古関,49,35.525,138.618,552.0,0
49236,切石,49,35.464,138.445,226.0,0
49251,河口湖,49,35.497,138.763,860.0,0
49256,山中,49,35.434,138.840,992.0,0
49316,南部,49,35.285,138.448,141.0,0
50106,井川,50,35.214,138.225,755.0,0
50136,御殿場,50,35.302,138.930,472.0,0
50196,富士,50,35.180,138.666,66.0,0
50206,三島,50,35.110,138.928,21.0,0
50226,佐久間,50,35.054,137.765,150.0,0
50241,川根本町,50,35.097,138.131,290.0,0
50261,清水,50,35.050,138.525,3.0,0
50281,網代,50,35.042,139.095,67.0,0
50331,静岡,50,34.972,138.406,14.0,0
50386,天竜,50,34.887,137.816,61.0,0
50456,浜松,50,34.705,137.721,32.0,0
50476,菊川牧之原,50,34.780,138.143,191.0,0
50491,松崎,50,34.752,138.786,4.0,0
50506,稲取,50,34.779,139.051,130.0,0
50536,磐田,50,34.665,137.905,3.0,0
50551,御前崎,50,34.600,138.215,45.0,0
50561,石廊崎,50,34.600,138.845,55.0,0
51031,愛西,51,35.214,136.701,5.0,0
51071,稲武,51,35.209,137.510,505.0,0
51106,名古屋,51,35.164,136.968,51.0,0
51116,豊田,51,35.129,137.180,75.0,0
51161,東海,51,35.020,136.905,10.0,0
51226,岡崎,51,34.915,137.196,47.0,0
51247,新城,51,34.904,137.520,53.0,0
51281,蒲郡,51,34.842,137.220,55.0,0
51311,南知多,51,34.737,136.941,16.0,0
51331,豊橋,51,34.747,137.345,3.0,0
51346,伊良湖,51,34.625,137.096,6.0,0
52041,河合,52,36.302,137.103,471.0,0
52051,神岡,52,36.319,137.311,455.0,0
52081,白川,52,36.270,136.900,478.0,0
52111,栃尾,52,36.245,137.506,765.0,0
52146,高山,52,36.152,137.256,560.0,0
52181,六厩,52,36.057,137.036,1015.0,0
52196,宮之前,52,36.012,137.391,930.0,0
52221,長滝,52,35.922,136.835,430.0,0
52286,萩原,52,35.885,137.210,425.0,0
52331,八幡,52,35.754,136.981,250.0,0
52346,宮地,52,35.760,137.291,420.0,0
52381,樽見,52,35.635,136.606,190.0,0
52406,金山,52,35.660,137.163,233.0,0
52461,美濃,52,35.554,136.913,68.0,0
52482,黒川,52,35.595,137.321,517.0,0
52511,揖斐川,52,35.482,136.570,45.0,0
52536,美濃加茂,52,35.442,137.008,74.0,0
52556,恵那,52,35.444,137.406,315.0,0
52561,中津川,52,35.485,137.503,320.0,0
52571,関ケ原,52,35.360,136.470,130.0,0
52581,大垣,52,35.344,136.623,5.0,0
52586,岐阜,52,35.397,136.765,13.0,0
52606,多治見,52,35.344,137.111,120.0,0
53041,桑名,53,35.047,136.696,3.0,0
53061,四日市,53,34.937,136.583,55.0,0
53091,亀山,53,34.867,136.456,70.0,0
53112,上野,53,34.759,136.145,159.0,0
53132,津,53,34.730,136.521,3.0,0
53196,小俣,53,34.525,136.668,10.0,0
53231,粥見,53,34.445,136.393,120.0,0
53257,鳥羽,53,34.479,136.828,2.0,0
53296,南伊勢,53,34.342,136.685,6.0,0
53326,紀伊長島,53,34.205,136.330,3.0,0
53378,尾鷲,53,34.067,136.196,15.0,0
53401,熊野新鹿,53,33.929,136.141,23.0,0
54011,粟島,54,38.459,139.255,4.0,0
54041,弾崎,54,38.327,138.515,58.0,0
54086,村上,54,38.224,139.481,10.0,0
54157,相川,54,38.025,138.243,6.0,0
54166,両津,54,38.070,138.443,2.0,0
54181,中条,54,38.057,139.411,27.0,0
54191,下関,54,38.089,139.566,33.0,0
54232,新潟,54,37.909,139.050,2.0,0
54271,羽茂,54,37.839,138.316,11.0,0
54296,新津,54,37.789,139.090,3.0,0
54341,巻,54,37.765,138.916,2.0,0
54387,寺泊,54,37.637,138.770,44.0,0
54396,三条,54,37.637,138.958,9.0,0
54421,津川,54,37.669,139.450,100.0,0
54501,長岡,54,37.447,138.826,23.0,0
54541,柏崎,54,37.349,138.556,7.0,0
54566,入広瀬,54,37.354,139.075,230.0,0
54586,大潟,54,37.229,138.336,34.0,0
54616,小出,54,37.235,138.965,98.0,0
54651,高田,54,37.104,138.250,13.0,0
54661,安塚,54,37.104,138.460,126.0,0
54676,十日町,54,37.140,138.730,170.0,0
54711,糸魚川,54,37.035,137.865,10.0,0
54721,能生,54,37.080,138.026,55.0,0
54816,関山,54,36.930,138.225,350.0,0
54836,津南,54,36.994,138.686,452.0,0
54841,湯沢,54,36.939,138.813,340.0,0
55021,泊,55,36.949,137.555,13.0,0
55041,氷見,55,36.860,136.963,7.0,0
55056,魚津,55,36.819,137.431,48.0,0
55091,伏木,55,36.789,137.058,12.0,0
55102,富山,55,36.705,137.205,9.0,0
55141,砺波,55,36.607,136.958,69.0,0
55166,上市,55,36.667,137.426,296.0,0
55191,南砺高宮,55,36.542,136.875,91.0,0
55206,八尾,55,36.575,137.135,78.0,0
56036,珠洲,56,37.444,137.290,4.0,0
56052,輪島,56,37.389,136.898,5.0,0
56116,志賀,56,37.140,136.728,6.0,0
56146,七尾,56,37.027,136.995,58.0,0
56176,羽咋,56,36.890,136.780,15.0,0
56186,かほく,56,36.709,136.695,42.0,0
56227,金沢,56,36.585,136.636,6.0,0
56276,小松,56,36.379,136.438,3.0,0
56286,白山吉野,56,36.359,136.616,180.0,0
56301,栢野,56,36.222,136.361,126.0,0
57001,三国,57,36.240,136.176,34.0,0
57051,越廼,57,36.009,135.993,30.0,0
57066,福井,57,36.052,136.225,9.0,0
57082,勝山,57,36.035,136.525,196.0,0
57121,大野,57,35.969,136.500,182.0,0
57206,今庄,57,35.764,136.203,128.0,0
57248,敦賀,57,35.650,136.065,2.0,0
57286,美浜,57,35.597,135.920,10.0,0
57317,小浜,57,35.480,135.785,10.0,0
60051,今津,60,35.409,136.031,88.0,0
60061,長浜,60,35.420,136.245,95.0,0
60116,南小松,60,35.232,135.960,90.0,0
60131,彦根,60,35.272,136.246,87.0,0
60196,東近江,60,35.059,136.193,128.0,0
60216,大津,60,34.989,135.915,86.0,0
60226,信楽,60,34.910,136.083,265.0,0
60236,土山,60,34.935,136.281,248.0,0
61001,間人,61,35.734,135.090,42.0,0
61076,宮津,61,35.547,135.238,2.0,0
61111,舞鶴,61,35.447,135.320,2.0,0
61187,福知山,61,35.309,135.116,17.0,0
61206,美山,61,35.272,135.553,200.0,0
61242,園部,61,35.105,135.458,134.0,0
61286,京都,61,35.012,135.735,41.0,0
61326,京田辺,61,34.827,135.763,20.0,0
62016,能勢,62,34.945,135.458,235.0,0
62046,枚方,62,34.805,135.675,26.0,0
62078,大阪,62,34.679,135.521,23.0,0
62081,生駒山,62,34.672,135.680,626.0,0
62091,堺,62,34.552,135.488,20.0,0
62131,熊取,62,34.382,135.353,68.0,0
63016,香住,63,35.622,134.630,5.0,0
63051,豊岡,63,35.532,134.825,3.0,0
63071,兎和野高原,63,35.429,134.586,540.0,0
63121,和田山,63,35.319,134.851,80.0,0
63201,生野,63,35.164,134.795,320.0,0
63216,柏原,63,35.145,135.051,95.0,0
63251,一宮,63,35.095,134.586,195.0,0
63321,福崎,63,34.947,134.751,72.0,0
63331,西脇,63,34.997,135.001,72.0,0
63366,上郡,63,34.855,134.378,20.0,0
63383,姫路,63,34.835,134.673,38.0,0
63411,三田,63,34.890,135.215,150.0,0
63461,三木,63,34.774,135.016,145.0,0
63491,家島,63,34.667,134.525,88.0,0
63496,明石,63,34.684,134.880,3.0,0
63518,神戸,63,34.694,135.215,5.0,0
63551,郡家,63,34.464,134.851,5.0,0
63576,洲本,63,34.335,134.908,109.0,0
63588,南淡,63,34.215,134.723,5.0,0
64036,奈良,64,34.690,135.830,104.0,0
64041,針,64,34.602,135.956,468.0,0
64101,大宇陀,64,34.485,135.935,349.0,0
64127,五條,64,34.377,135.733,190.0,0
64206,上北山,64,34.134,136.008,334.0,0
64227,風屋,64,34.042,135.790,301.0,0
65026,かつらぎ,65,34.307,135.531,142.0,0
65042,和歌山,65,34.225,135.166,14.0,0
65061,高野山,65,34.219,135.593,795.0,0
65121,清水,65,34.084,135.428,240.0,0
65162,龍神,65,33.942,135.560,410.0,0
65201,川辺,65,33.890,135.220,84.0,0
65256,栗栖川,65,33.789,135.516,160.0,0
65276,新宮,65,33.684,135.973,18.0,0
65287,白浜,65,33.675,135.350,32.0,0
65306,西川,65,33.634,135.713,150.0,0
65356,潮岬,65,33.447,135.763,73.0,0
66046,上長田,66,35.294,133.728,430.0,0
66091,千屋,66,35.100,133.438,525.0,0
66127,奈義,66,35.109,134.173,212.0,0
66136,今岡,66,35.095,134.328,207.0,0
66171,久世,66,35.065,133.756,145.0,0
66186,津山,66,35.060,134.011,146.0,0
66221,新見,66,34.939,133.521,393.0,0
66296,福渡,66,34.864,133.906,63.0,0
66306,和気,66,34.812,134.186,35.0,0
66336,高梁,66,34.789,133.615,60.0,0
66408,岡山,66,34.657,133.920,3.0,0
66421,虫明,66,34.679,134.210,10.0,0
66446,倉敷,66,34.587,133.771,3.0,0
66481,笠岡,66,34.499,133.498,0.0,0
66501,玉野,66,34.484,133.953,2.0,0
67016,高野,67,35.030,132.905,570.0,0
67106,三次,67,34.809,132.853,159.0,0
67116,庄原,67,34.857,133.026,300.0,0
67151,大朝,67,34.765,132.466,385.0,0
67191,油木,67,34.760,133.281,510.0,0
67212,加計,67,34.607,132.323,210.0,0
67292,三入,67,34.542,132.533,70.0,0
67316,世羅,67,34.580,133.053,350.0,0
67326,府中,67,34.559,133.235,70.0,0
67376,東広島,67,34.414,132.703,223.0,0
67401,福山,67,34.444,133.250,2.0,0
67421,廿日市津田,67,34.362,132.194,317.0,0
67437,広島,67,34.395,132.465,4.0,0
67461,竹原,67,34.327,132.985,5.0,0
67471,生口島,67,34.275,133.126,3.0,0
67496,大竹,67,34.219,132.222,1.0,0
67511,呉,67,34.237,132.553,4.0,0
67576,呉市蒲刈,67,34.162,132.751,48.0,0
68022,西郷,68,36.200,133.336,27.0,0
68056,海士,68,36.094,133.100,3.0,0
68091,鹿島,68,35.517,133.025,5.0,0
68132,松江,68,35.454,133.068,17.0,0
68156,出雲,68,35.329,132.733,20.0,0
68246,大田,68,35.187,132.500,30.0,0
68261,掛合,68,35.195,132.820,215.0,0
68276,横田,68,35.170,133.106,369.0,0
68306,赤名,68,34.999,132.715,444.0,0
68351,川本,68,34.974,132.495,132.0,0
68376,浜田,68,34.894,132.072,19.0,0
68401,瑞穂,68,34.850,132.533,327.0,0
68431,弥栄,68,34.774,132.110,380.0,0
68462,益田,68,34.674,131.845,4.0,0
68516,津和野,68,34.459,131.772,165.0,0
68541,吉賀,68,34.389,131.895,250.0,0
69006,境,69,35.540,133.238,2.0,0
69021,塩津,69,35.520,133.570,15.0,0
69041,青谷,69,35.517,134.000,13.0,0
69061,岩井,69,35.555,134.363,19.0,0
69076,米子,69,35.430,133.341,6.0,0
69101,倉吉,69,35.470,133.841,8.0,0
69122,鳥取,69,35.484,134.241,7.0,0
69246,智頭,69,35.260,134.243,182.0,0
69271,茶屋,69,35.184,133.233,490.0,0
71066,池田,71,34.020,133.800,205.0,0
71087,穴吹,71,34.037,134.160,160.0,0
71106,徳島,71,34.064,134.576,2.0,0
71191,京上,71,33.864,133.906,560.0,0
71231,蒲生田,71,33.834,134.745,10.0,0
71251,木頭,71,33.769,134.208,330.0,0
71266,日和佐,71,33.729,134.541,3.0,0
71291,海陽,71,33.609,134.358,5.0,0
72061,内海,72,34.469,134.276,20.0,0
72086,高松,72,34.314,134.056,9.0,0
72111,多度津,72,34.272,133.755,4.0,0
72121,滝宮,72,34.234,133.926,60.0,0
72146,引田,72,34.210,134.410,12.0,0
72161,財田,72,34.117,133.775,65.0,0
73001,大三島,73,34.247,133.010,9.0,0
73076,今治,73,34.074,132.993,2.0,0
73126,西条,73,33.912,133.083,4.0,0
73136,新居浜,73,33.957,133.285,6.0,0
73151,四国中央,73,33.979,133.585,75.0,0
73166,松山,73,33.840,132.780,32.0,0
73256,長浜,73,33.614,132.483,4.0,0
73276,久万,73,33.660,132.898,511.0,0
73306,大洲,73,33.505,132.538,20.0,0
73341,瀬戸,73,33.444,132.259,143.0,0
73406,宇和,73,33.364,132.506,200.0,0
73442,宇和島,73,33.224,132.555,2.0,0
73446,近永,73,33.250,132.678,129.0,0
73516,御荘,73,32.960,132.573,12.0,0
74071,本山,74,33.750,133.578,252.0,0
74136,大栃,74,33.695,133.878,210.0,0
74181,高知,74,33.564,133.551,1.0,0
74187,後免,74,33.587,133.646,12.0,0
74271,安芸,74,33.485,133.936,6.0,0
74296,梼原,74,33.387,132.925,415.0,0
74311,須崎,74,33.382,133.280,4.0,0
74361,窪川,74,33.204,133.131,205.0,0
74372,室戸岬,74,33.249,134.180,185.0,0
74381,江川崎,74,33.169,132.795,60.0,0
74436,佐賀,74,33.075,133.105,3.0,0
74447,宿毛,74,32.917,132.698,2.0,0
74456,中村,74,32.987,132.923,8.0,0
74516,清水,74,32.719,133.013,31.0,0
81011,須佐,81,34.612,131.625,50.0,0
81071,萩,81,34.407,131.407,2.0,0
81116,油谷,81,34.367,131.057,20.0,0
81151,徳佐,81,34.395,131.727,310.0,0
81196,秋吉台,81,34.232,131.309,240.0,0
81231,広瀬,81,34.259,131.954,97.0,0
81266,豊田,81,34.184,131.079,40.0,0
81286,山口,81,34.157,131.455,17.0,0
81321,岩国,81,34.152,132.180,70.0,0
81371,防府,81,34.027,131.537,6.0,0
81386,下松,81,34.019,131.875,52.0,0
81397,玖珂,81,34.092,132.077,68.0,0
81428,下関,81,33.945,130.927,3.0,0
81481,柳井,81,33.955,132.115,3.0,0
81486,安下庄,81,33.900,132.294,5.0,0
82046,宗像,82,33.805,130.540,7.0,0
82056,八幡,82,33.849,130.745,20.0,0
82101,行橋,82,33.709,130.977,7.0,0
82136,飯塚,82,33.649,130.695,37.0,0
82171,前原,82,33.557,130.194,2.0,0
82182,福岡,82,33.579,130.377,3.0,0
82191,太宰府,82,33.510,130.502,27.0,0
82206,添田,82,33.557,130.855,120.0,0
82261,朝倉,82,33.402,130.697,36.0,0
82306,久留米,82,33.299,130.494,7.0,0
82317,黒木,82,33.220,130.649,144.0,0
82361,大牟田,82,33.004,130.469,40.0,0
83021,国見,83,33.672,131.592,14.0,0
83046,中津,83,33.582,131.187,11.0,0
83061,豊後高田,83,33.567,131.435,5.0,0
83106,院内,83,33.417,131.319,90.0,0
83121,杵築,83,33.414,131.599,5.0,0
83137,日田,83,33.319,130.930,83.0,0
83191,玖珠,83,33.265,131.165,346.0,0
83201,湯布院,83,33.250,131.349,435.0,0
83216,大分,83,33.232,131.620,5.0,0
83341,犬飼,83,33.062,131.634,100.0,0
83371,竹田,83,32.970,131.382,290.0,0
83401,佐伯,83,32.964,131.905,2.0,0
83431,宇目,83,32.842,131.677,200.0,0
83476,蒲江,83,32.792,131.925,2.0,0
84012,鰐浦,84,34.695,129.447,63.0,0
84072,厳原,84,34.194,129.294,4.0,0
84121,芦辺,84,33.797,129.724,97.0,0
84171,平戸,84,33.357,129.552,58.0,0
84182,松浦,84,33.347,129.769,5.0,0
84266,佐世保,84,33.155,129.729,4.0,0
84341,有川,84,32.979,129.120,11.0,0
84356,大瀬戸,84,32.945,129.635,43.0,0
84496,長崎,84,32.730,129.869,27.0,0
84519,雲仙岳,84,32.734,130.264,678.0,0
84523,島原,84,32.739,130.375,9.0,0
84536,福江,84,32.690,128.829,25.0,0
84561,口之津,84,32.609,130.189,10.0,0
84596,野母崎,84,32.575,129.742,190.0,0
85031,枝去木,85,33.495,129.900,110.0,0
85116,伊万里,85,33.264,129.880,25.0,0
85142,佐賀,85,33.262,130.307,6.0,0
85161,嬉野,85,33.114,129.997,81.0,0
85166,白石,85,33.179,130.135,4.0,0
86006,鹿北,86,33.112,130.694,119.0,0
86066,南小国,86,33.094,131.070,440.0,0
86086,岱明,86,32.912,130.514,15.0,0
86101,菊池,86,32.944,130.784,83.0,0
86111,阿蘇乙姫,86,32.937,131.042,497.0,0
86141,熊本,86,32.810,130.709,38.0,0
86156,阿蘇山,86,32.877,131.075,1142.0,0
86161,高森,86,32.819,131.127,555.0,0
86216,三角,86,32.609,130.480,60.0,0
86236,甲佐,86,32.642,130.810,35.0,0
86271,松島,86,32.512,130.449,2.0,0
86316,本渡,86,32.465,130.182,30.0,0
86336,八代,86,32.470,130.609,8.0,0
86451,水俣,86,32.202,130.409,6.0,0
86467,人吉,86,32.214,130.757,146.0,0
86477,上,86,32.222,130.907,166.0,0
86491,牛深,86,32.194,130.029,3.0,0
87041,高千穂,87,32.709,131.292,350.0,0
87066,古江,87,32.705,131.822,4.0,0
87071,鞍岡,87,32.640,131.159,590.0,0
87141,延岡,87,32.579,131.659,19.0,0
87181,日向,87,32.405,131.602,20.0,0
87206,神門,87,32.382,131.334,250.0,0
87231,西米良,87,32.227,131.154,250.0,0
87292,高鍋,87,32.120,131.529,4.0,0
87301,加久藤,87,32.044,130.812,228.0,0
87331,西都,87,32.059,131.415,8.0,0
87352,小林,87,31.997,130.957,276.0,0
87376,宮崎,87,31.935,131.415,9.0,0
87411,青島,87,31.800,131.460,8.0,0
87426,都城,87,31.727,131.082,154.0,0
87492,油津,87,31.593,131.410,5.0,0
87501,串間,87,31.461,131.222,20.0,0
88061,阿久根,88,32.024,130.202,40.0,0
88081,大口,88,32.044,130.629,175.0,0
88107,さつま柏原,88,31.914,130.457,59.0,0
88131,中甑,88,31.832,129.867,10.0,0
88151,川内,88,31.832,130.317,5.0,0
88261,東市来,88,31.665,130.329,40.0,0
88286,牧之原,88,31.659,130.845,387.0,0
88317,鹿児島,88,31.550,130.549,4.0,0
88331,輝北,88,31.585,130.857,360.0,0
88371,加世田,88,31.411,130.327,9.0,0
88406,志布志,88,31.474,131.097,70.0,0
88432,喜入,88,31.383,130.542,4.0,0
88442,鹿屋,88,31.386,130.865,80.0,0
88447,肝付前田,88,31.336,130.940,31.0,0
88466,枕崎,88,31.268,130.295,30.0,0
88486,指宿,88,31.244,130.639,5.0,0
88506,内之浦,88,31.273,131.057,8.0,0
88536,田代,88,31.194,130.845,182.0,0
88612,種子島,89,30.716,130.984,25.0,0
88666,上中,89,30.403,130.902,150.0,0
88686,屋久島,89,30.381,130.660,37.0,0
88706,尾之間,89,30.229,130.557,60.0,0
88836,名瀬,89,28.374,129.497,3.0,0
88901,古仁屋,89,28.139,129.317,2.0,0
88956,伊仙,89,27.673,128.975,44.0,0
88971,沖永良部,89,27.428,128.707,27.0,0
91011,伊是名,91,26.944,127.942,14.0,0
91021,奥,91,26.831,128.274,232.0,0
91107,名護,91,26.589,127.967,6.0,0
91146,久米島,91,26.333,126.805,5.0,0
91166,宮城島,91,26.359,127.975,100.0,0
91181,渡嘉敷,91,26.206,127.365,220.0,0
91197,那覇,91,26.203,127.687,28.0,0
91241,糸数,91,26.149,127.767,186.0,0
92011,南大東,92,25.827,131.224,15.0,0
93011,伊良部,93,24.823,125.173,10.0,0
93041,宮古島,93,24.789,125.278,40.0,0
93061,多良間,93,24.663,124.694,16.0,0
94001,伊原間,94,24.503,124.280,15.0,0
94017,与那国島,94,24.462,123.010,30.0,0
94062,西表島,94,24.423,123.766,10.0,0
94081,石垣島,94,24.332,124.163,6.0,0
94101,大原,94,24.261,123.873,33.0,0
94116,波照間,94,24.051,123.769,38.0,0
