2 11046   礼文            45 18.3  141  2.7   65
             1.00  1.94  3.33  4.33  4.96  5.06  4.54  3.97  3.70  2.40  1.20  0.80     3.10  1.25  4.21  4.52  2.43
             1.41  2.56  3.89  4.78  6.03  6.11  5.58  4.73  4.51  2.76  1.56  0.94     3.32  1.55  4.58  5.02  2.70
             0.86  1.53  2.77  3.58  4.00  4.01  3.40  3.22  2.85  2.05  0.87  0.68     2.92  1.08  3.86  3.79  2.12
  0   10     1.09  2.15  3.65  4.55  5.05  5.08  4.58  4.09  4.00  2.73  1.36  0.88     3.27  1.37  4.42  4.58  2.69
  0   20     1.16  2.34  3.91  4.69  5.06  5.02  4.54  4.13  4.22  3.00  1.50  0.94     3.38  1.48  4.55  4.56  2.91
  0   30     1.23  2.50  4.11  4.73  4.96  4.87  4.42  4.09  4.34  3.21  1.61  0.99     3.42  1.57  4.60  4.46  3.05
  0   40     1.27  2.62  4.24  4.67  4.75  4.63  4.22  3.97  4.35  3.33  1.70  1.03     3.40  1.64  4.55  4.27  3.13
  0   50     1.31  2.70  4.30  4.51  4.46  4.30  3.95  3.77  4.27  3.38  1.74  1.05     3.31  1.69  4.42  4.00  3.13
  0   60     1.32  2.73  4.28  4.27  4.09  3.90  3.61  3.50  4.09  3.36  1.75  1.06     3.16  1.70  4.21  3.67  3.06
  0   70     1.32  2.72  4.18  3.94  3.63  3.44  3.21  3.17  3.82  3.25  1.71  1.04     2.95  1.70  3.92  3.27  2.93
  0   80     1.29  2.67  4.01  3.53  3.12  2.94  2.77  2.79  3.47  3.06  1.65  1.01     2.69  1.66  3.55  2.83  2.73
  0   90     1.26  2.57  3.78  3.06  2.58  2.42  2.31  2.36  3.04  2.81  1.54  0.97     2.39  1.60  3.14  2.36  2.46
 15   10     1.08  2.14  3.64  4.54  5.05  5.08  4.58  4.08  3.99  2.72  1.35  0.87     3.26  1.37  4.41  4.58  2.69
 15   20     1.16  2.33  3.89  4.68  5.05  5.02  4.54  4.12  4.20  2.98  1.49  0.94     3.37  1.47  4.54  4.56  2.89
 15   30     1.22  2.48  4.09  4.72  4.95  4.87  4.42  4.08  4.32  3.17  1.60  0.99     3.41  1.56  4.58  4.46  3.03
 15   40     1.27  2.59  4.21  4.66  4.75  4.63  4.22  3.96  4.33  3.30  1.67  1.02     3.38  1.63  4.54  4.27  3.10
 15   50     1.30  2.67  4.26  4.50  4.46  4.31  3.95  3.76  4.25  3.34  1.71  1.04     3.29  1.67  4.41  4.00  3.10
 15   60     1.31  2.70  4.23  4.26  4.09  3.92  3.62  3.50  4.07  3.30  1.72  1.04     3.15  1.68  4.20  3.68  3.03
 15   70     1.30  2.68  4.14  3.94  3.66  3.47  3.22  3.17  3.81  3.19  1.68  1.03     2.94  1.67  3.91  3.29  2.89
 15   80     1.28  2.63  3.97  3.54  3.16  2.98  2.80  2.79  3.46  3.00  1.61  1.00     2.69  1.64  3.55  2.86  2.69
 15   90     1.24  2.53  3.74  3.08  2.63  2.47  2.34  2.39  3.04  2.75  1.51  0.95     2.39  1.57  3.15  2.40  2.43
 30   10     1.08  2.12  3.61  4.51  5.04  5.07  4.57  4.07  3.96  2.68  1.33  0.87     3.24  1.35  4.39  4.57  2.66
 30   20     1.14  2.28  3.83  4.63  5.03  5.01  4.53  4.10  4.14  2.91  1.45  0.92     3.33  1.45  4.50  4.55  2.84
 30   30     1.20  2.41  4.00  4.65  4.94  4.87  4.41  4.05  4.24  3.08  1.55  0.96     3.36  1.52  4.53  4.44  2.95
 30   40     1.24  2.51  4.11  4.59  4.75  4.63  4.22  3.94  4.25  3.18  1.61  0.99     3.33  1.58  4.48  4.26  3.01
 30   50     1.26  2.56  4.14  4.44  4.48  4.33  3.96  3.75  4.16  3.20  1.63  1.00     3.24  1.61  4.35  4.01  3.00
 30   60     1.27  2.58  4.10  4.20  4.12  3.96  3.63  3.49  3.98  3.15  1.63  1.00     3.09  1.62  4.14  3.69  2.92
 30   70     1.26  2.56  4.01  3.89  3.72  3.54  3.26  3.18  3.72  3.03  1.59  0.98     2.90  1.60  3.87  3.33  2.78
 30   80     1.23  2.50  3.85  3.52  3.25  3.08  2.86  2.82  3.40  2.84  1.51  0.95     2.65  1.56  3.54  2.92  2.58
 30   90     1.19  2.40  3.62  3.09  2.77  2.60  2.44  2.44  3.00  2.58  1.41  0.91     2.37  1.50  3.16  2.49  2.33
 45   10     1.06  2.09  3.55  4.47  5.02  5.06  4.55  4.04  3.91  2.63  1.30  0.85     3.21  1.33  4.35  4.55  2.61
 45   20     1.11  2.21  3.74  4.55  5.01  5.00  4.51  4.06  4.05  2.81  1.40  0.90     3.28  1.41  4.43  4.52  2.75
 45   30     1.15  2.31  3.87  4.56  4.90  4.85  4.38  4.00  4.12  2.94  1.46  0.93     3.29  1.46  4.44  4.41  2.84
 45   40     1.18  2.38  3.94  4.48  4.72  4.63  4.20  3.88  4.10  3.00  1.50  0.94     3.25  1.50  4.38  4.24  2.87
 45   50     1.20  2.41  3.96  4.32  4.46  4.34  3.95  3.69  4.00  2.99  1.51  0.94     3.15  1.52  4.25  3.99  2.84
 45   60     1.19  2.41  3.91  4.10  4.14  4.00  3.64  3.45  3.83  2.93  1.49  0.94     3.00  1.51  4.05  3.69  2.75
 45   70     1.18  2.38  3.81  3.80  3.76  3.60  3.30  3.16  3.58  2.80  1.44  0.91     2.81  1.49  3.79  3.35  2.61
 45   80     1.15  2.32  3.66  3.46  3.33  3.17  2.91  2.83  3.27  2.61  1.36  0.88     2.58  1.45  3.48  2.97  2.41
 45   90     1.11  2.22  3.46  3.07  2.89  2.74  2.53  2.47  2.91  2.37  1.25  0.83     2.32  1.39  3.14  2.58  2.18
 60   10     1.04  2.04  3.49  4.42  4.99  5.04  4.54  4.02  3.84  2.56  1.27  0.84     3.17  1.30  4.30  4.53  2.56
 60   20     1.08  2.12  3.61  4.45  4.96  4.97  4.47  4.00  3.93  2.68  1.32  0.86     3.20  1.35  4.34  4.48  2.65
 60   30     1.10  2.18  3.69  4.42  4.84  4.82  4.34  3.93  3.95  2.75  1.36  0.87     3.19  1.38  4.32  4.36  2.69
 60   40     1.11  2.21  3.73  4.32  4.66  4.60  4.15  3.80  3.91  2.77  1.37  0.88     3.13  1.40  4.24  4.18  2.69
 60   50     1.11  2.23  3.72  4.16  4.42  4.33  3.91  3.61  3.79  2.74  1.36  0.87     3.02  1.40  4.10  3.95  2.63
 60   60     1.10  2.21  3.67  3.94  4.11  4.00  3.62  3.38  3.62  2.65  1.32  0.85     2.87  1.39  3.90  3.67  2.53
 60   70     1.08  2.17  3.56  3.66  3.75  3.63  3.29  3.10  3.38  2.52  1.26  0.82     2.69  1.36  3.66  3.34  2.39
 60   80     1.04  2.11  3.43  3.35  3.37  3.24  2.94  2.79  3.09  2.34  1.18  0.78     2.47  1.31  3.38  2.99  2.21
 60   90     1.00  2.02  3.26  3.00  2.95  2.83  2.58  2.46  2.77  2.12  1.08  0.73     2.23  1.25  3.07  2.63  1.99
 75   10     1.02  1.98  3.41  4.35  4.96  5.02  4.51  3.98  3.76  2.48  1.22  0.82     3.13  1.27  4.24  4.50  2.49
 75   20     1.03  2.02  3.46  4.33  4.89  4.93  4.43  3.93  3.78  2.52  1.24  0.82     3.12  1.29  4.22  4.43  2.52
 75   30     1.03  2.04  3.48  4.25  4.76  4.76  4.29  3.83  3.75  2.54  1.25  0.82     3.06  1.29  4.16  4.29  2.51
 75   40     1.03  2.04  3.48  4.12  4.56  4.54  4.09  3.69  3.66  2.50  1.23  0.81     2.98  1.29  4.05  4.11  2.47
 75   50     1.01  2.02  3.44  3.95  4.31  4.26  3.84  3.50  3.53  2.45  1.20  0.79     2.86  1.27  3.90  3.87  2.39
 75   60     1.00  2.00  3.37  3.72  4.03  3.96  3.56  3.26  3.34  2.35  1.15  0.76     2.71  1.25  3.71  3.59  2.28
 75   70     0.97  1.95  3.28  3.47  3.69  3.61  3.26  3.00  3.13  2.21  1.09  0.73     2.53  1.22  3.48  3.29  2.14
 75   80     0.94  1.89  3.16  3.17  3.33  3.24  2.92  2.71  2.86  2.05  1.01  0.69     2.33  1.17  3.22  2.96  1.97
 75   90     0.91  1.83  3.02  2.87  2.96  2.87  2.59  2.42  2.58  1.85  0.91  0.64     2.12  1.13  2.95  2.62  1.78
 90   10     1.00  1.93  3.32  4.28  4.92  5.00  4.49  3.94  3.67  2.39  1.18  0.79     3.08  1.24  4.17  4.47  2.41
 90   20     0.98  1.90  3.29  4.19  4.81  4.88  4.38  3.85  3.61  2.35  1.16  0.78     3.02  1.22  4.10  4.37  2.37
 90   30     0.96  1.88  3.25  4.06  4.64  4.69  4.21  3.72  3.52  2.30  1.13  0.76     2.93  1.20  3.98  4.21  2.31
 90   40     0.95  1.85  3.20  3.88  4.43  4.45  4.00  3.54  3.38  2.23  1.08  0.74     2.81  1.18  3.84  4.00  2.23
 90   50     0.92  1.82  3.14  3.69  4.17  4.17  3.75  3.35  3.22  2.13  1.04  0.71     2.68  1.15  3.67  3.75  2.13
 90   60     0.90  1.78  3.06  3.47  3.87  3.86  3.47  3.11  3.04  2.03  0.98  0.68     2.52  1.12  3.47  3.48  2.02
 90   70     0.88  1.74  2.98  3.21  3.56  3.53  3.17  2.85  2.81  1.89  0.92  0.65     2.35  1.09  3.25  3.19  1.87
 90   80     0.85  1.69  2.88  2.96  3.23  3.19  2.86  2.60  2.59  1.75  0.85  0.61     2.17  1.05  3.02  2.88  1.73
 90   90     0.82  1.64  2.77  2.68  2.88  2.83  2.54  2.32  2.32  1.58  0.77  0.57     1.98  1.01  2.77  2.56  1.56
105   10     0.97  1.87  3.23  4.21  4.88  4.97  4.46  3.89  3.58  2.30  1.13  0.77     3.02  1.20  4.11  4.44  2.34
105   20     0.94  1.79  3.12  4.04  4.72  4.82  4.32  3.76  3.44  2.18  1.07  0.74     2.91  1.16  3.96  4.30  2.23
105   30     0.90  1.73  3.01  3.85  4.51  4.60  4.12  3.59  3.27  2.06  1.01  0.71     2.78  1.11  3.79  4.10  2.11
105   40     0.88  1.67  2.91  3.63  4.25  4.33  3.88  3.38  3.08  1.94  0.95  0.68     2.63  1.07  3.60  3.87  1.99
105   50     0.85  1.63  2.82  3.40  3.98  4.04  3.62  3.16  2.89  1.83  0.89  0.65     2.48  1.04  3.40  3.61  1.87
105   60     0.83  1.58  2.74  3.17  3.68  3.72  3.34  2.93  2.68  1.71  0.83  0.61     2.32  1.01  3.19  3.33  1.74
105   70     0.81  1.55  2.65  2.94  3.37  3.39  3.04  2.68  2.49  1.58  0.77  0.58     2.15  0.98  2.98  3.04  1.62
105   80     0.78  1.51  2.59  2.69  3.05  3.06  2.74  2.43  2.27  1.46  0.71  0.56     1.99  0.95  2.78  2.74  1.48
105   90     0.76  1.48  2.50  2.45  2.75  2.74  2.45  2.18  2.06  1.32  0.65  0.52     1.82  0.92  2.57  2.46  1.34
120   10     0.95  1.81  3.15  4.14  4.84  4.95  4.44  3.85  3.50  2.21  1.09  0.75     2.97  1.17  4.04  4.41  2.26
120   20     0.89  1.69  2.95  3.90  4.63  4.76  4.27  3.68  3.26  2.01  0.99  0.70     2.81  1.10  3.83  4.24  2.09
120   30     0.85  1.59  2.77  3.63  4.36  4.50  4.03  3.46  3.01  1.83  0.90  0.66     2.63  1.03  3.59  4.00  1.91
120   40     0.82  1.51  2.62  3.35  4.06  4.19  3.76  3.21  2.76  1.67  0.83  0.63     2.45  0.98  3.34  3.72  1.75
120   50     0.79  1.45  2.50  3.09  3.74  3.86  3.46  2.96  2.54  1.53  0.77  0.60     2.27  0.95  3.11  3.43  1.61
120   60     0.78  1.42  2.41  2.84  3.42  3.53  3.16  2.71  2.33  1.41  0.72  0.57     2.11  0.92  2.89  3.13  1.49
120   70     0.76  1.40  2.35  2.61  3.12  3.21  2.87  2.47  2.14  1.30  0.66  0.55     1.95  0.90  2.69  2.85  1.37
120   80     0.75  1.38  2.31  2.40  2.83  2.89  2.59  2.24  1.95  1.19  0.61  0.53     1.80  0.88  2.51  2.57  1.25
120   90     0.73  1.36  2.26  2.20  2.53  2.58  2.31  2.01  1.78  1.09  0.56  0.50     1.66  0.86  2.33  2.30  1.14
135   10     0.93  1.76  3.07  4.08  4.80  4.93  4.42  3.82  3.42  2.13  1.05  0.74     2.93  1.14  3.98  4.39  2.20
135   20     0.86  1.60  2.80  3.77  4.55  4.72  4.22  3.60  3.10  1.86  0.92  0.67     2.72  1.04  3.71  4.18  1.96
135   30     0.81  1.45  2.54  3.42  4.23  4.42  3.95  3.33  2.76  1.60  0.81  0.63     2.50  0.96  3.40  3.90  1.72
135   40     0.78  1.36  2.34  3.07  3.85  4.06  3.63  3.03  2.44  1.40  0.74  0.60     2.27  0.91  3.08  3.57  1.53
135   50     0.76  1.32  2.19  2.76  3.47  3.67  3.29  2.74  2.18  1.26  0.69  0.58     2.08  0.89  2.81  3.23  1.37
135   60     0.75  1.29  2.12  2.50  3.12  3.30  2.96  2.48  1.97  1.15  0.64  0.56     1.90  0.87  2.58  2.91  1.25
135   70     0.74  1.29  2.08  2.28  2.81  2.97  2.66  2.24  1.79  1.06  0.60  0.54     1.76  0.86  2.39  2.62  1.15
135   80     0.73  1.28  2.06  2.10  2.54  2.66  2.39  2.03  1.64  0.98  0.56  0.52     1.63  0.85  2.23  2.36  1.06
135   90     0.73  1.29  2.05  1.93  2.29  2.39  2.15  1.82  1.50  0.91  0.51  0.50     1.51  0.84  2.09  2.12  0.97
150   10     0.91  1.73  3.01  4.03  4.78  4.92  4.40  3.79  3.36  2.07  1.02  0.72     2.90  1.12  3.94  4.37  2.15
150   20     0.83  1.52  2.67  3.67  4.50  4.69  4.19  3.54  2.96  1.73  0.86  0.65     2.65  1.00  3.61  4.14  1.85
150   30     0.78  1.35  2.34  3.25  4.13  4.37  3.90  3.23  2.54  1.40  0.73  0.61     2.39  0.91  3.24  3.84  1.56
150   40     0.77  1.25  2.07  2.81  3.68  3.97  3.54  2.88  2.14  1.17  0.68  0.59     2.13  0.87  2.86  3.46  1.33
150   50     0.76  1.23  1.93  2.43  3.21  3.50  3.13  2.52  1.84  1.04  0.65  0.58     1.90  0.86  2.52  3.05  1.18
150   60     0.75  1.23  1.87  2.16  2.80  3.05  2.75  2.23  1.63  0.97  0.61  0.56     1.72  0.85  2.27  2.68  1.07
150   70     0.74  1.24  1.87  1.97  2.49  2.69  2.44  2.01  1.49  0.90  0.58  0.54     1.58  0.84  2.11  2.38  0.99
150   80     0.74  1.25  1.88  1.82  2.25  2.41  2.19  1.82  1.38  0.85  0.54  0.52     1.47  0.83  1.98  2.14  0.92
150   90     0.73  1.26  1.90  1.69  2.04  2.17  1.97  1.65  1.28  0.79  0.50  0.50     1.37  0.83  1.88  1.93  0.86
165   10     0.90  1.70  2.97  4.00  4.76  4.91  4.39  3.77  3.32  2.03  1.00  0.71     2.87  1.11  3.91  4.36  2.12
165   20     0.81  1.47  2.59  3.61  4.47  4.67  4.17  3.51  2.88  1.63  0.81  0.63     2.61  0.97  3.56  4.12  1.78
165   30     0.77  1.26  2.19  3.15  4.09  4.35  3.88  3.18  2.39  1.25  0.69  0.61     2.32  0.88  3.14  3.80  1.45
165   40     0.77  1.20  1.85  2.64  3.63  3.94  3.51  2.79  1.89  0.99  0.67  0.59     2.04  0.85  2.71  3.41  1.18
165   50     0.76  1.21  1.71  2.13  3.10  3.46  3.09  2.36  1.52  0.92  0.65  0.58     1.79  0.85  2.31  2.97  1.03
165   60     0.75  1.22  1.71  1.84  2.53  2.93  2.62  2.00  1.36  0.88  0.61  0.56     1.59  0.84  2.03  2.52  0.95
165   70     0.74  1.23  1.74  1.70  2.20  2.47  2.25  1.79  1.27  0.84  0.58  0.54     1.45  0.84  1.88  2.17  0.89
165   80     0.74  1.24  1.78  1.61  1.99  2.20  2.02  1.64  1.19  0.79  0.54  0.52     1.35  0.83  1.79  1.95  0.84
165   90     0.73  1.26  1.81  1.52  1.82  1.99  1.83  1.50  1.12  0.75  0.50  0.50     1.28  0.83  1.72  1.77  0.79
180   10     0.90  1.70  2.96  4.00  4.76  4.91  4.39  3.76  3.31  2.01  0.99  0.71     2.87  1.10  3.90  4.35  2.11
180   20     0.80  1.45  2.56  3.60  4.46  4.67  4.17  3.49  2.86  1.60  0.80  0.62     2.59  0.96  3.54  4.11  1.75
180   30     0.77  1.22  2.13  3.13  4.08  4.34  3.87  3.15  2.35  1.17  0.69  0.61     2.29  0.86  3.11  3.79  1.41
180   40     0.77  1.20  1.70  2.61  3.61  3.93  3.50  2.76  1.80  0.95  0.67  0.59     2.01  0.85  2.64  3.40  1.14
180   50     0.76  1.21  1.64  2.05  3.08  3.45  3.08  2.33  1.29  0.92  0.65  0.58     1.75  0.85  2.26  2.95  0.95
180   60     0.75  1.22  1.67  1.67  2.50  2.92  2.61  1.88  1.22  0.88  0.61  0.56     1.54  0.84  1.95  2.47  0.90
180   70     0.74  1.23  1.71  1.58  2.07  2.39  2.18  1.69  1.17  0.84  0.58  0.54     1.39  0.84  1.79  2.08  0.86
180   80     0.74  1.24  1.75  1.51  1.89  2.12  1.95  1.56  1.11  0.79  0.54  0.52     1.31  0.83  1.72  1.88  0.81
180   90     0.73  1.26  1.79  1.46  1.74  1.93  1.78  1.44  1.05  0.75  0.50  0.50     1.24  0.83  1.67  1.71  0.77
             62.9  62.8  52.3  28.9  15.7   8.3  11.0  20.2  36.9  51.3  56.7  57.4     31.6  61.7  30.0  13.1  45.6
             1.32  2.74  4.30  4.73  5.07  5.08  4.58  4.13  4.36  3.39  1.75  1.06     3.54  1.70  4.60  4.58  3.14
             1.24  2.52  4.14  4.73  4.93  4.84  4.40  4.07  4.34  3.23  1.63  1.00     3.42  1.59  4.60  4.44  3.07
             1.06  1.09  1.04  1.00  1.03  1.05  1.04  1.01  1.00  1.05  1.07  1.06     1.04  1.07  1.02  1.04  1.04
             1.24  1.30  1.24  1.09  0.99  0.96  0.97  1.03  1.17  1.35  1.36  1.25     1.16  1.26  1.11  0.98  1.29
temperature  -4.6  -4.3  -0.9   4.4   8.9  12.6  16.8  19.3  16.4  10.7   3.2  -2.3      6.7  -3.7   4.1  16.2  10.1
diffusedrad  0.83  1.36  1.93  2.19  2.56  2.85  2.74  2.32  1.78  1.26  0.81  0.65     1.77  0.94  2.23  2.64  1.28
snow10cm     0.95  0.97  0.83  0.13  0.00  0.00  0.00  0.00  0.00  0.00  0.06  0.54     0.29  0.82  0.32  0.00  0.02
