2 12632   麓郷            43 18.1  142 31.3  315
             1.45  2.34  3.34  4.11  4.69  4.99  4.70  4.21  3.38  2.40  1.34  1.08     3.17  1.62  4.05  4.63  2.37
             1.78  2.80  4.09  4.77  5.28  5.56  5.67  4.84  3.87  2.73  1.56  1.29     3.40  1.88  4.57  5.24  2.60
             1.17  1.84  2.64  3.63  4.10  3.97  3.78  3.40  2.73  2.02  1.10  0.83     3.01  1.34  3.69  4.11  2.16
  0   10     1.68  2.63  3.62  4.29  4.76  5.00  4.74  4.30  3.61  2.68  1.52  1.24     3.34  1.85  4.22  4.68  2.60
  0   20     1.89  2.90  3.85  4.39  4.75  4.94  4.69  4.34  3.76  2.91  1.67  1.38     3.46  2.06  4.33  4.66  2.78
  0   30     2.08  3.13  4.03  4.41  4.63  4.77  4.55  4.29  3.83  3.08  1.79  1.49     3.51  2.23  4.36  4.54  2.90
  0   40     2.23  3.31  4.14  4.33  4.43  4.51  4.33  4.15  3.81  3.17  1.88  1.59     3.49  2.37  4.30  4.33  2.95
  0   50     2.34  3.42  4.18  4.17  4.14  4.18  4.03  3.93  3.71  3.19  1.93  1.65     3.41  2.47  4.17  4.05  2.94
  0   60     2.40  3.48  4.16  3.94  3.79  3.78  3.66  3.63  3.54  3.15  1.93  1.69     3.26  2.52  3.96  3.69  2.87
  0   70     2.43  3.47  4.07  3.63  3.36  3.32  3.23  3.27  3.28  3.02  1.90  1.70     3.06  2.53  3.69  3.27  2.74
  0   80     2.40  3.41  3.91  3.25  2.88  2.82  2.76  2.85  2.97  2.83  1.83  1.67     2.80  2.50  3.35  2.81  2.54
  0   90     2.34  3.28  3.69  2.83  2.38  2.30  2.27  2.39  2.59  2.58  1.72  1.62     2.50  2.41  2.97  2.32  2.30
 15   10     1.67  2.62  3.61  4.28  4.76  5.00  4.74  4.30  3.60  2.67  1.51  1.23     3.33  1.84  4.22  4.68  2.59
 15   20     1.87  2.88  3.84  4.38  4.74  4.93  4.69  4.33  3.75  2.89  1.66  1.37     3.44  2.04  4.32  4.65  2.77
 15   30     2.05  3.10  4.00  4.40  4.63  4.77  4.55  4.28  3.81  3.05  1.77  1.48     3.49  2.21  4.34  4.53  2.88
 15   40     2.19  3.27  4.11  4.32  4.43  4.53  4.33  4.14  3.80  3.14  1.85  1.57     3.47  2.34  4.29  4.33  2.93
 15   50     2.30  3.38  4.15  4.16  4.15  4.19  4.03  3.92  3.70  3.16  1.89  1.63     3.39  2.44  4.16  4.05  2.92
 15   60     2.36  3.43  4.12  3.93  3.80  3.80  3.67  3.63  3.52  3.10  1.90  1.66     3.25  2.49  3.95  3.70  2.84
 15   70     2.38  3.42  4.03  3.63  3.38  3.35  3.25  3.28  3.27  2.98  1.86  1.67     3.04  2.49  3.68  3.29  2.70
 15   80     2.36  3.35  3.88  3.26  2.91  2.86  2.80  2.87  2.96  2.79  1.78  1.64     2.79  2.45  3.35  2.84  2.51
 15   90     2.29  3.22  3.66  2.84  2.43  2.36  2.32  2.43  2.59  2.54  1.68  1.59     2.50  2.37  2.98  2.37  2.27
 30   10     1.64  2.59  3.58  4.26  4.75  5.00  4.73  4.28  3.58  2.64  1.49  1.21     3.31  1.82  4.20  4.67  2.57
 30   20     1.82  2.83  3.78  4.35  4.73  4.93  4.68  4.30  3.71  2.84  1.62  1.33     3.41  1.99  4.29  4.64  2.72
 30   30     1.98  3.02  3.93  4.34  4.63  4.77  4.55  4.25  3.75  2.97  1.72  1.43     3.44  2.14  4.30  4.52  2.81
 30   40     2.10  3.16  4.02  4.27  4.43  4.53  4.33  4.11  3.73  3.04  1.78  1.51     3.42  2.25  4.24  4.32  2.85
 30   50     2.19  3.25  4.05  4.12  4.17  4.22  4.05  3.90  3.63  3.04  1.81  1.56     3.33  2.33  4.11  4.06  2.83
 30   60     2.24  3.28  4.01  3.88  3.83  3.84  3.71  3.61  3.45  2.97  1.80  1.58     3.18  2.37  3.91  3.72  2.74
 30   70     2.25  3.26  3.92  3.59  3.44  3.42  3.31  3.28  3.20  2.84  1.75  1.58     2.99  2.36  3.65  3.34  2.60
 30   80     2.21  3.18  3.77  3.25  3.00  2.97  2.89  2.89  2.91  2.65  1.67  1.55     2.75  2.31  3.34  2.92  2.41
 30   90     2.15  3.05  3.56  2.86  2.56  2.50  2.44  2.49  2.56  2.39  1.56  1.50     2.47  2.23  2.99  2.47  2.17
 45   10     1.60  2.54  3.53  4.23  4.74  4.99  4.72  4.25  3.54  2.59  1.46  1.19     3.28  1.78  4.17  4.65  2.53
 45   20     1.75  2.73  3.70  4.28  4.71  4.92  4.66  4.26  3.63  2.75  1.56  1.28     3.35  1.92  4.23  4.61  2.65
 45   30     1.87  2.87  3.81  4.27  4.60  4.76  4.53  4.19  3.66  2.85  1.63  1.36     3.37  2.03  4.22  4.49  2.71
 45   40     1.96  2.98  3.87  4.18  4.42  4.54  4.33  4.04  3.62  2.88  1.67  1.41     3.33  2.12  4.16  4.30  2.72
 45   50     2.02  3.04  3.88  4.02  4.16  4.24  4.06  3.84  3.50  2.85  1.68  1.45     3.23  2.17  4.02  4.05  2.68
 45   60     2.05  3.06  3.84  3.80  3.85  3.90  3.73  3.57  3.33  2.78  1.65  1.46     3.09  2.19  3.83  3.73  2.59
 45   70     2.04  3.02  3.74  3.52  3.48  3.50  3.37  3.25  3.10  2.64  1.60  1.45     2.89  2.17  3.58  3.38  2.44
 45   80     2.00  2.94  3.60  3.21  3.09  3.08  2.97  2.90  2.81  2.45  1.51  1.41     2.66  2.12  3.30  2.98  2.26
 45   90     1.93  2.82  3.42  2.85  2.68  2.66  2.57  2.52  2.49  2.21  1.40  1.35     2.41  2.04  2.98  2.58  2.04
 60   10     1.55  2.48  3.47  4.18  4.72  4.98  4.70  4.22  3.49  2.53  1.42  1.16     3.24  1.73  4.12  4.63  2.48
 60   20     1.65  2.60  3.58  4.20  4.67  4.90  4.63  4.19  3.54  2.63  1.48  1.22     3.27  1.82  4.15  4.57  2.55
 60   30     1.73  2.70  3.65  4.16  4.55  4.74  4.50  4.11  3.53  2.68  1.52  1.26     3.26  1.90  4.12  4.45  2.58
 60   40     1.78  2.76  3.68  4.05  4.37  4.52  4.29  3.95  3.47  2.68  1.53  1.29     3.20  1.95  4.03  4.25  2.56
 60   50     1.82  2.79  3.66  3.89  4.13  4.25  4.04  3.74  3.34  2.63  1.52  1.31     3.09  1.97  3.89  4.01  2.50
 60   60     1.82  2.79  3.62  3.67  3.83  3.91  3.73  3.49  3.17  2.53  1.48  1.30     2.94  1.97  3.71  3.71  2.39
 60   70     1.81  2.74  3.52  3.41  3.50  3.55  3.38  3.19  2.95  2.40  1.42  1.28     2.76  1.94  3.48  3.37  2.25
 60   80     1.76  2.66  3.40  3.12  3.13  3.16  3.02  2.86  2.68  2.22  1.33  1.24     2.55  1.89  3.22  3.02  2.08
 60   90     1.70  2.56  3.25  2.80  2.74  2.76  2.65  2.51  2.39  2.00  1.23  1.19     2.31  1.82  2.93  2.64  1.87
 75   10     1.50  2.40  3.40  4.13  4.69  4.96  4.68  4.18  3.43  2.46  1.37  1.12     3.19  1.67  4.07  4.61  2.42
 75   20     1.54  2.46  3.44  4.10  4.62  4.86  4.59  4.11  3.43  2.49  1.40  1.14     3.18  1.71  4.05  4.52  2.44
 75   30     1.57  2.49  3.47  4.01  4.49  4.70  4.44  4.00  3.37  2.49  1.40  1.16     3.13  1.74  3.99  4.38  2.42
 75   40     1.59  2.52  3.45  3.89  4.29  4.47  4.24  3.83  3.28  2.45  1.38  1.17     3.05  1.76  3.88  4.18  2.37
 75   50     1.59  2.51  3.42  3.71  4.05  4.20  3.98  3.62  3.14  2.38  1.35  1.16     2.93  1.75  3.73  3.93  2.29
 75   60     1.59  2.49  3.35  3.50  3.77  3.89  3.69  3.36  2.96  2.27  1.30  1.14     2.78  1.74  3.54  3.65  2.17
 75   70     1.56  2.44  3.27  3.26  3.46  3.55  3.37  3.08  2.75  2.13  1.23  1.11     2.60  1.71  3.33  3.33  2.04
 75   80     1.52  2.37  3.16  2.98  3.11  3.18  3.02  2.77  2.51  1.96  1.15  1.08     2.40  1.66  3.08  2.99  1.87
 75   90     1.47  2.30  3.04  2.71  2.77  2.81  2.67  2.46  2.25  1.76  1.05  1.03     2.19  1.60  2.84  2.65  1.69
 90   10     1.43  2.31  3.32  4.07  4.66  4.94  4.66  4.13  3.36  2.38  1.33  1.08     3.14  1.61  4.02  4.58  2.36
 90   20     1.42  2.30  3.29  3.99  4.56  4.82  4.55  4.03  3.30  2.34  1.30  1.06     3.08  1.60  3.94  4.46  2.31
 90   30     1.41  2.28  3.25  3.86  4.40  4.64  4.37  3.87  3.20  2.28  1.27  1.05     2.99  1.58  3.84  4.29  2.25
 90   40     1.40  2.25  3.21  3.69  4.19  4.40  4.15  3.68  3.06  2.21  1.23  1.03     2.88  1.56  3.70  4.08  2.17
 90   50     1.38  2.23  3.14  3.51  3.94  4.12  3.89  3.46  2.91  2.10  1.18  1.01     2.74  1.54  3.53  3.82  2.06
 90   60     1.36  2.18  3.08  3.29  3.65  3.81  3.60  3.20  2.73  1.99  1.12  0.99     2.58  1.51  3.34  3.54  1.94
 90   70     1.34  2.15  2.99  3.05  3.36  3.49  3.29  2.93  2.52  1.84  1.05  0.96     2.41  1.48  3.13  3.23  1.80
 90   80     1.30  2.09  2.91  2.81  3.04  3.14  2.97  2.65  2.30  1.70  0.98  0.93     2.23  1.44  2.92  2.92  1.66
 90   90     1.27  2.04  2.81  2.55  2.70  2.78  2.63  2.35  2.06  1.53  0.90  0.89     2.04  1.40  2.69  2.59  1.50
105   10     1.37  2.23  3.24  4.01  4.63  4.92  4.63  4.09  3.29  2.30  1.28  1.03     3.09  1.55  3.96  4.55  2.29
105   20     1.31  2.14  3.14  3.87  4.49  4.77  4.49  3.94  3.17  2.19  1.21  0.99     2.98  1.48  3.83  4.40  2.19
105   30     1.26  2.06  3.04  3.68  4.29  4.56  4.29  3.74  3.01  2.07  1.15  0.95     2.84  1.42  3.67  4.20  2.08
105   40     1.21  2.00  2.94  3.48  4.05  4.30  4.04  3.51  2.84  1.95  1.09  0.91     2.69  1.38  3.49  3.95  1.96
105   50     1.19  1.95  2.86  3.26  3.78  4.00  3.76  3.26  2.65  1.83  1.02  0.89     2.54  1.34  3.30  3.68  1.83
105   60     1.16  1.91  2.78  3.04  3.49  3.69  3.47  3.00  2.46  1.70  0.96  0.86     2.38  1.31  3.11  3.39  1.71
105   70     1.15  1.87  2.71  2.82  3.19  3.36  3.16  2.74  2.27  1.57  0.89  0.83     2.21  1.28  2.90  3.09  1.58
105   80     1.13  1.84  2.65  2.58  2.89  3.04  2.85  2.46  2.05  1.44  0.83  0.81     2.05  1.26  2.71  2.78  1.44
105   90     1.11  1.80  2.58  2.37  2.59  2.71  2.55  2.21  1.86  1.30  0.77  0.78     1.89  1.23  2.51  2.49  1.31
120   10     1.31  2.15  3.17  3.96  4.59  4.90  4.61  4.04  3.23  2.22  1.23  1.00     3.04  1.49  3.90  4.52  2.23
120   20     1.20  1.99  2.99  3.75  4.41  4.73  4.44  3.85  3.03  2.04  1.12  0.92     2.87  1.37  3.72  4.34  2.07
120   30     1.11  1.86  2.82  3.50  4.17  4.48  4.20  3.60  2.81  1.86  1.03  0.85     2.69  1.27  3.50  4.09  1.90
120   40     1.06  1.76  2.68  3.25  3.88  4.17  3.91  3.32  2.59  1.70  0.95  0.81     2.51  1.21  3.27  3.80  1.75
120   50     1.03  1.69  2.56  3.00  3.58  3.85  3.60  3.04  2.38  1.56  0.89  0.79     2.33  1.17  3.05  3.50  1.61
120   60     1.01  1.66  2.48  2.77  3.28  3.51  3.29  2.77  2.18  1.43  0.83  0.76     2.16  1.14  2.84  3.19  1.48
120   70     1.00  1.63  2.43  2.55  2.98  3.18  2.98  2.51  1.99  1.32  0.77  0.75     2.01  1.13  2.65  2.89  1.36
120   80     1.00  1.63  2.38  2.35  2.69  2.86  2.69  2.26  1.81  1.20  0.73  0.73     1.86  1.12  2.48  2.60  1.25
120   90     1.00  1.62  2.36  2.15  2.41  2.56  2.39  2.02  1.64  1.10  0.68  0.72     1.72  1.11  2.31  2.32  1.14
135   10     1.26  2.08  3.10  3.90  4.56  4.88  4.59  4.01  3.17  2.16  1.19  0.96     2.99  1.44  3.86  4.50  2.17
135   20     1.10  1.86  2.85  3.65  4.35  4.69  4.39  3.77  2.91  1.90  1.05  0.85     2.78  1.27  3.62  4.28  1.95
135   30     0.99  1.67  2.62  3.34  4.06  4.40  4.12  3.47  2.63  1.67  0.93  0.78     2.56  1.15  3.34  4.00  1.74
135   40     0.94  1.54  2.42  3.02  3.72  4.05  3.78  3.14  2.35  1.47  0.84  0.74     2.33  1.07  3.05  3.66  1.55
135   50     0.92  1.48  2.29  2.73  3.36  3.67  3.42  2.81  2.10  1.31  0.79  0.72     2.13  1.04  2.79  3.30  1.40
135   60     0.92  1.46  2.21  2.48  3.03  3.30  3.08  2.52  1.89  1.20  0.74  0.71     1.96  1.03  2.57  2.96  1.28
135   70     0.92  1.46  2.17  2.28  2.73  2.96  2.76  2.26  1.72  1.10  0.70  0.70     1.81  1.03  2.39  2.66  1.18
135   80     0.93  1.47  2.15  2.09  2.46  2.65  2.48  2.03  1.57  1.01  0.66  0.69     1.68  1.03  2.23  2.39  1.08
135   90     0.94  1.49  2.16  1.93  2.21  2.37  2.22  1.82  1.43  0.93  0.62  0.69     1.57  1.04  2.10  2.14  0.99
150   10     1.22  2.03  3.05  3.87  4.54  4.87  4.58  3.98  3.12  2.10  1.16  0.94     2.96  1.40  3.82  4.48  2.13
150   20     1.02  1.74  2.74  3.56  4.30  4.66  4.36  3.71  2.81  1.79  0.98  0.80     2.71  1.19  3.54  4.25  1.86
150   30     0.90  1.50  2.44  3.20  3.98  4.36  4.07  3.37  2.46  1.49  0.84  0.72     2.44  1.04  3.21  3.93  1.60
150   40     0.87  1.36  2.18  2.82  3.58  3.98  3.69  2.98  2.12  1.26  0.77  0.71     2.19  0.98  2.86  3.55  1.38
150   50     0.88  1.32  2.03  2.46  3.15  3.52  3.26  2.59  1.84  1.11  0.74  0.70     1.97  0.97  2.55  3.12  1.23
150   60     0.89  1.33  1.98  2.19  2.75  3.06  2.85  2.26  1.63  1.02  0.71  0.70     1.78  0.97  2.31  2.72  1.12
150   70     0.90  1.36  1.97  2.00  2.44  2.69  2.51  2.00  1.49  0.95  0.67  0.70     1.64  0.99  2.14  2.40  1.04
150   80     0.92  1.39  1.99  1.86  2.19  2.40  2.25  1.80  1.37  0.89  0.64  0.69     1.53  1.00  2.01  2.15  0.96
150   90     0.93  1.43  2.02  1.74  1.98  2.15  2.02  1.63  1.25  0.83  0.60  0.68     1.44  1.01  1.91  1.93  0.90
165   10     1.20  2.00  3.01  3.85  4.53  4.87  4.57  3.97  3.10  2.07  1.14  0.92     2.93  1.37  3.80  4.47  2.10
165   20     0.97  1.67  2.67  3.52  4.28  4.65  4.35  3.68  2.75  1.71  0.94  0.77     2.66  1.13  3.49  4.23  1.80
165   30     0.86  1.37  2.31  3.12  3.94  4.34  4.04  3.32  2.36  1.35  0.78  0.71     2.38  0.98  3.12  3.90  1.50
165   40     0.87  1.25  1.98  2.68  3.53  3.95  3.66  2.90  1.94  1.08  0.76  0.71     2.11  0.94  2.73  3.50  1.26
165   50     0.88  1.27  1.82  2.22  3.06  3.49  3.22  2.44  1.59  0.99  0.73  0.70     1.87  0.95  2.37  3.05  1.10
165   60     0.89  1.31  1.81  1.92  2.54  2.97  2.73  2.01  1.41  0.94  0.70  0.70     1.66  0.97  2.09  2.57  1.02
165   70     0.90  1.34  1.85  1.77  2.17  2.47  2.29  1.77  1.31  0.89  0.67  0.70     1.51  0.98  1.93  2.18  0.96
165   80     0.92  1.38  1.89  1.67  1.96  2.18  2.04  1.61  1.22  0.84  0.64  0.69     1.42  1.00  1.84  1.95  0.90
165   90     0.93  1.42  1.94  1.58  1.78  1.97  1.85  1.48  1.14  0.78  0.60  0.68     1.35  1.01  1.77  1.76  0.84
180   10     1.19  1.99  3.00  3.84  4.53  4.86  4.57  3.96  3.09  2.05  1.13  0.91     2.93  1.36  3.79  4.46  2.09
180   20     0.95  1.64  2.64  3.50  4.27  4.64  4.35  3.67  2.73  1.68  0.92  0.75     2.65  1.11  3.47  4.22  1.78
180   30     0.86  1.31  2.25  3.10  3.93  4.33  4.04  3.31  2.32  1.29  0.78  0.71     2.35  0.96  3.10  3.89  1.47
180   40     0.87  1.25  1.86  2.65  3.51  3.94  3.66  2.88  1.88  1.02  0.76  0.71     2.08  0.94  2.68  3.49  1.22
180   50     0.88  1.27  1.73  2.17  3.04  3.48  3.21  2.42  1.41  0.98  0.73  0.70     1.84  0.95  2.31  3.04  1.04
180   60     0.89  1.31  1.77  1.76  2.51  2.96  2.72  1.92  1.30  0.94  0.70  0.70     1.62  0.97  2.02  2.53  0.98
180   70     0.90  1.34  1.82  1.66  2.06  2.40  2.21  1.66  1.23  0.89  0.67  0.70     1.46  0.98  1.85  2.09  0.93
180   80     0.92  1.38  1.87  1.58  1.86  2.10  1.97  1.53  1.16  0.84  0.64  0.69     1.38  1.00  1.77  1.87  0.88
180   90     0.93  1.42  1.92  1.52  1.71  1.90  1.79  1.41  1.09  0.78  0.60  0.68     1.31  1.01  1.72  1.70  0.82
             70.2  64.1  51.5  26.5  13.7   6.9   8.8  19.2  33.2  48.2  56.7  67.1     32.4  66.7  28.1  12.6  43.6
             2.43  3.49  4.18  4.41  4.77  5.01  4.74  4.34  3.83  3.20  1.94  1.70     3.67  2.54  4.36  4.68  2.96
             2.11  3.18  4.06  4.40  4.59  4.72  4.51  4.26  3.83  3.10  1.82  1.52     3.51  2.27  4.35  4.50  2.92
             1.15  1.10  1.03  1.00  1.04  1.06  1.05  1.02  1.00  1.03  1.07  1.12     1.06  1.12  1.02  1.04  1.03
             1.46  1.36  1.22  1.07  0.98  0.95  0.96  1.01  1.13  1.29  1.36  1.41     1.18  1.41  1.09  0.97  1.26
temperature  -8.8  -8.2  -3.4   4.1  10.4  15.1  18.9  19.8  14.6   7.8   0.9  -5.6      5.5  -7.5   3.7  17.9   7.8
diffusedrad  0.98  1.45  1.99  2.25  2.55  2.78  2.68  2.32  1.83  1.33  0.90  0.79     1.82  1.07  2.27  2.59  1.35
snow10cm     1.00  1.00  0.93  0.17  0.00  0.00  0.00  0.00  0.00  0.00  0.20  0.81     0.34  0.94  0.37  0.00  0.07
