2 13086   遠別            44 43.1  141 48.4    7
             1.18  2.12  3.36  4.19  4.87  5.21  4.79  4.18  3.60  2.22  1.08  0.83     3.13  1.37  4.14  4.73  2.30
             1.49  2.84  4.00  4.77  5.64  5.93  6.10  5.05  4.38  2.68  1.29  1.10     3.35  1.67  4.52  5.37  2.54
             0.89  1.65  2.80  3.63  4.19  4.18  3.56  3.45  2.52  1.89  0.87  0.73     2.91  1.20  3.85  4.14  1.81
  0   10     1.32  2.37  3.66  4.39  4.96  5.23  4.84  4.30  3.88  2.47  1.18  0.90     3.29  1.53  4.34  4.79  2.51
  0   20     1.45  2.60  3.92  4.51  4.96  5.17  4.80  4.35  4.07  2.68  1.27  0.96     3.40  1.67  4.46  4.77  2.68
  0   30     1.56  2.80  4.12  4.54  4.85  5.01  4.67  4.31  4.18  2.83  1.34  1.01     3.44  1.79  4.50  4.66  2.79
  0   40     1.65  2.95  4.25  4.47  4.65  4.74  4.44  4.17  4.18  2.92  1.39  1.05     3.41  1.88  4.46  4.45  2.83
  0   50     1.72  3.05  4.32  4.32  4.36  4.40  4.14  3.96  4.10  2.95  1.41  1.07     3.32  1.95  4.33  4.17  2.82
  0   60     1.75  3.10  4.30  4.09  3.99  3.98  3.77  3.68  3.92  2.90  1.40  1.08     3.16  1.98  4.13  3.81  2.74
  0   70     1.76  3.10  4.22  3.77  3.55  3.50  3.34  3.32  3.65  2.79  1.36  1.07     2.95  1.98  3.85  3.39  2.60
  0   80     1.74  3.04  4.06  3.39  3.04  2.97  2.86  2.91  3.31  2.62  1.30  1.05     2.69  1.94  3.50  2.91  2.41
  0   90     1.69  2.93  3.84  2.95  2.52  2.43  2.37  2.45  2.90  2.40  1.21  1.01     2.39  1.88  3.10  2.41  2.17
 15   10     1.31  2.36  3.65  4.38  4.96  5.23  4.84  4.30  3.87  2.46  1.18  0.90     3.29  1.52  4.33  4.79  2.50
 15   20     1.44  2.59  3.91  4.50  4.95  5.17  4.79  4.34  4.06  2.67  1.27  0.96     3.39  1.66  4.45  4.77  2.66
 15   30     1.55  2.77  4.10  4.53  4.84  5.00  4.66  4.30  4.16  2.81  1.33  1.01     3.42  1.78  4.49  4.65  2.77
 15   40     1.63  2.92  4.22  4.46  4.65  4.75  4.45  4.17  4.17  2.89  1.37  1.04     3.39  1.86  4.45  4.46  2.81
 15   50     1.69  3.01  4.28  4.31  4.36  4.41  4.15  3.96  4.08  2.91  1.39  1.06     3.30  1.92  4.32  4.17  2.79
 15   60     1.73  3.06  4.26  4.08  4.00  4.00  3.79  3.68  3.90  2.86  1.38  1.07     3.15  1.95  4.11  3.82  2.71
 15   70     1.73  3.05  4.18  3.77  3.57  3.53  3.36  3.33  3.64  2.75  1.34  1.06     2.94  1.95  3.84  3.41  2.58
 15   80     1.71  2.99  4.03  3.39  3.08  3.02  2.90  2.92  3.31  2.58  1.27  1.03     2.69  1.91  3.50  2.95  2.38
 15   90     1.67  2.88  3.81  2.96  2.57  2.48  2.41  2.48  2.90  2.35  1.19  0.99     2.39  1.85  3.11  2.46  2.15
 30   10     1.30  2.33  3.63  4.35  4.95  5.22  4.83  4.29  3.84  2.44  1.17  0.89     3.27  1.51  4.31  4.78  2.48
 30   20     1.41  2.53  3.85  4.46  4.93  5.16  4.78  4.32  4.01  2.61  1.24  0.94     3.35  1.63  4.41  4.75  2.62
 30   30     1.50  2.70  4.02  4.47  4.84  5.01  4.66  4.28  4.09  2.73  1.30  0.98     3.38  1.73  4.44  4.65  2.71
 30   40     1.58  2.82  4.13  4.40  4.64  4.76  4.45  4.15  4.09  2.80  1.33  1.01     3.35  1.80  4.39  4.45  2.74
 30   50     1.63  2.90  4.17  4.25  4.38  4.45  4.17  3.95  4.00  2.80  1.33  1.03     3.25  1.85  4.27  4.19  2.71
 30   60     1.65  2.92  4.14  4.02  4.03  4.05  3.82  3.67  3.82  2.74  1.31  1.03     3.10  1.87  4.06  3.85  2.62
 30   70     1.65  2.90  4.05  3.73  3.63  3.61  3.42  3.35  3.56  2.62  1.27  1.01     2.90  1.86  3.80  3.46  2.48
 30   80     1.63  2.84  3.90  3.38  3.17  3.13  2.98  2.96  3.24  2.44  1.21  0.99     2.66  1.82  3.48  3.03  2.30
 30   90     1.58  2.73  3.70  2.98  2.70  2.63  2.53  2.56  2.86  2.22  1.12  0.94     2.38  1.75  3.12  2.57  2.06
 45   10     1.27  2.29  3.57  4.32  4.93  5.21  4.81  4.26  3.80  2.40  1.15  0.88     3.24  1.48  4.27  4.76  2.45
 45   20     1.36  2.45  3.76  4.39  4.91  5.14  4.76  4.28  3.92  2.53  1.21  0.92     3.30  1.58  4.35  4.73  2.55
 45   30     1.43  2.57  3.89  4.38  4.80  4.99  4.63  4.23  3.98  2.62  1.24  0.95     3.31  1.65  4.36  4.62  2.61
 45   40     1.49  2.67  3.96  4.30  4.63  4.77  4.43  4.10  3.95  2.65  1.26  0.97     3.26  1.71  4.30  4.43  2.62
 45   50     1.52  2.72  3.99  4.15  4.36  4.46  4.17  3.90  3.85  2.63  1.25  0.97     3.16  1.74  4.17  4.18  2.58
 45   60     1.53  2.73  3.95  3.93  4.05  4.10  3.84  3.65  3.68  2.56  1.22  0.96     3.02  1.74  3.98  3.86  2.48
 45   70     1.52  2.69  3.86  3.65  3.67  3.69  3.47  3.33  3.43  2.43  1.17  0.94     2.82  1.72  3.72  3.50  2.34
 45   80     1.49  2.63  3.73  3.33  3.26  3.25  3.06  2.98  3.13  2.26  1.10  0.91     2.59  1.68  3.44  3.10  2.16
 45   90     1.44  2.52  3.54  2.96  2.82  2.80  2.65  2.61  2.78  2.04  1.01  0.87     2.34  1.61  3.11  2.69  1.95
 60   10     1.24  2.23  3.51  4.27  4.90  5.20  4.79  4.23  3.74  2.34  1.12  0.86     3.20  1.45  4.23  4.74  2.40
 60   20     1.30  2.34  3.63  4.29  4.87  5.12  4.73  4.22  3.81  2.43  1.16  0.89     3.23  1.51  4.26  4.69  2.46
 60   30     1.34  2.42  3.71  4.26  4.75  4.96  4.59  4.15  3.82  2.47  1.17  0.90     3.21  1.55  4.24  4.57  2.49
 60   40     1.37  2.47  3.76  4.16  4.56  4.74  4.39  4.01  3.77  2.47  1.17  0.90     3.15  1.58  4.16  4.38  2.47
 60   50     1.39  2.50  3.75  4.00  4.33  4.46  4.14  3.82  3.66  2.42  1.15  0.90     3.04  1.59  4.02  4.14  2.41
 60   60     1.39  2.49  3.71  3.79  4.02  4.12  3.83  3.58  3.48  2.33  1.10  0.88     2.89  1.59  3.84  3.84  2.30
 60   70     1.37  2.45  3.62  3.52  3.67  3.73  3.48  3.28  3.25  2.21  1.05  0.86     2.71  1.56  3.61  3.50  2.17
 60   80     1.33  2.38  3.50  3.22  3.29  3.33  3.11  2.96  2.96  2.04  0.98  0.82     2.50  1.51  3.34  3.14  1.99
 60   90     1.28  2.29  3.35  2.89  2.88  2.91  2.73  2.61  2.66  1.84  0.89  0.78     2.26  1.45  3.04  2.75  1.80
 75   10     1.20  2.17  3.43  4.21  4.87  5.18  4.77  4.19  3.66  2.27  1.09  0.84     3.16  1.40  4.17  4.71  2.34
 75   20     1.23  2.22  3.48  4.18  4.80  5.08  4.68  4.14  3.67  2.30  1.10  0.85     3.15  1.43  4.16  4.63  2.36
 75   30     1.24  2.24  3.51  4.10  4.67  4.91  4.53  4.05  3.63  2.30  1.09  0.84     3.09  1.44  4.09  4.50  2.34
 75   40     1.25  2.26  3.51  3.98  4.48  4.68  4.33  3.90  3.55  2.25  1.07  0.83     3.01  1.45  3.99  4.30  2.29
 75   50     1.24  2.25  3.49  3.81  4.23  4.40  4.07  3.70  3.41  2.19  1.03  0.82     2.89  1.44  3.84  4.05  2.21
 75   60     1.23  2.23  3.43  3.59  3.95  4.08  3.78  3.46  3.23  2.09  0.98  0.79     2.74  1.42  3.65  3.77  2.10
 75   70     1.21  2.19  3.35  3.35  3.62  3.73  3.45  3.19  3.01  1.96  0.93  0.77     2.56  1.39  3.44  3.46  1.97
 75   80     1.17  2.12  3.23  3.07  3.26  3.34  3.10  2.88  2.75  1.80  0.86  0.73     2.36  1.34  3.19  3.10  1.80
 75   90     1.13  2.06  3.12  2.78  2.90  2.96  2.74  2.57  2.48  1.62  0.78  0.69     2.15  1.29  2.94  2.76  1.63
 90   10     1.17  2.10  3.35  4.14  4.84  5.15  4.74  4.14  3.58  2.20  1.06  0.82     3.11  1.36  4.11  4.68  2.28
 90   20     1.15  2.08  3.32  4.06  4.73  5.03  4.63  4.06  3.52  2.16  1.04  0.81     3.05  1.35  4.04  4.57  2.24
 90   30     1.14  2.06  3.28  3.93  4.56  4.84  4.45  3.92  3.42  2.11  1.01  0.79     2.96  1.33  3.92  4.40  2.18
 90   40     1.13  2.03  3.24  3.76  4.35  4.59  4.23  3.75  3.29  2.04  0.97  0.77     2.85  1.31  3.79  4.19  2.10
 90   50     1.11  2.01  3.19  3.58  4.10  4.30  3.97  3.54  3.13  1.93  0.93  0.74     2.71  1.28  3.62  3.94  2.00
 90   60     1.09  1.97  3.12  3.36  3.80  3.98  3.67  3.30  2.95  1.83  0.87  0.71     2.56  1.26  3.43  3.65  1.88
 90   70     1.06  1.93  3.05  3.12  3.50  3.65  3.36  3.03  2.73  1.70  0.81  0.69     2.38  1.23  3.22  3.35  1.74
 90   80     1.03  1.88  2.96  2.88  3.17  3.29  3.04  2.76  2.50  1.56  0.75  0.66     2.21  1.19  3.00  3.03  1.61
 90   90     1.00  1.83  2.87  2.61  2.82  2.92  2.70  2.46  2.25  1.41  0.68  0.62     2.01  1.15  2.77  2.69  1.44
105   10     1.13  2.03  3.26  4.08  4.80  5.13  4.71  4.10  3.50  2.13  1.03  0.80     3.06  1.32  4.04  4.65  2.22
105   20     1.08  1.95  3.15  3.92  4.65  4.97  4.57  3.96  3.36  2.03  0.98  0.77     2.95  1.26  3.91  4.50  2.12
105   30     1.04  1.87  3.05  3.74  4.44  4.74  4.36  3.78  3.19  1.92  0.93  0.74     2.82  1.22  3.74  4.29  2.01
105   40     1.01  1.82  2.95  3.53  4.19  4.47  4.11  3.57  3.01  1.80  0.88  0.71     2.67  1.18  3.56  4.05  1.90
105   50     0.98  1.77  2.88  3.31  3.92  4.17  3.83  3.34  2.82  1.69  0.82  0.68     2.52  1.15  3.37  3.78  1.78
105   60     0.96  1.73  2.81  3.09  3.62  3.84  3.53  3.10  2.62  1.57  0.77  0.65     2.36  1.11  3.17  3.49  1.66
105   70     0.94  1.70  2.73  2.87  3.31  3.50  3.22  2.84  2.43  1.45  0.71  0.63     2.19  1.09  2.97  3.19  1.53
105   80     0.92  1.67  2.68  2.63  3.01  3.17  2.90  2.57  2.21  1.33  0.66  0.60     2.03  1.06  2.77  2.88  1.40
105   90     0.91  1.64  2.61  2.41  2.70  2.83  2.60  2.32  2.00  1.21  0.60  0.58     1.87  1.04  2.57  2.58  1.27
120   10     1.09  1.96  3.18  4.01  4.76  5.10  4.69  4.05  3.42  2.06  1.00  0.78     3.01  1.28  3.98  4.61  2.16
120   20     1.01  1.82  2.99  3.79  4.56  4.91  4.51  3.87  3.19  1.89  0.93  0.73     2.85  1.19  3.78  4.43  2.00
120   30     0.95  1.70  2.82  3.54  4.30  4.64  4.26  3.64  2.95  1.73  0.86  0.69     2.67  1.12  3.55  4.18  1.85
120   40     0.91  1.62  2.67  3.28  4.00  4.32  3.96  3.37  2.71  1.58  0.80  0.66     2.49  1.06  3.32  3.89  1.70
120   50     0.89  1.56  2.57  3.03  3.69  3.98  3.65  3.11  2.49  1.45  0.75  0.64     2.32  1.03  3.09  3.58  1.56
120   60     0.87  1.52  2.49  2.79  3.38  3.64  3.34  2.85  2.29  1.33  0.70  0.61     2.15  1.00  2.89  3.27  1.44
120   70     0.86  1.50  2.44  2.56  3.08  3.30  3.03  2.60  2.10  1.23  0.65  0.60     2.00  0.99  2.69  2.98  1.32
120   80     0.85  1.49  2.40  2.37  2.79  2.97  2.73  2.36  1.91  1.12  0.60  0.58     1.85  0.97  2.52  2.69  1.21
120   90     0.85  1.48  2.38  2.17  2.50  2.66  2.43  2.13  1.74  1.02  0.55  0.56     1.71  0.96  2.35  2.41  1.11
135   10     1.06  1.90  3.10  3.96  4.72  5.08  4.67  4.01  3.35  2.00  0.98  0.77     2.97  1.24  3.93  4.59  2.11
135   20     0.95  1.70  2.84  3.68  4.49  4.87  4.46  3.79  3.04  1.77  0.88  0.70     2.76  1.12  3.67  4.37  1.90
135   30     0.88  1.54  2.59  3.35  4.17  4.55  4.17  3.50  2.72  1.55  0.80  0.66     2.54  1.03  3.37  4.07  1.69
135   40     0.84  1.43  2.40  3.02  3.81  4.18  3.82  3.18  2.42  1.37  0.74  0.63     2.32  0.97  3.08  3.73  1.51
135   50     0.83  1.38  2.27  2.73  3.44  3.77  3.45  2.87  2.16  1.24  0.69  0.62     2.12  0.94  2.81  3.36  1.36
135   60     0.83  1.36  2.20  2.48  3.10  3.39  3.11  2.59  1.95  1.13  0.65  0.60     1.95  0.93  2.59  3.03  1.24
135   70     0.82  1.37  2.17  2.27  2.79  3.05  2.79  2.35  1.77  1.05  0.61  0.59     1.80  0.93  2.41  2.73  1.14
135   80     0.82  1.37  2.16  2.10  2.52  2.74  2.51  2.12  1.63  0.96  0.57  0.57     1.67  0.92  2.26  2.45  1.05
135   90     0.82  1.38  2.17  1.93  2.27  2.45  2.25  1.91  1.48  0.88  0.53  0.56     1.55  0.92  2.12  2.20  0.96
150   10     1.03  1.85  3.04  3.92  4.70  5.07  4.65  3.98  3.29  1.95  0.96  0.75     2.93  1.21  3.89  4.57  2.07
150   20     0.91  1.61  2.72  3.59  4.44  4.84  4.42  3.72  2.92  1.67  0.84  0.68     2.70  1.06  3.58  4.33  1.81
150   30     0.83  1.40  2.40  3.20  4.08  4.51  4.11  3.38  2.52  1.40  0.75  0.64     2.44  0.96  3.23  4.00  1.56
150   40     0.81  1.29  2.14  2.80  3.65  4.09  3.72  3.00  2.14  1.19  0.70  0.63     2.18  0.91  2.86  3.60  1.35
150   50     0.81  1.27  2.00  2.44  3.19  3.60  3.27  2.62  1.84  1.07  0.67  0.62     1.95  0.90  2.54  3.16  1.19
150   60     0.82  1.28  1.95  2.17  2.79  3.12  2.86  2.31  1.63  0.99  0.64  0.60     1.76  0.90  2.30  2.76  1.09
150   70     0.82  1.29  1.96  1.99  2.48  2.75  2.53  2.07  1.49  0.92  0.60  0.59     1.62  0.90  2.14  2.45  1.00
150   80     0.82  1.31  1.98  1.84  2.23  2.46  2.27  1.88  1.38  0.86  0.56  0.57     1.51  0.90  2.02  2.20  0.93
150   90     0.82  1.34  2.02  1.72  2.02  2.21  2.04  1.71  1.27  0.80  0.52  0.56     1.42  0.91  1.92  1.99  0.86
165   10     1.02  1.83  3.01  3.89  4.69  5.06  4.64  3.96  3.25  1.92  0.95  0.75     2.91  1.20  3.86  4.56  2.04
165   20     0.87  1.54  2.64  3.54  4.41  4.82  4.41  3.68  2.85  1.60  0.82  0.66     2.65  1.02  3.53  4.30  1.75
165   30     0.81  1.29  2.25  3.12  4.04  4.48  4.09  3.32  2.39  1.28  0.72  0.64     2.37  0.92  3.14  3.96  1.46
165   40     0.81  1.22  1.92  2.64  3.60  4.06  3.69  2.90  1.91  1.04  0.70  0.63     2.09  0.89  2.72  3.55  1.22
165   50     0.81  1.24  1.78  2.17  3.09  3.56  3.23  2.44  1.54  0.97  0.67  0.62     1.84  0.89  2.35  3.08  1.06
165   60     0.82  1.26  1.79  1.88  2.53  3.00  2.71  2.04  1.38  0.93  0.64  0.60     1.63  0.89  2.07  2.58  0.98
165   70     0.82  1.28  1.83  1.75  2.19  2.50  2.30  1.82  1.28  0.87  0.60  0.59     1.49  0.90  1.92  2.21  0.92
165   80     0.82  1.31  1.88  1.65  1.98  2.22  2.06  1.67  1.20  0.82  0.56  0.57     1.40  0.90  1.84  1.98  0.86
165   90     0.82  1.33  1.94  1.56  1.81  2.01  1.87  1.54  1.13  0.76  0.52  0.56     1.32  0.90  1.77  1.80  0.81
180   10     1.01  1.81  2.99  3.89  4.68  5.06  4.64  3.95  3.24  1.91  0.94  0.74     2.91  1.19  3.86  4.55  2.03
180   20     0.86  1.52  2.61  3.52  4.40  4.82  4.40  3.66  2.82  1.57  0.81  0.66     2.64  1.01  3.51  4.29  1.73
180   30     0.81  1.24  2.19  3.09  4.03  4.47  4.08  3.29  2.34  1.22  0.72  0.64     2.35  0.90  3.11  3.95  1.43
180   40     0.81  1.22  1.78  2.61  3.58  4.05  3.68  2.87  1.83  1.01  0.70  0.63     2.06  0.89  2.66  3.53  1.18
180   50     0.81  1.24  1.70  2.10  3.07  3.55  3.22  2.40  1.33  0.97  0.67  0.62     1.80  0.89  2.29  3.05  0.99
180   60     0.82  1.26  1.75  1.73  2.51  2.99  2.70  1.90  1.25  0.92  0.64  0.60     1.59  0.89  1.99  2.53  0.94
180   70     0.82  1.28  1.80  1.63  2.07  2.42  2.21  1.69  1.19  0.87  0.60  0.59     1.43  0.90  1.84  2.11  0.89
180   80     0.82  1.31  1.86  1.56  1.88  2.13  1.98  1.57  1.13  0.82  0.56  0.57     1.35  0.90  1.76  1.89  0.84
180   90     0.82  1.33  1.92  1.50  1.73  1.94  1.81  1.45  1.07  0.76  0.52  0.56     1.28  0.90  1.72  1.73  0.78
             68.2  64.2  53.4  28.1  15.1   7.9  10.8  20.3  35.8  48.4  51.5  59.2     30.8  64.6  29.7  13.0  42.5
             1.76  3.11  4.32  4.54  4.97  5.23  4.84  4.35  4.19  2.95  1.41  1.08     3.56  1.98  4.50  4.79  2.83
             1.57  2.81  4.14  4.54  4.84  4.99  4.65  4.30  4.18  2.84  1.35  1.02     3.44  1.80  4.50  4.65  2.79
             1.12  1.11  1.04  1.00  1.03  1.05  1.04  1.01  1.00  1.04  1.04  1.06     1.05  1.10  1.02  1.03  1.03
             1.33  1.33  1.23  1.08  0.99  0.96  0.97  1.03  1.16  1.28  1.25  1.23     1.15  1.29  1.10  0.99  1.23
temperature  -6.5  -6.3  -2.0   4.5   9.9  14.5  18.5  19.9  15.7   9.8   3.1  -2.9      6.5  -5.2   4.1  17.6   9.5
diffusedrad  0.89  1.39  1.97  2.23  2.56  2.80  2.70  2.32  1.80  1.29  0.82  0.68     1.79  0.99  2.25  2.61  1.30
snow10cm     1.00  1.00  0.94  0.16  0.00  0.00  0.00  0.00  0.00  0.00  0.14  0.73     0.33  0.91  0.37  0.00  0.05
