2 14026   浜益            43 34.9  141 23.2    3
             1.15  1.97  3.21  4.22  4.97  5.24  4.88  4.39  3.60  2.32  1.17  0.86     3.16  1.33  4.13  4.84  2.36
             1.40  2.59  3.89  4.80  6.12  5.84  5.78  5.25  4.09  2.83  1.50  1.15     3.35  1.60  4.53  5.34  2.72
             0.92  1.49  2.12  3.49  4.13  4.52  3.89  3.54  2.93  1.81  0.85  0.73     2.91  1.14  3.62  4.24  2.07
  0   10     1.25  2.15  3.46  4.41  5.05  5.25  4.92  4.52  3.86  2.59  1.28  0.93     3.31  1.44  4.31  4.90  2.58
  0   20     1.35  2.31  3.67  4.53  5.04  5.18  4.88  4.57  4.04  2.80  1.38  0.99     3.39  1.55  4.41  4.88  2.74
  0   30     1.43  2.44  3.83  4.54  4.92  5.01  4.73  4.52  4.13  2.96  1.46  1.03     3.42  1.64  4.43  4.75  2.85
  0   40     1.50  2.54  3.93  4.47  4.70  4.73  4.50  4.37  4.13  3.04  1.51  1.07     3.37  1.70  4.37  4.54  2.89
  0   50     1.54  2.60  3.97  4.32  4.40  4.38  4.18  4.14  4.03  3.06  1.53  1.08     3.27  1.74  4.23  4.24  2.87
  0   60     1.56  2.62  3.95  4.08  4.02  3.96  3.80  3.83  3.84  3.01  1.51  1.09     3.11  1.76  4.01  3.86  2.79
  0   70     1.56  2.61  3.86  3.76  3.56  3.46  3.35  3.45  3.57  2.90  1.48  1.08     2.88  1.75  3.73  3.42  2.65
  0   80     1.53  2.55  3.72  3.37  3.03  2.92  2.85  3.00  3.23  2.71  1.41  1.05     2.62  1.71  3.37  2.93  2.45
  0   90     1.49  2.46  3.52  2.92  2.50  2.37  2.34  2.51  2.82  2.47  1.31  1.01     2.31  1.65  2.98  2.41  2.20
 15   10     1.25  2.14  3.45  4.40  5.05  5.25  4.92  4.52  3.85  2.58  1.27  0.93     3.30  1.44  4.30  4.90  2.57
 15   20     1.34  2.29  3.66  4.51  5.03  5.18  4.87  4.56  4.03  2.78  1.37  0.98     3.38  1.54  4.40  4.87  2.73
 15   30     1.42  2.42  3.81  4.54  4.92  5.00  4.73  4.51  4.11  2.93  1.44  1.03     3.41  1.62  4.42  4.75  2.83
 15   40     1.48  2.51  3.90  4.46  4.71  4.75  4.50  4.37  4.11  3.01  1.49  1.06     3.36  1.68  4.36  4.54  2.87
 15   50     1.52  2.57  3.94  4.30  4.41  4.39  4.19  4.14  4.01  3.02  1.51  1.07     3.26  1.72  4.22  4.24  2.85
 15   60     1.54  2.59  3.91  4.07  4.03  3.98  3.82  3.83  3.82  2.97  1.49  1.07     3.09  1.74  4.00  3.88  2.76
 15   70     1.54  2.57  3.83  3.75  3.58  3.49  3.37  3.46  3.56  2.85  1.45  1.06     2.88  1.72  3.72  3.44  2.62
 15   80     1.52  2.51  3.68  3.38  3.08  2.98  2.90  3.02  3.22  2.67  1.38  1.03     2.61  1.69  3.38  2.96  2.42
 15   90     1.47  2.42  3.48  2.94  2.55  2.44  2.39  2.55  2.82  2.42  1.28  0.99     2.31  1.63  2.99  2.46  2.18
 30   10     1.24  2.12  3.43  4.38  5.04  5.25  4.92  4.50  3.83  2.55  1.26  0.92     3.29  1.43  4.28  4.89  2.54
 30   20     1.32  2.25  3.61  4.47  5.02  5.17  4.86  4.54  3.98  2.73  1.35  0.97     3.36  1.51  4.37  4.86  2.69
 30   30     1.39  2.36  3.74  4.48  4.92  5.01  4.73  4.49  4.04  2.85  1.41  1.00     3.37  1.59  4.38  4.74  2.77
 30   40     1.44  2.44  3.82  4.41  4.71  4.76  4.51  4.36  4.03  2.91  1.44  1.03     3.32  1.64  4.31  4.54  2.79
 30   50     1.48  2.48  3.84  4.25  4.43  4.43  4.21  4.14  3.93  2.91  1.45  1.04     3.22  1.67  4.17  4.26  2.76
 30   60     1.49  2.49  3.80  4.01  4.06  4.03  3.85  3.84  3.75  2.84  1.43  1.04     3.05  1.67  3.96  3.91  2.67
 30   70     1.48  2.46  3.71  3.72  3.65  3.59  3.44  3.49  3.48  2.71  1.38  1.02     2.85  1.66  3.70  3.51  2.53
 30   80     1.45  2.40  3.57  3.36  3.18  3.10  3.00  3.08  3.17  2.53  1.30  0.99     2.59  1.62  3.37  3.06  2.33
 30   90     1.41  2.31  3.38  2.97  2.70  2.60  2.53  2.65  2.78  2.29  1.21  0.95     2.31  1.55  3.02  2.59  2.09
 45   10     1.22  2.09  3.38  4.34  5.02  5.24  4.90  4.48  3.79  2.50  1.24  0.91     3.26  1.41  4.25  4.87  2.51
 45   20     1.29  2.19  3.53  4.41  5.00  5.16  4.84  4.50  3.90  2.64  1.30  0.94     3.31  1.47  4.31  4.84  2.62
 45   30     1.34  2.27  3.63  4.40  4.88  5.00  4.71  4.45  3.94  2.73  1.34  0.97     3.31  1.53  4.30  4.72  2.67
 45   40     1.37  2.33  3.68  4.31  4.70  4.77  4.50  4.31  3.90  2.76  1.36  0.98     3.25  1.56  4.23  4.53  2.68
 45   50     1.39  2.35  3.69  4.15  4.43  4.46  4.22  4.10  3.79  2.73  1.35  0.99     3.14  1.58  4.09  4.26  2.63
 45   60     1.40  2.34  3.64  3.93  4.10  4.09  3.88  3.82  3.62  2.66  1.32  0.98     2.98  1.57  3.89  3.93  2.53
 45   70     1.38  2.30  3.54  3.64  3.71  3.68  3.50  3.50  3.36  2.52  1.27  0.96     2.78  1.55  3.63  3.56  2.38
 45   80     1.35  2.24  3.42  3.32  3.28  3.22  3.09  3.12  3.06  2.34  1.19  0.92     2.54  1.50  3.34  3.14  2.20
 45   90     1.30  2.15  3.24  2.95  2.84  2.78  2.66  2.72  2.71  2.11  1.09  0.88     2.29  1.44  3.01  2.72  1.97
 60   10     1.20  2.05  3.33  4.30  5.00  5.22  4.88  4.45  3.73  2.44  1.21  0.89     3.22  1.38  4.21  4.85  2.46
 60   20     1.24  2.11  3.42  4.31  4.96  5.14  4.81  4.44  3.79  2.54  1.25  0.91     3.24  1.42  4.23  4.80  2.52
 60   30     1.27  2.16  3.48  4.28  4.84  4.98  4.67  4.37  3.79  2.57  1.27  0.92     3.22  1.45  4.20  4.67  2.54
 60   40     1.28  2.18  3.50  4.17  4.64  4.75  4.46  4.22  3.73  2.58  1.26  0.93     3.14  1.46  4.11  4.48  2.52
 60   50     1.29  2.19  3.48  4.01  4.39  4.46  4.20  4.02  3.61  2.52  1.24  0.92     3.03  1.46  3.96  4.23  2.46
 60   60     1.28  2.16  3.43  3.79  4.08  4.12  3.88  3.76  3.43  2.42  1.19  0.90     2.87  1.45  3.77  3.92  2.35
 60   70     1.26  2.12  3.34  3.52  3.72  3.73  3.52  3.45  3.19  2.29  1.13  0.87     2.68  1.42  3.53  3.56  2.21
 60   80     1.22  2.06  3.22  3.23  3.34  3.32  3.15  3.11  2.91  2.11  1.06  0.84     2.46  1.37  3.26  3.19  2.03
 60   90     1.18  1.98  3.08  2.90  2.92  2.90  2.75  2.74  2.60  1.91  0.96  0.79     2.23  1.31  2.96  2.80  1.82
 75   10     1.17  2.00  3.26  4.24  4.97  5.21  4.86  4.41  3.66  2.38  1.18  0.87     3.18  1.35  4.16  4.82  2.40
 75   20     1.18  2.02  3.29  4.21  4.90  5.10  4.77  4.36  3.66  2.40  1.19  0.88     3.16  1.36  4.13  4.75  2.42
 75   30     1.19  2.03  3.31  4.12  4.76  4.93  4.62  4.26  3.61  2.40  1.18  0.87     3.11  1.36  4.06  4.60  2.40
 75   40     1.19  2.03  3.29  4.00  4.56  4.70  4.40  4.11  3.52  2.35  1.16  0.86     3.01  1.36  3.95  4.40  2.34
 75   50     1.18  2.00  3.25  3.82  4.30  4.41  4.14  3.90  3.38  2.28  1.12  0.84     2.88  1.34  3.79  4.15  2.26
 75   60     1.16  1.97  3.19  3.61  4.01  4.09  3.84  3.64  3.19  2.17  1.06  0.82     2.73  1.32  3.60  3.86  2.14
 75   70     1.13  1.93  3.11  3.36  3.68  3.73  3.50  3.36  2.97  2.04  1.00  0.79     2.55  1.28  3.38  3.53  2.00
 75   80     1.10  1.87  3.00  3.08  3.31  3.34  3.14  3.03  2.71  1.88  0.92  0.75     2.34  1.24  3.13  3.17  1.84
 75   90     1.06  1.80  2.89  2.80  2.95  2.96  2.78  2.71  2.43  1.68  0.83  0.71     2.13  1.19  2.88  2.81  1.65
 90   10     1.14  1.95  3.19  4.18  4.93  5.18  4.83  4.36  3.58  2.30  1.14  0.85     3.14  1.31  4.10  4.79  2.34
 90   20     1.13  1.93  3.16  4.09  4.82  5.06  4.72  4.27  3.52  2.26  1.12  0.84     3.08  1.30  4.02  4.68  2.30
 90   30     1.11  1.90  3.11  3.96  4.66  4.86  4.54  4.13  3.41  2.20  1.09  0.82     2.98  1.27  3.91  4.51  2.23
 90   40     1.09  1.86  3.06  3.79  4.44  4.62  4.31  3.95  3.27  2.13  1.04  0.80     2.86  1.25  3.76  4.29  2.15
 90   50     1.07  1.83  3.00  3.60  4.18  4.33  4.04  3.73  3.11  2.02  0.99  0.77     2.72  1.22  3.59  4.03  2.04
 90   60     1.04  1.78  2.93  3.38  3.88  4.00  3.74  3.48  2.92  1.91  0.94  0.74     2.56  1.19  3.40  3.74  1.92
 90   70     1.02  1.74  2.85  3.14  3.57  3.66  3.42  3.20  2.70  1.76  0.87  0.71     2.39  1.16  3.19  3.42  1.78
 90   80     0.99  1.69  2.77  2.90  3.23  3.30  3.09  2.91  2.47  1.63  0.80  0.68     2.20  1.12  2.96  3.10  1.63
 90   90     0.96  1.64  2.68  2.63  2.87  2.93  2.74  2.60  2.21  1.46  0.72  0.65     2.01  1.08  2.73  2.76  1.47
105   10     1.11  1.90  3.12  4.11  4.89  5.16  4.81  4.31  3.50  2.23  1.11  0.83     3.09  1.28  4.04  4.76  2.28
105   20     1.07  1.83  3.02  3.96  4.74  5.00  4.66  4.17  3.36  2.12  1.05  0.80     2.98  1.23  3.91  4.61  2.18
105   30     1.03  1.76  2.92  3.77  4.53  4.78  4.45  3.98  3.19  2.00  1.00  0.77     2.85  1.19  3.74  4.40  2.06
105   40     1.00  1.71  2.82  3.56  4.28  4.50  4.19  3.76  3.01  1.88  0.94  0.74     2.70  1.15  3.55  4.15  1.94
105   50     0.97  1.66  2.74  3.34  4.00  4.19  3.90  3.52  2.81  1.76  0.88  0.71     2.54  1.11  3.36  3.87  1.82
105   60     0.95  1.61  2.67  3.12  3.70  3.86  3.60  3.26  2.61  1.64  0.82  0.68     2.38  1.08  3.16  3.57  1.69
105   70     0.93  1.58  2.59  2.89  3.38  3.52  3.28  3.00  2.41  1.51  0.76  0.66     2.21  1.05  2.95  3.26  1.56
105   80     0.90  1.54  2.53  2.65  3.06  3.18  2.95  2.71  2.19  1.38  0.70  0.63     2.04  1.02  2.75  2.95  1.43
105   90     0.88  1.51  2.46  2.43  2.75  2.84  2.64  2.45  1.99  1.25  0.64  0.60     1.87  1.00  2.55  2.64  1.29
120   10     1.08  1.85  3.05  4.05  4.86  5.13  4.78  4.26  3.42  2.16  1.08  0.82     3.04  1.25  3.99  4.73  2.22
120   20     1.01  1.74  2.88  3.83  4.66  4.95  4.60  4.07  3.21  1.98  0.99  0.77     2.89  1.17  3.79  4.54  2.06
120   30     0.96  1.64  2.72  3.58  4.40  4.68  4.34  3.83  2.97  1.81  0.92  0.73     2.71  1.11  3.57  4.28  1.90
120   40     0.92  1.56  2.59  3.32  4.09  4.36  4.04  3.55  2.73  1.65  0.85  0.69     2.53  1.06  3.33  3.98  1.74
120   50     0.90  1.50  2.48  3.06  3.77  4.01  3.72  3.27  2.50  1.51  0.79  0.67     2.35  1.02  3.10  3.67  1.60
120   60     0.88  1.47  2.39  2.82  3.45  3.67  3.40  3.00  2.29  1.39  0.73  0.65     2.18  1.00  2.89  3.35  1.47
120   70     0.86  1.44  2.34  2.60  3.14  3.32  3.08  2.74  2.10  1.28  0.68  0.63     2.02  0.98  2.69  3.05  1.35
120   80     0.85  1.42  2.30  2.40  2.84  2.99  2.78  2.48  1.91  1.16  0.63  0.60     1.86  0.96  2.51  2.75  1.23
120   90     0.84  1.40  2.27  2.20  2.54  2.67  2.48  2.24  1.73  1.06  0.58  0.58     1.72  0.94  2.34  2.46  1.12
135   10     1.05  1.81  2.99  4.00  4.82  5.12  4.76  4.22  3.36  2.09  1.05  0.80     3.01  1.22  3.94  4.70  2.17
135   20     0.97  1.66  2.76  3.72  4.59  4.90  4.55  3.98  3.07  1.85  0.94  0.74     2.81  1.12  3.69  4.48  1.95
135   30     0.90  1.52  2.54  3.40  4.27  4.59  4.26  3.68  2.75  1.63  0.85  0.69     2.59  1.04  3.40  4.18  1.74
135   40     0.87  1.43  2.36  3.07  3.90  4.22  3.90  3.34  2.45  1.43  0.78  0.67     2.37  0.99  3.11  3.82  1.55
135   50     0.85  1.38  2.23  2.77  3.52  3.81  3.52  3.00  2.18  1.28  0.72  0.65     2.16  0.96  2.84  3.45  1.40
135   60     0.84  1.36  2.15  2.52  3.16  3.42  3.17  2.71  1.96  1.17  0.68  0.63     1.98  0.94  2.61  3.10  1.27
135   70     0.83  1.35  2.12  2.31  2.84  3.07  2.84  2.45  1.78  1.08  0.63  0.62     1.83  0.93  2.42  2.79  1.17
135   80     0.83  1.34  2.10  2.13  2.56  2.75  2.55  2.21  1.63  0.99  0.59  0.60     1.69  0.92  2.26  2.50  1.07
135   90     0.83  1.34  2.10  1.96  2.31  2.46  2.28  2.00  1.49  0.91  0.54  0.58     1.57  0.92  2.12  2.25  0.98
150   10     1.04  1.78  2.94  3.96  4.80  5.11  4.75  4.19  3.30  2.04  1.03  0.79     2.98  1.20  3.90  4.68  2.12
150   20     0.93  1.59  2.66  3.63  4.54  4.88  4.52  3.91  2.95  1.75  0.90  0.72     2.75  1.08  3.61  4.43  1.87
150   30     0.86  1.43  2.38  3.25  4.18  4.55  4.20  3.55  2.56  1.46  0.79  0.67     2.49  0.99  3.27  4.10  1.61
150   40     0.84  1.33  2.14  2.85  3.74  4.13  3.80  3.15  2.18  1.24  0.73  0.66     2.23  0.94  2.91  3.69  1.38
150   50     0.84  1.30  2.00  2.48  3.27  3.64  3.34  2.74  1.88  1.10  0.69  0.65     2.00  0.93  2.58  3.24  1.22
150   60     0.84  1.30  1.95  2.21  2.84  3.15  2.91  2.40  1.66  1.02  0.66  0.64     1.80  0.92  2.33  2.82  1.11
150   70     0.83  1.30  1.94  2.02  2.52  2.77  2.57  2.14  1.51  0.94  0.62  0.62     1.65  0.92  2.16  2.49  1.02
150   80     0.83  1.31  1.96  1.87  2.26  2.46  2.29  1.94  1.39  0.88  0.58  0.60     1.53  0.92  2.03  2.23  0.95
150   90     0.82  1.32  1.98  1.75  2.05  2.21  2.06  1.77  1.28  0.82  0.54  0.59     1.43  0.91  1.93  2.01  0.88
165   10     1.02  1.76  2.91  3.93  4.79  5.10  4.74  4.17  3.27  2.01  1.01  0.78     2.96  1.19  3.88  4.67  2.10
165   20     0.91  1.55  2.60  3.58  4.51  4.86  4.50  3.86  2.88  1.68  0.87  0.70     2.71  1.05  3.56  4.41  1.81
165   30     0.84  1.35  2.27  3.17  4.14  4.53  4.18  3.48  2.43  1.34  0.75  0.67     2.43  0.96  3.19  4.06  1.51
165   40     0.84  1.27  1.97  2.70  3.69  4.11  3.77  3.04  1.97  1.08  0.72  0.66     2.15  0.93  2.79  3.64  1.26
165   50     0.84  1.28  1.82  2.22  3.17  3.61  3.30  2.54  1.59  0.99  0.69  0.65     1.89  0.92  2.40  3.15  1.09
165   60     0.84  1.29  1.81  1.92  2.60  3.05  2.78  2.09  1.40  0.94  0.66  0.64     1.67  0.92  2.11  2.64  1.00
165   70     0.83  1.30  1.84  1.77  2.21  2.52  2.33  1.85  1.30  0.89  0.62  0.62     1.51  0.92  1.94  2.23  0.94
165   80     0.83  1.31  1.88  1.67  2.00  2.22  2.08  1.69  1.22  0.84  0.58  0.60     1.41  0.91  1.85  2.00  0.88
165   90     0.82  1.32  1.92  1.59  1.82  2.00  1.88  1.56  1.15  0.78  0.54  0.59     1.33  0.91  1.78  1.82  0.82
180   10     1.02  1.75  2.90  3.93  4.79  5.10  4.74  4.16  3.26  2.00  1.01  0.78     2.95  1.18  3.87  4.66  2.09
180   20     0.90  1.53  2.57  3.57  4.50  4.86  4.50  3.84  2.86  1.65  0.85  0.70     2.69  1.04  3.55  4.40  1.78
180   30     0.84  1.32  2.22  3.15  4.13  4.52  4.18  3.45  2.40  1.28  0.75  0.67     2.41  0.94  3.16  4.05  1.47
180   40     0.84  1.27  1.86  2.67  3.67  4.10  3.77  3.00  1.90  1.02  0.72  0.66     2.13  0.93  2.74  3.62  1.21
180   50     0.84  1.28  1.75  2.17  3.15  3.60  3.30  2.50  1.37  0.99  0.69  0.65     1.86  0.92  2.35  3.13  1.02
180   60     0.84  1.29  1.78  1.75  2.58  3.04  2.77  1.96  1.27  0.94  0.66  0.64     1.63  0.92  2.04  2.59  0.96
180   70     0.83  1.30  1.82  1.65  2.09  2.44  2.25  1.71  1.21  0.89  0.62  0.62     1.45  0.92  1.86  2.13  0.91
180   80     0.83  1.31  1.86  1.58  1.89  2.13  2.00  1.58  1.15  0.84  0.58  0.60     1.36  0.91  1.78  1.90  0.85
180   90     0.82  1.32  1.90  1.53  1.74  1.93  1.82  1.46  1.08  0.78  0.54  0.59     1.29  0.91  1.73  1.74  0.80
             64.6  60.7  51.3  27.2  14.3   7.0  10.0  19.8  34.5  47.8  51.6  57.0     28.5  61.1  27.5  12.4  42.0
             1.56  2.62  3.97  4.55  5.06  5.26  4.92  4.57  4.14  3.06  1.53  1.09     3.53  1.76  4.44  4.90  2.89
             1.42  2.42  3.81  4.55  4.95  5.04  4.76  4.53  4.12  2.94  1.45  1.03     3.42  1.62  4.44  4.78  2.84
             1.10  1.08  1.04  1.00  1.02  1.04  1.03  1.01  1.00  1.04  1.06  1.06     1.04  1.08  1.02  1.03  1.03
             1.23  1.23  1.19  1.08  1.00  0.96  0.98  1.03  1.14  1.27  1.24  1.20     1.13  1.22  1.09  0.99  1.22
temperature  -3.6  -3.4   0.0   6.0  11.1  15.7  19.7  21.2  17.1  11.2   4.8  -0.7      8.3  -2.6   5.7  18.9  11.0
diffusedrad  0.92  1.42  1.99  2.23  2.54  2.76  2.69  2.30  1.83  1.32  0.85  0.71     1.80  1.02  2.25  2.58  1.33
snow10cm     0.99  1.00  0.94  0.18  0.00  0.00  0.00  0.00  0.00  0.00  0.11  0.74     0.33  0.91  0.37  0.00  0.04
