2 14116   山口            43  8.8  141 13.3    5
             1.47  2.32  3.51  4.39  4.94  5.12  4.79  4.34  3.63  2.60  1.53  1.23     3.32  1.67  4.28  4.75  2.59
             1.74  2.78  4.16  4.84  5.74  5.67  5.69  5.02  4.19  2.96  1.77  1.42     3.59  1.81  4.65  5.34  2.83
             1.21  2.00  2.95  3.83  4.37  4.32  3.45  3.56  3.08  2.38  1.24  1.08     3.13  1.52  3.92  4.00  2.35
  0   10     1.70  2.60  3.83  4.60  5.02  5.13  4.82  4.46  3.89  2.94  1.77  1.45     3.52  1.92  4.48  4.80  2.87
  0   20     1.92  2.87  4.10  4.72  5.01  5.06  4.77  4.51  4.07  3.21  1.99  1.66     3.66  2.15  4.61  4.78  3.09
  0   30     2.10  3.08  4.30  4.75  4.89  4.89  4.63  4.45  4.16  3.42  2.17  1.83     3.72  2.34  4.64  4.66  3.25
  0   40     2.26  3.25  4.43  4.67  4.67  4.62  4.40  4.31  4.15  3.54  2.29  1.97     3.71  2.49  4.59  4.44  3.33
  0   50     2.37  3.36  4.49  4.51  4.36  4.28  4.09  4.08  4.05  3.58  2.37  2.07     3.63  2.60  4.45  4.15  3.33
  0   60     2.44  3.41  4.47  4.25  3.98  3.86  3.71  3.77  3.86  3.54  2.39  2.13     3.48  2.66  4.23  3.78  3.26
  0   70     2.46  3.41  4.37  3.92  3.52  3.38  3.27  3.39  3.58  3.41  2.35  2.15     3.27  2.67  3.94  3.34  3.11
  0   80     2.44  3.34  4.20  3.51  3.00  2.86  2.79  2.95  3.23  3.20  2.26  2.11     2.99  2.63  3.57  2.86  2.90
  0   90     2.37  3.21  3.97  3.03  2.46  2.32  2.29  2.46  2.82  2.92  2.12  2.04     2.67  2.54  3.15  2.36  2.62
 15   10     1.69  2.59  3.82  4.59  5.02  5.13  4.82  4.46  3.88  2.92  1.76  1.45     3.51  1.91  4.48  4.80  2.86
 15   20     1.90  2.85  4.08  4.71  5.00  5.06  4.76  4.50  4.05  3.19  1.97  1.64     3.64  2.13  4.60  4.77  3.07
 15   30     2.08  3.06  4.27  4.74  4.88  4.88  4.63  4.45  4.14  3.39  2.14  1.81     3.71  2.31  4.63  4.65  3.22
 15   40     2.22  3.21  4.40  4.66  4.67  4.63  4.40  4.30  4.13  3.50  2.27  1.94     3.69  2.46  4.58  4.45  3.30
 15   50     2.33  3.32  4.45  4.50  4.37  4.28  4.09  4.07  4.03  3.53  2.33  2.04     3.61  2.56  4.44  4.15  3.30
 15   60     2.39  3.37  4.43  4.25  3.99  3.88  3.73  3.77  3.84  3.48  2.35  2.09     3.46  2.62  4.22  3.79  3.22
 15   70     2.41  3.35  4.33  3.92  3.54  3.41  3.29  3.40  3.57  3.35  2.31  2.10     3.25  2.62  3.93  3.37  3.08
 15   80     2.38  3.28  4.17  3.52  3.04  2.90  2.83  2.97  3.23  3.14  2.22  2.07     2.98  2.58  3.58  2.90  2.86
 15   90     2.32  3.15  3.93  3.06  2.52  2.38  2.34  2.50  2.82  2.86  2.08  1.99     2.66  2.49  3.17  2.41  2.59
 30   10     1.66  2.56  3.79  4.57  5.01  5.13  4.81  4.45  3.86  2.89  1.74  1.42     3.49  1.88  4.46  4.80  2.83
 30   20     1.85  2.79  4.02  4.67  4.99  5.05  4.76  4.48  4.01  3.12  1.92  1.60     3.61  2.08  4.56  4.76  3.02
 30   30     2.00  2.97  4.19  4.68  4.88  4.89  4.62  4.43  4.07  3.29  2.07  1.74     3.65  2.24  4.58  4.65  3.14
 30   40     2.13  3.10  4.30  4.61  4.67  4.64  4.41  4.29  4.05  3.38  2.17  1.86     3.63  2.36  4.53  4.45  3.20
 30   50     2.21  3.19  4.34  4.44  4.39  4.32  4.12  4.07  3.95  3.39  2.22  1.94     3.55  2.44  4.39  4.17  3.19
 30   60     2.26  3.21  4.30  4.19  4.03  3.93  3.76  3.78  3.76  3.33  2.22  1.98     3.40  2.48  4.17  3.83  3.10
 30   70     2.27  3.19  4.21  3.89  3.62  3.50  3.36  3.43  3.50  3.19  2.17  1.98     3.19  2.48  3.90  3.43  2.95
 30   80     2.24  3.11  4.05  3.51  3.15  3.02  2.92  3.03  3.17  2.97  2.07  1.94     2.93  2.43  3.57  2.99  2.74
 30   90     2.17  2.99  3.82  3.09  2.67  2.54  2.47  2.60  2.79  2.69  1.93  1.86     2.63  2.34  3.19  2.54  2.47
 45   10     1.62  2.52  3.74  4.53  5.00  5.12  4.80  4.43  3.81  2.83  1.69  1.39     3.46  1.84  4.42  4.78  2.78
 45   20     1.77  2.69  3.93  4.60  4.97  5.04  4.74  4.45  3.92  3.02  1.84  1.52     3.54  1.99  4.50  4.74  2.93
 45   30     1.89  2.83  4.06  4.59  4.85  4.88  4.60  4.38  3.97  3.14  1.95  1.64     3.56  2.12  4.50  4.62  3.02
 45   40     1.98  2.93  4.13  4.50  4.66  4.65  4.40  4.24  3.93  3.19  2.01  1.72     3.53  2.21  4.43  4.43  3.04
 45   50     2.04  2.99  4.16  4.34  4.39  4.35  4.13  4.04  3.81  3.18  2.04  1.77     3.44  2.27  4.30  4.17  3.01
 45   60     2.07  3.00  4.11  4.11  4.06  3.99  3.79  3.76  3.63  3.10  2.02  1.79     3.29  2.29  4.09  3.85  2.92
 45   70     2.06  2.96  4.01  3.81  3.68  3.59  3.42  3.44  3.37  2.95  1.95  1.78     3.09  2.27  3.83  3.48  2.76
 45   80     2.02  2.88  3.87  3.47  3.25  3.14  3.01  3.06  3.07  2.74  1.85  1.73     2.84  2.21  3.53  3.07  2.55
 45   90     1.95  2.76  3.67  3.09  2.81  2.71  2.60  2.67  2.72  2.48  1.70  1.65     2.57  2.12  3.19  2.66  2.30
 60   10     1.57  2.45  3.67  4.48  4.97  5.11  4.78  4.40  3.76  2.76  1.64  1.34     3.41  1.79  4.37  4.76  2.72
 60   20     1.67  2.57  3.80  4.50  4.93  5.02  4.71  4.38  3.82  2.88  1.73  1.43     3.45  1.89  4.41  4.71  2.81
 60   30     1.75  2.66  3.88  4.46  4.81  4.86  4.57  4.31  3.82  2.94  1.80  1.50     3.45  1.97  4.38  4.58  2.85
 60   40     1.80  2.71  3.92  4.36  4.61  4.63  4.36  4.17  3.76  2.96  1.83  1.55     3.39  2.02  4.30  4.39  2.85
 60   50     1.84  2.74  3.91  4.19  4.36  4.35  4.10  3.96  3.63  2.92  1.82  1.57     3.28  2.05  4.16  4.14  2.79
 60   60     1.84  2.73  3.87  3.97  4.05  4.01  3.79  3.70  3.44  2.82  1.77  1.58     3.13  2.05  3.96  3.84  2.68
 60   70     1.82  2.69  3.77  3.69  3.69  3.63  3.44  3.39  3.21  2.67  1.70  1.55     2.94  2.02  3.72  3.49  2.53
 60   80     1.78  2.61  3.65  3.38  3.31  3.24  3.07  3.06  2.92  2.47  1.60  1.50     2.71  1.96  3.44  3.12  2.33
 60   90     1.72  2.51  3.48  3.03  2.90  2.83  2.69  2.69  2.61  2.24  1.46  1.42     2.46  1.88  3.14  2.73  2.10
 75   10     1.51  2.38  3.59  4.42  4.94  5.09  4.76  4.36  3.69  2.67  1.57  1.28     3.36  1.72  4.32  4.74  2.64
 75   20     1.56  2.43  3.64  4.39  4.87  4.99  4.67  4.31  3.69  2.72  1.61  1.33     3.35  1.77  4.30  4.66  2.67
 75   30     1.59  2.46  3.67  4.30  4.73  4.82  4.52  4.21  3.64  2.73  1.62  1.35     3.30  1.80  4.24  4.51  2.66
 75   40     1.61  2.48  3.67  4.17  4.53  4.59  4.31  4.05  3.54  2.69  1.62  1.37     3.22  1.82  4.13  4.32  2.62
 75   50     1.61  2.47  3.64  3.99  4.27  4.30  4.04  3.84  3.40  2.62  1.58  1.37     3.10  1.81  3.97  4.06  2.54
 75   60     1.61  2.45  3.58  3.77  3.98  3.99  3.75  3.59  3.21  2.50  1.52  1.35     2.94  1.80  3.78  3.77  2.41
 75   70     1.58  2.40  3.50  3.52  3.65  3.64  3.42  3.31  2.99  2.36  1.44  1.31     2.76  1.76  3.56  3.46  2.26
 75   80     1.53  2.33  3.38  3.22  3.29  3.25  3.07  2.98  2.72  2.18  1.35  1.26     2.55  1.71  3.29  3.10  2.08
 75   90     1.49  2.25  3.26  2.93  2.92  2.88  2.71  2.66  2.45  1.96  1.22  1.20     2.33  1.65  3.04  2.75  1.88
 90   10     1.45  2.30  3.50  4.35  4.91  5.07  4.74  4.31  3.61  2.58  1.50  1.22     3.29  1.66  4.25  4.71  2.56
 90   20     1.44  2.28  3.48  4.26  4.80  4.94  4.62  4.22  3.54  2.54  1.48  1.21     3.23  1.64  4.18  4.59  2.52
 90   30     1.43  2.26  3.44  4.12  4.63  4.75  4.45  4.08  3.44  2.48  1.45  1.20     3.14  1.63  4.06  4.43  2.46
 90   40     1.42  2.23  3.39  3.95  4.41  4.51  4.22  3.90  3.30  2.40  1.40  1.18     3.03  1.61  3.92  4.21  2.37
 90   50     1.40  2.20  3.33  3.76  4.15  4.22  3.96  3.68  3.13  2.29  1.35  1.16     2.89  1.59  3.75  3.95  2.25
 90   60     1.38  2.16  3.27  3.53  3.85  3.90  3.66  3.43  2.94  2.17  1.27  1.13     2.72  1.55  3.55  3.66  2.13
 90   70     1.35  2.12  3.19  3.28  3.54  3.57  3.34  3.15  2.71  2.02  1.19  1.10     2.55  1.52  3.34  3.35  1.97
 90   80     1.31  2.06  3.10  3.03  3.21  3.22  3.02  2.87  2.49  1.87  1.11  1.05     2.36  1.48  3.11  3.04  1.82
 90   90     1.28  2.01  3.00  2.75  2.85  2.85  2.68  2.56  2.23  1.69  1.00  1.00     2.16  1.43  2.87  2.70  1.64
105   10     1.39  2.22  3.41  4.28  4.87  5.04  4.71  4.26  3.53  2.49  1.43  1.16     3.23  1.59  4.19  4.67  2.48
105   20     1.32  2.13  3.31  4.12  4.72  4.89  4.57  4.13  3.39  2.36  1.35  1.10     3.12  1.52  4.05  4.53  2.37
105   30     1.27  2.04  3.19  3.92  4.51  4.67  4.36  3.94  3.22  2.23  1.27  1.05     2.97  1.46  3.88  4.32  2.24
105   40     1.23  1.98  3.09  3.71  4.26  4.40  4.11  3.72  3.04  2.09  1.20  1.01     2.82  1.41  3.68  4.07  2.11
105   50     1.20  1.93  3.01  3.47  3.98  4.10  3.82  3.48  2.84  1.97  1.12  0.98     2.66  1.37  3.49  3.80  1.98
105   60     1.17  1.88  2.94  3.25  3.68  3.77  3.52  3.22  2.63  1.84  1.05  0.94     2.49  1.33  3.29  3.51  1.84
105   70     1.16  1.85  2.86  3.01  3.36  3.44  3.21  2.96  2.43  1.70  0.97  0.91     2.32  1.31  3.08  3.20  1.70
105   80     1.13  1.82  2.81  2.77  3.05  3.11  2.89  2.68  2.21  1.56  0.90  0.88     2.15  1.28  2.87  2.89  1.55
105   90     1.12  1.78  2.73  2.54  2.73  2.77  2.58  2.41  2.00  1.42  0.82  0.84     1.98  1.25  2.67  2.59  1.41
120   10     1.33  2.14  3.33  4.21  4.84  5.02  4.69  4.22  3.45  2.40  1.37  1.11     3.17  1.53  4.13  4.64  2.41
120   20     1.21  1.98  3.13  3.98  4.64  4.84  4.51  4.03  3.24  2.19  1.23  1.00     3.00  1.40  3.92  4.46  2.22
120   30     1.12  1.85  2.95  3.72  4.38  4.58  4.26  3.79  2.99  1.98  1.11  0.92     2.81  1.30  3.68  4.21  2.03
120   40     1.07  1.75  2.80  3.44  4.08  4.27  3.97  3.52  2.75  1.81  1.01  0.86     2.61  1.23  3.44  3.92  1.86
120   50     1.04  1.68  2.68  3.18  3.76  3.93  3.66  3.24  2.52  1.65  0.92  0.83     2.42  1.18  3.21  3.61  1.70
120   60     1.02  1.65  2.60  2.93  3.44  3.59  3.34  2.97  2.31  1.51  0.86  0.79     2.25  1.15  2.99  3.30  1.56
120   70     1.01  1.63  2.55  2.69  3.13  3.25  3.03  2.71  2.11  1.40  0.79  0.78     2.09  1.14  2.79  3.00  1.43
120   80     1.00  1.62  2.51  2.49  2.83  2.92  2.72  2.46  1.92  1.27  0.73  0.76     1.94  1.13  2.61  2.70  1.31
120   90     1.01  1.61  2.48  2.29  2.53  2.61  2.42  2.21  1.74  1.17  0.68  0.74     1.79  1.12  2.43  2.42  1.20
135   10     1.28  2.08  3.25  4.16  4.80  5.01  4.67  4.18  3.39  2.32  1.31  1.06     3.12  1.47  4.07  4.62  2.34
135   20     1.12  1.85  2.98  3.86  4.57  4.80  4.46  3.94  3.10  2.02  1.12  0.91     2.89  1.29  3.80  4.40  2.08
135   30     1.00  1.67  2.72  3.52  4.26  4.50  4.18  3.65  2.78  1.75  0.96  0.80     2.65  1.16  3.50  4.11  1.83
135   40     0.94  1.54  2.51  3.17  3.89  4.14  3.84  3.31  2.47  1.52  0.85  0.75     2.41  1.08  3.19  3.76  1.61
135   50     0.92  1.48  2.37  2.86  3.51  3.74  3.47  2.98  2.20  1.35  0.78  0.72     2.20  1.04  2.91  3.40  1.44
135   60     0.93  1.46  2.29  2.59  3.15  3.36  3.12  2.69  1.98  1.23  0.72  0.71     2.02  1.03  2.68  3.06  1.31
135   70     0.93  1.46  2.26  2.38  2.84  3.01  2.79  2.43  1.80  1.14  0.68  0.70     1.87  1.03  2.49  2.75  1.20
135   80     0.94  1.47  2.25  2.19  2.55  2.70  2.51  2.19  1.64  1.04  0.63  0.69     1.73  1.03  2.33  2.47  1.11
135   90     0.95  1.49  2.26  2.02  2.30  2.41  2.24  1.98  1.49  0.97  0.59  0.69     1.62  1.04  2.19  2.21  1.02
150   10     1.24  2.02  3.19  4.12  4.78  5.00  4.66  4.15  3.33  2.25  1.26  1.02     3.09  1.43  4.03  4.60  2.28
150   20     1.04  1.75  2.85  3.77  4.52  4.78  4.43  3.88  2.98  1.89  1.02  0.83     2.81  1.21  3.71  4.36  1.96
150   30     0.91  1.51  2.51  3.36  4.17  4.46  4.13  3.53  2.59  1.54  0.83  0.72     2.52  1.04  3.35  4.04  1.66
150   40     0.88  1.37  2.24  2.94  3.74  4.06  3.74  3.13  2.21  1.27  0.74  0.70     2.25  0.98  2.97  3.65  1.41
150   50     0.89  1.33  2.08  2.54  3.27  3.58  3.30  2.73  1.89  1.11  0.69  0.69     2.01  0.97  2.63  3.20  1.23
150   60     0.90  1.34  2.02  2.25  2.84  3.11  2.88  2.39  1.67  1.02  0.66  0.69     1.81  0.98  2.37  2.79  1.12
150   70     0.91  1.37  2.02  2.06  2.51  2.73  2.53  2.13  1.52  0.95  0.63  0.69     1.67  0.99  2.20  2.46  1.03
150   80     0.93  1.40  2.05  1.91  2.26  2.43  2.26  1.93  1.40  0.89  0.59  0.68     1.56  1.00  2.07  2.21  0.96
150   90     0.94  1.43  2.09  1.79  2.04  2.17  2.03  1.75  1.29  0.84  0.56  0.68     1.47  1.01  1.97  1.99  0.89
165   10     1.21  1.99  3.15  4.09  4.77  4.99  4.65  4.13  3.30  2.21  1.24  0.99     3.06  1.40  4.00  4.59  2.25
165   20     0.98  1.67  2.77  3.71  4.50  4.76  4.42  3.83  2.91  1.80  0.96  0.78     2.76  1.14  3.66  4.34  1.89
165   30     0.87  1.39  2.37  3.27  4.13  4.44  4.11  3.46  2.46  1.38  0.75  0.70     2.44  0.98  3.26  4.00  1.53
165   40     0.88  1.26  2.01  2.78  3.68  4.04  3.72  3.03  1.99  1.06  0.72  0.70     2.15  0.94  2.82  3.60  1.26
165   50     0.89  1.29  1.83  2.26  3.17  3.56  3.26  2.55  1.60  0.96  0.69  0.69     1.90  0.95  2.42  3.12  1.09
165   60     0.90  1.32  1.83  1.93  2.61  3.02  2.76  2.09  1.41  0.92  0.66  0.69     1.68  0.97  2.12  2.62  1.00
165   70     0.91  1.35  1.88  1.78  2.21  2.49  2.31  1.85  1.31  0.87  0.63  0.69     1.52  0.98  1.96  2.22  0.94
165   80     0.93  1.38  1.94  1.69  1.99  2.20  2.06  1.69  1.22  0.83  0.59  0.68     1.43  1.00  1.87  1.98  0.88
165   90     0.94  1.42  2.00  1.61  1.82  1.98  1.86  1.56  1.15  0.78  0.56  0.68     1.36  1.01  1.81  1.80  0.83
180   10     1.20  1.98  3.14  4.08  4.77  4.99  4.65  4.12  3.29  2.19  1.23  0.98     3.05  1.39  4.00  4.58  2.24
180   20     0.96  1.65  2.73  3.70  4.49  4.76  4.42  3.81  2.88  1.76  0.94  0.76     2.74  1.12  3.64  4.33  1.86
180   30     0.87  1.33  2.31  3.25  4.12  4.44  4.11  3.43  2.42  1.30  0.74  0.70     2.42  0.97  3.23  3.99  1.49
180   40     0.88  1.26  1.87  2.75  3.67  4.03  3.71  2.99  1.92  0.98  0.72  0.70     2.12  0.94  2.76  3.58  1.21
180   50     0.89  1.29  1.72  2.21  3.15  3.55  3.26  2.50  1.39  0.95  0.69  0.69     1.86  0.95  2.36  3.10  1.01
180   60     0.90  1.32  1.78  1.75  2.59  3.01  2.75  1.98  1.27  0.91  0.66  0.69     1.63  0.97  2.04  2.58  0.95
180   70     0.91  1.35  1.84  1.65  2.10  2.43  2.23  1.71  1.21  0.87  0.63  0.69     1.47  0.98  1.86  2.12  0.90
180   80     0.93  1.38  1.91  1.59  1.88  2.11  1.98  1.57  1.15  0.83  0.59  0.68     1.38  1.00  1.79  1.89  0.86
180   90     0.94  1.42  1.98  1.54  1.74  1.91  1.80  1.46  1.09  0.78  0.56  0.68     1.32  1.01  1.75  1.72  0.81
             70.1  63.7  52.4  27.4  13.9   6.7   9.6  19.3  34.2  49.7  58.6  68.0     33.8  66.9  28.9  12.0  45.6
             2.46  3.42  4.49  4.75  5.03  5.14  4.82  4.51  4.16  3.58  2.39  2.15     3.91  2.67  4.64  4.81  3.34
             2.17  3.15  4.36  4.73  4.81  4.80  4.55  4.41  4.16  3.47  2.22  1.89     3.73  2.40  4.63  4.58  3.29
             1.13  1.09  1.03  1.00  1.05  1.07  1.06  1.02  1.00  1.03  1.08  1.14     1.06  1.12  1.03  1.05  1.04
             1.48  1.36  1.24  1.08  0.97  0.94  0.95  1.01  1.15  1.33  1.45  1.54     1.21  1.46  1.10  0.97  1.31
temperature  -4.3  -3.8  -0.1   6.3  11.6  15.6  19.7  21.4  17.2  10.9   4.3  -1.5      8.1  -3.2   5.9  18.9  10.8
diffusedrad  0.99  1.46  2.00  2.22  2.53  2.76  2.67  2.31  1.83  1.32  0.91  0.81     1.82  1.09  2.25  2.58  1.35
snow10cm     0.99  1.00  0.95  0.18  0.00  0.00  0.00  0.00  0.00  0.00  0.06  0.65     0.32  0.88  0.38  0.00  0.02
