2 14136   江別            43  6.6  141 36.1    8
             1.46  2.35  3.48  4.26  4.85  5.03  4.55  4.22  3.41  2.44  1.44  1.18     3.22  1.67  4.20  4.60  2.43
             1.68  2.72  4.16  4.79  5.63  5.91  5.49  4.73  4.25  2.93  1.77  1.39     3.52  1.85  4.57  5.21  2.89
             1.17  1.98  2.87  3.85  4.14  4.13  3.83  3.40  2.66  2.10  1.16  1.07     2.99  1.47  3.64  4.02  2.14
  0   10     1.69  2.64  3.79  4.45  4.92  5.05  4.58  4.33  3.64  2.72  1.66  1.38     3.40  1.90  4.38  4.65  2.68
  0   20     1.90  2.91  4.05  4.56  4.90  4.98  4.54  4.37  3.79  2.96  1.85  1.56     3.53  2.13  4.50  4.63  2.87
  0   30     2.09  3.14  4.25  4.58  4.79  4.81  4.40  4.31  3.86  3.13  2.00  1.72     3.59  2.31  4.54  4.51  3.00
  0   40     2.23  3.31  4.38  4.51  4.57  4.55  4.19  4.17  3.85  3.23  2.12  1.84     3.58  2.46  4.48  4.30  3.06
  0   50     2.35  3.43  4.43  4.35  4.27  4.21  3.90  3.95  3.75  3.25  2.18  1.93     3.50  2.57  4.35  4.02  3.06
  0   60     2.41  3.48  4.41  4.11  3.90  3.80  3.55  3.65  3.57  3.20  2.19  1.98     3.36  2.63  4.14  3.67  2.99
  0   70     2.44  3.48  4.32  3.79  3.45  3.33  3.13  3.29  3.31  3.08  2.16  2.00     3.15  2.64  3.85  3.25  2.85
  0   80     2.41  3.41  4.15  3.40  2.95  2.83  2.69  2.86  2.99  2.88  2.08  1.97     2.88  2.60  3.50  2.79  2.65
  0   90     2.35  3.28  3.92  2.96  2.43  2.30  2.22  2.40  2.61  2.63  1.96  1.91     2.58  2.51  3.10  2.31  2.40
 15   10     1.68  2.63  3.78  4.44  4.92  5.05  4.58  4.33  3.63  2.71  1.65  1.38     3.40  1.90  4.38  4.65  2.67
 15   20     1.88  2.89  4.04  4.55  4.90  4.97  4.53  4.36  3.78  2.94  1.83  1.55     3.52  2.11  4.49  4.62  2.85
 15   30     2.06  3.11  4.22  4.57  4.78  4.81  4.40  4.31  3.85  3.10  1.98  1.70     3.57  2.29  4.53  4.51  2.98
 15   40     2.20  3.28  4.34  4.50  4.58  4.56  4.19  4.17  3.83  3.19  2.08  1.81     3.56  2.43  4.47  4.30  3.04
 15   50     2.31  3.38  4.39  4.34  4.28  4.22  3.90  3.94  3.73  3.21  2.14  1.90     3.48  2.53  4.34  4.02  3.03
 15   60     2.37  3.43  4.37  4.10  3.91  3.82  3.56  3.65  3.55  3.16  2.15  1.95     3.34  2.58  4.13  3.68  2.95
 15   70     2.39  3.42  4.28  3.79  3.48  3.36  3.15  3.29  3.30  3.03  2.11  1.96     3.13  2.59  3.85  3.27  2.81
 15   80     2.36  3.35  4.11  3.41  2.99  2.87  2.72  2.88  2.98  2.83  2.03  1.93     2.87  2.55  3.50  2.82  2.62
 15   90     2.29  3.22  3.88  2.98  2.48  2.36  2.26  2.44  2.61  2.57  1.90  1.87     2.57  2.46  3.11  2.35  2.36
 30   10     1.65  2.60  3.75  4.41  4.91  5.04  4.58  4.32  3.61  2.69  1.63  1.36     3.38  1.87  4.36  4.65  2.64
 30   20     1.83  2.83  3.98  4.51  4.89  4.97  4.52  4.35  3.74  2.88  1.78  1.51     3.48  2.06  4.46  4.61  2.80
 30   30     1.99  3.02  4.14  4.51  4.78  4.81  4.39  4.29  3.79  3.02  1.91  1.64     3.52  2.21  4.48  4.50  2.90
 30   40     2.11  3.16  4.25  4.44  4.58  4.57  4.19  4.16  3.76  3.09  1.99  1.74     3.50  2.34  4.42  4.30  2.95
 30   50     2.19  3.25  4.28  4.29  4.30  4.25  3.92  3.94  3.66  3.09  2.03  1.81     3.42  2.42  4.29  4.04  2.92
 30   60     2.24  3.28  4.25  4.05  3.94  3.87  3.59  3.66  3.48  3.02  2.02  1.85     3.27  2.46  4.08  3.70  2.84
 30   70     2.25  3.25  4.15  3.76  3.54  3.44  3.21  3.32  3.23  2.88  1.98  1.85     3.07  2.45  3.82  3.32  2.70
 30   80     2.22  3.18  4.00  3.40  3.09  2.98  2.80  2.93  2.93  2.69  1.89  1.82     2.83  2.40  3.50  2.90  2.50
 30   90     2.15  3.05  3.78  3.01  2.62  2.50  2.37  2.52  2.58  2.43  1.76  1.75     2.54  2.32  3.13  2.47  2.26
 45   10     1.61  2.55  3.70  4.38  4.90  5.04  4.56  4.29  3.57  2.64  1.59  1.32     3.35  1.83  4.33  4.63  2.60
 45   20     1.76  2.73  3.88  4.44  4.87  4.96  4.51  4.31  3.67  2.79  1.71  1.45     3.42  1.98  4.40  4.59  2.72
 45   30     1.88  2.88  4.01  4.43  4.75  4.80  4.38  4.25  3.69  2.89  1.80  1.54     3.44  2.10  4.40  4.47  2.80
 45   40     1.97  2.99  4.09  4.34  4.57  4.58  4.18  4.11  3.65  2.93  1.85  1.62     3.40  2.19  4.33  4.29  2.81
 45   50     2.03  3.04  4.11  4.19  4.30  4.28  3.92  3.90  3.54  2.90  1.87  1.67     3.31  2.25  4.20  4.03  2.77
 45   60     2.05  3.06  4.07  3.96  3.98  3.92  3.60  3.64  3.36  2.82  1.85  1.69     3.17  2.27  4.00  3.72  2.68
 45   70     2.05  3.02  3.96  3.68  3.60  3.53  3.25  3.32  3.12  2.68  1.79  1.68     2.97  2.25  3.75  3.37  2.53
 45   80     2.01  2.94  3.82  3.36  3.19  3.09  2.87  2.96  2.84  2.48  1.70  1.64     2.74  2.19  3.46  2.98  2.34
 45   90     1.94  2.82  3.63  3.00  2.76  2.67  2.48  2.59  2.51  2.25  1.57  1.57     2.48  2.11  3.13  2.58  2.11
 60   10     1.56  2.49  3.63  4.33  4.87  5.02  4.55  4.27  3.52  2.57  1.54  1.28     3.30  1.78  4.28  4.61  2.54
 60   20     1.66  2.61  3.76  4.35  4.83  4.94  4.48  4.25  3.57  2.67  1.62  1.36     3.34  1.88  4.31  4.56  2.62
 60   30     1.74  2.71  3.84  4.31  4.71  4.78  4.34  4.18  3.56  2.72  1.67  1.43     3.33  1.96  4.29  4.43  2.65
 60   40     1.79  2.76  3.88  4.21  4.51  4.55  4.14  4.03  3.50  2.72  1.69  1.47     3.27  2.01  4.20  4.24  2.64
 60   50     1.82  2.79  3.87  4.04  4.27  4.28  3.90  3.83  3.37  2.67  1.68  1.49     3.17  2.04  4.06  4.00  2.58
 60   60     1.83  2.79  3.83  3.83  3.96  3.94  3.60  3.58  3.19  2.57  1.64  1.49     3.02  2.04  3.87  3.71  2.47
 60   70     1.81  2.74  3.73  3.57  3.61  3.57  3.26  3.28  2.97  2.43  1.58  1.47     2.84  2.01  3.64  3.37  2.33
 60   80     1.76  2.66  3.61  3.27  3.24  3.18  2.92  2.96  2.70  2.25  1.48  1.43     2.62  1.95  3.37  3.02  2.14
 60   90     1.70  2.56  3.44  2.94  2.83  2.78  2.55  2.60  2.41  2.03  1.36  1.37     2.38  1.88  3.07  2.64  1.93
 75   10     1.51  2.41  3.56  4.28  4.84  5.00  4.53  4.23  3.46  2.50  1.49  1.23     3.25  1.72  4.23  4.59  2.48
 75   20     1.55  2.47  3.61  4.25  4.77  4.90  4.44  4.18  3.46  2.53  1.52  1.27     3.25  1.76  4.21  4.51  2.50
 75   30     1.58  2.50  3.64  4.16  4.64  4.74  4.29  4.08  3.40  2.53  1.52  1.29     3.20  1.79  4.14  4.37  2.49
 75   40     1.60  2.52  3.63  4.04  4.44  4.51  4.09  3.92  3.31  2.48  1.51  1.31     3.12  1.81  4.04  4.18  2.44
 75   50     1.60  2.51  3.61  3.86  4.18  4.23  3.84  3.72  3.17  2.41  1.48  1.31     2.99  1.81  3.88  3.93  2.36
 75   60     1.60  2.49  3.54  3.65  3.90  3.92  3.56  3.47  2.98  2.30  1.42  1.29     2.84  1.79  3.70  3.65  2.23
 75   70     1.57  2.44  3.46  3.41  3.57  3.57  3.25  3.20  2.77  2.16  1.36  1.26     2.67  1.76  3.48  3.34  2.09
 75   80     1.52  2.37  3.34  3.12  3.21  3.20  2.91  2.88  2.52  1.99  1.27  1.22     2.46  1.71  3.23  3.00  1.93
 75   90     1.48  2.30  3.23  2.85  2.86  2.83  2.57  2.57  2.26  1.79  1.16  1.17     2.25  1.65  2.98  2.66  1.74
 90   10     1.45  2.33  3.47  4.21  4.81  4.98  4.51  4.19  3.39  2.42  1.43  1.18     3.20  1.65  4.17  4.56  2.41
 90   20     1.43  2.31  3.45  4.13  4.71  4.86  4.40  4.10  3.33  2.38  1.41  1.17     3.14  1.64  4.09  4.45  2.37
 90   30     1.42  2.29  3.41  4.00  4.54  4.68  4.23  3.96  3.23  2.32  1.37  1.16     3.05  1.62  3.98  4.29  2.31
 90   40     1.41  2.26  3.36  3.83  4.33  4.44  4.01  3.78  3.09  2.24  1.33  1.14     2.94  1.60  3.84  4.08  2.22
 90   50     1.39  2.23  3.30  3.64  4.07  4.16  3.76  3.57  2.93  2.13  1.28  1.13     2.80  1.58  3.67  3.83  2.11
 90   60     1.37  2.19  3.24  3.43  3.77  3.84  3.47  3.32  2.75  2.01  1.22  1.10     2.64  1.55  3.48  3.54  1.99
 90   70     1.35  2.15  3.16  3.18  3.47  3.51  3.17  3.05  2.53  1.87  1.14  1.07     2.47  1.52  3.27  3.24  1.84
 90   80     1.31  2.09  3.07  2.94  3.14  3.17  2.86  2.77  2.31  1.72  1.06  1.04     2.29  1.48  3.05  2.93  1.70
 90   90     1.28  2.04  2.97  2.68  2.79  2.80  2.54  2.47  2.07  1.55  0.97  0.99     2.10  1.44  2.81  2.61  1.53
105   10     1.38  2.25  3.38  4.15  4.78  4.96  4.48  4.14  3.32  2.34  1.37  1.13     3.14  1.59  4.10  4.53  2.34
105   20     1.32  2.15  3.28  4.00  4.63  4.81  4.35  4.01  3.19  2.22  1.29  1.08     3.03  1.51  3.97  4.39  2.24
105   30     1.27  2.07  3.17  3.81  4.42  4.60  4.15  3.83  3.03  2.10  1.22  1.03     2.89  1.46  3.80  4.19  2.12
105   40     1.22  2.01  3.07  3.60  4.18  4.33  3.91  3.61  2.86  1.97  1.16  0.99     2.74  1.41  3.62  3.95  2.00
105   50     1.20  1.96  2.99  3.38  3.90  4.03  3.64  3.38  2.67  1.85  1.09  0.96     2.59  1.37  3.42  3.68  1.87
105   60     1.17  1.91  2.91  3.16  3.60  3.71  3.35  3.13  2.47  1.72  1.02  0.93     2.42  1.34  3.23  3.40  1.74
105   70     1.15  1.88  2.84  2.94  3.29  3.38  3.05  2.87  2.28  1.59  0.95  0.91     2.26  1.31  3.02  3.10  1.61
105   80     1.13  1.84  2.78  2.70  2.99  3.06  2.75  2.59  2.07  1.45  0.89  0.89     2.09  1.29  2.82  2.80  1.47
105   90     1.12  1.81  2.71  2.49  2.68  2.73  2.45  2.33  1.87  1.32  0.82  0.86     1.93  1.26  2.63  2.50  1.33
120   10     1.33  2.17  3.30  4.09  4.74  4.94  4.46  4.10  3.26  2.26  1.31  1.08     3.09  1.52  4.04  4.50  2.28
120   20     1.21  2.00  3.11  3.87  4.55  4.76  4.30  3.92  3.06  2.07  1.19  0.98     2.92  1.40  3.85  4.33  2.11
120   30     1.12  1.87  2.93  3.62  4.30  4.51  4.07  3.69  2.84  1.89  1.08  0.91     2.73  1.30  3.62  4.09  1.94
120   40     1.07  1.77  2.78  3.36  4.00  4.20  3.79  3.42  2.61  1.72  1.00  0.86     2.55  1.23  3.38  3.81  1.78
120   50     1.04  1.70  2.67  3.11  3.69  3.87  3.49  3.15  2.40  1.58  0.92  0.83     2.37  1.19  3.15  3.51  1.63
120   60     1.02  1.66  2.58  2.87  3.38  3.54  3.19  2.89  2.19  1.44  0.86  0.81     2.20  1.16  2.94  3.21  1.50
120   70     1.01  1.64  2.53  2.64  3.07  3.21  2.89  2.63  2.00  1.33  0.80  0.80     2.05  1.15  2.75  2.91  1.38
120   80     1.00  1.63  2.49  2.45  2.77  2.88  2.60  2.39  1.82  1.21  0.75  0.78     1.90  1.14  2.57  2.62  1.26
120   90     1.00  1.62  2.47  2.25  2.48  2.57  2.31  2.14  1.65  1.11  0.70  0.77     1.76  1.13  2.40  2.34  1.15
135   10     1.27  2.10  3.23  4.03  4.71  4.93  4.44  4.06  3.20  2.19  1.26  1.04     3.04  1.47  3.99  4.48  2.22
135   20     1.11  1.87  2.96  3.76  4.49  4.73  4.26  3.84  2.94  1.93  1.10  0.90     2.82  1.29  3.73  4.27  1.99
135   30     1.00  1.68  2.70  3.44  4.18  4.44  3.99  3.56  2.65  1.69  0.96  0.81     2.59  1.17  3.44  4.00  1.76
135   40     0.94  1.55  2.50  3.11  3.82  4.08  3.67  3.24  2.36  1.48  0.86  0.76     2.37  1.09  3.14  3.66  1.57
135   50     0.93  1.49  2.36  2.81  3.45  3.69  3.33  2.92  2.11  1.32  0.80  0.75     2.16  1.05  2.87  3.31  1.41
135   60     0.93  1.47  2.28  2.56  3.11  3.32  3.00  2.63  1.90  1.21  0.75  0.74     1.99  1.04  2.65  2.98  1.29
135   70     0.93  1.47  2.25  2.35  2.79  2.98  2.69  2.38  1.73  1.11  0.71  0.73     1.84  1.04  2.46  2.68  1.18
135   80     0.94  1.48  2.24  2.17  2.52  2.67  2.41  2.14  1.58  1.02  0.67  0.73     1.71  1.05  2.31  2.41  1.09
135   90     0.95  1.50  2.25  2.01  2.26  2.38  2.15  1.93  1.43  0.94  0.63  0.72     1.60  1.06  2.17  2.16  1.00
150   10     1.24  2.05  3.17  4.00  4.69  4.92  4.43  4.03  3.15  2.13  1.23  1.00     3.00  1.43  3.95  4.46  2.17
150   20     1.04  1.76  2.84  3.67  4.44  4.70  4.23  3.77  2.84  1.81  1.02  0.84     2.75  1.21  3.65  4.24  1.89
150   30     0.91  1.52  2.50  3.29  4.10  4.40  3.95  3.45  2.48  1.51  0.86  0.74     2.48  1.05  3.30  3.93  1.62
150   40     0.88  1.37  2.23  2.89  3.68  4.00  3.59  3.07  2.14  1.27  0.77  0.72     2.22  0.99  2.94  3.55  1.39
150   50     0.89  1.34  2.07  2.52  3.22  3.54  3.18  2.68  1.85  1.12  0.73  0.72     1.99  0.98  2.61  3.13  1.23
150   60     0.90  1.35  2.02  2.24  2.81  3.08  2.78  2.35  1.64  1.03  0.70  0.72     1.80  0.99  2.36  2.74  1.12
150   70     0.91  1.37  2.02  2.06  2.48  2.71  2.46  2.10  1.49  0.96  0.67  0.72     1.66  1.00  2.19  2.42  1.04
150   80     0.93  1.40  2.04  1.91  2.23  2.40  2.20  1.90  1.37  0.89  0.64  0.72     1.55  1.01  2.06  2.17  0.97
150   90     0.94  1.44  2.09  1.80  2.02  2.15  1.97  1.73  1.25  0.83  0.60  0.72     1.46  1.03  1.97  1.95  0.90
165   10     1.21  2.01  3.13  3.97  4.68  4.91  4.43  4.01  3.12  2.10  1.20  0.98     2.98  1.40  3.93  4.45  2.14
165   20     0.98  1.68  2.75  3.62  4.41  4.69  4.22  3.73  2.77  1.74  0.96  0.79     2.70  1.15  3.60  4.21  1.83
165   30     0.87  1.39  2.36  3.21  4.06  4.38  3.93  3.38  2.37  1.37  0.78  0.72     2.40  0.99  3.21  3.90  1.51
165   40     0.88  1.26  2.01  2.75  3.63  3.98  3.57  2.97  1.95  1.09  0.75  0.72     2.13  0.95  2.79  3.51  1.26
165   50     0.89  1.29  1.83  2.27  3.13  3.51  3.15  2.51  1.60  0.99  0.73  0.72     1.88  0.96  2.41  3.06  1.11
165   60     0.90  1.32  1.83  1.95  2.58  2.99  2.68  2.08  1.41  0.94  0.70  0.72     1.68  0.98  2.12  2.58  1.02
165   70     0.91  1.35  1.88  1.80  2.20  2.48  2.26  1.84  1.31  0.89  0.67  0.72     1.53  0.99  1.96  2.19  0.96
165   80     0.93  1.39  1.94  1.71  1.98  2.19  2.02  1.68  1.22  0.84  0.64  0.72     1.44  1.01  1.88  1.96  0.90
165   90     0.94  1.43  1.99  1.63  1.80  1.97  1.82  1.55  1.14  0.79  0.60  0.72     1.37  1.03  1.81  1.78  0.84
180   10     1.20  2.00  3.12  3.96  4.67  4.91  4.42  4.00  3.11  2.09  1.20  0.97     2.97  1.39  3.92  4.45  2.13
180   20     0.96  1.65  2.72  3.61  4.40  4.68  4.21  3.72  2.75  1.71  0.95  0.78     2.68  1.13  3.58  4.21  1.80
180   30     0.87  1.33  2.30  3.19  4.05  4.37  3.92  3.36  2.34  1.31  0.77  0.72     2.38  0.97  3.18  3.88  1.47
180   40     0.88  1.26  1.88  2.72  3.61  3.97  3.56  2.94  1.89  1.02  0.75  0.72     2.10  0.95  2.74  3.49  1.22
180   50     0.89  1.29  1.73  2.21  3.11  3.50  3.14  2.47  1.41  0.98  0.73  0.72     1.85  0.96  2.35  3.04  1.04
180   60     0.90  1.32  1.78  1.78  2.56  2.98  2.67  1.97  1.29  0.94  0.70  0.72     1.63  0.98  2.04  2.54  0.98
180   70     0.91  1.35  1.84  1.68  2.08  2.41  2.19  1.71  1.23  0.89  0.67  0.72     1.47  0.99  1.87  2.10  0.93
180   80     0.93  1.39  1.91  1.62  1.87  2.10  1.95  1.57  1.16  0.84  0.64  0.72     1.39  1.01  1.80  1.87  0.88
180   90     0.94  1.43  1.97  1.57  1.73  1.90  1.77  1.45  1.09  0.79  0.60  0.72     1.33  1.03  1.76  1.71  0.83
             70.0  63.8  52.3  27.1  13.7   6.7   9.5  19.0  33.2  48.2  58.3  68.6     33.2  67.0  28.8  11.9  44.5
             2.44  3.49  4.43  4.58  4.92  5.05  4.58  4.37  3.87  3.25  2.20  2.00     3.76  2.64  4.54  4.66  3.07
             2.14  3.20  4.30  4.56  4.73  4.74  4.34  4.28  3.87  3.17  2.04  1.76     3.59  2.37  4.53  4.45  3.03
             1.14  1.09  1.03  1.00  1.04  1.07  1.06  1.02  1.00  1.03  1.08  1.14     1.06  1.12  1.02  1.05  1.03
             1.47  1.36  1.24  1.07  0.98  0.94  0.95  1.01  1.13  1.30  1.42  1.49     1.20  1.44  1.09  0.97  1.28
temperature  -6.5  -5.8  -1.5   5.2  10.6  14.8  18.6  20.4  16.2   9.7   3.1  -3.4      6.8  -5.2   4.8  17.9   9.7
diffusedrad  0.99  1.46  2.00  2.25  2.54  2.77  2.69  2.32  1.83  1.33  0.92  0.81     1.83  1.09  2.26  2.59  1.36
snow10cm     1.00  1.00  0.95  0.21  0.00  0.00  0.00  0.00  0.00  0.00  0.17  0.80     0.34  0.93  0.39  0.00  0.06
