2 15116   石狩沼田        43 48.9  141 55.6   63
             1.29  2.23  3.41  4.40  4.97  5.08  4.66  4.12  3.47  2.34  1.26  0.95     3.18  1.49  4.26  4.62  2.36
             1.65  2.75  4.43  5.11  5.85  5.88  5.94  4.81  4.07  2.70  1.59  1.20     3.40  1.82  4.92  5.28  2.58
             1.05  1.77  2.77  4.06  4.05  4.16  3.68  2.95  2.95  1.96  0.92  0.80     2.76  1.29  3.68  3.62  1.98
  0   10     1.46  2.49  3.71  4.61  5.05  5.09  4.70  4.23  3.72  2.61  1.41  1.06     3.35  1.67  4.46  4.67  2.58
  0   20     1.63  2.74  3.97  4.75  5.04  5.03  4.65  4.27  3.88  2.84  1.55  1.15     3.46  1.84  4.59  4.65  2.76
  0   30     1.76  2.95  4.16  4.80  4.93  4.87  4.52  4.22  3.96  3.00  1.66  1.23     3.51  1.98  4.63  4.54  2.88
  0   40     1.88  3.11  4.29  4.77  4.72  4.60  4.30  4.09  3.96  3.10  1.74  1.29     3.49  2.09  4.59  4.33  2.93
  0   50     1.96  3.21  4.35  4.66  4.42  4.27  4.01  3.87  3.86  3.12  1.78  1.33     3.40  2.17  4.47  4.05  2.92
  0   60     2.01  3.27  4.34  4.46  4.04  3.86  3.65  3.59  3.69  3.07  1.78  1.35     3.26  2.21  4.28  3.70  2.85
  0   70     2.02  3.26  4.25  4.20  3.59  3.39  3.23  3.24  3.43  2.96  1.75  1.35     3.05  2.21  4.01  3.28  2.71
  0   80     2.00  3.19  4.10  3.86  3.07  2.88  2.76  2.83  3.10  2.77  1.69  1.33     2.80  2.17  3.68  2.82  2.52
  0   90     1.94  3.08  3.88  3.47  2.54  2.35  2.29  2.38  2.71  2.53  1.59  1.29     2.50  2.10  3.29  2.34  2.28
 15   10     1.46  2.48  3.70  4.60  5.05  5.09  4.70  4.23  3.71  2.61  1.41  1.05     3.34  1.67  4.45  4.67  2.57
 15   20     1.61  2.72  3.95  4.74  5.04  5.03  4.65  4.26  3.87  2.82  1.54  1.14     3.45  1.83  4.57  4.64  2.74
 15   30     1.75  2.92  4.14  4.79  4.93  4.86  4.52  4.22  3.95  2.98  1.65  1.22     3.49  1.96  4.62  4.53  2.86
 15   40     1.85  3.07  4.26  4.76  4.72  4.61  4.30  4.08  3.94  3.06  1.72  1.28     3.47  2.07  4.58  4.33  2.91
 15   50     1.93  3.17  4.31  4.64  4.43  4.28  4.01  3.87  3.85  3.08  1.75  1.31     3.39  2.14  4.46  4.05  2.89
 15   60     1.97  3.22  4.30  4.45  4.05  3.88  3.66  3.59  3.67  3.03  1.76  1.33     3.24  2.18  4.27  3.71  2.82
 15   70     1.98  3.21  4.21  4.19  3.61  3.42  3.25  3.24  3.41  2.91  1.72  1.33     3.04  2.17  4.01  3.30  2.68
 15   80     1.96  3.14  4.06  3.87  3.11  2.92  2.80  2.84  3.09  2.73  1.66  1.31     2.79  2.14  3.68  2.85  2.49
 15   90     1.91  3.02  3.85  3.49  2.59  2.40  2.33  2.41  2.71  2.48  1.56  1.26     2.50  2.06  3.31  2.38  2.25
 30   10     1.44  2.46  3.67  4.58  5.04  5.09  4.69  4.22  3.68  2.58  1.39  1.04     3.32  1.65  4.43  4.67  2.55
 30   20     1.58  2.67  3.89  4.70  5.03  5.02  4.64  4.25  3.83  2.77  1.51  1.12     3.42  1.79  4.54  4.63  2.70
 30   30     1.69  2.84  4.06  4.73  4.92  4.87  4.51  4.19  3.88  2.89  1.60  1.19     3.45  1.91  4.57  4.52  2.79
 30   40     1.78  2.97  4.17  4.70  4.72  4.62  4.30  4.07  3.87  2.96  1.65  1.24     3.42  2.00  4.53  4.33  2.83
 30   50     1.85  3.05  4.21  4.59  4.45  4.31  4.03  3.86  3.77  2.96  1.68  1.27     3.34  2.05  4.41  4.07  2.81
 30   60     1.88  3.08  4.18  4.40  4.09  3.92  3.69  3.59  3.59  2.90  1.67  1.28     3.19  2.08  4.22  3.73  2.72
 30   70     1.88  3.06  4.09  4.16  3.68  3.50  3.30  3.26  3.34  2.77  1.63  1.27     3.00  2.07  3.98  3.35  2.58
 30   80     1.86  2.98  3.94  3.85  3.21  3.03  2.88  2.88  3.04  2.58  1.56  1.24     2.76  2.03  3.67  2.93  2.39
 30   90     1.80  2.87  3.74  3.51  2.74  2.55  2.44  2.49  2.67  2.34  1.46  1.20     2.48  1.95  3.33  2.49  2.16
 45   10     1.41  2.41  3.62  4.54  5.03  5.08  4.67  4.20  3.64  2.53  1.36  1.02     3.29  1.61  4.40  4.65  2.51
 45   20     1.52  2.58  3.80  4.62  5.00  5.01  4.62  4.21  3.75  2.68  1.45  1.09     3.36  1.73  4.48  4.61  2.63
 45   30     1.61  2.71  3.93  4.64  4.89  4.85  4.49  4.15  3.79  2.77  1.52  1.14     3.37  1.82  4.49  4.50  2.69
 45   40     1.68  2.81  4.00  4.59  4.71  4.63  4.29  4.02  3.75  2.81  1.55  1.17     3.33  1.88  4.44  4.31  2.70
 45   50     1.72  2.86  4.03  4.48  4.44  4.33  4.03  3.82  3.64  2.78  1.56  1.19     3.24  1.92  4.32  4.06  2.66
 45   60     1.74  2.87  3.99  4.31  4.12  3.98  3.71  3.56  3.47  2.71  1.54  1.19     3.10  1.93  4.14  3.75  2.57
 45   70     1.73  2.83  3.90  4.07  3.74  3.58  3.35  3.25  3.22  2.58  1.49  1.17     2.91  1.91  3.90  3.39  2.43
 45   80     1.69  2.76  3.77  3.80  3.32  3.14  2.95  2.91  2.94  2.39  1.42  1.14     2.69  1.87  3.63  3.00  2.25
 45   90     1.63  2.65  3.59  3.49  2.88  2.71  2.56  2.54  2.60  2.16  1.31  1.10     2.44  1.79  3.32  2.60  2.02
 60   10     1.37  2.35  3.56  4.49  5.00  5.07  4.66  4.17  3.59  2.47  1.33  1.00     3.25  1.57  4.35  4.63  2.46
 60   20     1.44  2.46  3.68  4.53  4.96  4.98  4.59  4.15  3.65  2.56  1.38  1.04     3.29  1.65  4.39  4.58  2.53
 60   30     1.50  2.55  3.76  4.52  4.84  4.83  4.46  4.08  3.65  2.61  1.42  1.07     3.27  1.71  4.38  4.45  2.56
 60   40     1.54  2.60  3.80  4.45  4.65  4.60  4.25  3.94  3.59  2.61  1.43  1.08     3.21  1.74  4.30  4.26  2.54
 60   50     1.56  2.63  3.79  4.33  4.41  4.33  4.00  3.74  3.46  2.57  1.42  1.09     3.11  1.76  4.18  4.02  2.48
 60   60     1.56  2.62  3.76  4.16  4.10  3.99  3.70  3.50  3.29  2.47  1.38  1.08     2.97  1.75  4.01  3.73  2.38
 60   70     1.54  2.57  3.67  3.95  3.75  3.62  3.36  3.21  3.06  2.34  1.33  1.05     2.79  1.72  3.79  3.39  2.24
 60   80     1.50  2.50  3.55  3.71  3.37  3.23  3.00  2.89  2.79  2.16  1.25  1.02     2.58  1.68  3.54  3.04  2.06
 60   90     1.45  2.41  3.40  3.43  2.96  2.82  2.63  2.54  2.49  1.95  1.15  0.97     2.35  1.61  3.26  2.66  1.86
 75   10     1.33  2.28  3.48  4.43  4.97  5.05  4.64  4.13  3.52  2.40  1.29  0.97     3.21  1.53  4.29  4.60  2.40
 75   20     1.36  2.33  3.53  4.42  4.90  4.95  4.55  4.08  3.53  2.43  1.31  0.99     3.20  1.56  4.28  4.53  2.42
 75   30     1.38  2.36  3.56  4.36  4.77  4.78  4.40  3.98  3.48  2.43  1.31  0.99     3.15  1.58  4.23  4.39  2.40
 75   40     1.39  2.38  3.56  4.27  4.57  4.55  4.20  3.83  3.39  2.38  1.29  0.99     3.07  1.59  4.13  4.20  2.36
 75   50     1.39  2.37  3.54  4.13  4.32  4.28  3.94  3.63  3.25  2.32  1.26  0.98     2.95  1.58  4.00  3.95  2.28
 75   60     1.38  2.35  3.48  3.97  4.04  3.97  3.65  3.39  3.06  2.21  1.21  0.96     2.81  1.56  3.83  3.67  2.16
 75   70     1.35  2.30  3.40  3.77  3.71  3.62  3.34  3.12  2.85  2.07  1.15  0.93     2.63  1.53  3.63  3.36  2.02
 75   80     1.31  2.23  3.29  3.55  3.34  3.24  2.99  2.81  2.60  1.91  1.08  0.90     2.44  1.48  3.39  3.01  1.86
 75   90     1.27  2.16  3.18  3.32  2.98  2.87  2.65  2.51  2.33  1.72  0.99  0.86     2.24  1.43  3.16  2.68  1.68
 90   10     1.28  2.20  3.40  4.36  4.93  5.03  4.61  4.09  3.45  2.32  1.24  0.94     3.15  1.48  4.23  4.58  2.34
 90   20     1.27  2.19  3.37  4.29  4.83  4.90  4.50  4.00  3.39  2.28  1.22  0.93     3.10  1.46  4.16  4.47  2.30
 90   30     1.25  2.17  3.34  4.18  4.66  4.72  4.33  3.86  3.29  2.23  1.19  0.92     3.01  1.45  4.06  4.30  2.24
 90   40     1.24  2.14  3.29  4.05  4.45  4.48  4.11  3.69  3.15  2.15  1.15  0.90     2.90  1.43  3.93  4.09  2.15
 90   50     1.22  2.11  3.24  3.90  4.19  4.19  3.85  3.48  3.00  2.04  1.11  0.88     2.77  1.40  3.78  3.84  2.05
 90   60     1.20  2.07  3.18  3.73  3.90  3.88  3.56  3.24  2.81  1.94  1.05  0.85     2.62  1.37  3.60  3.56  1.93
 90   70     1.18  2.03  3.11  3.54  3.59  3.55  3.26  2.98  2.60  1.79  0.99  0.82     2.45  1.35  3.41  3.26  1.79
 90   80     1.14  1.98  3.03  3.36  3.26  3.20  2.94  2.70  2.38  1.65  0.93  0.80     2.28  1.31  3.21  2.95  1.65
 90   90     1.11  1.93  2.94  3.14  2.91  2.84  2.61  2.41  2.13  1.49  0.85  0.76     2.09  1.27  3.00  2.62  1.49
105   10     1.23  2.13  3.31  4.30  4.89  5.00  4.59  4.04  3.38  2.24  1.20  0.92     3.10  1.43  4.17  4.54  2.27
105   20     1.18  2.04  3.21  4.16  4.75  4.85  4.45  3.91  3.24  2.13  1.14  0.88     3.00  1.37  4.04  4.40  2.17
105   30     1.14  1.97  3.10  3.99  4.54  4.63  4.25  3.73  3.08  2.02  1.08  0.84     2.86  1.31  3.88  4.20  2.06
105   40     1.10  1.91  3.01  3.81  4.29  4.37  4.00  3.52  2.91  1.90  1.02  0.81     2.72  1.27  3.70  3.96  1.94
105   50     1.07  1.86  2.93  3.63  4.01  4.07  3.73  3.29  2.72  1.78  0.96  0.79     2.57  1.24  3.52  3.69  1.82
105   60     1.05  1.81  2.86  3.45  3.71  3.75  3.43  3.05  2.52  1.66  0.91  0.76     2.41  1.21  3.34  3.41  1.70
105   70     1.03  1.78  2.79  3.28  3.40  3.41  3.13  2.80  2.33  1.53  0.85  0.74     2.26  1.18  3.16  3.11  1.57
105   80     1.01  1.75  2.75  3.10  3.09  3.09  2.82  2.53  2.11  1.40  0.80  0.72     2.10  1.16  2.98  2.81  1.44
105   90     0.99  1.72  2.68  2.94  2.79  2.75  2.52  2.28  1.91  1.27  0.73  0.69     1.94  1.13  2.80  2.52  1.31
120   10     1.19  2.06  3.23  4.23  4.86  4.98  4.56  4.00  3.31  2.17  1.16  0.89     3.05  1.38  4.11  4.52  2.21
120   20     1.10  1.91  3.04  4.02  4.66  4.80  4.39  3.83  3.10  1.99  1.06  0.83     2.89  1.28  3.91  4.34  2.05
120   30     1.02  1.78  2.87  3.79  4.40  4.54  4.15  3.60  2.87  1.82  0.97  0.78     2.72  1.20  3.69  4.10  1.89
120   40     0.98  1.69  2.73  3.55  4.10  4.23  3.87  3.34  2.64  1.66  0.90  0.75     2.54  1.14  3.46  3.81  1.74
120   50     0.95  1.62  2.62  3.34  3.78  3.90  3.56  3.08  2.43  1.52  0.84  0.72     2.37  1.10  3.25  3.51  1.60
120   60     0.94  1.59  2.54  3.15  3.47  3.56  3.26  2.82  2.23  1.39  0.79  0.70     2.20  1.08  3.05  3.21  1.47
120   70     0.93  1.57  2.50  2.98  3.16  3.23  2.95  2.57  2.03  1.29  0.74  0.69     2.05  1.06  2.88  2.92  1.35
120   80     0.92  1.56  2.47  2.84  2.87  2.90  2.66  2.33  1.85  1.17  0.70  0.67     1.91  1.05  2.72  2.63  1.24
120   90     0.91  1.55  2.45  2.70  2.58  2.60  2.37  2.10  1.68  1.07  0.65  0.65     1.77  1.04  2.57  2.35  1.13
135   10     1.15  1.99  3.16  4.17  4.82  4.96  4.54  3.97  3.24  2.10  1.12  0.86     3.01  1.34  4.05  4.49  2.16
135   20     1.02  1.78  2.90  3.90  4.59  4.76  4.35  3.75  2.97  1.86  0.99  0.79     2.81  1.20  3.80  4.29  1.94
135   30     0.94  1.61  2.65  3.60  4.27  4.46  4.07  3.47  2.67  1.63  0.88  0.73     2.58  1.09  3.51  4.00  1.73
135   40     0.89  1.49  2.46  3.29  3.90  4.10  3.74  3.16  2.38  1.43  0.81  0.70     2.36  1.03  3.22  3.67  1.54
135   50     0.87  1.43  2.32  3.04  3.53  3.71  3.38  2.85  2.12  1.28  0.76  0.68     2.17  1.00  2.96  3.32  1.39
135   60     0.87  1.42  2.25  2.83  3.18  3.34  3.05  2.57  1.92  1.17  0.72  0.67     2.00  0.99  2.75  2.99  1.27
135   70     0.87  1.42  2.23  2.67  2.87  2.99  2.74  2.33  1.74  1.08  0.68  0.66     1.86  0.98  2.59  2.69  1.17
135   80     0.87  1.43  2.22  2.55  2.59  2.69  2.46  2.10  1.59  0.99  0.64  0.65     1.73  0.98  2.46  2.41  1.08
135   90     0.88  1.44  2.24  2.45  2.34  2.40  2.20  1.90  1.45  0.92  0.61  0.64     1.62  0.99  2.34  2.17  0.99
150   10     1.12  1.94  3.10  4.13  4.80  4.95  4.53  3.94  3.19  2.05  1.09  0.85     2.98  1.30  4.01  4.47  2.11
150   20     0.96  1.68  2.78  3.81  4.54  4.73  4.32  3.69  2.86  1.75  0.93  0.75     2.73  1.13  3.71  4.25  1.85
150   30     0.87  1.46  2.46  3.44  4.18  4.42  4.02  3.37  2.49  1.46  0.81  0.69     2.47  1.01  3.36  3.94  1.59
150   40     0.85  1.33  2.20  3.06  3.75  4.02  3.65  3.00  2.13  1.23  0.75  0.68     2.22  0.95  3.00  3.56  1.37
150   50     0.85  1.30  2.05  2.73  3.27  3.55  3.23  2.62  1.84  1.09  0.71  0.68     2.00  0.94  2.69  3.13  1.22
150   60     0.85  1.31  2.00  2.50  2.86  3.08  2.82  2.31  1.64  1.01  0.69  0.67     1.81  0.94  2.46  2.74  1.11
150   70     0.86  1.33  2.01  2.37  2.54  2.72  2.49  2.07  1.49  0.94  0.66  0.66     1.68  0.95  2.31  2.42  1.03
150   80     0.87  1.36  2.04  2.29  2.29  2.42  2.23  1.87  1.37  0.88  0.63  0.65     1.58  0.96  2.21  2.17  0.96
150   90     0.87  1.39  2.09  2.23  2.08  2.17  2.00  1.70  1.26  0.82  0.59  0.64     1.49  0.97  2.13  1.96  0.89
165   10     1.10  1.91  3.06  4.11  4.79  4.95  4.52  3.92  3.16  2.02  1.07  0.84     2.95  1.28  3.99  4.46  2.08
165   20     0.92  1.61  2.70  3.76  4.51  4.72  4.30  3.65  2.79  1.67  0.89  0.73     2.69  1.09  3.65  4.22  1.79
165   30     0.84  1.34  2.32  3.36  4.14  4.40  4.00  3.31  2.37  1.33  0.76  0.69     2.40  0.96  3.27  3.90  1.49
165   40     0.85  1.24  1.98  2.91  3.69  3.99  3.62  2.91  1.93  1.06  0.74  0.68     2.13  0.92  2.86  3.51  1.25
165   50     0.85  1.26  1.83  2.46  3.17  3.52  3.19  2.46  1.58  0.98  0.71  0.68     1.89  0.93  2.49  3.05  1.09
165   60     0.85  1.29  1.84  2.20  2.61  2.98  2.70  2.05  1.40  0.93  0.69  0.67     1.68  0.94  2.21  2.58  1.01
165   70     0.86  1.32  1.88  2.12  2.23  2.48  2.28  1.82  1.30  0.88  0.66  0.66     1.54  0.95  2.08  2.20  0.95
165   80     0.87  1.35  1.94  2.08  2.02  2.20  2.04  1.67  1.21  0.83  0.63  0.65     1.46  0.95  2.02  1.97  0.89
165   90     0.87  1.38  2.00  2.06  1.85  1.98  1.85  1.53  1.14  0.78  0.59  0.64     1.39  0.96  1.97  1.79  0.83
180   10     1.09  1.90  3.05  4.10  4.78  4.94  4.52  3.91  3.15  2.00  1.07  0.83     2.95  1.28  3.98  4.46  2.08
180   20     0.91  1.59  2.67  3.74  4.50  4.71  4.30  3.63  2.77  1.64  0.88  0.72     2.67  1.07  3.64  4.21  1.76
180   30     0.84  1.29  2.26  3.33  4.12  4.39  4.00  3.28  2.34  1.27  0.76  0.69     2.38  0.94  3.24  3.89  1.45
180   40     0.85  1.24  1.85  2.88  3.67  3.98  3.62  2.87  1.86  1.01  0.74  0.68     2.11  0.92  2.80  3.49  1.20
180   50     0.85  1.26  1.74  2.40  3.15  3.51  3.18  2.42  1.37  0.97  0.71  0.68     1.85  0.93  2.43  3.04  1.02
180   60     0.85  1.29  1.79  2.03  2.58  2.97  2.69  1.93  1.28  0.93  0.69  0.67     1.64  0.94  2.13  2.53  0.96
180   70     0.86  1.32  1.85  2.00  2.11  2.41  2.20  1.70  1.22  0.88  0.66  0.66     1.49  0.95  1.99  2.10  0.92
180   80     0.87  1.35  1.91  1.99  1.91  2.11  1.97  1.57  1.15  0.83  0.63  0.65     1.41  0.95  1.94  1.88  0.87
180   90     0.87  1.38  1.98  2.00  1.77  1.91  1.79  1.45  1.08  0.78  0.59  0.64     1.35  0.96  1.92  1.72  0.82
             68.9  63.9  53.2  31.1  14.6   7.2  10.0  19.4  34.2  48.4  56.6  64.5     32.0  65.6  30.3  12.2  43.5
             2.02  3.27  4.35  4.80  5.06  5.10  4.69  4.27  3.97  3.12  1.79  1.36     3.65  2.21  4.63  4.68  2.93
             1.79  2.98  4.19  4.80  4.90  4.82  4.48  4.20  3.97  3.02  1.68  1.24     3.51  2.01  4.63  4.50  2.89
             1.13  1.10  1.04  1.00  1.03  1.06  1.05  1.02  1.00  1.03  1.07  1.10     1.05  1.11  1.02  1.04  1.03
             1.39  1.34  1.23  1.09  0.99  0.95  0.96  1.02  1.14  1.29  1.33  1.31     1.17  1.34  1.10  0.98  1.26
temperature  -7.8  -7.2  -2.7   4.1  10.8  15.7  19.6  20.5  15.5   8.8   1.8  -4.5      6.2  -6.5   4.1  18.6   8.7
diffusedrad  0.94  1.43  2.00  2.36  2.54  2.79  2.70  2.32  1.82  1.31  0.88  0.74     1.82  1.04  2.30  2.61  1.34
snow10cm     1.00  1.00  0.98  0.54  0.02  0.00  0.00  0.00  0.00  0.00  0.24  0.84     0.39  0.95  0.52  0.00  0.08
