2 15442   夕張            43  2.3  141 57.4  293
             1.56  2.41  3.41  4.27  4.78  4.87  4.21  3.90  3.39  2.50  1.44  1.18     3.16  1.72  4.15  4.33  2.44
             1.87  2.88  4.21  4.75  5.69  5.69  5.18  4.63  3.80  2.89  1.65  1.47     3.34  1.95  4.60  4.98  2.66
             1.33  2.06  2.72  3.77  4.13  3.71  3.30  3.20  2.87  2.20  1.01  0.90     2.93  1.52  3.71  3.87  2.17
  0   10     1.84  2.71  3.70  4.46  4.85  4.88  4.24  3.99  3.62  2.80  1.65  1.37     3.34  1.97  4.34  4.37  2.69
  0   20     2.10  3.00  3.94  4.58  4.83  4.82  4.20  4.01  3.76  3.05  1.83  1.54     3.47  2.21  4.45  4.34  2.88
  0   30     2.32  3.24  4.13  4.61  4.72  4.66  4.08  3.96  3.83  3.23  1.98  1.69     3.54  2.42  4.49  4.23  3.01
  0   40     2.50  3.42  4.25  4.57  4.50  4.40  3.88  3.83  3.81  3.34  2.09  1.81     3.53  2.58  4.44  4.04  3.08
  0   50     2.64  3.55  4.30  4.44  4.21  4.08  3.62  3.62  3.71  3.37  2.15  1.90     3.47  2.69  4.32  3.77  3.08
  0   60     2.72  3.61  4.29  4.25  3.85  3.69  3.31  3.35  3.53  3.32  2.17  1.95     3.34  2.76  4.13  3.45  3.01
  0   70     2.75  3.60  4.20  3.98  3.41  3.24  2.94  3.02  3.28  3.19  2.14  1.96     3.14  2.77  3.86  3.07  2.87
  0   80     2.73  3.53  4.05  3.64  2.91  2.76  2.53  2.65  2.96  2.99  2.07  1.94     2.90  2.73  3.53  2.65  2.67
  0   90     2.65  3.39  3.83  3.26  2.40  2.26  2.12  2.23  2.59  2.73  1.95  1.88     2.61  2.64  3.16  2.20  2.42
 15   10     1.83  2.70  3.69  4.45  4.85  4.88  4.24  3.99  3.61  2.79  1.64  1.36     3.34  1.96  4.33  4.37  2.68
 15   20     2.07  2.98  3.93  4.56  4.83  4.81  4.19  4.01  3.75  3.03  1.82  1.53     3.46  2.19  4.44  4.34  2.87
 15   30     2.29  3.21  4.11  4.60  4.71  4.65  4.07  3.95  3.82  3.20  1.96  1.67     3.52  2.39  4.47  4.23  2.99
 15   40     2.46  3.39  4.22  4.56  4.51  4.41  3.88  3.82  3.80  3.30  2.06  1.79     3.52  2.54  4.43  4.04  3.05
 15   50     2.59  3.50  4.27  4.43  4.22  4.09  3.62  3.62  3.70  3.33  2.11  1.87     3.44  2.65  4.31  3.78  3.04
 15   60     2.67  3.56  4.25  4.23  3.86  3.71  3.31  3.35  3.52  3.27  2.13  1.92     3.31  2.71  4.11  3.46  2.97
 15   70     2.69  3.55  4.16  3.97  3.43  3.27  2.95  3.03  3.27  3.14  2.09  1.93     3.12  2.72  3.86  3.08  2.83
 15   80     2.67  3.47  4.01  3.65  2.95  2.80  2.56  2.66  2.95  2.94  2.02  1.90     2.88  2.68  3.54  2.67  2.64
 15   90     2.59  3.34  3.80  3.27  2.45  2.31  2.15  2.26  2.59  2.67  1.90  1.84     2.60  2.59  3.17  2.24  2.38
 30   10     1.80  2.67  3.66  4.43  4.84  4.88  4.24  3.98  3.59  2.76  1.62  1.34     3.32  1.94  4.31  4.36  2.65
 30   20     2.01  2.92  3.87  4.53  4.82  4.80  4.19  3.99  3.71  2.97  1.77  1.49     3.42  2.14  4.41  4.33  2.82
 30   30     2.20  3.12  4.03  4.55  4.71  4.66  4.07  3.93  3.76  3.11  1.89  1.62     3.47  2.31  4.43  4.22  2.92
 30   40     2.35  3.27  4.13  4.50  4.51  4.42  3.88  3.80  3.73  3.19  1.97  1.71     3.46  2.44  4.38  4.03  2.96
 30   50     2.46  3.36  4.16  4.38  4.24  4.12  3.63  3.61  3.63  3.20  2.01  1.78     3.38  2.53  4.26  3.78  2.94
 30   60     2.52  3.40  4.13  4.18  3.89  3.75  3.33  3.34  3.45  3.13  2.01  1.82     3.25  2.58  4.07  3.47  2.86
 30   70     2.53  3.37  4.04  3.94  3.49  3.34  2.98  3.04  3.20  2.99  1.96  1.82     3.06  2.58  3.83  3.12  2.72
 30   80     2.50  3.29  3.90  3.63  3.04  2.90  2.62  2.69  2.90  2.79  1.88  1.79     2.83  2.53  3.53  2.73  2.52
 30   90     2.42  3.16  3.69  3.29  2.59  2.44  2.23  2.32  2.55  2.52  1.76  1.73     2.56  2.44  3.19  2.33  2.28
 45   10     1.75  2.62  3.62  4.39  4.83  4.87  4.22  3.96  3.55  2.71  1.58  1.31     3.28  1.89  4.28  4.35  2.61
 45   20     1.92  2.81  3.79  4.46  4.80  4.80  4.17  3.96  3.64  2.87  1.70  1.43     3.36  2.05  4.35  4.31  2.74
 45   30     2.07  2.97  3.91  4.47  4.68  4.64  4.04  3.89  3.67  2.98  1.79  1.52     3.38  2.19  4.35  4.19  2.81
 45   40     2.18  3.08  3.97  4.41  4.50  4.42  3.86  3.76  3.62  3.02  1.84  1.60     3.36  2.29  4.29  4.01  2.83
 45   50     2.25  3.15  4.00  4.28  4.24  4.13  3.62  3.56  3.50  3.00  1.86  1.65     3.27  2.35  4.17  3.77  2.79
 45   60     2.29  3.16  3.96  4.10  3.92  3.80  3.34  3.32  3.33  2.92  1.84  1.66     3.14  2.37  3.99  3.48  2.70
 45   70     2.29  3.12  3.86  3.86  3.55  3.42  3.02  3.03  3.09  2.78  1.78  1.66     2.95  2.36  3.76  3.15  2.55
 45   80     2.25  3.04  3.73  3.59  3.14  3.00  2.66  2.70  2.81  2.58  1.70  1.62     2.73  2.30  3.49  2.79  2.36
 45   90     2.16  2.92  3.55  3.28  2.72  2.59  2.31  2.36  2.49  2.33  1.58  1.55     2.49  2.21  3.18  2.42  2.13
 60   10     1.69  2.55  3.55  4.35  4.80  4.86  4.21  3.93  3.50  2.64  1.53  1.27     3.24  1.84  4.24  4.33  2.56
 60   20     1.81  2.68  3.67  4.37  4.76  4.78  4.14  3.91  3.55  2.75  1.61  1.35     3.28  1.95  4.27  4.28  2.63
 60   30     1.90  2.79  3.74  4.35  4.64  4.62  4.02  3.83  3.54  2.80  1.66  1.41     3.27  2.03  4.25  4.16  2.67
 60   40     1.97  2.85  3.78  4.27  4.45  4.40  3.83  3.69  3.47  2.81  1.68  1.45     3.22  2.09  4.17  3.97  2.65
 60   50     2.01  2.88  3.77  4.14  4.21  4.13  3.60  3.50  3.34  2.76  1.67  1.47     3.13  2.12  4.04  3.74  2.59
 60   60     2.03  2.88  3.73  3.97  3.90  3.81  3.32  3.26  3.16  2.66  1.64  1.48     2.99  2.13  3.87  3.46  2.49
 60   70     2.01  2.83  3.64  3.75  3.56  3.45  3.01  2.98  2.94  2.52  1.58  1.46     2.81  2.10  3.65  3.15  2.35
 60   80     1.96  2.75  3.52  3.50  3.19  3.08  2.69  2.68  2.67  2.33  1.49  1.42     2.61  2.04  3.40  2.82  2.16
 60   90     1.89  2.65  3.37  3.23  2.79  2.69  2.36  2.36  2.39  2.11  1.37  1.36     2.38  1.96  3.13  2.47  1.95
 75   10     1.62  2.47  3.48  4.29  4.78  4.84  4.19  3.90  3.44  2.56  1.48  1.22     3.19  1.77  4.18  4.31  2.49
 75   20     1.67  2.53  3.53  4.27  4.71  4.74  4.11  3.85  3.44  2.60  1.51  1.26     3.19  1.82  4.17  4.23  2.52
 75   30     1.72  2.57  3.55  4.21  4.57  4.58  3.97  3.74  3.38  2.60  1.52  1.28     3.14  1.86  4.11  4.10  2.50
 75   40     1.75  2.59  3.54  4.11  4.38  4.36  3.78  3.59  3.29  2.56  1.51  1.30     3.06  1.88  4.01  3.91  2.45
 75   50     1.75  2.59  3.52  3.97  4.13  4.09  3.54  3.40  3.14  2.49  1.48  1.29     2.95  1.88  3.87  3.68  2.37
 75   60     1.75  2.57  3.46  3.79  3.85  3.79  3.28  3.16  2.96  2.38  1.42  1.28     2.81  1.87  3.70  3.41  2.25
 75   70     1.72  2.52  3.39  3.59  3.52  3.45  2.99  2.90  2.75  2.23  1.36  1.26     2.64  1.83  3.50  3.12  2.11
 75   80     1.68  2.45  3.27  3.36  3.17  3.09  2.68  2.61  2.50  2.06  1.27  1.22     2.45  1.78  3.27  2.79  1.95
 75   90     1.62  2.37  3.17  3.13  2.82  2.73  2.37  2.33  2.24  1.85  1.17  1.16     2.25  1.72  3.04  2.48  1.76
 90   10     1.55  2.38  3.40  4.23  4.74  4.82  4.17  3.86  3.37  2.48  1.42  1.17     3.13  1.70  4.13  4.29  2.42
 90   20     1.54  2.37  3.37  4.16  4.64  4.71  4.07  3.78  3.31  2.44  1.40  1.16     3.08  1.69  4.06  4.18  2.38
 90   30     1.53  2.35  3.34  4.04  4.48  4.52  3.92  3.64  3.21  2.38  1.37  1.15     2.99  1.68  3.95  4.03  2.32
 90   40     1.52  2.32  3.29  3.91  4.26  4.29  3.71  3.47  3.07  2.30  1.33  1.14     2.88  1.66  3.82  3.83  2.23
 90   50     1.50  2.29  3.23  3.75  4.01  4.02  3.47  3.27  2.91  2.19  1.28  1.12     2.75  1.64  3.67  3.59  2.13
 90   60     1.48  2.25  3.17  3.58  3.72  3.71  3.21  3.04  2.73  2.08  1.22  1.09     2.61  1.61  3.49  3.32  2.01
 90   70     1.46  2.21  3.10  3.38  3.42  3.39  2.92  2.78  2.51  1.93  1.15  1.07     2.44  1.58  3.30  3.03  1.86
 90   80     1.42  2.15  3.02  3.19  3.10  3.06  2.63  2.52  2.30  1.78  1.08  1.04     2.27  1.54  3.10  2.74  1.72
 90   90     1.38  2.10  2.93  2.97  2.75  2.71  2.33  2.24  2.05  1.61  0.99  1.00     2.09  1.49  2.88  2.43  1.55
105   10     1.47  2.29  3.32  4.17  4.71  4.80  4.16  3.83  3.30  2.39  1.36  1.12     3.08  1.63  4.07  4.26  2.35
105   20     1.40  2.20  3.21  4.03  4.57  4.66  4.03  3.70  3.17  2.28  1.29  1.07     2.97  1.56  3.94  4.13  2.25
105   30     1.34  2.12  3.11  3.87  4.37  4.45  3.85  3.53  3.02  2.15  1.22  1.02     2.84  1.50  3.78  3.94  2.13
105   40     1.30  2.05  3.01  3.69  4.12  4.19  3.63  3.33  2.84  2.02  1.16  0.99     2.69  1.45  3.61  3.72  2.01
105   50     1.27  2.00  2.94  3.50  3.85  3.90  3.38  3.11  2.65  1.90  1.09  0.96     2.55  1.41  3.43  3.46  1.88
105   60     1.24  1.96  2.87  3.32  3.56  3.59  3.11  2.87  2.46  1.77  1.03  0.93     2.39  1.38  3.25  3.19  1.75
105   70     1.23  1.92  2.80  3.14  3.25  3.27  2.82  2.63  2.27  1.64  0.96  0.91     2.24  1.35  3.06  2.91  1.62
105   80     1.21  1.89  2.75  2.95  2.95  2.96  2.54  2.37  2.05  1.50  0.91  0.89     2.08  1.33  2.88  2.62  1.48
105   90     1.19  1.86  2.68  2.79  2.64  2.63  2.27  2.13  1.86  1.36  0.84  0.86     1.93  1.30  2.70  2.34  1.35
120   10     1.40  2.21  3.24  4.11  4.68  4.78  4.14  3.79  3.24  2.31  1.31  1.07     3.02  1.56  4.01  4.24  2.29
120   20     1.27  2.04  3.06  3.91  4.49  4.62  3.99  3.63  3.04  2.12  1.19  0.98     2.86  1.43  3.82  4.08  2.12
120   30     1.17  1.90  2.89  3.69  4.24  4.37  3.78  3.42  2.82  1.93  1.09  0.91     2.68  1.33  3.61  3.86  1.95
120   40     1.11  1.80  2.74  3.45  3.95  4.08  3.53  3.18  2.60  1.76  1.00  0.86     2.50  1.26  3.38  3.59  1.79
120   50     1.08  1.73  2.63  3.23  3.65  3.76  3.25  2.93  2.39  1.61  0.93  0.83     2.34  1.21  3.17  3.31  1.64
120   60     1.06  1.69  2.55  3.04  3.34  3.43  2.97  2.68  2.19  1.47  0.88  0.81     2.17  1.19  2.98  3.03  1.51
120   70     1.05  1.67  2.51  2.86  3.03  3.11  2.69  2.44  1.99  1.36  0.82  0.80     2.03  1.18  2.80  2.75  1.39
120   80     1.05  1.67  2.48  2.71  2.74  2.79  2.42  2.20  1.81  1.24  0.77  0.79     1.89  1.17  2.64  2.47  1.27
120   90     1.05  1.66  2.46  2.56  2.46  2.50  2.15  1.97  1.64  1.14  0.72  0.78     1.76  1.16  2.49  2.21  1.17
135   10     1.34  2.14  3.17  4.06  4.65  4.77  4.12  3.76  3.18  2.24  1.26  1.03     2.98  1.50  3.96  4.22  2.23
135   20     1.16  1.90  2.91  3.81  4.43  4.58  3.96  3.56  2.92  1.97  1.10  0.90     2.77  1.32  3.72  4.03  2.00
135   30     1.03  1.70  2.67  3.51  4.13  4.30  3.72  3.31  2.64  1.72  0.97  0.81     2.54  1.18  3.44  3.78  1.77
135   40     0.96  1.57  2.48  3.22  3.78  3.96  3.43  3.02  2.36  1.50  0.87  0.77     2.33  1.10  3.16  3.47  1.58
135   50     0.94  1.50  2.35  2.96  3.41  3.59  3.12  2.73  2.11  1.34  0.81  0.75     2.13  1.06  2.91  3.15  1.42
135   60     0.94  1.48  2.27  2.74  3.07  3.23  2.81  2.47  1.90  1.22  0.77  0.75     1.97  1.06  2.70  2.84  1.30
135   70     0.95  1.49  2.25  2.58  2.77  2.90  2.53  2.23  1.73  1.13  0.73  0.74     1.83  1.06  2.53  2.55  1.19
135   80     0.97  1.50  2.24  2.44  2.49  2.60  2.27  2.01  1.58  1.03  0.69  0.74     1.71  1.07  2.39  2.29  1.10
135   90     0.98  1.52  2.25  2.33  2.24  2.32  2.02  1.81  1.43  0.96  0.66  0.74     1.61  1.08  2.27  2.05  1.01
150   10     1.30  2.08  3.11  4.02  4.63  4.76  4.11  3.74  3.13  2.18  1.23  1.00     2.94  1.46  3.92  4.20  2.18
150   20     1.06  1.78  2.80  3.72  4.38  4.55  3.93  3.51  2.82  1.85  1.03  0.84     2.69  1.23  3.63  4.00  1.90
150   30     0.91  1.53  2.49  3.37  4.05  4.26  3.68  3.23  2.48  1.53  0.86  0.74     2.43  1.06  3.30  3.72  1.62
150   40     0.88  1.38  2.23  3.01  3.64  3.89  3.37  2.89  2.13  1.28  0.78  0.73     2.18  1.00  2.96  3.38  1.40
150   50     0.89  1.34  2.08  2.68  3.19  3.45  3.00  2.54  1.85  1.12  0.75  0.73     1.97  0.98  2.65  3.00  1.24
150   60     0.91  1.35  2.03  2.44  2.79  3.01  2.65  2.25  1.64  1.03  0.72  0.73     1.79  1.00  2.42  2.63  1.13
150   70     0.93  1.38  2.03  2.30  2.47  2.65  2.34  2.01  1.49  0.96  0.69  0.73     1.67  1.01  2.27  2.34  1.05
150   80     0.95  1.41  2.06  2.20  2.22  2.36  2.10  1.81  1.37  0.90  0.66  0.73     1.56  1.03  2.16  2.09  0.98
150   90     0.97  1.45  2.10  2.13  2.00  2.11  1.88  1.65  1.25  0.84  0.63  0.73     1.48  1.05  2.08  1.88  0.91
165   10     1.27  2.05  3.08  4.00  4.61  4.75  4.10  3.72  3.11  2.14  1.20  0.98     2.92  1.43  3.90  4.19  2.15
165   20     0.99  1.70  2.72  3.67  4.36  4.54  3.92  3.48  2.76  1.76  0.97  0.79     2.64  1.16  3.58  3.98  1.83
165   30     0.86  1.39  2.36  3.29  4.01  4.25  3.66  3.17  2.37  1.38  0.79  0.73     2.36  0.99  3.22  3.69  1.51
165   40     0.87  1.25  2.02  2.87  3.59  3.87  3.34  2.82  1.95  1.08  0.77  0.73     2.10  0.95  2.83  3.34  1.27
165   50     0.89  1.28  1.86  2.44  3.10  3.42  2.97  2.41  1.60  0.98  0.75  0.73     1.87  0.97  2.46  2.94  1.11
165   60     0.91  1.32  1.86  2.16  2.57  2.93  2.56  2.03  1.42  0.94  0.72  0.73     1.68  0.98  2.20  2.50  1.02
165   70     0.93  1.36  1.90  2.06  2.19  2.44  2.18  1.80  1.31  0.89  0.69  0.73     1.54  1.00  2.05  2.14  0.96
165   80     0.95  1.40  1.96  2.01  1.97  2.16  1.95  1.64  1.22  0.84  0.66  0.73     1.46  1.02  1.98  1.92  0.91
165   90     0.97  1.44  2.02  1.97  1.79  1.94  1.76  1.51  1.14  0.79  0.63  0.73     1.39  1.05  1.93  1.74  0.85
180   10     1.25  2.04  3.06  3.99  4.61  4.75  4.10  3.71  3.10  2.13  1.19  0.97     2.91  1.42  3.89  4.19  2.14
180   20     0.97  1.67  2.69  3.66  4.35  4.54  3.92  3.46  2.74  1.73  0.95  0.78     2.62  1.14  3.57  3.97  1.81
180   30     0.86  1.33  2.30  3.27  4.00  4.24  3.66  3.15  2.34  1.31  0.78  0.73     2.33  0.97  3.19  3.68  1.48
180   40     0.87  1.25  1.90  2.84  3.57  3.86  3.34  2.79  1.89  1.01  0.77  0.73     2.07  0.95  2.77  3.33  1.22
180   50     0.89  1.28  1.76  2.38  3.08  3.42  2.96  2.38  1.42  0.97  0.75  0.73     1.84  0.97  2.41  2.92  1.05
180   60     0.91  1.32  1.81  2.00  2.55  2.92  2.55  1.94  1.30  0.93  0.72  0.73     1.64  0.98  2.12  2.47  0.98
180   70     0.93  1.36  1.87  1.94  2.07  2.38  2.12  1.70  1.23  0.89  0.69  0.73     1.49  1.00  1.96  2.07  0.94
180   80     0.95  1.40  1.93  1.92  1.87  2.08  1.89  1.56  1.16  0.84  0.66  0.73     1.42  1.02  1.91  1.84  0.89
180   90     0.97  1.44  2.00  1.92  1.72  1.88  1.71  1.44  1.09  0.79  0.63  0.73     1.36  1.05  1.88  1.68  0.84
             70.9  64.1  52.5  29.4  13.6   6.7   9.3  18.1  33.0  48.7  58.7  68.9     34.5  67.6  29.3  11.4  44.6
             2.75  3.61  4.31  4.61  4.85  4.89  4.24  4.02  3.83  3.37  2.17  1.96     3.72  2.77  4.49  4.37  3.09
             2.41  3.33  4.19  4.60  4.63  4.55  4.00  3.91  3.83  3.29  2.04  1.75     3.54  2.49  4.48  4.15  3.05
             1.14  1.08  1.03  1.00  1.05  1.07  1.06  1.03  1.00  1.02  1.06  1.12     1.06  1.12  1.03  1.05  1.03
             1.54  1.38  1.23  1.08  0.97  0.93  0.95  1.00  1.13  1.32  1.42  1.48     1.20  1.47  1.09  0.96  1.29
temperature  -6.9  -6.3  -2.2   4.5  10.4  14.5  18.2  19.6  15.1   8.6   1.8  -4.3      6.1  -5.8   4.2  17.4   8.5
diffusedrad  1.00  1.47  2.01  2.35  2.54  2.78  2.68  2.33  1.83  1.33  0.92  0.81     1.84  1.10  2.30  2.60  1.36
snow10cm     1.00  1.00  0.99  0.48  0.00  0.00  0.00  0.00  0.00  0.00  0.24  0.84     0.38  0.95  0.49  0.00  0.08
