2 15431   長沼            43  0.7  141 41.6   13
             1.70  2.62  3.67  4.28  4.87  4.99  4.44  4.10  3.57  2.59  1.58  1.33     3.31  1.88  4.27  4.51  2.58
             2.06  2.98  4.38  4.94  5.77  5.72  5.19  4.67  3.96  2.99  1.78  1.53     3.57  2.12  4.76  4.90  2.78
             1.38  2.23  3.11  3.73  4.27  4.23  3.68  3.08  2.82  2.32  1.27  1.11     3.17  1.65  3.91  4.13  2.15
  0   10     2.04  3.00  4.02  4.47  4.94  5.01  4.47  4.20  3.82  2.92  1.86  1.61     3.53  2.22  4.47  4.56  2.86
  0   20     2.36  3.36  4.31  4.58  4.92  4.94  4.42  4.24  3.98  3.19  2.10  1.87     3.69  2.53  4.61  4.53  3.09
  0   30     2.65  3.66  4.54  4.59  4.80  4.77  4.29  4.18  4.06  3.39  2.29  2.09     3.78  2.80  4.64  4.42  3.25
  0   40     2.88  3.89  4.68  4.51  4.59  4.51  4.08  4.04  4.05  3.52  2.44  2.26     3.79  3.01  4.59  4.21  3.33
  0   50     3.05  4.05  4.74  4.34  4.29  4.18  3.80  3.83  3.95  3.55  2.52  2.39     3.72  3.16  4.46  3.94  3.34
  0   60     3.16  4.13  4.71  4.08  3.91  3.77  3.46  3.54  3.76  3.50  2.55  2.46     3.59  3.25  4.24  3.59  3.27
  0   70     3.21  4.13  4.60  3.75  3.46  3.31  3.07  3.19  3.49  3.38  2.52  2.49     3.38  3.27  3.94  3.19  3.13
  0   80     3.18  4.05  4.41  3.34  2.95  2.81  2.63  2.78  3.15  3.17  2.43  2.45     3.11  3.23  3.57  2.74  2.92
  0   90     3.10  3.90  4.14  2.87  2.43  2.29  2.18  2.33  2.75  2.89  2.28  2.37     2.79  3.12  3.15  2.27  2.64
 15   10     2.03  2.99  4.01  4.46  4.94  5.01  4.47  4.20  3.81  2.91  1.84  1.60     3.52  2.21  4.47  4.56  2.85
 15   20     2.34  3.33  4.30  4.57  4.92  4.93  4.42  4.23  3.97  3.17  2.07  1.85     3.67  2.51  4.59  4.53  3.07
 15   30     2.60  3.62  4.51  4.59  4.80  4.77  4.29  4.18  4.05  3.37  2.26  2.06     3.76  2.76  4.63  4.41  3.22
 15   40     2.82  3.85  4.65  4.50  4.59  4.52  4.09  4.04  4.03  3.48  2.39  2.23     3.77  2.96  4.58  4.21  3.30
 15   50     2.98  4.00  4.70  4.33  4.29  4.19  3.81  3.82  3.93  3.51  2.47  2.35     3.70  3.11  4.44  3.94  3.30
 15   60     3.09  4.07  4.67  4.08  3.92  3.79  3.48  3.54  3.74  3.46  2.49  2.42     3.56  3.19  4.22  3.60  3.23
 15   70     3.13  4.07  4.56  3.75  3.49  3.34  3.08  3.19  3.48  3.32  2.45  2.44     3.36  3.21  3.93  3.20  3.08
 15   80     3.10  3.98  4.37  3.35  3.00  2.85  2.67  2.79  3.15  3.11  2.36  2.40     3.09  3.16  3.57  2.77  2.87
 15   90     3.01  3.83  4.11  2.89  2.48  2.34  2.22  2.37  2.75  2.83  2.21  2.31     2.78  3.05  3.16  2.31  2.60
 30   10     1.99  2.95  3.98  4.44  4.93  5.01  4.46  4.19  3.78  2.88  1.81  1.57     3.50  2.17  4.45  4.55  2.82
 30   20     2.26  3.26  4.23  4.53  4.91  4.93  4.41  4.21  3.92  3.11  2.01  1.79     3.63  2.44  4.55  4.52  3.01
 30   30     2.49  3.51  4.42  4.53  4.80  4.78  4.28  4.15  3.98  3.27  2.16  1.98     3.70  2.66  4.58  4.40  3.14
 30   40     2.68  3.70  4.54  4.45  4.59  4.53  4.09  4.02  3.96  3.36  2.27  2.12     3.69  2.83  4.53  4.21  3.20
 30   50     2.82  3.82  4.58  4.28  4.32  4.22  3.82  3.81  3.86  3.37  2.33  2.22     3.62  2.95  4.39  3.95  3.19
 30   60     2.90  3.87  4.54  4.03  3.96  3.84  3.50  3.54  3.67  3.31  2.33  2.27     3.48  3.02  4.17  3.63  3.10
 30   70     2.92  3.85  4.43  3.72  3.56  3.42  3.13  3.21  3.41  3.16  2.28  2.28     3.28  3.02  3.90  3.25  2.95
 30   80     2.89  3.77  4.25  3.34  3.10  2.96  2.74  2.84  3.10  2.95  2.18  2.24     3.03  2.96  3.56  2.84  2.74
 30   90     2.79  3.61  4.00  2.92  2.63  2.49  2.32  2.44  2.72  2.67  2.03  2.15     2.73  2.85  3.18  2.42  2.47
 45   10     1.93  2.89  3.92  4.40  4.92  5.00  4.45  4.17  3.74  2.82  1.76  1.53     3.46  2.12  4.41  4.54  2.77
 45   20     2.14  3.13  4.13  4.46  4.89  4.92  4.39  4.18  3.85  3.00  1.92  1.70     3.56  2.32  4.49  4.50  2.92
 45   30     2.33  3.33  4.28  4.45  4.77  4.76  4.26  4.11  3.88  3.13  2.03  1.84     3.60  2.50  4.50  4.38  3.02
 45   40     2.47  3.47  4.36  4.35  4.58  4.54  4.07  3.98  3.84  3.18  2.11  1.95     3.58  2.63  4.43  4.20  3.04
 45   50     2.57  3.56  4.39  4.18  4.32  4.24  3.82  3.78  3.73  3.16  2.13  2.02     3.49  2.72  4.29  3.95  3.00
 45   60     2.62  3.59  4.34  3.94  3.99  3.89  3.51  3.52  3.55  3.08  2.12  2.05     3.35  2.75  4.09  3.64  2.91
 45   70     2.62  3.55  4.23  3.64  3.61  3.50  3.17  3.21  3.29  2.93  2.05  2.04     3.15  2.74  3.83  3.29  2.76
 45   80     2.57  3.46  4.07  3.30  3.19  3.07  2.80  2.86  3.00  2.72  1.95  1.99     2.92  2.67  3.52  2.91  2.56
 45   90     2.48  3.32  3.84  2.92  2.77  2.65  2.42  2.50  2.65  2.46  1.80  1.90     2.64  2.56  3.18  2.52  2.30
 60   10     1.86  2.80  3.84  4.36  4.89  4.98  4.44  4.14  3.69  2.75  1.70  1.47     3.41  2.04  4.36  4.52  2.71
 60   20     2.00  2.97  3.99  4.37  4.85  4.90  4.37  4.12  3.75  2.87  1.80  1.59     3.46  2.19  4.40  4.46  2.81
 60   30     2.12  3.10  4.09  4.33  4.73  4.74  4.24  4.05  3.74  2.93  1.87  1.68     3.47  2.30  4.38  4.34  2.85
 60   40     2.21  3.19  4.14  4.21  4.53  4.52  4.04  3.90  3.68  2.95  1.91  1.75     3.42  2.38  4.29  4.15  2.85
 60   50     2.27  3.24  4.12  4.04  4.29  4.24  3.80  3.70  3.55  2.90  1.90  1.78     3.32  2.43  4.15  3.91  2.79
 60   60     2.30  3.25  4.08  3.81  3.98  3.91  3.51  3.46  3.37  2.80  1.86  1.79     3.17  2.44  3.96  3.63  2.67
 60   70     2.28  3.20  3.97  3.53  3.63  3.54  3.18  3.17  3.13  2.66  1.79  1.76     2.99  2.41  3.71  3.29  2.53
 60   80     2.23  3.12  3.83  3.21  3.25  3.16  2.84  2.85  2.85  2.46  1.68  1.70     2.77  2.35  3.43  2.95  2.33
 60   90     2.15  3.00  3.64  2.87  2.84  2.76  2.49  2.51  2.55  2.22  1.54  1.61     2.52  2.25  3.12  2.59  2.10
 75   10     1.77  2.70  3.76  4.30  4.86  4.97  4.42  4.11  3.62  2.67  1.63  1.40     3.35  1.96  4.30  4.50  2.64
 75   20     1.84  2.79  3.82  4.26  4.79  4.87  4.33  4.06  3.62  2.71  1.68  1.46     3.35  2.03  4.29  4.42  2.67
 75   30     1.90  2.84  3.86  4.17  4.66  4.70  4.19  3.95  3.57  2.72  1.69  1.50     3.31  2.08  4.23  4.28  2.66
 75   40     1.94  2.88  3.86  4.04  4.46  4.48  3.99  3.80  3.48  2.68  1.69  1.52     3.23  2.11  4.12  4.09  2.61
 75   50     1.95  2.88  3.83  3.85  4.20  4.20  3.74  3.60  3.33  2.61  1.66  1.52     3.12  2.12  3.96  3.85  2.53
 75   60     1.96  2.87  3.76  3.62  3.92  3.89  3.46  3.36  3.14  2.49  1.59  1.51     2.96  2.11  3.77  3.57  2.41
 75   70     1.93  2.83  3.67  3.37  3.59  3.54  3.16  3.09  2.92  2.34  1.51  1.48     2.79  2.08  3.54  3.26  2.26
 75   80     1.88  2.75  3.54  3.07  3.23  3.17  2.83  2.78  2.66  2.17  1.41  1.42     2.58  2.02  3.28  2.93  2.08
 75   90     1.82  2.66  3.40  2.77  2.87  2.81  2.50  2.48  2.39  1.95  1.29  1.34     2.36  1.94  3.01  2.60  1.88
 90   10     1.68  2.59  3.66  4.23  4.83  4.95  4.40  4.07  3.54  2.57  1.56  1.33     3.28  1.87  4.24  4.47  2.56
 90   20     1.67  2.58  3.63  4.14  4.72  4.83  4.29  3.98  3.48  2.53  1.54  1.32     3.23  1.86  4.17  4.37  2.52
 90   30     1.66  2.57  3.60  4.00  4.56  4.64  4.12  3.84  3.38  2.48  1.50  1.31     3.14  1.85  4.05  4.20  2.45
 90   40     1.66  2.54  3.55  3.83  4.34  4.40  3.91  3.67  3.24  2.40  1.46  1.29     3.02  1.83  3.91  3.99  2.36
 90   50     1.64  2.52  3.49  3.63  4.09  4.12  3.66  3.46  3.07  2.28  1.40  1.27     2.89  1.81  3.73  3.75  2.25
 90   60     1.63  2.48  3.42  3.40  3.79  3.81  3.38  3.21  2.88  2.17  1.33  1.24     2.73  1.78  3.53  3.47  2.13
 90   70     1.60  2.45  3.33  3.14  3.48  3.48  3.09  2.95  2.66  2.01  1.25  1.21     2.56  1.75  3.32  3.17  1.97
 90   80     1.56  2.39  3.23  2.88  3.15  3.14  2.79  2.68  2.44  1.86  1.16  1.16     2.37  1.70  3.09  2.87  1.82
 90   90     1.53  2.33  3.12  2.60  2.81  2.78  2.47  2.39  2.18  1.68  1.06  1.10     2.17  1.65  2.84  2.55  1.64
105   10     1.59  2.49  3.56  4.17  4.79  4.93  4.38  4.03  3.47  2.48  1.49  1.25     3.22  1.78  4.17  4.44  2.48
105   20     1.50  2.38  3.44  4.01  4.65  4.78  4.24  3.90  3.33  2.36  1.40  1.19     3.10  1.69  4.04  4.31  2.36
105   30     1.44  2.29  3.33  3.81  4.44  4.56  4.05  3.72  3.17  2.23  1.32  1.13     2.96  1.62  3.86  4.11  2.24
105   40     1.39  2.22  3.22  3.59  4.19  4.30  3.82  3.51  2.98  2.09  1.24  1.08     2.80  1.56  3.67  3.88  2.11
105   50     1.36  2.16  3.13  3.36  3.92  4.00  3.55  3.28  2.79  1.97  1.16  1.05     2.64  1.52  3.47  3.61  1.97
105   60     1.33  2.12  3.05  3.13  3.62  3.69  3.27  3.03  2.59  1.83  1.09  1.01     2.48  1.49  3.27  3.33  1.84
105   70     1.32  2.09  2.96  2.89  3.31  3.36  2.98  2.78  2.39  1.70  1.01  0.98     2.31  1.46  3.05  3.04  1.70
105   80     1.30  2.06  2.90  2.63  3.00  3.03  2.68  2.51  2.17  1.55  0.94  0.94     2.14  1.43  2.84  2.74  1.55
105   90     1.28  2.03  2.81  2.40  2.69  2.71  2.39  2.26  1.96  1.41  0.86  0.90     1.98  1.40  2.64  2.45  1.41
120   10     1.50  2.39  3.46  4.11  4.76  4.91  4.35  3.98  3.40  2.39  1.42  1.18     3.15  1.69  4.11  4.42  2.40
120   20     1.34  2.18  3.25  3.88  4.57  4.73  4.20  3.81  3.19  2.18  1.27  1.06     2.97  1.53  3.90  4.25  2.21
120   30     1.23  2.02  3.06  3.62  4.32  4.48  3.97  3.59  2.95  1.98  1.14  0.96     2.78  1.40  3.66  4.01  2.02
120   40     1.16  1.90  2.89  3.35  4.02  4.17  3.71  3.33  2.71  1.81  1.04  0.90     2.58  1.32  3.42  3.74  1.85
120   50     1.12  1.82  2.76  3.08  3.71  3.85  3.41  3.07  2.49  1.65  0.95  0.86     2.40  1.27  3.18  3.44  1.70
120   60     1.10  1.79  2.67  2.82  3.39  3.51  3.12  2.81  2.28  1.51  0.89  0.82     2.23  1.24  2.96  3.15  1.56
120   70     1.10  1.78  2.61  2.59  3.09  3.18  2.83  2.56  2.08  1.40  0.82  0.81     2.07  1.23  2.76  2.86  1.43
120   80     1.10  1.78  2.56  2.37  2.79  2.86  2.54  2.32  1.90  1.27  0.77  0.79     1.92  1.22  2.57  2.57  1.31
120   90     1.11  1.77  2.53  2.16  2.50  2.56  2.26  2.08  1.72  1.17  0.71  0.76     1.78  1.22  2.40  2.30  1.20
135   10     1.43  2.30  3.38  4.05  4.73  4.89  4.34  3.95  3.33  2.31  1.36  1.12     3.10  1.62  4.05  4.39  2.33
135   20     1.20  2.01  3.08  3.77  4.50  4.69  4.16  3.74  3.05  2.02  1.15  0.94     2.86  1.38  3.78  4.20  2.08
135   30     1.05  1.77  2.79  3.44  4.20  4.41  3.90  3.46  2.74  1.75  0.99  0.82     2.61  1.21  3.48  3.93  1.83
135   40     0.97  1.62  2.56  3.09  3.84  4.06  3.60  3.16  2.44  1.53  0.87  0.75     2.37  1.11  3.16  3.60  1.61
135   50     0.95  1.54  2.41  2.78  3.47  3.67  3.26  2.85  2.18  1.36  0.80  0.73     2.17  1.07  2.88  3.26  1.44
135   60     0.96  1.53  2.32  2.51  3.12  3.30  2.94  2.57  1.96  1.24  0.74  0.72     1.99  1.07  2.65  2.94  1.31
135   70     0.97  1.54  2.28  2.29  2.80  2.96  2.64  2.32  1.78  1.14  0.70  0.71     1.84  1.07  2.46  2.64  1.21
135   80     0.99  1.56  2.26  2.09  2.53  2.65  2.36  2.09  1.63  1.04  0.66  0.70     1.71  1.09  2.29  2.37  1.11
135   90     1.02  1.60  2.28  1.91  2.27  2.37  2.11  1.89  1.48  0.97  0.61  0.69     1.60  1.10  2.15  2.12  1.02
150   10     1.37  2.23  3.31  4.01  4.71  4.88  4.33  3.92  3.28  2.25  1.31  1.08     3.06  1.56  4.01  4.38  2.28
150   20     1.09  1.86  2.94  3.68  4.46  4.67  4.13  3.68  2.94  1.89  1.05  0.85     2.77  1.26  3.69  4.16  1.96
150   30     0.90  1.55  2.56  3.29  4.11  4.37  3.86  3.37  2.56  1.55  0.85  0.71     2.47  1.06  3.32  3.86  1.66
150   40     0.86  1.38  2.26  2.87  3.69  3.98  3.52  3.00  2.19  1.28  0.75  0.69     2.21  0.98  2.94  3.50  1.41
150   50     0.88  1.34  2.08  2.48  3.23  3.52  3.12  2.63  1.88  1.12  0.71  0.69     1.97  0.97  2.60  3.09  1.24
150   60     0.91  1.36  2.01  2.18  2.82  3.06  2.74  2.31  1.67  1.02  0.68  0.69     1.79  0.98  2.34  2.71  1.12
150   70     0.94  1.40  2.01  1.98  2.49  2.69  2.42  2.07  1.51  0.96  0.65  0.68     1.65  1.01  2.16  2.39  1.04
150   80     0.97  1.45  2.04  1.82  2.24  2.39  2.17  1.87  1.39  0.90  0.61  0.68     1.54  1.03  2.03  2.14  0.97
150   90     1.00  1.51  2.08  1.69  2.02  2.14  1.94  1.70  1.28  0.84  0.58  0.68     1.46  1.06  1.93  1.93  0.90
165   10     1.33  2.18  3.27  3.99  4.70  4.87  4.32  3.90  3.25  2.21  1.28  1.04     3.03  1.52  3.98  4.37  2.25
165   20     1.00  1.76  2.84  3.63  4.43  4.66  4.12  3.64  2.87  1.80  0.98  0.78     2.71  1.18  3.63  4.14  1.88
165   30     0.84  1.38  2.40  3.20  4.08  4.35  3.84  3.31  2.44  1.39  0.76  0.69     2.39  0.97  3.22  3.83  1.53
165   40     0.86  1.22  1.99  2.72  3.64  3.96  3.50  2.92  1.99  1.07  0.73  0.69     2.11  0.92  2.78  3.46  1.26
165   50     0.88  1.26  1.79  2.22  3.14  3.49  3.09  2.48  1.61  0.96  0.70  0.69     1.86  0.94  2.38  3.02  1.09
165   60     0.91  1.31  1.79  1.88  2.59  2.97  2.64  2.06  1.42  0.92  0.68  0.69     1.66  0.97  2.09  2.56  1.00
165   70     0.94  1.37  1.84  1.72  2.20  2.47  2.24  1.83  1.31  0.88  0.64  0.68     1.51  1.00  1.92  2.18  0.94
165   80     0.97  1.43  1.90  1.61  1.98  2.18  1.99  1.66  1.22  0.83  0.61  0.68     1.42  1.02  1.83  1.95  0.89
165   90     1.00  1.49  1.96  1.52  1.81  1.96  1.80  1.53  1.15  0.78  0.58  0.68     1.35  1.05  1.76  1.76  0.84
180   10     1.32  2.17  3.25  3.98  4.69  4.87  4.32  3.90  3.24  2.19  1.27  1.03     3.02  1.50  3.97  4.36  2.23
180   20     0.97  1.72  2.80  3.61  4.42  4.65  4.12  3.62  2.85  1.76  0.96  0.76     2.69  1.15  3.61  4.13  1.86
180   30     0.84  1.30  2.33  3.18  4.06  4.34  3.84  3.28  2.40  1.31  0.75  0.69     2.36  0.94  3.19  3.82  1.49
180   40     0.86  1.22  1.84  2.69  3.63  3.95  3.49  2.88  1.92  0.99  0.73  0.69     2.07  0.92  2.72  3.44  1.21
180   50     0.88  1.26  1.67  2.16  3.12  3.48  3.08  2.44  1.41  0.95  0.70  0.69     1.82  0.94  2.32  3.00  1.02
180   60     0.91  1.31  1.73  1.71  2.57  2.96  2.63  1.96  1.28  0.92  0.68  0.69     1.61  0.97  2.00  2.52  0.96
180   70     0.94  1.37  1.79  1.59  2.09  2.40  2.17  1.70  1.22  0.88  0.64  0.68     1.46  1.00  1.82  2.09  0.91
180   80     0.97  1.43  1.86  1.51  1.88  2.10  1.93  1.57  1.16  0.83  0.61  0.68     1.38  1.02  1.75  1.86  0.87
180   90     1.00  1.49  1.93  1.45  1.73  1.89  1.75  1.45  1.09  0.78  0.58  0.68     1.32  1.05  1.71  1.70  0.82
             71.8  65.2  52.0  26.4  13.7   6.6   9.4  18.6  33.8  49.4  59.7  68.9     36.3  68.4  29.2  11.6  46.0
             3.21  4.14  4.74  4.60  4.94  5.01  4.47  4.24  4.07  3.55  2.55  2.49     4.00  3.28  4.64  4.56  3.35
             2.80  3.81  4.63  4.55  4.68  4.62  4.17  4.10  4.07  3.48  2.39  2.20     3.79  2.94  4.62  4.30  3.31
             1.15  1.09  1.02  1.01  1.06  1.08  1.07  1.03  1.00  1.02  1.07  1.13     1.06  1.12  1.03  1.06  1.03
             1.65  1.45  1.26  1.06  0.96  0.93  0.94  1.00  1.14  1.34  1.51  1.65     1.24  1.59  1.10  0.96  1.33
temperature  -6.6  -5.8  -1.2   5.7  11.1  15.3  19.1  21.0  16.8  10.5   3.6  -3.1      7.2  -5.2   5.2  18.5  10.3
diffusedrad  1.01  1.47  1.97  2.21  2.54  2.77  2.69  2.32  1.83  1.33  0.92  0.81     1.82  1.10  2.24  2.59  1.36
snow10cm     0.99  1.00  0.88  0.12  0.00  0.00  0.00  0.00  0.00  0.00  0.08  0.60     0.31  0.86  0.33  0.00  0.03
