2 16281   真狩            42 46.5  140 52.8  440
             1.29  2.10  3.21  4.33  4.68  4.89  4.27  3.85  3.30  2.42  1.33  1.01     3.06  1.46  4.08  4.34  2.35
             1.56  2.57  3.95  4.87  5.46  5.72  5.56  4.49  3.88  2.78  1.55  1.15     3.20  1.68  4.52  4.92  2.63
             1.06  1.57  2.62  3.96  3.80  3.78  3.66  3.11  2.75  2.17  1.00  0.87     2.90  1.27  3.68  3.84  2.15
  0   10     1.43  2.30  3.46  4.52  4.75  4.90  4.29  3.94  3.51  2.70  1.48  1.11     3.20  1.62  4.24  4.38  2.56
  0   20     1.57  2.49  3.66  4.65  4.73  4.83  4.25  3.96  3.64  2.92  1.62  1.21     3.29  1.75  4.35  4.35  2.73
  0   30     1.68  2.64  3.81  4.69  4.62  4.67  4.12  3.90  3.70  3.08  1.73  1.29     3.33  1.87  4.37  4.23  2.84
  0   40     1.77  2.76  3.91  4.66  4.41  4.41  3.92  3.77  3.68  3.17  1.81  1.35     3.30  1.96  4.33  4.04  2.89
  0   50     1.84  2.83  3.95  4.55  4.12  4.09  3.66  3.57  3.58  3.19  1.85  1.39     3.22  2.02  4.21  3.77  2.87
  0   60     1.87  2.86  3.93  4.37  3.76  3.70  3.33  3.30  3.40  3.14  1.86  1.42     3.08  2.05  4.02  3.44  2.80
  0   70     1.88  2.84  3.84  4.12  3.33  3.24  2.96  2.98  3.15  3.01  1.82  1.41     2.88  2.04  3.76  3.06  2.66
  0   80     1.85  2.78  3.71  3.80  2.85  2.75  2.55  2.61  2.85  2.82  1.75  1.39     2.64  2.01  3.45  2.64  2.47
  0   90     1.80  2.67  3.51  3.44  2.36  2.25  2.12  2.20  2.48  2.57  1.65  1.35     2.37  1.94  3.10  2.19  2.24
 15   10     1.43  2.29  3.45  4.51  4.75  4.90  4.29  3.94  3.50  2.69  1.48  1.11     3.19  1.61  4.24  4.38  2.55
 15   20     1.56  2.47  3.65  4.63  4.72  4.83  4.24  3.96  3.63  2.90  1.61  1.20     3.28  1.74  4.34  4.34  2.71
 15   30     1.67  2.62  3.79  4.68  4.61  4.67  4.12  3.90  3.68  3.06  1.71  1.28     3.32  1.86  4.36  4.23  2.82
 15   40     1.75  2.73  3.88  4.65  4.41  4.42  3.92  3.77  3.66  3.14  1.79  1.34     3.29  1.94  4.31  4.04  2.86
 15   50     1.81  2.79  3.92  4.53  4.12  4.10  3.66  3.56  3.56  3.15  1.82  1.38     3.20  2.00  4.19  3.77  2.85
 15   60     1.85  2.82  3.89  4.36  3.77  3.71  3.34  3.30  3.38  3.09  1.83  1.40     3.06  2.02  4.01  3.45  2.77
 15   70     1.85  2.80  3.81  4.11  3.36  3.27  2.97  2.98  3.14  2.96  1.79  1.39     2.87  2.01  3.76  3.08  2.63
 15   80     1.82  2.73  3.67  3.81  2.89  2.80  2.58  2.62  2.84  2.77  1.72  1.37     2.63  1.98  3.46  2.66  2.44
 15   90     1.77  2.63  3.48  3.46  2.40  2.31  2.16  2.23  2.48  2.52  1.62  1.33     2.36  1.91  3.11  2.23  2.21
 30   10     1.41  2.27  3.42  4.49  4.74  4.90  4.29  3.93  3.48  2.66  1.46  1.10     3.18  1.59  4.22  4.37  2.53
 30   20     1.52  2.43  3.60  4.60  4.71  4.82  4.24  3.94  3.59  2.85  1.58  1.18     3.25  1.71  4.30  4.33  2.67
 30   30     1.62  2.56  3.73  4.63  4.61  4.67  4.11  3.88  3.63  2.97  1.67  1.25     3.27  1.81  4.32  4.22  2.75
 30   40     1.70  2.64  3.80  4.59  4.41  4.43  3.92  3.75  3.60  3.04  1.72  1.30     3.24  1.88  4.27  4.03  2.79
 30   50     1.75  2.69  3.82  4.48  4.14  4.13  3.67  3.55  3.49  3.03  1.75  1.33     3.15  1.92  4.15  3.78  2.76
 30   60     1.77  2.71  3.78  4.30  3.80  3.76  3.36  3.29  3.31  2.96  1.74  1.34     3.01  1.94  3.96  3.47  2.67
 30   70     1.76  2.68  3.70  4.08  3.42  3.35  3.01  2.99  3.07  2.83  1.70  1.33     2.83  1.93  3.73  3.12  2.53
 30   80     1.74  2.61  3.56  3.79  2.98  2.90  2.64  2.65  2.78  2.63  1.62  1.31     2.60  1.88  3.44  2.73  2.35
 30   90     1.68  2.50  3.38  3.48  2.53  2.44  2.25  2.28  2.44  2.38  1.52  1.26     2.35  1.81  3.13  2.32  2.11
 45   10     1.38  2.23  3.38  4.46  4.73  4.89  4.28  3.91  3.44  2.61  1.43  1.08     3.15  1.57  4.19  4.36  2.49
 45   20     1.48  2.36  3.52  4.53  4.69  4.82  4.22  3.91  3.52  2.76  1.52  1.15     3.21  1.66  4.25  4.31  2.60
 45   30     1.55  2.45  3.62  4.54  4.58  4.66  4.09  3.84  3.54  2.85  1.59  1.20     3.21  1.73  4.25  4.20  2.66
 45   40     1.60  2.52  3.66  4.49  4.40  4.44  3.91  3.70  3.49  2.88  1.62  1.23     3.16  1.78  4.18  4.01  2.66
 45   50     1.64  2.55  3.67  4.38  4.14  4.15  3.66  3.51  3.37  2.85  1.63  1.25     3.07  1.81  4.06  3.77  2.62
 45   60     1.64  2.54  3.62  4.22  3.83  3.80  3.37  3.26  3.20  2.77  1.61  1.25     2.93  1.81  3.89  3.48  2.52
 45   70     1.63  2.50  3.54  4.00  3.46  3.42  3.04  2.98  2.96  2.63  1.55  1.24     2.75  1.79  3.67  3.15  2.38
 45   80     1.60  2.43  3.41  3.75  3.06  3.00  2.69  2.65  2.69  2.43  1.48  1.20     2.53  1.74  3.41  2.78  2.20
 45   90     1.54  2.33  3.25  3.46  2.65  2.59  2.33  2.32  2.38  2.20  1.37  1.16     2.30  1.68  3.12  2.41  1.98
 60   10     1.35  2.19  3.33  4.41  4.70  4.88  4.26  3.88  3.40  2.55  1.39  1.06     3.12  1.53  4.15  4.34  2.44
 60   20     1.41  2.27  3.42  4.44  4.66  4.79  4.19  3.86  3.44  2.64  1.45  1.10     3.14  1.59  4.17  4.28  2.51
 60   30     1.46  2.33  3.47  4.43  4.54  4.64  4.06  3.77  3.42  2.68  1.49  1.13     3.12  1.64  4.15  4.16  2.53
 60   40     1.48  2.35  3.49  4.36  4.34  4.42  3.87  3.63  3.35  2.68  1.50  1.14     3.05  1.66  4.07  3.97  2.51
 60   50     1.50  2.36  3.47  4.24  4.11  4.15  3.64  3.44  3.22  2.63  1.48  1.15     2.95  1.67  3.94  3.74  2.44
 60   60     1.49  2.34  3.43  4.09  3.81  3.82  3.36  3.21  3.04  2.53  1.44  1.14     2.81  1.66  3.77  3.46  2.34
 60   70     1.47  2.29  3.34  3.88  3.47  3.46  3.05  2.93  2.82  2.39  1.39  1.12     2.63  1.63  3.56  3.14  2.20
 60   80     1.43  2.23  3.23  3.66  3.11  3.08  2.72  2.64  2.56  2.20  1.31  1.08     2.44  1.58  3.33  2.81  2.02
 60   90     1.38  2.14  3.09  3.41  2.72  2.69  2.39  2.32  2.28  1.99  1.21  1.03     2.22  1.52  3.07  2.47  1.83
 75   10     1.31  2.13  3.27  4.36  4.68  4.86  4.24  3.85  3.34  2.48  1.35  1.03     3.08  1.49  4.10  4.32  2.39
 75   20     1.34  2.17  3.30  4.34  4.60  4.76  4.16  3.80  3.33  2.50  1.37  1.04     3.06  1.52  4.08  4.24  2.40
 75   30     1.35  2.18  3.31  4.28  4.47  4.60  4.02  3.69  3.27  2.50  1.37  1.05     3.01  1.53  4.02  4.10  2.38
 75   40     1.36  2.18  3.29  4.19  4.28  4.38  3.83  3.54  3.17  2.45  1.36  1.05     2.92  1.53  3.92  3.92  2.33
 75   50     1.35  2.15  3.25  4.07  4.03  4.10  3.59  3.35  3.03  2.38  1.33  1.04     2.81  1.51  3.78  3.68  2.25
 75   60     1.33  2.13  3.19  3.90  3.75  3.80  3.32  3.11  2.85  2.26  1.27  1.02     2.66  1.49  3.62  3.41  2.13
 75   70     1.31  2.08  3.12  3.73  3.43  3.46  3.03  2.86  2.64  2.12  1.21  0.99     2.50  1.46  3.43  3.12  1.99
 75   80     1.26  2.01  3.01  3.51  3.08  3.10  2.71  2.57  2.40  1.95  1.14  0.96     2.31  1.41  3.20  2.79  1.83
 75   90     1.23  1.95  2.91  3.31  2.74  2.74  2.40  2.29  2.15  1.76  1.05  0.92     2.12  1.36  2.99  2.47  1.65
 90   10     1.27  2.08  3.20  4.30  4.65  4.84  4.22  3.82  3.28  2.40  1.31  1.00     3.03  1.45  4.05  4.29  2.33
 90   20     1.26  2.05  3.17  4.23  4.54  4.72  4.12  3.73  3.21  2.36  1.28  0.99     2.97  1.43  3.98  4.19  2.28
 90   30     1.24  2.03  3.12  4.12  4.38  4.54  3.96  3.60  3.11  2.29  1.25  0.97     2.88  1.41  3.87  4.03  2.22
 90   40     1.23  1.99  3.07  3.99  4.17  4.31  3.76  3.42  2.97  2.21  1.21  0.95     2.77  1.39  3.74  3.83  2.13
 90   50     1.20  1.96  3.01  3.85  3.92  4.03  3.52  3.22  2.81  2.10  1.17  0.93     2.64  1.36  3.59  3.59  2.03
 90   60     1.18  1.91  2.94  3.69  3.63  3.72  3.25  2.99  2.63  1.99  1.11  0.91     2.50  1.33  3.42  3.32  1.91
 90   70     1.16  1.87  2.87  3.51  3.33  3.40  2.96  2.73  2.42  1.84  1.05  0.88     2.34  1.30  3.24  3.03  1.77
 90   80     1.12  1.81  2.79  3.34  3.02  3.06  2.67  2.48  2.21  1.69  0.98  0.85     2.17  1.26  3.05  2.73  1.63
 90   90     1.09  1.77  2.71  3.15  2.68  2.71  2.36  2.20  1.97  1.52  0.91  0.82     1.99  1.23  2.85  2.43  1.47
105   10     1.23  2.02  3.13  4.24  4.61  4.82  4.21  3.78  3.21  2.32  1.26  0.97     2.98  1.41  3.99  4.27  2.27
105   20     1.18  1.94  3.03  4.10  4.47  4.68  4.08  3.66  3.09  2.21  1.20  0.93     2.88  1.35  3.87  4.14  2.16
105   30     1.14  1.87  2.93  3.94  4.27  4.47  3.90  3.49  2.93  2.08  1.14  0.90     2.75  1.30  3.72  3.95  2.05
105   40     1.10  1.81  2.84  3.77  4.03  4.21  3.67  3.29  2.76  1.96  1.08  0.86     2.62  1.26  3.55  3.72  1.93
105   50     1.08  1.76  2.76  3.60  3.76  3.92  3.41  3.06  2.57  1.84  1.02  0.84     2.47  1.23  3.37  3.47  1.81
105   60     1.05  1.71  2.69  3.44  3.47  3.61  3.14  2.83  2.38  1.71  0.96  0.81     2.32  1.19  3.20  3.19  1.68
105   70     1.03  1.68  2.61  3.28  3.17  3.28  2.86  2.59  2.19  1.57  0.90  0.79     2.16  1.17  3.02  2.91  1.55
105   80     1.01  1.64  2.56  3.11  2.87  2.96  2.57  2.33  1.98  1.44  0.85  0.77     2.01  1.14  2.85  2.62  1.42
105   90     0.99  1.61  2.50  2.96  2.57  2.64  2.29  2.09  1.79  1.30  0.79  0.75     1.86  1.11  2.68  2.34  1.29
120   10     1.19  1.96  3.06  4.18  4.58  4.80  4.19  3.75  3.15  2.25  1.22  0.94     2.94  1.37  3.94  4.25  2.21
120   20     1.11  1.84  2.90  3.98  4.40  4.63  4.04  3.59  2.96  2.06  1.12  0.88     2.79  1.28  3.76  4.09  2.05
120   30     1.04  1.73  2.75  3.76  4.16  4.39  3.83  3.38  2.75  1.88  1.03  0.83     2.63  1.20  3.56  3.87  1.89
120   40     1.00  1.64  2.61  3.54  3.87  4.09  3.57  3.14  2.53  1.72  0.96  0.80     2.46  1.15  3.34  3.60  1.74
120   50     0.97  1.58  2.51  3.34  3.57  3.77  3.29  2.89  2.32  1.57  0.89  0.77     2.29  1.11  3.14  3.32  1.60
120   60     0.95  1.54  2.42  3.15  3.27  3.44  3.00  2.64  2.13  1.44  0.84  0.75     2.13  1.08  2.95  3.03  1.47
120   70     0.94  1.51  2.38  2.99  2.97  3.12  2.72  2.40  1.94  1.32  0.79  0.74     1.99  1.06  2.78  2.75  1.35
120   80     0.93  1.50  2.34  2.86  2.68  2.80  2.44  2.17  1.76  1.20  0.75  0.72     1.85  1.05  2.63  2.47  1.24
120   90     0.92  1.48  2.31  2.74  2.39  2.50  2.17  1.94  1.59  1.10  0.70  0.71     1.71  1.04  2.48  2.21  1.13
135   10     1.16  1.92  3.00  4.13  4.55  4.79  4.17  3.72  3.10  2.18  1.18  0.92     2.90  1.33  3.90  4.23  2.15
135   20     1.05  1.74  2.78  3.88  4.34  4.60  4.00  3.53  2.85  1.93  1.05  0.84     2.72  1.21  3.67  4.04  1.94
135   30     0.97  1.60  2.57  3.59  4.05  4.32  3.77  3.28  2.58  1.69  0.94  0.78     2.51  1.11  3.40  3.79  1.74
135   40     0.92  1.49  2.39  3.31  3.71  3.98  3.47  3.00  2.31  1.48  0.85  0.75     2.31  1.05  3.13  3.48  1.55
135   50     0.90  1.43  2.27  3.06  3.35  3.61  3.15  2.71  2.06  1.33  0.80  0.73     2.12  1.02  2.89  3.15  1.40
135   60     0.90  1.41  2.19  2.86  3.02  3.24  2.84  2.44  1.86  1.21  0.76  0.72     1.95  1.01  2.69  2.84  1.28
135   70     0.89  1.40  2.16  2.71  2.71  2.90  2.55  2.21  1.69  1.11  0.72  0.71     1.81  1.00  2.53  2.55  1.18
135   80     0.89  1.40  2.15  2.60  2.44  2.60  2.29  1.99  1.54  1.02  0.69  0.70     1.69  1.00  2.40  2.29  1.08
135   90     0.89  1.40  2.15  2.51  2.19  2.32  2.04  1.78  1.39  0.94  0.65  0.70     1.58  1.00  2.29  2.05  1.00
150   10     1.14  1.88  2.96  4.09  4.54  4.78  4.16  3.70  3.06  2.13  1.15  0.90     2.87  1.31  3.86  4.21  2.11
150   20     1.00  1.67  2.69  3.79  4.30  4.58  3.98  3.48  2.76  1.82  0.99  0.80     2.65  1.16  3.59  4.01  1.86
150   30     0.91  1.48  2.41  3.45  3.97  4.28  3.72  3.20  2.43  1.52  0.86  0.74     2.42  1.04  3.28  3.73  1.60
150   40     0.88  1.37  2.19  3.10  3.58  3.91  3.40  2.87  2.10  1.28  0.79  0.73     2.18  0.99  2.96  3.40  1.39
150   50     0.88  1.33  2.05  2.78  3.14  3.47  3.03  2.53  1.82  1.13  0.76  0.72     1.97  0.98  2.66  3.01  1.24
150   60     0.88  1.33  1.99  2.56  2.75  3.02  2.67  2.23  1.62  1.04  0.73  0.72     1.79  0.98  2.43  2.64  1.13
150   70     0.88  1.34  1.99  2.44  2.43  2.65  2.36  2.00  1.47  0.96  0.70  0.71     1.66  0.98  2.29  2.34  1.04
150   80     0.89  1.36  2.01  2.36  2.18  2.36  2.11  1.80  1.35  0.90  0.67  0.70     1.56  0.98  2.18  2.09  0.97
150   90     0.89  1.37  2.04  2.31  1.97  2.11  1.89  1.63  1.24  0.84  0.64  0.70     1.47  0.99  2.11  1.88  0.91
165   10     1.12  1.86  2.93  4.07  4.53  4.77  4.16  3.68  3.03  2.09  1.14  0.89     2.86  1.29  3.84  4.20  2.09
165   20     0.96  1.62  2.63  3.75  4.28  4.57  3.97  3.45  2.71  1.74  0.95  0.78     2.62  1.12  3.55  3.99  1.80
165   30     0.88  1.40  2.31  3.38  3.94  4.27  3.71  3.15  2.33  1.39  0.80  0.73     2.36  1.00  3.21  3.71  1.51
165   40     0.88  1.29  2.02  2.96  3.53  3.89  3.38  2.80  1.94  1.10  0.77  0.73     2.11  0.96  2.84  3.36  1.27
165   50     0.88  1.30  1.87  2.54  3.06  3.44  3.00  2.41  1.60  1.00  0.75  0.72     1.88  0.97  2.49  2.95  1.12
165   60     0.88  1.32  1.86  2.28  2.55  2.94  2.58  2.02  1.41  0.95  0.73  0.72     1.69  0.97  2.23  2.52  1.03
165   70     0.88  1.33  1.89  2.20  2.17  2.44  2.19  1.80  1.31  0.91  0.70  0.71     1.54  0.98  2.09  2.15  0.97
165   80     0.89  1.35  1.93  2.17  1.95  2.16  1.96  1.64  1.22  0.85  0.67  0.70     1.46  0.98  2.02  1.92  0.91
165   90     0.89  1.37  1.98  2.16  1.77  1.94  1.76  1.50  1.13  0.80  0.64  0.70     1.39  0.98  1.97  1.73  0.86
180   10     1.11  1.85  2.92  4.06  4.52  4.77  4.15  3.67  3.02  2.08  1.13  0.89     2.85  1.28  3.83  4.20  2.08
180   20     0.95  1.60  2.60  3.73  4.27  4.56  3.96  3.43  2.69  1.71  0.94  0.77     2.60  1.11  3.54  3.99  1.78
180   30     0.88  1.36  2.27  3.36  3.93  4.26  3.70  3.13  2.31  1.33  0.79  0.73     2.34  0.99  3.19  3.70  1.47
180   40     0.88  1.29  1.92  2.94  3.52  3.88  3.38  2.78  1.88  1.03  0.77  0.73     2.08  0.96  2.79  3.35  1.23
180   50     0.88  1.30  1.79  2.50  3.05  3.44  3.00  2.38  1.44  1.00  0.75  0.72     1.85  0.97  2.44  2.94  1.06
180   60     0.88  1.32  1.83  2.12  2.53  2.93  2.57  1.95  1.31  0.95  0.73  0.72     1.65  0.97  2.16  2.48  1.00
180   70     0.88  1.33  1.87  2.08  2.06  2.39  2.13  1.70  1.24  0.90  0.70  0.71     1.50  0.98  2.00  2.08  0.95
180   80     0.89  1.35  1.92  2.08  1.86  2.08  1.90  1.56  1.17  0.85  0.67  0.70     1.42  0.98  1.95  1.85  0.90
180   90     0.89  1.37  1.97  2.10  1.71  1.88  1.72  1.44  1.09  0.80  0.64  0.70     1.36  0.98  1.93  1.68  0.84
             66.9  61.2  51.3  30.6  13.3   6.5   9.1  17.7  32.2  47.6  56.3  64.7     30.6  63.7  28.6  11.1  42.9
             1.88  2.86  3.95  4.69  4.75  4.91  4.29  3.96  3.70  3.19  1.86  1.42     3.46  2.05  4.37  4.38  2.89
             1.69  2.65  3.82  4.69  4.61  4.66  4.11  3.90  3.70  3.09  1.74  1.29     3.33  1.88  4.37  4.22  2.84
             1.11  1.08  1.03  1.00  1.03  1.05  1.04  1.02  1.00  1.03  1.07  1.10     1.05  1.10  1.02  1.04  1.03
             1.31  1.26  1.19  1.08  0.99  0.95  0.96  1.01  1.12  1.28  1.31  1.28     1.15  1.28  1.09  0.98  1.24
temperature  -6.8  -6.4  -2.9   3.3   9.2  13.6  17.3  18.9  14.5   8.2   1.3  -4.5      5.5  -5.9   3.2  16.6   8.0
diffusedrad  0.97  1.45  2.01  2.41  2.54  2.77  2.68  2.34  1.83  1.34  0.92  0.79     1.84  1.07  2.32  2.60  1.36
snow10cm     1.00  1.00  1.00  0.62  0.00  0.00  0.00  0.00  0.00  0.01  0.30  0.91     0.40  0.97  0.54  0.00  0.10
