2 16206   蘭越            42 48.6  140 32.5   39
             1.16  1.94  3.16  4.34  4.91  5.03  4.41  3.99  3.27  2.30  1.26  0.92     3.06  1.34  4.13  4.47  2.28
             1.40  2.32  3.80  4.77  5.79  6.02  5.34  4.63  4.02  2.75  1.45  1.04     3.19  1.52  4.46  5.12  2.67
             0.99  1.50  2.58  3.64  4.24  4.05  3.62  3.23  2.03  1.56  0.96  0.78     2.75  1.15  3.58  3.92  1.53
  0   10     1.25  2.10  3.39  4.53  4.98  5.04  4.43  4.09  3.48  2.55  1.39  1.00     3.19  1.45  4.30  4.52  2.47
  0   20     1.34  2.24  3.59  4.65  4.96  4.97  4.38  4.11  3.61  2.75  1.51  1.07     3.27  1.55  4.40  4.49  2.62
  0   30     1.42  2.36  3.73  4.67  4.84  4.80  4.25  4.05  3.67  2.89  1.60  1.13     3.29  1.64  4.42  4.37  2.72
  0   40     1.48  2.44  3.83  4.62  4.62  4.54  4.05  3.92  3.65  2.96  1.66  1.17     3.24  1.70  4.35  4.17  2.76
  0   50     1.51  2.49  3.86  4.47  4.32  4.20  3.77  3.71  3.55  2.97  1.68  1.19     3.14  1.73  4.21  3.89  2.73
  0   60     1.53  2.51  3.83  4.24  3.93  3.79  3.43  3.43  3.37  2.92  1.68  1.20     2.99  1.75  4.00  3.55  2.66
  0   70     1.53  2.49  3.75  3.94  3.48  3.31  3.04  3.09  3.13  2.79  1.64  1.19     2.78  1.73  3.72  3.15  2.52
  0   80     1.50  2.43  3.61  3.56  2.96  2.81  2.61  2.70  2.82  2.61  1.56  1.16     2.53  1.70  3.38  2.71  2.33
  0   90     1.46  2.34  3.42  3.13  2.43  2.28  2.16  2.27  2.47  2.38  1.46  1.12     2.24  1.64  3.00  2.24  2.10
 15   10     1.25  2.09  3.39  4.52  4.98  5.04  4.43  4.08  3.47  2.54  1.38  1.00     3.18  1.45  4.29  4.52  2.46
 15   20     1.34  2.23  3.57  4.63  4.96  4.97  4.38  4.11  3.60  2.73  1.50  1.07     3.26  1.54  4.39  4.49  2.61
 15   30     1.41  2.34  3.71  4.66  4.84  4.80  4.25  4.05  3.65  2.86  1.58  1.12     3.27  1.62  4.41  4.37  2.70
 15   40     1.47  2.42  3.80  4.60  4.63  4.55  4.05  3.91  3.63  2.93  1.64  1.16     3.23  1.68  4.34  4.17  2.73
 15   50     1.50  2.47  3.83  4.45  4.32  4.21  3.77  3.70  3.53  2.94  1.66  1.18     3.13  1.72  4.20  3.90  2.71
 15   60     1.52  2.48  3.80  4.23  3.95  3.81  3.44  3.43  3.35  2.87  1.65  1.18     2.98  1.73  3.99  3.56  2.63
 15   70     1.51  2.45  3.71  3.93  3.50  3.35  3.05  3.09  3.12  2.75  1.61  1.17     2.77  1.71  3.72  3.17  2.49
 15   80     1.49  2.40  3.57  3.57  3.01  2.86  2.64  2.71  2.81  2.56  1.53  1.14     2.52  1.68  3.38  2.74  2.30
 15   90     1.44  2.31  3.38  3.16  2.49  2.35  2.21  2.30  2.46  2.33  1.43  1.10     2.25  1.62  3.01  2.28  2.07
 30   10     1.24  2.07  3.36  4.50  4.97  5.04  4.42  4.07  3.45  2.51  1.37  0.99     3.17  1.44  4.28  4.51  2.44
 30   20     1.32  2.19  3.53  4.60  4.95  4.96  4.37  4.09  3.56  2.68  1.47  1.05     3.23  1.52  4.36  4.47  2.57
 30   30     1.38  2.29  3.65  4.61  4.84  4.80  4.25  4.03  3.60  2.79  1.54  1.09     3.24  1.59  4.36  4.36  2.64
 30   40     1.43  2.35  3.72  4.55  4.63  4.56  4.05  3.90  3.57  2.84  1.58  1.13     3.19  1.64  4.30  4.17  2.66
 30   50     1.46  2.39  3.73  4.40  4.35  4.24  3.78  3.69  3.46  2.83  1.59  1.14     3.09  1.66  4.16  3.91  2.63
 30   60     1.47  2.39  3.69  4.18  3.99  3.86  3.47  3.43  3.29  2.75  1.58  1.14     2.94  1.67  3.95  3.58  2.54
 30   70     1.46  2.36  3.61  3.90  3.58  3.43  3.10  3.11  3.05  2.62  1.53  1.13     2.74  1.65  3.69  3.21  2.40
 30   80     1.43  2.29  3.47  3.56  3.11  2.97  2.71  2.75  2.76  2.43  1.45  1.09     2.50  1.61  3.38  2.81  2.21
 30   90     1.38  2.20  3.29  3.18  2.63  2.50  2.30  2.37  2.42  2.20  1.34  1.05     2.24  1.55  3.04  2.39  1.99
 45   10     1.22  2.05  3.32  4.46  4.96  5.03  4.41  4.05  3.42  2.47  1.34  0.98     3.14  1.42  4.25  4.50  2.41
 45   20     1.28  2.14  3.45  4.53  4.93  4.95  4.36  4.05  3.49  2.60  1.42  1.02     3.19  1.48  4.30  4.46  2.50
 45   30     1.33  2.21  3.54  4.53  4.81  4.79  4.23  3.99  3.51  2.68  1.47  1.05     3.18  1.53  4.29  4.34  2.55
 45   40     1.37  2.25  3.58  4.44  4.62  4.57  4.03  3.85  3.46  2.69  1.49  1.08     3.12  1.56  4.21  4.15  2.55
 45   50     1.38  2.27  3.59  4.30  4.35  4.27  3.78  3.65  3.35  2.66  1.49  1.08     3.01  1.58  4.08  3.90  2.50
 45   60     1.38  2.25  3.54  4.09  4.02  3.91  3.48  3.40  3.17  2.58  1.46  1.07     2.86  1.57  3.88  3.60  2.40
 45   70     1.37  2.21  3.45  3.83  3.64  3.52  3.14  3.10  2.94  2.44  1.40  1.05     2.67  1.54  3.64  3.25  2.26
 45   80     1.33  2.15  3.32  3.52  3.21  3.09  2.77  2.76  2.67  2.25  1.32  1.02     2.45  1.50  3.35  2.87  2.08
 45   90     1.29  2.06  3.16  3.18  2.78  2.65  2.40  2.41  2.36  2.03  1.21  0.97     2.21  1.44  3.04  2.49  1.87
 60   10     1.20  2.01  3.27  4.41  4.93  5.02  4.40  4.03  3.37  2.42  1.31  0.96     3.11  1.39  4.21  4.48  2.36
 60   20     1.24  2.07  3.35  4.44  4.88  4.93  4.33  4.00  3.41  2.50  1.36  0.99     3.12  1.43  4.22  4.42  2.42
 60   30     1.27  2.11  3.40  4.40  4.76  4.77  4.20  3.92  3.39  2.53  1.38  1.00     3.09  1.46  4.19  4.30  2.43
 60   40     1.28  2.12  3.42  4.31  4.57  4.54  4.00  3.78  3.32  2.52  1.38  1.01     3.02  1.47  4.10  4.11  2.41
 60   50     1.28  2.12  3.40  4.16  4.32  4.27  3.76  3.58  3.19  2.46  1.36  1.00     2.91  1.47  3.96  3.87  2.34
 60   60     1.27  2.09  3.34  3.96  4.01  3.94  3.47  3.34  3.02  2.36  1.31  0.98     2.76  1.45  3.77  3.58  2.23
 60   70     1.25  2.04  3.25  3.71  3.65  3.56  3.15  3.05  2.80  2.22  1.25  0.96     2.57  1.42  3.54  3.25  2.09
 60   80     1.21  1.98  3.14  3.43  3.27  3.17  2.81  2.75  2.54  2.04  1.17  0.92     2.37  1.37  3.28  2.91  1.92
 60   90     1.17  1.91  3.00  3.12  2.86  2.77  2.46  2.42  2.26  1.84  1.06  0.87     2.15  1.32  2.99  2.55  1.72
 75   10     1.18  1.97  3.21  4.36  4.90  5.00  4.38  3.99  3.31  2.35  1.27  0.94     3.07  1.36  4.16  4.46  2.31
 75   20     1.19  1.99  3.24  4.33  4.83  4.90  4.29  3.94  3.30  2.37  1.28  0.94     3.05  1.37  4.13  4.38  2.32
 75   30     1.19  1.99  3.24  4.25  4.69  4.73  4.15  3.83  3.25  2.36  1.28  0.94     2.99  1.38  4.06  4.24  2.29
 75   40     1.19  1.98  3.22  4.14  4.49  4.50  3.95  3.68  3.15  2.31  1.26  0.93     2.90  1.37  3.95  4.05  2.24
 75   50     1.18  1.95  3.18  3.98  4.23  4.22  3.71  3.48  3.01  2.23  1.22  0.91     2.77  1.35  3.80  3.80  2.15
 75   60     1.16  1.92  3.12  3.77  3.94  3.91  3.43  3.24  2.82  2.12  1.16  0.89     2.62  1.32  3.61  3.53  2.03
 75   70     1.13  1.87  3.04  3.55  3.61  3.56  3.13  2.98  2.62  1.98  1.10  0.86     2.45  1.29  3.40  3.22  1.90
 75   80     1.10  1.81  2.94  3.28  3.25  3.19  2.80  2.68  2.38  1.82  1.01  0.82     2.26  1.24  3.15  2.89  1.74
 75   90     1.06  1.75  2.83  3.02  2.89  2.82  2.48  2.38  2.13  1.63  0.92  0.78     2.06  1.20  2.91  2.56  1.56
 90   10     1.15  1.92  3.14  4.29  4.87  4.98  4.36  3.96  3.25  2.28  1.23  0.92     3.03  1.33  4.10  4.43  2.25
 90   20     1.13  1.90  3.11  4.21  4.76  4.86  4.25  3.87  3.19  2.24  1.21  0.90     2.97  1.31  4.03  4.33  2.21
 90   30     1.12  1.87  3.06  4.08  4.59  4.67  4.09  3.73  3.08  2.17  1.18  0.88     2.88  1.29  3.91  4.16  2.15
 90   40     1.10  1.83  3.01  3.92  4.38  4.43  3.88  3.55  2.95  2.09  1.13  0.86     2.76  1.26  3.77  3.95  2.06
 90   50     1.07  1.79  2.95  3.75  4.12  4.15  3.63  3.35  2.79  1.99  1.08  0.83     2.62  1.23  3.60  3.71  1.95
 90   60     1.05  1.75  2.88  3.55  3.81  3.83  3.35  3.11  2.61  1.87  1.02  0.80     2.47  1.20  3.41  3.43  1.83
 90   70     1.02  1.71  2.80  3.32  3.50  3.50  3.06  2.84  2.40  1.73  0.95  0.78     2.30  1.17  3.21  3.13  1.69
 90   80     0.99  1.65  2.72  3.10  3.17  3.16  2.75  2.58  2.19  1.59  0.88  0.74     2.13  1.13  3.00  2.83  1.55
 90   90     0.97  1.61  2.64  2.86  2.82  2.80  2.44  2.30  1.95  1.42  0.80  0.70     1.94  1.09  2.77  2.51  1.39
105   10     1.12  1.88  3.08  4.23  4.83  4.96  4.34  3.92  3.19  2.21  1.19  0.89     2.99  1.30  4.05  4.41  2.20
105   20     1.08  1.81  2.98  4.08  4.69  4.81  4.21  3.79  3.06  2.11  1.13  0.86     2.88  1.25  3.92  4.27  2.10
105   30     1.04  1.74  2.88  3.90  4.48  4.59  4.02  3.61  2.91  1.99  1.07  0.83     2.75  1.21  3.75  4.08  1.99
105   40     1.01  1.69  2.78  3.70  4.22  4.33  3.78  3.40  2.74  1.86  1.01  0.79     2.61  1.16  3.57  3.84  1.87
105   50     0.98  1.64  2.70  3.48  3.94  4.03  3.52  3.18  2.55  1.75  0.95  0.77     2.46  1.13  3.38  3.58  1.75
105   60     0.96  1.59  2.63  3.28  3.64  3.71  3.24  2.94  2.36  1.62  0.89  0.73     2.30  1.09  3.18  3.29  1.62
105   70     0.94  1.55  2.55  3.07  3.33  3.37  2.95  2.69  2.17  1.49  0.82  0.71     2.14  1.07  2.98  3.00  1.49
105   80     0.91  1.52  2.50  2.86  3.01  3.05  2.65  2.42  1.97  1.36  0.76  0.68     1.97  1.04  2.79  2.71  1.36
105   90     0.90  1.49  2.43  2.66  2.70  2.72  2.37  2.17  1.77  1.23  0.69  0.65     1.81  1.01  2.60  2.42  1.23
120   10     1.09  1.83  3.01  4.17  4.80  4.94  4.32  3.88  3.13  2.15  1.16  0.87     2.94  1.27  3.99  4.38  2.14
120   20     1.03  1.73  2.86  3.95  4.61  4.76  4.16  3.71  2.94  1.98  1.06  0.82     2.80  1.19  3.81  4.21  1.99
120   30     0.98  1.63  2.70  3.70  4.35  4.51  3.94  3.49  2.73  1.81  0.98  0.78     2.63  1.13  3.59  3.98  1.84
120   40     0.94  1.56  2.57  3.45  4.05  4.20  3.67  3.24  2.51  1.65  0.90  0.74     2.46  1.08  3.36  3.71  1.69
120   50     0.91  1.50  2.46  3.21  3.73  3.87  3.39  2.99  2.30  1.51  0.84  0.71     2.29  1.04  3.13  3.41  1.55
120   60     0.89  1.46  2.38  2.98  3.41  3.53  3.09  2.73  2.11  1.38  0.78  0.69     2.12  1.01  2.92  3.12  1.42
120   70     0.88  1.43  2.33  2.77  3.10  3.20  2.80  2.48  1.92  1.27  0.72  0.67     1.97  0.99  2.73  2.83  1.30
120   80     0.86  1.41  2.29  2.60  2.80  2.88  2.52  2.25  1.74  1.15  0.67  0.65     1.82  0.97  2.56  2.55  1.19
120   90     0.86  1.39  2.26  2.42  2.50  2.56  2.24  2.01  1.57  1.05  0.62  0.63     1.68  0.96  2.39  2.27  1.08
135   10     1.07  1.80  2.96  4.11  4.77  4.92  4.30  3.85  3.07  2.09  1.12  0.86     2.91  1.24  3.95  4.36  2.10
135   20     0.99  1.66  2.74  3.84  4.54  4.73  4.13  3.64  2.83  1.86  1.00  0.79     2.73  1.14  3.71  4.17  1.90
135   30     0.92  1.53  2.53  3.52  4.23  4.44  3.88  3.38  2.56  1.64  0.90  0.74     2.52  1.06  3.43  3.90  1.70
135   40     0.89  1.44  2.36  3.20  3.86  4.08  3.57  3.09  2.29  1.44  0.82  0.70     2.31  1.01  3.14  3.58  1.52
135   50     0.87  1.39  2.23  2.91  3.49  3.69  3.24  2.78  2.05  1.29  0.76  0.69     2.12  0.98  2.88  3.24  1.37
135   60     0.86  1.36  2.16  2.67  3.13  3.31  2.92  2.51  1.85  1.18  0.71  0.67     1.94  0.96  2.65  2.91  1.25
135   70     0.85  1.35  2.12  2.48  2.81  2.97  2.62  2.27  1.67  1.09  0.67  0.66     1.80  0.95  2.47  2.62  1.14
135   80     0.85  1.34  2.10  2.32  2.53  2.66  2.34  2.04  1.52  0.99  0.62  0.64     1.66  0.94  2.32  2.35  1.05
135   90     0.84  1.34  2.11  2.17  2.28  2.38  2.09  1.83  1.38  0.91  0.58  0.62     1.54  0.94  2.19  2.10  0.96
150   10     1.05  1.77  2.91  4.07  4.75  4.92  4.29  3.82  3.03  2.04  1.10  0.84     2.88  1.22  3.91  4.34  2.06
150   20     0.95  1.60  2.65  3.75  4.49  4.70  4.10  3.59  2.74  1.76  0.95  0.76     2.67  1.10  3.63  4.13  1.82
150   30     0.88  1.45  2.38  3.38  4.14  4.40  3.83  3.29  2.41  1.49  0.83  0.71     2.43  1.01  3.30  3.84  1.58
150   40     0.86  1.35  2.16  2.98  3.72  4.01  3.50  2.94  2.09  1.26  0.76  0.69     2.19  0.97  2.95  3.48  1.37
150   50     0.86  1.32  2.02  2.62  3.25  3.54  3.11  2.59  1.81  1.12  0.72  0.68     1.97  0.95  2.63  3.08  1.22
150   60     0.85  1.31  1.97  2.35  2.83  3.08  2.72  2.28  1.61  1.03  0.69  0.67     1.78  0.94  2.38  2.69  1.11
150   70     0.85  1.31  1.96  2.18  2.50  2.70  2.41  2.03  1.46  0.96  0.65  0.66     1.64  0.94  2.21  2.38  1.02
150   80     0.84  1.32  1.97  2.06  2.24  2.40  2.15  1.83  1.34  0.89  0.61  0.64     1.52  0.93  2.09  2.13  0.95
150   90     0.84  1.32  2.00  1.96  2.02  2.15  1.93  1.66  1.23  0.82  0.57  0.63     1.43  0.93  1.99  1.91  0.87
165   10     1.04  1.75  2.89  4.05  4.74  4.91  4.29  3.81  3.01  2.01  1.08  0.83     2.87  1.21  3.89  4.33  2.03
165   20     0.93  1.56  2.59  3.70  4.47  4.69  4.09  3.56  2.69  1.69  0.91  0.74     2.63  1.08  3.59  4.11  1.76
165   30     0.86  1.38  2.28  3.29  4.11  4.38  3.81  3.24  2.32  1.37  0.78  0.70     2.38  0.98  3.23  3.81  1.49
165   40     0.86  1.29  2.00  2.84  3.67  3.98  3.47  2.87  1.92  1.11  0.75  0.69     2.12  0.95  2.84  3.44  1.26
165   50     0.86  1.30  1.85  2.36  3.16  3.52  3.07  2.45  1.59  1.01  0.72  0.68     1.88  0.95  2.46  3.01  1.11
165   60     0.85  1.30  1.84  2.06  2.61  2.99  2.63  2.04  1.41  0.96  0.69  0.67     1.67  0.94  2.17  2.56  1.02
165   70     0.85  1.31  1.87  1.92  2.20  2.47  2.23  1.81  1.30  0.91  0.65  0.66     1.51  0.94  2.00  2.17  0.95
165   80     0.84  1.32  1.90  1.85  1.98  2.18  1.98  1.65  1.21  0.85  0.61  0.64     1.42  0.93  1.91  1.94  0.89
165   90     0.84  1.32  1.94  1.79  1.81  1.96  1.79  1.51  1.13  0.79  0.57  0.63     1.34  0.93  1.85  1.76  0.83
180   10     1.04  1.75  2.88  4.04  4.73  4.91  4.28  3.80  3.00  2.00  1.08  0.83     2.86  1.21  3.88  4.33  2.02
180   20     0.92  1.55  2.57  3.69  4.46  4.69  4.09  3.54  2.67  1.67  0.90  0.74     2.62  1.07  3.57  4.11  1.75
180   30     0.86  1.35  2.25  3.27  4.10  4.38  3.81  3.22  2.29  1.32  0.77  0.70     2.36  0.97  3.21  3.80  1.46
180   40     0.86  1.29  1.91  2.81  3.66  3.98  3.47  2.84  1.87  1.05  0.75  0.69     2.10  0.95  2.79  3.43  1.22
180   50     0.86  1.30  1.78  2.31  3.15  3.51  3.07  2.42  1.43  1.01  0.72  0.68     1.85  0.95  2.41  3.00  1.05
180   60     0.85  1.30  1.81  1.88  2.59  2.99  2.62  1.96  1.30  0.96  0.69  0.67     1.64  0.94  2.09  2.52  0.98
180   70     0.85  1.31  1.85  1.80  2.09  2.42  2.16  1.70  1.23  0.91  0.65  0.66     1.47  0.94  1.91  2.10  0.93
180   80     0.84  1.32  1.89  1.76  1.88  2.10  1.92  1.57  1.16  0.85  0.61  0.64     1.38  0.93  1.84  1.86  0.87
180   90     0.84  1.32  1.93  1.73  1.73  1.90  1.74  1.44  1.08  0.79  0.57  0.63     1.31  0.93  1.80  1.70  0.81
             63.4  59.2  50.6  28.0  13.6   6.5   9.2  18.2  32.2  46.5  53.0  58.8     28.1  60.3  27.1  11.1  41.4
             1.53  2.51  3.86  4.68  4.99  5.05  4.43  4.11  3.67  2.98  1.69  1.20     3.39  1.75  4.42  4.52  2.76
             1.41  2.34  3.71  4.68  4.87  4.84  4.29  4.07  3.67  2.87  1.58  1.12     3.29  1.62  4.42  4.40  2.70
             1.09  1.07  1.04  1.00  1.02  1.04  1.03  1.01  1.00  1.04  1.07  1.07     1.04  1.08  1.02  1.03  1.04
             1.22  1.21  1.17  1.08  0.99  0.96  0.97  1.02  1.12  1.25  1.25  1.22     1.12  1.21  1.08  0.99  1.21
temperature  -4.4  -3.9  -0.5   5.3  11.1  15.5  19.4  20.9  16.3   9.9   3.5  -2.0      7.6  -3.4   5.3  18.6   9.9
diffusedrad  0.93  1.43  2.00  2.29  2.53  2.76  2.68  2.33  1.82  1.34  0.89  0.75     1.81  1.04  2.27  2.59  1.35
snow10cm     1.00  1.00  0.97  0.34  0.00  0.00  0.00  0.00  0.00  0.00  0.14  0.77     0.35  0.92  0.44  0.00  0.05
