2 17091   西興部          44 19.9  142 56.2  120
             1.35  2.30  3.38  4.28  4.76  4.90  4.50  3.99  3.37  2.39  1.30  1.04     3.13  1.56  4.14  4.46  2.35
             1.63  2.85  3.79  4.85  5.41  5.80  5.48  4.84  4.16  2.74  1.65  1.23     3.39  1.84  4.50  5.02  2.67
             1.04  1.83  2.88  3.50  4.15  3.66  3.55  3.17  2.73  2.17  1.04  0.89     2.84  1.41  3.78  3.93  2.13
  0   10     1.56  2.61  3.65  4.49  4.84  4.91  4.54  4.08  3.61  2.69  1.50  1.21     3.31  1.79  4.33  4.51  2.60
  0   20     1.76  2.90  3.91  4.62  4.84  4.86  4.50  4.11  3.77  2.94  1.66  1.36     3.43  2.00  4.45  4.49  2.79
  0   30     1.93  3.14  4.10  4.66  4.73  4.70  4.38  4.07  3.85  3.12  1.79  1.48     3.50  2.19  4.50  4.38  2.92
  0   40     2.08  3.33  4.24  4.61  4.53  4.46  4.17  3.94  3.85  3.23  1.88  1.59     3.49  2.33  4.46  4.19  2.99
  0   50     2.18  3.46  4.30  4.48  4.24  4.14  3.89  3.74  3.76  3.27  1.94  1.66     3.42  2.43  4.34  3.92  2.99
  0   60     2.24  3.52  4.29  4.27  3.88  3.76  3.55  3.47  3.58  3.23  1.95  1.70     3.29  2.49  4.15  3.59  2.92
  0   70     2.27  3.52  4.21  3.98  3.45  3.31  3.15  3.13  3.34  3.11  1.92  1.71     3.09  2.50  3.88  3.20  2.79
  0   80     2.25  3.46  4.07  3.62  2.96  2.83  2.71  2.75  3.02  2.92  1.84  1.69     2.84  2.46  3.55  2.76  2.60
  0   90     2.19  3.33  3.86  3.21  2.46  2.33  2.26  2.32  2.65  2.67  1.73  1.64     2.55  2.38  3.17  2.30  2.35
 15   10     1.55  2.60  3.64  4.48  4.84  4.91  4.54  4.07  3.60  2.68  1.49  1.20     3.30  1.79  4.32  4.51  2.59
 15   20     1.75  2.88  3.88  4.60  4.83  4.85  4.50  4.10  3.76  2.92  1.64  1.35     3.42  1.99  4.44  4.48  2.77
 15   30     1.91  3.11  4.07  4.64  4.72  4.70  4.38  4.06  3.84  3.09  1.77  1.47     3.48  2.16  4.48  4.38  2.90
 15   40     2.04  3.29  4.19  4.60  4.53  4.47  4.17  3.93  3.83  3.20  1.86  1.56     3.47  2.30  4.44  4.19  2.96
 15   50     2.14  3.41  4.24  4.47  4.25  4.15  3.90  3.73  3.74  3.23  1.90  1.63     3.40  2.40  4.32  3.93  2.96
 15   60     2.20  3.47  4.23  4.25  3.89  3.77  3.56  3.46  3.57  3.18  1.91  1.67     3.27  2.45  4.13  3.60  2.89
 15   70     2.22  3.47  4.15  3.97  3.47  3.34  3.17  3.14  3.32  3.06  1.87  1.68     3.07  2.46  3.87  3.21  2.75
 15   80     2.20  3.40  4.00  3.63  3.00  2.86  2.74  2.76  3.02  2.88  1.80  1.66     2.83  2.42  3.54  2.79  2.56
 15   90     2.14  3.28  3.80  3.22  2.50  2.37  2.29  2.35  2.65  2.63  1.69  1.60     2.54  2.34  3.17  2.34  2.32
 30   10     1.53  2.57  3.61  4.45  4.83  4.91  4.54  4.05  3.58  2.65  1.47  1.19     3.28  1.76  4.30  4.50  2.56
 30   20     1.70  2.82  3.82  4.56  4.82  4.84  4.49  4.08  3.72  2.86  1.60  1.31     3.38  1.94  4.40  4.47  2.73
 30   30     1.85  3.02  3.98  4.59  4.72  4.70  4.37  4.02  3.78  3.01  1.71  1.42     3.43  2.10  4.43  4.36  2.83
 30   40     1.96  3.17  4.08  4.54  4.52  4.47  4.17  3.90  3.76  3.09  1.78  1.50     3.41  2.21  4.38  4.18  2.88
 30   50     2.04  3.27  4.12  4.41  4.26  4.17  3.91  3.70  3.67  3.10  1.81  1.56     3.34  2.29  4.26  3.93  2.86
 30   60     2.09  3.31  4.09  4.21  3.92  3.81  3.58  3.44  3.50  3.05  1.80  1.59     3.20  2.33  4.07  3.61  2.78
 30   70     2.10  3.30  4.00  3.94  3.53  3.40  3.22  3.13  3.25  2.92  1.76  1.59     3.01  2.33  3.82  3.25  2.64
 30   80     2.07  3.22  3.86  3.61  3.09  2.96  2.81  2.77  2.96  2.73  1.68  1.56     2.78  2.29  3.52  2.85  2.46
 30   90     2.01  3.10  3.67  3.24  2.63  2.50  2.39  2.39  2.61  2.48  1.56  1.51     2.51  2.20  3.18  2.43  2.22
 45   10     1.50  2.52  3.55  4.42  4.82  4.90  4.52  4.03  3.54  2.60  1.43  1.16     3.25  1.72  4.26  4.48  2.52
 45   20     1.63  2.71  3.72  4.50  4.79  4.83  4.47  4.03  3.64  2.77  1.54  1.26     3.32  1.87  4.34  4.45  2.65
 45   30     1.74  2.87  3.84  4.50  4.69  4.68  4.34  3.97  3.68  2.88  1.62  1.34     3.35  1.99  4.34  4.33  2.73
 45   40     1.83  2.99  3.90  4.44  4.51  4.47  4.16  3.84  3.65  2.93  1.66  1.40     3.31  2.07  4.28  4.15  2.74
 45   50     1.89  3.06  3.93  4.30  4.25  4.18  3.90  3.64  3.54  2.91  1.67  1.44     3.23  2.13  4.16  3.91  2.71
 45   60     1.91  3.08  3.89  4.11  3.94  3.85  3.60  3.39  3.37  2.84  1.65  1.46     3.09  2.15  3.98  3.61  2.62
 45   70     1.91  3.05  3.79  3.85  3.57  3.47  3.25  3.09  3.14  2.71  1.60  1.45     2.91  2.13  3.74  3.27  2.48
 45   80     1.88  2.97  3.67  3.56  3.17  3.06  2.87  2.76  2.86  2.52  1.51  1.41     2.69  2.09  3.47  2.90  2.30
 45   90     1.81  2.86  3.49  3.22  2.75  2.64  2.49  2.41  2.54  2.28  1.40  1.36     2.44  2.01  3.15  2.51  2.07
 60   10     1.45  2.45  3.48  4.37  4.79  4.88  4.51  4.00  3.49  2.53  1.39  1.13     3.21  1.67  4.21  4.46  2.47
 60   20     1.54  2.58  3.59  4.40  4.75  4.81  4.44  3.97  3.54  2.64  1.46  1.19     3.24  1.77  4.25  4.41  2.55
 60   30     1.61  2.69  3.66  4.38  4.64  4.66  4.31  3.89  3.55  2.70  1.50  1.25     3.24  1.85  4.23  4.29  2.58
 60   40     1.66  2.76  3.70  4.29  4.46  4.44  4.12  3.74  3.49  2.72  1.52  1.28     3.18  1.90  4.15  4.10  2.57
 60   50     1.70  2.80  3.68  4.16  4.22  4.18  3.88  3.55  3.37  2.68  1.51  1.29     3.08  1.93  4.02  3.87  2.52
 60   60     1.71  2.80  3.64  3.97  3.92  3.86  3.59  3.31  3.20  2.58  1.47  1.29     2.94  1.93  3.84  3.58  2.41
 60   70     1.69  2.76  3.55  3.73  3.58  3.50  3.26  3.02  2.98  2.45  1.41  1.27     2.77  1.91  3.62  3.26  2.28
 60   80     1.65  2.68  3.43  3.46  3.21  3.12  2.91  2.72  2.71  2.27  1.32  1.24     2.56  1.86  3.37  2.92  2.10
 60   90     1.59  2.59  3.29  3.17  2.81  2.73  2.55  2.39  2.43  2.05  1.21  1.18     2.33  1.78  3.09  2.56  1.90
 75   10     1.40  2.37  3.41  4.31  4.76  4.87  4.49  3.96  3.42  2.46  1.34  1.08     3.15  1.62  4.16  4.44  2.41
 75   20     1.44  2.43  3.44  4.29  4.70  4.77  4.40  3.90  3.43  2.50  1.37  1.12     3.15  1.66  4.14  4.36  2.43
 75   30     1.47  2.47  3.46  4.22  4.56  4.61  4.26  3.79  3.38  2.50  1.37  1.13     3.10  1.69  4.08  4.22  2.42
 75   40     1.49  2.51  3.44  4.12  4.37  4.39  4.06  3.63  3.29  2.47  1.36  1.14     3.02  1.71  3.98  4.03  2.38
 75   50     1.49  2.50  3.42  3.96  4.13  4.13  3.81  3.43  3.16  2.41  1.33  1.14     2.91  1.71  3.84  3.79  2.30
 75   60     1.48  2.49  3.35  3.78  3.85  3.83  3.54  3.19  2.98  2.30  1.28  1.12     2.77  1.70  3.66  3.52  2.19
 75   70     1.46  2.45  3.28  3.56  3.53  3.49  3.23  2.92  2.77  2.16  1.21  1.10     2.60  1.67  3.46  3.21  2.05
 75   80     1.42  2.38  3.17  3.31  3.18  3.13  2.89  2.63  2.54  2.00  1.13  1.06     2.40  1.62  3.22  2.88  1.89
 75   90     1.38  2.31  3.06  3.06  2.83  2.77  2.57  2.34  2.27  1.81  1.03  1.01     2.20  1.56  2.98  2.56  1.70
 90   10     1.34  2.28  3.32  4.24  4.73  4.84  4.46  3.92  3.36  2.37  1.29  1.04     3.10  1.55  4.10  4.41  2.34
 90   20     1.33  2.27  3.28  4.16  4.63  4.73  4.35  3.82  3.29  2.34  1.27  1.03     3.04  1.54  4.02  4.30  2.30
 90   30     1.32  2.26  3.24  4.05  4.46  4.55  4.19  3.67  3.20  2.29  1.24  1.02     2.96  1.53  3.92  4.14  2.24
 90   40     1.31  2.23  3.19  3.90  4.26  4.32  3.98  3.49  3.07  2.21  1.20  1.01     2.85  1.51  3.78  3.93  2.16
 90   50     1.29  2.21  3.12  3.74  4.00  4.04  3.73  3.28  2.92  2.11  1.15  0.99     2.71  1.50  3.62  3.68  2.06
 90   60     1.27  2.17  3.06  3.54  3.72  3.74  3.44  3.04  2.74  2.01  1.09  0.96     2.57  1.47  3.44  3.41  1.95
 90   70     1.25  2.14  2.98  3.33  3.42  3.42  3.15  2.78  2.53  1.87  1.02  0.94     2.40  1.44  3.25  3.12  1.80
 90   80     1.22  2.09  2.90  3.12  3.10  3.09  2.84  2.51  2.32  1.72  0.95  0.91     2.23  1.41  3.04  2.81  1.66
 90   90     1.19  2.04  2.81  2.88  2.76  2.74  2.52  2.23  2.08  1.56  0.86  0.87     2.04  1.36  2.82  2.50  1.50
105   10     1.28  2.19  3.24  4.18  4.69  4.82  4.44  3.87  3.28  2.29  1.24  1.00     3.04  1.49  4.04  4.38  2.27
105   20     1.22  2.10  3.12  4.03  4.55  4.68  4.30  3.73  3.15  2.18  1.17  0.95     2.93  1.43  3.90  4.24  2.17
105   30     1.18  2.03  3.00  3.86  4.35  4.47  4.11  3.55  3.00  2.06  1.11  0.91     2.80  1.37  3.74  4.04  2.06
105   40     1.14  1.97  2.90  3.66  4.11  4.21  3.87  3.33  2.83  1.94  1.05  0.88     2.66  1.33  3.56  3.80  1.94
105   50     1.12  1.92  2.82  3.46  3.84  3.92  3.61  3.10  2.65  1.83  0.98  0.86     2.51  1.30  3.37  3.54  1.82
105   60     1.09  1.88  2.75  3.27  3.55  3.61  3.32  2.86  2.46  1.70  0.93  0.83     2.35  1.27  3.19  3.26  1.70
105   70     1.08  1.85  2.68  3.08  3.24  3.30  3.02  2.60  2.27  1.58  0.86  0.81     2.20  1.25  3.00  2.98  1.57
105   80     1.05  1.83  2.63  2.87  2.95  2.98  2.73  2.34  2.06  1.45  0.80  0.78     2.04  1.22  2.81  2.68  1.43
105   90     1.04  1.79  2.57  2.68  2.64  2.66  2.44  2.10  1.87  1.32  0.73  0.76     1.88  1.20  2.63  2.40  1.30
120   10     1.23  2.11  3.16  4.11  4.66  4.80  4.41  3.84  3.21  2.21  1.19  0.96     2.99  1.43  3.98  4.35  2.21
120   20     1.12  1.95  2.96  3.90  4.47  4.63  4.25  3.65  3.02  2.02  1.08  0.88     2.83  1.31  3.78  4.18  2.04
120   30     1.04  1.81  2.78  3.66  4.22  4.38  4.02  3.42  2.79  1.84  0.99  0.82     2.65  1.22  3.55  3.94  1.88
120   40     1.00  1.72  2.63  3.41  3.93  4.09  3.75  3.16  2.58  1.68  0.91  0.78     2.47  1.16  3.33  3.67  1.72
120   50     0.97  1.65  2.52  3.18  3.63  3.77  3.46  2.90  2.37  1.54  0.84  0.75     2.30  1.13  3.11  3.37  1.59
120   60     0.95  1.63  2.44  2.97  3.32  3.44  3.16  2.64  2.17  1.42  0.79  0.73     2.14  1.10  2.91  3.08  1.46
120   70     0.95  1.61  2.40  2.78  3.03  3.12  2.87  2.40  1.98  1.31  0.73  0.71     1.99  1.09  2.73  2.80  1.34
120   80     0.94  1.60  2.36  2.61  2.73  2.81  2.58  2.16  1.81  1.20  0.68  0.70     1.85  1.08  2.57  2.52  1.23
120   90     0.94  1.59  2.35  2.44  2.45  2.51  2.30  1.93  1.64  1.10  0.63  0.69     1.71  1.07  2.42  2.25  1.12
135   10     1.18  2.04  3.09  4.06  4.63  4.79  4.39  3.80  3.15  2.13  1.15  0.92     2.94  1.38  3.92  4.33  2.15
135   20     1.03  1.81  2.82  3.79  4.40  4.59  4.21  3.58  2.89  1.88  1.00  0.81     2.73  1.22  3.67  4.13  1.92
135   30     0.94  1.62  2.57  3.47  4.10  4.31  3.94  3.30  2.60  1.63  0.88  0.74     2.51  1.10  3.38  3.85  1.71
135   40     0.89  1.49  2.37  3.16  3.75  3.96  3.63  3.00  2.32  1.43  0.80  0.70     2.29  1.03  3.09  3.53  1.52
135   50     0.87  1.43  2.24  2.88  3.39  3.59  3.29  2.69  2.08  1.29  0.74  0.69     2.10  1.00  2.84  3.19  1.37
135   60     0.87  1.42  2.17  2.66  3.06  3.23  2.96  2.42  1.88  1.18  0.70  0.68     1.94  0.99  2.63  2.87  1.25
135   70     0.88  1.43  2.15  2.48  2.75  2.91  2.67  2.18  1.71  1.09  0.66  0.67     1.80  0.99  2.46  2.58  1.15
135   80     0.88  1.44  2.14  2.33  2.48  2.61  2.39  1.96  1.57  1.00  0.61  0.66     1.67  1.00  2.32  2.32  1.06
135   90     0.89  1.46  2.17  2.20  2.24  2.33  2.14  1.76  1.42  0.93  0.57  0.66     1.56  1.00  2.20  2.08  0.97
150   10     1.14  1.98  3.04  4.02  4.60  4.77  4.38  3.78  3.10  2.08  1.12  0.89     2.91  1.34  3.89  4.31  2.10
150   20     0.96  1.69  2.71  3.69  4.35  4.56  4.18  3.53  2.78  1.75  0.94  0.76     2.66  1.14  3.59  4.09  1.82
150   30     0.85  1.44  2.39  3.32  4.01  4.27  3.90  3.21  2.43  1.45  0.80  0.68     2.40  0.99  3.24  3.79  1.56
150   40     0.83  1.31  2.14  2.93  3.60  3.89  3.54  2.85  2.09  1.22  0.73  0.68     2.15  0.94  2.89  3.43  1.34
150   50     0.84  1.28  2.00  2.59  3.16  3.44  3.14  2.49  1.81  1.08  0.69  0.67     1.93  0.93  2.58  3.02  1.19
150   60     0.85  1.30  1.95  2.34  2.76  3.00  2.75  2.19  1.61  1.00  0.66  0.67     1.76  0.94  2.35  2.65  1.09
150   70     0.86  1.33  1.96  2.19  2.46  2.65  2.44  1.95  1.47  0.93  0.63  0.66     1.63  0.95  2.20  2.35  1.01
150   80     0.87  1.36  1.99  2.07  2.21  2.37  2.19  1.76  1.35  0.87  0.59  0.66     1.52  0.96  2.09  2.11  0.94
150   90     0.88  1.40  2.04  1.99  2.00  2.12  1.97  1.60  1.24  0.81  0.55  0.65     1.44  0.98  2.01  1.90  0.87
165   10     1.12  1.95  3.01  3.99  4.59  4.77  4.37  3.76  3.07  2.04  1.10  0.88     2.89  1.31  3.86  4.30  2.07
165   20     0.91  1.61  2.64  3.64  4.32  4.55  4.16  3.50  2.72  1.67  0.89  0.72     2.61  1.08  3.54  4.07  1.76
165   30     0.83  1.31  2.27  3.23  3.97  4.24  3.87  3.17  2.31  1.30  0.74  0.68     2.33  0.94  3.16  3.76  1.45
165   40     0.83  1.21  1.94  2.78  3.55  3.86  3.51  2.78  1.89  1.03  0.72  0.68     2.06  0.91  2.75  3.38  1.22
165   50     0.84  1.24  1.79  2.32  3.06  3.41  3.10  2.35  1.55  0.96  0.69  0.67     1.83  0.92  2.39  2.95  1.07
165   60     0.85  1.27  1.81  2.05  2.52  2.90  2.63  1.96  1.39  0.91  0.66  0.67     1.64  0.93  2.13  2.50  0.99
165   70     0.86  1.31  1.86  1.94  2.18  2.44  2.25  1.75  1.29  0.87  0.63  0.66     1.50  0.94  1.99  2.14  0.93
165   80     0.87  1.35  1.92  1.87  1.97  2.17  2.01  1.59  1.20  0.82  0.59  0.66     1.42  0.96  1.92  1.92  0.87
165   90     0.88  1.38  1.98  1.82  1.80  1.95  1.82  1.46  1.13  0.77  0.55  0.65     1.35  0.97  1.87  1.75  0.81
180   10     1.11  1.93  3.00  3.98  4.58  4.76  4.37  3.76  3.06  2.03  1.09  0.87     2.88  1.30  3.86  4.30  2.06
180   20     0.89  1.57  2.62  3.62  4.31  4.54  4.16  3.49  2.69  1.64  0.87  0.71     2.59  1.06  3.52  4.06  1.73
180   30     0.83  1.25  2.22  3.21  3.96  4.24  3.87  3.15  2.27  1.23  0.74  0.68     2.30  0.92  3.13  3.75  1.42
180   40     0.83  1.21  1.82  2.74  3.52  3.85  3.50  2.76  1.82  0.99  0.72  0.68     2.04  0.91  2.69  3.37  1.18
180   50     0.84  1.24  1.73  2.25  3.03  3.40  3.09  2.33  1.36  0.95  0.69  0.67     1.80  0.92  2.34  2.94  1.00
180   60     0.85  1.27  1.78  1.88  2.49  2.89  2.62  1.87  1.27  0.91  0.66  0.67     1.60  0.93  2.05  2.46  0.95
180   70     0.86  1.31  1.84  1.82  2.06  2.36  2.17  1.66  1.21  0.86  0.63  0.66     1.45  0.94  1.91  2.06  0.90
180   80     0.87  1.35  1.91  1.78  1.87  2.09  1.94  1.53  1.14  0.82  0.59  0.66     1.38  0.96  1.85  1.85  0.85
180   90     0.88  1.38  1.97  1.76  1.72  1.89  1.77  1.40  1.07  0.77  0.55  0.65     1.32  0.97  1.82  1.69  0.80
             70.5  65.1  54.0  29.6  14.6   7.7  10.3  19.4  34.4  49.7  57.5  68.2     34.1  67.5  30.3  12.5  45.0
             2.27  3.53  4.30  4.66  4.85  4.92  4.54  4.11  3.86  3.26  1.95  1.71     3.66  2.50  4.50  4.51  2.99
             2.00  3.22  4.17  4.65  4.66  4.61  4.31  4.02  3.86  3.17  1.83  1.53     3.50  2.25  4.49  4.31  2.96
             1.14  1.10  1.03  1.00  1.04  1.07  1.05  1.02  1.00  1.03  1.07  1.12     1.05  1.12  1.02  1.05  1.03
             1.48  1.40  1.23  1.09  0.98  0.94  0.96  1.01  1.15  1.33  1.41  1.46     1.20  1.45  1.10  0.97  1.29
temperature  -8.3  -7.9  -3.0   4.1   9.9  13.6  17.6  19.2  14.5   8.2   1.7  -4.6      5.4  -6.9   3.7  16.8   8.1
diffusedrad  0.93  1.41  2.00  2.30  2.56  2.82  2.71  2.33  1.80  1.30  0.86  0.75     1.81  1.03  2.29  2.62  1.32
snow10cm     1.00  1.00  1.00  0.36  0.00  0.00  0.00  0.00  0.00  0.00  0.12  0.78     0.35  0.93  0.45  0.00  0.04
