2 17546   小清水          43 50.5  144 29.1   52
             1.64  2.60  3.62  4.28  4.85  5.14  4.95  4.36  3.47  2.58  1.64  1.38     3.37  1.87  4.25  4.81  2.56
             1.95  3.11  4.15  4.66  5.55  5.95  6.45  5.04  4.27  2.90  1.93  1.61     3.58  2.15  4.61  5.69  2.90
             1.38  2.00  3.08  3.86  3.96  3.72  3.80  3.69  3.02  2.14  1.28  1.08     3.03  1.63  3.78  4.02  2.32
  0   10     1.99  3.03  3.94  4.48  4.93  5.15  5.00  4.47  3.72  2.92  1.97  1.73     3.61  2.25  4.45  4.87  2.87
  0   20     2.31  3.41  4.24  4.60  4.92  5.09  4.95  4.51  3.89  3.21  2.27  2.05     3.79  2.59  4.59  4.85  3.12
  0   30     2.60  3.74  4.47  4.64  4.80  4.92  4.81  4.47  3.97  3.42  2.51  2.33     3.89  2.89  4.64  4.73  3.30
  0   40     2.83  4.00  4.62  4.58  4.60  4.66  4.57  4.32  3.96  3.56  2.69  2.56     3.91  3.13  4.60  4.52  3.40
  0   50     3.01  4.17  4.70  4.43  4.30  4.31  4.25  4.10  3.87  3.61  2.81  2.72     3.86  3.30  4.48  4.22  3.43
  0   60     3.12  4.27  4.69  4.21  3.93  3.90  3.86  3.80  3.69  3.57  2.85  2.83     3.73  3.40  4.28  3.85  3.37
  0   70     3.17  4.28  4.60  3.90  3.49  3.42  3.40  3.42  3.44  3.44  2.83  2.86     3.52  3.44  4.00  3.41  3.24
  0   80     3.15  4.21  4.43  3.53  2.99  2.90  2.90  2.98  3.11  3.24  2.74  2.83     3.25  3.40  3.65  2.92  3.03
  0   90     3.06  4.05  4.18  3.10  2.46  2.36  2.38  2.49  2.71  2.96  2.58  2.73     2.92  3.28  3.25  2.41  2.75
 15   10     1.98  3.01  3.93  4.47  4.92  5.15  5.00  4.46  3.71  2.91  1.96  1.72     3.60  2.24  4.44  4.87  2.86
 15   20     2.29  3.38  4.21  4.59  4.91  5.08  4.95  4.50  3.88  3.19  2.24  2.04     3.77  2.57  4.57  4.84  3.10
 15   30     2.56  3.69  4.43  4.62  4.80  4.92  4.80  4.46  3.96  3.40  2.47  2.30     3.87  2.85  4.62  4.73  3.28
 15   40     2.78  3.93  4.57  4.57  4.60  4.67  4.58  4.32  3.95  3.53  2.64  2.52     3.89  3.08  4.58  4.52  3.37
 15   50     2.95  4.10  4.64  4.43  4.31  4.33  4.26  4.10  3.86  3.57  2.75  2.68     3.83  3.24  4.46  4.23  3.39
 15   60     3.06  4.18  4.62  4.20  3.94  3.92  3.88  3.79  3.68  3.53  2.79  2.78     3.70  3.34  4.25  3.86  3.33
 15   70     3.10  4.19  4.53  3.90  3.51  3.45  3.43  3.43  3.43  3.40  2.76  2.81     3.49  3.37  3.98  3.44  3.19
 15   80     3.08  4.11  4.36  3.54  3.02  2.94  2.94  3.00  3.10  3.20  2.66  2.77     3.23  3.32  3.64  2.96  2.99
 15   90     2.99  3.95  4.12  3.12  2.52  2.42  2.43  2.53  2.72  2.92  2.50  2.67     2.91  3.21  3.25  2.46  2.71
 30   10     1.94  2.97  3.89  4.45  4.92  5.15  4.99  4.44  3.69  2.88  1.92  1.69     3.58  2.20  4.42  4.86  2.83
 30   20     2.21  3.29  4.14  4.55  4.90  5.08  4.94  4.47  3.84  3.13  2.17  1.97     3.72  2.49  4.53  4.83  3.04
 30   30     2.45  3.56  4.32  4.58  4.80  4.92  4.81  4.42  3.90  3.31  2.36  2.21     3.80  2.74  4.57  4.72  3.19
 30   40     2.65  3.77  4.45  4.51  4.60  4.67  4.58  4.29  3.88  3.41  2.50  2.40     3.81  2.94  4.52  4.51  3.26
 30   50     2.79  3.91  4.49  4.37  4.33  4.36  4.29  4.07  3.79  3.43  2.58  2.53     3.75  3.08  4.40  4.24  3.27
 30   60     2.87  3.97  4.47  4.16  3.98  3.97  3.91  3.78  3.62  3.38  2.60  2.61     3.61  3.15  4.20  3.89  3.20
 30   70     2.90  3.96  4.36  3.87  3.58  3.53  3.50  3.43  3.36  3.25  2.56  2.63     3.41  3.16  3.94  3.49  3.06
 30   80     2.87  3.87  4.20  3.53  3.13  3.05  3.04  3.03  3.06  3.04  2.45  2.58     3.15  3.11  3.62  3.04  2.85
 30   90     2.78  3.71  3.98  3.14  2.66  2.57  2.57  2.60  2.69  2.76  2.29  2.48     2.85  2.99  3.26  2.58  2.58
 45   10     1.88  2.90  3.83  4.41  4.91  5.14  4.98  4.41  3.65  2.82  1.87  1.63     3.54  2.14  4.38  4.84  2.78
 45   20     2.10  3.16  4.02  4.49  4.88  5.07  4.92  4.43  3.76  3.02  2.06  1.86     3.65  2.37  4.46  4.80  2.95
 45   30     2.29  3.37  4.17  4.49  4.77  4.92  4.79  4.36  3.80  3.16  2.21  2.05     3.70  2.57  4.48  4.69  3.06
 45   40     2.44  3.54  4.25  4.42  4.59  4.69  4.58  4.22  3.77  3.23  2.31  2.19     3.69  2.72  4.42  4.50  3.10
 45   50     2.54  3.64  4.28  4.27  4.33  4.38  4.29  4.01  3.66  3.22  2.36  2.29     3.61  2.82  4.29  4.23  3.08
 45   60     2.60  3.68  4.24  4.07  4.01  4.03  3.96  3.74  3.49  3.15  2.35  2.34     3.47  2.87  4.11  3.91  3.00
 45   70     2.60  3.65  4.14  3.79  3.63  3.62  3.57  3.40  3.25  3.01  2.29  2.33     3.27  2.86  3.85  3.53  2.85
 45   80     2.56  3.56  3.99  3.49  3.23  3.19  3.15  3.04  2.96  2.81  2.18  2.28     3.04  2.80  3.57  3.13  2.65
 45   90     2.47  3.42  3.79  3.13  2.79  2.75  2.72  2.64  2.63  2.54  2.02  2.17     2.76  2.69  3.24  2.70  2.40
 60   10     1.80  2.81  3.75  4.36  4.88  5.13  4.96  4.38  3.60  2.75  1.80  1.56     3.48  2.06  4.33  4.82  2.71
 60   20     1.96  2.99  3.88  4.40  4.84  5.04  4.89  4.36  3.66  2.88  1.93  1.72     3.55  2.22  4.37  4.77  2.82
 60   30     2.09  3.14  3.96  4.37  4.73  4.89  4.75  4.27  3.67  2.96  2.02  1.85     3.56  2.36  4.35  4.64  2.88
 60   40     2.18  3.25  4.01  4.27  4.55  4.67  4.54  4.12  3.61  2.99  2.08  1.94     3.52  2.46  4.28  4.44  2.89
 60   50     2.24  3.30  4.00  4.13  4.30  4.39  4.28  3.91  3.49  2.96  2.09  2.00     3.42  2.51  4.15  4.20  2.85
 60   60     2.27  3.32  3.96  3.92  3.99  4.05  3.96  3.65  3.31  2.86  2.05  2.01     3.28  2.54  3.96  3.88  2.74
 60   70     2.26  3.29  3.87  3.68  3.66  3.68  3.60  3.34  3.09  2.72  1.98  1.99     3.10  2.51  3.73  3.54  2.60
 60   80     2.21  3.19  3.72  3.39  3.27  3.28  3.22  3.00  2.81  2.53  1.87  1.93     2.87  2.45  3.46  3.16  2.41
 60   90     2.12  3.08  3.57  3.09  2.88  2.86  2.81  2.63  2.52  2.29  1.72  1.84     2.62  2.35  3.18  2.77  2.18
 75   10     1.72  2.71  3.66  4.31  4.85  5.11  4.94  4.33  3.53  2.66  1.72  1.47     3.42  1.97  4.27  4.79  2.63
 75   20     1.80  2.80  3.71  4.28  4.79  5.01  4.85  4.27  3.54  2.72  1.77  1.56     3.42  2.05  4.26  4.71  2.68
 75   30     1.86  2.87  3.73  4.22  4.66  4.84  4.70  4.16  3.50  2.73  1.81  1.62     3.39  2.12  4.20  4.57  2.68
 75   40     1.90  2.92  3.72  4.10  4.46  4.62  4.48  3.99  3.41  2.71  1.81  1.67     3.32  2.16  4.10  4.36  2.65
 75   50     1.92  2.94  3.70  3.94  4.22  4.35  4.22  3.77  3.27  2.65  1.79  1.68     3.20  2.18  3.95  4.11  2.57
 75   60     1.92  2.93  3.63  3.75  3.94  4.03  3.92  3.52  3.10  2.55  1.74  1.67     3.06  2.17  3.77  3.82  2.46
 75   70     1.91  2.90  3.55  3.51  3.61  3.67  3.58  3.22  2.88  2.39  1.65  1.64     2.88  2.15  3.56  3.49  2.31
 75   80     1.86  2.82  3.43  3.25  3.26  3.30  3.22  2.91  2.64  2.23  1.55  1.58     2.67  2.09  3.32  3.14  2.14
 75   90     1.79  2.73  3.31  2.98  2.90  2.92  2.85  2.58  2.36  2.02  1.42  1.50     2.45  2.00  3.06  2.79  1.94
 90   10     1.63  2.59  3.56  4.24  4.82  5.09  4.91  4.28  3.46  2.56  1.63  1.38     3.35  1.87  4.21  4.76  2.55
 90   20     1.62  2.59  3.52  4.16  4.72  4.97  4.80  4.18  3.40  2.53  1.61  1.39     3.29  1.87  4.13  4.65  2.52
 90   30     1.62  2.59  3.48  4.04  4.56  4.78  4.62  4.02  3.31  2.48  1.58  1.39     3.21  1.87  4.03  4.47  2.46
 90   40     1.62  2.57  3.42  3.89  4.35  4.54  4.39  3.83  3.17  2.41  1.55  1.38     3.09  1.86  3.89  4.25  2.38
 90   50     1.61  2.56  3.35  3.72  4.09  4.26  4.12  3.60  3.02  2.31  1.49  1.37     2.96  1.85  3.72  3.99  2.28
 90   60     1.59  2.52  3.29  3.51  3.81  3.95  3.82  3.33  2.84  2.20  1.43  1.34     2.80  1.82  3.54  3.70  2.16
 90   70     1.57  2.50  3.20  3.29  3.51  3.62  3.50  3.06  2.63  2.06  1.34  1.30     2.63  1.79  3.33  3.39  2.01
 90   80     1.54  2.44  3.12  3.06  3.18  3.26  3.16  2.77  2.41  1.90  1.25  1.26     2.44  1.75  3.12  3.06  1.85
 90   90     1.49  2.38  3.02  2.81  2.84  2.90  2.81  2.46  2.17  1.73  1.14  1.19     2.24  1.69  2.89  2.72  1.68
105   10     1.54  2.48  3.46  4.18  4.78  5.06  4.88  4.23  3.39  2.46  1.54  1.29     3.27  1.77  4.14  4.73  2.46
105   20     1.46  2.38  3.33  4.03  4.64  4.91  4.74  4.08  3.26  2.34  1.45  1.22     3.15  1.68  4.00  4.57  2.35
105   30     1.39  2.29  3.20  3.85  4.44  4.69  4.52  3.87  3.10  2.22  1.36  1.16     3.01  1.62  3.83  4.36  2.23
105   40     1.35  2.23  3.10  3.65  4.20  4.43  4.26  3.64  2.93  2.10  1.29  1.12     2.86  1.56  3.65  4.11  2.10
105   50     1.32  2.18  3.01  3.45  3.92  4.13  3.98  3.38  2.74  1.98  1.21  1.09     2.70  1.53  3.46  3.83  1.98
105   60     1.29  2.15  2.92  3.24  3.63  3.81  3.67  3.12  2.55  1.85  1.14  1.05     2.54  1.50  3.27  3.53  1.85
105   70     1.28  2.11  2.86  3.03  3.33  3.48  3.35  2.85  2.36  1.73  1.06  1.01     2.37  1.47  3.07  3.22  1.71
105   80     1.27  2.09  2.80  2.81  3.03  3.15  3.03  2.57  2.14  1.58  0.98  0.98     2.20  1.45  2.88  2.92  1.57
105   90     1.24  2.05  2.74  2.61  2.72  2.81  2.71  2.30  1.95  1.45  0.90  0.94     2.04  1.41  2.69  2.61  1.43
120   10     1.45  2.37  3.37  4.11  4.75  5.04  4.86  4.19  3.31  2.37  1.46  1.21     3.21  1.68  4.08  4.70  2.38
120   20     1.29  2.17  3.15  3.90  4.56  4.86  4.67  3.98  3.11  2.16  1.29  1.06     3.02  1.51  3.87  4.50  2.19
120   30     1.18  2.00  2.94  3.65  4.31  4.61  4.42  3.72  2.89  1.97  1.15  0.95     2.81  1.38  3.63  4.25  2.00
120   40     1.12  1.89  2.77  3.40  4.02  4.29  4.11  3.43  2.66  1.79  1.04  0.89     2.62  1.30  3.40  3.95  1.83
120   50     1.08  1.83  2.65  3.16  3.71  3.96  3.79  3.14  2.45  1.65  0.96  0.85     2.44  1.25  3.17  3.63  1.69
120   60     1.06  1.80  2.57  2.93  3.40  3.62  3.47  2.86  2.25  1.52  0.90  0.81     2.27  1.23  2.97  3.32  1.55
120   70     1.06  1.78  2.52  2.74  3.10  3.28  3.15  2.60  2.05  1.41  0.83  0.80     2.11  1.21  2.79  3.01  1.43
120   80     1.07  1.79  2.48  2.55  2.80  2.96  2.84  2.34  1.88  1.29  0.77  0.78     1.96  1.21  2.61  2.71  1.31
120   90     1.07  1.79  2.47  2.37  2.53  2.65  2.54  2.09  1.70  1.19  0.71  0.76     1.82  1.20  2.46  2.43  1.20
135   10     1.37  2.28  3.29  4.06  4.71  5.03  4.83  4.15  3.25  2.28  1.38  1.13     3.15  1.59  4.02  4.67  2.31
135   20     1.15  1.98  2.98  3.79  4.49  4.82  4.62  3.89  2.98  1.99  1.15  0.91     2.90  1.35  3.75  4.44  2.04
135   30     1.00  1.75  2.69  3.47  4.19  4.52  4.32  3.57  2.68  1.72  0.97  0.78     2.64  1.18  3.45  4.14  1.79
135   40     0.93  1.60  2.47  3.15  3.83  4.16  3.97  3.23  2.39  1.50  0.84  0.71     2.40  1.08  3.15  3.78  1.58
135   50     0.91  1.53  2.32  2.86  3.46  3.77  3.58  2.89  2.14  1.34  0.77  0.68     2.19  1.04  2.88  3.41  1.42
135   60     0.92  1.52  2.25  2.63  3.13  3.38  3.22  2.58  1.94  1.23  0.72  0.67     2.01  1.03  2.67  3.06  1.29
135   70     0.93  1.53  2.22  2.43  2.82  3.04  2.90  2.32  1.77  1.14  0.67  0.66     1.87  1.04  2.49  2.75  1.19
135   80     0.95  1.56  2.21  2.27  2.55  2.73  2.60  2.08  1.62  1.05  0.63  0.65     1.74  1.05  2.34  2.47  1.10
135   90     0.97  1.59  2.24  2.13  2.30  2.44  2.34  1.88  1.47  0.97  0.59  0.65     1.63  1.07  2.22  2.22  1.01
150   10     1.31  2.20  3.23  4.02  4.69  5.01  4.82  4.12  3.20  2.22  1.32  1.07     3.10  1.53  3.98  4.65  2.25
150   20     1.03  1.82  2.85  3.69  4.44  4.79  4.59  3.83  2.87  1.85  1.03  0.79     2.80  1.22  3.66  4.40  1.92
150   30     0.85  1.52  2.48  3.32  4.10  4.47  4.26  3.46  2.50  1.51  0.81  0.64     2.49  1.00  3.30  4.07  1.61
150   40     0.82  1.35  2.19  2.92  3.68  4.07  3.86  3.05  2.14  1.24  0.70  0.63     2.22  0.93  2.93  3.66  1.36
150   50     0.84  1.31  2.02  2.56  3.22  3.59  3.39  2.63  1.85  1.09  0.66  0.63     1.98  0.93  2.60  3.21  1.20
150   60     0.87  1.33  1.97  2.30  2.82  3.12  2.95  2.29  1.65  1.00  0.64  0.62     1.80  0.94  2.36  2.79  1.10
150   70     0.89  1.38  1.98  2.13  2.50  2.75  2.61  2.04  1.50  0.94  0.60  0.62     1.66  0.97  2.21  2.46  1.02
150   80     0.92  1.43  2.02  2.00  2.26  2.45  2.33  1.84  1.39  0.88  0.57  0.62     1.56  0.99  2.09  2.21  0.95
150   90     0.95  1.49  2.08  1.91  2.04  2.20  2.10  1.67  1.27  0.83  0.54  0.62     1.48  1.02  2.01  1.99  0.88
165   10     1.27  2.15  3.19  3.99  4.67  5.00  4.81  4.10  3.17  2.17  1.28  1.02     3.07  1.48  3.95  4.64  2.21
165   20     0.94  1.71  2.77  3.64  4.41  4.77  4.57  3.79  2.79  1.75  0.94  0.71     2.73  1.12  3.60  4.38  1.83
165   30     0.81  1.33  2.33  3.23  4.05  4.45  4.23  3.40  2.38  1.33  0.70  0.63     2.40  0.92  3.20  4.03  1.47
165   40     0.82  1.19  1.95  2.77  3.62  4.04  3.82  2.96  1.94  1.02  0.68  0.63     2.12  0.88  2.78  3.61  1.21
165   50     0.84  1.24  1.78  2.29  3.12  3.55  3.34  2.46  1.58  0.93  0.66  0.63     1.87  0.90  2.40  3.12  1.06
165   60     0.87  1.29  1.79  2.01  2.57  3.01  2.80  2.01  1.40  0.89  0.63  0.62     1.66  0.93  2.12  2.61  0.97
165   70     0.89  1.34  1.85  1.88  2.21  2.50  2.35  1.78  1.30  0.85  0.60  0.62     1.51  0.95  1.98  2.21  0.92
165   80     0.92  1.40  1.93  1.80  1.99  2.22  2.10  1.62  1.22  0.81  0.57  0.62     1.43  0.98  1.91  1.98  0.87
165   90     0.95  1.46  2.00  1.74  1.82  2.00  1.90  1.49  1.14  0.76  0.54  0.62     1.37  1.01  1.86  1.80  0.81
180   10     1.26  2.13  3.18  3.98  4.67  5.00  4.80  4.09  3.15  2.15  1.27  1.01     3.06  1.47  3.94  4.63  2.19
180   20     0.92  1.67  2.74  3.62  4.39  4.77  4.56  3.77  2.77  1.71  0.91  0.69     2.71  1.09  3.58  4.37  1.80
180   30     0.81  1.25  2.28  3.20  4.03  4.44  4.22  3.38  2.33  1.25  0.70  0.63     2.38  0.89  3.17  4.01  1.43
180   40     0.82  1.19  1.81  2.73  3.59  4.02  3.81  2.93  1.86  0.95  0.68  0.63     2.09  0.88  2.71  3.59  1.16
180   50     0.84  1.24  1.69  2.23  3.09  3.54  3.32  2.43  1.37  0.92  0.66  0.63     1.83  0.90  2.33  3.10  0.98
180   60     0.87  1.29  1.75  1.83  2.54  2.99  2.78  1.89  1.28  0.89  0.63  0.62     1.61  0.93  2.04  2.56  0.93
180   70     0.89  1.34  1.83  1.75  2.08  2.41  2.25  1.65  1.21  0.85  0.60  0.62     1.46  0.95  1.89  2.10  0.89
180   80     0.92  1.40  1.91  1.70  1.88  2.12  2.00  1.52  1.15  0.81  0.57  0.62     1.38  0.98  1.83  1.88  0.84
180   90     0.95  1.46  1.99  1.66  1.73  1.92  1.83  1.41  1.08  0.76  0.54  0.62     1.33  1.01  1.80  1.72  0.79
             72.1  66.3  54.0  28.5  14.3   7.2   9.2  20.0  34.3  50.7  61.7  70.2     37.8  69.3  30.6  12.9  47.9
             3.17  4.29  4.70  4.64  4.93  5.16  4.99  4.52  3.98  3.61  2.85  2.86     4.14  3.44  4.64  4.88  3.43
             2.78  3.94  4.59  4.60  4.65  4.72  4.63  4.36  3.97  3.53  2.66  2.51     3.91  3.08  4.62  4.57  3.39
             1.14  1.09  1.02  1.01  1.06  1.09  1.08  1.04  1.00  1.02  1.07  1.14     1.06  1.12  1.03  1.07  1.03
             1.70  1.52  1.27  1.07  0.96  0.92  0.94  1.00  1.14  1.37  1.62  1.82     1.28  1.68  1.10  0.95  1.38
temperature  -7.5  -7.6  -2.7   4.3   9.8  13.7  17.6  19.6  15.6   9.5   2.6  -4.1      5.9  -6.4   3.8  17.0   9.2
diffusedrad  0.97  1.43  1.98  2.27  2.54  2.77  2.67  2.30  1.81  1.29  0.88  0.77     1.81  1.06  2.26  2.58  1.33
snow10cm     0.96  1.00  0.97  0.29  0.00  0.00  0.00  0.00  0.00  0.00  0.03  0.49     0.31  0.82  0.42  0.00  0.01
