2 17521   北見            43 48.6  143 52.5  114
             1.69  2.60  3.63  4.27  4.82  5.04  4.71  4.22  3.41  2.64  1.76  1.45     3.35  1.91  4.24  4.66  2.60
             2.01  3.00  4.03  4.77  5.54  5.71  5.84  5.07  4.20  2.89  2.05  1.73     3.60  2.13  4.64  5.28  2.92
             1.46  2.09  3.18  3.67  4.23  3.71  3.78  3.56  2.74  2.27  1.27  1.16     3.09  1.66  3.88  4.05  2.25
  0   10     2.07  3.03  3.96  4.46  4.90  5.06  4.75  4.32  3.65  3.00  2.15  1.83     3.60  2.31  4.44  4.71  2.93
  0   20     2.42  3.41  4.26  4.58  4.89  4.99  4.71  4.36  3.81  3.30  2.50  2.19     3.79  2.67  4.58  4.69  3.20
  0   30     2.73  3.73  4.49  4.61  4.78  4.83  4.58  4.31  3.89  3.53  2.78  2.50     3.90  2.99  4.62  4.57  3.40
  0   40     2.98  3.99  4.64  4.54  4.57  4.57  4.35  4.17  3.88  3.67  3.00  2.75     3.93  3.24  4.58  4.37  3.52
  0   50     3.17  4.17  4.71  4.38  4.28  4.24  4.05  3.96  3.78  3.73  3.14  2.93     3.88  3.42  4.46  4.08  3.55
  0   60     3.30  4.26  4.70  4.14  3.91  3.83  3.69  3.67  3.61  3.69  3.21  3.05     3.75  3.54  4.25  3.73  3.50
  0   70     3.35  4.27  4.60  3.81  3.47  3.36  3.26  3.31  3.36  3.57  3.19  3.09     3.55  3.57  3.96  3.31  3.37
  0   80     3.34  4.20  4.42  3.42  2.97  2.86  2.79  2.88  3.03  3.36  3.09  3.06     3.29  3.53  3.61  2.84  3.16
  0   90     3.24  4.04  4.17  2.97  2.45  2.34  2.30  2.42  2.65  3.07  2.92  2.95     2.96  3.41  3.20  2.35  2.88
 15   10     2.06  3.01  3.95  4.46  4.89  5.05  4.75  4.31  3.64  2.99  2.13  1.82     3.59  2.30  4.43  4.71  2.92
 15   20     2.39  3.38  4.23  4.57  4.88  4.99  4.71  4.35  3.80  3.29  2.46  2.17     3.77  2.65  4.56  4.68  3.18
 15   30     2.69  3.68  4.45  4.60  4.77  4.82  4.57  4.31  3.87  3.50  2.73  2.46     3.87  2.94  4.61  4.57  3.37
 15   40     2.93  3.92  4.59  4.53  4.57  4.58  4.36  4.17  3.87  3.64  2.94  2.71     3.90  3.19  4.57  4.37  3.48
 15   50     3.11  4.09  4.65  4.37  4.29  4.25  4.06  3.96  3.77  3.69  3.07  2.88     3.85  3.36  4.43  4.09  3.51
 15   60     3.23  4.17  4.63  4.12  3.92  3.85  3.70  3.67  3.60  3.65  3.12  3.00     3.72  3.47  4.22  3.74  3.46
 15   70     3.28  4.18  4.53  3.81  3.49  3.40  3.28  3.31  3.34  3.52  3.10  3.03     3.52  3.50  3.94  3.33  3.32
 15   80     3.25  4.10  4.35  3.43  3.01  2.90  2.83  2.90  3.03  3.31  3.00  3.00     3.26  3.45  3.60  2.88  3.11
 15   90     3.16  3.94  4.10  2.98  2.50  2.39  2.35  2.46  2.66  3.02  2.82  2.89     2.94  3.33  3.20  2.40  2.83
 30   10     2.02  2.96  3.91  4.43  4.89  5.05  4.75  4.30  3.62  2.95  2.09  1.78     3.56  2.25  4.41  4.70  2.89
 30   20     2.31  3.29  4.15  4.53  4.87  4.98  4.70  4.33  3.76  3.22  2.38  2.09     3.72  2.56  4.52  4.67  3.12
 30   30     2.57  3.56  4.34  4.55  4.77  4.83  4.57  4.27  3.82  3.40  2.61  2.36     3.80  2.83  4.55  4.56  3.28
 30   40     2.78  3.76  4.46  4.47  4.57  4.59  4.36  4.14  3.79  3.51  2.78  2.57     3.81  3.04  4.50  4.36  3.36
 30   50     2.94  3.90  4.50  4.32  4.30  4.28  4.08  3.93  3.70  3.54  2.88  2.72     3.76  3.18  4.38  4.10  3.37
 30   60     3.03  3.96  4.47  4.08  3.96  3.90  3.73  3.65  3.53  3.49  2.91  2.81     3.63  3.27  4.17  3.76  3.31
 30   70     3.06  3.95  4.36  3.78  3.56  3.47  3.34  3.31  3.28  3.35  2.86  2.83     3.43  3.28  3.90  3.38  3.17
 30   80     3.03  3.86  4.19  3.42  3.11  3.01  2.91  2.93  2.98  3.14  2.75  2.78     3.18  3.22  3.57  2.95  2.96
 30   90     2.93  3.70  3.96  3.01  2.64  2.53  2.47  2.52  2.63  2.85  2.58  2.67     2.87  3.10  3.20  2.50  2.69
 45   10     1.95  2.89  3.85  4.39  4.88  5.04  4.74  4.27  3.58  2.90  2.02  1.72     3.52  2.19  4.37  4.68  2.83
 45   20     2.19  3.16  4.04  4.47  4.85  4.97  4.68  4.28  3.69  3.10  2.25  1.97     3.64  2.44  4.45  4.64  3.01
 45   30     2.39  3.37  4.18  4.46  4.74  4.82  4.55  4.21  3.72  3.25  2.43  2.18     3.69  2.65  4.46  4.53  3.13
 45   40     2.56  3.53  4.26  4.38  4.56  4.60  4.35  4.07  3.69  3.32  2.55  2.34     3.68  2.81  4.40  4.34  3.19
 45   50     2.67  3.63  4.28  4.21  4.30  4.30  4.08  3.87  3.57  3.32  2.61  2.45     3.61  2.92  4.26  4.08  3.17
 45   60     2.73  3.67  4.24  4.00  3.99  3.95  3.76  3.60  3.41  3.25  2.61  2.51     3.48  2.97  4.08  3.77  3.09
 45   70     2.74  3.64  4.13  3.70  3.61  3.55  3.39  3.28  3.17  3.11  2.56  2.51     3.28  2.96  3.81  3.41  2.94
 45   80     2.69  3.54  3.98  3.38  3.20  3.13  3.00  2.93  2.88  2.90  2.44  2.45     3.04  2.90  3.52  3.02  2.74
 45   90     2.60  3.40  3.77  3.00  2.77  2.70  2.59  2.55  2.56  2.63  2.26  2.34     2.76  2.78  3.18  2.61  2.48
 60   10     1.87  2.81  3.76  4.35  4.85  5.03  4.72  4.23  3.53  2.81  1.94  1.64     3.46  2.11  4.32  4.66  2.76
 60   20     2.04  2.98  3.90  4.37  4.81  4.95  4.65  4.21  3.59  2.96  2.10  1.82     3.53  2.28  4.36  4.61  2.88
 60   30     2.18  3.14  3.97  4.34  4.70  4.79  4.51  4.13  3.59  3.04  2.21  1.96     3.55  2.42  4.34  4.48  2.95
 60   40     2.28  3.24  4.02  4.23  4.51  4.58  4.31  3.97  3.53  3.07  2.28  2.07     3.51  2.53  4.25  4.29  2.96
 60   50     2.35  3.29  4.00  4.08  4.27  4.30  4.06  3.77  3.41  3.04  2.30  2.13     3.42  2.59  4.12  4.05  2.92
 60   60     2.38  3.31  3.96  3.85  3.96  3.96  3.76  3.52  3.23  2.95  2.27  2.15     3.27  2.61  3.92  3.75  2.82
 60   70     2.37  3.27  3.86  3.59  3.63  3.60  3.41  3.22  3.02  2.81  2.20  2.13     3.09  2.59  3.69  3.41  2.67
 60   80     2.32  3.18  3.71  3.28  3.25  3.21  3.05  2.89  2.74  2.61  2.08  2.07     2.87  2.52  3.41  3.05  2.48
 60   90     2.23  3.07  3.54  2.96  2.85  2.80  2.67  2.54  2.46  2.36  1.92  1.96     2.61  2.42  3.12  2.67  2.25
 75   10     1.78  2.70  3.67  4.29  4.82  5.01  4.70  4.19  3.47  2.72  1.85  1.55     3.40  2.01  4.26  4.63  2.68
 75   20     1.86  2.80  3.72  4.26  4.76  4.92  4.61  4.13  3.47  2.79  1.92  1.64     3.41  2.10  4.25  4.55  2.73
 75   30     1.93  2.86  3.74  4.19  4.62  4.75  4.46  4.02  3.42  2.81  1.97  1.71     3.37  2.17  4.18  4.41  2.73
 75   40     1.98  2.92  3.72  4.06  4.43  4.53  4.26  3.86  3.34  2.78  1.98  1.76     3.30  2.22  4.07  4.21  2.70
 75   50     2.00  2.93  3.70  3.88  4.19  4.26  4.00  3.64  3.20  2.72  1.96  1.78     3.19  2.24  3.92  3.96  2.63
 75   60     2.01  2.92  3.62  3.67  3.91  3.95  3.71  3.39  3.02  2.62  1.91  1.77     3.04  2.23  3.73  3.68  2.52
 75   70     1.99  2.88  3.54  3.42  3.58  3.60  3.39  3.11  2.81  2.46  1.82  1.74     2.86  2.21  3.51  3.37  2.37
 75   80     1.94  2.80  3.41  3.14  3.23  3.23  3.04  2.80  2.57  2.29  1.72  1.69     2.65  2.14  3.26  3.02  2.19
 75   90     1.87  2.72  3.28  2.85  2.88  2.86  2.70  2.49  2.30  2.08  1.58  1.59     2.43  2.06  3.00  2.68  1.98
 90   10     1.68  2.59  3.58  4.22  4.79  4.99  4.67  4.14  3.40  2.62  1.75  1.45     3.32  1.91  4.20  4.60  2.59
 90   20     1.68  2.59  3.53  4.14  4.69  4.87  4.56  4.04  3.34  2.59  1.73  1.45     3.27  1.91  4.12  4.49  2.55
 90   30     1.68  2.58  3.48  4.00  4.53  4.69  4.39  3.89  3.24  2.54  1.71  1.46     3.18  1.91  4.00  4.32  2.50
 90   40     1.68  2.56  3.42  3.85  4.32  4.45  4.17  3.70  3.11  2.47  1.67  1.45     3.07  1.90  3.86  4.11  2.42
 90   50     1.67  2.55  3.35  3.66  4.06  4.17  3.91  3.48  2.96  2.37  1.62  1.44     2.94  1.89  3.69  3.85  2.31
 90   60     1.65  2.51  3.28  3.44  3.78  3.87  3.62  3.22  2.77  2.26  1.55  1.41     2.78  1.86  3.50  3.57  2.19
 90   70     1.63  2.49  3.18  3.20  3.48  3.54  3.31  2.95  2.57  2.11  1.46  1.38     2.61  1.83  3.29  3.27  2.05
 90   80     1.60  2.43  3.10  2.95  3.15  3.19  2.99  2.67  2.35  1.96  1.37  1.33     2.42  1.79  3.06  2.95  1.89
 90   90     1.55  2.37  2.98  2.68  2.81  2.83  2.65  2.37  2.11  1.78  1.25  1.26     2.22  1.73  2.83  2.62  1.71
105   10     1.58  2.48  3.48  4.16  4.75  4.97  4.65  4.10  3.33  2.52  1.64  1.35     3.25  1.80  4.13  4.57  2.50
105   20     1.50  2.37  3.34  4.00  4.61  4.82  4.51  3.95  3.20  2.40  1.54  1.27     3.13  1.71  3.98  4.42  2.38
105   30     1.43  2.29  3.21  3.82  4.41  4.61  4.30  3.75  3.04  2.27  1.45  1.21     2.98  1.64  3.81  4.22  2.25
105   40     1.38  2.23  3.09  3.60  4.17  4.34  4.06  3.52  2.87  2.15  1.37  1.16     2.83  1.59  3.62  3.97  2.13
105   50     1.36  2.17  3.00  3.39  3.90  4.05  3.78  3.28  2.68  2.02  1.28  1.13     2.67  1.55  3.43  3.70  2.00
105   60     1.33  2.14  2.91  3.17  3.60  3.73  3.48  3.02  2.50  1.89  1.22  1.09     2.51  1.52  3.23  3.41  1.87
105   70     1.32  2.11  2.83  2.94  3.30  3.41  3.17  2.75  2.30  1.76  1.13  1.06     2.34  1.50  3.02  3.11  1.73
105   80     1.31  2.08  2.77  2.70  3.00  3.08  2.87  2.48  2.09  1.61  1.05  1.02     2.17  1.47  2.82  2.81  1.59
105   90     1.28  2.04  2.70  2.48  2.69  2.75  2.56  2.23  1.90  1.48  0.97  0.98     2.00  1.44  2.62  2.51  1.45
120   10     1.49  2.37  3.38  4.09  4.72  4.95  4.62  4.06  3.26  2.42  1.54  1.25     3.18  1.70  4.06  4.54  2.41
120   20     1.32  2.17  3.15  3.87  4.53  4.77  4.45  3.86  3.06  2.21  1.36  1.09     2.99  1.53  3.85  4.36  2.21
120   30     1.20  2.00  2.94  3.62  4.28  4.52  4.21  3.61  2.84  2.00  1.21  0.98     2.78  1.39  3.61  4.11  2.02
120   40     1.13  1.89  2.77  3.35  3.99  4.21  3.92  3.33  2.62  1.83  1.09  0.91     2.59  1.31  3.37  3.82  1.84
120   50     1.10  1.82  2.64  3.10  3.68  3.88  3.62  3.05  2.40  1.67  1.00  0.86     2.40  1.26  3.14  3.52  1.69
120   60     1.08  1.80  2.55  2.85  3.38  3.55  3.31  2.78  2.21  1.54  0.93  0.83     2.23  1.24  2.93  3.21  1.56
120   70     1.09  1.78  2.50  2.64  3.08  3.22  3.00  2.52  2.01  1.43  0.86  0.81     2.08  1.23  2.74  2.91  1.44
120   80     1.09  1.78  2.45  2.43  2.78  2.90  2.70  2.28  1.84  1.31  0.81  0.80     1.93  1.22  2.55  2.62  1.32
120   90     1.09  1.78  2.43  2.23  2.50  2.60  2.41  2.03  1.66  1.21  0.75  0.77     1.79  1.22  2.39  2.35  1.21
135   10     1.41  2.28  3.30  4.04  4.68  4.93  4.60  4.02  3.19  2.33  1.46  1.17     3.12  1.62  4.01  4.52  2.33
135   20     1.17  1.98  2.98  3.76  4.46  4.73  4.40  3.78  2.93  2.03  1.20  0.93     2.86  1.36  3.73  4.30  2.05
135   30     1.01  1.75  2.69  3.43  4.16  4.44  4.13  3.48  2.64  1.75  0.99  0.78     2.60  1.18  3.43  4.01  1.79
135   40     0.93  1.60  2.46  3.10  3.81  4.08  3.79  3.15  2.36  1.52  0.85  0.71     2.36  1.08  3.12  3.67  1.58
135   50     0.92  1.53  2.31  2.80  3.44  3.70  3.43  2.82  2.11  1.35  0.77  0.68     2.15  1.04  2.85  3.31  1.41
135   60     0.92  1.52  2.22  2.54  3.10  3.32  3.09  2.52  1.91  1.24  0.72  0.67     1.98  1.04  2.62  2.98  1.29
135   70     0.94  1.53  2.19  2.33  2.80  2.99  2.78  2.27  1.74  1.15  0.68  0.66     1.84  1.04  2.44  2.68  1.19
135   80     0.96  1.56  2.18  2.15  2.53  2.68  2.49  2.04  1.59  1.05  0.64  0.66     1.71  1.06  2.28  2.40  1.10
135   90     0.99  1.59  2.20  1.99  2.28  2.40  2.23  1.83  1.44  0.98  0.60  0.65     1.60  1.08  2.15  2.15  1.01
150   10     1.34  2.20  3.24  4.00  4.66  4.92  4.59  3.99  3.14  2.26  1.39  1.10     3.07  1.55  3.97  4.50  2.27
150   20     1.04  1.82  2.86  3.67  4.41  4.70  4.37  3.72  2.82  1.88  1.06  0.80     2.76  1.22  3.64  4.26  1.92
150   30     0.85  1.52  2.48  3.28  4.07  4.39  4.07  3.37  2.47  1.52  0.81  0.63     2.46  1.00  3.27  3.95  1.60
150   40     0.82  1.35  2.17  2.87  3.66  4.00  3.70  2.98  2.12  1.25  0.69  0.62     2.19  0.93  2.90  3.56  1.35
150   50     0.84  1.31  2.00  2.49  3.21  3.54  3.26  2.59  1.83  1.09  0.65  0.62     1.95  0.92  2.57  3.13  1.19
150   60     0.87  1.33  1.94  2.21  2.80  3.08  2.85  2.26  1.63  1.00  0.63  0.62     1.77  0.94  2.32  2.73  1.09
150   70     0.90  1.38  1.95  2.03  2.49  2.71  2.52  2.01  1.49  0.94  0.60  0.62     1.64  0.97  2.15  2.41  1.01
150   80     0.93  1.43  1.98  1.88  2.24  2.42  2.26  1.81  1.37  0.88  0.57  0.62     1.53  0.99  2.04  2.16  0.94
150   90     0.96  1.49  2.04  1.76  2.03  2.17  2.03  1.64  1.26  0.83  0.54  0.62     1.45  1.02  1.94  1.95  0.88
165   10     1.30  2.15  3.20  3.97  4.65  4.91  4.58  3.98  3.11  2.22  1.35  1.05     3.04  1.50  3.94  4.49  2.23
165   20     0.95  1.72  2.77  3.61  4.38  4.69  4.36  3.68  2.76  1.77  0.95  0.71     2.69  1.12  3.59  4.24  1.83
165   30     0.80  1.33  2.32  3.19  4.03  4.37  4.05  3.32  2.35  1.33  0.68  0.61     2.37  0.92  3.18  3.91  1.46
165   40     0.82  1.19  1.93  2.71  3.60  3.97  3.66  2.90  1.92  1.01  0.66  0.62     2.08  0.88  2.75  3.51  1.20
165   50     0.84  1.24  1.75  2.22  3.10  3.50  3.22  2.43  1.58  0.92  0.64  0.62     1.84  0.90  2.36  3.05  1.05
165   60     0.87  1.29  1.76  1.92  2.56  2.97  2.72  2.00  1.40  0.88  0.62  0.62     1.63  0.93  2.08  2.56  0.97
165   70     0.90  1.34  1.81  1.77  2.20  2.48  2.30  1.77  1.30  0.85  0.59  0.62     1.49  0.95  1.93  2.18  0.91
165   80     0.93  1.40  1.89  1.67  1.99  2.19  2.05  1.61  1.22  0.80  0.57  0.62     1.41  0.99  1.85  1.95  0.86
165   90     0.96  1.46  1.96  1.59  1.81  1.98  1.86  1.48  1.14  0.76  0.54  0.62     1.35  1.02  1.79  1.77  0.81
180   10     1.28  2.13  3.19  3.96  4.64  4.91  4.58  3.97  3.10  2.20  1.33  1.04     3.03  1.48  3.93  4.48  2.21
180   20     0.92  1.67  2.74  3.59  4.37  4.68  4.35  3.67  2.73  1.73  0.92  0.68     2.67  1.09  3.57  4.23  1.79
180   30     0.80  1.25  2.27  3.16  4.01  4.36  4.04  3.30  2.31  1.25  0.68  0.61     2.34  0.89  3.15  3.90  1.41
180   40     0.82  1.19  1.79  2.67  3.57  3.96  3.65  2.87  1.85  0.94  0.66  0.62     2.05  0.88  2.68  3.50  1.15
180   50     0.84  1.24  1.66  2.15  3.08  3.48  3.20  2.40  1.38  0.91  0.64  0.62     1.80  0.90  2.30  3.03  0.98
180   60     0.87  1.29  1.72  1.73  2.53  2.96  2.71  1.89  1.28  0.88  0.62  0.62     1.59  0.93  2.00  2.52  0.93
180   70     0.90  1.34  1.79  1.64  2.07  2.39  2.21  1.66  1.22  0.84  0.59  0.62     1.44  0.95  1.84  2.09  0.88
180   80     0.93  1.40  1.87  1.57  1.87  2.10  1.97  1.52  1.15  0.80  0.57  0.62     1.37  0.99  1.77  1.87  0.84
180   90     0.96  1.46  1.95  1.52  1.73  1.90  1.79  1.40  1.08  0.76  0.54  0.62     1.31  1.02  1.73  1.70  0.79
             72.5  66.3  53.4  27.5  14.3   7.2   9.2  19.7  34.0  51.1  62.9  70.7     38.8  69.6  30.3  12.7  49.1
             3.36  4.28  4.72  4.61  4.90  5.06  4.75  4.36  3.89  3.73  3.21  3.09     4.16  3.57  4.62  4.71  3.55
             2.95  3.96  4.63  4.55  4.60  4.61  4.38  4.20  3.88  3.66  2.98  2.72     3.93  3.21  4.59  4.40  3.51
             1.14  1.08  1.02  1.01  1.07  1.10  1.08  1.04  1.00  1.02  1.08  1.14     1.06  1.12  1.03  1.07  1.03
             1.75  1.52  1.28  1.07  0.95  0.91  0.93  1.00  1.14  1.39  1.69  1.88     1.29  1.71  1.10  0.95  1.41
temperature  -8.6  -7.8  -2.4   5.1  10.9  14.9  18.6  20.1  15.6   9.1   2.1  -5.1      6.0  -7.2   4.5  17.9   8.9
diffusedrad  0.97  1.43  1.97  2.22  2.55  2.78  2.69  2.31  1.81  1.29  0.88  0.77     1.81  1.06  2.25  2.60  1.33
snow10cm     0.96  1.00  0.92  0.17  0.00  0.00  0.00  0.00  0.00  0.00  0.04  0.48     0.30  0.81  0.36  0.00  0.01
