2 17631   美幌            43 46.2  144 10.3   60
             1.71  2.67  3.71  4.30  4.84  5.05  4.79  4.32  3.54  2.67  1.74  1.48     3.40  1.95  4.29  4.72  2.65
             1.99  3.02  4.14  4.74  5.56  5.84  5.92  5.12  4.30  2.95  2.01  1.68     3.66  2.13  4.64  5.29  2.94
             1.41  2.14  3.20  3.79  4.08  3.99  3.84  3.59  3.08  2.22  1.33  1.23     3.20  1.72  3.95  4.15  2.33
  0   10     2.09  3.13  4.06  4.50  4.92  5.07  4.84  4.43  3.80  3.04  2.13  1.89     3.66  2.37  4.50  4.78  2.99
  0   20     2.45  3.54  4.38  4.63  4.91  5.00  4.79  4.47  3.97  3.35  2.47  2.26     3.85  2.75  4.64  4.76  3.26
  0   30     2.76  3.88  4.62  4.65  4.80  4.84  4.66  4.42  4.06  3.58  2.75  2.58     3.97  3.08  4.69  4.64  3.46
  0   40     3.02  4.16  4.78  4.58  4.59  4.58  4.42  4.28  4.05  3.73  2.96  2.85     4.00  3.34  4.65  4.43  3.58
  0   50     3.21  4.35  4.85  4.42  4.30  4.25  4.12  4.06  3.96  3.79  3.10  3.04     3.95  3.54  4.52  4.14  3.62
  0   60     3.34  4.45  4.84  4.17  3.93  3.84  3.75  3.76  3.77  3.75  3.16  3.17     3.83  3.65  4.31  3.78  3.56
  0   70     3.40  4.46  4.74  3.84  3.48  3.37  3.31  3.38  3.51  3.63  3.14  3.21     3.62  3.69  4.02  3.35  3.43
  0   80     3.38  4.39  4.56  3.44  2.98  2.86  2.82  2.95  3.17  3.41  3.05  3.18     3.35  3.65  3.66  2.88  3.21
  0   90     3.29  4.22  4.29  2.97  2.46  2.34  2.33  2.47  2.77  3.12  2.87  3.07     3.02  3.53  3.24  2.38  2.92
 15   10     2.08  3.11  4.04  4.50  4.92  5.07  4.84  4.42  3.79  3.03  2.11  1.88     3.65  2.35  4.49  4.78  2.98
 15   20     2.42  3.50  4.35  4.61  4.91  5.00  4.79  4.46  3.96  3.33  2.44  2.24     3.83  2.72  4.62  4.75  3.24
 15   30     2.72  3.83  4.58  4.64  4.79  4.84  4.65  4.42  4.04  3.56  2.70  2.55     3.94  3.03  4.67  4.63  3.44
 15   40     2.97  4.09  4.72  4.57  4.60  4.59  4.43  4.28  4.04  3.70  2.90  2.81     3.98  3.29  4.63  4.44  3.55
 15   50     3.15  4.26  4.79  4.41  4.31  4.26  4.13  4.06  3.95  3.75  3.03  3.00     3.92  3.47  4.50  4.15  3.58
 15   60     3.27  4.36  4.77  4.16  3.93  3.86  3.76  3.76  3.77  3.71  3.08  3.11     3.79  3.58  4.29  3.79  3.52
 15   70     3.32  4.36  4.66  3.84  3.51  3.40  3.33  3.40  3.50  3.58  3.06  3.15     3.59  3.61  4.00  3.38  3.38
 15   80     3.30  4.28  4.48  3.45  3.02  2.90  2.86  2.97  3.17  3.37  2.96  3.12     3.32  3.57  3.65  2.91  3.17
 15   90     3.21  4.12  4.22  3.00  2.51  2.39  2.37  2.51  2.78  3.07  2.78  3.00     3.00  3.44  3.24  2.42  2.88
 30   10     2.04  3.06  4.00  4.47  4.91  5.07  4.83  4.40  3.76  2.99  2.07  1.84     3.62  2.31  4.46  4.77  2.94
 30   20     2.34  3.40  4.26  4.58  4.89  5.00  4.78  4.43  3.92  3.26  2.35  2.16     3.78  2.63  4.58  4.74  3.18
 30   30     2.60  3.69  4.46  4.59  4.79  4.84  4.65  4.38  3.98  3.46  2.58  2.44     3.87  2.91  4.62  4.63  3.34
 30   40     2.82  3.91  4.59  4.51  4.59  4.60  4.43  4.24  3.97  3.57  2.75  2.66     3.89  3.13  4.57  4.42  3.43
 30   50     2.97  4.06  4.64  4.36  4.33  4.29  4.15  4.03  3.87  3.60  2.84  2.82     3.83  3.29  4.44  4.16  3.44
 30   60     3.07  4.13  4.61  4.12  3.98  3.90  3.79  3.74  3.70  3.55  2.87  2.92     3.70  3.37  4.23  3.81  3.37
 30   70     3.10  4.12  4.49  3.81  3.57  3.48  3.40  3.40  3.44  3.41  2.83  2.94     3.50  3.39  3.96  3.42  3.23
 30   80     3.07  4.03  4.32  3.44  3.12  3.01  2.95  3.00  3.12  3.20  2.72  2.90     3.24  3.33  3.63  2.99  3.01
 30   90     2.98  3.86  4.08  3.02  2.65  2.54  2.50  2.58  2.75  2.90  2.54  2.78     2.93  3.21  3.25  2.54  2.73
 45   10     1.97  2.99  3.94  4.43  4.90  5.06  4.82  4.37  3.72  2.93  2.00  1.77     3.58  2.24  4.42  4.75  2.89
 45   20     2.21  3.27  4.15  4.51  4.87  4.98  4.76  4.39  3.84  3.15  2.23  2.03     3.70  2.50  4.51  4.71  3.07
 45   30     2.42  3.49  4.30  4.50  4.77  4.84  4.63  4.32  3.88  3.30  2.41  2.25     3.76  2.72  4.52  4.59  3.20
 45   40     2.59  3.67  4.38  4.42  4.59  4.61  4.43  4.18  3.85  3.38  2.52  2.42     3.75  2.89  4.46  4.41  3.25
 45   50     2.70  3.78  4.41  4.25  4.32  4.31  4.15  3.97  3.74  3.38  2.58  2.54     3.68  3.01  4.33  4.14  3.23
 45   60     2.77  3.82  4.37  4.03  4.01  3.96  3.83  3.70  3.57  3.30  2.58  2.60     3.54  3.06  4.14  3.83  3.15
 45   70     2.78  3.79  4.25  3.73  3.63  3.56  3.45  3.37  3.33  3.17  2.52  2.60     3.35  3.06  3.87  3.46  3.00
 45   80     2.74  3.70  4.09  3.40  3.22  3.14  3.05  3.01  3.03  2.95  2.41  2.54     3.11  2.99  3.57  3.06  2.80
 45   90     2.64  3.55  3.88  3.02  2.79  2.70  2.63  2.61  2.69  2.67  2.23  2.43     2.82  2.87  3.23  2.65  2.53
 60   10     1.89  2.89  3.86  4.38  4.88  5.04  4.80  4.34  3.67  2.85  1.93  1.69     3.52  2.16  4.37  4.73  2.81
 60   20     2.06  3.09  3.99  4.41  4.84  4.96  4.74  4.32  3.73  3.00  2.08  1.87     3.59  2.34  4.42  4.67  2.94
 60   30     2.20  3.25  4.08  4.38  4.72  4.81  4.60  4.23  3.74  3.09  2.19  2.03     3.61  2.49  4.39  4.54  3.01
 60   40     2.31  3.36  4.13  4.27  4.54  4.59  4.39  4.08  3.68  3.12  2.26  2.14     3.57  2.60  4.31  4.35  3.02
 60   50     2.38  3.42  4.12  4.11  4.30  4.31  4.14  3.87  3.57  3.10  2.28  2.20     3.48  2.67  4.18  4.11  2.98
 60   60     2.41  3.45  4.07  3.88  3.99  3.98  3.83  3.61  3.38  3.00  2.25  2.23     3.34  2.70  3.98  3.80  2.88
 60   70     2.41  3.41  3.97  3.62  3.65  3.61  3.48  3.30  3.16  2.86  2.17  2.21     3.15  2.68  3.75  3.46  2.73
 60   80     2.36  3.31  3.81  3.31  3.27  3.22  3.11  2.97  2.88  2.66  2.06  2.15     2.92  2.61  3.46  3.10  2.53
 60   90     2.27  3.20  3.64  2.97  2.87  2.81  2.71  2.61  2.58  2.41  1.90  2.04     2.67  2.50  3.16  2.71  2.29
 75   10     1.80  2.78  3.76  4.33  4.85  5.03  4.78  4.29  3.60  2.76  1.83  1.59     3.45  2.06  4.31  4.70  2.73
 75   20     1.88  2.89  3.81  4.30  4.78  4.93  4.69  4.23  3.61  2.82  1.90  1.69     3.46  2.15  4.30  4.62  2.78
 75   30     1.95  2.96  3.84  4.22  4.65  4.77  4.54  4.12  3.56  2.85  1.95  1.76     3.43  2.22  4.24  4.48  2.79
 75   40     2.01  3.02  3.82  4.10  4.46  4.54  4.33  3.95  3.48  2.83  1.96  1.82     3.36  2.28  4.13  4.28  2.75
 75   50     2.03  3.04  3.80  3.91  4.22  4.27  4.08  3.73  3.34  2.77  1.95  1.85     3.25  2.30  3.98  4.03  2.68
 75   60     2.04  3.03  3.72  3.70  3.93  3.96  3.79  3.48  3.17  2.66  1.89  1.83     3.10  2.30  3.78  3.74  2.57
 75   70     2.02  3.00  3.63  3.44  3.60  3.61  3.46  3.19  2.94  2.51  1.80  1.80     2.92  2.27  3.56  3.42  2.42
 75   80     1.98  2.92  3.50  3.16  3.26  3.24  3.10  2.88  2.69  2.34  1.70  1.75     2.71  2.21  3.31  3.07  2.24
 75   90     1.91  2.83  3.37  2.86  2.90  2.87  2.75  2.55  2.42  2.12  1.56  1.65     2.48  2.13  3.04  2.72  2.03
 90   10     1.70  2.67  3.66  4.26  4.81  5.01  4.75  4.24  3.53  2.65  1.73  1.48     3.38  1.95  4.24  4.67  2.64
 90   20     1.69  2.67  3.61  4.17  4.71  4.89  4.64  4.14  3.47  2.63  1.72  1.49     3.32  1.95  4.17  4.56  2.61
 90   30     1.70  2.66  3.56  4.04  4.55  4.70  4.47  3.99  3.37  2.58  1.69  1.50     3.23  1.95  4.05  4.39  2.55
 90   40     1.70  2.64  3.50  3.88  4.34  4.46  4.25  3.79  3.24  2.51  1.66  1.49     3.12  1.94  3.91  4.17  2.47
 90   50     1.69  2.64  3.42  3.69  4.09  4.18  3.98  3.56  3.09  2.41  1.60  1.49     2.99  1.94  3.73  3.91  2.37
 90   60     1.67  2.60  3.36  3.46  3.81  3.88  3.69  3.30  2.90  2.29  1.54  1.46     2.83  1.91  3.54  3.62  2.24
 90   70     1.66  2.58  3.26  3.22  3.50  3.55  3.38  3.03  2.69  2.15  1.45  1.42     2.66  1.88  3.33  3.32  2.09
 90   80     1.63  2.52  3.18  2.97  3.17  3.20  3.05  2.74  2.46  1.99  1.35  1.37     2.47  1.84  3.10  3.00  1.93
 90   90     1.58  2.45  3.06  2.69  2.84  2.84  2.70  2.43  2.21  1.81  1.24  1.30     2.26  1.78  2.86  2.66  1.76
105   10     1.60  2.54  3.55  4.19  4.78  4.98  4.73  4.20  3.45  2.55  1.63  1.38     3.30  1.84  4.17  4.64  2.54
105   20     1.51  2.43  3.41  4.04  4.64  4.83  4.59  4.04  3.32  2.42  1.53  1.30     3.17  1.75  4.03  4.49  2.42
105   30     1.45  2.35  3.27  3.85  4.43  4.62  4.38  3.84  3.16  2.29  1.44  1.23     3.03  1.68  3.85  4.28  2.30
105   40     1.40  2.29  3.16  3.63  4.19  4.36  4.13  3.61  2.98  2.17  1.36  1.19     2.87  1.62  3.66  4.03  2.17
105   50     1.38  2.23  3.06  3.41  3.92  4.06  3.85  3.36  2.79  2.05  1.28  1.15     2.71  1.59  3.46  3.75  2.04
105   60     1.35  2.20  2.97  3.19  3.63  3.74  3.55  3.09  2.60  1.91  1.21  1.12     2.55  1.56  3.26  3.46  1.91
105   70     1.35  2.17  2.90  2.95  3.32  3.42  3.23  2.82  2.40  1.79  1.13  1.08     2.38  1.53  3.06  3.16  1.77
105   80     1.33  2.15  2.83  2.71  3.02  3.09  2.93  2.54  2.18  1.64  1.05  1.05     2.21  1.51  2.85  2.85  1.62
105   90     1.31  2.11  2.76  2.48  2.71  2.76  2.62  2.28  1.98  1.50  0.96  1.00     2.04  1.47  2.65  2.55  1.48
120   10     1.50  2.43  3.45  4.13  4.74  4.96  4.70  4.15  3.37  2.45  1.54  1.28     3.23  1.74  4.11  4.61  2.45
120   20     1.34  2.21  3.21  3.90  4.55  4.79  4.53  3.94  3.17  2.23  1.35  1.11     3.03  1.55  3.89  4.42  2.25
120   30     1.22  2.05  3.00  3.64  4.30  4.53  4.28  3.69  2.94  2.02  1.20  0.99     2.82  1.42  3.65  4.17  2.05
120   40     1.15  1.93  2.82  3.37  4.01  4.23  3.99  3.40  2.71  1.84  1.09  0.92     2.62  1.33  3.40  3.87  1.88
120   50     1.12  1.86  2.68  3.11  3.71  3.89  3.68  3.12  2.49  1.69  1.00  0.88     2.44  1.28  3.17  3.56  1.73
120   60     1.10  1.84  2.59  2.87  3.40  3.56  3.36  2.84  2.28  1.56  0.93  0.84     2.26  1.26  2.95  3.25  1.59
120   70     1.10  1.82  2.54  2.65  3.10  3.23  3.05  2.58  2.08  1.45  0.86  0.82     2.11  1.25  2.76  2.95  1.46
120   80     1.11  1.83  2.49  2.44  2.80  2.91  2.75  2.32  1.91  1.33  0.80  0.81     1.96  1.25  2.58  2.66  1.35
120   90     1.12  1.83  2.48  2.23  2.52  2.61  2.46  2.07  1.73  1.22  0.75  0.79     1.82  1.24  2.41  2.38  1.23
135   10     1.42  2.33  3.37  4.07  4.71  4.95  4.68  4.11  3.31  2.36  1.45  1.19     3.16  1.65  4.05  4.58  2.37
135   20     1.18  2.02  3.04  3.79  4.49  4.74  4.48  3.86  3.02  2.05  1.19  0.94     2.90  1.38  3.77  4.36  2.09
135   30     1.02  1.77  2.73  3.46  4.18  4.46  4.20  3.55  2.72  1.76  0.99  0.79     2.63  1.19  3.46  4.07  1.82
135   40     0.94  1.62  2.49  3.11  3.83  4.10  3.85  3.21  2.43  1.53  0.85  0.71     2.39  1.09  3.14  3.72  1.61
135   50     0.93  1.54  2.33  2.81  3.46  3.71  3.48  2.87  2.17  1.36  0.78  0.68     2.18  1.05  2.87  3.35  1.44
135   60     0.94  1.53  2.25  2.55  3.12  3.34  3.14  2.57  1.96  1.25  0.73  0.67     2.00  1.05  2.64  3.01  1.31
135   70     0.96  1.55  2.21  2.33  2.82  3.00  2.82  2.30  1.79  1.15  0.68  0.67     1.86  1.06  2.46  2.71  1.21
135   80     0.98  1.59  2.21  2.15  2.54  2.69  2.53  2.07  1.64  1.06  0.64  0.66     1.73  1.07  2.30  2.43  1.11
135   90     1.01  1.62  2.23  1.98  2.29  2.41  2.27  1.87  1.48  0.99  0.60  0.66     1.62  1.10  2.17  2.18  1.03
150   10     1.36  2.25  3.30  4.03  4.69  4.93  4.67  4.08  3.25  2.28  1.39  1.12     3.11  1.57  4.01  4.56  2.31
150   20     1.05  1.85  2.90  3.69  4.43  4.72  4.45  3.80  2.91  1.89  1.06  0.80     2.79  1.23  3.67  4.32  1.95
150   30     0.86  1.53  2.50  3.29  4.09  4.41  4.14  3.44  2.54  1.53  0.81  0.63     2.48  1.00  3.30  4.00  1.62
150   40     0.83  1.35  2.19  2.88  3.68  4.01  3.75  3.03  2.17  1.25  0.69  0.61     2.20  0.93  2.91  3.60  1.37
150   50     0.85  1.31  2.01  2.50  3.22  3.55  3.31  2.62  1.87  1.09  0.65  0.61     1.97  0.93  2.58  3.16  1.20
150   60     0.88  1.34  1.95  2.21  2.82  3.09  2.89  2.29  1.66  1.00  0.63  0.61     1.78  0.94  2.33  2.75  1.10
150   70     0.91  1.39  1.96  2.02  2.50  2.72  2.55  2.03  1.51  0.94  0.60  0.62     1.65  0.97  2.16  2.43  1.02
150   80     0.95  1.44  2.00  1.87  2.25  2.43  2.28  1.83  1.40  0.88  0.57  0.62     1.54  1.00  2.04  2.18  0.95
150   90     0.98  1.51  2.06  1.76  2.04  2.18  2.05  1.66  1.28  0.84  0.54  0.62     1.46  1.04  1.95  1.96  0.89
165   10     1.31  2.20  3.26  4.00  4.67  4.92  4.66  4.06  3.22  2.24  1.34  1.07     3.08  1.53  3.98  4.55  2.27
165   20     0.95  1.73  2.81  3.64  4.40  4.70  4.43  3.76  2.84  1.79  0.96  0.71     2.73  1.13  3.62  4.30  1.86
165   30     0.81  1.33  2.34  3.20  4.05  4.38  4.11  3.38  2.41  1.34  0.68  0.61     2.39  0.91  3.20  3.96  1.48
165   40     0.83  1.18  1.93  2.72  3.62  3.98  3.72  2.94  1.95  1.01  0.66  0.61     2.10  0.87  2.75  3.55  1.21
165   50     0.85  1.23  1.75  2.22  3.12  3.51  3.26  2.45  1.59  0.92  0.64  0.61     1.85  0.90  2.36  3.07  1.05
165   60     0.88  1.28  1.76  1.91  2.57  2.98  2.75  2.01  1.41  0.88  0.62  0.61     1.64  0.93  2.08  2.58  0.97
165   70     0.91  1.35  1.81  1.76  2.21  2.48  2.32  1.77  1.30  0.84  0.60  0.62     1.50  0.96  1.93  2.19  0.91
165   80     0.95  1.41  1.89  1.66  1.99  2.20  2.07  1.61  1.22  0.80  0.57  0.62     1.42  0.99  1.85  1.96  0.86
165   90     0.98  1.48  1.97  1.58  1.82  1.98  1.87  1.49  1.15  0.76  0.54  0.62     1.35  1.03  1.79  1.78  0.82
180   10     1.29  2.18  3.25  3.99  4.66  4.92  4.66  4.06  3.21  2.22  1.33  1.05     3.07  1.51  3.97  4.54  2.25
180   20     0.92  1.69  2.78  3.62  4.39  4.69  4.42  3.75  2.81  1.74  0.92  0.68     2.70  1.10  3.60  4.29  1.83
180   30     0.81  1.24  2.28  3.17  4.03  4.37  4.10  3.36  2.36  1.25  0.68  0.61     2.36  0.89  3.16  3.95  1.43
180   40     0.83  1.18  1.78  2.68  3.59  3.97  3.71  2.92  1.87  0.93  0.66  0.61     2.06  0.87  2.68  3.53  1.16
180   50     0.85  1.23  1.65  2.15  3.09  3.50  3.25  2.42  1.37  0.91  0.64  0.61     1.80  0.90  2.29  3.05  0.97
180   60     0.88  1.28  1.72  1.72  2.54  2.96  2.73  1.90  1.27  0.87  0.62  0.61     1.59  0.93  1.99  2.53  0.92
180   70     0.91  1.35  1.79  1.62  2.08  2.40  2.23  1.65  1.21  0.84  0.60  0.62     1.44  0.96  1.83  2.09  0.88
180   80     0.95  1.41  1.88  1.55  1.88  2.11  1.98  1.52  1.15  0.80  0.57  0.62     1.37  0.99  1.77  1.87  0.84
180   90     0.98  1.48  1.96  1.50  1.73  1.91  1.81  1.40  1.08  0.76  0.54  0.62     1.31  1.03  1.73  1.71  0.79
             72.7  66.6  53.6  27.5  14.3   7.2   9.2  19.9  34.5  51.2  62.7  70.8     39.1  69.8  30.6  12.8  48.9
             3.40  4.47  4.86  4.65  4.93  5.07  4.84  4.47  4.07  3.79  3.16  3.21     4.24  3.69  4.69  4.78  3.62
             3.00  4.13  4.77  4.59  4.61  4.61  4.45  4.30  4.06  3.72  2.94  2.83     4.00  3.32  4.66  4.45  3.57
             1.13  1.08  1.02  1.01  1.07  1.10  1.09  1.04  1.00  1.02  1.07  1.13     1.06  1.12  1.03  1.08  1.03
             1.75  1.55  1.29  1.07  0.95  0.91  0.93  1.00  1.15  1.39  1.69  1.91     1.30  1.74  1.10  0.95  1.41
temperature  -8.8  -8.4  -3.0   4.2   9.9  13.9  17.7  19.5  15.2   8.9   1.9  -5.3      5.5  -7.5   3.7  17.0   8.7
diffusedrad  0.98  1.43  1.96  2.21  2.54  2.78  2.68  2.30  1.82  1.29  0.88  0.78     1.80  1.06  2.24  2.59  1.33
snow10cm     0.99  1.00  0.92  0.16  0.00  0.00  0.00  0.00  0.00  0.00  0.04  0.47     0.30  0.82  0.36  0.00  0.01
