2 19021   川湯            43   37  144 27.4  158
             1.61  2.48  3.53  4.03  4.55  4.69  4.33  3.76  3.08  2.43  1.66  1.36     3.13  1.81  4.04  4.26  2.39
             2.04  3.00  4.21  4.66  5.44  5.36  5.58  4.74  4.06  2.73  2.05  1.58     3.47  2.05  4.62  4.89  2.77
             1.07  1.93  2.98  3.34  3.63  3.34  3.31  3.04  2.30  1.76  1.03  0.89     2.66  1.42  3.49  3.33  1.69
  0   10     1.94  2.86  3.83  4.20  4.62  4.71  4.36  3.83  3.27  2.72  1.99  1.67     3.33  2.15  4.21  4.30  2.66
  0   20     2.24  3.19  4.09  4.31  4.60  4.64  4.32  3.85  3.38  2.96  2.28  1.96     3.49  2.46  4.34  4.27  2.87
  0   30     2.50  3.48  4.30  4.34  4.50  4.50  4.20  3.80  3.43  3.13  2.52  2.21     3.58  2.73  4.38  4.17  3.02
  0   40     2.72  3.70  4.43  4.30  4.31  4.27  4.00  3.67  3.41  3.23  2.69  2.42     3.60  2.95  4.35  3.98  3.11
  0   50     2.88  3.86  4.50  4.19  4.04  3.96  3.74  3.48  3.31  3.25  2.81  2.57     3.55  3.10  4.24  3.73  3.13
  0   60     2.99  3.94  4.48  4.01  3.69  3.60  3.42  3.23  3.15  3.21  2.85  2.66     3.44  3.19  4.06  3.42  3.07
  0   70     3.03  3.94  4.39  3.76  3.29  3.18  3.04  2.92  2.93  3.09  2.83  2.69     3.26  3.22  3.81  3.05  2.95
  0   80     3.01  3.87  4.23  3.45  2.84  2.73  2.63  2.56  2.65  2.89  2.73  2.66     3.02  3.18  3.51  2.64  2.76
  0   90     2.93  3.72  4.00  3.10  2.36  2.26  2.20  2.17  2.32  2.64  2.57  2.57     2.74  3.07  3.16  2.21  2.51
 15   10     1.92  2.84  3.81  4.20  4.61  4.71  4.36  3.82  3.26  2.71  1.98  1.66     3.32  2.14  4.21  4.30  2.65
 15   20     2.21  3.17  4.07  4.30  4.60  4.64  4.32  3.84  3.37  2.94  2.25  1.94     3.47  2.44  4.32  4.27  2.86
 15   30     2.47  3.44  4.26  4.33  4.49  4.49  4.19  3.79  3.42  3.11  2.48  2.19     3.56  2.70  4.36  4.16  3.00
 15   40     2.67  3.65  4.39  4.29  4.31  4.27  4.00  3.67  3.40  3.20  2.64  2.38     3.57  2.90  4.33  3.98  3.08
 15   50     2.83  3.79  4.44  4.18  4.04  3.97  3.74  3.48  3.30  3.22  2.75  2.53     3.52  3.05  4.22  3.73  3.09
 15   60     2.93  3.86  4.42  3.99  3.70  3.61  3.42  3.22  3.14  3.17  2.78  2.61     3.41  3.13  4.04  3.42  3.03
 15   70     2.97  3.86  4.33  3.75  3.31  3.20  3.05  2.92  2.92  3.05  2.75  2.64     3.23  3.16  3.80  3.06  2.90
 15   80     2.94  3.78  4.17  3.46  2.87  2.76  2.65  2.57  2.64  2.85  2.66  2.61     3.00  3.11  3.50  2.66  2.72
 15   90     2.86  3.64  3.94  3.11  2.41  2.30  2.23  2.20  2.32  2.60  2.50  2.52     2.72  3.01  3.15  2.24  2.47
 30   10     1.89  2.80  3.78  4.17  4.61  4.70  4.36  3.81  3.24  2.68  1.94  1.63     3.30  2.11  4.19  4.29  2.62
 30   20     2.15  3.09  4.00  4.26  4.59  4.64  4.30  3.82  3.34  2.88  2.18  1.88     3.43  2.37  4.28  4.25  2.80
 30   30     2.37  3.32  4.17  4.29  4.49  4.49  4.19  3.76  3.37  3.02  2.37  2.10     3.50  2.60  4.31  4.15  2.92
 30   40     2.55  3.50  4.27  4.24  4.30  4.27  3.99  3.63  3.33  3.10  2.51  2.27     3.50  2.77  4.27  3.97  2.98
 30   50     2.68  3.62  4.31  4.13  4.05  3.99  3.74  3.45  3.24  3.10  2.59  2.39     3.44  2.90  4.16  3.73  2.98
 30   60     2.76  3.67  4.28  3.95  3.73  3.64  3.43  3.20  3.08  3.04  2.60  2.46     3.32  2.96  3.99  3.42  2.91
 30   70     2.78  3.66  4.18  3.72  3.36  3.26  3.09  2.91  2.85  2.91  2.56  2.48     3.15  2.97  3.75  3.09  2.77
 30   80     2.75  3.57  4.03  3.44  2.94  2.84  2.70  2.58  2.59  2.71  2.45  2.44     2.92  2.92  3.47  2.71  2.58
 30   90     2.67  3.42  3.81  3.12  2.52  2.41  2.31  2.23  2.28  2.46  2.29  2.34     2.65  2.81  3.15  2.32  2.34
 45   10     1.84  2.74  3.72  4.14  4.59  4.69  4.34  3.79  3.21  2.63  1.88  1.58     3.26  2.05  4.15  4.28  2.58
 45   20     2.04  2.97  3.90  4.21  4.56  4.62  4.29  3.78  3.28  2.79  2.07  1.78     3.36  2.27  4.22  4.23  2.71
 45   30     2.21  3.15  4.03  4.21  4.46  4.48  4.16  3.71  3.29  2.90  2.22  1.95     3.40  2.44  4.23  4.12  2.80
 45   40     2.35  3.29  4.09  4.15  4.29  4.27  3.98  3.58  3.24  2.94  2.32  2.08     3.38  2.58  4.18  3.94  2.83
 45   50     2.45  3.38  4.11  4.03  4.04  4.00  3.73  3.39  3.13  2.92  2.36  2.17     3.31  2.67  4.06  3.71  2.80
 45   60     2.50  3.41  4.07  3.87  3.75  3.68  3.44  3.16  2.97  2.84  2.35  2.21     3.19  2.71  3.90  3.43  2.72
 45   70     2.50  3.38  3.97  3.65  3.39  3.31  3.11  2.87  2.76  2.70  2.29  2.21     3.01  2.70  3.67  3.10  2.59
 45   80     2.46  3.29  3.83  3.40  3.02  2.92  2.75  2.57  2.50  2.51  2.18  2.16     2.80  2.64  3.41  2.75  2.40
 45   90     2.37  3.16  3.64  3.11  2.62  2.53  2.39  2.24  2.22  2.27  2.02  2.06     2.55  2.53  3.12  2.39  2.17
 60   10     1.76  2.66  3.65  4.10  4.57  4.68  4.33  3.76  3.17  2.57  1.81  1.51     3.22  1.98  4.11  4.26  2.52
 60   20     1.91  2.82  3.77  4.13  4.53  4.60  4.26  3.73  3.20  2.67  1.94  1.66     3.27  2.13  4.14  4.20  2.61
 60   30     2.03  2.95  3.84  4.11  4.41  4.45  4.13  3.65  3.19  2.73  2.03  1.77     3.27  2.25  4.12  4.08  2.65
 60   40     2.11  3.04  3.87  4.03  4.24  4.25  3.94  3.50  3.11  2.73  2.09  1.86     3.23  2.33  4.05  3.90  2.64
 60   50     2.17  3.08  3.86  3.91  4.01  3.99  3.71  3.32  3.00  2.69  2.10  1.90     3.14  2.38  3.93  3.67  2.60
 60   60     2.19  3.09  3.81  3.74  3.72  3.68  3.42  3.08  2.82  2.59  2.06  1.92     3.01  2.40  3.76  3.40  2.49
 60   70     2.18  3.05  3.72  3.54  3.40  3.34  3.11  2.82  2.63  2.46  1.99  1.90     2.85  2.38  3.56  3.09  2.36
 60   80     2.13  2.96  3.58  3.31  3.05  2.98  2.78  2.53  2.38  2.27  1.88  1.84     2.64  2.31  3.31  2.76  2.18
 60   90     2.05  2.86  3.43  3.06  2.68  2.60  2.43  2.23  2.13  2.05  1.73  1.75     2.42  2.22  3.06  2.42  1.97
 75   10     1.69  2.57  3.57  4.05  4.55  4.66  4.31  3.73  3.12  2.49  1.73  1.44     3.16  1.90  4.05  4.24  2.45
 75   20     1.76  2.65  3.61  4.03  4.48  4.57  4.23  3.67  3.11  2.53  1.79  1.51     3.16  1.97  4.04  4.16  2.48
 75   30     1.81  2.71  3.63  3.97  4.35  4.41  4.09  3.56  3.05  2.54  1.82  1.56     3.13  2.03  3.98  4.02  2.47
 75   40     1.85  2.75  3.61  3.88  4.16  4.20  3.89  3.41  2.96  2.50  1.82  1.60     3.05  2.07  3.88  3.83  2.43
 75   50     1.87  2.75  3.58  3.74  3.93  3.95  3.65  3.21  2.82  2.43  1.80  1.62     2.95  2.08  3.75  3.60  2.35
 75   60     1.87  2.74  3.51  3.58  3.67  3.65  3.38  2.99  2.66  2.32  1.75  1.60     2.81  2.07  3.59  3.34  2.24
 75   70     1.85  2.70  3.43  3.39  3.35  3.33  3.08  2.73  2.46  2.17  1.66  1.58     2.64  2.04  3.39  3.05  2.10
 75   80     1.81  2.63  3.31  3.18  3.03  2.99  2.76  2.46  2.24  2.01  1.56  1.52     2.46  1.99  3.18  2.73  1.94
 75   90     1.74  2.54  3.19  2.96  2.69  2.64  2.45  2.18  2.00  1.82  1.43  1.45     2.26  1.91  2.95  2.42  1.75
 90   10     1.60  2.47  3.48  4.00  4.52  4.65  4.29  3.69  3.06  2.41  1.65  1.36     3.10  1.81  4.00  4.21  2.37
 90   20     1.59  2.46  3.44  3.92  4.42  4.53  4.19  3.60  3.00  2.38  1.63  1.35     3.04  1.80  3.93  4.11  2.34
 90   30     1.59  2.45  3.39  3.82  4.27  4.36  4.03  3.47  2.90  2.32  1.60  1.36     2.96  1.80  3.83  3.95  2.28
 90   40     1.59  2.43  3.33  3.70  4.06  4.13  3.82  3.29  2.78  2.25  1.56  1.34     2.86  1.79  3.70  3.75  2.19
 90   50     1.58  2.42  3.26  3.55  3.82  3.87  3.57  3.09  2.63  2.15  1.51  1.34     2.73  1.78  3.54  3.51  2.09
 90   60     1.55  2.38  3.20  3.38  3.55  3.58  3.30  2.86  2.46  2.03  1.44  1.31     2.59  1.75  3.38  3.25  1.98
 90   70     1.54  2.35  3.11  3.20  3.26  3.27  3.02  2.61  2.27  1.89  1.35  1.27     2.43  1.72  3.19  2.97  1.84
 90   80     1.51  2.29  3.03  3.02  2.95  2.94  2.71  2.36  2.06  1.74  1.26  1.23     2.26  1.68  3.00  2.67  1.69
 90   90     1.46  2.23  2.93  2.82  2.64  2.61  2.40  2.09  1.85  1.58  1.16  1.17     2.08  1.62  2.79  2.37  1.53
105   10     1.51  2.37  3.39  3.94  4.49  4.63  4.27  3.66  3.01  2.33  1.56  1.27     3.04  1.72  3.94  4.19  2.30
105   20     1.44  2.27  3.27  3.81  4.35  4.49  4.14  3.53  2.89  2.22  1.47  1.20     2.92  1.64  3.81  4.05  2.19
105   30     1.38  2.19  3.14  3.66  4.16  4.29  3.96  3.36  2.75  2.10  1.38  1.15     2.79  1.57  3.65  3.87  2.08
105   40     1.33  2.13  3.04  3.49  3.93  4.04  3.73  3.16  2.59  1.98  1.30  1.11     2.65  1.52  3.49  3.65  1.96
105   50     1.31  2.08  2.95  3.32  3.67  3.77  3.47  2.94  2.41  1.86  1.23  1.07     2.51  1.49  3.31  3.39  1.83
105   60     1.28  2.04  2.86  3.15  3.40  3.47  3.19  2.71  2.24  1.73  1.16  1.04     2.36  1.46  3.14  3.12  1.71
105   70     1.27  2.01  2.80  2.98  3.11  3.16  2.90  2.46  2.06  1.61  1.08  1.01     2.20  1.43  2.96  2.84  1.58
105   80     1.25  1.98  2.73  2.81  2.82  2.85  2.62  2.22  1.86  1.47  1.00  0.98     2.05  1.41  2.79  2.56  1.44
105   90     1.23  1.94  2.68  2.65  2.53  2.54  2.33  1.98  1.68  1.34  0.92  0.94     1.90  1.37  2.62  2.29  1.31
120   10     1.43  2.27  3.31  3.88  4.46  4.61  4.25  3.63  2.95  2.25  1.48  1.19     2.98  1.63  3.88  4.16  2.23
120   20     1.29  2.09  3.10  3.70  4.28  4.45  4.10  3.47  2.78  2.07  1.31  1.06     2.81  1.48  3.69  4.00  2.05
120   30     1.18  1.94  2.90  3.49  4.05  4.22  3.88  3.26  2.59  1.89  1.17  0.96     2.63  1.36  3.48  3.79  1.88
120   40     1.12  1.83  2.74  3.28  3.78  3.94  3.63  3.02  2.39  1.73  1.06  0.90     2.45  1.28  3.27  3.53  1.73
120   50     1.08  1.77  2.62  3.08  3.49  3.63  3.34  2.77  2.20  1.58  0.98  0.86     2.29  1.24  3.06  3.25  1.59
120   60     1.06  1.74  2.54  2.89  3.20  3.32  3.06  2.53  2.01  1.46  0.92  0.83     2.13  1.21  2.88  2.97  1.46
120   70     1.07  1.72  2.49  2.73  2.92  3.01  2.77  2.30  1.83  1.35  0.85  0.81     1.99  1.20  2.71  2.69  1.34
120   80     1.07  1.72  2.45  2.59  2.63  2.71  2.49  2.07  1.67  1.23  0.79  0.80     1.85  1.20  2.56  2.42  1.23
120   90     1.07  1.71  2.44  2.44  2.37  2.42  2.22  1.84  1.50  1.12  0.73  0.78     1.72  1.19  2.42  2.16  1.12
135   10     1.36  2.19  3.23  3.84  4.43  4.59  4.23  3.60  2.90  2.18  1.40  1.12     2.92  1.56  3.83  4.14  2.16
135   20     1.15  1.92  2.95  3.61  4.23  4.42  4.06  3.41  2.68  1.93  1.17  0.93     2.70  1.33  3.59  3.96  1.93
135   30     1.01  1.71  2.68  3.34  3.95  4.16  3.82  3.16  2.44  1.69  0.99  0.80     2.48  1.17  3.32  3.71  1.71
135   40     0.94  1.57  2.47  3.07  3.63  3.84  3.53  2.88  2.19  1.49  0.87  0.73     2.27  1.08  3.05  3.42  1.52
135   50     0.92  1.50  2.33  2.83  3.29  3.49  3.21  2.60  1.98  1.33  0.79  0.71     2.08  1.05  2.81  3.10  1.37
135   60     0.93  1.49  2.25  2.63  2.97  3.14  2.90  2.34  1.79  1.22  0.74  0.70     1.93  1.04  2.62  2.79  1.25
135   70     0.94  1.50  2.22  2.48  2.68  2.83  2.60  2.11  1.63  1.12  0.69  0.69     1.79  1.04  2.46  2.51  1.15
135   80     0.96  1.52  2.21  2.35  2.42  2.53  2.34  1.90  1.48  1.03  0.65  0.69     1.67  1.06  2.33  2.25  1.06
135   90     0.98  1.54  2.23  2.24  2.18  2.26  2.09  1.70  1.34  0.95  0.61  0.68     1.57  1.07  2.22  2.02  0.97
150   10     1.31  2.12  3.18  3.80  4.41  4.58  4.22  3.58  2.87  2.13  1.35  1.07     2.88  1.50  3.80  4.13  2.11
150   20     1.04  1.78  2.83  3.53  4.18  4.39  4.04  3.36  2.61  1.81  1.06  0.82     2.62  1.21  3.52  3.93  1.82
150   30     0.87  1.50  2.49  3.21  3.88  4.12  3.78  3.09  2.31  1.51  0.83  0.68     2.36  1.02  3.19  3.66  1.55
150   40     0.84  1.35  2.21  2.88  3.50  3.77  3.46  2.77  2.01  1.27  0.73  0.66     2.12  0.95  2.86  3.33  1.34
150   50     0.86  1.31  2.05  2.58  3.09  3.36  3.09  2.44  1.76  1.12  0.69  0.66     1.92  0.94  2.57  2.96  1.19
150   60     0.88  1.33  2.00  2.36  2.72  2.95  2.72  2.15  1.58  1.03  0.66  0.66     1.75  0.96  2.36  2.61  1.09
150   70     0.91  1.37  2.01  2.23  2.42  2.61  2.42  1.93  1.44  0.97  0.63  0.66     1.63  0.98  2.22  2.32  1.01
150   80     0.93  1.41  2.04  2.13  2.18  2.33  2.16  1.74  1.32  0.90  0.59  0.66     1.53  1.00  2.12  2.08  0.94
150   90     0.96  1.46  2.09  2.06  1.97  2.08  1.94  1.57  1.21  0.84  0.56  0.66     1.45  1.03  2.04  1.86  0.87
165   10     1.27  2.08  3.14  3.78  4.39  4.58  4.21  3.57  2.84  2.09  1.31  1.03     2.86  1.46  3.77  4.12  2.08
165   20     0.96  1.69  2.75  3.48  4.16  4.38  4.02  3.34  2.55  1.73  0.97  0.74     2.56  1.13  3.46  3.91  1.75
165   30     0.83  1.34  2.35  3.14  3.84  4.10  3.76  3.05  2.22  1.36  0.72  0.66     2.28  0.94  3.11  3.63  1.44
165   40     0.84  1.21  2.00  2.75  3.45  3.74  3.43  2.71  1.87  1.09  0.70  0.66     2.04  0.90  2.73  3.29  1.22
165   50     0.86  1.25  1.83  2.35  3.00  3.33  3.05  2.33  1.57  1.00  0.68  0.66     1.83  0.92  2.40  2.90  1.08
165   60     0.88  1.29  1.84  2.12  2.51  2.86  2.62  1.97  1.41  0.95  0.65  0.66     1.65  0.94  2.15  2.48  1.00
165   70     0.91  1.34  1.89  2.02  2.17  2.41  2.25  1.76  1.30  0.90  0.62  0.66     1.52  0.97  2.03  2.14  0.94
165   80     0.93  1.39  1.95  1.96  1.96  2.15  2.01  1.60  1.21  0.85  0.59  0.66     1.44  0.99  1.96  1.92  0.88
165   90     0.96  1.44  2.02  1.93  1.79  1.93  1.81  1.46  1.12  0.79  0.56  0.66     1.37  1.02  1.91  1.74  0.82
180   10     1.25  2.06  3.13  3.77  4.39  4.57  4.21  3.56  2.83  2.08  1.30  1.02     2.85  1.45  3.77  4.12  2.07
180   20     0.93  1.65  2.73  3.47  4.14  4.37  4.02  3.33  2.54  1.70  0.94  0.72     2.54  1.10  3.45  3.90  1.72
180   30     0.83  1.27  2.31  3.11  3.82  4.09  3.75  3.03  2.19  1.30  0.72  0.66     2.26  0.92  3.08  3.62  1.40
180   40     0.84  1.21  1.87  2.72  3.43  3.73  3.42  2.69  1.81  1.03  0.70  0.66     2.01  0.90  2.67  3.28  1.18
180   50     0.86  1.25  1.75  2.30  2.98  3.31  3.04  2.31  1.42  0.99  0.68  0.66     1.79  0.92  2.34  2.88  1.03
180   60     0.88  1.29  1.81  1.97  2.48  2.85  2.61  1.89  1.32  0.94  0.65  0.66     1.61  0.94  2.09  2.45  0.97
180   70     0.91  1.34  1.87  1.91  2.06  2.35  2.18  1.68  1.25  0.90  0.62  0.66     1.48  0.97  1.95  2.07  0.92
180   80     0.93  1.39  1.94  1.89  1.87  2.07  1.95  1.54  1.17  0.85  0.59  0.66     1.40  0.99  1.90  1.85  0.87
180   90     0.96  1.44  2.01  1.87  1.72  1.87  1.77  1.41  1.08  0.79  0.56  0.66     1.35  1.02  1.87  1.68  0.81
             71.9  65.6  53.2  29.4  13.7   7.3   9.2  18.0  31.8  48.6  61.4  70.2     38.0  69.0  30.7  11.7  47.2
             3.03  3.95  4.50  4.34  4.62  4.71  4.36  3.85  3.43  3.25  2.85  2.69     3.80  3.22  4.38  4.30  3.13
             2.68  3.66  4.41  4.32  4.35  4.32  4.05  3.70  3.42  3.21  2.66  2.38     3.60  2.91  4.36  4.02  3.10
             1.13  1.08  1.02  1.00  1.06  1.09  1.08  1.04  1.00  1.01  1.07  1.13     1.06  1.11  1.03  1.07  1.03
             1.66  1.48  1.25  1.07  0.96  0.92  0.94  0.98  1.11  1.32  1.60  1.75     1.25  1.63  1.09  0.95  1.34
temperature  -9.5  -9.4  -4.1   2.8   8.5  12.7  16.4  18.3  14.2   8.0   1.3  -5.8      4.5  -8.2   2.4  15.8   7.8
diffusedrad  0.98  1.42  2.04  2.32  2.60  2.86  2.79  2.36  1.82  1.35  0.91  0.80     1.85  1.07  2.32  2.67  1.36
snow10cm     0.99  1.00  0.97  0.49  0.01  0.00  0.00  0.00  0.00  0.00  0.06  0.58     0.34  0.86  0.49  0.00  0.02
