2 19151   標茶            43 17.5  144 35.2   20
             1.91  2.85  3.81  4.17  4.74  4.76  4.11  3.73  3.21  2.72  1.95  1.62     3.30  2.13  4.24  4.20  2.63
             2.26  3.25  4.27  4.81  5.50  5.74  5.52  4.86  3.88  3.01  2.26  1.82     3.50  2.33  4.77  5.00  2.93
             1.60  2.43  3.04  3.28  3.97  3.37  3.09  3.17  2.73  2.26  1.65  1.10     2.84  1.87  3.57  3.24  2.36
  0   10     2.39  3.37  4.16  4.35  4.81  4.77  4.14  3.80  3.40  3.08  2.41  2.09     3.56  2.62  4.44  4.24  2.96
  0   20     2.84  3.83  4.47  4.46  4.80  4.71  4.10  3.82  3.52  3.38  2.82  2.52     3.77  3.06  4.58  4.21  3.24
  0   30     3.23  4.22  4.71  4.47  4.68  4.55  3.98  3.77  3.58  3.61  3.15  2.90     3.90  3.45  4.62  4.10  3.44
  0   40     3.55  4.53  4.86  4.39  4.48  4.31  3.79  3.64  3.56  3.74  3.41  3.20     3.96  3.76  4.58  3.92  3.57
  0   50     3.79  4.74  4.92  4.23  4.19  4.00  3.55  3.45  3.46  3.79  3.58  3.43     3.93  3.99  4.45  3.67  3.61
  0   60     3.95  4.85  4.88  3.99  3.83  3.63  3.25  3.20  3.29  3.75  3.65  3.57     3.82  4.12  4.23  3.36  3.56
  0   70     4.02  4.86  4.76  3.67  3.40  3.20  2.89  2.89  3.06  3.62  3.63  3.62     3.63  4.16  3.94  2.99  3.44
  0   80     3.99  4.76  4.54  3.29  2.91  2.74  2.51  2.54  2.77  3.40  3.52  3.57     3.38  4.11  3.58  2.59  3.23
  0   90     3.87  4.57  4.25  2.84  2.40  2.25  2.11  2.15  2.42  3.10  3.32  3.44     3.06  3.96  3.17  2.17  2.95
 15   10     2.38  3.35  4.14  4.34  4.81  4.77  4.14  3.79  3.38  3.07  2.40  2.08     3.55  2.60  4.43  4.23  2.95
 15   20     2.81  3.79  4.44  4.44  4.79  4.70  4.09  3.81  3.50  3.37  2.78  2.50     3.75  3.03  4.56  4.20  3.22
 15   30     3.18  4.16  4.67  4.46  4.68  4.55  3.98  3.76  3.56  3.58  3.10  2.87     3.88  3.40  4.60  4.09  3.41
 15   40     3.49  4.45  4.80  4.39  4.48  4.32  3.79  3.63  3.53  3.71  3.34  3.16     3.92  3.70  4.56  3.92  3.53
 15   50     3.72  4.64  4.85  4.22  4.20  4.01  3.55  3.44  3.43  3.76  3.49  3.38     3.89  3.91  4.42  3.67  3.56
 15   60     3.86  4.75  4.81  3.98  3.83  3.64  3.25  3.19  3.26  3.71  3.56  3.51     3.78  4.04  4.21  3.36  3.51
 15   70     3.92  4.75  4.68  3.67  3.42  3.23  2.90  2.89  3.02  3.58  3.53  3.55     3.60  4.07  3.92  3.01  3.38
 15   80     3.89  4.65  4.47  3.29  2.94  2.77  2.53  2.54  2.73  3.36  3.42  3.51     3.34  4.01  3.57  2.62  3.17
 15   90     3.77  4.45  4.17  2.86  2.46  2.30  2.14  2.17  2.40  3.06  3.21  3.37     3.03  3.86  3.16  2.21  2.89
 30   10     2.33  3.29  4.10  4.32  4.80  4.76  4.13  3.78  3.36  3.04  2.34  2.03     3.52  2.55  4.41  4.23  2.91
 30   20     2.71  3.68  4.36  4.41  4.78  4.70  4.08  3.79  3.46  3.30  2.68  2.41     3.70  2.93  4.52  4.19  3.15
 30   30     3.04  4.01  4.55  4.41  4.68  4.55  3.97  3.73  3.49  3.48  2.95  2.73     3.80  3.26  4.55  4.08  3.31
 30   40     3.30  4.25  4.67  4.33  4.48  4.32  3.78  3.60  3.45  3.59  3.15  2.99     3.83  3.52  4.49  3.90  3.40
 30   50     3.49  4.42  4.70  4.18  4.21  4.04  3.55  3.42  3.35  3.61  3.27  3.18     3.78  3.70  4.36  3.67  3.41
 30   60     3.61  4.49  4.64  3.94  3.87  3.68  3.25  3.17  3.18  3.55  3.31  3.28     3.67  3.80  4.15  3.37  3.35
 30   70     3.65  4.47  4.50  3.64  3.48  3.29  2.93  2.88  2.94  3.41  3.26  3.31     3.48  3.81  3.87  3.03  3.21
 30   80     3.60  4.36  4.30  3.29  3.04  2.86  2.57  2.55  2.66  3.19  3.13  3.25     3.23  3.74  3.54  2.66  3.00
 30   90     3.48  4.17  4.03  2.89  2.59  2.42  2.21  2.21  2.34  2.89  2.93  3.11     2.94  3.59  3.17  2.28  2.72
 45   10     2.25  3.21  4.04  4.29  4.79  4.76  4.12  3.76  3.33  2.98  2.27  1.96     3.48  2.47  4.37  4.21  2.86
 45   20     2.55  3.53  4.24  4.35  4.76  4.68  4.07  3.75  3.39  3.18  2.54  2.27     3.61  2.78  4.45  4.17  3.04
 45   30     2.80  3.78  4.39  4.33  4.65  4.54  3.95  3.68  3.40  3.33  2.75  2.52     3.68  3.04  4.46  4.06  3.16
 45   40     3.01  3.98  4.46  4.24  4.47  4.33  3.77  3.55  3.35  3.40  2.89  2.72     3.68  3.23  4.39  3.88  3.21
 45   50     3.16  4.10  4.46  4.08  4.21  4.04  3.53  3.36  3.22  3.39  2.97  2.85     3.61  3.37  4.25  3.65  3.19
 45   60     3.23  4.15  4.40  3.86  3.90  3.72  3.26  3.13  3.05  3.31  2.97  2.92     3.49  3.43  4.05  3.37  3.11
 45   70     3.24  4.11  4.26  3.57  3.52  3.35  2.95  2.85  2.83  3.17  2.90  2.92     3.31  3.42  3.79  3.05  2.97
 45   80     3.18  3.99  4.08  3.25  3.13  2.95  2.61  2.54  2.56  2.95  2.77  2.85     3.07  3.34  3.49  2.70  2.76
 45   90     3.06  3.82  3.83  2.88  2.71  2.55  2.27  2.22  2.26  2.67  2.57  2.71     2.80  3.20  3.14  2.35  2.50
 60   10     2.14  3.10  3.95  4.24  4.77  4.75  4.11  3.74  3.28  2.90  2.17  1.86     3.42  2.37  4.32  4.20  2.78
 60   20     2.36  3.32  4.09  4.26  4.73  4.67  4.04  3.71  3.30  3.04  2.36  2.07     3.50  2.58  4.36  4.14  2.90
 60   30     2.53  3.51  4.16  4.22  4.61  4.51  3.92  3.62  3.28  3.12  2.49  2.25     3.52  2.77  4.33  4.02  2.96
 60   40     2.66  3.64  4.20  4.11  4.43  4.31  3.73  3.47  3.20  3.15  2.58  2.39     3.49  2.90  4.25  3.84  2.97
 60   50     2.75  3.70  4.17  3.95  4.18  4.04  3.51  3.29  3.07  3.12  2.61  2.46     3.40  2.97  4.10  3.61  2.93
 60   60     2.79  3.73  4.10  3.73  3.88  3.73  3.24  3.06  2.88  3.01  2.57  2.48     3.27  3.00  3.90  3.34  2.82
 60   70     2.78  3.68  3.97  3.47  3.55  3.38  2.94  2.79  2.68  2.86  2.49  2.46     3.09  2.98  3.66  3.04  2.68
 60   80     2.71  3.57  3.79  3.16  3.17  3.02  2.63  2.51  2.42  2.66  2.36  2.39     2.87  2.89  3.38  2.72  2.48
 60   90     2.60  3.43  3.59  2.84  2.79  2.63  2.30  2.20  2.15  2.41  2.17  2.26     2.62  2.76  3.08  2.38  2.25
 75   10     2.02  2.98  3.85  4.19  4.74  4.73  4.09  3.71  3.22  2.80  2.06  1.74     3.35  2.25  4.26  4.17  2.70
 75   20     2.13  3.10  3.90  4.16  4.68  4.64  4.01  3.65  3.20  2.87  2.15  1.86     3.36  2.37  4.24  4.10  2.74
 75   30     2.22  3.18  3.91  4.08  4.54  4.48  3.87  3.54  3.13  2.88  2.21  1.95     3.33  2.45  4.18  3.96  2.74
 75   40     2.29  3.25  3.89  3.95  4.35  4.26  3.69  3.38  3.03  2.86  2.22  2.02     3.27  2.52  4.06  3.78  2.70
 75   50     2.32  3.27  3.84  3.77  4.11  4.00  3.46  3.18  2.88  2.79  2.21  2.05     3.16  2.55  3.91  3.55  2.63
 75   60     2.33  3.26  3.74  3.56  3.83  3.71  3.20  2.96  2.70  2.68  2.16  2.03     3.01  2.54  3.71  3.29  2.51
 75   70     2.31  3.22  3.63  3.31  3.50  3.37  2.91  2.71  2.49  2.52  2.05  2.00     2.84  2.51  3.48  3.00  2.35
 75   80     2.25  3.13  3.48  3.03  3.17  3.03  2.61  2.44  2.26  2.35  1.94  1.92     2.63  2.43  3.23  2.69  2.18
 75   90     2.15  3.02  3.31  2.74  2.81  2.68  2.31  2.16  2.01  2.12  1.78  1.81     2.41  2.33  2.96  2.38  1.97
 90   10     1.90  2.85  3.74  4.13  4.71  4.71  4.07  3.67  3.16  2.70  1.94  1.62     3.27  2.12  4.19  4.15  2.60
 90   20     1.90  2.85  3.69  4.04  4.61  4.60  3.97  3.58  3.09  2.67  1.93  1.63     3.21  2.12  4.12  4.05  2.56
 90   30     1.90  2.84  3.63  3.91  4.45  4.42  3.82  3.44  2.98  2.62  1.90  1.64     3.13  2.13  4.00  3.90  2.50
 90   40     1.90  2.83  3.56  3.75  4.24  4.20  3.62  3.27  2.83  2.54  1.87  1.63     3.02  2.12  3.85  3.70  2.41
 90   50     1.90  2.82  3.46  3.56  3.99  3.93  3.39  3.07  2.67  2.44  1.80  1.63     2.89  2.12  3.67  3.46  2.31
 90   60     1.87  2.78  3.38  3.34  3.71  3.64  3.13  2.83  2.48  2.32  1.74  1.59     2.73  2.08  3.48  3.20  2.18
 90   70     1.85  2.74  3.25  3.10  3.41  3.32  2.85  2.59  2.28  2.17  1.63  1.54     2.56  2.05  3.26  2.92  2.03
 90   80     1.81  2.68  3.14  2.85  3.08  2.99  2.56  2.34  2.07  2.00  1.53  1.49     2.38  1.99  3.03  2.63  1.87
 90   90     1.74  2.60  3.00  2.59  2.75  2.65  2.27  2.07  1.85  1.83  1.40  1.40     2.18  1.91  2.78  2.33  1.69
105   10     1.77  2.71  3.64  4.07  4.68  4.69  4.05  3.64  3.10  2.60  1.82  1.50     3.19  1.99  4.13  4.13  2.51
105   20     1.67  2.59  3.49  3.92  4.54  4.55  3.94  3.51  2.97  2.47  1.71  1.40     3.06  1.89  3.98  4.00  2.38
105   30     1.59  2.49  3.34  3.73  4.34  4.35  3.76  3.34  2.81  2.34  1.61  1.33     2.92  1.80  3.81  3.82  2.25
105   40     1.53  2.42  3.21  3.52  4.10  4.10  3.54  3.14  2.63  2.22  1.51  1.28     2.77  1.74  3.61  3.60  2.12
105   50     1.50  2.36  3.09  3.31  3.84  3.82  3.29  2.92  2.44  2.09  1.42  1.24     2.61  1.70  3.41  3.35  1.98
105   60     1.47  2.32  2.98  3.09  3.54  3.52  3.03  2.69  2.25  1.94  1.34  1.20     2.45  1.66  3.20  3.08  1.85
105   70     1.45  2.28  2.88  2.86  3.25  3.21  2.75  2.45  2.06  1.82  1.25  1.15     2.28  1.63  2.99  2.80  1.71
105   80     1.43  2.26  2.79  2.62  2.95  2.90  2.48  2.21  1.86  1.66  1.16  1.11     2.12  1.60  2.79  2.53  1.56
105   90     1.40  2.21  2.70  2.40  2.64  2.58  2.21  1.97  1.67  1.52  1.07  1.05     1.95  1.55  2.58  2.25  1.42
120   10     1.66  2.58  3.54  4.00  4.64  4.67  4.04  3.61  3.05  2.50  1.71  1.38     3.12  1.87  4.06  4.11  2.42
120   20     1.45  2.34  3.29  3.80  4.47  4.51  3.90  3.45  2.86  2.28  1.49  1.19     2.92  1.66  3.85  3.95  2.21
120   30     1.30  2.14  3.05  3.55  4.22  4.28  3.69  3.24  2.64  2.08  1.31  1.05     2.71  1.50  3.61  3.74  2.01
120   40     1.21  2.01  2.85  3.29  3.94  4.00  3.45  3.01  2.42  1.89  1.18  0.96     2.52  1.39  3.36  3.49  1.83
120   50     1.16  1.94  2.69  3.04  3.64  3.69  3.19  2.76  2.21  1.73  1.09  0.91     2.34  1.34  3.12  3.21  1.68
120   60     1.14  1.90  2.59  2.80  3.33  3.37  2.91  2.52  2.02  1.60  1.01  0.87     2.17  1.30  2.91  2.93  1.54
120   70     1.14  1.87  2.51  2.58  3.03  3.05  2.64  2.29  1.82  1.48  0.93  0.84     2.02  1.29  2.71  2.66  1.41
120   80     1.15  1.88  2.44  2.37  2.74  2.75  2.37  2.06  1.66  1.36  0.86  0.82     1.87  1.28  2.52  2.39  1.29
120   90     1.15  1.88  2.40  2.17  2.47  2.46  2.11  1.83  1.48  1.25  0.80  0.79     1.73  1.27  2.34  2.13  1.18
135   10     1.55  2.46  3.45  3.96  4.62  4.66  4.02  3.58  3.00  2.41  1.61  1.28     3.05  1.76  4.01  4.09  2.34
135   20     1.25  2.11  3.11  3.69  4.40  4.48  3.87  3.39  2.75  2.10  1.30  0.99     2.79  1.45  3.73  3.91  2.05
135   30     1.04  1.83  2.78  3.38  4.11  4.22  3.64  3.15  2.48  1.82  1.06  0.80     2.53  1.23  3.42  3.67  1.79
135   40     0.94  1.65  2.52  3.05  3.77  3.89  3.37  2.88  2.22  1.59  0.90  0.71     2.29  1.10  3.11  3.38  1.57
135   50     0.92  1.57  2.34  2.76  3.41  3.54  3.07  2.60  1.98  1.41  0.81  0.67     2.09  1.05  2.83  3.07  1.40
135   60     0.92  1.55  2.23  2.50  3.08  3.18  2.77  2.34  1.78  1.29  0.76  0.65     1.92  1.04  2.60  2.76  1.28
135   70     0.94  1.56  2.17  2.29  2.78  2.86  2.49  2.10  1.61  1.19  0.70  0.65     1.78  1.05  2.41  2.48  1.17
135   80     0.97  1.60  2.14  2.10  2.50  2.56  2.23  1.89  1.46  1.10  0.67  0.64     1.66  1.07  2.25  2.23  1.08
135   90     1.00  1.63  2.15  1.94  2.25  2.29  1.99  1.70  1.31  1.02  0.63  0.63     1.54  1.09  2.11  1.99  0.99
150   10     1.47  2.38  3.38  3.92  4.59  4.65  4.01  3.56  2.96  2.34  1.53  1.19     3.00  1.68  3.96  4.07  2.28
150   20     1.08  1.92  2.96  3.60  4.36  4.46  3.84  3.35  2.67  1.96  1.14  0.82     2.68  1.27  3.64  3.88  1.92
150   30     0.84  1.55  2.55  3.23  4.03  4.18  3.61  3.08  2.35  1.59  0.84  0.61     2.37  1.00  3.27  3.62  1.59
150   40     0.78  1.34  2.21  2.84  3.63  3.82  3.31  2.76  2.03  1.31  0.70  0.58     2.11  0.90  2.89  3.30  1.35
150   50     0.81  1.28  2.00  2.47  3.19  3.40  2.96  2.44  1.76  1.14  0.65  0.58     1.89  0.89  2.56  2.93  1.19
150   60     0.84  1.31  1.92  2.20  2.80  2.98  2.62  2.15  1.57  1.04  0.63  0.58     1.72  0.91  2.31  2.58  1.08
150   70     0.88  1.36  1.91  2.00  2.48  2.63  2.33  1.93  1.42  0.98  0.60  0.59     1.59  0.94  2.13  2.30  1.00
150   80     0.92  1.42  1.92  1.85  2.23  2.35  2.08  1.73  1.30  0.92  0.57  0.59     1.49  0.98  2.00  2.06  0.93
150   90     0.96  1.49  1.96  1.73  2.02  2.10  1.87  1.56  1.19  0.87  0.55  0.59     1.41  1.01  1.90  1.84  0.87
165   10     1.41  2.31  3.34  3.89  4.58  4.64  4.00  3.55  2.94  2.30  1.48  1.13     2.96  1.62  3.94  4.06  2.24
165   20     0.96  1.78  2.87  3.55  4.33  4.44  3.83  3.32  2.63  1.85  1.02  0.71     2.61  1.15  3.58  3.86  1.83
165   30     0.76  1.32  2.38  3.15  3.99  4.16  3.59  3.04  2.27  1.41  0.69  0.58     2.28  0.89  3.17  3.59  1.45
165   40     0.78  1.13  1.94  2.70  3.58  3.79  3.28  2.70  1.89  1.07  0.66  0.58     2.01  0.83  2.74  3.26  1.21
165   50     0.81  1.18  1.72  2.22  3.10  3.37  2.93  2.33  1.57  0.97  0.64  0.58     1.78  0.86  2.35  2.88  1.06
165   60     0.84  1.24  1.71  1.92  2.58  2.89  2.54  1.97  1.39  0.93  0.62  0.58     1.60  0.89  2.07  2.47  0.98
165   70     0.88  1.31  1.75  1.76  2.21  2.43  2.18  1.76  1.29  0.88  0.60  0.59     1.47  0.93  1.91  2.12  0.92
165   80     0.92  1.38  1.81  1.66  1.99  2.16  1.95  1.60  1.20  0.84  0.57  0.59     1.39  0.96  1.82  1.90  0.87
165   90     0.96  1.46  1.87  1.57  1.81  1.94  1.76  1.46  1.11  0.80  0.55  0.59     1.32  1.00  1.75  1.72  0.82
180   10     1.39  2.29  3.33  3.88  4.57  4.64  4.00  3.54  2.93  2.28  1.46  1.11     2.95  1.60  3.93  4.06  2.22
180   20     0.92  1.73  2.84  3.53  4.31  4.43  3.82  3.31  2.61  1.81  0.98  0.68     2.58  1.11  3.56  3.86  1.80
180   30     0.76  1.22  2.32  3.12  3.97  4.15  3.58  3.02  2.25  1.32  0.67  0.58     2.25  0.85  3.14  3.58  1.42
180   40     0.78  1.13  1.79  2.66  3.55  3.78  3.27  2.69  1.85  0.98  0.66  0.58     1.98  0.83  2.67  3.25  1.16
180   50     0.81  1.18  1.61  2.16  3.07  3.36  2.92  2.31  1.42  0.95  0.64  0.58     1.75  0.86  2.28  2.86  1.01
180   60     0.84  1.24  1.67  1.74  2.54  2.88  2.52  1.90  1.32  0.92  0.62  0.58     1.56  0.89  1.98  2.43  0.95
180   70     0.88  1.31  1.73  1.64  2.08  2.36  2.12  1.68  1.24  0.88  0.60  0.59     1.43  0.93  1.81  2.05  0.91
180   80     0.92  1.38  1.79  1.56  1.88  2.08  1.90  1.54  1.17  0.84  0.57  0.59     1.35  0.96  1.74  1.84  0.86
180   90     0.96  1.46  1.86  1.50  1.73  1.88  1.72  1.41  1.09  0.79  0.55  0.59     1.29  1.00  1.70  1.67  0.81
             72.1  65.9  51.3  26.6  13.7   7.0   9.0  17.7  32.3  50.3  63.1  70.3     41.5  69.3  30.0  11.4  49.8
             4.02  4.87  4.92  4.47  4.82  4.77  4.14  3.82  3.58  3.79  3.66  3.62     4.21  4.16  4.62  4.24  3.61
             3.59  4.56  4.87  4.38  4.44  4.27  3.76  3.61  3.55  3.76  3.44  3.24     3.96  3.80  4.56  3.88  3.58
             1.12  1.07  1.01  1.02  1.09  1.12  1.10  1.06  1.01  1.01  1.06  1.12     1.06  1.10  1.04  1.09  1.03
             1.88  1.60  1.28  1.05  0.94  0.90  0.91  0.97  1.11  1.38  1.76  2.00     1.31  1.83  1.09  0.93  1.42
temperature  -8.3  -7.5  -2.5   3.6   8.7  12.7  16.3  18.4  15.0   8.7   1.7  -5.0      5.2  -6.9   3.3  15.8   8.5
diffusedrad  0.97  1.41  1.98  2.23  2.59  2.84  2.75  2.36  1.85  1.36  0.92  0.78     1.84  1.05  2.27  2.65  1.37
snow10cm     0.86  0.92  0.78  0.15  0.00  0.00  0.00  0.00  0.00  0.00  0.01  0.34     0.26  0.71  0.31  0.00  0.00
