2 20276   足寄            43 14.6  143 33.2   90
             2.03  2.98  4.00  4.45  4.86  4.93  4.42  3.91  3.32  2.78  1.99  1.71     3.45  2.24  4.43  4.42  2.70
             2.40  3.41  4.57  5.11  5.62  5.84  5.70  4.89  4.31  3.12  2.22  2.00     3.68  2.51  4.91  5.03  3.07
             1.70  2.53  3.26  3.92  4.16  3.61  3.71  3.14  2.47  2.34  1.49  1.43     3.19  1.95  4.09  3.66  2.23
  0   10     2.58  3.55  4.40  4.66  4.93  4.95  4.45  3.98  3.54  3.15  2.46  2.24     3.74  2.79  4.66  4.46  3.05
  0   20     3.08  4.06  4.75  4.78  4.92  4.88  4.41  4.01  3.68  3.47  2.88  2.73     3.97  3.29  4.82  4.43  3.34
  0   30     3.53  4.49  5.00  4.79  4.80  4.72  4.28  3.96  3.74  3.71  3.23  3.15     4.12  3.72  4.86  4.32  3.56
  0   40     3.89  4.83  5.15  4.70  4.59  4.47  4.07  3.82  3.72  3.85  3.50  3.49     4.17  4.07  4.81  4.12  3.69
  0   50     4.16  5.05  5.18  4.50  4.29  4.14  3.80  3.62  3.62  3.90  3.67  3.74     4.14  4.32  4.66  3.86  3.73
  0   60     4.34  5.17  5.11  4.22  3.92  3.75  3.47  3.36  3.44  3.86  3.75  3.90     4.02  4.47  4.42  3.52  3.69
  0   70     4.41  5.18  4.92  3.84  3.47  3.29  3.08  3.03  3.20  3.73  3.74  3.96     3.82  4.51  4.08  3.13  3.55
  0   80     4.38  5.07  4.63  3.39  2.97  2.81  2.65  2.65  2.89  3.50  3.62  3.91     3.54  4.45  3.67  2.70  3.34
  0   90     4.24  4.85  4.25  2.88  2.45  2.30  2.22  2.24  2.52  3.20  3.42  3.76     3.19  4.28  3.19  2.25  3.05
 15   10     2.56  3.53  4.38  4.65  4.93  4.95  4.45  3.98  3.53  3.15  2.44  2.23     3.73  2.77  4.65  4.46  3.04
 15   20     3.04  4.01  4.71  4.76  4.92  4.88  4.40  4.00  3.66  3.45  2.84  2.70     3.95  3.25  4.80  4.42  3.32
 15   30     3.46  4.42  4.95  4.78  4.80  4.71  4.27  3.95  3.72  3.68  3.17  3.11     4.09  3.66  4.84  4.31  3.52
 15   40     3.81  4.73  5.08  4.69  4.60  4.48  4.08  3.82  3.70  3.82  3.42  3.44     4.14  3.99  4.79  4.12  3.65
 15   50     4.07  4.94  5.10  4.50  4.30  4.15  3.80  3.62  3.60  3.86  3.58  3.68     4.10  4.23  4.63  3.86  3.68
 15   60     4.23  5.05  5.02  4.21  3.93  3.77  3.48  3.35  3.43  3.82  3.65  3.83     3.98  4.37  4.38  3.53  3.63
 15   70     4.29  5.04  4.83  3.85  3.50  3.32  3.10  3.03  3.18  3.68  3.63  3.88     3.78  4.40  4.06  3.15  3.50
 15   80     4.25  4.93  4.54  3.40  3.01  2.84  2.68  2.66  2.88  3.45  3.51  3.82     3.50  4.34  3.65  2.73  3.28
 15   90     4.11  4.70  4.16  2.90  2.50  2.35  2.25  2.27  2.52  3.15  3.30  3.67     3.16  4.16  3.19  2.29  2.99
 30   10     2.50  3.46  4.33  4.62  4.93  4.94  4.44  3.96  3.51  3.11  2.39  2.17     3.70  2.71  4.63  4.45  3.00
 30   20     2.93  3.89  4.62  4.72  4.90  4.87  4.39  3.98  3.63  3.38  2.74  2.60     3.89  3.14  4.75  4.41  3.25
 30   30     3.30  4.25  4.82  4.72  4.80  4.72  4.27  3.92  3.67  3.57  3.02  2.96     4.00  3.50  4.78  4.30  3.42
 30   40     3.59  4.51  4.92  4.63  4.59  4.48  4.07  3.79  3.64  3.68  3.22  3.24     4.03  3.78  4.71  4.11  3.51
 30   50     3.81  4.69  4.93  4.45  4.32  4.18  3.81  3.59  3.54  3.71  3.35  3.45     3.98  3.98  4.57  3.86  3.53
 30   60     3.94  4.76  4.83  4.17  3.97  3.80  3.49  3.33  3.36  3.65  3.38  3.57     3.86  4.09  4.32  3.54  3.47
 30   70     3.98  4.74  4.63  3.82  3.56  3.39  3.13  3.02  3.12  3.50  3.34  3.60     3.65  4.10  4.00  3.18  3.32
 30   80     3.92  4.61  4.36  3.41  3.11  2.94  2.74  2.67  2.83  3.28  3.21  3.53     3.38  4.02  3.63  2.79  3.11
 30   90     3.78  4.39  4.00  2.94  2.64  2.48  2.34  2.31  2.49  2.97  3.00  3.38     3.06  3.85  3.19  2.38  2.82
 45   10     2.40  3.37  4.25  4.58  4.91  4.93  4.43  3.94  3.47  3.05  2.31  2.09     3.65  2.62  4.58  4.44  2.94
 45   20     2.74  3.72  4.48  4.65  4.88  4.86  4.37  3.94  3.56  3.26  2.59  2.43     3.79  2.96  4.67  4.39  3.13
 45   30     3.04  4.00  4.63  4.63  4.77  4.71  4.24  3.87  3.58  3.41  2.80  2.71     3.87  3.25  4.68  4.27  3.27
 45   40     3.27  4.21  4.68  4.53  4.59  4.49  4.06  3.73  3.54  3.49  2.95  2.93     3.87  3.47  4.60  4.09  3.32
 45   50     3.43  4.34  4.66  4.34  4.32  4.19  3.80  3.53  3.42  3.48  3.03  3.08     3.80  3.62  4.44  3.84  3.31
 45   60     3.51  4.38  4.56  4.08  4.00  3.86  3.50  3.29  3.25  3.40  3.03  3.16     3.67  3.69  4.21  3.55  3.23
 45   70     3.52  4.34  4.36  3.74  3.62  3.47  3.17  2.99  3.02  3.25  2.97  3.16     3.46  3.67  3.91  3.21  3.08
 45   80     3.44  4.21  4.10  3.37  3.21  3.05  2.80  2.67  2.74  3.03  2.83  3.08     3.21  3.58  3.56  2.84  2.87
 45   90     3.29  4.01  3.78  2.94  2.78  2.63  2.43  2.33  2.43  2.74  2.62  2.92     2.91  3.41  3.17  2.46  2.60
 60   10     2.28  3.26  4.15  4.53  4.89  4.92  4.42  3.91  3.43  2.96  2.21  1.98     3.58  2.51  4.53  4.42  2.87
 60   20     2.53  3.50  4.30  4.55  4.85  4.84  4.35  3.88  3.47  3.11  2.40  2.22     3.67  2.75  4.57  4.36  2.99
 60   30     2.73  3.70  4.37  4.51  4.73  4.68  4.21  3.80  3.46  3.20  2.54  2.42     3.69  2.95  4.54  4.23  3.06
 60   40     2.87  3.83  4.39  4.38  4.54  4.47  4.02  3.65  3.39  3.23  2.63  2.56     3.66  3.09  4.44  4.04  3.08
 60   50     2.97  3.91  4.33  4.19  4.29  4.20  3.78  3.45  3.27  3.19  2.66  2.65     3.57  3.17  4.27  3.81  3.04
 60   60     3.01  3.92  4.21  3.94  3.98  3.87  3.49  3.21  3.09  3.09  2.62  2.68     3.43  3.20  4.04  3.52  2.93
 60   70     2.99  3.87  4.03  3.63  3.64  3.51  3.17  2.94  2.87  2.94  2.54  2.65     3.23  3.17  3.77  3.20  2.78
 60   80     2.91  3.74  3.79  3.28  3.26  3.13  2.83  2.63  2.61  2.73  2.41  2.57     2.99  3.07  3.44  2.86  2.58
 60   90     2.78  3.58  3.51  2.90  2.86  2.73  2.48  2.31  2.33  2.47  2.21  2.42     2.71  2.93  3.09  2.51  2.34
 75   10     2.15  3.12  4.04  4.47  4.86  4.91  4.40  3.88  3.37  2.87  2.10  1.85     3.50  2.37  4.46  4.39  2.78
 75   20     2.27  3.25  4.09  4.43  4.79  4.81  4.31  3.82  3.36  2.93  2.19  1.98     3.52  2.50  4.44  4.31  2.83
 75   30     2.37  3.34  4.09  4.34  4.66  4.64  4.17  3.71  3.31  2.95  2.25  2.07     3.49  2.59  4.36  4.17  2.83
 75   40     2.45  3.41  4.03  4.20  4.46  4.42  3.97  3.55  3.21  2.92  2.26  2.15     3.42  2.67  4.23  3.98  2.80
 75   50     2.48  3.43  3.95  3.99  4.21  4.15  3.72  3.34  3.07  2.85  2.25  2.18     3.30  2.69  4.05  3.74  2.73
 75   60     2.48  3.41  3.80  3.75  3.93  3.85  3.45  3.11  2.90  2.74  2.19  2.17     3.15  2.69  3.83  3.47  2.61
 75   70     2.46  3.36  3.65  3.45  3.60  3.50  3.14  2.84  2.68  2.58  2.09  2.13     2.96  2.65  3.57  3.16  2.45
 75   80     2.38  3.25  3.42  3.13  3.25  3.14  2.81  2.56  2.45  2.40  1.97  2.05     2.73  2.56  3.27  2.84  2.27
 75   90     2.28  3.13  3.20  2.79  2.88  2.78  2.49  2.27  2.19  2.17  1.80  1.92     2.49  2.44  2.96  2.51  2.05
 90   10     2.01  2.97  3.92  4.40  4.83  4.89  4.38  3.84  3.31  2.76  1.98  1.71     3.42  2.23  4.38  4.37  2.68
 90   20     2.01  2.97  3.85  4.30  4.73  4.77  4.27  3.75  3.24  2.73  1.96  1.72     3.36  2.23  4.29  4.26  2.64
 90   30     2.01  2.97  3.77  4.15  4.57  4.59  4.11  3.60  3.14  2.68  1.93  1.73     3.27  2.24  4.16  4.10  2.58
 90   40     2.01  2.94  3.66  3.97  4.35  4.35  3.90  3.42  3.01  2.60  1.89  1.73     3.15  2.23  3.99  3.89  2.50
 90   50     2.00  2.93  3.52  3.75  4.09  4.07  3.65  3.21  2.85  2.49  1.83  1.72     3.01  2.22  3.79  3.64  2.39
 90   60     1.97  2.88  3.39  3.49  3.81  3.77  3.37  2.97  2.67  2.37  1.76  1.68     2.84  2.18  3.56  3.37  2.27
 90   70     1.95  2.84  3.21  3.22  3.50  3.45  3.08  2.71  2.46  2.21  1.65  1.63     2.66  2.14  3.31  3.08  2.11
 90   80     1.89  2.76  3.04  2.93  3.17  3.10  2.77  2.45  2.25  2.05  1.55  1.56     2.46  2.07  3.04  2.77  1.95
 90   90     1.81  2.67  2.84  2.61  2.82  2.75  2.45  2.17  2.02  1.86  1.42  1.47     2.24  1.98  2.76  2.46  1.76
105   10     1.87  2.82  3.80  4.33  4.79  4.87  4.36  3.81  3.24  2.66  1.85  1.58     3.33  2.09  4.31  4.34  2.58
105   20     1.75  2.68  3.62  4.16  4.65  4.72  4.23  3.67  3.12  2.52  1.73  1.47     3.19  1.97  4.14  4.21  2.46
105   30     1.66  2.58  3.43  3.95  4.45  4.51  4.04  3.49  2.96  2.38  1.63  1.39     3.04  1.87  3.94  4.01  2.32
105   40     1.59  2.50  3.25  3.71  4.20  4.25  3.80  3.28  2.79  2.25  1.53  1.33     2.87  1.80  3.72  3.78  2.19
105   50     1.55  2.43  3.09  3.46  3.93  3.96  3.54  3.05  2.61  2.13  1.43  1.28     2.71  1.76  3.49  3.52  2.05
105   60     1.51  2.38  2.93  3.20  3.63  3.65  3.26  2.81  2.42  1.98  1.36  1.24     2.53  1.71  3.26  3.24  1.92
105   70     1.49  2.33  2.78  2.94  3.32  3.33  2.96  2.56  2.23  1.85  1.26  1.19     2.35  1.67  3.01  2.95  1.78
105   80     1.46  2.29  2.63  2.66  3.02  3.00  2.67  2.30  2.02  1.69  1.17  1.14     2.17  1.63  2.77  2.66  1.63
105   90     1.42  2.23  2.48  2.39  2.71  2.68  2.38  2.06  1.83  1.55  1.08  1.08     1.99  1.58  2.53  2.37  1.48
120   10     1.74  2.68  3.68  4.26  4.76  4.84  4.34  3.77  3.18  2.55  1.73  1.45     3.25  1.95  4.23  4.32  2.49
120   20     1.50  2.41  3.39  4.02  4.58  4.68  4.18  3.60  2.99  2.33  1.51  1.23     3.03  1.71  3.99  4.15  2.27
120   30     1.33  2.20  3.10  3.73  4.32  4.43  3.96  3.38  2.78  2.11  1.33  1.07     2.81  1.53  3.72  3.92  2.07
120   40     1.23  2.05  2.85  3.44  4.03  4.13  3.70  3.13  2.56  1.92  1.19  0.98     2.60  1.42  3.44  3.65  1.89
120   50     1.17  1.96  2.64  3.14  3.72  3.81  3.41  2.87  2.35  1.76  1.09  0.92     2.40  1.35  3.17  3.36  1.73
120   60     1.14  1.91  2.48  2.86  3.41  3.48  3.11  2.62  2.16  1.62  1.01  0.87     2.22  1.31  2.92  3.07  1.60
120   70     1.14  1.88  2.36  2.61  3.10  3.15  2.82  2.37  1.96  1.50  0.93  0.85     2.06  1.29  2.69  2.78  1.46
120   80     1.14  1.88  2.23  2.37  2.80  2.84  2.53  2.13  1.79  1.37  0.87  0.82     1.90  1.28  2.47  2.50  1.34
120   90     1.14  1.87  2.14  2.13  2.52  2.54  2.26  1.90  1.62  1.26  0.81  0.79     1.75  1.26  2.26  2.23  1.23
135   10     1.62  2.55  3.58  4.20  4.73  4.83  4.32  3.74  3.12  2.46  1.63  1.33     3.18  1.83  4.17  4.30  2.40
135   20     1.27  2.16  3.18  3.89  4.51  4.64  4.14  3.53  2.88  2.14  1.31  1.01     2.89  1.48  3.86  4.11  2.11
135   30     1.04  1.85  2.79  3.53  4.21  4.36  3.90  3.27  2.60  1.84  1.07  0.80     2.61  1.23  3.51  3.84  1.84
135   40     0.93  1.65  2.47  3.16  3.85  4.02  3.59  2.98  2.33  1.60  0.90  0.69     2.35  1.09  3.16  3.53  1.61
135   50     0.89  1.55  2.23  2.82  3.48  3.65  3.26  2.68  2.09  1.42  0.81  0.65     2.13  1.03  2.84  3.20  1.44
135   60     0.90  1.52  2.07  2.52  3.14  3.28  2.94  2.41  1.89  1.30  0.75  0.64     1.95  1.02  2.58  2.88  1.31
135   70     0.91  1.53  1.96  2.27  2.83  2.94  2.65  2.17  1.72  1.20  0.70  0.63     1.79  1.02  2.36  2.59  1.21
135   80     0.94  1.56  1.88  2.05  2.55  2.64  2.37  1.94  1.57  1.10  0.67  0.62     1.66  1.04  2.16  2.32  1.11
135   90     0.97  1.59  1.84  1.86  2.29  2.36  2.12  1.75  1.42  1.03  0.63  0.61     1.54  1.06  2.00  2.08  1.02
150   10     1.52  2.45  3.51  4.16  4.71  4.82  4.31  3.72  3.08  2.39  1.55  1.23     3.12  1.74  4.12  4.28  2.34
150   20     1.08  1.95  3.02  3.79  4.46  4.62  4.12  3.49  2.78  1.98  1.15  0.82     2.77  1.28  3.75  4.07  1.97
150   30     0.81  1.54  2.52  3.36  4.12  4.32  3.85  3.19  2.45  1.61  0.84  0.58     2.43  0.98  3.34  3.79  1.63
150   40     0.74  1.30  2.11  2.91  3.71  3.95  3.52  2.85  2.12  1.31  0.69  0.55     2.15  0.87  2.91  3.44  1.38
150   50     0.77  1.24  1.84  2.49  3.25  3.50  3.14  2.50  1.84  1.14  0.65  0.55     1.91  0.85  2.52  3.05  1.21
150   60     0.81  1.26  1.71  2.16  2.84  3.05  2.76  2.20  1.64  1.04  0.63  0.56     1.72  0.87  2.24  2.67  1.10
150   70     0.84  1.31  1.65  1.94  2.52  2.69  2.45  1.97  1.49  0.98  0.60  0.56     1.58  0.91  2.04  2.37  1.02
150   80     0.89  1.37  1.63  1.75  2.26  2.40  2.19  1.77  1.37  0.92  0.57  0.56     1.47  0.94  1.88  2.12  0.96
150   90     0.93  1.44  1.63  1.61  2.04  2.15  1.96  1.60  1.25  0.87  0.55  0.57     1.38  0.98  1.76  1.90  0.89
165   10     1.46  2.39  3.46  4.13  4.69  4.81  4.30  3.70  3.05  2.34  1.50  1.17     3.08  1.67  4.09  4.27  2.30
165   20     0.95  1.80  2.90  3.74  4.43  4.60  4.10  3.46  2.72  1.88  1.02  0.70     2.69  1.15  3.69  4.05  1.87
165   30     0.71  1.29  2.33  3.27  4.08  4.30  3.83  3.15  2.35  1.41  0.68  0.55     2.33  0.85  3.22  3.76  1.48
165   40     0.74  1.07  1.80  2.74  3.65  3.92  3.50  2.79  1.95  1.06  0.65  0.55     2.04  0.79  2.73  3.40  1.22
165   50     0.77  1.13  1.52  2.19  3.15  3.47  3.10  2.38  1.61  0.96  0.64  0.55     1.79  0.82  2.29  2.98  1.07
165   60     0.81  1.19  1.47  1.83  2.61  2.96  2.66  2.00  1.43  0.92  0.62  0.56     1.59  0.85  1.97  2.54  0.99
165   70     0.84  1.25  1.47  1.65  2.23  2.47  2.27  1.78  1.33  0.88  0.59  0.56     1.44  0.89  1.78  2.17  0.93
165   80     0.89  1.33  1.49  1.52  2.01  2.19  2.03  1.61  1.24  0.84  0.57  0.56     1.36  0.93  1.67  1.94  0.88
165   90     0.93  1.40  1.52  1.41  1.83  1.97  1.83  1.48  1.15  0.80  0.55  0.57     1.29  0.96  1.59  1.76  0.83
180   10     1.43  2.36  3.44  4.12  4.69  4.81  4.30  3.70  3.04  2.32  1.48  1.15     3.07  1.65  4.08  4.27  2.28
180   20     0.90  1.74  2.87  3.72  4.42  4.59  4.10  3.45  2.70  1.83  0.98  0.66     2.66  1.10  3.67  4.05  1.84
180   30     0.71  1.18  2.26  3.24  4.06  4.29  3.83  3.14  2.31  1.33  0.67  0.55     2.30  0.81  3.19  3.75  1.44
180   40     0.74  1.07  1.63  2.70  3.63  3.91  3.49  2.77  1.89  0.98  0.65  0.55     2.00  0.79  2.65  3.39  1.17
180   50     0.77  1.13  1.38  2.12  3.13  3.46  3.09  2.36  1.44  0.95  0.64  0.55     1.75  0.82  2.21  2.97  1.01
180   60     0.81  1.19  1.41  1.63  2.58  2.95  2.65  1.92  1.33  0.91  0.62  0.56     1.54  0.85  1.87  2.51  0.95
180   70     0.84  1.25  1.44  1.50  2.10  2.40  2.20  1.69  1.25  0.88  0.59  0.56     1.39  0.89  1.68  2.10  0.91
180   80     0.89  1.33  1.47  1.40  1.89  2.11  1.96  1.55  1.18  0.84  0.57  0.56     1.31  0.93  1.59  1.87  0.86
180   90     0.93  1.40  1.51  1.33  1.75  1.90  1.78  1.42  1.10  0.79  0.55  0.57     1.25  0.96  1.53  1.70  0.81
             71.8  65.4  48.2  26.2  13.8   6.9   8.9  18.2  32.6  50.6  63.3  70.4     41.5  69.1  29.8  11.6  49.9
             4.41  5.19  5.19  4.80  4.94  4.95  4.45  4.01  3.74  3.90  3.76  3.96     4.44  4.51  4.86  4.46  3.73
             3.94  4.87  5.16  4.67  4.55  4.42  4.03  3.80  3.71  3.87  3.53  3.53     4.17  4.11  4.79  4.08  3.70
             1.12  1.07  1.01  1.03  1.09  1.12  1.10  1.06  1.01  1.01  1.07  1.12     1.07  1.10  1.04  1.09  1.03
             1.94  1.63  1.29  1.05  0.94  0.90  0.91  0.97  1.12  1.39  1.77  2.06     1.33  1.88  1.09  0.93  1.43
temperature  -9.5  -7.9  -1.9   5.1  10.7  14.8  18.4  19.9  15.5   8.7   1.6  -5.7      5.8  -7.7   4.6  17.7   8.6
diffusedrad  0.96  1.39  1.87  2.19  2.58  2.83  2.79  2.36  1.86  1.36  0.92  0.76     1.82  1.04  2.22  2.66  1.38
snow10cm     0.76  0.83  0.45  0.00  0.00  0.00  0.00  0.00  0.00  0.00  0.01  0.28     0.20  0.63  0.15  0.00  0.00
