2 20356   新得            43  4.6  142 50.4  178
             1.78  2.63  3.78  4.33  4.87  4.79  4.24  3.87  3.41  2.66  1.71  1.44     3.29  1.95  4.33  4.30  2.59
             2.04  3.04  4.41  5.01  5.84  5.82  6.06  4.65  4.07  3.06  1.98  1.63     3.56  2.16  4.78  5.31  2.90
             1.29  1.90  2.81  3.51  4.15  3.27  3.18  3.09  2.73  2.12  1.12  1.19     3.06  1.59  3.72  3.51  2.19
  0   10     2.18  3.03  4.15  4.53  4.94  4.80  4.27  3.94  3.63  3.00  2.04  1.79     3.52  2.33  4.54  4.34  2.89
  0   20     2.55  3.40  4.46  4.64  4.93  4.74  4.23  3.97  3.77  3.29  2.33  2.10     3.70  2.68  4.68  4.31  3.13
  0   30     2.87  3.70  4.69  4.65  4.81  4.59  4.11  3.91  3.84  3.49  2.57  2.37     3.80  2.98  4.72  4.20  3.30
  0   40     3.13  3.95  4.84  4.57  4.59  4.34  3.91  3.78  3.82  3.62  2.75  2.59     3.82  3.22  4.67  4.01  3.40
  0   50     3.33  4.11  4.90  4.39  4.30  4.03  3.65  3.58  3.72  3.66  2.86  2.75     3.77  3.40  4.53  3.75  3.41
  0   60     3.46  4.20  4.87  4.13  3.92  3.65  3.33  3.32  3.54  3.61  2.90  2.85     3.65  3.50  4.30  3.43  3.35
  0   70     3.51  4.20  4.75  3.78  3.47  3.21  2.97  2.99  3.29  3.48  2.88  2.88     3.45  3.53  4.00  3.06  3.21
  0   80     3.49  4.12  4.54  3.36  2.97  2.74  2.56  2.62  2.97  3.27  2.78  2.85     3.19  3.48  3.62  2.64  3.00
  0   90     3.39  3.96  4.25  2.88  2.44  2.25  2.15  2.21  2.59  2.98  2.61  2.75     2.87  3.37  3.19  2.21  2.73
 15   10     2.16  3.02  4.14  4.52  4.95  4.80  4.27  3.94  3.62  2.99  2.03  1.77     3.52  2.32  4.54  4.34  2.88
 15   20     2.52  3.37  4.45  4.63  4.92  4.74  4.22  3.96  3.76  3.27  2.30  2.08     3.68  2.65  4.67  4.31  3.11
 15   30     2.82  3.67  4.67  4.64  4.81  4.58  4.10  3.90  3.83  3.46  2.53  2.34     3.78  2.94  4.71  4.20  3.27
 15   40     3.07  3.90  4.81  4.56  4.60  4.35  3.91  3.78  3.81  3.58  2.69  2.55     3.80  3.18  4.66  4.01  3.36
 15   50     3.26  4.06  4.87  4.38  4.30  4.04  3.65  3.57  3.70  3.62  2.80  2.70     3.75  3.34  4.52  3.75  3.37
 15   60     3.38  4.14  4.83  4.12  3.93  3.66  3.34  3.31  3.52  3.56  2.83  2.80     3.62  3.44  4.29  3.44  3.31
 15   70     3.43  4.14  4.71  3.78  3.50  3.24  2.98  3.00  3.27  3.43  2.79  2.83     3.42  3.46  4.00  3.07  3.17
 15   80     3.40  4.06  4.50  3.37  3.01  2.78  2.59  2.63  2.96  3.21  2.69  2.79     3.17  3.42  3.63  2.67  2.96
 15   90     3.30  3.90  4.22  2.90  2.50  2.30  2.17  2.24  2.59  2.92  2.52  2.69     2.86  3.29  3.21  2.24  2.68
 30   10     2.12  2.98  4.11  4.49  4.94  4.80  4.26  3.92  3.60  2.96  1.99  1.74     3.49  2.28  4.51  4.33  2.85
 30   20     2.43  3.29  4.38  4.59  4.91  4.73  4.21  3.94  3.72  3.20  2.23  2.01     3.64  2.58  4.63  4.29  3.05
 30   30     2.70  3.56  4.58  4.59  4.80  4.58  4.09  3.87  3.77  3.37  2.42  2.24     3.71  2.83  4.66  4.18  3.19
 30   40     2.91  3.76  4.71  4.50  4.60  4.35  3.90  3.74  3.74  3.46  2.56  2.42     3.72  3.03  4.60  4.00  3.25
 30   50     3.07  3.89  4.75  4.33  4.33  4.06  3.65  3.55  3.64  3.48  2.63  2.55     3.66  3.17  4.47  3.75  3.25
 30   60     3.17  3.94  4.70  4.07  3.97  3.70  3.35  3.29  3.46  3.41  2.64  2.63     3.53  3.25  4.25  3.45  3.17
 30   70     3.19  3.92  4.58  3.75  3.56  3.30  3.01  2.99  3.21  3.27  2.59  2.64     3.33  3.25  3.96  3.10  3.02
 30   80     3.15  3.83  4.38  3.37  3.11  2.87  2.64  2.64  2.91  3.05  2.48  2.59     3.09  3.19  3.62  2.72  2.81
 30   90     3.05  3.67  4.11  2.94  2.64  2.42  2.25  2.28  2.56  2.76  2.31  2.49     2.79  3.07  3.23  2.32  2.54
 45   10     2.05  2.91  4.05  4.46  4.92  4.79  4.25  3.90  3.56  2.90  1.93  1.69     3.45  2.22  4.48  4.32  2.80
 45   20     2.30  3.17  4.27  4.52  4.89  4.72  4.20  3.90  3.65  3.09  2.12  1.90     3.56  2.46  4.56  4.27  2.95
 45   30     2.51  3.37  4.43  4.50  4.78  4.57  4.07  3.82  3.68  3.22  2.27  2.08     3.61  2.65  4.57  4.16  3.05
 45   40     2.67  3.53  4.51  4.41  4.59  4.36  3.89  3.69  3.63  3.28  2.36  2.22     3.59  2.81  4.50  3.98  3.09
 45   50     2.79  3.62  4.54  4.23  4.32  4.07  3.65  3.49  3.51  3.26  2.40  2.31     3.52  2.91  4.37  3.74  3.06
 45   60     2.85  3.65  4.49  3.99  4.00  3.74  3.36  3.25  3.34  3.18  2.39  2.36     3.38  2.95  4.16  3.45  2.97
 45   70     2.86  3.62  4.36  3.67  3.62  3.37  3.04  2.96  3.10  3.03  2.32  2.35     3.19  2.94  3.89  3.12  2.82
 45   80     2.80  3.53  4.19  3.33  3.21  2.96  2.68  2.64  2.82  2.82  2.21  2.29     2.96  2.87  3.58  2.76  2.61
 45   90     2.70  3.38  3.95  2.93  2.78  2.56  2.33  2.30  2.49  2.55  2.04  2.19     2.68  2.75  3.22  2.40  2.36
 60   10     1.96  2.82  3.97  4.41  4.90  4.78  4.24  3.88  3.51  2.83  1.86  1.61     3.40  2.13  4.43  4.30  2.73
 60   20     2.14  3.00  4.13  4.43  4.86  4.70  4.17  3.85  3.56  2.95  1.99  1.76     3.46  2.30  4.47  4.24  2.83
 60   30     2.28  3.14  4.23  4.38  4.74  4.55  4.04  3.76  3.55  3.02  2.08  1.89     3.47  2.44  4.45  4.12  2.88
 60   40     2.38  3.24  4.28  4.26  4.54  4.33  3.85  3.61  3.48  3.04  2.13  1.97     3.43  2.53  4.36  3.93  2.88
 60   50     2.45  3.29  4.27  4.09  4.30  4.07  3.62  3.41  3.36  3.00  2.13  2.02     3.33  2.59  4.22  3.70  2.83
 60   60     2.48  3.30  4.22  3.85  3.99  3.75  3.34  3.17  3.17  2.89  2.09  2.04     3.19  2.61  4.02  3.42  2.71
 60   70     2.47  3.26  4.10  3.56  3.64  3.40  3.03  2.90  2.95  2.75  2.01  2.01     3.01  2.58  3.77  3.11  2.57
 60   80     2.41  3.17  3.94  3.24  3.26  3.03  2.71  2.60  2.68  2.54  1.90  1.95     2.79  2.51  3.48  2.78  2.37
 60   90     2.32  3.05  3.74  2.89  2.85  2.65  2.38  2.28  2.39  2.30  1.74  1.85     2.54  2.41  3.16  2.43  2.14
 75   10     1.87  2.72  3.88  4.35  4.87  4.76  4.22  3.84  3.45  2.74  1.78  1.53     3.34  2.04  4.37  4.28  2.66
 75   20     1.95  2.81  3.95  4.32  4.80  4.67  4.14  3.78  3.45  2.79  1.83  1.61     3.34  2.12  4.36  4.20  2.69
 75   30     2.02  2.87  3.99  4.23  4.67  4.51  4.00  3.67  3.39  2.80  1.86  1.66     3.31  2.18  4.29  4.06  2.68
 75   40     2.07  2.92  3.98  4.09  4.47  4.29  3.80  3.51  3.30  2.76  1.86  1.70     3.23  2.23  4.18  3.87  2.64
 75   50     2.09  2.93  3.96  3.90  4.22  4.03  3.56  3.31  3.15  2.69  1.84  1.71     3.12  2.24  4.03  3.63  2.56
 75   60     2.10  2.92  3.88  3.67  3.93  3.73  3.30  3.07  2.97  2.58  1.77  1.70     2.97  2.24  3.83  3.37  2.44
 75   70     2.07  2.87  3.79  3.40  3.60  3.39  3.01  2.81  2.76  2.42  1.69  1.67     2.79  2.21  3.59  3.07  2.29
 75   80     2.02  2.79  3.64  3.09  3.24  3.04  2.69  2.52  2.51  2.24  1.58  1.61     2.58  2.14  3.33  2.75  2.11
 75   90     1.95  2.71  3.49  2.78  2.88  2.69  2.38  2.24  2.25  2.02  1.44  1.52     2.36  2.06  3.05  2.44  1.90
 90   10     1.77  2.61  3.77  4.29  4.84  4.75  4.20  3.81  3.39  2.64  1.69  1.44     3.27  1.94  4.30  4.25  2.57
 90   20     1.76  2.60  3.75  4.19  4.74  4.63  4.10  3.71  3.32  2.60  1.67  1.44     3.21  1.93  4.23  4.15  2.53
 90   30     1.75  2.59  3.72  4.05  4.57  4.45  3.94  3.57  3.22  2.55  1.64  1.44     3.12  1.93  4.11  3.99  2.47
 90   40     1.75  2.57  3.67  3.88  4.36  4.22  3.74  3.39  3.08  2.47  1.59  1.42     3.01  1.91  3.97  3.78  2.38
 90   50     1.74  2.56  3.60  3.67  4.10  3.95  3.50  3.18  2.92  2.36  1.53  1.41     2.88  1.90  3.79  3.54  2.27
 90   60     1.72  2.51  3.52  3.43  3.81  3.65  3.22  2.94  2.74  2.24  1.46  1.38     2.72  1.87  3.59  3.27  2.15
 90   70     1.70  2.48  3.42  3.17  3.50  3.34  2.94  2.68  2.53  2.08  1.37  1.34     2.55  1.84  3.36  2.99  1.99
 90   80     1.66  2.42  3.32  2.90  3.17  3.00  2.65  2.42  2.31  1.92  1.28  1.29     2.36  1.79  3.13  2.69  1.84
 90   90     1.61  2.36  3.19  2.61  2.82  2.66  2.35  2.15  2.07  1.74  1.16  1.23     2.16  1.73  2.87  2.38  1.66
105   10     1.66  2.50  3.67  4.22  4.80  4.73  4.18  3.77  3.32  2.55  1.60  1.35     3.20  1.84  4.23  4.23  2.49
105   20     1.57  2.39  3.55  4.06  4.66  4.59  4.06  3.64  3.19  2.42  1.50  1.27     3.08  1.74  4.09  4.09  2.37
105   30     1.50  2.30  3.42  3.86  4.46  4.38  3.88  3.46  3.03  2.29  1.42  1.21     2.93  1.67  3.91  3.90  2.25
105   40     1.44  2.23  3.31  3.63  4.21  4.13  3.65  3.25  2.86  2.16  1.33  1.16     2.78  1.61  3.72  3.68  2.12
105   50     1.42  2.18  3.22  3.40  3.93  3.85  3.40  3.02  2.67  2.03  1.25  1.13     2.62  1.57  3.52  3.42  1.98
105   60     1.38  2.14  3.13  3.16  3.63  3.54  3.13  2.78  2.48  1.89  1.18  1.09     2.46  1.54  3.31  3.15  1.85
105   70     1.37  2.11  3.04  2.91  3.32  3.22  2.84  2.53  2.28  1.75  1.09  1.06     2.29  1.51  3.09  2.86  1.71
105   80     1.35  2.08  2.96  2.65  3.02  2.91  2.56  2.27  2.06  1.60  1.01  1.03     2.13  1.49  2.88  2.58  1.56
105   90     1.33  2.04  2.87  2.41  2.70  2.59  2.28  2.03  1.87  1.46  0.92  0.98     1.96  1.45  2.66  2.30  1.42
120   10     1.56  2.39  3.57  4.15  4.77  4.71  4.17  3.74  3.25  2.45  1.52  1.27     3.13  1.74  4.16  4.20  2.41
120   20     1.39  2.19  3.35  3.92  4.58  4.54  4.02  3.57  3.06  2.24  1.35  1.12     2.94  1.56  3.95  4.04  2.22
120   30     1.25  2.02  3.14  3.66  4.33  4.31  3.81  3.35  2.84  2.04  1.20  1.01     2.75  1.43  3.71  3.82  2.03
120   40     1.18  1.90  2.96  3.38  4.04  4.02  3.56  3.10  2.62  1.86  1.09  0.94     2.55  1.34  3.46  3.56  1.86
120   50     1.14  1.83  2.82  3.11  3.72  3.71  3.28  2.85  2.40  1.70  1.00  0.90     2.37  1.29  3.22  3.28  1.70
120   60     1.12  1.80  2.73  2.84  3.41  3.38  2.99  2.59  2.20  1.56  0.93  0.86     2.20  1.26  2.99  2.99  1.56
120   70     1.12  1.78  2.66  2.61  3.10  3.07  2.71  2.35  2.00  1.44  0.86  0.84     2.04  1.25  2.79  2.71  1.43
120   80     1.12  1.78  2.60  2.38  2.80  2.75  2.43  2.12  1.83  1.31  0.80  0.83     1.90  1.24  2.60  2.43  1.31
120   90     1.13  1.78  2.57  2.16  2.52  2.46  2.17  1.88  1.65  1.21  0.74  0.81     1.75  1.24  2.41  2.17  1.20
135   10     1.48  2.30  3.48  4.10  4.74  4.69  4.15  3.71  3.20  2.37  1.45  1.19     3.07  1.66  4.10  4.18  2.34
135   20     1.22  2.00  3.16  3.81  4.52  4.51  3.98  3.50  2.94  2.08  1.21  0.97     2.83  1.40  3.83  4.00  2.08
135   30     1.05  1.76  2.86  3.47  4.21  4.24  3.75  3.25  2.66  1.80  1.02  0.83     2.58  1.22  3.52  3.75  1.82
135   40     0.96  1.61  2.62  3.12  3.86  3.91  3.46  2.96  2.38  1.57  0.89  0.76     2.34  1.11  3.20  3.44  1.61
135   50     0.94  1.53  2.45  2.80  3.48  3.55  3.15  2.66  2.13  1.40  0.81  0.73     2.14  1.07  2.91  3.12  1.44
135   60     0.94  1.52  2.35  2.52  3.14  3.19  2.84  2.39  1.92  1.27  0.75  0.72     1.96  1.06  2.67  2.81  1.31
135   70     0.96  1.53  2.31  2.29  2.83  2.87  2.55  2.15  1.75  1.17  0.70  0.71     1.82  1.07  2.48  2.52  1.21
135   80     0.99  1.56  2.28  2.09  2.55  2.57  2.29  1.93  1.59  1.08  0.66  0.71     1.69  1.09  2.31  2.26  1.11
135   90     1.02  1.59  2.29  1.91  2.29  2.29  2.04  1.73  1.44  1.00  0.62  0.71     1.58  1.11  2.16  2.02  1.02
150   10     1.41  2.23  3.40  4.06  4.72  4.68  4.14  3.69  3.15  2.30  1.39  1.13     3.02  1.59  4.06  4.17  2.28
150   20     1.09  1.85  3.01  3.72  4.47  4.49  3.96  3.46  2.84  1.93  1.09  0.86     2.73  1.26  3.73  3.97  1.96
150   30     0.88  1.54  2.61  3.32  4.13  4.21  3.71  3.17  2.50  1.59  0.86  0.70     2.43  1.04  3.35  3.69  1.65
150   40     0.83  1.36  2.29  2.89  3.71  3.85  3.40  2.83  2.15  1.31  0.74  0.67     2.17  0.95  2.96  3.36  1.40
150   50     0.86  1.31  2.09  2.49  3.25  3.42  3.04  2.49  1.87  1.14  0.70  0.68     1.95  0.95  2.61  2.98  1.24
150   60     0.89  1.34  2.02  2.19  2.84  2.99  2.68  2.19  1.66  1.05  0.67  0.68     1.76  0.97  2.35  2.62  1.13
150   70     0.92  1.38  2.01  1.98  2.52  2.64  2.37  1.95  1.51  0.98  0.64  0.68     1.63  0.99  2.17  2.32  1.04
150   80     0.95  1.43  2.03  1.81  2.26  2.35  2.12  1.76  1.39  0.92  0.60  0.68     1.53  1.02  2.04  2.08  0.97
150   90     0.99  1.49  2.08  1.68  2.04  2.10  1.90  1.59  1.27  0.86  0.57  0.69     1.44  1.05  1.93  1.86  0.90
165   10     1.37  2.18  3.36  4.03  4.71  4.68  4.13  3.67  3.12  2.26  1.35  1.09     3.00  1.55  4.03  4.16  2.25
165   20     0.99  1.74  2.90  3.67  4.44  4.47  3.95  3.43  2.78  1.84  1.00  0.78     2.67  1.17  3.67  3.95  1.88
165   30     0.81  1.36  2.43  3.23  4.09  4.19  3.69  3.13  2.39  1.41  0.74  0.67     2.35  0.95  3.25  3.67  1.52
165   40     0.83  1.19  2.00  2.73  3.66  3.82  3.37  2.77  1.98  1.09  0.71  0.67     2.07  0.90  2.80  3.32  1.26
165   50     0.86  1.24  1.79  2.22  3.16  3.39  3.00  2.37  1.63  0.98  0.69  0.68     1.83  0.92  2.39  2.92  1.10
165   60     0.89  1.29  1.78  1.88  2.61  2.91  2.59  1.99  1.44  0.94  0.66  0.68     1.64  0.95  2.09  2.50  1.01
165   70     0.92  1.35  1.82  1.71  2.23  2.44  2.21  1.77  1.33  0.90  0.63  0.68     1.50  0.98  1.92  2.14  0.95
165   80     0.95  1.41  1.88  1.60  2.00  2.16  1.98  1.61  1.24  0.85  0.60  0.68     1.41  1.01  1.83  1.91  0.90
165   90     0.99  1.47  1.94  1.50  1.83  1.94  1.78  1.47  1.16  0.80  0.57  0.69     1.35  1.05  1.76  1.73  0.84
180   10     1.35  2.16  3.34  4.02  4.70  4.67  4.13  3.67  3.11  2.25  1.34  1.08     2.98  1.53  4.02  4.16  2.23
180   20     0.96  1.70  2.86  3.65  4.43  4.47  3.94  3.42  2.76  1.80  0.97  0.75     2.64  1.14  3.65  3.94  1.85
180   30     0.81  1.27  2.35  3.20  4.07  4.18  3.69  3.12  2.36  1.34  0.73  0.67     2.32  0.92  3.21  3.66  1.48
180   40     0.83  1.19  1.84  2.70  3.64  3.81  3.37  2.75  1.91  1.01  0.71  0.67     2.04  0.90  2.73  3.31  1.21
180   50     0.86  1.24  1.65  2.16  3.14  3.38  2.99  2.35  1.45  0.97  0.69  0.68     1.80  0.92  2.32  2.91  1.04
180   60     0.89  1.29  1.71  1.69  2.59  2.90  2.58  1.92  1.33  0.93  0.66  0.68     1.60  0.95  2.00  2.46  0.97
180   70     0.92  1.35  1.77  1.58  2.11  2.37  2.15  1.68  1.26  0.89  0.63  0.68     1.45  0.98  1.82  2.07  0.93
180   80     0.95  1.41  1.84  1.49  1.89  2.08  1.92  1.54  1.18  0.85  0.60  0.68     1.37  1.01  1.74  1.85  0.88
180   90     0.99  1.47  1.91  1.43  1.75  1.88  1.74  1.42  1.11  0.80  0.57  0.69     1.31  1.05  1.69  1.68  0.83
             71.9  65.3  51.4  26.3  13.7   6.9   8.8  18.0  32.8  49.6  60.9  70.0     38.0  68.9  29.5  11.4  47.2
             3.51  4.21  4.90  4.66  4.95  4.81  4.27  3.97  3.84  3.66  2.90  2.88     4.05  3.53  4.72  4.34  3.42
             3.08  3.90  4.82  4.59  4.65  4.40  3.95  3.81  3.83  3.60  2.72  2.55     3.83  3.18  4.69  4.05  3.38
             1.14  1.08  1.02  1.02  1.06  1.09  1.08  1.04  1.00  1.02  1.07  1.13     1.06  1.12  1.03  1.07  1.03
             1.73  1.48  1.28  1.06  0.95  0.92  0.93  0.98  1.12  1.35  1.59  1.77     1.26  1.66  1.10  0.94  1.36
temperature  -6.6  -6.0  -1.6   5.2  10.9  14.8  18.2  19.8  15.6   9.3   2.7  -3.3      6.6  -5.3   4.8  17.6   9.2
diffusedrad  1.00  1.44  2.00  2.22  2.58  2.83  2.75  2.36  1.87  1.36  0.93  0.82     1.85  1.09  2.26  2.65  1.39
snow10cm     0.94  0.99  0.82  0.09  0.00  0.00  0.00  0.00  0.00  0.00  0.05  0.57     0.29  0.83  0.30  0.00  0.02
