1 20432   帯広            42 55.3  143 12.7   38
             2.15  3.16  4.22  4.63  4.93  4.74  4.12  3.80  3.39  2.89  2.08  1.79     3.49  2.37  4.59  4.22  2.79
             2.47  3.56  4.62  5.06  5.86  5.87  5.45  4.85  4.23  3.45  2.52  2.07     3.75  2.55  5.12  4.99  3.21
             1.74  2.58  3.38  4.09  4.10  3.74  3.55  2.95  2.60  2.45  1.79  1.61     3.34  2.01  4.08  3.80  2.49
  0   10     2.75  3.74  4.65  4.86  5.00  4.75  4.15  3.87  3.61  3.30  2.60  2.35     3.80  2.95  4.84  4.26  3.17
  0   20     3.31  4.28  5.04  4.98  4.98  4.68  4.11  3.90  3.75  3.64  3.05  2.87     4.05  3.48  5.00  4.23  3.48
  0   30     3.80  4.73  5.32  5.00  4.86  4.53  3.99  3.84  3.81  3.90  3.43  3.31     4.21  3.95  5.06  4.12  3.72
  0   40     4.20  5.09  5.49  4.90  4.64  4.29  3.79  3.71  3.80  4.06  3.73  3.68     4.28  4.32  5.01  3.93  3.86
  0   50     4.50  5.33  5.55  4.71  4.34  3.98  3.54  3.51  3.69  4.12  3.92  3.96     4.26  4.60  4.86  3.68  3.91
  0   60     4.70  5.46  5.48  4.41  3.95  3.60  3.24  3.25  3.51  4.08  4.02  4.13     4.15  4.77  4.62  3.36  3.87
  0   70     4.79  5.47  5.30  4.02  3.50  3.16  2.88  2.94  3.26  3.94  4.00  4.20     3.96  4.82  4.27  2.99  3.73
  0   80     4.76  5.36  5.01  3.55  2.98  2.70  2.49  2.57  2.94  3.71  3.89  4.17     3.68  4.76  3.85  2.59  3.51
  0   90     4.62  5.13  4.62  3.01  2.45  2.21  2.08  2.17  2.57  3.38  3.67  4.02     3.33  4.59  3.36  2.16  3.21
 15   10     2.73  3.72  4.63  4.85  5.00  4.75  4.15  3.87  3.60  3.29  2.58  2.34     3.79  2.93  4.83  4.25  3.16
 15   20     3.27  4.25  5.00  4.97  4.98  4.68  4.10  3.89  3.74  3.62  3.01  2.84     4.03  3.45  4.98  4.22  3.46
 15   30     3.73  4.69  5.26  4.99  4.86  4.53  3.98  3.83  3.80  3.87  3.37  3.27     4.18  3.90  5.04  4.11  3.68
 15   40     4.11  5.04  5.42  4.90  4.65  4.29  3.80  3.71  3.78  4.02  3.64  3.62     4.25  4.26  4.99  3.93  3.81
 15   50     4.40  5.27  5.46  4.70  4.35  3.98  3.54  3.51  3.68  4.08  3.82  3.89     4.22  4.52  4.84  3.68  3.86
 15   60     4.59  5.39  5.38  4.40  3.97  3.61  3.24  3.25  3.50  4.03  3.90  4.05     4.11  4.68  4.58  3.37  3.81
 15   70     4.66  5.40  5.20  4.03  3.52  3.19  2.89  2.94  3.25  3.89  3.88  4.12     3.91  4.72  4.25  3.01  3.67
 15   80     4.63  5.28  4.91  3.57  3.02  2.73  2.51  2.58  2.94  3.65  3.76  4.07     3.64  4.66  3.84  2.61  3.45
 15   90     4.48  5.05  4.53  3.04  2.50  2.26  2.11  2.20  2.57  3.32  3.54  3.93     3.29  4.49  3.36  2.19  3.14
 30   10     2.67  3.67  4.58  4.82  4.99  4.75  4.14  3.86  3.58  3.25  2.52  2.28     3.76  2.87  4.80  4.25  3.12
 30   20     3.14  4.14  4.89  4.93  4.97  4.68  4.09  3.87  3.70  3.54  2.89  2.73     3.96  3.34  4.93  4.21  3.38
 30   30     3.54  4.53  5.12  4.93  4.86  4.53  3.98  3.80  3.75  3.75  3.20  3.11     4.09  3.73  4.97  4.10  3.57
 30   40     3.87  4.83  5.25  4.84  4.65  4.30  3.79  3.67  3.71  3.88  3.42  3.42     4.14  4.04  4.91  3.92  3.67
 30   50     4.12  5.03  5.27  4.65  4.37  4.01  3.55  3.48  3.61  3.91  3.56  3.65     4.10  4.26  4.76  3.68  3.70
 30   60     4.26  5.12  5.18  4.36  4.01  3.65  3.25  3.23  3.43  3.85  3.61  3.78     3.98  4.39  4.52  3.38  3.63
 30   70     4.31  5.09  4.99  4.00  3.60  3.26  2.92  2.93  3.18  3.70  3.56  3.82     3.78  4.41  4.20  3.04  3.48
 30   80     4.26  4.96  4.72  3.58  3.13  2.83  2.56  2.59  2.89  3.46  3.43  3.76     3.51  4.33  3.81  2.66  3.26
 30   90     4.11  4.74  4.35  3.09  2.66  2.39  2.19  2.24  2.54  3.14  3.21  3.61     3.19  4.15  3.37  2.27  2.96
 45   10     2.56  3.57  4.50  4.78  4.98  4.74  4.13  3.84  3.54  3.18  2.43  2.19     3.70  2.78  4.75  4.24  3.05
 45   20     2.94  3.95  4.75  4.86  4.95  4.67  4.08  3.83  3.63  3.42  2.73  2.55     3.86  3.15  4.85  4.19  3.26
 45   30     3.26  4.26  4.91  4.84  4.84  4.52  3.95  3.75  3.66  3.58  2.97  2.85     3.95  3.46  4.86  4.08  3.40
 45   40     3.52  4.50  4.98  4.74  4.65  4.30  3.78  3.62  3.61  3.67  3.13  3.09     3.96  3.70  4.79  3.90  3.47
 45   50     3.70  4.65  4.99  4.54  4.37  4.02  3.54  3.43  3.49  3.66  3.22  3.26     3.90  3.87  4.63  3.66  3.46
 45   60     3.79  4.70  4.89  4.28  4.05  3.70  3.26  3.19  3.32  3.59  3.23  3.35     3.78  3.95  4.41  3.38  3.38
 45   70     3.81  4.66  4.69  3.93  3.66  3.32  2.95  2.90  3.08  3.43  3.17  3.36     3.58  3.94  4.09  3.06  3.23
 45   80     3.74  4.53  4.44  3.54  3.24  2.92  2.60  2.59  2.80  3.19  3.02  3.29     3.33  3.85  3.74  2.71  3.00
 45   90     3.59  4.33  4.12  3.10  2.81  2.53  2.26  2.26  2.48  2.89  2.81  3.13     3.02  3.68  3.34  2.35  2.73
 60   10     2.43  3.45  4.39  4.72  4.96  4.73  4.12  3.81  3.50  3.09  2.32  2.07     3.63  2.65  4.69  4.22  2.97
 60   20     2.70  3.71  4.55  4.75  4.91  4.65  4.05  3.78  3.54  3.26  2.52  2.33     3.73  2.91  4.74  4.16  3.11
 60   30     2.92  3.94  4.64  4.71  4.79  4.50  3.92  3.69  3.53  3.35  2.68  2.54     3.77  3.13  4.71  4.04  3.19
 60   40     3.08  4.09  4.67  4.58  4.60  4.29  3.74  3.54  3.46  3.39  2.78  2.70     3.74  3.29  4.62  3.86  3.21
 60   50     3.19  4.18  4.62  4.39  4.35  4.02  3.52  3.35  3.34  3.36  2.82  2.80     3.66  3.39  4.45  3.63  3.17
 60   60     3.25  4.21  4.52  4.13  4.04  3.71  3.25  3.12  3.15  3.25  2.78  2.84     3.52  3.43  4.23  3.36  3.06
 60   70     3.24  4.15  4.34  3.81  3.69  3.36  2.95  2.85  2.93  3.10  2.71  2.83     3.33  3.41  3.95  3.05  2.91
 60   80     3.16  4.03  4.11  3.45  3.30  3.00  2.63  2.55  2.66  2.88  2.56  2.75     3.09  3.31  3.62  2.73  2.70
 60   90     3.03  3.87  3.83  3.06  2.89  2.62  2.31  2.24  2.38  2.60  2.37  2.61     2.82  3.17  3.26  2.39  2.45
 75   10     2.29  3.30  4.27  4.66  4.93  4.71  4.10  3.78  3.44  2.99  2.20  1.94     3.55  2.51  4.62  4.20  2.87
 75   20     2.43  3.44  4.32  4.63  4.86  4.62  4.02  3.71  3.43  3.06  2.29  2.08     3.57  2.65  4.60  4.12  2.93
 75   30     2.54  3.54  4.33  4.53  4.72  4.46  3.88  3.61  3.37  3.09  2.36  2.18     3.55  2.75  4.53  3.98  2.94
 75   40     2.62  3.63  4.29  4.39  4.53  4.24  3.70  3.45  3.28  3.06  2.38  2.27     3.49  2.84  4.40  3.80  2.91
 75   50     2.66  3.66  4.22  4.17  4.27  3.98  3.46  3.25  3.14  3.00  2.38  2.31     3.38  2.88  4.22  3.56  2.84
 75   60     2.68  3.65  4.08  3.92  3.99  3.69  3.21  3.02  2.96  2.88  2.32  2.30     3.22  2.88  4.00  3.31  2.72
 75   70     2.66  3.61  3.93  3.63  3.65  3.36  2.92  2.76  2.74  2.71  2.22  2.28     3.04  2.85  3.74  3.01  2.56
 75   80     2.59  3.49  3.71  3.29  3.29  3.01  2.62  2.48  2.50  2.52  2.10  2.21     2.82  2.76  3.43  2.70  2.37
 75   90     2.48  3.38  3.50  2.95  2.93  2.66  2.32  2.20  2.24  2.28  1.92  2.09     2.58  2.65  3.12  2.39  2.15
 90   10     2.14  3.13  4.14  4.59  4.89  4.69  4.08  3.74  3.37  2.88  2.06  1.80     3.46  2.36  4.54  4.17  2.77
 90   20     2.13  3.14  4.07  4.49  4.79  4.58  3.98  3.65  3.31  2.84  2.05  1.80     3.40  2.36  4.45  4.07  2.73
 90   30     2.14  3.14  3.99  4.33  4.63  4.40  3.83  3.51  3.21  2.79  2.02  1.82     3.32  2.37  4.32  3.91  2.67
 90   40     2.15  3.12  3.89  4.14  4.41  4.18  3.63  3.33  3.07  2.71  1.98  1.82     3.20  2.36  4.15  3.71  2.59
 90   50     2.14  3.12  3.75  3.92  4.15  3.91  3.40  3.12  2.91  2.60  1.93  1.82     3.06  2.36  3.94  3.48  2.48
 90   60     2.12  3.07  3.63  3.66  3.86  3.62  3.13  2.89  2.73  2.48  1.85  1.79     2.90  2.33  3.72  3.21  2.35
 90   70     2.10  3.04  3.47  3.38  3.55  3.31  2.86  2.64  2.52  2.32  1.74  1.75     2.72  2.30  3.46  2.94  2.19
 90   80     2.05  2.96  3.30  3.08  3.21  2.98  2.57  2.38  2.30  2.15  1.64  1.70     2.53  2.24  3.20  2.64  2.03
 90   90     1.98  2.88  3.11  2.75  2.87  2.64  2.28  2.11  2.06  1.95  1.50  1.61     2.31  2.15  2.91  2.34  1.84
105   10     1.98  2.97  4.01  4.51  4.86  4.67  4.07  3.71  3.30  2.76  1.93  1.65     3.37  2.20  4.46  4.15  2.67
105   20     1.85  2.83  3.81  4.33  4.72  4.54  3.94  3.58  3.18  2.62  1.80  1.54     3.23  2.07  4.29  4.02  2.53
105   30     1.75  2.71  3.62  4.12  4.51  4.34  3.77  3.40  3.02  2.48  1.69  1.46     3.07  1.98  4.08  3.84  2.40
105   40     1.68  2.63  3.45  3.87  4.26  4.09  3.55  3.20  2.85  2.34  1.59  1.41     2.91  1.91  3.86  3.61  2.26
105   50     1.66  2.57  3.29  3.61  3.98  3.81  3.30  2.97  2.66  2.21  1.49  1.37     2.74  1.86  3.63  3.36  2.12
105   60     1.61  2.52  3.14  3.35  3.68  3.50  3.04  2.73  2.47  2.06  1.42  1.33     2.57  1.82  3.39  3.09  1.98
105   70     1.61  2.49  2.99  3.08  3.37  3.19  2.76  2.49  2.27  1.92  1.32  1.29     2.40  1.79  3.15  2.81  1.84
105   80     1.58  2.45  2.86  2.79  3.06  2.88  2.49  2.24  2.06  1.76  1.23  1.26     2.22  1.76  2.91  2.54  1.68
105   90     1.55  2.40  2.72  2.52  2.75  2.57  2.22  2.00  1.86  1.62  1.14  1.20     2.05  1.72  2.67  2.26  1.54
120   10     1.84  2.81  3.88  4.44  4.82  4.66  4.05  3.67  3.24  2.65  1.80  1.51     3.28  2.06  4.38  4.13  2.56
120   20     1.58  2.53  3.56  4.18  4.64  4.50  3.90  3.51  3.05  2.41  1.56  1.29     3.06  1.80  4.13  3.97  2.34
120   30     1.39  2.30  3.27  3.89  4.38  4.26  3.70  3.29  2.83  2.18  1.37  1.13     2.83  1.61  3.85  3.75  2.13
120   40     1.29  2.14  3.01  3.58  4.08  3.98  3.46  3.05  2.61  1.98  1.22  1.03     2.62  1.49  3.56  3.50  1.94
120   50     1.24  2.05  2.80  3.28  3.77  3.67  3.19  2.80  2.40  1.81  1.12  0.98     2.42  1.42  3.28  3.22  1.77
120   60     1.21  2.02  2.65  2.99  3.45  3.35  2.91  2.55  2.19  1.67  1.04  0.94     2.25  1.39  3.03  2.94  1.63
120   70     1.22  1.99  2.54  2.73  3.14  3.04  2.64  2.31  2.00  1.54  0.96  0.93     2.09  1.38  2.80  2.66  1.50
120   80     1.22  2.00  2.43  2.48  2.84  2.73  2.37  2.08  1.82  1.41  0.90  0.92     1.93  1.38  2.58  2.39  1.38
120   90     1.24  2.00  2.36  2.24  2.55  2.44  2.11  1.86  1.64  1.30  0.84  0.90     1.79  1.38  2.38  2.13  1.26
135   10     1.71  2.68  3.77  4.37  4.79  4.64  4.03  3.65  3.18  2.55  1.69  1.39     3.21  1.93  4.31  4.11  2.48
135   20     1.33  2.26  3.34  4.05  4.57  4.46  3.87  3.45  2.93  2.21  1.35  1.05     2.90  1.55  3.99  3.93  2.16
135   30     1.08  1.92  2.93  3.67  4.26  4.20  3.65  3.20  2.65  1.89  1.08  0.84     2.62  1.28  3.62  3.68  1.87
135   40     0.96  1.71  2.60  3.28  3.90  3.87  3.37  2.91  2.37  1.63  0.91  0.73     2.35  1.13  3.26  3.38  1.64
135   50     0.92  1.61  2.35  2.93  3.52  3.52  3.06  2.63  2.12  1.45  0.81  0.70     2.13  1.08  2.93  3.07  1.46
135   60     0.94  1.59  2.20  2.62  3.17  3.16  2.77  2.36  1.92  1.31  0.75  0.69     1.96  1.07  2.67  2.76  1.33
135   70     0.97  1.61  2.11  2.37  2.86  2.84  2.49  2.12  1.74  1.21  0.71  0.70     1.81  1.09  2.44  2.48  1.22
135   80     1.00  1.65  2.04  2.15  2.58  2.54  2.23  1.90  1.59  1.12  0.68  0.70     1.68  1.12  2.25  2.22  1.13
135   90     1.06  1.70  2.03  1.95  2.32  2.27  1.99  1.71  1.44  1.04  0.64  0.71     1.57  1.16  2.10  1.99  1.04
150   10     1.60  2.57  3.69  4.33  4.77  4.63  4.02  3.62  3.14  2.47  1.60  1.29     3.15  1.82  4.26  4.09  2.40
150   20     1.12  2.03  3.16  3.95  4.52  4.44  3.85  3.40  2.83  2.04  1.17  0.86     2.78  1.34  3.88  3.90  2.01
150   30     0.82  1.59  2.64  3.50  4.17  4.16  3.61  3.12  2.49  1.63  0.83  0.61     2.43  1.00  3.44  3.63  1.65
150   40     0.75  1.33  2.21  3.02  3.75  3.81  3.31  2.79  2.15  1.32  0.68  0.58     2.14  0.89  2.99  3.30  1.38
150   50     0.79  1.26  1.93  2.57  3.28  3.38  2.96  2.46  1.86  1.13  0.63  0.59     1.90  0.88  2.59  2.93  1.21
150   60     0.83  1.29  1.80  2.24  2.86  2.96  2.61  2.16  1.66  1.03  0.61  0.61     1.72  0.91  2.30  2.58  1.10
150   70     0.89  1.36  1.77  2.00  2.53  2.61  2.31  1.93  1.51  0.97  0.59  0.63     1.59  0.96  2.10  2.28  1.02
150   80     0.95  1.44  1.76  1.82  2.28  2.32  2.07  1.74  1.38  0.92  0.57  0.65     1.49  1.01  1.95  2.04  0.96
150   90     1.01  1.53  1.79  1.68  2.06  2.08  1.85  1.57  1.26  0.87  0.55  0.67     1.41  1.07  1.84  1.83  0.90
165   10     1.53  2.50  3.64  4.30  4.76  4.63  4.01  3.61  3.11  2.42  1.55  1.22     3.11  1.75  4.23  4.08  2.36
165   20     0.98  1.87  3.05  3.88  4.49  4.43  3.84  3.38  2.77  1.92  1.03  0.73     2.70  1.19  3.81  3.88  1.91
165   30     0.71  1.31  2.43  3.39  4.13  4.14  3.59  3.08  2.38  1.43  0.66  0.57     2.32  0.86  3.32  3.60  1.49
165   40     0.74  1.06  1.87  2.84  3.69  3.78  3.28  2.73  1.97  1.05  0.63  0.58     2.02  0.80  2.80  3.27  1.22
165   50     0.79  1.13  1.57  2.26  3.18  3.35  2.92  2.34  1.62  0.93  0.61  0.59     1.78  0.84  2.34  2.87  1.06
165   60     0.83  1.21  1.53  1.88  2.63  2.87  2.52  1.97  1.44  0.89  0.60  0.61     1.58  0.89  2.01  2.46  0.98
165   70     0.89  1.30  1.56  1.69  2.23  2.40  2.16  1.75  1.33  0.86  0.58  0.63     1.45  0.94  1.83  2.10  0.93
165   80     0.95  1.39  1.62  1.57  2.00  2.13  1.93  1.59  1.24  0.82  0.57  0.65     1.37  0.99  1.73  1.88  0.88
165   90     1.01  1.49  1.67  1.47  1.83  1.91  1.74  1.45  1.16  0.79  0.55  0.67     1.31  1.05  1.66  1.70  0.83
180   10     1.50  2.47  3.63  4.29  4.75  4.62  4.01  3.61  3.10  2.40  1.52  1.20     3.09  1.73  4.22  4.08  2.34
180   20     0.93  1.80  3.01  3.86  4.48  4.42  3.83  3.37  2.75  1.87  0.99  0.69     2.67  1.14  3.79  3.87  1.87
180   30     0.71  1.19  2.36  3.36  4.11  4.13  3.59  3.07  2.35  1.33  0.64  0.57     2.28  0.82  3.28  3.60  1.44
180   40     0.74  1.06  1.69  2.80  3.67  3.77  3.27  2.72  1.91  0.94  0.63  0.58     1.98  0.80  2.72  3.25  1.16
180   50     0.79  1.13  1.42  2.19  3.16  3.34  2.92  2.33  1.45  0.92  0.61  0.59     1.74  0.84  2.26  2.86  0.99
180   60     0.83  1.21  1.47  1.66  2.60  2.86  2.51  1.90  1.32  0.89  0.60  0.61     1.54  0.89  1.91  2.43  0.94
180   70     0.89  1.30  1.53  1.53  2.10  2.34  2.10  1.67  1.25  0.85  0.58  0.63     1.40  0.94  1.72  2.04  0.90
180   80     0.95  1.39  1.60  1.44  1.89  2.05  1.87  1.53  1.18  0.82  0.57  0.65     1.33  0.99  1.64  1.81  0.86
180   90     1.01  1.49  1.66  1.38  1.74  1.85  1.70  1.40  1.10  0.79  0.55  0.67     1.28  1.05  1.59  1.65  0.81
             72.5  65.7  49.6  26.4  13.7   6.7   8.7  17.8  32.6  51.1  63.9  71.5     42.9  69.8  30.5  11.3  50.5
             4.79  5.48  5.55  5.01  5.01  4.75  4.15  3.90  3.82  4.12  4.02  4.20     4.57  4.82  5.06  4.26  3.91
             4.30  5.17  5.52  4.86  4.56  4.20  3.73  3.66  3.77  4.09  3.79  3.77     4.29  4.41  4.98  3.86  3.89
             1.11  1.06  1.01  1.03  1.10  1.13  1.11  1.07  1.01  1.01  1.06  1.11     1.07  1.10  1.04  1.10  1.03
             2.00  1.64  1.31  1.05  0.92  0.89  0.91  0.96  1.11  1.42  1.82  2.11     1.34  1.91  1.09  0.92  1.45
temperature  -7.5  -6.3  -1.0   5.8  11.1  14.7  18.2  20.1  16.3   9.9   3.1  -3.8      6.7  -5.9   5.3  17.7   9.8
diffusedrad  0.97  1.41  1.90  2.22  2.54  2.76  2.67  2.33  1.86  1.33  0.90  0.78     1.81  1.05  2.22  2.59  1.36
snow10cm     0.85  0.89  0.56  0.03  0.00  0.00  0.00  0.00  0.00  0.00  0.04  0.47     0.24  0.74  0.20  0.00  0.01
