2 20441   池田            42 55.2  143 27.5   42
             2.14  3.17  4.24  4.59  5.06  5.00  4.53  3.94  3.45  2.90  2.10  1.77     3.57  2.36  4.63  4.49  2.81
             2.45  3.49  4.74  5.13  5.73  6.49  6.17  4.91  4.28  3.29  2.45  2.08     3.87  2.57  5.09  5.42  3.13
             1.74  2.70  3.34  4.14  4.33  3.62  3.79  3.14  2.79  2.53  1.72  1.50     3.31  2.03  4.08  3.64  2.52
  0   10     2.73  3.80  4.68  4.81  5.13  5.01  4.56  4.02  3.67  3.31  2.61  2.32     3.89  2.95  4.88  4.53  3.20
  0   20     3.27  4.36  5.07  4.94  5.12  4.94  4.51  4.04  3.82  3.64  3.07  2.82     4.13  3.48  5.04  4.50  3.51
  0   30     3.75  4.83  5.36  4.95  4.99  4.77  4.38  3.99  3.89  3.90  3.44  3.25     4.29  3.95  5.10  4.38  3.74
  0   40     4.14  5.21  5.53  4.86  4.77  4.51  4.17  3.85  3.87  4.06  3.73  3.61     4.36  4.32  5.05  4.18  3.88
  0   50     4.44  5.46  5.59  4.66  4.45  4.18  3.88  3.65  3.77  4.12  3.92  3.87     4.33  4.59  4.90  3.90  3.94
  0   60     4.63  5.60  5.53  4.37  4.06  3.78  3.54  3.38  3.58  4.07  4.01  4.04     4.22  4.76  4.65  3.56  3.89
  0   70     4.72  5.61  5.35  3.98  3.58  3.31  3.13  3.05  3.33  3.93  4.00  4.10     4.01  4.81  4.30  3.16  3.75
  0   80     4.69  5.50  5.05  3.52  3.06  2.81  2.69  2.66  3.00  3.70  3.88  4.06     3.72  4.75  3.88  2.72  3.52
  0   90     4.54  5.26  4.66  2.98  2.50  2.30  2.24  2.25  2.62  3.37  3.66  3.91     3.36  4.57  3.38  2.26  3.22
 15   10     2.70  3.77  4.66  4.80  5.13  5.01  4.56  4.01  3.67  3.29  2.59  2.30     3.88  2.92  4.87  4.53  3.18
 15   20     3.23  4.30  5.04  4.92  5.11  4.94  4.51  4.04  3.81  3.63  3.02  2.79     4.11  3.44  5.02  4.49  3.48
 15   30     3.68  4.75  5.30  4.94  4.99  4.77  4.38  3.98  3.87  3.87  3.38  3.21     4.26  3.88  5.08  4.38  3.71
 15   40     4.06  5.10  5.46  4.85  4.78  4.52  4.17  3.85  3.86  4.02  3.65  3.55     4.32  4.24  5.03  4.18  3.84
 15   50     4.34  5.34  5.50  4.66  4.46  4.19  3.89  3.64  3.75  4.07  3.82  3.81     4.29  4.50  4.87  3.91  3.88
 15   60     4.52  5.46  5.43  4.36  4.07  3.80  3.55  3.37  3.57  4.03  3.90  3.96     4.17  4.65  4.62  3.57  3.83
 15   70     4.59  5.46  5.24  3.99  3.61  3.34  3.15  3.05  3.31  3.88  3.88  4.02     3.96  4.69  4.28  3.18  3.69
 15   80     4.56  5.34  4.95  3.53  3.10  2.85  2.73  2.67  3.00  3.64  3.75  3.97     3.67  4.62  3.86  2.75  3.46
 15   90     4.41  5.10  4.57  3.02  2.56  2.35  2.27  2.28  2.62  3.32  3.53  3.82     3.32  4.45  3.38  2.30  3.16
 30   10     2.64  3.70  4.61  4.78  5.13  5.01  4.55  4.00  3.64  3.26  2.53  2.25     3.84  2.86  4.84  4.52  3.14
 30   20     3.10  4.17  4.93  4.88  5.10  4.93  4.50  4.01  3.77  3.55  2.91  2.68     4.04  3.32  4.97  4.48  3.41
 30   30     3.50  4.56  5.16  4.89  4.99  4.78  4.37  3.95  3.82  3.76  3.21  3.06     4.17  3.71  5.01  4.37  3.60
 30   40     3.83  4.86  5.29  4.79  4.78  4.53  4.17  3.82  3.79  3.88  3.43  3.36     4.21  4.01  4.95  4.17  3.70
 30   50     4.06  5.06  5.31  4.61  4.49  4.22  3.90  3.62  3.68  3.91  3.57  3.57     4.17  4.23  4.80  3.91  3.72
 30   60     4.21  5.15  5.22  4.32  4.12  3.84  3.57  3.35  3.50  3.85  3.61  3.70     4.04  4.35  4.55  3.59  3.65
 30   70     4.25  5.12  5.03  3.97  3.69  3.42  3.20  3.04  3.25  3.70  3.56  3.73     3.83  4.37  4.23  3.22  3.50
 30   80     4.20  4.99  4.75  3.54  3.21  2.96  2.79  2.69  2.95  3.45  3.43  3.67     3.55  4.29  3.84  2.81  3.28
 30   90     4.05  4.76  4.39  3.06  2.72  2.49  2.37  2.32  2.59  3.13  3.20  3.51     3.22  4.11  3.39  2.40  2.98
 45   10     2.54  3.60  4.53  4.73  5.11  5.00  4.54  3.98  3.61  3.19  2.44  2.16     3.79  2.77  4.79  4.51  3.08
 45   20     2.91  3.98  4.78  4.81  5.08  4.92  4.49  3.97  3.70  3.42  2.75  2.51     3.94  3.13  4.89  4.46  3.29
 45   30     3.22  4.29  4.95  4.79  4.97  4.77  4.35  3.90  3.73  3.59  2.98  2.81     4.03  3.44  4.90  4.34  3.43
 45   40     3.47  4.53  5.02  4.69  4.78  4.54  4.16  3.76  3.68  3.67  3.14  3.03     4.04  3.68  4.83  4.15  3.50
 45   50     3.65  4.68  5.02  4.50  4.49  4.24  3.90  3.56  3.56  3.66  3.22  3.19     3.97  3.84  4.67  3.90  3.48
 45   60     3.75  4.73  4.93  4.24  4.16  3.90  3.59  3.31  3.39  3.58  3.23  3.27     3.84  3.92  4.44  3.60  3.40
 45   70     3.76  4.69  4.73  3.89  3.76  3.50  3.24  3.02  3.14  3.43  3.17  3.28     3.63  3.91  4.13  3.25  3.25
 45   80     3.69  4.56  4.48  3.51  3.33  3.08  2.86  2.69  2.86  3.19  3.02  3.20     3.37  3.81  3.77  2.87  3.02
 45   90     3.53  4.35  4.15  3.07  2.88  2.65  2.48  2.34  2.53  2.89  2.80  3.04     3.06  3.64  3.37  2.49  2.74
 60   10     2.41  3.47  4.42  4.68  5.09  4.99  4.53  3.95  3.56  3.10  2.34  2.05     3.71  2.64  4.73  4.49  3.00
 60   20     2.67  3.73  4.58  4.71  5.05  4.90  4.46  3.92  3.60  3.26  2.54  2.29     3.81  2.90  4.78  4.43  3.14
 60   30     2.89  3.96  4.67  4.66  4.92  4.74  4.32  3.83  3.60  3.35  2.69  2.50     3.85  3.12  4.75  4.30  3.21
 60   40     3.05  4.12  4.71  4.54  4.73  4.52  4.12  3.68  3.53  3.39  2.79  2.65     3.82  3.27  4.66  4.11  3.24
 60   50     3.16  4.20  4.66  4.35  4.47  4.25  3.88  3.48  3.40  3.36  2.83  2.74     3.73  3.37  4.49  3.87  3.19
 60   60     3.21  4.23  4.56  4.09  4.15  3.91  3.58  3.24  3.22  3.25  2.79  2.78     3.58  3.41  4.26  3.58  3.09
 60   70     3.20  4.18  4.38  3.78  3.79  3.55  3.25  2.96  3.00  3.10  2.71  2.76     3.39  3.38  3.98  3.25  2.93
 60   80     3.12  4.05  4.14  3.42  3.40  3.16  2.90  2.65  2.72  2.88  2.57  2.67     3.14  3.28  3.65  2.91  2.72
 60   90     2.98  3.88  3.87  3.03  2.98  2.76  2.54  2.33  2.43  2.60  2.36  2.53     2.86  3.13  3.29  2.54  2.46
 75   10     2.27  3.32  4.29  4.62  5.06  4.97  4.51  3.91  3.50  3.00  2.22  1.91     3.63  2.50  4.66  4.46  2.90
 75   20     2.40  3.46  4.35  4.58  4.99  4.87  4.42  3.85  3.49  3.07  2.31  2.05     3.65  2.64  4.64  4.38  2.96
 75   30     2.51  3.57  4.36  4.49  4.85  4.71  4.28  3.74  3.44  3.09  2.38  2.15     3.63  2.74  4.57  4.24  2.97
 75   40     2.59  3.65  4.32  4.35  4.65  4.48  4.07  3.58  3.34  3.07  2.40  2.23     3.56  2.83  4.44  4.04  2.94
 75   50     2.63  3.68  4.25  4.14  4.39  4.21  3.82  3.37  3.20  3.00  2.39  2.27     3.44  2.86  4.26  3.80  2.86
 75   60     2.65  3.67  4.11  3.89  4.10  3.90  3.54  3.13  3.02  2.88  2.33  2.25     3.29  2.86  4.03  3.52  2.74
 75   70     2.62  3.63  3.96  3.59  3.75  3.55  3.23  2.87  2.80  2.71  2.23  2.22     3.10  2.82  3.77  3.21  2.58
 75   80     2.55  3.51  3.75  3.26  3.39  3.18  2.89  2.58  2.55  2.53  2.10  2.14     2.87  2.73  3.47  2.88  2.39
 75   90     2.45  3.39  3.52  2.92  3.01  2.81  2.56  2.29  2.28  2.29  1.92  2.02     2.62  2.62  3.15  2.55  2.16
 90   10     2.12  3.16  4.16  4.54  5.03  4.95  4.49  3.88  3.43  2.88  2.09  1.77     3.54  2.35  4.58  4.44  2.80
 90   20     2.11  3.16  4.09  4.44  4.92  4.83  4.38  3.78  3.37  2.85  2.07  1.78     3.48  2.35  4.49  4.33  2.76
 90   30     2.12  3.16  4.01  4.29  4.75  4.65  4.21  3.64  3.26  2.80  2.04  1.80     3.40  2.36  4.35  4.17  2.70
 90   40     2.12  3.14  3.91  4.11  4.53  4.41  4.00  3.45  3.12  2.72  2.00  1.79     3.28  2.35  4.18  3.95  2.61
 90   50     2.12  3.14  3.78  3.89  4.27  4.13  3.74  3.24  2.97  2.61  1.94  1.79     3.13  2.35  3.98  3.70  2.50
 90   60     2.09  3.09  3.66  3.63  3.97  3.82  3.45  3.00  2.78  2.48  1.86  1.75     2.96  2.31  3.75  3.42  2.38
 90   70     2.07  3.05  3.49  3.35  3.65  3.49  3.16  2.74  2.57  2.32  1.75  1.70     2.78  2.28  3.50  3.13  2.21
 90   80     2.02  2.98  3.33  3.05  3.31  3.15  2.84  2.47  2.34  2.15  1.64  1.64     2.58  2.21  3.23  2.82  2.04
 90   90     1.95  2.88  3.13  2.73  2.95  2.79  2.52  2.19  2.10  1.95  1.51  1.55     2.36  2.13  2.94  2.50  1.85
105   10     1.97  2.99  4.03  4.47  4.99  4.93  4.47  3.84  3.36  2.77  1.95  1.63     3.45  2.20  4.49  4.41  2.69
105   20     1.84  2.85  3.83  4.29  4.84  4.78  4.33  3.70  3.23  2.63  1.82  1.52     3.31  2.07  4.32  4.27  2.56
105   30     1.74  2.73  3.64  4.08  4.63  4.57  4.14  3.52  3.07  2.49  1.71  1.44     3.15  1.97  4.12  4.08  2.42
105   40     1.67  2.65  3.47  3.83  4.38  4.31  3.90  3.31  2.90  2.35  1.61  1.38     2.98  1.90  3.89  3.84  2.29
105   50     1.64  2.58  3.31  3.58  4.09  4.01  3.63  3.08  2.70  2.22  1.51  1.34     2.81  1.85  3.66  3.57  2.14
105   60     1.60  2.54  3.16  3.32  3.79  3.69  3.34  2.83  2.51  2.06  1.43  1.29     2.63  1.81  3.42  3.29  2.00
105   70     1.59  2.50  3.02  3.05  3.47  3.37  3.04  2.58  2.31  1.93  1.33  1.25     2.45  1.78  3.18  3.00  1.86
105   80     1.56  2.46  2.88  2.77  3.15  3.04  2.74  2.32  2.10  1.76  1.24  1.21     2.27  1.75  2.93  2.70  1.70
105   90     1.53  2.40  2.74  2.50  2.83  2.71  2.44  2.07  1.90  1.62  1.14  1.15     2.09  1.70  2.69  2.41  1.55
120   10     1.82  2.83  3.90  4.39  4.95  4.91  4.45  3.81  3.29  2.66  1.82  1.50     3.36  2.05  4.42  4.39  2.59
120   20     1.57  2.54  3.58  4.14  4.76  4.74  4.29  3.63  3.10  2.42  1.58  1.27     3.13  1.79  4.16  4.22  2.37
120   30     1.39  2.31  3.28  3.85  4.50  4.49  4.06  3.41  2.88  2.19  1.39  1.12     2.90  1.61  3.88  3.99  2.15
120   40     1.28  2.16  3.03  3.55  4.19  4.19  3.79  3.16  2.65  1.99  1.24  1.02     2.69  1.48  3.59  3.71  1.96
120   50     1.23  2.06  2.82  3.25  3.87  3.86  3.49  2.90  2.44  1.82  1.13  0.96     2.48  1.42  3.31  3.42  1.79
120   60     1.20  2.02  2.66  2.96  3.54  3.53  3.19  2.64  2.23  1.68  1.05  0.92     2.30  1.38  3.06  3.12  1.65
120   70     1.21  2.00  2.55  2.71  3.23  3.20  2.89  2.39  2.03  1.55  0.97  0.89     2.13  1.37  2.83  2.83  1.52
120   80     1.21  2.01  2.44  2.46  2.92  2.87  2.60  2.15  1.85  1.42  0.91  0.88     1.98  1.36  2.61  2.54  1.39
120   90     1.22  2.00  2.37  2.22  2.63  2.57  2.31  1.92  1.67  1.31  0.84  0.85     1.83  1.36  2.40  2.27  1.27
135   10     1.70  2.70  3.79  4.33  4.92  4.89  4.43  3.77  3.23  2.56  1.71  1.38     3.29  1.92  4.35  4.37  2.50
135   20     1.32  2.27  3.36  4.01  4.69  4.70  4.25  3.57  2.97  2.22  1.37  1.04     2.98  1.55  4.02  4.17  2.19
135   30     1.08  1.94  2.94  3.64  4.37  4.42  3.99  3.30  2.69  1.90  1.10  0.83     2.68  1.28  3.65  3.90  1.90
135   40     0.95  1.72  2.60  3.25  4.00  4.07  3.68  3.00  2.41  1.65  0.93  0.72     2.42  1.13  3.29  3.59  1.66
135   50     0.92  1.61  2.36  2.90  3.61  3.69  3.34  2.71  2.15  1.46  0.83  0.68     2.19  1.07  2.96  3.25  1.48
135   60     0.93  1.59  2.21  2.60  3.25  3.31  3.01  2.43  1.94  1.33  0.77  0.67     2.00  1.06  2.69  2.92  1.35
135   70     0.96  1.61  2.12  2.35  2.93  2.98  2.70  2.18  1.77  1.22  0.72  0.67     1.85  1.08  2.46  2.62  1.24
135   80     0.99  1.65  2.05  2.13  2.64  2.67  2.42  1.96  1.61  1.13  0.69  0.67     1.72  1.10  2.27  2.35  1.14
135   90     1.04  1.69  2.04  1.93  2.38  2.38  2.17  1.76  1.46  1.05  0.65  0.67     1.60  1.13  2.12  2.10  1.05
150   10     1.59  2.59  3.71  4.29  4.90  4.88  4.42  3.75  3.19  2.48  1.63  1.28     3.23  1.82  4.30  4.35  2.43
150   20     1.12  2.04  3.18  3.91  4.63  4.68  4.22  3.52  2.88  2.05  1.19  0.85     2.86  1.34  3.91  4.14  2.04
150   30     0.82  1.59  2.65  3.46  4.28  4.38  3.95  3.22  2.52  1.65  0.85  0.60     2.50  1.00  3.46  3.85  1.68
150   40     0.75  1.33  2.21  2.99  3.84  4.00  3.60  2.88  2.18  1.33  0.70  0.57     2.20  0.88  3.01  3.49  1.40
150   50     0.78  1.26  1.93  2.55  3.36  3.54  3.21  2.52  1.88  1.15  0.65  0.58     1.95  0.88  2.61  3.09  1.23
150   60     0.83  1.29  1.81  2.22  2.93  3.09  2.81  2.22  1.68  1.05  0.63  0.59     1.76  0.90  2.32  2.71  1.12
150   70     0.88  1.36  1.77  1.99  2.59  2.72  2.49  1.97  1.52  0.99  0.61  0.60     1.62  0.95  2.12  2.39  1.04
150   80     0.94  1.43  1.76  1.81  2.33  2.42  2.22  1.78  1.40  0.93  0.58  0.61     1.52  0.99  1.97  2.14  0.97
150   90     0.99  1.52  1.80  1.67  2.10  2.17  1.99  1.60  1.28  0.88  0.56  0.62     1.43  1.04  1.86  1.92  0.91
165   10     1.53  2.52  3.66  4.26  4.88  4.88  4.41  3.74  3.16  2.43  1.57  1.21     3.19  1.75  4.27  4.34  2.39
165   20     0.98  1.88  3.06  3.85  4.60  4.66  4.21  3.49  2.81  1.94  1.06  0.73     2.77  1.19  3.84  4.12  1.94
165   30     0.71  1.31  2.44  3.36  4.23  4.36  3.93  3.18  2.42  1.44  0.68  0.56     2.38  0.86  3.34  3.82  1.51
165   40     0.74  1.06  1.87  2.81  3.78  3.97  3.58  2.81  1.99  1.06  0.65  0.57     2.08  0.79  2.82  3.45  1.24
165   50     0.78  1.13  1.57  2.24  3.25  3.51  3.17  2.40  1.64  0.95  0.63  0.58     1.82  0.83  2.36  3.03  1.07
165   60     0.83  1.21  1.53  1.86  2.68  3.00  2.71  2.01  1.45  0.91  0.62  0.59     1.62  0.88  2.02  2.57  0.99
165   70     0.88  1.29  1.56  1.68  2.27  2.49  2.30  1.78  1.34  0.87  0.60  0.60     1.47  0.92  1.84  2.19  0.94
165   80     0.94  1.39  1.62  1.56  2.04  2.20  2.05  1.62  1.25  0.83  0.58  0.61     1.39  0.98  1.74  1.96  0.89
165   90     0.99  1.48  1.67  1.46  1.87  1.98  1.85  1.48  1.16  0.80  0.56  0.62     1.33  1.03  1.67  1.77  0.84
180   10     1.50  2.49  3.64  4.25  4.88  4.87  4.41  3.73  3.15  2.41  1.55  1.19     3.17  1.72  4.25  4.34  2.37
180   20     0.93  1.81  3.02  3.83  4.59  4.66  4.20  3.48  2.79  1.89  1.01  0.69     2.74  1.14  3.81  4.11  1.90
180   30     0.71  1.19  2.36  3.33  4.21  4.35  3.92  3.16  2.38  1.35  0.66  0.56     2.35  0.82  3.30  3.81  1.46
180   40     0.74  1.06  1.68  2.77  3.75  3.96  3.57  2.79  1.93  0.96  0.65  0.57     2.04  0.79  2.74  3.44  1.18
180   50     0.78  1.13  1.41  2.17  3.23  3.50  3.16  2.38  1.45  0.93  0.63  0.58     1.78  0.83  2.27  3.01  1.01
180   60     0.83  1.21  1.47  1.65  2.65  2.98  2.70  1.93  1.33  0.90  0.62  0.59     1.57  0.88  1.92  2.54  0.95
180   70     0.88  1.29  1.53  1.52  2.13  2.42  2.23  1.69  1.26  0.87  0.60  0.60     1.42  0.92  1.73  2.11  0.91
180   80     0.94  1.39  1.59  1.43  1.92  2.11  1.98  1.55  1.18  0.83  0.58  0.61     1.34  0.98  1.65  1.88  0.87
180   90     0.99  1.48  1.66  1.37  1.77  1.91  1.80  1.42  1.11  0.80  0.56  0.62     1.29  1.03  1.60  1.71  0.82
             72.3  66.0  49.7  26.4  13.8   6.6   8.7  18.0  32.8  50.9  63.6  70.8     42.2  69.5  30.4  11.5  50.3
             4.72  5.62  5.59  4.96  5.14  5.01  4.56  4.05  3.89  4.12  4.02  4.10     4.65  4.81  5.10  4.53  3.93
             4.22  5.27  5.56  4.82  4.71  4.44  4.11  3.81  3.85  4.08  3.78  3.68     4.36  4.39  5.03  4.12  3.90
             1.12  1.07  1.01  1.03  1.09  1.13  1.11  1.06  1.01  1.01  1.06  1.11     1.07  1.10  1.04  1.10  1.03
             1.97  1.66  1.31  1.05  0.93  0.89  0.91  0.97  1.12  1.41  1.80  2.08     1.34  1.90  1.10  0.92  1.44
temperature  -8.6  -7.3  -1.8   4.8  10.0  13.6  17.2  19.2  15.4   9.0   2.2  -4.8      5.7  -6.9   4.3  16.7   8.9
diffusedrad  0.97  1.40  1.90  2.19  2.57  2.81  2.79  2.36  1.87  1.36  0.93  0.78     1.83  1.05  2.22  2.65  1.39
snow10cm     0.83  0.88  0.56  0.03  0.00  0.00  0.00  0.00  0.00  0.00  0.03  0.38     0.23  0.69  0.20  0.00  0.01
