2 20556   糠内            42 47.2  143 19.7   70
             2.11  3.11  4.14  4.53  4.96  4.86  4.30  3.87  3.38  2.88  2.13  1.77     3.50  2.33  4.54  4.34  2.80
             2.43  3.61  4.54  5.05  5.74  6.31  5.35  4.80  4.38  3.34  2.39  1.99     3.73  2.59  4.99  4.97  3.09
             1.83  2.60  3.36  3.86  4.16  3.50  3.58  3.17  2.63  2.51  1.72  1.58     3.31  2.08  4.06  3.67  2.53
  0   10     2.67  3.71  4.56  4.74  5.04  4.88  4.33  3.94  3.60  3.28  2.65  2.31     3.81  2.90  4.78  4.38  3.17
  0   20     3.20  4.25  4.93  4.87  5.02  4.81  4.29  3.96  3.74  3.61  3.10  2.81     4.05  3.42  4.94  4.35  3.48
  0   30     3.66  4.70  5.20  4.88  4.90  4.65  4.16  3.91  3.80  3.86  3.48  3.24     4.20  3.87  4.99  4.24  3.71
  0   40     4.04  5.06  5.37  4.78  4.68  4.39  3.96  3.77  3.78  4.01  3.77  3.59     4.27  4.23  4.94  4.04  3.86
  0   50     4.33  5.30  5.42  4.59  4.37  4.07  3.69  3.57  3.68  4.07  3.97  3.85     4.24  4.49  4.79  3.78  3.90
  0   60     4.51  5.44  5.36  4.30  3.98  3.69  3.37  3.31  3.50  4.02  4.06  4.02     4.13  4.66  4.55  3.45  3.86
  0   70     4.59  5.45  5.19  3.92  3.52  3.23  2.99  2.98  3.24  3.88  4.05  4.08     3.93  4.71  4.21  3.07  3.72
  0   80     4.56  5.34  4.91  3.47  3.00  2.75  2.58  2.61  2.93  3.65  3.93  4.04     3.65  4.65  3.79  2.65  3.50
  0   90     4.42  5.11  4.54  2.94  2.46  2.26  2.16  2.20  2.56  3.32  3.71  3.90     3.30  4.48  3.31  2.21  3.19
 15   10     2.65  3.69  4.54  4.74  5.04  4.88  4.33  3.94  3.59  3.27  2.62  2.30     3.80  2.88  4.77  4.38  3.16
 15   20     3.16  4.20  4.89  4.85  5.01  4.80  4.28  3.96  3.73  3.59  3.06  2.78     4.03  3.38  4.92  4.35  3.46
 15   30     3.60  4.63  5.15  4.87  4.89  4.64  4.16  3.90  3.79  3.83  3.42  3.19     4.17  3.80  4.97  4.23  3.68
 15   40     3.96  4.96  5.30  4.78  4.68  4.40  3.96  3.77  3.77  3.97  3.69  3.53     4.23  4.15  4.92  4.04  3.81
 15   50     4.23  5.18  5.34  4.58  4.38  4.08  3.69  3.57  3.66  4.02  3.87  3.78     4.20  4.40  4.77  3.78  3.85
 15   60     4.40  5.30  5.26  4.29  3.99  3.70  3.38  3.30  3.48  3.97  3.95  3.94     4.08  4.55  4.52  3.46  3.80
 15   70     4.47  5.30  5.09  3.93  3.55  3.26  3.01  2.99  3.23  3.83  3.92  4.00     3.88  4.59  4.19  3.09  3.66
 15   80     4.44  5.19  4.82  3.48  3.04  2.79  2.61  2.62  2.92  3.59  3.80  3.96     3.60  4.53  3.78  2.67  3.44
 15   90     4.30  4.96  4.45  2.97  2.52  2.31  2.19  2.23  2.56  3.27  3.57  3.82     3.26  4.36  3.31  2.24  3.13
 30   10     2.59  3.62  4.49  4.71  5.03  4.87  4.32  3.92  3.57  3.23  2.56  2.24     3.76  2.82  4.74  4.37  3.12
 30   20     3.04  4.07  4.79  4.81  5.00  4.80  4.27  3.93  3.69  3.51  2.94  2.67     3.96  3.26  4.87  4.34  3.38
 30   30     3.42  4.44  5.01  4.81  4.89  4.65  4.15  3.87  3.73  3.72  3.25  3.04     4.08  3.63  4.91  4.22  3.57
 30   40     3.73  4.73  5.13  4.72  4.68  4.41  3.95  3.74  3.70  3.83  3.47  3.34     4.12  3.93  4.84  4.03  3.67
 30   50     3.96  4.92  5.15  4.54  4.40  4.11  3.70  3.54  3.60  3.86  3.61  3.55     4.08  4.14  4.70  3.78  3.69
 30   60     4.10  5.00  5.07  4.25  4.04  3.74  3.39  3.28  3.42  3.80  3.65  3.68     3.95  4.26  4.45  3.47  3.62
 30   70     4.14  4.98  4.89  3.90  3.62  3.34  3.04  2.98  3.17  3.65  3.61  3.72     3.75  4.28  4.14  3.12  3.47
 30   80     4.09  4.85  4.63  3.49  3.15  2.89  2.67  2.63  2.87  3.40  3.47  3.66     3.48  4.20  3.76  2.73  3.25
 30   90     3.95  4.63  4.28  3.02  2.67  2.44  2.27  2.27  2.52  3.09  3.24  3.51     3.16  4.03  3.33  2.33  2.95
 45   10     2.50  3.52  4.41  4.67  5.02  4.87  4.31  3.90  3.54  3.16  2.47  2.16     3.71  2.73  4.70  4.36  3.06
 45   20     2.85  3.89  4.65  4.74  4.99  4.79  4.26  3.90  3.62  3.39  2.78  2.50     3.86  3.08  4.79  4.31  3.26
 45   30     3.15  4.18  4.81  4.72  4.87  4.64  4.13  3.82  3.65  3.55  3.01  2.79     3.94  3.38  4.80  4.20  3.40
 45   40     3.39  4.41  4.88  4.62  4.68  4.42  3.94  3.69  3.60  3.63  3.18  3.02     3.95  3.61  4.73  4.01  3.47
 45   50     3.56  4.55  4.88  4.43  4.40  4.13  3.69  3.49  3.48  3.62  3.26  3.18     3.89  3.76  4.57  3.77  3.45
 45   60     3.65  4.60  4.79  4.17  4.08  3.79  3.40  3.24  3.30  3.54  3.27  3.26     3.76  3.84  4.35  3.48  3.37
 45   70     3.67  4.56  4.60  3.83  3.69  3.41  3.07  2.95  3.06  3.38  3.21  3.27     3.56  3.83  4.04  3.14  3.22
 45   80     3.60  4.43  4.37  3.46  3.27  3.00  2.71  2.63  2.78  3.15  3.06  3.20     3.31  3.74  3.70  2.78  3.00
 45   90     3.45  4.24  4.05  3.03  2.83  2.59  2.36  2.29  2.46  2.85  2.84  3.05     3.00  3.58  3.30  2.41  2.72
 60   10     2.37  3.40  4.31  4.62  5.00  4.85  4.30  3.88  3.49  3.08  2.37  2.04     3.64  2.61  4.64  4.34  2.98
 60   20     2.63  3.65  4.46  4.64  4.95  4.77  4.23  3.85  3.53  3.23  2.57  2.29     3.73  2.86  4.68  4.28  3.11
 60   30     2.83  3.87  4.55  4.60  4.83  4.61  4.10  3.76  3.52  3.32  2.72  2.49     3.77  3.06  4.66  4.16  3.19
 60   40     2.98  4.01  4.58  4.47  4.64  4.40  3.90  3.61  3.45  3.35  2.83  2.65     3.74  3.21  4.56  3.97  3.21
 60   50     3.09  4.10  4.53  4.28  4.38  4.13  3.67  3.41  3.33  3.32  2.86  2.74     3.65  3.31  4.40  3.74  3.17
 60   60     3.14  4.12  4.43  4.03  4.07  3.80  3.39  3.17  3.14  3.21  2.82  2.77     3.51  3.35  4.18  3.46  3.06
 60   70     3.13  4.07  4.27  3.72  3.71  3.45  3.08  2.90  2.92  3.06  2.74  2.76     3.32  3.32  3.90  3.14  2.91
 60   80     3.05  3.95  4.04  3.37  3.33  3.07  2.75  2.60  2.65  2.84  2.60  2.68     3.08  3.23  3.58  2.81  2.70
 60   90     2.92  3.79  3.78  2.99  2.91  2.68  2.41  2.28  2.37  2.57  2.39  2.54     2.80  3.09  3.23  2.46  2.44
 75   10     2.24  3.26  4.19  4.55  4.97  4.84  4.28  3.84  3.43  2.97  2.24  1.91     3.56  2.47  4.57  4.32  2.88
 75   20     2.36  3.39  4.24  4.52  4.90  4.74  4.20  3.78  3.42  3.04  2.34  2.05     3.58  2.60  4.55  4.24  2.94
 75   30     2.47  3.49  4.25  4.43  4.76  4.58  4.05  3.67  3.37  3.06  2.41  2.14     3.56  2.70  4.48  4.10  2.94
 75   40     2.55  3.57  4.21  4.29  4.56  4.36  3.86  3.51  3.27  3.04  2.42  2.23     3.49  2.78  4.35  3.91  2.91
 75   50     2.58  3.60  4.15  4.08  4.31  4.09  3.62  3.31  3.13  2.97  2.42  2.27     3.38  2.81  4.18  3.67  2.84
 75   60     2.60  3.59  4.01  3.83  4.02  3.79  3.35  3.07  2.95  2.85  2.36  2.26     3.22  2.81  3.95  3.40  2.72
 75   70     2.58  3.54  3.87  3.54  3.68  3.45  3.05  2.81  2.73  2.68  2.25  2.23     3.03  2.78  3.70  3.10  2.56
 75   80     2.50  3.43  3.67  3.22  3.32  3.09  2.73  2.52  2.49  2.49  2.13  2.16     2.81  2.70  3.40  2.78  2.37
 75   90     2.41  3.31  3.46  2.88  2.95  2.73  2.42  2.24  2.23  2.25  1.95  2.04     2.57  2.59  3.10  2.46  2.14
 90   10     2.09  3.10  4.07  4.48  4.93  4.82  4.26  3.81  3.37  2.87  2.11  1.78     3.47  2.32  4.50  4.30  2.78
 90   20     2.09  3.10  4.00  4.39  4.83  4.70  4.16  3.71  3.30  2.83  2.10  1.78     3.42  2.32  4.41  4.19  2.74
 90   30     2.09  3.10  3.92  4.24  4.67  4.52  4.00  3.57  3.20  2.78  2.06  1.80     3.33  2.33  4.27  4.03  2.68
 90   40     2.09  3.08  3.83  4.05  4.45  4.29  3.79  3.39  3.06  2.69  2.02  1.79     3.21  2.32  4.11  3.82  2.59
 90   50     2.09  3.08  3.70  3.83  4.18  4.01  3.55  3.18  2.91  2.58  1.96  1.80     3.07  2.32  3.91  3.58  2.48
 90   60     2.07  3.03  3.58  3.58  3.89  3.71  3.27  2.94  2.72  2.46  1.89  1.76     2.91  2.29  3.68  3.31  2.35
 90   70     2.05  2.99  3.43  3.30  3.58  3.40  2.99  2.69  2.51  2.30  1.77  1.73     2.73  2.25  3.44  3.02  2.19
 90   80     2.00  2.92  3.27  3.01  3.24  3.06  2.69  2.42  2.29  2.12  1.67  1.67     2.53  2.19  3.17  2.72  2.03
 90   90     1.93  2.83  3.09  2.69  2.89  2.71  2.38  2.15  2.05  1.93  1.53  1.58     2.31  2.12  2.89  2.41  1.84
105   10     1.95  2.94  3.94  4.41  4.90  4.80  4.24  3.77  3.30  2.75  1.97  1.64     3.38  2.17  4.42  4.27  2.68
105   20     1.82  2.80  3.75  4.24  4.75  4.66  4.12  3.64  3.17  2.62  1.84  1.53     3.25  2.05  4.25  4.14  2.54
105   30     1.73  2.69  3.57  4.03  4.55  4.45  3.93  3.46  3.02  2.47  1.73  1.45     3.09  1.96  4.05  3.95  2.40
105   40     1.66  2.61  3.40  3.79  4.30  4.20  3.71  3.25  2.84  2.34  1.63  1.40     2.93  1.89  3.83  3.72  2.27
105   50     1.63  2.54  3.26  3.54  4.02  3.91  3.45  3.02  2.65  2.20  1.52  1.36     2.76  1.84  3.60  3.46  2.13
105   60     1.59  2.50  3.11  3.28  3.71  3.60  3.17  2.78  2.46  2.05  1.45  1.31     2.58  1.80  3.37  3.18  1.99
105   70     1.58  2.46  2.98  3.01  3.40  3.28  2.88  2.53  2.27  1.91  1.35  1.28     2.41  1.77  3.13  2.90  1.84
105   80     1.56  2.43  2.85  2.73  3.09  2.96  2.60  2.28  2.05  1.75  1.25  1.25     2.23  1.74  2.89  2.61  1.69
105   90     1.53  2.38  2.72  2.48  2.77  2.64  2.31  2.04  1.86  1.60  1.16  1.19     2.06  1.70  2.65  2.33  1.54
120   10     1.81  2.79  3.82  4.34  4.86  4.78  4.22  3.74  3.24  2.64  1.85  1.50     3.30  2.04  4.34  4.25  2.58
120   20     1.56  2.51  3.52  4.09  4.67  4.62  4.08  3.57  3.05  2.41  1.60  1.29     3.08  1.79  4.10  4.09  2.35
120   30     1.38  2.29  3.23  3.81  4.42  4.38  3.86  3.35  2.83  2.18  1.40  1.13     2.86  1.60  3.82  3.86  2.14
120   40     1.28  2.14  2.99  3.51  4.12  4.08  3.61  3.11  2.61  1.98  1.25  1.04     2.64  1.49  3.54  3.60  1.95
120   50     1.23  2.05  2.79  3.21  3.80  3.76  3.33  2.85  2.40  1.81  1.15  0.98     2.45  1.42  3.27  3.31  1.78
120   60     1.20  2.01  2.64  2.93  3.48  3.44  3.04  2.60  2.19  1.67  1.06  0.95     2.27  1.39  3.02  3.02  1.64
120   70     1.21  1.99  2.53  2.68  3.17  3.11  2.75  2.35  2.00  1.54  0.98  0.93     2.10  1.38  2.79  2.74  1.51
120   80     1.22  2.00  2.43  2.44  2.86  2.80  2.47  2.12  1.82  1.41  0.92  0.92     1.95  1.38  2.58  2.46  1.38
120   90     1.23  1.99  2.37  2.20  2.58  2.50  2.20  1.89  1.64  1.30  0.86  0.90     1.80  1.37  2.38  2.20  1.27
135   10     1.69  2.66  3.71  4.28  4.83  4.77  4.21  3.71  3.18  2.55  1.73  1.39     3.23  1.91  4.28  4.23  2.49
135   20     1.33  2.25  3.30  3.97  4.61  4.58  4.04  3.51  2.93  2.21  1.39  1.06     2.93  1.55  3.96  4.04  2.17
135   30     1.09  1.93  2.91  3.61  4.30  4.31  3.80  3.25  2.65  1.90  1.12  0.85     2.64  1.29  3.61  3.79  1.89
135   40     0.97  1.72  2.59  3.23  3.93  3.97  3.51  2.96  2.37  1.65  0.94  0.75     2.38  1.14  3.25  3.48  1.65
135   50     0.94  1.62  2.36  2.88  3.55  3.61  3.19  2.67  2.13  1.46  0.84  0.71     2.16  1.09  2.93  3.16  1.47
135   60     0.95  1.60  2.21  2.58  3.20  3.24  2.88  2.40  1.92  1.33  0.78  0.70     1.98  1.08  2.67  2.84  1.34
135   70     0.98  1.61  2.13  2.33  2.88  2.91  2.59  2.15  1.74  1.22  0.73  0.71     1.83  1.10  2.45  2.55  1.23
135   80     1.01  1.66  2.07  2.11  2.60  2.61  2.32  1.93  1.59  1.12  0.70  0.71     1.70  1.13  2.26  2.29  1.14
135   90     1.06  1.70  2.06  1.92  2.34  2.33  2.07  1.74  1.44  1.05  0.66  0.72     1.59  1.16  2.11  2.04  1.05
150   10     1.59  2.56  3.64  4.24  4.81  4.76  4.20  3.69  3.13  2.47  1.65  1.29     3.17  1.81  4.23  4.21  2.42
150   20     1.13  2.03  3.13  3.87  4.55  4.56  4.02  3.46  2.83  2.05  1.20  0.87     2.81  1.35  3.85  4.01  2.03
150   30     0.84  1.60  2.63  3.43  4.21  4.27  3.77  3.17  2.50  1.65  0.86  0.63     2.46  1.02  3.42  3.74  1.67
150   40     0.77  1.35  2.21  2.97  3.78  3.90  3.45  2.84  2.16  1.34  0.70  0.59     2.17  0.91  2.99  3.40  1.40
150   50     0.81  1.28  1.95  2.54  3.31  3.47  3.08  2.50  1.87  1.15  0.65  0.61     1.94  0.90  2.60  3.01  1.23
150   60     0.85  1.31  1.83  2.21  2.89  3.03  2.71  2.20  1.66  1.05  0.63  0.62     1.75  0.93  2.31  2.65  1.12
150   70     0.90  1.38  1.80  1.98  2.56  2.67  2.40  1.96  1.51  0.99  0.61  0.64     1.62  0.97  2.11  2.34  1.04
150   80     0.96  1.45  1.80  1.80  2.30  2.37  2.15  1.76  1.39  0.93  0.59  0.66     1.51  1.02  1.97  2.09  0.97
150   90     1.01  1.54  1.83  1.67  2.08  2.13  1.92  1.59  1.27  0.88  0.57  0.68     1.43  1.08  1.86  1.88  0.91
165   10     1.52  2.49  3.59  4.21  4.80  4.75  4.19  3.67  3.11  2.42  1.59  1.23     3.13  1.75  4.20  4.21  2.37
165   20     0.99  1.88  3.02  3.81  4.53  4.54  4.00  3.44  2.77  1.94  1.07  0.75     2.73  1.21  3.79  3.99  1.93
165   30     0.73  1.34  2.43  3.34  4.17  4.25  3.75  3.13  2.39  1.45  0.69  0.58     2.35  0.88  3.31  3.71  1.51
165   40     0.77  1.09  1.90  2.80  3.73  3.88  3.42  2.78  1.98  1.07  0.65  0.59     2.06  0.82  2.81  3.36  1.24
165   50     0.81  1.16  1.61  2.24  3.22  3.44  3.04  2.38  1.63  0.95  0.64  0.61     1.81  0.86  2.36  2.95  1.08
165   60     0.85  1.23  1.57  1.87  2.66  2.94  2.62  2.00  1.44  0.92  0.62  0.62     1.61  0.90  2.03  2.52  1.00
165   70     0.90  1.32  1.60  1.68  2.25  2.46  2.24  1.77  1.34  0.88  0.61  0.64     1.47  0.95  1.85  2.15  0.94
165   80     0.96  1.41  1.66  1.56  2.02  2.17  1.99  1.61  1.25  0.84  0.59  0.66     1.39  1.01  1.75  1.93  0.89
165   90     1.01  1.50  1.71  1.46  1.85  1.95  1.80  1.47  1.16  0.80  0.57  0.68     1.33  1.06  1.67  1.74  0.84
180   10     1.49  2.46  3.58  4.20  4.79  4.75  4.19  3.67  3.10  2.40  1.56  1.20     3.12  1.72  4.19  4.20  2.36
180   20     0.94  1.81  2.99  3.79  4.51  4.54  4.00  3.43  2.75  1.89  1.02  0.71     2.70  1.16  3.77  3.99  1.89
180   30     0.73  1.22  2.36  3.31  4.15  4.24  3.74  3.12  2.36  1.36  0.66  0.58     2.32  0.84  3.27  3.70  1.46
180   40     0.77  1.09  1.72  2.76  3.70  3.87  3.41  2.76  1.92  0.97  0.65  0.59     2.02  0.82  2.73  3.35  1.18
180   50     0.81  1.16  1.46  2.18  3.19  3.43  3.03  2.36  1.46  0.94  0.64  0.61     1.77  0.86  2.27  2.94  1.01
180   60     0.85  1.23  1.51  1.66  2.63  2.93  2.61  1.93  1.33  0.91  0.62  0.62     1.57  0.90  1.93  2.49  0.95
180   70     0.90  1.32  1.57  1.53  2.12  2.40  2.17  1.68  1.26  0.87  0.61  0.64     1.42  0.95  1.74  2.08  0.91
180   80     0.96  1.41  1.64  1.44  1.91  2.09  1.93  1.54  1.19  0.84  0.59  0.66     1.35  1.01  1.66  1.86  0.87
180   90     1.01  1.50  1.70  1.37  1.76  1.89  1.75  1.42  1.11  0.80  0.57  0.68     1.30  1.06  1.61  1.69  0.83
             72.4  66.0  49.7  26.2  13.5   6.6   8.6  17.7  32.4  50.6  63.6  71.3     42.3  69.7  30.1  11.3  50.3
             4.59  5.46  5.42  4.89  5.04  4.88  4.33  3.97  3.80  4.06  4.07  4.08     4.55  4.71  4.99  4.38  3.90
             4.11  5.12  5.39  4.75  4.61  4.33  3.90  3.73  3.76  4.03  3.83  3.66     4.27  4.30  4.92  3.99  3.87
             1.12  1.07  1.01  1.03  1.09  1.13  1.11  1.06  1.01  1.01  1.06  1.11     1.07  1.10  1.04  1.10  1.03
             1.95  1.65  1.30  1.05  0.93  0.89  0.91  0.96  1.11  1.40  1.80  2.07     1.33  1.89  1.09  0.92  1.44
temperature -10.5  -9.0  -2.7   4.5  10.0  13.6  17.2  19.0  15.0   8.4   1.4  -6.5      5.0  -8.7   3.9  16.6   8.3
diffusedrad  0.98  1.42  1.92  2.20  2.57  2.81  2.76  2.36  1.87  1.36  0.93  0.80     1.83  1.06  2.23  2.64  1.39
snow10cm     0.87  0.90  0.60  0.04  0.00  0.00  0.00  0.00  0.00  0.00  0.04  0.48     0.25  0.75  0.21  0.00  0.01
