2 20631   大津            42 41.1  143 38.8    4
             2.13  3.06  4.08  4.40  4.75  4.42  4.04  3.74  3.40  2.91  2.12  1.76     3.40  2.32  4.41  4.07  2.81
             2.44  3.47  4.54  5.11  5.49  5.50  5.16  5.15  4.12  3.31  2.43  2.05     3.59  2.53  5.00  4.82  3.05
             1.84  2.54  3.31  3.86  3.73  3.46  3.15  3.04  2.72  2.51  1.76  0.91     3.08  1.86  3.98  3.43  2.50
  0   10     2.69  3.64  4.49  4.60  4.82  4.44  4.07  3.81  3.62  3.31  2.63  2.30     3.70  2.88  4.64  4.11  3.19
  0   20     3.23  4.16  4.84  4.71  4.80  4.38  4.03  3.83  3.76  3.64  3.09  2.79     3.94  3.39  4.79  4.08  3.50
  0   30     3.69  4.59  5.10  4.72  4.68  4.23  3.91  3.77  3.82  3.89  3.46  3.22     4.09  3.83  4.84  3.97  3.72
  0   40     4.07  4.93  5.25  4.62  4.47  4.01  3.72  3.64  3.80  4.05  3.75  3.56     4.16  4.19  4.78  3.79  3.86
  0   50     4.35  5.16  5.29  4.43  4.18  3.73  3.48  3.45  3.69  4.10  3.94  3.81     4.13  4.44  4.63  3.55  3.91
  0   60     4.54  5.29  5.21  4.15  3.81  3.39  3.18  3.19  3.51  4.06  4.02  3.97     4.03  4.60  4.39  3.25  3.87
  0   70     4.61  5.29  5.03  3.78  3.38  3.00  2.83  2.88  3.26  3.92  4.00  4.02     3.83  4.64  4.06  2.90  3.73
  0   80     4.58  5.18  4.74  3.33  2.89  2.58  2.46  2.52  2.94  3.68  3.88  3.96     3.56  4.57  3.65  2.52  3.50
  0   90     4.43  4.96  4.36  2.83  2.38  2.14  2.06  2.14  2.56  3.35  3.66  3.80     3.22  4.40  3.19  2.12  3.19
 15   10     2.67  3.62  4.47  4.59  4.82  4.43  4.07  3.81  3.61  3.30  2.61  2.29     3.69  2.86  4.63  4.10  3.17
 15   20     3.18  4.11  4.81  4.70  4.79  4.37  4.02  3.82  3.75  3.63  3.04  2.77     3.92  3.35  4.77  4.07  3.47
 15   30     3.62  4.52  5.05  4.71  4.68  4.23  3.91  3.76  3.81  3.87  3.40  3.18     4.06  3.77  4.81  3.97  3.69
 15   40     3.98  4.84  5.18  4.62  4.48  4.02  3.73  3.63  3.78  4.01  3.66  3.51     4.12  4.11  4.76  3.79  3.82
 15   50     4.25  5.05  5.21  4.42  4.19  3.74  3.48  3.44  3.68  4.06  3.84  3.75     4.09  4.35  4.61  3.55  3.86
 15   60     4.43  5.16  5.13  4.14  3.82  3.40  3.19  3.19  3.50  4.01  3.91  3.89     3.98  4.49  4.36  3.26  3.81
 15   70     4.49  5.15  4.94  3.78  3.40  3.02  2.85  2.88  3.24  3.87  3.88  3.94     3.79  4.53  4.04  2.92  3.67
 15   80     4.45  5.04  4.65  3.35  2.92  2.61  2.48  2.53  2.93  3.63  3.75  3.88     3.52  4.46  3.64  2.54  3.44
 15   90     4.31  4.81  4.27  2.85  2.43  2.18  2.09  2.16  2.57  3.30  3.53  3.72     3.19  4.28  3.19  2.15  3.13
 30   10     2.61  3.55  4.42  4.57  4.81  4.43  4.06  3.79  3.59  3.26  2.55  2.24     3.66  2.80  4.60  4.10  3.13
 30   20     3.06  3.98  4.71  4.66  4.79  4.37  4.01  3.80  3.71  3.55  2.93  2.66     3.85  3.24  4.72  4.06  3.40
 30   30     3.45  4.34  4.92  4.66  4.68  4.23  3.90  3.73  3.75  3.75  3.23  3.03     3.97  3.61  4.75  3.95  3.58
 30   40     3.76  4.62  5.03  4.56  4.47  4.01  3.72  3.61  3.72  3.87  3.45  3.31     4.01  3.90  4.69  3.78  3.68
 30   50     3.98  4.79  5.03  4.38  4.21  3.75  3.48  3.42  3.61  3.90  3.58  3.52     3.97  4.10  4.54  3.55  3.70
 30   60     4.12  4.87  4.93  4.10  3.86  3.42  3.19  3.16  3.43  3.84  3.62  3.63     3.85  4.21  4.30  3.26  3.63
 30   70     4.16  4.84  4.74  3.76  3.46  3.06  2.87  2.88  3.18  3.68  3.57  3.65     3.66  4.22  3.99  2.94  3.48
 30   80     4.11  4.71  4.47  3.35  3.02  2.67  2.52  2.54  2.88  3.44  3.43  3.58     3.40  4.13  3.61  2.58  3.25
 30   90     3.96  4.50  4.11  2.90  2.57  2.27  2.16  2.20  2.54  3.12  3.21  3.42     3.08  3.96  3.19  2.21  2.95
 45   10     2.52  3.46  4.34  4.53  4.80  4.42  4.05  3.77  3.55  3.19  2.46  2.15     3.61  2.71  4.56  4.08  3.07
 45   20     2.87  3.81  4.57  4.60  4.77  4.35  4.00  3.76  3.64  3.42  2.76  2.49     3.75  3.06  4.64  4.04  3.27
 45   30     3.17  4.09  4.72  4.57  4.65  4.21  3.88  3.69  3.66  3.58  3.00  2.78     3.83  3.35  4.65  3.93  3.42
 45   40     3.42  4.31  4.78  4.47  4.47  4.01  3.70  3.56  3.62  3.66  3.16  3.00     3.85  3.57  4.57  3.76  3.48
 45   50     3.59  4.44  4.77  4.28  4.20  3.75  3.47  3.36  3.49  3.66  3.24  3.14     3.78  3.72  4.42  3.53  3.46
 45   60     3.67  4.49  4.66  4.02  3.89  3.45  3.19  3.13  3.32  3.57  3.25  3.22     3.65  3.79  4.19  3.26  3.38
 45   70     3.68  4.44  4.46  3.69  3.52  3.11  2.89  2.84  3.08  3.42  3.18  3.21     3.46  3.78  3.89  2.95  3.23
 45   80     3.61  4.31  4.21  3.32  3.12  2.74  2.56  2.54  2.80  3.18  3.03  3.12     3.21  3.68  3.55  2.61  3.00
 45   90     3.46  4.12  3.89  2.90  2.70  2.38  2.22  2.21  2.48  2.88  2.81  2.95     2.92  3.51  3.16  2.27  2.72
 60   10     2.39  3.34  4.24  4.48  4.78  4.41  4.04  3.75  3.50  3.11  2.36  2.04     3.54  2.59  4.50  4.07  2.99
 60   20     2.64  3.58  4.39  4.50  4.73  4.34  3.97  3.71  3.55  3.26  2.56  2.28     3.63  2.83  4.54  4.01  3.13
 60   30     2.85  3.79  4.46  4.45  4.61  4.19  3.85  3.63  3.54  3.36  2.71  2.48     3.66  3.04  4.51  3.89  3.20
 60   40     3.00  3.93  4.49  4.32  4.43  3.99  3.67  3.48  3.47  3.39  2.81  2.62     3.63  3.18  4.41  3.71  3.22
 60   50     3.11  4.00  4.42  4.14  4.18  3.75  3.44  3.29  3.34  3.36  2.84  2.70     3.55  3.27  4.25  3.49  3.18
 60   60     3.15  4.02  4.32  3.88  3.88  3.45  3.18  3.06  3.16  3.24  2.80  2.73     3.41  3.30  4.02  3.23  3.07
 60   70     3.14  3.97  4.13  3.58  3.54  3.13  2.88  2.79  2.94  3.09  2.72  2.70     3.22  3.27  3.75  2.94  2.92
 60   80     3.06  3.84  3.89  3.23  3.17  2.79  2.58  2.50  2.66  2.87  2.57  2.60     2.98  3.17  3.43  2.62  2.70
 60   90     2.92  3.69  3.62  2.86  2.78  2.44  2.26  2.20  2.38  2.59  2.37  2.45     2.71  3.02  3.09  2.30  2.45
 75   10     2.25  3.20  4.13  4.42  4.75  4.40  4.03  3.72  3.45  3.00  2.24  1.90     3.46  2.45  4.43  4.05  2.90
 75   20     2.38  3.33  4.17  4.39  4.68  4.31  3.94  3.66  3.44  3.07  2.33  2.04     3.48  2.58  4.42  3.97  2.95
 75   30     2.48  3.42  4.18  4.29  4.55  4.16  3.81  3.55  3.38  3.09  2.40  2.13     3.45  2.68  4.34  3.84  2.96
 75   40     2.56  3.50  4.12  4.15  4.35  3.95  3.62  3.39  3.29  3.07  2.41  2.20     3.38  2.75  4.21  3.65  2.92
 75   50     2.60  3.52  4.05  3.94  4.11  3.71  3.39  3.19  3.15  3.00  2.40  2.23     3.27  2.78  4.03  3.43  2.85
 75   60     2.61  3.50  3.90  3.70  3.83  3.43  3.14  2.96  2.96  2.88  2.34  2.21     3.12  2.77  3.81  3.18  2.73
 75   70     2.58  3.46  3.75  3.41  3.50  3.12  2.86  2.71  2.75  2.71  2.23  2.17     2.94  2.73  3.55  2.90  2.56
 75   80     2.51  3.35  3.53  3.09  3.16  2.79  2.56  2.43  2.50  2.52  2.10  2.08     2.72  2.64  3.26  2.60  2.38
 75   90     2.40  3.23  3.31  2.76  2.81  2.47  2.26  2.16  2.24  2.28  1.93  1.94     2.48  2.52  2.96  2.30  2.15
 90   10     2.11  3.05  4.01  4.36  4.72  4.38  4.01  3.68  3.38  2.89  2.11  1.76     3.37  2.31  4.36  4.03  2.79
 90   20     2.10  3.05  3.94  4.26  4.62  4.28  3.91  3.59  3.32  2.86  2.09  1.77     3.31  2.31  4.27  3.93  2.75
 90   30     2.11  3.05  3.85  4.11  4.46  4.11  3.76  3.45  3.22  2.80  2.06  1.78     3.23  2.31  4.14  3.77  2.69
 90   40     2.10  3.03  3.75  3.93  4.25  3.90  3.56  3.28  3.08  2.72  2.02  1.76     3.12  2.30  3.98  3.58  2.61
 90   50     2.10  3.02  3.61  3.71  4.00  3.64  3.33  3.07  2.92  2.61  1.95  1.76     2.98  2.29  3.77  3.35  2.50
 90   60     2.07  2.97  3.48  3.46  3.71  3.37  3.07  2.84  2.73  2.48  1.88  1.71     2.81  2.25  3.55  3.09  2.36
 90   70     2.05  2.93  3.31  3.19  3.41  3.07  2.80  2.60  2.52  2.32  1.76  1.66     2.63  2.21  3.30  2.82  2.20
 90   80     1.99  2.85  3.15  2.90  3.08  2.76  2.52  2.34  2.30  2.15  1.65  1.58     2.44  2.14  3.04  2.54  2.03
 90   90     1.92  2.76  2.94  2.59  2.75  2.44  2.23  2.07  2.06  1.95  1.51  1.48     2.23  2.05  2.76  2.25  1.84
105   10     1.96  2.90  3.88  4.29  4.69  4.37  3.99  3.65  3.32  2.78  1.97  1.63     3.29  2.16  4.29  4.00  2.69
105   20     1.83  2.76  3.70  4.12  4.55  4.24  3.87  3.52  3.19  2.64  1.84  1.51     3.15  2.04  4.12  3.88  2.56
105   30     1.73  2.65  3.51  3.92  4.35  4.05  3.70  3.35  3.03  2.49  1.73  1.43     3.00  1.94  3.93  3.70  2.42
105   40     1.67  2.57  3.34  3.68  4.11  3.82  3.49  3.15  2.86  2.36  1.62  1.36     2.84  1.87  3.71  3.49  2.28
105   50     1.63  2.50  3.18  3.43  3.84  3.55  3.24  2.93  2.67  2.22  1.52  1.31     2.67  1.81  3.48  3.24  2.13
105   60     1.59  2.46  3.02  3.18  3.55  3.27  2.98  2.70  2.48  2.07  1.44  1.26     2.50  1.77  3.25  2.98  1.99
105   70     1.58  2.41  2.87  2.91  3.25  2.98  2.71  2.45  2.28  1.93  1.34  1.21     2.33  1.73  3.01  2.71  1.85
105   80     1.55  2.38  2.73  2.64  2.95  2.68  2.44  2.21  2.06  1.77  1.24  1.16     2.15  1.69  2.77  2.44  1.69
105   90     1.51  2.32  2.59  2.38  2.64  2.38  2.17  1.97  1.87  1.62  1.14  1.09     1.97  1.64  2.53  2.17  1.54
120   10     1.82  2.75  3.76  4.22  4.66  4.35  3.97  3.62  3.25  2.67  1.84  1.49     3.20  2.02  4.21  3.98  2.59
120   20     1.57  2.48  3.46  3.99  4.48  4.21  3.84  3.46  3.06  2.43  1.60  1.27     2.99  1.77  3.98  3.84  2.36
120   30     1.39  2.26  3.18  3.71  4.24  3.99  3.64  3.25  2.84  2.20  1.40  1.11     2.77  1.59  3.71  3.63  2.15
120   40     1.28  2.11  2.93  3.42  3.95  3.73  3.40  3.02  2.62  2.00  1.25  1.00     2.56  1.47  3.43  3.38  1.96
120   50     1.23  2.02  2.72  3.13  3.65  3.44  3.14  2.77  2.41  1.83  1.14  0.94     2.37  1.40  3.16  3.12  1.79
120   60     1.19  1.98  2.56  2.85  3.34  3.14  2.87  2.53  2.21  1.68  1.06  0.89     2.19  1.35  2.92  2.85  1.65
120   70     1.20  1.95  2.44  2.60  3.04  2.85  2.60  2.29  2.01  1.56  0.98  0.85     2.03  1.34  2.69  2.58  1.51
120   80     1.20  1.96  2.32  2.36  2.74  2.56  2.33  2.06  1.83  1.42  0.91  0.82     1.88  1.33  2.47  2.31  1.39
120   90     1.21  1.95  2.24  2.12  2.46  2.28  2.07  1.83  1.65  1.31  0.85  0.79     1.73  1.31  2.27  2.06  1.27
135   10     1.69  2.63  3.66  4.17  4.63  4.34  3.96  3.59  3.20  2.57  1.73  1.37     3.13  1.90  4.15  3.96  2.50
135   20     1.33  2.23  3.25  3.87  4.42  4.18  3.81  3.40  2.94  2.23  1.39  1.04     2.84  1.53  3.85  3.80  2.19
135   30     1.09  1.91  2.86  3.52  4.13  3.94  3.59  3.16  2.66  1.92  1.12  0.82     2.56  1.27  3.50  3.56  1.90
135   40     0.96  1.71  2.54  3.15  3.79  3.65  3.32  2.89  2.39  1.66  0.94  0.71     2.31  1.13  3.16  3.29  1.66
135   50     0.93  1.61  2.29  2.81  3.42  3.32  3.02  2.61  2.14  1.47  0.83  0.66     2.09  1.06  2.84  2.98  1.48
135   60     0.93  1.58  2.14  2.52  3.09  2.99  2.73  2.34  1.93  1.34  0.77  0.64     1.92  1.05  2.58  2.69  1.35
135   70     0.96  1.59  2.04  2.27  2.78  2.69  2.46  2.11  1.75  1.23  0.72  0.63     1.77  1.06  2.36  2.42  1.24
135   80     0.99  1.63  1.96  2.05  2.50  2.41  2.20  1.89  1.60  1.13  0.69  0.61     1.64  1.08  2.17  2.17  1.14
135   90     1.04  1.67  1.93  1.86  2.25  2.15  1.96  1.70  1.44  1.06  0.65  0.61     1.52  1.10  2.01  1.94  1.05
150   10     1.60  2.53  3.59  4.12  4.61  4.33  3.95  3.57  3.15  2.49  1.65  1.28     3.07  1.80  4.11  3.95  2.43
150   20     1.13  2.02  3.09  3.77  4.37  4.16  3.79  3.36  2.85  2.06  1.21  0.85     2.72  1.33  3.75  3.77  2.04
150   30     0.83  1.60  2.59  3.36  4.05  3.91  3.56  3.09  2.51  1.66  0.86  0.60     2.38  1.01  3.33  3.52  1.68
150   40     0.76  1.35  2.17  2.91  3.65  3.59  3.27  2.78  2.17  1.34  0.70  0.55     2.10  0.89  2.91  3.21  1.40
150   50     0.79  1.28  1.89  2.49  3.21  3.22  2.93  2.45  1.88  1.16  0.65  0.55     1.88  0.88  2.53  2.87  1.23
150   60     0.83  1.30  1.76  2.17  2.81  2.83  2.59  2.16  1.67  1.05  0.63  0.55     1.70  0.90  2.25  2.53  1.12
150   70     0.88  1.37  1.71  1.94  2.48  2.50  2.30  1.93  1.52  0.99  0.61  0.56     1.57  0.93  2.05  2.24  1.04
150   80     0.94  1.43  1.69  1.76  2.23  2.23  2.06  1.73  1.39  0.93  0.58  0.56     1.46  0.97  1.90  2.01  0.97
150   90     0.99  1.51  1.71  1.62  2.01  2.00  1.84  1.56  1.27  0.88  0.56  0.56     1.38  1.02  1.78  1.80  0.91
165   10     1.53  2.46  3.54  4.10  4.60  4.32  3.94  3.56  3.12  2.44  1.59  1.21     3.04  1.73  4.08  3.94  2.38
165   20     1.00  1.87  2.98  3.72  4.34  4.15  3.77  3.34  2.79  1.95  1.07  0.73     2.64  1.20  3.68  3.75  1.94
165   30     0.72  1.34  2.39  3.27  4.01  3.89  3.54  3.05  2.40  1.46  0.69  0.55     2.28  0.87  3.22  3.49  1.52
165   40     0.75  1.10  1.86  2.75  3.60  3.57  3.24  2.72  1.99  1.08  0.65  0.55     1.99  0.80  2.73  3.18  1.24
165   50     0.79  1.16  1.56  2.21  3.12  3.19  2.90  2.34  1.64  0.95  0.64  0.55     1.75  0.83  2.30  2.81  1.08
165   60     0.83  1.23  1.51  1.85  2.59  2.77  2.51  1.98  1.45  0.92  0.62  0.55     1.57  0.87  1.98  2.42  0.99
165   70     0.88  1.30  1.52  1.66  2.21  2.34  2.16  1.76  1.34  0.88  0.60  0.56     1.43  0.91  1.80  2.09  0.94
165   80     0.94  1.39  1.55  1.53  1.99  2.08  1.93  1.60  1.25  0.84  0.58  0.56     1.35  0.96  1.69  1.87  0.89
165   90     0.99  1.47  1.59  1.43  1.81  1.87  1.74  1.46  1.16  0.80  0.56  0.56     1.28  1.00  1.61  1.69  0.84
180   10     1.50  2.43  3.52  4.09  4.59  4.32  3.94  3.56  3.11  2.42  1.56  1.19     3.02  1.71  4.07  3.94  2.37
180   20     0.94  1.81  2.95  3.70  4.33  4.14  3.77  3.33  2.77  1.90  1.03  0.69     2.61  1.15  3.66  3.75  1.90
180   30     0.72  1.23  2.33  3.24  3.99  3.89  3.53  3.04  2.37  1.37  0.66  0.55     2.24  0.83  3.19  3.49  1.47
180   40     0.75  1.10  1.69  2.72  3.57  3.56  3.23  2.70  1.93  0.97  0.65  0.55     1.95  0.80  2.66  3.17  1.18
180   50     0.79  1.16  1.41  2.15  3.09  3.18  2.89  2.32  1.47  0.94  0.64  0.55     1.72  0.83  2.22  2.80  1.01
180   60     0.83  1.23  1.45  1.65  2.56  2.75  2.50  1.92  1.33  0.91  0.62  0.55     1.53  0.87  1.89  2.39  0.95
180   70     0.88  1.30  1.49  1.51  2.09  2.29  2.10  1.68  1.26  0.87  0.60  0.56     1.39  0.91  1.70  2.02  0.91
180   80     0.94  1.39  1.53  1.42  1.88  2.01  1.88  1.54  1.19  0.84  0.58  0.56     1.31  0.96  1.61  1.81  0.87
180   90     0.99  1.47  1.58  1.34  1.73  1.81  1.70  1.41  1.11  0.80  0.56  0.56     1.25  1.00  1.55  1.64  0.82
             71.9  65.5  48.4  25.6  13.2   6.8   8.6  17.3  32.4  50.6  63.3  69.7     42.6  69.0  29.7  11.1  50.1
             4.61  5.30  5.29  4.73  4.82  4.44  4.07  3.83  3.82  4.10  4.03  4.02     4.42  4.64  4.83  4.11  3.91
             4.15  5.00  5.27  4.58  4.40  3.95  3.66  3.59  3.78  4.07  3.81  3.64     4.16  4.26  4.75  3.74  3.89
             1.11  1.06  1.00  1.03  1.10  1.12  1.11  1.07  1.01  1.01  1.06  1.10     1.07  1.09  1.04  1.10  1.03
             1.95  1.63  1.29  1.04  0.93  0.89  0.91  0.96  1.11  1.40  1.80  2.06     1.33  1.88  1.09  0.92  1.44
temperature  -8.1  -7.0  -1.8   3.9   8.0  11.5  15.3  17.7  15.4   9.5   2.8  -4.3      5.2  -6.5   3.4  14.8   9.2
diffusedrad  0.98  1.42  1.89  2.19  2.57  2.82  2.71  2.35  1.87  1.36  0.93  0.77     1.82  1.05  2.22  2.63  1.39
snow10cm     0.82  0.88  0.50  0.01  0.00  0.00  0.00  0.00  0.00  0.00  0.01  0.24     0.21  0.65  0.17  0.00  0.00
