2 22156   新和            42 32.6  142   20   60
             1.75  2.54  3.32  4.12  4.68  4.63  4.01  3.87  3.32  2.55  1.62  1.38     3.15  1.89  4.04  4.17  2.50
             2.03  3.06  3.92  4.65  5.58  5.36  4.98  4.52  4.02  2.95  1.90  1.65     3.32  2.15  4.43  4.59  2.86
             1.43  2.02  2.78  3.70  4.01  3.33  3.25  3.07  2.58  2.23  1.30  1.19     2.93  1.64  3.71  3.52  2.04
  0   10     2.12  2.90  3.61  4.30  4.75  4.64  4.04  3.95  3.53  2.86  1.90  1.69     3.36  2.24  4.22  4.21  2.76
  0   20     2.47  3.23  3.83  4.39  4.73  4.57  4.00  3.97  3.67  3.11  2.15  1.98     3.51  2.56  4.32  4.18  2.98
  0   30     2.76  3.50  3.98  4.39  4.61  4.42  3.88  3.91  3.72  3.29  2.35  2.21     3.59  2.83  4.32  4.07  3.12
  0   40     3.00  3.71  4.04  4.29  4.40  4.18  3.69  3.78  3.70  3.40  2.49  2.40     3.59  3.04  4.24  3.88  3.20
  0   50     3.17  3.84  4.02  4.11  4.11  3.88  3.45  3.57  3.60  3.43  2.58  2.53     3.52  3.18  4.08  3.63  3.20
  0   60     3.28  3.89  3.92  3.85  3.75  3.52  3.15  3.31  3.42  3.37  2.60  2.60     3.39  3.25  3.84  3.32  3.13
  0   70     3.31  3.86  3.74  3.50  3.32  3.10  2.80  2.98  3.17  3.24  2.56  2.60     3.18  3.26  3.52  2.96  2.99
  0   80     3.26  3.76  3.48  3.09  2.84  2.65  2.43  2.60  2.86  3.04  2.46  2.55     2.92  3.19  3.14  2.56  2.79
  0   90     3.15  3.58  3.16  2.63  2.34  2.18  2.04  2.19  2.49  2.76  2.31  2.43     2.60  3.05  2.71  2.14  2.52
 15   10     2.11  2.89  3.60  4.29  4.75  4.64  4.04  3.94  3.52  2.85  1.89  1.68     3.35  2.23  4.21  4.21  2.75
 15   20     2.44  3.21  3.81  4.38  4.72  4.57  3.99  3.96  3.65  3.09  2.12  1.96     3.49  2.54  4.30  4.17  2.96
 15   30     2.72  3.47  3.96  4.38  4.60  4.42  3.88  3.90  3.71  3.27  2.31  2.18     3.57  2.79  4.31  4.07  3.10
 15   40     2.94  3.67  4.01  4.29  4.41  4.19  3.69  3.77  3.69  3.37  2.44  2.36     3.57  2.99  4.24  3.89  3.17
 15   50     3.11  3.79  3.99  4.10  4.12  3.89  3.45  3.56  3.58  3.39  2.52  2.48     3.50  3.13  4.07  3.63  3.16
 15   60     3.20  3.84  3.88  3.84  3.76  3.53  3.15  3.30  3.40  3.33  2.54  2.55     3.36  3.19  3.83  3.33  3.09
 15   70     3.23  3.80  3.70  3.50  3.34  3.12  2.81  2.98  3.16  3.19  2.49  2.55     3.16  3.19  3.52  2.97  2.95
 15   80     3.18  3.70  3.45  3.10  2.88  2.68  2.45  2.61  2.85  2.99  2.39  2.49     2.90  3.12  3.14  2.58  2.74
 15   90     3.06  3.52  3.13  2.65  2.39  2.23  2.06  2.22  2.49  2.71  2.23  2.37     2.59  2.98  2.72  2.17  2.48
 30   10     2.07  2.86  3.57  4.27  4.74  4.63  4.03  3.93  3.50  2.81  1.86  1.65     3.33  2.19  4.19  4.20  2.72
 30   20     2.36  3.14  3.76  4.34  4.71  4.56  3.98  3.94  3.62  3.03  2.06  1.89     3.45  2.46  4.27  4.16  2.90
 30   30     2.60  3.37  3.88  4.33  4.60  4.42  3.87  3.87  3.65  3.17  2.22  2.09     3.51  2.69  4.27  4.05  3.02
 30   40     2.79  3.53  3.92  4.23  4.40  4.19  3.69  3.74  3.62  3.25  2.32  2.24     3.50  2.86  4.19  3.87  3.07
 30   50     2.93  3.63  3.89  4.06  4.14  3.91  3.45  3.54  3.52  3.26  2.38  2.34     3.42  2.96  4.03  3.63  3.05
 30   60     3.00  3.65  3.77  3.79  3.79  3.56  3.17  3.28  3.34  3.19  2.38  2.39     3.27  3.01  3.79  3.34  2.97
 30   70     3.00  3.60  3.59  3.48  3.41  3.18  2.84  2.98  3.09  3.04  2.32  2.38     3.08  2.99  3.49  3.00  2.82
 30   80     2.94  3.49  3.34  3.10  2.97  2.77  2.49  2.63  2.80  2.83  2.21  2.31     2.82  2.91  3.14  2.63  2.62
 30   90     2.82  3.31  3.04  2.68  2.52  2.34  2.13  2.27  2.46  2.56  2.05  2.19     2.53  2.77  2.75  2.25  2.36
 45   10     2.00  2.79  3.52  4.24  4.73  4.63  4.02  3.90  3.47  2.76  1.80  1.60     3.29  2.13  4.16  4.19  2.68
 45   20     2.23  3.02  3.67  4.28  4.69  4.55  3.97  3.90  3.55  2.93  1.97  1.79     3.38  2.35  4.22  4.14  2.81
 45   30     2.42  3.19  3.76  4.25  4.58  4.41  3.85  3.82  3.57  3.04  2.08  1.94     3.41  2.52  4.20  4.03  2.90
 45   40     2.56  3.32  3.77  4.14  4.39  4.20  3.67  3.69  3.52  3.08  2.15  2.05     3.38  2.65  4.10  3.85  2.92
 45   50     2.66  3.38  3.72  3.96  4.13  3.92  3.44  3.49  3.40  3.06  2.18  2.12     3.29  2.72  3.94  3.62  2.88
 45   60     2.70  3.38  3.60  3.72  3.82  3.60  3.17  3.24  3.23  2.98  2.15  2.14     3.14  2.74  3.71  3.34  2.79
 45   70     2.68  3.32  3.42  3.41  3.46  3.24  2.86  2.95  2.99  2.83  2.09  2.11     2.95  2.70  3.43  3.02  2.63
 45   80     2.61  3.21  3.19  3.06  3.06  2.85  2.53  2.63  2.72  2.62  1.97  2.03     2.71  2.62  3.10  2.67  2.44
 45   90     2.49  3.04  2.90  2.68  2.65  2.46  2.20  2.29  2.40  2.37  1.81  1.91     2.43  2.48  2.74  2.32  2.19
 60   10     1.92  2.71  3.46  4.19  4.71  4.62  4.01  3.88  3.42  2.69  1.75  1.53     3.24  2.06  4.12  4.17  2.62
 60   20     2.08  2.86  3.56  4.20  4.66  4.54  3.94  3.85  3.46  2.81  1.85  1.66     3.29  2.20  4.14  4.11  2.71
 60   30     2.20  2.98  3.59  4.14  4.54  4.39  3.82  3.76  3.45  2.86  1.92  1.76     3.28  2.32  4.09  3.99  2.74
 60   40     2.29  3.05  3.58  4.02  4.35  4.18  3.64  3.61  3.38  2.87  1.95  1.83     3.23  2.39  3.98  3.81  2.73
 60   50     2.34  3.08  3.50  3.83  4.11  3.92  3.42  3.41  3.25  2.82  1.94  1.85     3.12  2.42  3.81  3.58  2.67
 60   60     2.35  3.06  3.38  3.59  3.81  3.61  3.15  3.17  3.07  2.71  1.89  1.84     2.97  2.42  3.59  3.31  2.56
 60   70     2.31  2.99  3.20  3.31  3.47  3.27  2.86  2.89  2.85  2.57  1.82  1.80     2.78  2.37  3.33  3.01  2.41
 60   80     2.24  2.88  2.98  2.98  3.11  2.92  2.56  2.60  2.59  2.37  1.70  1.72     2.55  2.28  3.03  2.69  2.22
 60   90     2.13  2.74  2.73  2.63  2.72  2.55  2.24  2.28  2.31  2.14  1.55  1.60     2.30  2.15  2.69  2.36  2.00
 75   10     1.83  2.62  3.38  4.14  4.68  4.60  4.00  3.85  3.36  2.62  1.68  1.46     3.18  1.97  4.07  4.15  2.55
 75   20     1.90  2.69  3.41  4.10  4.61  4.51  3.92  3.78  3.36  2.65  1.72  1.52     3.18  2.04  4.04  4.07  2.58
 75   30     1.96  2.73  3.40  4.00  4.47  4.35  3.78  3.67  3.30  2.66  1.73  1.55     3.13  2.08  3.96  3.93  2.56
 75   40     1.99  2.75  3.34  3.86  4.28  4.14  3.60  3.51  3.20  2.61  1.72  1.58     3.05  2.11  3.83  3.75  2.51
 75   50     1.99  2.74  3.25  3.66  4.03  3.88  3.37  3.31  3.06  2.54  1.69  1.57     2.92  2.10  3.65  3.52  2.43
 75   60     1.98  2.70  3.11  3.42  3.76  3.59  3.12  3.07  2.88  2.42  1.62  1.53     2.77  2.07  3.43  3.26  2.31
 75   70     1.94  2.63  2.95  3.15  3.44  3.27  2.84  2.81  2.67  2.27  1.53  1.48     2.58  2.02  3.18  2.97  2.16
 75   80     1.87  2.53  2.73  2.85  3.09  2.92  2.54  2.52  2.43  2.10  1.43  1.40     2.37  1.93  2.89  2.66  1.99
 75   90     1.78  2.42  2.53  2.54  2.75  2.59  2.25  2.24  2.17  1.89  1.29  1.30     2.15  1.83  2.61  2.36  1.78
 90   10     1.73  2.52  3.30  4.08  4.65  4.59  3.98  3.81  3.30  2.53  1.60  1.38     3.12  1.88  4.01  4.12  2.48
 90   20     1.72  2.50  3.25  3.99  4.55  4.47  3.88  3.71  3.24  2.49  1.58  1.36     3.06  1.86  3.93  4.02  2.43
 90   30     1.71  2.47  3.18  3.84  4.39  4.30  3.73  3.57  3.14  2.43  1.54  1.35     2.97  1.84  3.80  3.87  2.37
 90   40     1.69  2.43  3.08  3.66  4.18  4.08  3.53  3.39  3.00  2.35  1.49  1.32     2.85  1.81  3.64  3.67  2.28
 90   50     1.66  2.40  2.96  3.46  3.93  3.81  3.31  3.18  2.84  2.24  1.43  1.29     2.71  1.78  3.45  3.43  2.17
 90   60     1.62  2.33  2.82  3.21  3.64  3.52  3.05  2.94  2.66  2.12  1.35  1.24     2.54  1.73  3.23  3.17  2.04
 90   70     1.59  2.27  2.65  2.95  3.35  3.22  2.78  2.68  2.45  1.97  1.26  1.18     2.36  1.68  2.98  2.89  1.89
 90   80     1.52  2.19  2.48  2.68  3.02  2.89  2.50  2.42  2.24  1.81  1.17  1.11     2.17  1.61  2.73  2.61  1.74
 90   90     1.46  2.11  2.29  2.38  2.69  2.56  2.21  2.15  2.00  1.64  1.05  1.03     1.96  1.53  2.45  2.31  1.56
105   10     1.64  2.41  3.22  4.02  4.62  4.57  3.96  3.77  3.24  2.44  1.52  1.29     3.06  1.78  3.95  4.10  2.40
105   20     1.54  2.30  3.09  3.87  4.48  4.43  3.84  3.64  3.11  2.32  1.43  1.21     2.94  1.69  3.81  3.97  2.29
105   30     1.46  2.21  2.95  3.67  4.28  4.24  3.67  3.46  2.96  2.19  1.35  1.14     2.80  1.60  3.63  3.79  2.17
105   40     1.39  2.12  2.80  3.45  4.04  3.99  3.46  3.25  2.79  2.06  1.26  1.08     2.64  1.53  3.43  3.57  2.04
105   50     1.35  2.05  2.66  3.21  3.77  3.71  3.22  3.02  2.60  1.94  1.18  1.03     2.48  1.48  3.21  3.32  1.90
105   60     1.30  1.99  2.50  2.97  3.48  3.42  2.96  2.78  2.41  1.80  1.10  0.97     2.31  1.42  2.98  3.05  1.77
105   70     1.27  1.93  2.35  2.71  3.18  3.11  2.69  2.53  2.22  1.67  1.01  0.92     2.13  1.38  2.75  2.77  1.63
105   80     1.23  1.88  2.20  2.45  2.89  2.81  2.42  2.27  2.00  1.52  0.94  0.87     1.96  1.33  2.51  2.50  1.49
105   90     1.20  1.81  2.03  2.21  2.59  2.50  2.15  2.03  1.81  1.39  0.85  0.80     1.78  1.27  2.27  2.23  1.35
120   10     1.54  2.32  3.14  3.96  4.59  4.55  3.94  3.74  3.18  2.36  1.45  1.22     3.00  1.69  3.90  4.08  2.33
120   20     1.36  2.12  2.93  3.75  4.41  4.39  3.81  3.57  2.99  2.16  1.29  1.07     2.82  1.52  3.70  3.92  2.15
120   30     1.23  1.95  2.72  3.49  4.17  4.17  3.61  3.35  2.78  1.97  1.16  0.95     2.63  1.38  3.46  3.71  1.97
120   40     1.14  1.82  2.52  3.22  3.88  3.89  3.37  3.10  2.56  1.79  1.05  0.87     2.44  1.28  3.21  3.46  1.80
120   50     1.09  1.73  2.34  2.95  3.58  3.59  3.11  2.85  2.35  1.64  0.96  0.81     2.25  1.21  2.96  3.18  1.65
120   60     1.05  1.67  2.18  2.68  3.28  3.28  2.84  2.59  2.15  1.50  0.89  0.76     2.07  1.16  2.71  2.90  1.51
120   70     1.03  1.63  2.05  2.44  2.98  2.97  2.57  2.35  1.96  1.38  0.82  0.72     1.91  1.13  2.49  2.63  1.39
120   80     1.01  1.60  1.91  2.21  2.69  2.66  2.31  2.11  1.78  1.26  0.76  0.68     1.75  1.10  2.27  2.36  1.26
120   90     1.00  1.57  1.79  1.98  2.41  2.38  2.05  1.88  1.61  1.15  0.69  0.64     1.60  1.07  2.06  2.10  1.15
135   10     1.46  2.23  3.06  3.91  4.56  4.54  3.93  3.71  3.12  2.28  1.39  1.15     2.94  1.61  3.84  4.06  2.26
135   20     1.21  1.95  2.78  3.64  4.35  4.36  3.78  3.51  2.88  2.01  1.18  0.94     2.71  1.37  3.59  3.88  2.02
135   30     1.03  1.72  2.50  3.32  4.06  4.11  3.56  3.25  2.60  1.75  1.00  0.79     2.48  1.18  3.29  3.64  1.78
135   40     0.94  1.55  2.25  2.98  3.72  3.79  3.29  2.96  2.33  1.53  0.88  0.71     2.24  1.06  2.98  3.35  1.58
135   50     0.90  1.46  2.04  2.67  3.37  3.45  3.00  2.66  2.09  1.36  0.80  0.66     2.04  1.00  2.69  3.04  1.42
135   60     0.89  1.42  1.89  2.40  3.03  3.10  2.71  2.39  1.88  1.24  0.74  0.63     1.86  0.98  2.44  2.73  1.29
135   70     0.88  1.40  1.77  2.16  2.73  2.78  2.43  2.15  1.71  1.14  0.69  0.60     1.70  0.96  2.22  2.45  1.18
135   80     0.89  1.40  1.66  1.95  2.45  2.49  2.18  1.92  1.56  1.04  0.64  0.58     1.56  0.95  2.02  2.20  1.08
135   90     0.90  1.40  1.58  1.75  2.21  2.22  1.94  1.73  1.41  0.97  0.59  0.55     1.44  0.95  1.85  1.96  0.99
150   10     1.40  2.17  3.01  3.88  4.54  4.53  3.92  3.69  3.08  2.22  1.34  1.09     2.90  1.55  3.81  4.05  2.21
150   20     1.08  1.81  2.67  3.56  4.30  4.34  3.76  3.46  2.79  1.88  1.08  0.83     2.63  1.24  3.51  3.85  1.91
150   30     0.87  1.51  2.31  3.19  3.98  4.08  3.53  3.17  2.45  1.56  0.86  0.66     2.35  1.01  3.16  3.59  1.63
150   40     0.81  1.32  1.99  2.78  3.59  3.73  3.24  2.84  2.12  1.30  0.75  0.62     2.09  0.92  2.79  3.27  1.39
150   50     0.81  1.25  1.76  2.40  3.16  3.33  2.90  2.49  1.84  1.13  0.70  0.61     1.86  0.89  2.44  2.91  1.22
150   60     0.83  1.25  1.62  2.09  2.76  2.91  2.56  2.19  1.64  1.04  0.67  0.59     1.68  0.89  2.16  2.55  1.11
150   70     0.84  1.26  1.53  1.87  2.44  2.57  2.27  1.95  1.48  0.97  0.63  0.57     1.53  0.89  1.95  2.26  1.03
150   80     0.86  1.28  1.46  1.70  2.19  2.29  2.03  1.75  1.36  0.91  0.59  0.55     1.41  0.90  1.78  2.02  0.95
150   90     0.87  1.31  1.41  1.55  1.97  2.04  1.81  1.58  1.25  0.85  0.55  0.53     1.31  0.91  1.65  1.81  0.88
165   10     1.36  2.13  2.97  3.85  4.53  4.52  3.92  3.68  3.05  2.19  1.31  1.05     2.88  1.51  3.78  4.04  2.18
165   20     0.99  1.72  2.58  3.51  4.28  4.33  3.75  3.44  2.73  1.80  1.00  0.76     2.57  1.15  3.46  3.84  1.84
165   30     0.79  1.34  2.16  3.11  3.95  4.06  3.51  3.13  2.35  1.41  0.76  0.63     2.27  0.92  3.07  3.57  1.51
165   40     0.80  1.15  1.76  2.64  3.54  3.71  3.21  2.77  1.96  1.10  0.72  0.62     2.00  0.86  2.65  3.23  1.26
165   50     0.81  1.18  1.52  2.15  3.07  3.30  2.87  2.37  1.61  0.98  0.69  0.61     1.76  0.87  2.25  2.85  1.10
165   60     0.83  1.20  1.43  1.81  2.56  2.84  2.49  1.99  1.42  0.94  0.66  0.59     1.56  0.87  1.93  2.44  1.01
165   70     0.84  1.23  1.39  1.63  2.17  2.38  2.13  1.76  1.31  0.89  0.63  0.57     1.41  0.88  1.73  2.09  0.94
165   80     0.86  1.26  1.35  1.50  1.95  2.11  1.90  1.59  1.22  0.84  0.59  0.55     1.31  0.89  1.60  1.87  0.89
165   90     0.87  1.29  1.31  1.39  1.78  1.90  1.71  1.46  1.14  0.79  0.55  0.53     1.23  0.90  1.49  1.69  0.83
180   10     1.34  2.11  2.96  3.85  4.52  4.52  3.91  3.67  3.04  2.17  1.29  1.04     2.87  1.50  3.77  4.04  2.17
180   20     0.96  1.68  2.55  3.50  4.27  4.33  3.74  3.43  2.71  1.76  0.98  0.73     2.55  1.12  3.44  3.83  1.82
180   30     0.79  1.27  2.11  3.08  3.94  4.05  3.50  3.12  2.32  1.34  0.74  0.63     2.24  0.90  3.04  3.56  1.47
180   40     0.80  1.15  1.64  2.62  3.53  3.71  3.21  2.76  1.90  1.01  0.72  0.62     1.97  0.86  2.59  3.22  1.21
180   50     0.81  1.18  1.40  2.11  3.05  3.29  2.86  2.36  1.45  0.97  0.69  0.61     1.73  0.87  2.19  2.84  1.04
180   60     0.83  1.20  1.38  1.64  2.54  2.83  2.48  1.92  1.31  0.93  0.66  0.59     1.53  0.87  1.85  2.41  0.97
180   70     0.84  1.23  1.35  1.51  2.06  2.34  2.07  1.67  1.24  0.89  0.63  0.57     1.37  0.88  1.64  2.03  0.92
180   80     0.86  1.26  1.32  1.41  1.85  2.04  1.85  1.53  1.17  0.84  0.59  0.55     1.27  0.89  1.53  1.80  0.87
180   90     0.87  1.29  1.29  1.32  1.70  1.84  1.67  1.41  1.09  0.79  0.55  0.53     1.20  0.90  1.44  1.64  0.81
             69.1  61.7  42.7  24.8  13.1   6.5   8.5  17.7  32.1  48.4  58.8  66.0     35.6  65.5  26.0  11.4  45.5
             3.31  3.89  4.04  4.40  4.75  4.64  4.04  3.97  3.73  3.43  2.60  2.61     3.78  3.27  4.33  4.21  3.21
             2.90  3.63  4.02  4.35  4.50  4.30  3.78  3.84  3.72  3.36  2.44  2.32     3.60  2.95  4.29  3.97  3.17
             1.14  1.07  1.00  1.01  1.06  1.08  1.07  1.03  1.00  1.02  1.07  1.13     1.06  1.11  1.02  1.06  1.03
             1.66  1.43  1.21  1.06  0.96  0.93  0.94  0.99  1.12  1.32  1.51  1.68     1.23  1.59  1.08  0.95  1.31
temperature  -7.3  -6.4  -1.3   5.1  10.8  15.1  19.1  20.6  15.9   9.0   2.3  -4.1      6.6  -5.9   4.9  18.3   9.1
diffusedrad  0.98  1.42  1.84  2.18  2.54  2.78  2.65  2.33  1.84  1.34  0.92  0.79     1.80  1.06  2.18  2.59  1.37
snow10cm     0.70  0.76  0.27  0.01  0.00  0.00  0.00  0.00  0.00  0.00  0.01  0.20     0.16  0.55  0.09  0.00  0.00
