2 23166   森              42    4  140 35.3  125
             1.65  2.52  3.49  4.42  4.93  4.85  4.26  4.07  3.62  2.73  1.67  1.30     3.29  1.82  4.28  4.39  2.67
             1.96  2.90  3.89  4.98  5.65  5.69  4.99  4.80  4.38  3.14  1.94  1.48     3.46  2.00  4.58  5.06  2.92
             1.43  2.20  3.11  3.86  3.76  3.73  3.43  3.36  3.02  2.14  1.36  1.13     3.09  1.59  3.93  3.71  2.41
  0   10     1.93  2.85  3.79  4.62  5.00  4.86  4.28  4.17  3.87  3.08  1.93  1.54     3.49  2.11  4.47  4.43  2.96
  0   20     2.20  3.15  4.04  4.72  4.98  4.78  4.23  4.19  4.03  3.37  2.18  1.76     3.64  2.37  4.58  4.40  3.19
  0   30     2.43  3.40  4.21  4.73  4.85  4.61  4.10  4.13  4.10  3.58  2.38  1.95     3.71  2.59  4.60  4.28  3.35
  0   40     2.62  3.59  4.31  4.63  4.62  4.36  3.90  3.99  4.08  3.70  2.52  2.09     3.70  2.77  4.52  4.08  3.43
  0   50     2.75  3.71  4.33  4.43  4.31  4.03  3.63  3.77  3.97  3.74  2.60  2.19     3.62  2.89  4.36  3.81  3.44
  0   60     2.84  3.77  4.27  4.15  3.92  3.64  3.30  3.48  3.77  3.68  2.63  2.24     3.47  2.95  4.11  3.47  3.36
  0   70     2.87  3.76  4.12  3.78  3.46  3.19  2.93  3.13  3.50  3.54  2.59  2.25     3.26  2.96  3.79  3.08  3.21
  0   80     2.84  3.67  3.91  3.33  2.94  2.70  2.52  2.72  3.15  3.32  2.48  2.20     2.98  2.90  3.39  2.65  2.98
  0   90     2.75  3.53  3.62  2.83  2.40  2.20  2.09  2.28  2.73  3.02  2.32  2.11     2.66  2.79  2.95  2.19  2.69
 15   10     1.92  2.84  3.79  4.60  5.00  4.86  4.28  4.17  3.86  3.07  1.92  1.53     3.49  2.10  4.46  4.43  2.95
 15   20     2.17  3.13  4.02  4.71  4.97  4.78  4.23  4.19  4.01  3.34  2.16  1.74     3.62  2.35  4.57  4.40  3.17
 15   30     2.40  3.36  4.19  4.72  4.85  4.61  4.10  4.13  4.08  3.54  2.35  1.92     3.69  2.56  4.58  4.28  3.33
 15   40     2.57  3.54  4.28  4.62  4.63  4.37  3.90  3.98  4.06  3.66  2.48  2.06     3.68  2.73  4.51  4.08  3.40
 15   50     2.70  3.66  4.29  4.42  4.32  4.04  3.63  3.77  3.95  3.69  2.56  2.15     3.60  2.84  4.34  3.81  3.40
 15   60     2.78  3.71  4.23  4.14  3.94  3.66  3.31  3.48  3.75  3.63  2.58  2.20     3.45  2.90  4.10  3.48  3.32
 15   70     2.80  3.70  4.09  3.78  3.48  3.21  2.94  3.13  3.48  3.48  2.54  2.20     3.24  2.90  3.78  3.10  3.17
 15   80     2.77  3.61  3.87  3.34  2.99  2.75  2.55  2.74  3.14  3.25  2.43  2.15     2.96  2.84  3.40  2.68  2.94
 15   90     2.68  3.46  3.59  2.86  2.46  2.26  2.13  2.32  2.74  2.95  2.27  2.06     2.65  2.73  2.97  2.24  2.65
 30   10     1.89  2.80  3.75  4.58  4.99  4.85  4.27  4.16  3.83  3.03  1.90  1.51     3.46  2.06  4.44  4.43  2.92
 30   20     2.11  3.06  3.96  4.67  4.96  4.77  4.22  4.17  3.97  3.27  2.10  1.69     3.58  2.29  4.53  4.39  3.11
 30   30     2.30  3.26  4.11  4.66  4.84  4.62  4.09  4.11  4.02  3.44  2.27  1.85     3.63  2.47  4.54  4.27  3.24
 30   40     2.45  3.42  4.19  4.57  4.63  4.38  3.90  3.97  3.99  3.53  2.38  1.96     3.61  2.61  4.46  4.08  3.30
 30   50     2.56  3.51  4.18  4.38  4.35  4.07  3.64  3.76  3.88  3.54  2.43  2.04     3.53  2.70  4.30  3.83  3.28
 30   60     2.62  3.54  4.11  4.10  3.98  3.71  3.34  3.48  3.68  3.47  2.43  2.07     3.38  2.74  4.06  3.51  3.19
 30   70     2.62  3.51  3.97  3.76  3.56  3.29  2.98  3.16  3.42  3.31  2.38  2.06     3.17  2.73  3.76  3.15  3.04
 30   80     2.58  3.42  3.76  3.35  3.10  2.85  2.61  2.79  3.09  3.08  2.27  2.00     2.91  2.67  3.40  2.75  2.81
 30   90     2.49  3.27  3.48  2.90  2.61  2.40  2.22  2.39  2.71  2.79  2.10  1.91     2.61  2.56  3.00  2.34  2.53
 45   10     1.84  2.74  3.70  4.54  4.98  4.84  4.26  4.14  3.79  2.97  1.85  1.47     3.43  2.02  4.41  4.42  2.87
 45   20     2.01  2.95  3.87  4.60  4.94  4.77  4.21  4.14  3.89  3.16  2.01  1.61     3.51  2.19  4.47  4.37  3.02
 45   30     2.16  3.11  3.98  4.58  4.82  4.61  4.08  4.07  3.92  3.29  2.13  1.73     3.54  2.33  4.46  4.25  3.11
 45   40     2.27  3.22  4.03  4.46  4.63  4.39  3.89  3.93  3.87  3.34  2.20  1.81     3.50  2.44  4.37  4.07  3.14
 45   50     2.35  3.29  4.01  4.28  4.35  4.10  3.64  3.73  3.75  3.32  2.23  1.86     3.41  2.50  4.21  3.82  3.10
 45   60     2.38  3.29  3.92  4.01  4.02  3.75  3.35  3.46  3.56  3.23  2.21  1.88     3.25  2.52  3.99  3.52  3.00
 45   70     2.37  3.25  3.78  3.69  3.63  3.37  3.02  3.16  3.30  3.07  2.14  1.85     3.05  2.49  3.70  3.18  2.84
 45   80     2.31  3.16  3.59  3.32  3.20  2.96  2.67  2.81  3.00  2.84  2.02  1.79     2.81  2.42  3.37  2.81  2.62
 45   90     2.23  3.02  3.34  2.91  2.77  2.55  2.31  2.45  2.64  2.57  1.86  1.69     2.53  2.31  3.01  2.44  2.36
 60   10     1.77  2.67  3.64  4.49  4.96  4.83  4.25  4.11  3.73  2.89  1.78  1.42     3.38  1.95  4.36  4.40  2.80
 60   20     1.89  2.81  3.75  4.50  4.91  4.75  4.18  4.09  3.79  3.02  1.89  1.51     3.42  2.07  4.39  4.34  2.90
 60   30     1.99  2.91  3.81  4.45  4.78  4.59  4.05  4.00  3.78  3.08  1.96  1.59     3.42  2.16  4.35  4.21  2.94
 60   40     2.05  2.98  3.82  4.33  4.58  4.37  3.86  3.86  3.71  3.10  1.99  1.63     3.36  2.22  4.24  4.03  2.93
 60   50     2.09  3.01  3.78  4.13  4.33  4.10  3.62  3.65  3.57  3.05  1.99  1.65     3.25  2.25  4.08  3.79  2.87
 60   60     2.10  3.00  3.69  3.88  4.01  3.77  3.34  3.41  3.38  2.94  1.94  1.64     3.09  2.25  3.86  3.51  2.75
 60   70     2.08  2.94  3.55  3.57  3.65  3.41  3.03  3.11  3.14  2.78  1.86  1.60     2.89  2.21  3.59  3.18  2.60
 60   80     2.02  2.86  3.38  3.24  3.27  3.04  2.70  2.80  2.86  2.57  1.74  1.54     2.67  2.14  3.30  2.85  2.39
 60   90     1.94  2.74  3.17  2.86  2.86  2.66  2.37  2.47  2.54  2.32  1.59  1.44     2.41  2.04  2.96  2.50  2.15
 75   10     1.70  2.59  3.56  4.43  4.93  4.82  4.23  4.08  3.67  2.81  1.71  1.36     3.32  1.88  4.31  4.38  2.73
 75   20     1.75  2.65  3.60  4.39  4.85  4.72  4.15  4.03  3.67  2.85  1.75  1.40     3.32  1.93  4.28  4.30  2.76
 75   30     1.79  2.69  3.61  4.29  4.71  4.55  4.01  3.92  3.61  2.86  1.77  1.43     3.27  1.97  4.20  4.16  2.75
 75   40     1.82  2.71  3.57  4.15  4.51  4.33  3.81  3.76  3.51  2.81  1.76  1.44     3.18  1.99  4.08  3.97  2.69
 75   50     1.82  2.69  3.51  3.94  4.25  4.06  3.58  3.56  3.36  2.74  1.73  1.43     3.05  1.98  3.90  3.73  2.61
 75   60     1.81  2.67  3.41  3.69  3.96  3.76  3.30  3.31  3.16  2.61  1.66  1.40     2.89  1.96  3.69  3.46  2.48
 75   70     1.78  2.62  3.29  3.41  3.63  3.42  3.01  3.04  2.94  2.46  1.57  1.35     2.71  1.92  3.44  3.16  2.32
 75   80     1.72  2.54  3.12  3.08  3.25  3.06  2.70  2.74  2.67  2.26  1.46  1.29     2.49  1.85  3.15  2.83  2.13
 75   90     1.67  2.45  2.96  2.76  2.89  2.70  2.38  2.44  2.40  2.04  1.33  1.20     2.27  1.77  2.87  2.51  1.92
 90   10     1.62  2.49  3.48  4.37  4.89  4.80  4.22  4.04  3.60  2.71  1.63  1.29     3.26  1.80  4.25  4.35  2.65
 90   20     1.61  2.48  3.44  4.27  4.79  4.68  4.11  3.95  3.53  2.66  1.61  1.28     3.20  1.79  4.16  4.25  2.60
 90   30     1.59  2.45  3.38  4.12  4.62  4.50  3.95  3.81  3.42  2.60  1.57  1.26     3.11  1.77  4.04  4.09  2.53
 90   40     1.58  2.42  3.30  3.92  4.40  4.27  3.75  3.63  3.27  2.51  1.52  1.24     2.98  1.74  3.88  3.88  2.44
 90   50     1.55  2.39  3.21  3.71  4.14  3.99  3.51  3.42  3.10  2.39  1.46  1.21     2.84  1.72  3.69  3.64  2.32
 90   60     1.53  2.34  3.10  3.46  3.83  3.68  3.23  3.18  2.91  2.27  1.38  1.16     2.67  1.68  3.46  3.37  2.19
 90   70     1.50  2.30  2.98  3.17  3.52  3.37  2.95  2.91  2.68  2.10  1.29  1.12     2.49  1.64  3.23  3.07  2.02
 90   80     1.45  2.23  2.85  2.90  3.19  3.03  2.65  2.64  2.45  1.94  1.20  1.06     2.30  1.58  2.98  2.77  1.86
 90   90     1.42  2.17  2.71  2.59  2.83  2.69  2.35  2.35  2.19  1.75  1.09  0.99     2.09  1.53  2.71  2.46  1.68
105   10     1.54  2.40  3.39  4.30  4.86  4.78  4.20  4.00  3.52  2.61  1.55  1.23     3.20  1.73  4.18  4.33  2.56
105   20     1.47  2.30  3.27  4.13  4.71  4.64  4.07  3.87  3.38  2.48  1.46  1.16     3.08  1.64  4.04  4.20  2.44
105   30     1.40  2.21  3.14  3.92  4.50  4.43  3.89  3.69  3.21  2.34  1.37  1.10     2.93  1.57  3.85  4.00  2.31
105   40     1.35  2.14  3.01  3.68  4.25  4.18  3.66  3.48  3.02  2.19  1.29  1.05     2.77  1.51  3.65  3.77  2.17
105   50     1.31  2.08  2.89  3.43  3.97  3.89  3.41  3.25  2.82  2.06  1.20  1.00     2.61  1.47  3.43  3.51  2.03
105   60     1.28  2.02  2.78  3.17  3.67  3.58  3.13  3.00  2.61  1.91  1.13  0.95     2.44  1.42  3.21  3.24  1.88
105   70     1.26  1.99  2.66  2.91  3.35  3.25  2.85  2.75  2.41  1.77  1.04  0.92     2.26  1.39  2.97  2.95  1.74
105   80     1.23  1.95  2.56  2.64  3.03  2.93  2.56  2.48  2.18  1.62  0.96  0.87     2.09  1.35  2.74  2.66  1.59
105   90     1.21  1.91  2.44  2.38  2.72  2.61  2.28  2.23  1.97  1.47  0.88  0.82     1.91  1.32  2.51  2.37  1.44
120   10     1.47  2.32  3.30  4.23  4.83  4.76  4.18  3.96  3.45  2.52  1.48  1.17     3.14  1.65  4.12  4.30  2.48
120   20     1.33  2.13  3.10  4.00  4.64  4.60  4.03  3.79  3.24  2.29  1.33  1.05     2.96  1.50  3.91  4.14  2.29
120   30     1.22  1.98  2.90  3.72  4.38  4.36  3.82  3.57  3.00  2.08  1.19  0.95     2.76  1.38  3.67  3.92  2.09
120   40     1.15  1.86  2.72  3.42  4.08  4.06  3.57  3.32  2.75  1.89  1.08  0.89     2.56  1.30  3.40  3.65  1.91
120   50     1.11  1.78  2.57  3.13  3.76  3.75  3.29  3.05  2.52  1.72  0.98  0.84     2.38  1.24  3.15  3.36  1.74
120   60     1.08  1.75  2.44  2.85  3.44  3.42  3.00  2.79  2.31  1.57  0.91  0.80     2.20  1.21  2.91  3.07  1.60
120   70     1.08  1.72  2.35  2.59  3.12  3.09  2.71  2.54  2.10  1.45  0.84  0.77     2.03  1.19  2.69  2.78  1.46
120   80     1.06  1.71  2.26  2.36  2.82  2.78  2.44  2.30  1.91  1.32  0.78  0.74     1.87  1.17  2.48  2.50  1.34
120   90     1.07  1.70  2.19  2.13  2.52  2.48  2.17  2.06  1.73  1.21  0.71  0.71     1.72  1.16  2.28  2.23  1.22
135   10     1.41  2.24  3.23  4.18  4.80  4.75  4.16  3.93  3.39  2.43  1.42  1.12     3.09  1.59  4.07  4.28  2.41
135   20     1.21  1.98  2.95  3.88  4.57  4.57  4.00  3.72  3.11  2.13  1.20  0.95     2.85  1.38  3.80  4.10  2.14
135   30     1.07  1.77  2.67  3.52  4.26  4.29  3.76  3.46  2.79  1.84  1.02  0.83     2.61  1.22  3.48  3.84  1.88
135   40     0.99  1.62  2.43  3.15  3.90  3.96  3.47  3.15  2.49  1.59  0.89  0.76     2.37  1.12  3.16  3.53  1.66
135   50     0.96  1.54  2.25  2.81  3.52  3.59  3.15  2.84  2.21  1.41  0.81  0.72     2.15  1.07  2.86  3.19  1.48
135   60     0.96  1.51  2.13  2.52  3.16  3.22  2.84  2.56  1.99  1.27  0.75  0.70     1.97  1.06  2.60  2.87  1.34
135   70     0.96  1.52  2.06  2.27  2.83  2.89  2.55  2.31  1.80  1.17  0.70  0.68     1.81  1.05  2.39  2.58  1.23
135   80     0.98  1.53  2.00  2.05  2.55  2.58  2.28  2.08  1.64  1.07  0.66  0.66     1.67  1.06  2.20  2.31  1.13
135   90     0.99  1.55  1.97  1.86  2.29  2.30  2.03  1.87  1.49  1.00  0.61  0.65     1.55  1.06  2.04  2.07  1.03
150   10     1.36  2.18  3.17  4.13  4.78  4.74  4.16  3.90  3.34  2.37  1.37  1.07     3.05  1.54  4.03  4.27  2.36
150   20     1.11  1.86  2.82  3.79  4.52  4.54  3.98  3.67  3.00  1.98  1.10  0.86     2.77  1.28  3.71  4.06  2.03
150   30     0.94  1.58  2.47  3.37  4.18  4.26  3.72  3.36  2.62  1.62  0.88  0.73     2.48  1.08  3.34  3.78  1.71
150   40     0.89  1.41  2.16  2.92  3.75  3.89  3.41  3.01  2.24  1.33  0.76  0.69     2.21  1.00  2.94  3.44  1.44
150   50     0.90  1.36  1.96  2.50  3.28  3.46  3.04  2.64  1.92  1.14  0.71  0.69     1.97  0.98  2.58  3.04  1.26
150   60     0.92  1.37  1.86  2.17  2.85  3.01  2.67  2.32  1.69  1.04  0.68  0.67     1.77  0.99  2.29  2.66  1.14
150   70     0.94  1.40  1.81  1.94  2.51  2.64  2.36  2.06  1.53  0.97  0.65  0.66     1.62  1.00  2.09  2.35  1.05
150   80     0.96  1.43  1.80  1.76  2.25  2.34  2.10  1.86  1.41  0.91  0.61  0.65     1.51  1.01  1.94  2.10  0.98
150   90     0.98  1.48  1.79  1.62  2.03  2.09  1.88  1.69  1.29  0.86  0.58  0.64     1.41  1.03  1.81  1.89  0.91
165   10     1.33  2.14  3.13  4.11  4.77  4.74  4.15  3.89  3.31  2.32  1.34  1.05     3.02  1.51  4.00  4.26  2.32
165   20     1.04  1.77  2.74  3.73  4.50  4.54  3.96  3.63  2.93  1.89  1.02  0.81     2.71  1.21  3.66  4.04  1.95
165   30     0.87  1.44  2.33  3.28  4.14  4.24  3.71  3.31  2.50  1.45  0.77  0.70     2.40  1.00  3.25  3.75  1.57
165   40     0.88  1.26  1.93  2.77  3.70  3.87  3.39  2.93  2.04  1.10  0.73  0.69     2.11  0.95  2.80  3.40  1.29
165   50     0.90  1.29  1.70  2.22  3.20  3.43  3.01  2.50  1.64  0.97  0.70  0.69     1.86  0.96  2.38  2.98  1.11
165   60     0.92  1.33  1.66  1.84  2.64  2.94  2.59  2.07  1.43  0.93  0.68  0.67     1.64  0.97  2.05  2.53  1.01
165   70     0.94  1.37  1.66  1.65  2.21  2.44  2.19  1.83  1.32  0.89  0.64  0.66     1.48  0.99  1.84  2.15  0.95
165   80     0.96  1.42  1.68  1.53  1.99  2.14  1.95  1.66  1.23  0.84  0.61  0.65     1.39  1.01  1.73  1.92  0.90
165   90     0.98  1.46  1.69  1.43  1.81  1.93  1.76  1.52  1.16  0.80  0.58  0.64     1.31  1.02  1.64  1.74  0.84
180   10     1.32  2.13  3.12  4.11  4.76  4.74  4.15  3.88  3.30  2.31  1.33  1.04     3.01  1.49  4.00  4.25  2.31
180   20     1.01  1.74  2.71  3.72  4.50  4.53  3.96  3.62  2.91  1.85  1.00  0.79     2.69  1.18  3.64  4.04  1.92
180   30     0.87  1.37  2.27  3.26  4.13  4.24  3.71  3.29  2.46  1.37  0.75  0.70     2.37  0.98  3.22  3.74  1.53
180   40     0.88  1.26  1.81  2.74  3.69  3.87  3.38  2.90  1.98  0.99  0.73  0.69     2.08  0.95  2.75  3.38  1.23
180   50     0.90  1.29  1.58  2.18  3.18  3.43  3.00  2.46  1.47  0.96  0.70  0.69     1.82  0.96  2.31  2.96  1.04
180   60     0.92  1.33  1.60  1.65  2.62  2.93  2.58  1.99  1.30  0.92  0.68  0.67     1.60  0.97  1.96  2.50  0.96
180   70     0.94  1.37  1.62  1.51  2.10  2.40  2.13  1.71  1.23  0.88  0.64  0.66     1.43  0.99  1.75  2.08  0.92
180   80     0.96  1.42  1.65  1.43  1.88  2.07  1.89  1.57  1.17  0.84  0.61  0.65     1.34  1.01  1.65  1.84  0.87
180   90     0.98  1.46  1.67  1.36  1.73  1.86  1.71  1.45  1.10  0.80  0.58  0.64     1.28  1.02  1.59  1.67  0.82
             69.7  63.2  47.1  25.4  13.0   6.0   8.6  17.8  32.9  49.1  58.5  65.8     34.4  66.0  26.8  10.7  45.4
             2.87  3.77  4.33  4.74  5.00  4.86  4.28  4.20  4.10  3.74  2.63  2.25     3.90  2.96  4.60  4.44  3.45
             2.52  3.49  4.27  4.70  4.76  4.51  4.02  4.08  4.10  3.64  2.45  2.01     3.71  2.67  4.57  4.20  3.40
             1.14  1.08  1.01  1.01  1.05  1.08  1.06  1.03  1.00  1.03  1.07  1.12     1.06  1.11  1.02  1.06  1.03
             1.53  1.38  1.22  1.06  0.97  0.93  0.94  1.00  1.13  1.33  1.47  1.55     1.21  1.49  1.08  0.96  1.31
temperature  -3.1  -2.6   0.7   6.1  10.8  14.6  18.6  20.9  17.5  11.5   5.0  -0.7      8.3  -2.1   5.9  18.0  11.3
diffusedrad  1.03  1.49  1.93  2.16  2.50  2.75  2.65  2.32  1.85  1.35  0.94  0.82     1.82  1.11  2.20  2.57  1.38
snow10cm     0.93  0.97  0.64  0.04  0.00  0.00  0.00  0.00  0.00  0.00  0.05  0.46     0.26  0.79  0.23  0.00  0.02
