2 23206   川汲            41 54.3  140 58.2   25
             1.72  2.55  3.54  4.44  4.84  4.70  4.20  3.90  3.50  2.76  1.74  1.40     3.27  1.89  4.27  4.27  2.67
             2.07  3.03  4.00  4.87  5.79  5.29  5.26  4.70  4.01  3.19  1.95  1.61     3.46  2.02  4.63  4.97  2.89
             1.44  1.98  3.08  4.00  4.13  3.93  3.64  2.81  2.73  2.23  1.52  1.19     3.13  1.65  3.95  3.80  2.37
  0   10     2.04  2.89  3.87  4.64  4.90  4.71  4.22  3.99  3.72  3.11  2.06  1.70     3.49  2.21  4.47  4.31  2.96
  0   20     2.35  3.21  4.12  4.75  4.88  4.64  4.17  4.01  3.87  3.40  2.34  1.97     3.64  2.51  4.58  4.27  3.20
  0   30     2.61  3.46  4.29  4.75  4.75  4.48  4.04  3.94  3.93  3.62  2.56  2.20     3.72  2.76  4.60  4.16  3.37
  0   40     2.82  3.65  4.38  4.65  4.53  4.23  3.84  3.81  3.91  3.74  2.73  2.37     3.72  2.95  4.52  3.96  3.46
  0   50     2.96  3.77  4.37  4.45  4.22  3.92  3.58  3.60  3.80  3.78  2.83  2.49     3.65  3.08  4.35  3.70  3.47
  0   60     3.05  3.82  4.28  4.15  3.84  3.54  3.26  3.32  3.61  3.73  2.86  2.55     3.50  3.14  4.09  3.37  3.40
  0   70     3.06  3.79  4.09  3.77  3.39  3.11  2.89  2.99  3.34  3.58  2.82  2.55     3.28  3.13  3.75  3.00  3.25
  0   80     3.01  3.69  3.83  3.32  2.88  2.65  2.48  2.61  3.00  3.36  2.71  2.48     3.00  3.06  3.34  2.58  3.02
  0   90     2.90  3.52  3.50  2.80  2.36  2.17  2.07  2.19  2.61  3.05  2.54  2.36     2.67  2.92  2.89  2.14  2.73
 15   10     2.03  2.88  3.86  4.63  4.90  4.71  4.22  3.99  3.71  3.10  2.04  1.69     3.48  2.20  4.46  4.30  2.95
 15   20     2.32  3.18  4.10  4.74  4.87  4.63  4.16  4.00  3.85  3.38  2.31  1.95     3.63  2.49  4.57  4.27  3.18
 15   30     2.57  3.43  4.27  4.74  4.75  4.48  4.04  3.94  3.91  3.59  2.52  2.17     3.70  2.72  4.59  4.15  3.34
 15   40     2.76  3.61  4.34  4.64  4.54  4.24  3.84  3.80  3.89  3.70  2.67  2.33     3.70  2.90  4.51  3.96  3.42
 15   50     2.90  3.73  4.33  4.44  4.23  3.93  3.58  3.59  3.78  3.73  2.76  2.44     3.62  3.02  4.33  3.70  3.42
 15   60     2.98  3.77  4.24  4.15  3.86  3.56  3.27  3.32  3.59  3.67  2.78  2.50     3.47  3.08  4.08  3.38  3.35
 15   70     2.98  3.73  4.06  3.78  3.42  3.13  2.90  2.99  3.33  3.52  2.73  2.49     3.26  3.07  3.75  3.01  3.19
 15   80     2.93  3.63  3.80  3.33  2.93  2.69  2.51  2.62  3.00  3.29  2.62  2.42     2.98  2.99  3.35  2.61  2.97
 15   90     2.81  3.45  3.46  2.84  2.42  2.22  2.11  2.22  2.61  2.99  2.45  2.29     2.66  2.85  2.90  2.18  2.68
 30   10     1.99  2.85  3.82  4.61  4.90  4.71  4.21  3.98  3.69  3.07  2.01  1.66     3.46  2.17  4.44  4.30  2.92
 30   20     2.25  3.11  4.04  4.70  4.87  4.63  4.16  3.99  3.81  3.31  2.23  1.89     3.58  2.42  4.53  4.26  3.12
 30   30     2.46  3.33  4.19  4.68  4.75  4.48  4.03  3.92  3.85  3.48  2.41  2.08     3.64  2.62  4.54  4.14  3.25
 30   40     2.62  3.48  4.25  4.59  4.54  4.25  3.84  3.79  3.82  3.57  2.53  2.22     3.62  2.77  4.46  3.96  3.31
 30   50     2.73  3.56  4.22  4.39  4.26  3.95  3.59  3.58  3.71  3.58  2.59  2.30     3.54  2.87  4.29  3.71  3.29
 30   60     2.79  3.59  4.11  4.10  3.90  3.60  3.29  3.32  3.52  3.51  2.59  2.34     3.39  2.90  4.04  3.40  3.21
 30   70     2.78  3.54  3.94  3.76  3.49  3.20  2.94  3.01  3.26  3.35  2.53  2.31     3.18  2.88  3.73  3.05  3.05
 30   80     2.72  3.43  3.69  3.34  3.04  2.78  2.57  2.66  2.95  3.12  2.41  2.24     2.91  2.79  3.35  2.67  2.83
 30   90     2.60  3.26  3.36  2.88  2.57  2.35  2.19  2.29  2.58  2.82  2.23  2.11     2.60  2.65  2.94  2.28  2.54
 45   10     1.93  2.79  3.77  4.57  4.88  4.70  4.20  3.96  3.65  3.01  1.95  1.61     3.42  2.11  4.41  4.29  2.87
 45   20     2.13  3.00  3.95  4.63  4.85  4.62  4.14  3.95  3.74  3.20  2.13  1.79     3.51  2.31  4.47  4.24  3.02
 45   30     2.30  3.16  4.05  4.60  4.72  4.47  4.02  3.88  3.76  3.33  2.26  1.93     3.54  2.46  4.46  4.12  3.12
 45   40     2.42  3.27  4.08  4.48  4.53  4.25  3.83  3.74  3.71  3.38  2.34  2.03     3.51  2.57  4.37  3.94  3.14
 45   50     2.49  3.33  4.04  4.29  4.26  3.97  3.59  3.55  3.59  3.36  2.37  2.09     3.41  2.64  4.20  3.70  3.11
 45   60     2.52  3.33  3.93  4.03  3.94  3.64  3.29  3.29  3.40  3.27  2.35  2.10     3.26  2.65  3.96  3.41  3.01
 45   70     2.49  3.26  3.75  3.69  3.56  3.27  2.98  3.00  3.15  3.11  2.27  2.06     3.05  2.60  3.67  3.08  2.84
 45   80     2.41  3.16  3.52  3.31  3.14  2.88  2.63  2.67  2.86  2.88  2.15  1.97     2.80  2.51  3.32  2.73  2.63
 45   90     2.29  3.00  3.22  2.89  2.71  2.48  2.27  2.33  2.52  2.61  1.97  1.84     2.51  2.37  2.94  2.36  2.37
 60   10     1.86  2.71  3.70  4.52  4.86  4.69  4.19  3.93  3.60  2.93  1.88  1.54     3.37  2.04  4.36  4.27  2.80
 60   20     2.00  2.85  3.81  4.53  4.81  4.61  4.12  3.91  3.65  3.06  2.00  1.67     3.42  2.17  4.38  4.21  2.90
 60   30     2.10  2.96  3.87  4.48  4.69  4.45  3.99  3.82  3.63  3.12  2.08  1.76     3.41  2.27  4.34  4.09  2.94
 60   40     2.16  3.02  3.87  4.35  4.49  4.23  3.80  3.68  3.56  3.14  2.12  1.81     3.35  2.33  4.23  3.90  2.94
 60   50     2.20  3.04  3.80  4.15  4.24  3.97  3.56  3.48  3.42  3.08  2.11  1.82     3.24  2.36  4.06  3.67  2.87
 60   60     2.20  3.02  3.69  3.89  3.93  3.66  3.29  3.24  3.24  2.97  2.06  1.81     3.08  2.34  3.84  3.40  2.76
 60   70     2.16  2.94  3.51  3.58  3.58  3.31  2.98  2.96  3.00  2.82  1.97  1.75     2.88  2.29  3.55  3.08  2.60
 60   80     2.07  2.84  3.30  3.23  3.20  2.95  2.66  2.66  2.73  2.60  1.85  1.66     2.65  2.19  3.25  2.76  2.39
 60   90     1.97  2.71  3.04  2.85  2.80  2.58  2.33  2.34  2.43  2.35  1.68  1.53     2.38  2.07  2.90  2.42  2.15
 75   10     1.78  2.62  3.62  4.46  4.83  4.67  4.17  3.90  3.54  2.84  1.80  1.47     3.31  1.96  4.30  4.25  2.73
 75   20     1.84  2.69  3.65  4.42  4.76  4.58  4.09  3.85  3.53  2.88  1.85  1.52     3.31  2.02  4.28  4.17  2.76
 75   30     1.88  2.72  3.66  4.32  4.62  4.42  3.95  3.74  3.47  2.89  1.87  1.55     3.26  2.05  4.20  4.04  2.74
 75   40     1.90  2.74  3.61  4.17  4.42  4.20  3.76  3.59  3.37  2.85  1.86  1.57     3.17  2.07  4.07  3.85  2.69
 75   50     1.89  2.71  3.52  3.96  4.16  3.93  3.52  3.39  3.23  2.77  1.82  1.55     3.04  2.05  3.88  3.61  2.61
 75   60     1.87  2.68  3.39  3.70  3.88  3.64  3.25  3.15  3.03  2.64  1.75  1.50     2.87  2.02  3.66  3.35  2.48
 75   70     1.82  2.61  3.23  3.42  3.55  3.31  2.97  2.89  2.81  2.49  1.66  1.45     2.68  1.96  3.40  3.06  2.32
 75   80     1.74  2.51  3.03  3.08  3.19  2.96  2.65  2.60  2.56  2.29  1.54  1.36     2.46  1.87  3.10  2.74  2.13
 75   90     1.66  2.40  2.82  2.75  2.83  2.62  2.34  2.31  2.29  2.07  1.40  1.24     2.23  1.77  2.80  2.42  1.92
 90   10     1.69  2.52  3.53  4.39  4.80  4.66  4.16  3.87  3.47  2.74  1.72  1.39     3.25  1.87  4.24  4.23  2.64
 90   20     1.67  2.50  3.48  4.29  4.70  4.54  4.05  3.78  3.40  2.69  1.69  1.37     3.18  1.85  4.16  4.13  2.60
 90   30     1.65  2.47  3.41  4.14  4.53  4.37  3.90  3.65  3.30  2.63  1.65  1.35     3.09  1.83  4.03  3.97  2.53
 90   40     1.62  2.43  3.32  3.94  4.32  4.14  3.69  3.47  3.15  2.54  1.60  1.32     2.96  1.79  3.86  3.77  2.43
 90   50     1.59  2.39  3.20  3.72  4.06  3.87  3.45  3.27  2.99  2.42  1.53  1.28     2.81  1.75  3.66  3.53  2.31
 90   60     1.55  2.33  3.06  3.47  3.76  3.57  3.19  3.03  2.80  2.30  1.45  1.21     2.64  1.70  3.43  3.26  2.18
 90   70     1.50  2.27  2.91  3.18  3.45  3.26  2.90  2.77  2.57  2.13  1.35  1.15     2.46  1.64  3.18  2.98  2.02
 90   80     1.43  2.18  2.74  2.89  3.12  2.94  2.61  2.51  2.35  1.97  1.25  1.07     2.26  1.56  2.92  2.69  1.86
 90   90     1.37  2.11  2.56  2.58  2.78  2.60  2.32  2.23  2.10  1.77  1.13  0.98     2.04  1.49  2.64  2.38  1.67
105   10     1.60  2.43  3.44  4.32  4.77  4.64  4.14  3.83  3.40  2.64  1.63  1.31     3.18  1.78  4.18  4.21  2.56
105   20     1.51  2.31  3.30  4.15  4.63  4.50  4.01  3.71  3.27  2.51  1.53  1.23     3.06  1.68  4.03  4.08  2.44
105   30     1.43  2.22  3.15  3.94  4.42  4.30  3.84  3.54  3.11  2.36  1.44  1.15     2.91  1.60  3.84  3.89  2.30
105   40     1.36  2.14  3.00  3.70  4.17  4.05  3.61  3.34  2.92  2.22  1.35  1.08     2.75  1.52  3.63  3.67  2.16
105   50     1.31  2.06  2.86  3.44  3.90  3.77  3.36  3.11  2.73  2.08  1.25  1.02     2.58  1.47  3.40  3.42  2.02
105   60     1.26  2.00  2.72  3.18  3.60  3.47  3.09  2.87  2.52  1.94  1.17  0.96     2.40  1.40  3.17  3.14  1.88
105   70     1.22  1.94  2.56  2.91  3.28  3.15  2.81  2.63  2.32  1.79  1.08  0.90     2.22  1.36  2.92  2.86  1.73
105   80     1.17  1.89  2.43  2.63  2.98  2.84  2.52  2.37  2.11  1.64  1.00  0.84     2.03  1.30  2.68  2.58  1.58
105   90     1.13  1.83  2.27  2.37  2.67  2.53  2.25  2.12  1.90  1.49  0.90  0.76     1.85  1.24  2.43  2.30  1.43
120   10     1.52  2.34  3.35  4.26  4.74  4.63  4.12  3.80  3.34  2.54  1.55  1.23     3.12  1.70  4.11  4.18  2.48
120   20     1.35  2.14  3.12  4.02  4.56  4.47  3.98  3.64  3.14  2.32  1.38  1.09     2.93  1.53  3.90  4.03  2.28
120   30     1.22  1.98  2.90  3.73  4.30  4.24  3.77  3.43  2.91  2.10  1.23  0.97     2.73  1.39  3.65  3.81  2.08
120   40     1.13  1.85  2.69  3.43  4.01  3.95  3.52  3.19  2.68  1.91  1.11  0.88     2.53  1.28  3.38  3.55  1.90
120   50     1.07  1.75  2.51  3.14  3.69  3.64  3.25  2.94  2.45  1.74  1.01  0.81     2.33  1.21  3.12  3.27  1.74
120   60     1.03  1.70  2.35  2.85  3.38  3.33  2.96  2.68  2.24  1.59  0.94  0.75     2.15  1.16  2.86  2.99  1.59
120   70     1.00  1.66  2.23  2.59  3.07  3.01  2.68  2.44  2.04  1.47  0.85  0.71     1.98  1.12  2.63  2.71  1.45
120   80     0.98  1.63  2.11  2.35  2.77  2.70  2.40  2.20  1.85  1.33  0.79  0.66     1.81  1.09  2.41  2.44  1.33
120   90     0.96  1.61  2.00  2.11  2.48  2.41  2.14  1.97  1.68  1.22  0.72  0.61     1.66  1.06  2.19  2.17  1.21
135   10     1.45  2.26  3.26  4.20  4.71  4.61  4.11  3.77  3.28  2.46  1.48  1.17     3.06  1.62  4.06  4.16  2.41
135   20     1.21  1.98  2.96  3.90  4.49  4.44  3.94  3.58  3.01  2.15  1.25  0.96     2.82  1.38  3.78  3.99  2.14
135   30     1.04  1.75  2.65  3.54  4.19  4.18  3.71  3.33  2.72  1.86  1.05  0.81     2.57  1.20  3.46  3.74  1.88
135   40     0.94  1.59  2.38  3.16  3.84  3.86  3.43  3.04  2.43  1.61  0.91  0.72     2.33  1.08  3.13  3.44  1.65
135   50     0.90  1.49  2.17  2.82  3.46  3.50  3.12  2.75  2.17  1.42  0.82  0.66     2.11  1.02  2.82  3.12  1.47
135   60     0.88  1.45  2.02  2.52  3.11  3.15  2.81  2.48  1.95  1.29  0.76  0.63     1.92  0.99  2.55  2.81  1.33
135   70     0.87  1.44  1.91  2.26  2.80  2.82  2.52  2.23  1.76  1.18  0.70  0.59     1.76  0.97  2.32  2.52  1.22
135   80     0.87  1.44  1.82  2.04  2.51  2.52  2.25  2.01  1.61  1.08  0.66  0.56     1.61  0.95  2.12  2.26  1.12
135   90     0.87  1.45  1.75  1.83  2.26  2.25  2.01  1.80  1.46  1.01  0.61  0.53     1.49  0.95  1.95  2.02  1.02
150   10     1.39  2.19  3.20  4.16  4.69  4.60  4.10  3.75  3.23  2.39  1.43  1.12     3.02  1.56  4.02  4.15  2.35
150   20     1.10  1.85  2.83  3.80  4.45  4.42  3.92  3.53  2.91  2.00  1.13  0.85     2.73  1.27  3.69  3.96  2.02
150   30     0.89  1.56  2.44  3.38  4.11  4.14  3.68  3.25  2.56  1.64  0.89  0.68     2.43  1.04  3.31  3.69  1.70
150   40     0.82  1.37  2.10  2.93  3.70  3.79  3.37  2.91  2.20  1.34  0.76  0.63     2.16  0.94  2.91  3.36  1.43
150   50     0.82  1.30  1.85  2.50  3.24  3.38  3.01  2.57  1.89  1.15  0.71  0.61     1.92  0.91  2.53  2.98  1.25
150   60     0.83  1.29  1.72  2.16  2.82  2.95  2.65  2.26  1.68  1.05  0.67  0.59     1.72  0.90  2.23  2.62  1.13
150   70     0.84  1.31  1.64  1.92  2.49  2.60  2.34  2.02  1.52  0.98  0.64  0.56     1.57  0.90  2.02  2.32  1.04
150   80     0.84  1.33  1.59  1.74  2.23  2.30  2.09  1.82  1.39  0.92  0.60  0.54     1.45  0.90  1.85  2.07  0.97
150   90     0.85  1.36  1.56  1.59  2.01  2.06  1.87  1.64  1.27  0.86  0.56  0.51     1.35  0.91  1.72  1.86  0.90
165   10     1.35  2.15  3.16  4.13  4.68  4.60  4.09  3.73  3.21  2.35  1.39  1.08     2.99  1.53  3.99  4.14  2.31
165   20     1.01  1.76  2.73  3.75  4.42  4.41  3.91  3.50  2.85  1.91  1.05  0.78     2.67  1.19  3.64  3.94  1.94
165   30     0.81  1.40  2.28  3.29  4.08  4.13  3.66  3.20  2.45  1.46  0.78  0.64     2.35  0.95  3.22  3.66  1.56
165   40     0.82  1.20  1.85  2.77  3.65  3.78  3.35  2.84  2.02  1.10  0.72  0.63     2.06  0.88  2.76  3.32  1.28
165   50     0.82  1.22  1.57  2.22  3.16  3.36  2.98  2.44  1.64  0.97  0.70  0.61     1.81  0.89  2.32  2.93  1.10
165   60     0.83  1.25  1.50  1.83  2.62  2.89  2.57  2.05  1.44  0.93  0.67  0.59     1.60  0.89  1.98  2.50  1.01
165   70     0.84  1.28  1.47  1.63  2.20  2.41  2.18  1.81  1.33  0.89  0.64  0.56     1.44  0.89  1.77  2.13  0.95
165   80     0.84  1.31  1.46  1.50  1.97  2.12  1.94  1.64  1.23  0.84  0.60  0.54     1.33  0.90  1.65  1.90  0.89
165   90     0.85  1.35  1.45  1.39  1.79  1.90  1.75  1.50  1.15  0.80  0.56  0.51     1.25  0.90  1.54  1.72  0.84
180   10     1.34  2.14  3.14  4.13  4.68  4.60  4.09  3.73  3.20  2.33  1.38  1.07     2.98  1.51  3.98  4.14  2.30
180   20     0.99  1.73  2.70  3.73  4.42  4.40  3.91  3.48  2.83  1.87  1.02  0.76     2.65  1.16  3.62  3.93  1.91
180   30     0.81  1.33  2.21  3.27  4.07  4.13  3.66  3.18  2.42  1.39  0.75  0.64     2.32  0.93  3.18  3.65  1.52
180   40     0.82  1.20  1.71  2.74  3.64  3.77  3.34  2.82  1.96  0.99  0.72  0.63     2.03  0.88  2.70  3.31  1.22
180   50     0.82  1.22  1.43  2.17  3.15  3.35  2.97  2.42  1.48  0.96  0.70  0.61     1.77  0.89  2.25  2.91  1.04
180   60     0.83  1.25  1.43  1.63  2.60  2.88  2.56  1.98  1.31  0.92  0.67  0.59     1.55  0.89  1.89  2.47  0.97
180   70     0.84  1.28  1.43  1.49  2.09  2.37  2.12  1.70  1.24  0.88  0.64  0.56     1.39  0.89  1.67  2.07  0.92
180   80     0.84  1.31  1.42  1.39  1.87  2.04  1.88  1.56  1.17  0.84  0.60  0.54     1.29  0.90  1.56  1.83  0.87
180   90     0.85  1.35  1.42  1.32  1.72  1.84  1.70  1.44  1.10  0.80  0.56  0.51     1.22  0.90  1.49  1.66  0.82
             67.4  61.3  44.4  25.1  12.8   6.0   8.5  17.2  32.2  49.1  59.3  64.3     35.2  64.2  26.6  10.6  46.1
             3.07  3.82  4.39  4.76  4.91  4.72  4.22  4.01  3.93  3.78  2.86  2.56     3.92  3.15  4.60  4.31  3.47
             2.73  3.57  4.35  4.71  4.65  4.36  3.95  3.88  3.93  3.69  2.66  2.30     3.73  2.86  4.57  4.06  3.43
             1.12  1.07  1.01  1.01  1.06  1.08  1.07  1.03  1.00  1.02  1.08  1.11     1.06  1.10  1.03  1.06  1.03
             1.59  1.40  1.23  1.06  0.96  0.93  0.94  0.99  1.12  1.34  1.53  1.64     1.23  1.54  1.08  0.95  1.33
temperature  -2.4  -2.1   1.0   6.1  10.5  13.9  17.9  20.5  17.6  11.9   5.5   0.0      8.4  -1.5   5.9  17.4  11.7
diffusedrad  1.00  1.46  1.86  2.15  2.51  2.76  2.65  2.33  1.85  1.35  0.95  0.80     1.80  1.09  2.17  2.58  1.38
snow10cm     0.64  0.80  0.39  0.01  0.00  0.00  0.00  0.00  0.00  0.00  0.01  0.11     0.16  0.52  0.13  0.00  0.00
