2 23226   北斗            41 53.2  140 39.2   25
             1.56  2.45  3.39  4.33  4.79  4.81  4.20  3.98  3.48  2.70  1.60  1.25     3.21  1.75  4.17  4.33  2.59
             2.00  2.89  3.94  4.79  5.61  5.96  5.20  4.69  4.28  3.16  1.78  1.47     3.38  1.97  4.44  4.97  2.91
             1.31  2.13  2.95  3.83  3.85  3.77  3.30  2.99  2.68  2.20  1.29  1.01     3.08  1.51  3.81  3.77  2.19
  0   10     1.80  2.75  3.68  4.52  4.85  4.82  4.22  4.08  3.70  3.05  1.83  1.47     3.40  2.01  4.35  4.37  2.86
  0   20     2.03  3.03  3.90  4.62  4.82  4.74  4.17  4.10  3.85  3.32  2.04  1.66     3.52  2.24  4.45  4.34  3.07
  0   30     2.23  3.26  4.06  4.62  4.70  4.58  4.04  4.03  3.91  3.52  2.21  1.82     3.58  2.44  4.46  4.22  3.21
  0   40     2.38  3.43  4.14  4.52  4.47  4.32  3.84  3.89  3.88  3.64  2.33  1.95     3.57  2.59  4.38  4.02  3.29
  0   50     2.49  3.54  4.15  4.33  4.18  4.00  3.58  3.68  3.78  3.67  2.40  2.03     3.48  2.69  4.22  3.75  3.28
  0   60     2.56  3.59  4.08  4.04  3.80  3.61  3.25  3.40  3.59  3.62  2.41  2.06     3.33  2.74  3.98  3.42  3.21
  0   70     2.57  3.57  3.93  3.68  3.35  3.16  2.88  3.05  3.32  3.48  2.37  2.06     3.12  2.73  3.65  3.03  3.06
  0   80     2.53  3.48  3.71  3.24  2.86  2.68  2.48  2.66  2.99  3.26  2.27  2.00     2.85  2.67  3.27  2.61  2.84
  0   90     2.44  3.33  3.43  2.74  2.34  2.19  2.06  2.23  2.60  2.96  2.12  1.91     2.53  2.56  2.84  2.16  2.56
 15   10     1.79  2.75  3.67  4.51  4.85  4.82  4.22  4.07  3.69  3.04  1.82  1.46     3.39  2.00  4.34  4.37  2.85
 15   20     2.01  3.01  3.89  4.61  4.82  4.74  4.16  4.09  3.83  3.30  2.03  1.65     3.51  2.22  4.44  4.33  3.05
 15   30     2.20  3.23  4.04  4.61  4.69  4.58  4.04  4.03  3.89  3.49  2.19  1.80     3.57  2.41  4.45  4.21  3.19
 15   40     2.34  3.39  4.11  4.51  4.48  4.33  3.84  3.89  3.87  3.60  2.30  1.92     3.55  2.55  4.37  4.02  3.26
 15   50     2.45  3.50  4.12  4.32  4.18  4.01  3.58  3.67  3.76  3.63  2.36  1.99     3.46  2.65  4.20  3.75  3.25
 15   60     2.50  3.54  4.04  4.04  3.81  3.63  3.27  3.40  3.56  3.56  2.37  2.02     3.31  2.69  3.97  3.43  3.17
 15   70     2.51  3.51  3.90  3.68  3.38  3.19  2.90  3.06  3.31  3.42  2.32  2.02     3.10  2.68  3.65  3.05  3.02
 15   80     2.47  3.42  3.68  3.25  2.90  2.72  2.51  2.68  2.98  3.19  2.22  1.96     2.83  2.62  3.28  2.64  2.80
 15   90     2.38  3.27  3.40  2.78  2.40  2.25  2.10  2.27  2.60  2.90  2.07  1.87     2.52  2.51  2.86  2.20  2.52
 30   10     1.76  2.71  3.64  4.49  4.84  4.82  4.21  4.06  3.67  3.00  1.79  1.44     3.37  1.97  4.32  4.36  2.82
 30   20     1.96  2.95  3.83  4.57  4.81  4.74  4.16  4.08  3.79  3.23  1.98  1.60     3.47  2.17  4.41  4.32  3.00
 30   30     2.12  3.14  3.96  4.56  4.69  4.58  4.03  4.01  3.83  3.39  2.11  1.73     3.51  2.33  4.41  4.21  3.11
 30   40     2.24  3.27  4.03  4.46  4.49  4.34  3.84  3.87  3.80  3.48  2.21  1.83     3.49  2.45  4.32  4.02  3.16
 30   50     2.32  3.35  4.01  4.27  4.21  4.04  3.59  3.67  3.69  3.48  2.25  1.89     3.40  2.52  4.16  3.76  3.14
 30   60     2.37  3.37  3.93  3.99  3.85  3.67  3.29  3.40  3.50  3.41  2.24  1.91     3.24  2.55  3.92  3.45  3.05
 30   70     2.36  3.34  3.78  3.66  3.45  3.26  2.94  3.08  3.24  3.25  2.18  1.89     3.04  2.53  3.63  3.09  2.89
 30   80     2.31  3.24  3.57  3.25  3.00  2.83  2.57  2.72  2.93  3.02  2.07  1.83     2.78  2.46  3.28  2.71  2.68
 30   90     2.23  3.09  3.30  2.82  2.54  2.38  2.19  2.33  2.56  2.73  1.92  1.73     2.49  2.35  2.89  2.30  2.41
 45   10     1.72  2.66  3.59  4.46  4.83  4.81  4.20  4.04  3.63  2.94  1.75  1.40     3.34  1.93  4.29  4.35  2.77
 45   20     1.87  2.85  3.75  4.50  4.79  4.73  4.14  4.04  3.72  3.13  1.89  1.53     3.41  2.08  4.35  4.30  2.91
 45   30     2.00  2.99  3.84  4.48  4.67  4.57  4.01  3.97  3.74  3.24  1.99  1.63     3.43  2.20  4.33  4.18  2.99
 45   40     2.09  3.09  3.87  4.36  4.48  4.35  3.83  3.83  3.69  3.29  2.05  1.70     3.38  2.29  4.24  4.00  3.01
 45   50     2.14  3.14  3.85  4.18  4.21  4.06  3.59  3.63  3.57  3.27  2.07  1.73     3.29  2.34  4.08  3.76  2.97
 45   60     2.16  3.14  3.75  3.92  3.89  3.72  3.29  3.37  3.38  3.18  2.04  1.73     3.13  2.35  3.85  3.46  2.87
 45   70     2.14  3.09  3.61  3.59  3.51  3.34  2.98  3.08  3.13  3.02  1.97  1.70     2.93  2.31  3.57  3.13  2.71
 45   80     2.08  3.00  3.42  3.23  3.10  2.94  2.63  2.73  2.84  2.79  1.86  1.63     2.69  2.24  3.25  2.77  2.50
 45   90     2.00  2.86  3.17  2.82  2.68  2.53  2.27  2.39  2.51  2.53  1.70  1.53     2.42  2.13  2.89  2.40  2.25
 60   10     1.67  2.59  3.53  4.41  4.80  4.80  4.19  4.02  3.58  2.86  1.70  1.35     3.29  1.87  4.25  4.33  2.71
 60   20     1.77  2.72  3.63  4.42  4.75  4.71  4.12  3.99  3.63  2.99  1.78  1.44     3.33  1.97  4.27  4.27  2.80
 60   30     1.84  2.81  3.68  4.36  4.63  4.55  3.99  3.91  3.61  3.04  1.84  1.50     3.31  2.05  4.22  4.15  2.83
 60   40     1.89  2.86  3.68  4.23  4.43  4.33  3.80  3.76  3.54  3.06  1.87  1.53     3.25  2.10  4.12  3.96  2.82
 60   50     1.92  2.88  3.63  4.03  4.19  4.06  3.56  3.56  3.40  3.00  1.85  1.54     3.14  2.12  3.95  3.73  2.75
 60   60     1.92  2.87  3.54  3.79  3.88  3.74  3.29  3.32  3.22  2.89  1.80  1.52     2.98  2.10  3.73  3.45  2.64
 60   70     1.89  2.80  3.39  3.48  3.53  3.38  2.98  3.03  2.98  2.74  1.72  1.48     2.78  2.06  3.46  3.13  2.48
 60   80     1.82  2.72  3.21  3.15  3.16  3.02  2.66  2.73  2.71  2.52  1.61  1.41     2.56  1.98  3.17  2.80  2.28
 60   90     1.75  2.60  3.00  2.77  2.77  2.63  2.33  2.40  2.41  2.28  1.46  1.31     2.31  1.88  2.85  2.46  2.05
 75   10     1.60  2.51  3.46  4.35  4.78  4.78  4.17  3.99  3.52  2.78  1.63  1.30     3.24  1.80  4.20  4.31  2.64
 75   20     1.65  2.57  3.49  4.31  4.70  4.68  4.09  3.93  3.52  2.82  1.67  1.33     3.23  1.85  4.17  4.24  2.67
 75   30     1.68  2.60  3.49  4.20  4.57  4.52  3.95  3.83  3.46  2.82  1.67  1.35     3.18  1.88  4.09  4.10  2.65
 75   40     1.69  2.61  3.45  4.06  4.37  4.30  3.75  3.67  3.35  2.78  1.66  1.36     3.09  1.89  3.96  3.91  2.60
 75   50     1.68  2.59  3.38  3.86  4.11  4.03  3.52  3.47  3.21  2.70  1.62  1.34     2.96  1.87  3.78  3.67  2.51
 75   60     1.67  2.56  3.27  3.60  3.83  3.73  3.25  3.23  3.01  2.57  1.55  1.30     2.80  1.84  3.57  3.40  2.38
 75   70     1.63  2.50  3.14  3.33  3.50  3.39  2.96  2.96  2.79  2.42  1.47  1.25     2.61  1.79  3.32  3.11  2.23
 75   80     1.57  2.42  2.97  3.00  3.14  3.03  2.65  2.67  2.54  2.23  1.36  1.18     2.40  1.72  3.04  2.79  2.04
 75   90     1.51  2.33  2.80  2.69  2.79  2.68  2.34  2.37  2.27  2.01  1.23  1.09     2.18  1.64  2.76  2.46  1.84
 90   10     1.54  2.42  3.38  4.29  4.75  4.76  4.15  3.95  3.46  2.69  1.56  1.24     3.18  1.73  4.14  4.29  2.57
 90   20     1.52  2.40  3.34  4.19  4.64  4.65  4.05  3.87  3.39  2.64  1.54  1.22     3.12  1.72  4.05  4.19  2.52
 90   30     1.50  2.38  3.27  4.04  4.48  4.47  3.89  3.73  3.28  2.57  1.50  1.20     3.03  1.69  3.93  4.03  2.45
 90   40     1.48  2.34  3.19  3.84  4.26  4.24  3.69  3.55  3.14  2.49  1.44  1.17     2.90  1.66  3.77  3.83  2.36
 90   50     1.45  2.30  3.09  3.63  4.00  3.96  3.45  3.34  2.97  2.37  1.38  1.14     2.76  1.63  3.58  3.59  2.24
 90   60     1.42  2.25  2.98  3.38  3.71  3.65  3.19  3.10  2.78  2.24  1.30  1.08     2.59  1.58  3.36  3.31  2.11
 90   70     1.38  2.20  2.86  3.10  3.40  3.34  2.90  2.84  2.56  2.08  1.22  1.04     2.41  1.54  3.12  3.03  1.95
 90   80     1.33  2.13  2.71  2.82  3.08  3.01  2.61  2.57  2.34  1.92  1.12  0.97     2.22  1.48  2.87  2.73  1.79
 90   90     1.29  2.07  2.57  2.52  2.74  2.66  2.32  2.29  2.09  1.73  1.01  0.90     2.02  1.42  2.61  2.42  1.61
105   10     1.47  2.34  3.30  4.22  4.72  4.75  4.14  3.92  3.39  2.59  1.49  1.18     3.13  1.67  4.08  4.27  2.49
105   20     1.40  2.24  3.18  4.06  4.57  4.61  4.01  3.79  3.25  2.46  1.41  1.12     3.01  1.59  3.94  4.14  2.37
105   30     1.33  2.15  3.05  3.85  4.37  4.40  3.83  3.61  3.09  2.32  1.32  1.06     2.87  1.51  3.76  3.95  2.24
105   40     1.28  2.08  2.92  3.62  4.12  4.15  3.61  3.41  2.91  2.18  1.24  1.00     2.71  1.45  3.55  3.72  2.11
105   50     1.24  2.01  2.80  3.36  3.85  3.86  3.36  3.18  2.71  2.04  1.16  0.95     2.54  1.40  3.33  3.46  1.97
105   60     1.20  1.96  2.68  3.11  3.55  3.55  3.09  2.94  2.51  1.90  1.08  0.90     2.37  1.35  3.11  3.19  1.83
105   70     1.18  1.91  2.55  2.85  3.24  3.23  2.81  2.68  2.31  1.75  0.99  0.85     2.20  1.31  2.88  2.90  1.68
105   80     1.14  1.87  2.44  2.57  2.94  2.91  2.52  2.42  2.09  1.60  0.92  0.81     2.02  1.27  2.65  2.62  1.54
105   90     1.11  1.83  2.32  2.32  2.63  2.59  2.25  2.17  1.89  1.45  0.83  0.75     1.85  1.23  2.42  2.34  1.39
120   10     1.41  2.26  3.22  4.16  4.68  4.73  4.12  3.88  3.32  2.50  1.43  1.13     3.07  1.60  4.02  4.24  2.42
120   20     1.28  2.09  3.02  3.93  4.50  4.57  3.98  3.71  3.12  2.28  1.28  1.01     2.90  1.46  3.82  4.09  2.23
120   30     1.18  1.94  2.82  3.65  4.25  4.33  3.77  3.50  2.90  2.07  1.16  0.92     2.71  1.35  3.58  3.87  2.04
120   40     1.11  1.82  2.65  3.37  3.96  4.04  3.52  3.25  2.66  1.88  1.05  0.85     2.51  1.26  3.32  3.60  1.86
120   50     1.06  1.74  2.49  3.08  3.65  3.72  3.24  2.99  2.44  1.71  0.96  0.80     2.33  1.20  3.07  3.32  1.71
120   60     1.03  1.70  2.36  2.80  3.34  3.40  2.96  2.73  2.23  1.56  0.89  0.76     2.15  1.16  2.83  3.03  1.56
120   70     1.02  1.66  2.26  2.54  3.03  3.07  2.68  2.49  2.03  1.44  0.81  0.72     1.98  1.13  2.61  2.75  1.43
120   80     1.00  1.64  2.17  2.31  2.73  2.76  2.40  2.25  1.84  1.31  0.75  0.68     1.82  1.11  2.40  2.47  1.30
120   90     0.99  1.63  2.09  2.08  2.44  2.46  2.13  2.01  1.67  1.20  0.69  0.65     1.67  1.09  2.20  2.20  1.19
135   10     1.35  2.19  3.15  4.11  4.66  4.72  4.10  3.85  3.27  2.42  1.37  1.08     3.02  1.54  3.97  4.22  2.35
135   20     1.17  1.95  2.88  3.81  4.44  4.54  3.94  3.65  3.00  2.12  1.18  0.92     2.80  1.35  3.71  4.04  2.10
135   30     1.04  1.74  2.61  3.47  4.15  4.27  3.71  3.39  2.71  1.83  1.01  0.81     2.56  1.20  3.41  3.79  1.85
135   40     0.97  1.59  2.38  3.11  3.79  3.94  3.43  3.10  2.42  1.59  0.89  0.74     2.33  1.10  3.09  3.49  1.63
135   50     0.94  1.51  2.20  2.77  3.43  3.57  3.11  2.80  2.16  1.41  0.81  0.70     2.12  1.05  2.80  3.16  1.46
135   60     0.93  1.48  2.07  2.48  3.08  3.20  2.81  2.52  1.94  1.28  0.75  0.67     1.93  1.03  2.54  2.84  1.32
135   70     0.92  1.47  1.99  2.23  2.77  2.87  2.52  2.27  1.76  1.17  0.70  0.64     1.78  1.01  2.33  2.55  1.21
135   80     0.92  1.48  1.92  2.02  2.49  2.57  2.25  2.04  1.60  1.07  0.65  0.62     1.64  1.01  2.14  2.29  1.11
135   90     0.93  1.49  1.88  1.82  2.23  2.29  2.01  1.84  1.45  1.00  0.60  0.59     1.51  1.00  1.98  2.04  1.01
150   10     1.31  2.13  3.09  4.07  4.64  4.71  4.09  3.82  3.22  2.35  1.33  1.04     2.98  1.50  3.93  4.21  2.30
150   20     1.09  1.83  2.76  3.73  4.40  4.51  3.92  3.60  2.90  1.98  1.08  0.85     2.72  1.26  3.63  4.01  1.99
150   30     0.93  1.57  2.42  3.32  4.07  4.23  3.67  3.30  2.55  1.62  0.88  0.72     2.44  1.07  3.27  3.74  1.69
150   40     0.88  1.40  2.13  2.89  3.66  3.87  3.37  2.96  2.19  1.33  0.77  0.68     2.18  0.99  2.89  3.40  1.43
150   50     0.88  1.34  1.92  2.47  3.21  3.44  3.00  2.60  1.89  1.15  0.72  0.67     1.94  0.96  2.54  3.02  1.25
150   60     0.89  1.34  1.81  2.15  2.80  3.00  2.64  2.29  1.67  1.05  0.69  0.65     1.75  0.96  2.25  2.64  1.14
150   70     0.90  1.36  1.76  1.92  2.47  2.63  2.34  2.04  1.51  0.98  0.65  0.63     1.60  0.96  2.05  2.34  1.04
150   80     0.91  1.39  1.74  1.74  2.21  2.33  2.08  1.84  1.39  0.92  0.61  0.60     1.48  0.97  1.89  2.08  0.97
150   90     0.92  1.42  1.72  1.59  1.99  2.08  1.86  1.66  1.27  0.86  0.57  0.58     1.38  0.97  1.77  1.87  0.90
165   10     1.28  2.10  3.06  4.04  4.63  4.70  4.09  3.81  3.19  2.31  1.30  1.02     2.96  1.47  3.91  4.20  2.27
165   20     1.03  1.75  2.69  3.67  4.38  4.50  3.91  3.56  2.84  1.89  1.02  0.80     2.67  1.19  3.58  3.99  1.92
165   30     0.87  1.43  2.29  3.24  4.04  4.22  3.66  3.25  2.44  1.46  0.79  0.69     2.37  1.00  3.19  3.71  1.56
165   40     0.88  1.26  1.91  2.74  3.62  3.85  3.35  2.89  2.02  1.11  0.74  0.68     2.09  0.94  2.76  3.36  1.29
165   50     0.88  1.28  1.69  2.21  3.13  3.42  2.98  2.47  1.64  0.98  0.71  0.67     1.84  0.94  2.34  2.96  1.11
165   60     0.89  1.31  1.63  1.84  2.60  2.93  2.57  2.06  1.44  0.94  0.68  0.65     1.63  0.95  2.02  2.52  1.02
165   70     0.90  1.34  1.62  1.64  2.19  2.43  2.17  1.82  1.32  0.89  0.65  0.63     1.47  0.95  1.82  2.14  0.95
165   80     0.91  1.37  1.63  1.52  1.96  2.14  1.93  1.65  1.23  0.85  0.61  0.60     1.37  0.96  1.70  1.91  0.90
165   90     0.92  1.41  1.63  1.41  1.78  1.92  1.74  1.51  1.15  0.80  0.57  0.58     1.28  0.97  1.61  1.73  0.84
180   10     1.27  2.09  3.04  4.04  4.63  4.70  4.09  3.80  3.18  2.30  1.29  1.01     2.95  1.46  3.90  4.20  2.26
180   20     1.01  1.72  2.66  3.66  4.37  4.50  3.91  3.55  2.82  1.85  1.00  0.78     2.65  1.17  3.56  3.99  1.89
180   30     0.87  1.37  2.24  3.22  4.03  4.22  3.66  3.23  2.41  1.39  0.76  0.69     2.34  0.98  3.16  3.70  1.52
180   40     0.88  1.26  1.80  2.71  3.61  3.85  3.34  2.86  1.96  1.00  0.74  0.68     2.06  0.94  2.71  3.35  1.23
180   50     0.88  1.28  1.57  2.17  3.12  3.41  2.97  2.44  1.48  0.97  0.71  0.67     1.81  0.94  2.29  2.94  1.05
180   60     0.89  1.31  1.58  1.65  2.59  2.92  2.56  1.99  1.31  0.93  0.68  0.65     1.59  0.95  1.94  2.49  0.97
180   70     0.90  1.34  1.59  1.51  2.08  2.40  2.12  1.71  1.24  0.89  0.65  0.63     1.42  0.95  1.73  2.07  0.93
180   80     0.91  1.37  1.60  1.42  1.86  2.06  1.88  1.56  1.17  0.85  0.61  0.60     1.32  0.96  1.63  1.83  0.88
180   90     0.92  1.41  1.61  1.34  1.71  1.86  1.70  1.44  1.10  0.80  0.57  0.58     1.25  0.97  1.55  1.67  0.82
             67.6  61.9  45.7  24.9  12.7   5.9   8.5  17.4  32.1  48.7  57.0  63.4     33.0  64.1  26.1  10.5  44.6
             2.57  3.59  4.16  4.64  4.85  4.83  4.22  4.10  3.91  3.68  2.41  2.07     3.75  2.74  4.47  4.37  3.29
             2.28  3.32  4.10  4.60  4.64  4.51  3.99  4.00  3.91  3.57  2.25  1.86     3.59  2.49  4.45  4.17  3.24
             1.13  1.08  1.01  1.01  1.05  1.07  1.06  1.02  1.00  1.03  1.07  1.11     1.05  1.11  1.02  1.05  1.03
             1.46  1.36  1.21  1.06  0.97  0.94  0.95  1.01  1.12  1.32  1.41  1.49     1.19  1.43  1.08  0.96  1.28
temperature  -3.7  -3.1   0.5   6.5  11.4  15.3  19.1  21.2  17.5  11.1   4.7  -1.1      8.3  -2.6   6.1  18.5  11.1
diffusedrad  1.02  1.48  1.92  2.17  2.51  2.74  2.65  2.32  1.85  1.35  0.95  0.81     1.81  1.10  2.20  2.57  1.38
snow10cm     0.83  0.91  0.59  0.02  0.00  0.00  0.00  0.00  0.00  0.00  0.03  0.33     0.23  0.69  0.20  0.00  0.01
