2 24141   熊石            42  7.7  139 59.1   12
             1.16  1.99  3.15  4.17  4.54  4.89  4.41  4.20  3.65  2.61  1.38  0.96     3.09  1.37  3.95  4.50  2.54
             1.37  2.54  3.73  4.65  5.26  5.84  6.06  4.96  4.37  3.01  1.65  1.16     3.34  1.60  4.43  5.37  2.84
             1.00  1.68  2.72  3.57  3.92  3.95  3.23  3.17  2.84  2.16  0.98  0.80     2.87  1.20  3.66  3.86  2.20
  0   10     1.25  2.15  3.40  4.34  4.60  4.90  4.43  4.30  3.90  2.93  1.53  1.06     3.23  1.49  4.11  4.54  2.79
  0   20     1.33  2.30  3.59  4.43  4.58  4.82  4.38  4.33  4.07  3.19  1.68  1.14     3.32  1.59  4.20  4.51  2.98
  0   30     1.40  2.42  3.71  4.42  4.46  4.66  4.24  4.27  4.15  3.38  1.79  1.21     3.34  1.67  4.20  4.39  3.11
  0   40     1.45  2.50  3.76  4.33  4.26  4.40  4.03  4.13  4.13  3.48  1.87  1.25     3.30  1.73  4.12  4.19  3.16
  0   50     1.48  2.55  3.75  4.14  3.98  4.07  3.75  3.90  4.02  3.51  1.90  1.27     3.19  1.77  3.96  3.90  3.14
  0   60     1.48  2.56  3.67  3.87  3.63  3.67  3.41  3.59  3.82  3.46  1.90  1.27     3.03  1.77  3.72  3.56  3.06
  0   70     1.47  2.53  3.51  3.52  3.21  3.21  3.01  3.23  3.54  3.32  1.85  1.25     2.81  1.75  3.42  3.15  2.90
  0   80     1.44  2.47  3.30  3.11  2.75  2.72  2.58  2.80  3.19  3.11  1.76  1.20     2.54  1.70  3.05  2.70  2.68
  0   90     1.39  2.37  3.03  2.63  2.27  2.22  2.13  2.35  2.77  2.82  1.64  1.14     2.23  1.63  2.65  2.23  2.41
 15   10     1.24  2.14  3.39  4.33  4.60  4.90  4.43  4.30  3.89  2.92  1.53  1.05     3.23  1.48  4.11  4.54  2.78
 15   20     1.32  2.29  3.57  4.42  4.57  4.82  4.37  4.33  4.05  3.17  1.67  1.14     3.31  1.58  4.19  4.51  2.96
 15   30     1.39  2.40  3.69  4.41  4.46  4.66  4.24  4.27  4.13  3.34  1.77  1.20     3.33  1.66  4.19  4.39  3.08
 15   40     1.44  2.48  3.73  4.32  4.26  4.41  4.03  4.12  4.11  3.44  1.84  1.24     3.29  1.72  4.10  4.19  3.13
 15   50     1.46  2.52  3.72  4.13  3.98  4.08  3.76  3.89  4.00  3.46  1.87  1.26     3.18  1.75  3.94  3.91  3.11
 15   60     1.47  2.53  3.63  3.86  3.64  3.69  3.42  3.60  3.80  3.40  1.86  1.25     3.01  1.75  3.71  3.57  3.02
 15   70     1.46  2.50  3.48  3.52  3.23  3.24  3.03  3.24  3.53  3.26  1.81  1.23     2.79  1.73  3.41  3.17  2.87
 15   80     1.43  2.43  3.27  3.11  2.79  2.77  2.61  2.83  3.18  3.04  1.73  1.18     2.53  1.68  3.06  2.74  2.65
 15   90     1.37  2.33  3.00  2.66  2.32  2.28  2.18  2.38  2.77  2.76  1.60  1.11     2.23  1.61  2.66  2.28  2.38
 30   10     1.23  2.13  3.36  4.31  4.59  4.90  4.42  4.29  3.87  2.88  1.51  1.04     3.21  1.47  4.09  4.54  2.75
 30   20     1.30  2.25  3.52  4.38  4.57  4.82  4.37  4.31  4.01  3.10  1.63  1.11     3.28  1.56  4.16  4.50  2.91
 30   30     1.36  2.35  3.62  4.36  4.45  4.66  4.24  4.24  4.06  3.25  1.72  1.17     3.29  1.63  4.14  4.38  3.01
 30   40     1.40  2.41  3.65  4.26  4.26  4.42  4.04  4.11  4.04  3.33  1.77  1.20     3.24  1.67  4.06  4.19  3.05
 30   50     1.42  2.44  3.62  4.08  4.00  4.11  3.77  3.89  3.92  3.33  1.79  1.21     3.13  1.69  3.90  3.92  3.01
 30   60     1.43  2.44  3.52  3.82  3.67  3.74  3.45  3.61  3.72  3.25  1.77  1.20     2.97  1.69  3.67  3.60  2.92
 30   70     1.41  2.40  3.37  3.49  3.29  3.32  3.08  3.27  3.46  3.10  1.71  1.17     2.76  1.66  3.39  3.22  2.76
 30   80     1.37  2.33  3.16  3.11  2.87  2.88  2.69  2.88  3.13  2.88  1.62  1.12     2.50  1.61  3.05  2.81  2.54
 30   90     1.32  2.22  2.90  2.69  2.44  2.42  2.28  2.47  2.74  2.61  1.49  1.05     2.22  1.53  2.68  2.39  2.28
 45   10     1.22  2.10  3.32  4.27  4.58  4.89  4.41  4.27  3.83  2.83  1.48  1.03     3.19  1.45  4.06  4.52  2.71
 45   20     1.27  2.19  3.45  4.32  4.54  4.81  4.35  4.27  3.93  3.00  1.57  1.08     3.23  1.52  4.10  4.48  2.83
 45   30     1.32  2.26  3.51  4.29  4.43  4.65  4.22  4.21  3.96  3.11  1.64  1.12     3.23  1.56  4.07  4.36  2.90
 45   40     1.34  2.30  3.52  4.17  4.25  4.42  4.02  4.06  3.91  3.15  1.67  1.14     3.16  1.59  3.98  4.17  2.91
 45   50     1.35  2.32  3.47  3.99  3.99  4.13  3.77  3.86  3.79  3.12  1.66  1.14     3.05  1.60  3.82  3.92  2.86
 45   60     1.34  2.30  3.37  3.74  3.69  3.78  3.46  3.58  3.60  3.03  1.63  1.12     2.89  1.59  3.60  3.61  2.75
 45   70     1.32  2.25  3.21  3.43  3.34  3.40  3.13  3.27  3.34  2.88  1.56  1.08     2.68  1.55  3.33  3.27  2.59
 45   80     1.28  2.18  3.02  3.07  2.94  2.99  2.76  2.91  3.03  2.66  1.46  1.02     2.44  1.49  3.01  2.88  2.38
 45   90     1.23  2.08  2.77  2.69  2.55  2.57  2.38  2.54  2.67  2.41  1.34  0.95     2.18  1.42  2.67  2.49  2.14
 60   10     1.20  2.06  3.27  4.23  4.56  4.88  4.40  4.24  3.77  2.76  1.44  1.00     3.15  1.42  4.02  4.50  2.66
 60   20     1.23  2.12  3.34  4.23  4.51  4.79  4.33  4.22  3.83  2.87  1.50  1.04     3.17  1.46  4.03  4.45  2.73
 60   30     1.25  2.16  3.37  4.17  4.39  4.63  4.19  4.14  3.82  2.92  1.53  1.05     3.13  1.49  3.98  4.32  2.75
 60   40     1.26  2.17  3.35  4.05  4.20  4.41  4.00  3.99  3.75  2.93  1.53  1.05     3.06  1.50  3.87  4.13  2.74
 60   50     1.26  2.16  3.28  3.85  3.96  4.13  3.75  3.78  3.61  2.87  1.51  1.04     2.93  1.49  3.70  3.89  2.66
 60   60     1.24  2.13  3.17  3.61  3.67  3.81  3.46  3.53  3.42  2.76  1.46  1.01     2.77  1.46  3.49  3.60  2.55
 60   70     1.21  2.07  3.02  3.31  3.34  3.44  3.14  3.22  3.17  2.61  1.38  0.97     2.57  1.42  3.22  3.27  2.39
 60   80     1.17  2.00  2.84  3.00  2.99  3.07  2.80  2.90  2.89  2.40  1.28  0.91     2.35  1.36  2.94  2.92  2.19
 60   90     1.12  1.92  2.62  2.64  2.62  2.68  2.45  2.56  2.57  2.17  1.16  0.84     2.11  1.29  2.63  2.56  1.97
 75   10     1.17  2.01  3.21  4.17  4.54  4.86  4.38  4.21  3.70  2.68  1.39  0.98     3.11  1.39  3.97  4.48  2.59
 75   20     1.18  2.03  3.22  4.13  4.46  4.76  4.29  4.16  3.70  2.71  1.41  0.99     3.09  1.40  3.94  4.40  2.61
 75   30     1.18  2.03  3.20  4.03  4.33  4.59  4.15  4.04  3.65  2.71  1.41  0.98     3.02  1.40  3.85  4.26  2.59
 75   40     1.17  2.02  3.15  3.88  4.13  4.37  3.95  3.89  3.54  2.66  1.38  0.96     2.93  1.39  3.72  4.07  2.53
 75   50     1.16  1.99  3.06  3.69  3.89  4.09  3.70  3.68  3.39  2.59  1.34  0.94     2.79  1.36  3.54  3.83  2.44
 75   60     1.13  1.95  2.94  3.44  3.61  3.79  3.42  3.42  3.19  2.46  1.27  0.90     2.63  1.33  3.33  3.54  2.31
 75   70     1.10  1.90  2.80  3.17  3.31  3.45  3.12  3.15  2.97  2.31  1.20  0.85     2.44  1.28  3.09  3.24  2.16
 75   80     1.05  1.83  2.63  2.86  2.97  3.09  2.80  2.84  2.69  2.13  1.10  0.80     2.23  1.23  2.82  2.91  1.97
 75   90     1.01  1.76  2.45  2.55  2.63  2.73  2.47  2.52  2.42  1.92  0.99  0.73     2.02  1.17  2.54  2.57  1.78
 90   10     1.15  1.96  3.14  4.12  4.51  4.84  4.36  4.17  3.63  2.59  1.35  0.95     3.06  1.35  3.92  4.46  2.52
 90   20     1.13  1.94  3.09  4.02  4.40  4.72  4.25  4.08  3.56  2.54  1.32  0.93     3.00  1.33  3.84  4.35  2.47
 90   30     1.11  1.91  3.01  3.87  4.24  4.54  4.09  3.93  3.45  2.48  1.28  0.91     2.90  1.31  3.71  4.19  2.40
 90   40     1.09  1.87  2.92  3.68  4.04  4.30  3.88  3.75  3.30  2.39  1.23  0.88     2.78  1.28  3.55  3.98  2.31
 90   50     1.06  1.82  2.81  3.47  3.79  4.03  3.63  3.53  3.13  2.27  1.17  0.84     2.63  1.24  3.36  3.73  2.19
 90   60     1.03  1.77  2.69  3.23  3.51  3.72  3.35  3.29  2.93  2.15  1.10  0.79     2.46  1.20  3.14  3.45  2.06
 90   70     0.99  1.72  2.55  2.96  3.21  3.39  3.05  3.01  2.70  1.99  1.02  0.75     2.28  1.15  2.91  3.15  1.90
 90   80     0.95  1.66  2.40  2.69  2.90  3.06  2.75  2.73  2.47  1.83  0.94  0.69     2.09  1.10  2.66  2.85  1.75
 90   90     0.92  1.61  2.25  2.40  2.58  2.71  2.44  2.44  2.21  1.65  0.84  0.64     1.89  1.06  2.41  2.53  1.57
105   10     1.12  1.92  3.07  4.06  4.48  4.82  4.34  4.12  3.55  2.50  1.30  0.92     3.02  1.32  3.87  4.43  2.45
105   20     1.08  1.85  2.95  3.90  4.34  4.68  4.21  3.99  3.41  2.37  1.23  0.88     2.91  1.27  3.73  4.29  2.34
105   30     1.04  1.78  2.82  3.70  4.15  4.47  4.02  3.81  3.24  2.24  1.16  0.84     2.77  1.22  3.56  4.10  2.21
105   40     1.00  1.72  2.69  3.47  3.91  4.21  3.79  3.59  3.05  2.10  1.09  0.79     2.62  1.17  3.36  3.86  2.08
105   50     0.97  1.66  2.56  3.23  3.65  3.92  3.52  3.35  2.84  1.97  1.01  0.75     2.45  1.13  3.14  3.60  1.94
105   60     0.94  1.61  2.43  2.98  3.36  3.61  3.24  3.10  2.63  1.83  0.94  0.70     2.28  1.08  2.92  3.31  1.80
105   70     0.91  1.56  2.29  2.73  3.07  3.28  2.95  2.84  2.42  1.68  0.86  0.66     2.10  1.05  2.69  3.02  1.66
105   80     0.88  1.52  2.17  2.46  2.77  2.95  2.65  2.56  2.20  1.54  0.79  0.62     1.93  1.00  2.47  2.72  1.51
105   90     0.86  1.48  2.03  2.21  2.48  2.63  2.36  2.30  1.98  1.39  0.71  0.57     1.75  0.97  2.24  2.43  1.36
120   10     1.09  1.87  3.00  4.00  4.45  4.81  4.32  4.08  3.48  2.42  1.25  0.90     2.97  1.29  3.81  4.40  2.38
120   20     1.03  1.76  2.82  3.78  4.28  4.63  4.17  3.90  3.26  2.21  1.14  0.83     2.82  1.21  3.63  4.24  2.20
120   30     0.97  1.66  2.63  3.52  4.04  4.39  3.95  3.67  3.02  2.00  1.04  0.77     2.64  1.14  3.40  4.00  2.02
120   40     0.93  1.58  2.46  3.24  3.77  4.10  3.68  3.41  2.77  1.82  0.95  0.72     2.45  1.08  3.15  3.73  1.85
120   50     0.90  1.51  2.30  2.96  3.47  3.77  3.39  3.14  2.54  1.66  0.87  0.68     2.27  1.03  2.91  3.43  1.69
120   60     0.88  1.47  2.16  2.70  3.17  3.44  3.09  2.87  2.32  1.51  0.81  0.64     2.09  1.00  2.68  3.13  1.55
120   70     0.85  1.43  2.05  2.44  2.88  3.12  2.80  2.61  2.11  1.40  0.74  0.61     1.92  0.96  2.46  2.84  1.42
120   80     0.83  1.41  1.94  2.21  2.59  2.80  2.51  2.36  1.92  1.27  0.68  0.57     1.76  0.94  2.25  2.56  1.29
120   90     0.82  1.38  1.84  1.99  2.31  2.49  2.24  2.12  1.74  1.16  0.62  0.53     1.60  0.91  2.05  2.28  1.17
135   10     1.07  1.83  2.94  3.95  4.42  4.79  4.30  4.05  3.42  2.34  1.21  0.88     2.93  1.26  3.77  4.38  2.32
135   20     0.99  1.69  2.70  3.67  4.22  4.60  4.13  3.83  3.13  2.06  1.07  0.79     2.74  1.16  3.53  4.19  2.08
135   30     0.92  1.55  2.45  3.35  3.95  4.33  3.88  3.55  2.81  1.78  0.94  0.72     2.52  1.07  3.25  3.92  1.84
135   40     0.88  1.45  2.23  3.01  3.62  3.99  3.58  3.23  2.50  1.55  0.84  0.68     2.30  1.00  2.95  3.60  1.63
135   50     0.86  1.39  2.05  2.69  3.27  3.61  3.24  2.91  2.22  1.38  0.77  0.64     2.09  0.96  2.67  3.25  1.46
135   60     0.84  1.36  1.92  2.40  2.94  3.24  2.92  2.62  1.99  1.25  0.72  0.61     1.90  0.94  2.42  2.93  1.32
135   70     0.83  1.34  1.82  2.16  2.64  2.90  2.61  2.36  1.80  1.15  0.67  0.58     1.74  0.92  2.21  2.63  1.21
135   80     0.81  1.33  1.74  1.95  2.37  2.60  2.34  2.13  1.65  1.05  0.62  0.55     1.59  0.90  2.02  2.35  1.11
135   90     0.80  1.32  1.67  1.75  2.13  2.32  2.09  1.91  1.50  0.97  0.56  0.52     1.46  0.88  1.85  2.11  1.01
150   10     1.05  1.80  2.89  3.91  4.41  4.78  4.30  4.02  3.37  2.28  1.18  0.86     2.90  1.24  3.74  4.37  2.27
150   20     0.96  1.62  2.60  3.59  4.18  4.58  4.11  3.77  3.02  1.93  1.00  0.76     2.68  1.11  3.46  4.15  1.98
150   30     0.88  1.46  2.29  3.21  3.88  4.29  3.84  3.45  2.63  1.59  0.85  0.68     2.42  1.01  3.13  3.86  1.69
150   40     0.85  1.36  2.02  2.80  3.50  3.92  3.50  3.07  2.25  1.32  0.76  0.66     2.17  0.95  2.77  3.50  1.44
150   50     0.85  1.31  1.82  2.41  3.08  3.48  3.11  2.69  1.92  1.14  0.72  0.63     1.93  0.93  2.44  3.09  1.26
150   60     0.84  1.30  1.70  2.10  2.69  3.02  2.73  2.36  1.69  1.04  0.68  0.61     1.73  0.91  2.17  2.70  1.14
150   70     0.82  1.30  1.64  1.88  2.38  2.65  2.40  2.09  1.53  0.97  0.64  0.58     1.57  0.90  1.96  2.38  1.05
150   80     0.81  1.30  1.58  1.70  2.13  2.35  2.15  1.89  1.41  0.91  0.59  0.55     1.45  0.89  1.80  2.13  0.97
150   90     0.80  1.30  1.54  1.55  1.92  2.10  1.92  1.71  1.29  0.85  0.55  0.52     1.34  0.87  1.67  1.91  0.90
165   10     1.04  1.78  2.86  3.89  4.40  4.78  4.29  4.00  3.33  2.24  1.16  0.85     2.89  1.23  3.72  4.36  2.24
165   20     0.93  1.58  2.54  3.55  4.16  4.57  4.10  3.73  2.95  1.84  0.96  0.73     2.64  1.08  3.42  4.13  1.92
165   30     0.86  1.39  2.18  3.13  3.85  4.28  3.82  3.39  2.51  1.44  0.79  0.67     2.36  0.98  3.06  3.83  1.58
165   40     0.85  1.29  1.84  2.67  3.46  3.90  3.48  2.99  2.04  1.11  0.75  0.66     2.09  0.93  2.66  3.46  1.30
165   50     0.85  1.29  1.63  2.17  3.01  3.46  3.08  2.53  1.64  0.99  0.71  0.63     1.83  0.92  2.27  3.02  1.12
165   60     0.84  1.29  1.56  1.82  2.52  2.95  2.64  2.09  1.43  0.94  0.68  0.61     1.61  0.91  1.96  2.56  1.02
165   70     0.82  1.29  1.52  1.63  2.14  2.45  2.22  1.84  1.32  0.90  0.64  0.58     1.45  0.90  1.76  2.17  0.95
165   80     0.81  1.29  1.50  1.50  1.92  2.15  1.98  1.67  1.23  0.85  0.59  0.55     1.34  0.89  1.64  1.93  0.89
165   90     0.80  1.30  1.47  1.39  1.74  1.93  1.78  1.54  1.16  0.80  0.55  0.52     1.25  0.87  1.53  1.75  0.83
180   10     1.04  1.78  2.85  3.88  4.40  4.78  4.29  3.99  3.33  2.23  1.16  0.84     2.88  1.22  3.71  4.35  2.23
180   20     0.93  1.57  2.51  3.54  4.16  4.57  4.09  3.72  2.93  1.81  0.94  0.72     2.62  1.07  3.40  4.13  1.89
180   30     0.86  1.36  2.14  3.12  3.84  4.28  3.82  3.37  2.48  1.37  0.77  0.67     2.34  0.96  3.03  3.82  1.54
180   40     0.85  1.29  1.75  2.65  3.45  3.90  3.48  2.96  1.98  1.01  0.75  0.66     2.06  0.93  2.62  3.45  1.25
180   50     0.85  1.29  1.53  2.13  3.00  3.45  3.08  2.50  1.46  0.98  0.71  0.63     1.80  0.92  2.22  3.01  1.05
180   60     0.84  1.29  1.52  1.65  2.51  2.95  2.64  2.01  1.29  0.94  0.68  0.61     1.58  0.91  1.89  2.53  0.97
180   70     0.82  1.29  1.50  1.51  2.04  2.41  2.17  1.71  1.23  0.90  0.64  0.58     1.40  0.90  1.69  2.09  0.92
180   80     0.81  1.29  1.48  1.42  1.83  2.07  1.91  1.57  1.17  0.85  0.59  0.55     1.30  0.89  1.58  1.85  0.87
180   90     0.80  1.30  1.46  1.33  1.68  1.87  1.73  1.46  1.10  0.80  0.55  0.52     1.22  0.87  1.49  1.69  0.82
             59.4  57.6  42.9  24.5  12.6   6.0   8.7  18.1  33.1  48.3  53.4  54.5     28.4  57.2  25.1  10.9  42.8
             1.48  2.56  3.77  4.44  4.61  4.91  4.43  4.33  4.15  3.51  1.90  1.28     3.45  1.77  4.21  4.54  3.16
             1.39  2.40  3.69  4.43  4.49  4.69  4.27  4.29  4.14  3.35  1.78  1.20     3.34  1.66  4.20  4.42  3.09
             1.06  1.07  1.02  1.00  1.03  1.05  1.04  1.01  1.00  1.05  1.07  1.07     1.04  1.07  1.02  1.03  1.04
             1.20  1.21  1.17  1.06  0.99  0.96  0.97  1.02  1.13  1.28  1.29  1.25     1.13  1.22  1.07  0.98  1.24
temperature  -2.1  -1.6   1.6   7.1  11.5  15.8  19.7  22.0  18.4  12.5   5.9   0.3      9.3  -1.1   6.7  19.2  12.3
diffusedrad  0.94  1.44  1.89  2.18  2.53  2.75  2.65  2.31  1.85  1.35  0.92  0.74     1.80  1.04  2.20  2.57  1.37
snow10cm     0.86  0.92  0.45  0.01  0.00  0.00  0.00  0.00  0.00  0.00  0.02  0.31     0.22  0.70  0.16  0.00  0.01
