2 31121   小田野沢        41 14.1  141 23.8    6
             1.56  2.45  3.51  4.49  4.95  4.77  4.26  4.00  3.48  2.79  1.72  1.30     3.27  1.77  4.32  4.34  2.66
             1.82  2.72  3.92  5.10  5.84  5.50  5.21  5.05  4.00  3.14  1.95  1.57     3.49  1.98  4.74  5.09  2.90
             1.28  1.97  3.20  3.75  3.64  3.32  3.35  3.22  2.84  2.32  1.28  1.03     2.96  1.53  3.76  3.54  2.30
  0   10     1.79  2.74  3.81  4.69  5.00  4.77  4.28  4.09  3.70  3.14  2.00  1.53     3.46  2.02  4.50  4.38  2.94
  0   20     2.01  3.00  4.05  4.79  4.97  4.70  4.23  4.11  3.83  3.42  2.25  1.74     3.59  2.25  4.61  4.34  3.17
  0   30     2.19  3.21  4.21  4.79  4.84  4.53  4.09  4.04  3.88  3.63  2.45  1.90     3.65  2.44  4.61  4.22  3.32
  0   40     2.33  3.37  4.30  4.68  4.60  4.27  3.89  3.89  3.85  3.74  2.59  2.03     3.63  2.58  4.53  4.02  3.40
  0   50     2.43  3.47  4.29  4.47  4.29  3.95  3.61  3.67  3.74  3.77  2.67  2.12     3.54  2.67  4.35  3.75  3.40
  0   60     2.48  3.51  4.21  4.17  3.89  3.56  3.28  3.39  3.55  3.71  2.69  2.15     3.38  2.71  4.09  3.41  3.32
  0   70     2.48  3.48  4.04  3.79  3.42  3.11  2.90  3.04  3.28  3.56  2.65  2.14     3.16  2.70  3.75  3.02  3.16
  0   80     2.44  3.39  3.80  3.33  2.90  2.64  2.49  2.65  2.94  3.33  2.54  2.08     2.88  2.63  3.34  2.59  2.94
  0   90     2.34  3.23  3.49  2.80  2.36  2.15  2.06  2.22  2.56  3.02  2.37  1.98     2.55  2.52  2.89  2.14  2.65
 15   10     1.78  2.73  3.81  4.68  5.00  4.78  4.28  4.09  3.69  3.13  1.99  1.52     3.46  2.01  4.50  4.38  2.93
 15   20     1.99  2.98  4.04  4.78  4.97  4.69  4.22  4.10  3.82  3.40  2.23  1.72     3.58  2.23  4.59  4.34  3.15
 15   30     2.16  3.19  4.19  4.78  4.84  4.53  4.09  4.04  3.87  3.60  2.41  1.88     3.63  2.41  4.60  4.22  3.29
 15   40     2.30  3.34  4.27  4.67  4.61  4.28  3.89  3.89  3.84  3.71  2.54  2.00     3.61  2.54  4.52  4.02  3.36
 15   50     2.39  3.43  4.26  4.46  4.29  3.96  3.62  3.67  3.72  3.73  2.62  2.08     3.52  2.63  4.34  3.75  3.36
 15   60     2.43  3.46  4.17  4.17  3.91  3.58  3.29  3.39  3.53  3.66  2.63  2.11     3.36  2.67  4.09  3.42  3.27
 15   70     2.43  3.43  4.01  3.79  3.45  3.14  2.92  3.05  3.27  3.51  2.57  2.10     3.14  2.65  3.75  3.04  3.12
 15   80     2.38  3.33  3.77  3.34  2.95  2.68  2.52  2.66  2.94  3.27  2.46  2.04     2.86  2.58  3.36  2.62  2.89
 15   90     2.29  3.18  3.46  2.84  2.42  2.21  2.10  2.25  2.56  2.96  2.29  1.93     2.54  2.47  2.91  2.19  2.60
 30   10     1.76  2.70  3.78  4.65  5.00  4.77  4.28  4.08  3.67  3.09  1.95  1.50     3.44  1.99  4.48  4.38  2.90
 30   20     1.94  2.92  3.98  4.74  4.96  4.69  4.22  4.09  3.78  3.33  2.16  1.67     3.54  2.18  4.56  4.33  3.09
 30   30     2.09  3.10  4.12  4.72  4.84  4.53  4.09  4.02  3.81  3.49  2.31  1.81     3.58  2.33  4.56  4.21  3.21
 30   40     2.20  3.22  4.18  4.62  4.62  4.29  3.89  3.88  3.77  3.58  2.42  1.91     3.55  2.44  4.47  4.02  3.26
 30   50     2.27  3.29  4.16  4.42  4.33  3.99  3.63  3.67  3.66  3.58  2.47  1.97     3.45  2.51  4.30  3.76  3.24
 30   60     2.30  3.31  4.06  4.13  3.96  3.63  3.32  3.39  3.46  3.50  2.46  1.99     3.29  2.53  4.05  3.45  3.14
 30   70     2.29  3.26  3.90  3.78  3.54  3.22  2.96  3.07  3.21  3.34  2.39  1.97     3.08  2.50  3.74  3.09  2.98
 30   80     2.23  3.16  3.67  3.35  3.07  2.79  2.59  2.71  2.90  3.10  2.27  1.90     2.81  2.43  3.36  2.69  2.76
 30   90     2.13  3.01  3.37  2.90  2.59  2.35  2.20  2.33  2.53  2.80  2.10  1.79     2.51  2.31  2.95  2.29  2.48
 45   10     1.72  2.65  3.73  4.62  4.99  4.76  4.27  4.06  3.63  3.03  1.90  1.46     3.40  1.94  4.44  4.36  2.86
 45   20     1.86  2.82  3.89  4.67  4.95  4.68  4.21  4.06  3.71  3.22  2.06  1.60     3.48  2.09  4.50  4.32  3.00
 45   30     1.97  2.96  3.99  4.64  4.82  4.52  4.07  3.98  3.73  3.34  2.18  1.70     3.49  2.21  4.48  4.19  3.08
 45   40     2.05  3.05  4.02  4.52  4.62  4.30  3.88  3.84  3.67  3.39  2.25  1.77     3.45  2.29  4.39  4.01  3.10
 45   50     2.10  3.09  3.99  4.33  4.34  4.01  3.63  3.63  3.54  3.36  2.26  1.81     3.34  2.33  4.22  3.76  3.05
 45   60     2.11  3.08  3.88  4.06  4.01  3.67  3.33  3.37  3.36  3.27  2.23  1.81     3.18  2.33  3.98  3.46  2.95
 45   70     2.08  3.02  3.72  3.72  3.62  3.30  3.01  3.07  3.10  3.11  2.16  1.77     2.97  2.29  3.69  3.13  2.79
 45   80     2.01  2.93  3.51  3.34  3.19  2.90  2.65  2.73  2.81  2.87  2.03  1.69     2.72  2.21  3.34  2.76  2.57
 45   90     1.92  2.79  3.24  2.91  2.75  2.49  2.29  2.38  2.48  2.59  1.86  1.59     2.44  2.10  2.97  2.39  2.31
 60   10     1.66  2.58  3.66  4.57  4.96  4.75  4.25  4.04  3.58  2.95  1.84  1.41     3.36  1.89  4.40  4.35  2.79
 60   20     1.76  2.70  3.77  4.58  4.91  4.67  4.18  4.01  3.62  3.08  1.94  1.50     3.39  1.99  4.42  4.29  2.88
 60   30     1.83  2.78  3.82  4.52  4.79  4.51  4.05  3.92  3.60  3.14  2.01  1.56     3.38  2.06  4.38  4.16  2.92
 60   40     1.87  2.83  3.82  4.39  4.58  4.29  3.86  3.77  3.52  3.15  2.04  1.60     3.31  2.10  4.26  3.97  2.90
 60   50     1.89  2.84  3.76  4.19  4.33  4.02  3.62  3.57  3.39  3.10  2.02  1.60     3.19  2.11  4.09  3.74  2.84
 60   60     1.88  2.82  3.66  3.93  4.01  3.70  3.34  3.33  3.20  2.98  1.97  1.58     3.03  2.09  3.87  3.46  2.71
 60   70     1.84  2.75  3.49  3.61  3.65  3.34  3.02  3.04  2.96  2.82  1.88  1.53     2.83  2.04  3.58  3.13  2.56
 60   80     1.76  2.66  3.30  3.26  3.27  2.98  2.69  2.73  2.69  2.60  1.76  1.46     2.60  1.96  3.28  2.80  2.35
 60   90     1.68  2.54  3.07  2.87  2.86  2.60  2.36  2.40  2.39  2.35  1.60  1.35     2.34  1.86  2.93  2.45  2.11
 75   10     1.60  2.50  3.58  4.51  4.94  4.74  4.24  4.01  3.52  2.87  1.77  1.35     3.30  1.82  4.34  4.33  2.72
 75   20     1.64  2.56  3.62  4.47  4.87  4.64  4.15  3.95  3.51  2.91  1.81  1.39     3.29  1.86  4.32  4.25  2.74
 75   30     1.67  2.58  3.62  4.36  4.72  4.48  4.01  3.84  3.45  2.91  1.82  1.41     3.24  1.88  4.24  4.11  2.73
 75   40     1.67  2.59  3.57  4.21  4.52  4.26  3.81  3.69  3.35  2.87  1.80  1.41     3.15  1.89  4.10  3.92  2.67
 75   50     1.66  2.56  3.50  4.00  4.26  3.99  3.57  3.48  3.20  2.79  1.76  1.39     3.01  1.87  3.92  3.68  2.58
 75   60     1.63  2.53  3.38  3.74  3.96  3.69  3.30  3.24  3.00  2.66  1.69  1.35     2.85  1.84  3.69  3.41  2.45
 75   70     1.59  2.46  3.24  3.45  3.63  3.36  3.01  2.97  2.78  2.49  1.60  1.29     2.66  1.78  3.44  3.11  2.29
 75   80     1.52  2.37  3.05  3.12  3.26  3.00  2.69  2.67  2.52  2.30  1.48  1.22     2.43  1.70  3.14  2.79  2.10
 75   90     1.45  2.28  2.86  2.79  2.90  2.65  2.38  2.38  2.26  2.07  1.34  1.13     2.21  1.62  2.85  2.47  1.89
 90   10     1.54  2.42  3.50  4.44  4.91  4.73  4.22  3.97  3.46  2.77  1.69  1.29     3.25  1.75  4.28  4.31  2.64
 90   20     1.52  2.40  3.45  4.34  4.80  4.61  4.12  3.88  3.39  2.72  1.67  1.27     3.18  1.73  4.20  4.20  2.59
 90   30     1.50  2.37  3.39  4.19  4.64  4.43  3.96  3.74  3.28  2.66  1.62  1.25     3.09  1.71  4.07  4.04  2.52
 90   40     1.47  2.32  3.31  3.99  4.42  4.20  3.75  3.57  3.14  2.57  1.56  1.22     2.96  1.67  3.90  3.84  2.42
 90   50     1.44  2.29  3.19  3.77  4.15  3.93  3.51  3.36  2.97  2.44  1.50  1.18     2.81  1.63  3.71  3.60  2.30
 90   60     1.40  2.23  3.07  3.51  3.85  3.63  3.24  3.12  2.78  2.31  1.42  1.12     2.64  1.58  3.48  3.33  2.17
 90   70     1.35  2.17  2.93  3.22  3.54  3.31  2.95  2.85  2.55  2.15  1.31  1.07     2.45  1.53  3.23  3.04  2.00
 90   80     1.30  2.10  2.78  2.93  3.20  2.98  2.66  2.58  2.33  1.98  1.22  1.00     2.25  1.47  2.97  2.74  1.84
 90   90     1.24  2.03  2.62  2.62  2.84  2.64  2.35  2.30  2.08  1.78  1.10  0.92     2.04  1.40  2.69  2.43  1.65
105   10     1.48  2.34  3.41  4.38  4.88  4.71  4.21  3.94  3.39  2.67  1.61  1.23     3.19  1.68  4.22  4.28  2.56
105   20     1.40  2.24  3.29  4.21  4.73  4.57  4.08  3.81  3.26  2.54  1.52  1.16     3.07  1.60  4.08  4.15  2.44
105   30     1.34  2.15  3.15  3.99  4.53  4.37  3.90  3.64  3.10  2.39  1.43  1.10     2.92  1.53  3.89  3.97  2.31
105   40     1.28  2.08  3.01  3.75  4.27  4.12  3.67  3.43  2.92  2.25  1.34  1.04     2.76  1.46  3.68  3.74  2.17
105   50     1.23  2.00  2.88  3.49  3.99  3.83  3.42  3.20  2.72  2.11  1.24  0.98     2.59  1.41  3.45  3.48  2.02
105   60     1.19  1.95  2.75  3.23  3.69  3.52  3.14  2.96  2.51  1.96  1.16  0.93     2.41  1.35  3.22  3.21  1.88
105   70     1.15  1.90  2.61  2.96  3.36  3.20  2.85  2.70  2.31  1.81  1.06  0.88     2.23  1.31  2.98  2.92  1.73
105   80     1.11  1.85  2.49  2.67  3.05  2.89  2.57  2.43  2.09  1.65  0.98  0.82     2.05  1.26  2.74  2.63  1.58
105   90     1.07  1.80  2.35  2.41  2.73  2.57  2.29  2.19  1.89  1.50  0.89  0.76     1.87  1.21  2.50  2.35  1.43
120   10     1.42  2.26  3.33  4.31  4.85  4.69  4.19  3.90  3.33  2.58  1.54  1.17     3.13  1.62  4.16  4.26  2.48
120   20     1.29  2.09  3.12  4.07  4.66  4.54  4.04  3.74  3.13  2.35  1.38  1.05     2.96  1.48  3.95  4.11  2.29
120   30     1.19  1.94  2.91  3.79  4.41  4.30  3.83  3.52  2.91  2.14  1.24  0.95     2.76  1.36  3.70  3.89  2.09
120   40     1.11  1.83  2.71  3.48  4.11  4.01  3.58  3.28  2.68  1.94  1.12  0.88     2.56  1.27  3.44  3.62  1.91
120   50     1.06  1.74  2.55  3.19  3.79  3.70  3.30  3.02  2.46  1.76  1.02  0.82     2.37  1.21  3.17  3.34  1.75
120   60     1.02  1.69  2.41  2.90  3.46  3.38  3.01  2.76  2.24  1.62  0.94  0.77     2.18  1.16  2.92  3.05  1.60
120   70     1.00  1.65  2.30  2.63  3.15  3.05  2.72  2.51  2.04  1.49  0.86  0.73     2.01  1.13  2.69  2.76  1.46
120   80     0.97  1.63  2.19  2.39  2.84  2.74  2.44  2.27  1.85  1.35  0.79  0.69     1.85  1.10  2.47  2.48  1.33
120   90     0.95  1.61  2.10  2.15  2.54  2.44  2.17  2.03  1.67  1.24  0.72  0.65     1.69  1.07  2.26  2.21  1.21
135   10     1.36  2.19  3.25  4.25  4.82  4.68  4.17  3.87  3.27  2.49  1.48  1.12     3.08  1.56  4.11  4.24  2.42
135   20     1.19  1.96  2.96  3.95  4.60  4.50  4.01  3.67  3.02  2.19  1.26  0.96     2.86  1.37  3.84  4.06  2.15
135   30     1.05  1.75  2.68  3.60  4.29  4.24  3.78  3.42  2.73  1.89  1.07  0.83     2.61  1.21  3.52  3.81  1.90
135   40     0.97  1.61  2.43  3.22  3.93  3.92  3.49  3.12  2.44  1.64  0.93  0.76     2.37  1.11  3.19  3.51  1.67
135   50     0.94  1.52  2.23  2.87  3.55  3.56  3.17  2.82  2.18  1.45  0.84  0.71     2.15  1.06  2.88  3.18  1.49
135   60     0.92  1.48  2.09  2.56  3.19  3.19  2.85  2.54  1.96  1.31  0.78  0.68     1.96  1.02  2.61  2.86  1.35
135   70     0.90  1.47  1.99  2.30  2.86  2.86  2.56  2.29  1.77  1.20  0.72  0.65     1.80  1.01  2.39  2.57  1.23
135   80     0.90  1.47  1.92  2.07  2.57  2.56  2.29  2.06  1.61  1.10  0.67  0.62     1.65  0.99  2.19  2.30  1.13
135   90     0.89  1.47  1.87  1.87  2.31  2.28  2.04  1.85  1.46  1.02  0.62  0.59     1.52  0.99  2.02  2.06  1.03
150   10     1.32  2.14  3.19  4.21  4.80  4.67  4.16  3.85  3.23  2.43  1.43  1.08     3.04  1.52  4.07  4.23  2.36
150   20     1.11  1.85  2.84  3.86  4.55  4.49  3.99  3.62  2.92  2.04  1.15  0.88     2.77  1.28  3.75  4.03  2.04
150   30     0.95  1.59  2.48  3.44  4.21  4.21  3.74  3.33  2.58  1.68  0.93  0.73     2.49  1.09  3.38  3.76  1.73
150   40     0.89  1.42  2.16  2.98  3.79  3.86  3.42  2.99  2.22  1.37  0.79  0.68     2.21  1.00  2.98  3.42  1.46
150   50     0.88  1.35  1.93  2.54  3.32  3.43  3.06  2.63  1.92  1.18  0.74  0.67     1.97  0.97  2.60  3.04  1.28
150   60     0.88  1.35  1.80  2.21  2.89  3.00  2.68  2.31  1.70  1.07  0.70  0.65     1.77  0.96  2.30  2.66  1.15
150   70     0.88  1.36  1.74  1.96  2.54  2.63  2.37  2.06  1.53  1.00  0.66  0.63     1.61  0.96  2.08  2.35  1.06
150   80     0.88  1.38  1.71  1.77  2.27  2.33  2.11  1.85  1.40  0.93  0.62  0.60     1.49  0.95  1.92  2.10  0.98
150   90     0.88  1.41  1.69  1.62  2.04  2.08  1.88  1.68  1.28  0.88  0.58  0.58     1.38  0.96  1.78  1.88  0.91
165   10     1.30  2.11  3.15  4.19  4.79  4.67  4.16  3.83  3.20  2.38  1.40  1.06     3.02  1.49  4.04  4.22  2.33
165   20     1.05  1.77  2.76  3.81  4.53  4.48  3.98  3.59  2.86  1.95  1.08  0.82     2.72  1.22  3.70  4.01  1.97
165   30     0.88  1.46  2.33  3.35  4.18  4.20  3.72  3.28  2.47  1.51  0.82  0.70     2.41  1.01  3.29  3.73  1.60
165   40     0.88  1.27  1.93  2.83  3.74  3.84  3.40  2.92  2.05  1.14  0.75  0.68     2.12  0.95  2.83  3.39  1.31
165   50     0.88  1.29  1.66  2.27  3.24  3.41  3.03  2.50  1.67  0.99  0.72  0.67     1.86  0.94  2.39  2.98  1.13
165   60     0.88  1.31  1.59  1.86  2.68  2.93  2.61  2.08  1.46  0.94  0.69  0.65     1.64  0.95  2.05  2.54  1.03
165   70     0.88  1.34  1.58  1.66  2.24  2.43  2.20  1.83  1.34  0.90  0.66  0.63     1.47  0.95  1.83  2.15  0.97
165   80     0.88  1.37  1.58  1.53  2.00  2.13  1.95  1.66  1.25  0.86  0.62  0.60     1.37  0.95  1.70  1.91  0.91
165   90     0.88  1.40  1.58  1.42  1.82  1.91  1.75  1.52  1.17  0.81  0.58  0.58     1.28  0.95  1.61  1.73  0.85
180   10     1.29  2.10  3.14  4.18  4.78  4.67  4.16  3.82  3.19  2.37  1.38  1.05     3.01  1.48  4.04  4.22  2.32
180   20     1.03  1.75  2.73  3.79  4.52  4.47  3.98  3.58  2.84  1.91  1.05  0.80     2.70  1.19  3.68  4.01  1.94
180   30     0.88  1.40  2.27  3.33  4.17  4.19  3.72  3.26  2.44  1.43  0.78  0.70     2.38  0.99  3.25  3.73  1.55
180   40     0.88  1.27  1.81  2.80  3.73  3.84  3.40  2.89  2.00  1.01  0.75  0.68     2.09  0.94  2.78  3.38  1.25
180   50     0.88  1.29  1.52  2.23  3.22  3.41  3.02  2.47  1.53  0.97  0.72  0.67     1.83  0.94  2.32  2.97  1.08
180   60     0.88  1.31  1.53  1.66  2.67  2.93  2.60  2.02  1.33  0.94  0.69  0.65     1.60  0.95  1.95  2.52  0.99
180   70     0.88  1.34  1.54  1.51  2.12  2.40  2.15  1.71  1.26  0.90  0.66  0.63     1.42  0.95  1.72  2.09  0.94
180   80     0.88  1.37  1.54  1.42  1.89  2.05  1.89  1.57  1.19  0.85  0.62  0.60     1.32  0.95  1.62  1.84  0.89
180   90     0.88  1.40  1.55  1.34  1.74  1.85  1.71  1.45  1.11  0.81  0.58  0.58     1.25  0.95  1.54  1.67  0.83
             65.4  60.6  44.8  24.6  12.3   5.4   8.1  16.9  31.3  48.3  57.8  62.8     32.6  62.7  25.8  10.2  44.9
             2.49  3.51  4.31  4.80  5.01  4.78  4.28  4.11  3.89  3.77  2.69  2.15     3.82  2.72  4.62  4.38  3.41
             2.23  3.26  4.24  4.77  4.79  4.47  4.05  4.01  3.89  3.66  2.49  1.94     3.65  2.48  4.60  4.17  3.35
             1.12  1.08  1.02  1.01  1.05  1.07  1.06  1.02  1.00  1.03  1.08  1.11     1.05  1.10  1.02  1.05  1.04
             1.43  1.33  1.21  1.06  0.97  0.94  0.95  1.00  1.12  1.31  1.45  1.49     1.19  1.42  1.08  0.96  1.29
temperature  -1.3  -1.0   1.9   6.9  11.0  14.1  18.1  20.8  18.2  12.5   6.5   1.2      9.1  -0.4   6.6  17.7  12.4
diffusedrad  1.03  1.50  1.91  2.16  2.50  2.73  2.63  2.33  1.88  1.37  0.97  0.82     1.82  1.12  2.19  2.57  1.41
snow10cm     0.72  0.87  0.51  0.02  0.00  0.00  0.00  0.00  0.00  0.00  0.01  0.27     0.20  0.62  0.18  0.00  0.00
