2 32056   八森            40 23.3  139 58.9   31
             1.14  1.89  3.00  4.13  4.61  4.92  4.48  4.45  3.55  2.60  1.46  0.98     3.10  1.34  3.91  4.62  2.54
             1.35  2.23  3.51  4.67  5.51  5.77  5.74  5.37  4.05  2.97  1.73  1.18     3.29  1.52  4.35  5.31  2.82
             0.97  1.56  2.58  3.31  3.95  4.33  3.38  3.45  2.78  2.07  1.07  0.87     2.88  1.22  3.59  3.99  2.29
  0   10     1.21  2.01  3.21  4.29  4.65  4.92  4.50  4.56  3.77  2.88  1.63  1.07     3.22  1.43  4.05  4.66  2.76
  0   20     1.27  2.12  3.35  4.36  4.62  4.83  4.43  4.58  3.90  3.11  1.78  1.14     3.29  1.51  4.11  4.62  2.93
  0   30     1.31  2.20  3.43  4.34  4.49  4.64  4.29  4.51  3.95  3.26  1.89  1.20     3.29  1.57  4.09  4.48  3.03
  0   40     1.34  2.25  3.44  4.23  4.27  4.37  4.06  4.34  3.91  3.34  1.96  1.23     3.23  1.60  3.98  4.26  3.07
  0   50     1.34  2.26  3.39  4.03  3.97  4.03  3.76  4.09  3.79  3.35  1.99  1.24     3.10  1.61  3.80  3.96  3.04
  0   60     1.33  2.24  3.27  3.75  3.61  3.62  3.40  3.75  3.59  3.27  1.97  1.22     2.92  1.60  3.54  3.59  2.94
  0   70     1.29  2.19  3.09  3.40  3.18  3.15  2.99  3.35  3.31  3.13  1.91  1.19     2.68  1.56  3.22  3.16  2.78
  0   80     1.24  2.11  2.86  2.98  2.71  2.65  2.54  2.88  2.97  2.91  1.82  1.13     2.40  1.49  2.85  2.69  2.57
  0   90     1.18  1.99  2.57  2.52  2.22  2.14  2.08  2.38  2.57  2.63  1.68  1.05     2.09  1.41  2.43  2.20  2.29
 15   10     1.21  2.00  3.20  4.28  4.65  4.92  4.50  4.56  3.76  2.87  1.62  1.07     3.22  1.43  4.04  4.66  2.75
 15   20     1.26  2.11  3.34  4.35  4.61  4.82  4.43  4.58  3.88  3.09  1.76  1.14     3.28  1.50  4.10  4.61  2.91
 15   30     1.30  2.19  3.41  4.33  4.49  4.64  4.29  4.51  3.93  3.23  1.87  1.19     3.28  1.56  4.08  4.48  3.01
 15   40     1.32  2.23  3.42  4.21  4.27  4.38  4.06  4.34  3.89  3.30  1.93  1.22     3.21  1.59  3.97  4.26  3.04
 15   50     1.32  2.24  3.36  4.02  3.98  4.04  3.77  4.09  3.77  3.30  1.95  1.22     3.09  1.60  3.79  3.97  3.01
 15   60     1.31  2.22  3.24  3.75  3.62  3.64  3.42  3.76  3.57  3.22  1.93  1.21     2.91  1.58  3.54  3.61  2.91
 15   70     1.27  2.16  3.06  3.40  3.20  3.18  3.01  3.36  3.30  3.08  1.87  1.17     2.67  1.53  3.22  3.19  2.75
 15   80     1.22  2.08  2.82  2.99  2.75  2.70  2.58  2.92  2.96  2.86  1.77  1.11     2.40  1.47  2.86  2.73  2.53
 15   90     1.16  1.96  2.54  2.55  2.27  2.21  2.13  2.43  2.57  2.58  1.64  1.03     2.09  1.38  2.45  2.26  2.26
 30   10     1.20  1.99  3.18  4.26  4.65  4.91  4.49  4.55  3.73  2.84  1.60  1.06     3.21  1.42  4.03  4.65  2.73
 30   20     1.25  2.08  3.29  4.31  4.61  4.83  4.43  4.57  3.84  3.02  1.72  1.12     3.26  1.48  4.07  4.61  2.86
 30   30     1.28  2.14  3.35  4.28  4.48  4.65  4.28  4.49  3.87  3.15  1.81  1.16     3.25  1.53  4.04  4.47  2.94
 30   40     1.29  2.17  3.35  4.17  4.28  4.40  4.07  4.34  3.83  3.20  1.85  1.18     3.18  1.55  3.93  4.27  2.96
 30   50     1.29  2.17  3.28  3.98  4.00  4.08  3.79  4.09  3.71  3.18  1.86  1.18     3.05  1.55  3.75  3.99  2.92
 30   60     1.26  2.14  3.15  3.71  3.66  3.70  3.46  3.79  3.50  3.09  1.83  1.16     2.87  1.52  3.51  3.65  2.81
 30   70     1.23  2.08  2.97  3.38  3.27  3.27  3.07  3.42  3.24  2.93  1.76  1.12     2.65  1.48  3.21  3.25  2.65
 30   80     1.17  1.99  2.74  2.99  2.85  2.82  2.67  3.00  2.92  2.71  1.66  1.06     2.38  1.41  2.86  2.83  2.43
 30   90     1.11  1.88  2.46  2.58  2.40  2.37  2.26  2.55  2.55  2.44  1.52  0.98     2.09  1.32  2.48  2.39  2.17
 45   10     1.19  1.97  3.14  4.23  4.63  4.91  4.48  4.53  3.70  2.79  1.57  1.04     3.18  1.40  4.00  4.64  2.69
 45   20     1.22  2.03  3.23  4.25  4.59  4.82  4.42  4.53  3.77  2.94  1.66  1.09     3.21  1.45  4.03  4.59  2.79
 45   30     1.24  2.08  3.26  4.21  4.47  4.65  4.28  4.46  3.79  3.02  1.72  1.12     3.19  1.48  3.98  4.46  2.84
 45   40     1.24  2.09  3.23  4.08  4.27  4.42  4.07  4.29  3.72  3.04  1.74  1.12     3.11  1.48  3.86  4.26  2.83
 45   50     1.22  2.07  3.15  3.90  4.01  4.12  3.81  4.08  3.59  3.00  1.73  1.11     2.98  1.47  3.69  4.00  2.77
 45   60     1.19  2.03  3.02  3.64  3.69  3.76  3.48  3.78  3.40  2.90  1.69  1.08     2.80  1.44  3.45  3.67  2.66
 45   70     1.15  1.96  2.84  3.33  3.33  3.37  3.14  3.44  3.13  2.73  1.61  1.03     2.59  1.38  3.17  3.32  2.49
 45   80     1.09  1.87  2.62  2.97  2.94  2.95  2.76  3.05  2.84  2.51  1.50  0.97     2.34  1.31  2.84  2.92  2.29
 45   90     1.02  1.76  2.36  2.60  2.54  2.53  2.37  2.65  2.50  2.27  1.37  0.89     2.07  1.22  2.50  2.52  2.04
 60   10     1.17  1.94  3.10  4.19  4.62  4.90  4.47  4.50  3.65  2.73  1.53  1.02     3.15  1.38  3.97  4.62  2.64
 60   20     1.18  1.97  3.14  4.18  4.56  4.81  4.39  4.48  3.69  2.82  1.59  1.05     3.15  1.40  3.96  4.56  2.70
 60   30     1.18  1.99  3.14  4.11  4.43  4.64  4.25  4.39  3.66  2.85  1.61  1.06     3.11  1.41  3.89  4.43  2.71
 60   40     1.17  1.98  3.09  3.97  4.24  4.41  4.05  4.23  3.58  2.84  1.61  1.05     3.02  1.40  3.77  4.23  2.68
 60   50     1.15  1.95  2.99  3.77  3.99  4.13  3.79  4.01  3.43  2.77  1.58  1.02     2.88  1.37  3.58  3.98  2.59
 60   60     1.11  1.90  2.85  3.53  3.69  3.80  3.50  3.74  3.24  2.65  1.52  0.98     2.71  1.33  3.36  3.68  2.47
 60   70     1.05  1.82  2.67  3.23  3.35  3.43  3.17  3.41  3.00  2.50  1.44  0.93     2.50  1.27  3.08  3.34  2.31
 60   80     1.00  1.73  2.46  2.91  3.00  3.05  2.82  3.07  2.72  2.29  1.33  0.86     2.27  1.20  2.79  2.98  2.11
 60   90     0.93  1.63  2.23  2.56  2.62  2.66  2.46  2.70  2.41  2.06  1.20  0.78     2.02  1.12  2.47  2.61  1.89
 75   10     1.15  1.90  3.04  4.14  4.59  4.88  4.46  4.47  3.59  2.66  1.49  1.00     3.11  1.35  3.92  4.60  2.58
 75   20     1.14  1.91  3.04  4.09  4.52  4.78  4.36  4.41  3.58  2.68  1.50  1.00     3.08  1.35  3.88  4.52  2.59
 75   30     1.13  1.89  3.00  3.98  4.38  4.61  4.21  4.30  3.51  2.66  1.49  0.99     3.01  1.34  3.79  4.37  2.56
 75   40     1.10  1.86  2.91  3.83  4.18  4.38  4.01  4.13  3.40  2.60  1.46  0.97     2.90  1.31  3.64  4.17  2.49
 75   50     1.06  1.81  2.80  3.62  3.93  4.10  3.76  3.91  3.24  2.52  1.41  0.93     2.76  1.27  3.45  3.92  2.39
 75   60     1.02  1.75  2.65  3.37  3.65  3.79  3.47  3.64  3.04  2.38  1.33  0.88     2.58  1.22  3.22  3.63  2.25
 75   70     0.96  1.68  2.48  3.10  3.34  3.45  3.16  3.35  2.82  2.23  1.25  0.82     2.39  1.15  2.97  3.32  2.10
 75   80     0.90  1.59  2.29  2.79  2.99  3.08  2.83  3.02  2.55  2.04  1.15  0.76     2.17  1.08  2.69  2.98  1.91
 75   90     0.84  1.50  2.08  2.48  2.65  2.72  2.49  2.68  2.28  1.83  1.03  0.69     1.94  1.01  2.40  2.63  1.71
 90   10     1.13  1.86  2.98  4.08  4.57  4.87  4.44  4.43  3.52  2.58  1.44  0.97     3.07  1.32  3.88  4.58  2.51
 90   20     1.10  1.83  2.92  3.99  4.47  4.75  4.33  4.33  3.45  2.53  1.41  0.95     3.00  1.29  3.79  4.47  2.46
 90   30     1.07  1.79  2.83  3.84  4.30  4.57  4.16  4.18  3.34  2.45  1.36  0.92     2.90  1.26  3.66  4.30  2.39
 90   40     1.03  1.73  2.73  3.65  4.09  4.33  3.94  3.99  3.19  2.36  1.31  0.88     2.77  1.21  3.49  4.09  2.29
 90   50     0.98  1.68  2.59  3.43  3.84  4.05  3.69  3.76  3.01  2.23  1.24  0.84     2.61  1.16  3.29  3.83  2.16
 90   60     0.93  1.61  2.44  3.19  3.55  3.73  3.40  3.50  2.82  2.10  1.16  0.78     2.43  1.11  3.06  3.54  2.03
 90   70     0.88  1.54  2.27  2.91  3.25  3.40  3.10  3.21  2.58  1.94  1.07  0.73     2.24  1.05  2.81  3.24  1.86
 90   80     0.82  1.46  2.09  2.64  2.94  3.06  2.79  2.91  2.36  1.78  0.98  0.67     2.04  0.98  2.56  2.92  1.71
 90   90     0.78  1.39  1.91  2.35  2.61  2.71  2.48  2.60  2.10  1.59  0.88  0.60     1.83  0.92  2.29  2.60  1.52
105   10     1.11  1.82  2.92  4.03  4.54  4.86  4.42  4.38  3.46  2.50  1.39  0.95     3.03  1.29  3.83  4.55  2.45
105   20     1.06  1.76  2.81  3.88  4.41  4.71  4.29  4.24  3.32  2.38  1.31  0.90     2.92  1.24  3.70  4.42  2.34
105   30     1.01  1.69  2.67  3.68  4.21  4.50  4.10  4.05  3.16  2.24  1.24  0.85     2.78  1.18  3.52  4.22  2.21
105   40     0.96  1.61  2.52  3.45  3.97  4.24  3.86  3.82  2.97  2.10  1.16  0.80     2.62  1.13  3.31  3.97  2.08
105   50     0.91  1.54  2.37  3.20  3.71  3.95  3.59  3.57  2.76  1.96  1.08  0.76     2.45  1.07  3.09  3.70  1.93
105   60     0.86  1.47  2.21  2.95  3.42  3.63  3.30  3.30  2.55  1.81  1.00  0.70     2.27  1.01  2.86  3.41  1.79
105   70     0.82  1.41  2.05  2.70  3.11  3.29  3.00  3.02  2.34  1.67  0.91  0.65     2.08  0.96  2.62  3.11  1.64
105   80     0.77  1.34  1.89  2.43  2.81  2.97  2.69  2.73  2.12  1.52  0.83  0.59     1.89  0.90  2.38  2.80  1.49
105   90     0.73  1.28  1.73  2.17  2.51  2.65  2.40  2.46  1.91  1.37  0.75  0.54     1.71  0.85  2.14  2.50  1.34
120   10     1.09  1.79  2.87  3.98  4.52  4.84  4.40  4.34  3.40  2.42  1.34  0.92     2.99  1.27  3.79  4.53  2.39
120   20     1.02  1.69  2.69  3.77  4.35  4.67  4.25  4.15  3.20  2.23  1.23  0.86     2.84  1.19  3.60  4.36  2.22
120   30     0.96  1.59  2.51  3.51  4.12  4.43  4.03  3.91  2.97  2.03  1.12  0.80     2.66  1.12  3.38  4.12  2.04
120   40     0.91  1.50  2.32  3.24  3.84  4.14  3.76  3.63  2.73  1.85  1.02  0.74     2.47  1.05  3.13  3.84  1.87
120   50     0.86  1.42  2.14  2.96  3.53  3.81  3.46  3.34  2.50  1.68  0.94  0.69     2.28  0.99  2.88  3.54  1.71
120   60     0.82  1.36  1.98  2.69  3.23  3.48  3.15  3.05  2.28  1.53  0.86  0.64     2.09  0.94  2.63  3.23  1.56
120   70     0.78  1.30  1.84  2.43  2.93  3.14  2.85  2.78  2.07  1.40  0.79  0.59     1.91  0.89  2.40  2.92  1.42
120   80     0.74  1.25  1.69  2.20  2.63  2.81  2.56  2.52  1.87  1.27  0.72  0.55     1.74  0.85  2.17  2.63  1.29
120   90     0.70  1.21  1.56  1.97  2.35  2.51  2.27  2.25  1.69  1.16  0.65  0.50     1.57  0.80  1.96  2.35  1.17
135   10     1.07  1.76  2.81  3.93  4.49  4.83  4.39  4.30  3.34  2.35  1.30  0.90     2.96  1.24  3.75  4.51  2.33
135   20     0.99  1.63  2.59  3.67  4.29  4.65  4.21  4.07  3.08  2.09  1.15  0.82     2.77  1.15  3.52  4.31  2.11
135   30     0.92  1.50  2.35  3.36  4.02  4.38  3.97  3.78  2.79  1.83  1.01  0.75     2.56  1.06  3.25  4.04  1.88
135   40     0.87  1.40  2.13  3.02  3.69  4.04  3.66  3.44  2.49  1.61  0.91  0.69     2.33  0.99  2.95  3.71  1.67
135   50     0.83  1.33  1.93  2.70  3.34  3.66  3.31  3.09  2.22  1.43  0.83  0.65     2.11  0.94  2.66  3.36  1.49
135   60     0.80  1.27  1.77  2.42  3.00  3.28  2.98  2.77  1.99  1.29  0.76  0.61     1.91  0.89  2.40  3.01  1.35
135   70     0.77  1.23  1.64  2.17  2.69  2.93  2.66  2.50  1.80  1.18  0.70  0.57     1.74  0.85  2.16  2.70  1.23
135   80     0.73  1.19  1.52  1.95  2.41  2.62  2.38  2.24  1.63  1.07  0.65  0.53     1.58  0.82  1.96  2.41  1.12
135   90     0.70  1.16  1.42  1.74  2.16  2.33  2.12  2.02  1.47  0.99  0.59  0.49     1.43  0.78  1.77  2.16  1.02
150   10     1.06  1.74  2.77  3.90  4.48  4.82  4.38  4.27  3.30  2.30  1.27  0.89     2.93  1.23  3.72  4.49  2.29
150   20     0.97  1.58  2.51  3.60  4.26  4.63  4.19  4.01  2.98  1.98  1.09  0.79     2.71  1.11  3.46  4.28  2.02
150   30     0.89  1.43  2.22  3.24  3.96  4.34  3.92  3.67  2.63  1.66  0.93  0.71     2.47  1.01  3.14  3.98  1.74
150   40     0.85  1.32  1.95  2.84  3.58  3.98  3.59  3.27  2.27  1.38  0.82  0.67     2.21  0.94  2.79  3.61  1.49
150   50     0.83  1.25  1.73  2.44  3.16  3.53  3.19  2.85  1.95  1.21  0.76  0.64     1.96  0.91  2.44  3.19  1.31
150   60     0.80  1.22  1.58  2.13  2.75  3.07  2.79  2.48  1.72  1.09  0.72  0.60     1.75  0.88  2.15  2.78  1.18
150   70     0.78  1.19  1.47  1.89  2.42  2.68  2.45  2.19  1.55  1.01  0.67  0.57     1.57  0.84  1.93  2.44  1.08
150   80     0.75  1.17  1.38  1.70  2.16  2.37  2.17  1.97  1.42  0.94  0.62  0.53     1.43  0.81  1.75  2.17  0.99
150   90     0.71  1.14  1.31  1.55  1.94  2.11  1.94  1.79  1.29  0.88  0.57  0.49     1.31  0.78  1.60  1.95  0.92
165   10     1.05  1.72  2.75  3.88  4.47  4.82  4.38  4.25  3.27  2.27  1.25  0.88     2.92  1.22  3.70  4.48  2.26
165   20     0.95  1.55  2.46  3.56  4.24  4.62  4.19  3.97  2.93  1.90  1.04  0.77     2.68  1.09  3.42  4.26  1.96
165   30     0.87  1.38  2.13  3.17  3.93  4.34  3.91  3.61  2.53  1.53  0.86  0.69     2.41  0.98  3.08  3.95  1.64
165   40     0.85  1.26  1.80  2.72  3.54  3.96  3.57  3.17  2.10  1.20  0.79  0.67     2.14  0.92  2.69  3.57  1.37
165   50     0.83  1.23  1.55  2.24  3.10  3.52  3.17  2.69  1.71  1.05  0.76  0.64     1.87  0.90  2.29  3.12  1.17
165   60     0.80  1.21  1.44  1.85  2.60  3.02  2.71  2.18  1.48  0.99  0.72  0.60     1.63  0.87  1.96  2.64  1.06
165   70     0.78  1.19  1.37  1.65  2.17  2.48  2.26  1.89  1.35  0.94  0.67  0.57     1.44  0.84  1.73  2.21  0.99
165   80     0.75  1.17  1.31  1.51  1.93  2.16  1.99  1.71  1.26  0.89  0.62  0.53     1.32  0.81  1.58  1.95  0.92
165   90     0.71  1.14  1.25  1.39  1.75  1.94  1.79  1.57  1.17  0.83  0.57  0.49     1.22  0.78  1.46  1.77  0.86
180   10     1.05  1.72  2.74  3.87  4.47  4.82  4.38  4.24  3.26  2.25  1.25  0.87     2.91  1.21  3.69  4.48  2.25
180   20     0.95  1.54  2.44  3.55  4.24  4.62  4.19  3.95  2.91  1.87  1.03  0.76     2.67  1.08  3.41  4.25  1.94
180   30     0.87  1.36  2.10  3.15  3.92  4.34  3.92  3.58  2.50  1.47  0.83  0.69     2.39  0.97  3.06  3.94  1.60
180   40     0.85  1.25  1.73  2.70  3.54  3.96  3.57  3.14  2.05  1.09  0.79  0.67     2.11  0.92  2.66  3.56  1.31
180   50     0.83  1.23  1.46  2.20  3.09  3.52  3.17  2.65  1.57  1.03  0.76  0.64     1.85  0.90  2.25  3.11  1.12
180   60     0.80  1.21  1.41  1.69  2.59  3.02  2.71  2.11  1.34  0.99  0.72  0.60     1.60  0.87  1.90  2.61  1.01
180   70     0.78  1.19  1.35  1.52  2.08  2.47  2.22  1.73  1.27  0.94  0.67  0.57     1.40  0.84  1.65  2.14  0.96
180   80     0.75  1.17  1.29  1.42  1.85  2.08  1.92  1.59  1.20  0.89  0.62  0.53     1.27  0.81  1.52  1.86  0.90
180   90     0.71  1.14  1.24  1.33  1.69  1.87  1.74  1.47  1.12  0.83  0.57  0.49     1.18  0.78  1.42  1.69  0.84
             47.4  49.3  37.1  22.8  11.3   4.6   7.5  17.2  30.7  45.6  51.7  49.0     25.1  48.7  22.2   9.9  40.7
             1.34  2.26  3.45  4.36  4.65  4.93  4.50  4.59  3.95  3.35  1.99  1.24     3.38  1.61  4.11  4.66  3.07
             1.29  2.16  3.40  4.36  4.56  4.75  4.37  4.56  3.94  3.19  1.84  1.17     3.30  1.54  4.11  4.56  2.99
             1.04  1.05  1.01  1.00  1.02  1.04  1.03  1.01  1.00  1.05  1.08  1.06     1.03  1.05  1.01  1.02  1.04
             1.13  1.14  1.13  1.06  0.99  0.97  0.98  1.02  1.11  1.23  1.26  1.19     1.10  1.16  1.06  0.99  1.20
temperature   0.5   0.7   3.5   9.1  13.8  18.1  21.9  23.9  19.9  14.3   8.4   3.2     11.4   1.5   8.8  21.3  14.2
diffusedrad  0.94  1.42  1.85  2.19  2.51  2.70  2.61  2.30  1.89  1.40  0.97  0.77     1.79  1.04  2.19  2.54  1.42
snow10cm     0.55  0.66  0.20  0.01  0.00  0.00  0.00  0.00  0.00  0.00  0.00  0.11     0.13  0.44  0.07  0.00  0.00
