2 32466   角館            39 36.2  140 33.4   56
             1.39  2.21  3.16  4.09  4.63  4.81  4.39  4.48  3.46  2.69  1.62  1.15     3.17  1.59  3.96  4.56  2.59
             1.65  2.75  3.45  4.91  5.33  5.80  5.63  5.38  4.30  3.09  1.92  1.38     3.40  1.85  4.38  5.12  2.96
             1.15  1.90  2.83  3.45  3.77  4.15  3.16  3.47  2.78  2.26  1.11  0.92     2.91  1.38  3.69  3.89  2.15
  0   10     1.53  2.38  3.36  4.24  4.67  4.80  4.40  4.58  3.66  2.97  1.82  1.28     3.31  1.73  4.09  4.59  2.82
  0   20     1.64  2.55  3.52  4.30  4.63  4.71  4.34  4.59  3.77  3.20  2.00  1.39     3.39  1.86  4.15  4.55  2.99
  0   30     1.73  2.68  3.63  4.28  4.49  4.53  4.19  4.51  3.81  3.36  2.14  1.48     3.40  1.96  4.13  4.41  3.10
  0   40     1.80  2.77  3.68  4.17  4.26  4.26  3.96  4.34  3.77  3.44  2.24  1.54     3.35  2.04  4.04  4.19  3.15
  0   50     1.85  2.83  3.67  3.98  3.97  3.92  3.67  4.08  3.64  3.44  2.28  1.57     3.24  2.08  3.87  3.89  3.12
  0   60     1.86  2.84  3.61  3.71  3.59  3.52  3.31  3.74  3.44  3.36  2.27  1.58     3.07  2.09  3.64  3.52  3.02
  0   70     1.85  2.80  3.49  3.37  3.16  3.06  2.91  3.33  3.17  3.21  2.21  1.55     2.84  2.07  3.34  3.10  2.86
  0   80     1.81  2.73  3.31  2.97  2.68  2.58  2.48  2.86  2.84  2.98  2.11  1.50     2.57  2.01  2.99  2.64  2.64
  0   90     1.74  2.62  3.10  2.52  2.19  2.08  2.03  2.36  2.45  2.69  1.95  1.42     2.26  1.93  2.60  2.15  2.37
 15   10     1.52  2.38  3.35  4.23  4.67  4.80  4.40  4.58  3.65  2.96  1.81  1.27     3.30  1.72  4.09  4.59  2.81
 15   20     1.63  2.54  3.51  4.29  4.62  4.71  4.33  4.59  3.76  3.18  1.99  1.38     3.38  1.85  4.14  4.54  2.98
 15   30     1.72  2.66  3.61  4.27  4.49  4.53  4.19  4.51  3.79  3.33  2.12  1.46     3.39  1.95  4.12  4.41  3.08
 15   40     1.78  2.75  3.65  4.16  4.27  4.27  3.96  4.34  3.75  3.40  2.20  1.52     3.34  2.02  4.03  4.19  3.12
 15   50     1.82  2.80  3.64  3.96  3.97  3.94  3.68  4.08  3.62  3.40  2.23  1.55     3.23  2.06  3.86  3.90  3.09
 15   60     1.84  2.80  3.58  3.70  3.61  3.54  3.33  3.75  3.42  3.31  2.22  1.55     3.06  2.06  3.63  3.54  2.99
 15   70     1.82  2.77  3.46  3.37  3.19  3.10  2.94  3.34  3.16  3.16  2.16  1.53     2.83  2.04  3.34  3.13  2.82
 15   80     1.78  2.69  3.28  2.98  2.73  2.62  2.51  2.89  2.83  2.93  2.05  1.48     2.56  1.98  3.00  2.68  2.60
 15   90     1.71  2.58  3.06  2.55  2.24  2.15  2.08  2.41  2.45  2.64  1.90  1.40     2.26  1.90  2.62  2.21  2.33
 30   10     1.51  2.36  3.33  4.21  4.67  4.80  4.40  4.57  3.63  2.93  1.79  1.26     3.29  1.71  4.07  4.59  2.78
 30   20     1.60  2.50  3.46  4.26  4.62  4.71  4.33  4.58  3.72  3.12  1.94  1.35     3.35  1.82  4.12  4.54  2.93
 30   30     1.68  2.60  3.55  4.22  4.49  4.54  4.19  4.50  3.74  3.24  2.04  1.42     3.35  1.90  4.09  4.41  3.01
 30   40     1.73  2.67  3.58  4.12  4.28  4.29  3.98  4.34  3.69  3.29  2.11  1.47     3.30  1.96  3.99  4.20  3.03
 30   50     1.76  2.71  3.56  3.93  4.00  3.97  3.70  4.09  3.56  3.27  2.13  1.49     3.18  1.99  3.83  3.92  2.99
 30   60     1.76  2.70  3.48  3.67  3.65  3.60  3.37  3.78  3.36  3.18  2.10  1.49     3.01  1.98  3.60  3.58  2.88
 30   70     1.75  2.66  3.36  3.35  3.26  3.18  2.99  3.40  3.10  3.01  2.02  1.45     2.80  1.95  3.33  3.19  2.71
 30   80     1.70  2.58  3.20  2.98  2.83  2.75  2.60  2.98  2.79  2.78  1.91  1.40     2.54  1.89  3.00  2.78  2.49
 30   90     1.63  2.46  2.98  2.59  2.39  2.30  2.20  2.54  2.43  2.50  1.75  1.32     2.26  1.80  2.65  2.35  2.23
 45   10     1.49  2.33  3.30  4.18  4.66  4.80  4.39  4.55  3.59  2.88  1.75  1.24     3.26  1.68  4.04  4.58  2.74
 45   20     1.56  2.43  3.40  4.21  4.61  4.71  4.32  4.55  3.66  3.03  1.86  1.31     3.30  1.77  4.07  4.53  2.85
 45   30     1.61  2.51  3.46  4.16  4.48  4.54  4.18  4.47  3.66  3.12  1.94  1.36     3.29  1.83  4.03  4.39  2.90
 45   40     1.65  2.56  3.47  4.04  4.28  4.31  3.97  4.30  3.59  3.13  1.97  1.39     3.22  1.86  3.93  4.19  2.90
 45   50     1.66  2.57  3.43  3.85  4.01  4.01  3.71  4.08  3.46  3.09  1.97  1.39     3.10  1.88  3.77  3.93  2.84
 45   60     1.65  2.55  3.35  3.60  3.69  3.66  3.40  3.78  3.26  2.98  1.93  1.38     2.94  1.86  3.55  3.61  2.72
 45   70     1.62  2.50  3.23  3.31  3.33  3.28  3.06  3.44  3.01  2.81  1.84  1.34     2.73  1.82  3.29  3.26  2.55
 45   80     1.57  2.42  3.07  2.97  2.93  2.87  2.69  3.04  2.72  2.58  1.72  1.27     2.49  1.75  2.99  2.87  2.34
 45   90     1.50  2.31  2.88  2.61  2.53  2.46  2.31  2.65  2.39  2.33  1.57  1.19     2.23  1.67  2.67  2.47  2.09
 60   10     1.46  2.28  3.25  4.14  4.64  4.79  4.38  4.52  3.55  2.82  1.70  1.21     3.23  1.65  4.01  4.56  2.69
 60   20     1.50  2.35  3.31  4.13  4.58  4.70  4.30  4.50  3.58  2.91  1.77  1.25     3.24  1.70  4.01  4.50  2.75
 60   30     1.53  2.39  3.34  4.07  4.45  4.53  4.16  4.41  3.55  2.94  1.81  1.28     3.20  1.73  3.95  4.37  2.77
 60   40     1.54  2.41  3.32  3.93  4.25  4.30  3.96  4.25  3.46  2.93  1.81  1.28     3.12  1.75  3.84  4.17  2.73
 60   50     1.54  2.40  3.27  3.74  4.00  4.03  3.71  4.02  3.31  2.86  1.78  1.27     2.99  1.74  3.67  3.92  2.65
 60   60     1.52  2.37  3.18  3.50  3.70  3.70  3.42  3.75  3.12  2.73  1.72  1.24     2.83  1.71  3.46  3.62  2.52
 60   70     1.48  2.31  3.06  3.22  3.36  3.34  3.09  3.42  2.88  2.57  1.63  1.20     2.63  1.66  3.21  3.28  2.36
 60   80     1.43  2.24  2.92  2.91  3.00  2.97  2.75  3.07  2.61  2.36  1.51  1.13     2.41  1.60  2.95  2.93  2.16
 60   90     1.36  2.14  2.75  2.58  2.63  2.59  2.40  2.70  2.31  2.12  1.37  1.05     2.17  1.52  2.65  2.56  1.93
 75   10     1.42  2.23  3.20  4.10  4.62  4.78  4.37  4.49  3.50  2.74  1.65  1.17     3.19  1.61  3.97  4.54  2.63
 75   20     1.44  2.26  3.21  4.05  4.54  4.67  4.28  4.43  3.48  2.77  1.67  1.19     3.17  1.63  3.93  4.46  2.64
 75   30     1.44  2.26  3.19  3.94  4.40  4.51  4.13  4.32  3.41  2.75  1.66  1.19     3.10  1.63  3.85  4.32  2.61
 75   40     1.43  2.25  3.15  3.80  4.20  4.28  3.92  4.15  3.29  2.69  1.63  1.17     3.00  1.62  3.71  4.12  2.54
 75   50     1.40  2.22  3.08  3.60  3.95  4.00  3.67  3.93  3.14  2.60  1.58  1.14     2.86  1.59  3.54  3.87  2.44
 75   60     1.37  2.18  2.98  3.36  3.66  3.70  3.39  3.65  2.94  2.46  1.50  1.10     2.69  1.55  3.34  3.58  2.30
 75   70     1.33  2.12  2.88  3.10  3.35  3.36  3.09  3.36  2.72  2.30  1.41  1.05     2.50  1.50  3.11  3.27  2.14
 75   80     1.28  2.05  2.74  2.80  3.00  3.00  2.76  3.03  2.46  2.11  1.30  0.99     2.29  1.44  2.85  2.93  1.96
 75   90     1.23  1.97  2.61  2.51  2.66  2.65  2.43  2.69  2.20  1.89  1.17  0.92     2.08  1.37  2.59  2.59  1.75
 90   10     1.39  2.18  3.14  4.05  4.59  4.76  4.35  4.45  3.44  2.66  1.59  1.14     3.15  1.57  3.93  4.52  2.56
 90   20     1.37  2.15  3.10  3.96  4.49  4.65  4.24  4.36  3.37  2.61  1.56  1.12     3.08  1.55  3.85  4.42  2.51
 90   30     1.34  2.12  3.03  3.81  4.33  4.47  4.08  4.21  3.25  2.54  1.51  1.09     2.98  1.52  3.72  4.25  2.43
 90   40     1.31  2.07  2.96  3.63  4.12  4.23  3.87  4.01  3.10  2.44  1.45  1.06     2.85  1.48  3.57  4.04  2.33
 90   50     1.27  2.03  2.87  3.42  3.86  3.96  3.62  3.79  2.93  2.31  1.38  1.02     2.70  1.44  3.38  3.79  2.21
 90   60     1.24  1.98  2.77  3.18  3.57  3.65  3.33  3.52  2.73  2.17  1.29  0.97     2.53  1.39  3.17  3.50  2.07
 90   70     1.20  1.93  2.67  2.92  3.27  3.33  3.04  3.22  2.51  2.00  1.20  0.92     2.35  1.35  2.95  3.19  1.90
 90   80     1.15  1.86  2.55  2.66  2.95  2.99  2.73  2.93  2.28  1.84  1.10  0.86     2.16  1.29  2.72  2.88  1.74
 90   90     1.11  1.81  2.44  2.38  2.62  2.65  2.42  2.61  2.03  1.65  0.99  0.80     1.96  1.24  2.48  2.56  1.56
105   10     1.35  2.13  3.08  4.00  4.57  4.75  4.33  4.41  3.38  2.58  1.53  1.10     3.10  1.53  3.88  4.50  2.50
105   20     1.30  2.05  2.98  3.85  4.44  4.62  4.21  4.27  3.25  2.45  1.45  1.05     2.99  1.47  3.76  4.37  2.38
105   30     1.25  1.98  2.87  3.66  4.24  4.41  4.02  4.08  3.09  2.31  1.36  1.00     2.86  1.41  3.59  4.17  2.25
105   40     1.20  1.91  2.76  3.44  4.00  4.16  3.79  3.85  2.90  2.17  1.27  0.95     2.70  1.35  3.40  3.93  2.11
105   50     1.16  1.85  2.65  3.21  3.73  3.87  3.52  3.60  2.70  2.02  1.18  0.90     2.53  1.30  3.20  3.66  1.97
105   60     1.12  1.79  2.55  2.97  3.44  3.55  3.24  3.33  2.49  1.87  1.10  0.85     2.36  1.25  2.98  3.37  1.82
105   70     1.09  1.75  2.44  2.72  3.13  3.23  2.94  3.05  2.28  1.72  1.00  0.81     2.18  1.21  2.77  3.07  1.67
105   80     1.05  1.70  2.36  2.46  2.83  2.91  2.64  2.75  2.06  1.56  0.92  0.76     2.00  1.17  2.55  2.77  1.52
105   90     1.02  1.66  2.26  2.22  2.53  2.59  2.35  2.47  1.86  1.41  0.83  0.71     1.83  1.13  2.34  2.47  1.37
120   10     1.32  2.08  3.02  3.95  4.54  4.74  4.32  4.37  3.32  2.50  1.48  1.07     3.06  1.49  3.84  4.47  2.43
120   20     1.23  1.96  2.87  3.75  4.38  4.58  4.17  4.18  3.13  2.30  1.34  0.99     2.91  1.39  3.67  4.31  2.26
120   30     1.16  1.84  2.71  3.51  4.15  4.35  3.96  3.94  2.91  2.10  1.21  0.92     2.73  1.31  3.45  4.08  2.07
120   40     1.10  1.75  2.56  3.24  3.87  4.06  3.69  3.67  2.68  1.91  1.10  0.86     2.54  1.24  3.22  3.81  1.90
120   50     1.06  1.68  2.42  2.98  3.56  3.74  3.40  3.38  2.46  1.73  1.01  0.81     2.35  1.18  2.99  3.51  1.73
120   60     1.03  1.63  2.32  2.71  3.25  3.41  3.10  3.09  2.24  1.58  0.93  0.76     2.17  1.14  2.76  3.20  1.58
120   70     1.00  1.59  2.23  2.47  2.95  3.08  2.80  2.81  2.03  1.45  0.85  0.73     2.00  1.11  2.55  2.90  1.44
120   80     0.98  1.57  2.16  2.25  2.65  2.76  2.51  2.54  1.84  1.31  0.78  0.69     1.84  1.08  2.35  2.60  1.31
120   90     0.96  1.55  2.10  2.02  2.37  2.46  2.23  2.27  1.66  1.19  0.71  0.65     1.68  1.05  2.16  2.32  1.19
135   10     1.29  2.04  2.97  3.91  4.52  4.73  4.31  4.33  3.27  2.43  1.43  1.04     3.02  1.45  3.80  4.45  2.38
135   20     1.18  1.87  2.77  3.66  4.33  4.55  4.14  4.11  3.02  2.16  1.25  0.93     2.83  1.33  3.59  4.27  2.14
135   30     1.09  1.72  2.56  3.37  4.06  4.30  3.90  3.81  2.75  1.89  1.09  0.84     2.61  1.22  3.33  4.00  1.91
135   40     1.03  1.61  2.37  3.04  3.73  3.97  3.60  3.48  2.46  1.66  0.96  0.78     2.39  1.14  3.05  3.68  1.70
135   50     0.99  1.54  2.21  2.73  3.37  3.61  3.27  3.13  2.20  1.47  0.87  0.74     2.18  1.09  2.77  3.34  1.51
135   60     0.97  1.50  2.11  2.46  3.03  3.23  2.94  2.81  1.98  1.33  0.81  0.71     1.99  1.06  2.53  2.99  1.37
135   70     0.96  1.48  2.03  2.22  2.72  2.89  2.63  2.52  1.78  1.21  0.74  0.68     1.82  1.04  2.32  2.68  1.24
135   80     0.95  1.47  1.98  2.00  2.43  2.58  2.35  2.27  1.61  1.10  0.69  0.65     1.67  1.03  2.14  2.40  1.13
135   90     0.94  1.47  1.95  1.81  2.18  2.29  2.09  2.04  1.45  1.01  0.63  0.63     1.54  1.01  1.98  2.14  1.03
150   10     1.27  2.00  2.94  3.88  4.50  4.72  4.30  4.30  3.23  2.38  1.39  1.02     2.99  1.43  3.77  4.44  2.33
150   20     1.13  1.80  2.69  3.59  4.29  4.54  4.12  4.04  2.94  2.04  1.17  0.89     2.77  1.28  3.52  4.23  2.05
150   30     1.03  1.62  2.43  3.25  3.99  4.27  3.86  3.71  2.61  1.71  0.98  0.79     2.52  1.15  3.22  3.95  1.77
150   40     0.98  1.49  2.19  2.87  3.62  3.91  3.54  3.31  2.26  1.43  0.85  0.74     2.27  1.07  2.89  3.59  1.51
150   50     0.97  1.43  2.01  2.50  3.19  3.49  3.15  2.89  1.96  1.24  0.79  0.72     2.03  1.04  2.57  3.18  1.33
150   60     0.96  1.41  1.92  2.19  2.78  3.04  2.76  2.51  1.72  1.11  0.74  0.70     1.82  1.02  2.29  2.77  1.19
150   70     0.95  1.42  1.87  1.95  2.44  2.65  2.42  2.22  1.55  1.03  0.70  0.68     1.66  1.02  2.09  2.43  1.09
150   80     0.95  1.43  1.85  1.77  2.17  2.35  2.14  1.99  1.41  0.96  0.65  0.65     1.53  1.01  1.93  2.16  1.01
150   90     0.94  1.44  1.84  1.63  1.95  2.09  1.91  1.80  1.29  0.90  0.61  0.62     1.42  1.00  1.81  1.93  0.93
165   10     1.25  1.98  2.91  3.86  4.50  4.72  4.29  4.28  3.20  2.34  1.37  1.00     2.98  1.41  3.75  4.43  2.31
165   20     1.10  1.76  2.64  3.55  4.27  4.53  4.11  4.00  2.89  1.97  1.12  0.86     2.73  1.24  3.49  4.22  1.99
165   30     0.98  1.54  2.34  3.19  3.96  4.26  3.85  3.64  2.52  1.58  0.89  0.75     2.46  1.09  3.16  3.92  1.66
165   40     0.97  1.39  2.05  2.76  3.58  3.90  3.52  3.21  2.11  1.23  0.81  0.74     2.19  1.03  2.80  3.55  1.39
165   50     0.97  1.39  1.84  2.30  3.13  3.48  3.13  2.73  1.73  1.06  0.78  0.72     1.94  1.02  2.42  3.11  1.19
165   60     0.96  1.40  1.78  1.92  2.63  2.99  2.69  2.22  1.50  1.00  0.74  0.70     1.71  1.02  2.11  2.63  1.08
165   70     0.95  1.41  1.77  1.72  2.19  2.47  2.24  1.91  1.36  0.95  0.70  0.68     1.53  1.01  1.89  2.21  1.00
165   80     0.95  1.42  1.78  1.58  1.94  2.14  1.97  1.73  1.27  0.90  0.65  0.65     1.42  1.01  1.77  1.95  0.94
165   90     0.94  1.44  1.79  1.48  1.76  1.92  1.77  1.59  1.18  0.84  0.61  0.62     1.33  1.00  1.67  1.76  0.88
180   10     1.25  1.98  2.90  3.85  4.50  4.72  4.29  4.27  3.20  2.33  1.36  1.00     2.97  1.41  3.75  4.43  2.29
180   20     1.09  1.74  2.62  3.54  4.27  4.53  4.11  3.98  2.87  1.94  1.10  0.84     2.72  1.23  3.48  4.21  1.97
180   30     0.98  1.51  2.31  3.17  3.96  4.26  3.85  3.62  2.49  1.52  0.86  0.75     2.44  1.08  3.15  3.91  1.62
180   40     0.97  1.38  1.98  2.74  3.57  3.90  3.52  3.18  2.07  1.12  0.81  0.74     2.17  1.03  2.77  3.54  1.33
180   50     0.97  1.39  1.73  2.27  3.12  3.48  3.13  2.69  1.62  1.04  0.78  0.72     1.91  1.02  2.37  3.10  1.14
180   60     0.96  1.40  1.74  1.77  2.62  2.99  2.69  2.16  1.36  1.00  0.74  0.70     1.68  1.02  2.04  2.61  1.03
180   70     0.95  1.41  1.75  1.60  2.10  2.46  2.22  1.75  1.28  0.95  0.70  0.68     1.49  1.01  1.81  2.14  0.98
180   80     0.95  1.42  1.76  1.50  1.85  2.06  1.90  1.59  1.21  0.90  0.65  0.65     1.37  1.01  1.71  1.85  0.92
180   90     0.94  1.44  1.77  1.42  1.69  1.85  1.72  1.48  1.13  0.84  0.61  0.62     1.29  1.00  1.63  1.68  0.86
             60.5  57.4  43.8  22.3  10.7   4.1   6.9  16.5  29.5  45.2  53.4  56.9     27.2  58.1  22.7   9.3  41.2
             1.86  2.84  3.68  4.30  4.67  4.82  4.41  4.60  3.81  3.45  2.28  1.58     3.52  2.09  4.15  4.59  3.15
             1.71  2.65  3.60  4.29  4.54  4.59  4.24  4.54  3.81  3.32  2.11  1.45     3.40  1.94  4.15  4.46  3.08
             1.09  1.07  1.02  1.00  1.03  1.05  1.04  1.01  1.00  1.04  1.08  1.09     1.04  1.08  1.02  1.03  1.04
             1.23  1.20  1.14  1.05  0.98  0.95  0.97  1.01  1.10  1.23  1.30  1.26     1.12  1.23  1.06  0.98  1.21
temperature  -1.9  -1.3   1.8   8.6  14.4  19.1  22.5  24.1  19.3  12.4   6.0   0.9     10.5  -0.8   8.3  21.9  12.6
diffusedrad  1.06  1.55  2.00  2.23  2.50  2.69  2.59  2.31  1.90  1.43  1.00  0.85     1.84  1.15  2.24  2.53  1.44
snow10cm     0.89  0.97  0.77  0.07  0.00  0.00  0.00  0.00  0.00  0.00  0.03  0.42     0.26  0.76  0.28  0.00  0.01
