2 32691   湯沢            39 11.2  140 27.8   74
             1.35  2.11  3.14  4.27  4.81  4.89  4.59  4.54  3.41  2.62  1.60  1.13     3.21  1.53  4.07  4.68  2.54
             1.65  2.52  3.65  5.24  5.66  5.69  5.70  5.35  4.03  3.00  1.87  1.35     3.43  1.67  4.43  5.27  2.82
             1.09  1.78  2.65  3.79  4.12  4.19  3.34  3.45  2.64  1.95  1.11  0.96     3.02  1.37  3.77  4.05  2.21
  0   10     1.46  2.25  3.34  4.42  4.85  4.88  4.59  4.64  3.59  2.88  1.79  1.24     3.33  1.65  4.20  4.71  2.75
  0   20     1.56  2.39  3.49  4.50  4.80  4.79  4.52  4.66  3.70  3.09  1.95  1.34     3.40  1.76  4.26  4.65  2.91
  0   30     1.64  2.50  3.59  4.47  4.66  4.59  4.36  4.57  3.73  3.22  2.08  1.41     3.40  1.85  4.24  4.51  3.01
  0   40     1.69  2.57  3.63  4.35  4.41  4.32  4.12  4.39  3.68  3.29  2.16  1.46     3.34  1.91  4.13  4.28  3.04
  0   50     1.72  2.61  3.62  4.15  4.10  3.97  3.80  4.12  3.55  3.28  2.20  1.49     3.22  1.94  3.95  3.96  3.01
  0   60     1.73  2.61  3.54  3.86  3.71  3.55  3.42  3.77  3.35  3.20  2.19  1.49     3.04  1.94  3.70  3.58  2.91
  0   70     1.71  2.57  3.41  3.50  3.24  3.08  2.99  3.36  3.09  3.05  2.13  1.46     2.80  1.92  3.38  3.14  2.75
  0   80     1.67  2.50  3.22  3.08  2.74  2.59  2.53  2.88  2.76  2.83  2.02  1.41     2.52  1.86  3.01  2.66  2.54
  0   90     1.61  2.40  2.99  2.60  2.22  2.07  2.05  2.36  2.39  2.55  1.87  1.33     2.20  1.78  2.60  2.16  2.27
 15   10     1.46  2.25  3.33  4.42  4.85  4.88  4.59  4.64  3.58  2.87  1.78  1.23     3.32  1.65  4.20  4.71  2.74
 15   20     1.55  2.38  3.48  4.49  4.80  4.78  4.52  4.65  3.69  3.07  1.94  1.33     3.39  1.75  4.25  4.65  2.90
 15   30     1.62  2.48  3.57  4.46  4.66  4.60  4.36  4.57  3.71  3.20  2.06  1.40     3.39  1.83  4.23  4.51  2.99
 15   40     1.67  2.55  3.61  4.34  4.42  4.33  4.12  4.39  3.66  3.26  2.13  1.45     3.33  1.89  4.13  4.28  3.02
 15   50     1.70  2.58  3.59  4.14  4.11  3.98  3.81  4.13  3.54  3.24  2.16  1.47     3.20  1.92  3.94  3.98  2.98
 15   60     1.71  2.58  3.51  3.86  3.72  3.58  3.44  3.79  3.34  3.16  2.14  1.47     3.02  1.92  3.70  3.60  2.88
 15   70     1.69  2.54  3.38  3.51  3.27  3.12  3.02  3.37  3.08  3.00  2.08  1.44     2.79  1.89  3.39  3.17  2.72
 15   80     1.65  2.47  3.19  3.09  2.79  2.63  2.57  2.92  2.76  2.78  1.97  1.38     2.52  1.83  3.02  2.71  2.50
 15   90     1.58  2.37  2.96  2.64  2.28  2.15  2.11  2.42  2.39  2.50  1.82  1.31     2.21  1.75  2.63  2.23  2.23
 30   10     1.45  2.23  3.31  4.40  4.84  4.88  4.59  4.63  3.56  2.84  1.75  1.22     3.31  1.63  4.18  4.70  2.72
 30   20     1.52  2.35  3.44  4.45  4.80  4.79  4.52  4.64  3.65  3.01  1.89  1.30     3.36  1.72  4.23  4.65  2.85
 30   30     1.59  2.43  3.52  4.41  4.66  4.61  4.36  4.56  3.66  3.12  1.99  1.36     3.36  1.79  4.20  4.51  2.92
 30   40     1.63  2.48  3.54  4.30  4.44  4.35  4.14  4.39  3.61  3.16  2.04  1.40     3.29  1.84  4.09  4.29  2.94
 30   50     1.65  2.50  3.50  4.10  4.14  4.02  3.84  4.14  3.48  3.13  2.06  1.42     3.17  1.86  3.92  4.00  2.89
 30   60     1.65  2.49  3.42  3.83  3.78  3.64  3.49  3.82  3.28  3.03  2.03  1.41     2.99  1.85  3.67  3.65  2.78
 30   70     1.62  2.45  3.29  3.50  3.36  3.21  3.09  3.44  3.02  2.87  1.95  1.37     2.76  1.81  3.38  3.25  2.62
 30   80     1.58  2.37  3.11  3.10  2.92  2.77  2.68  3.01  2.72  2.64  1.84  1.31     2.50  1.75  3.04  2.82  2.40
 30   90     1.51  2.27  2.88  2.69  2.45  2.31  2.26  2.55  2.37  2.37  1.69  1.23     2.21  1.67  2.67  2.38  2.14
 45   10     1.43  2.21  3.28  4.37  4.83  4.88  4.58  4.62  3.53  2.79  1.72  1.20     3.29  1.61  4.16  4.69  2.68
 45   20     1.49  2.29  3.38  4.39  4.79  4.79  4.51  4.61  3.59  2.92  1.82  1.26     3.32  1.68  4.18  4.63  2.78
 45   30     1.53  2.35  3.42  4.35  4.65  4.61  4.36  4.53  3.59  3.00  1.89  1.31     3.30  1.73  4.14  4.50  2.83
 45   40     1.55  2.38  3.42  4.22  4.44  4.37  4.14  4.36  3.51  3.01  1.92  1.33     3.22  1.76  4.03  4.29  2.81
 45   50     1.56  2.39  3.38  4.03  4.17  4.07  3.87  4.13  3.38  2.95  1.91  1.33     3.10  1.76  3.86  4.02  2.75
 45   60     1.55  2.36  3.29  3.76  3.83  3.71  3.53  3.82  3.18  2.85  1.87  1.31     2.92  1.74  3.63  3.69  2.63
 45   70     1.51  2.31  3.15  3.45  3.45  3.32  3.17  3.48  2.93  2.68  1.78  1.26     2.71  1.70  3.35  3.33  2.46
 45   80     1.46  2.24  2.99  3.09  3.03  2.90  2.79  3.08  2.65  2.46  1.67  1.20     2.46  1.63  3.04  2.92  2.26
 45   90     1.40  2.14  2.78  2.71  2.61  2.48  2.39  2.67  2.33  2.21  1.51  1.12     2.20  1.55  2.70  2.52  2.02
 60   10     1.40  2.17  3.23  4.33  4.82  4.87  4.57  4.59  3.49  2.73  1.68  1.18     3.25  1.58  4.13  4.68  2.63
 60   20     1.44  2.22  3.29  4.32  4.76  4.77  4.49  4.56  3.51  2.82  1.74  1.21     3.26  1.62  4.12  4.61  2.69
 60   30     1.46  2.25  3.30  4.25  4.62  4.61  4.34  4.47  3.48  2.84  1.77  1.23     3.22  1.65  4.06  4.47  2.69
 60   40     1.46  2.26  3.28  4.11  4.42  4.37  4.13  4.31  3.39  2.82  1.77  1.24     3.13  1.65  3.94  4.27  2.66
 60   50     1.45  2.25  3.22  3.91  4.16  4.09  3.86  4.07  3.24  2.74  1.74  1.22     3.00  1.64  3.76  4.01  2.57
 60   60     1.43  2.21  3.12  3.66  3.85  3.76  3.56  3.80  3.05  2.62  1.67  1.19     2.83  1.61  3.54  3.71  2.45
 60   70     1.39  2.15  2.99  3.36  3.48  3.39  3.22  3.46  2.81  2.46  1.59  1.14     2.62  1.56  3.28  3.36  2.29
 60   80     1.34  2.08  2.84  3.04  3.12  3.01  2.86  3.11  2.55  2.25  1.47  1.07     2.39  1.50  3.00  2.99  2.09
 60   90     1.28  1.99  2.66  2.69  2.73  2.63  2.50  2.74  2.25  2.02  1.33  1.00     2.15  1.42  2.69  2.62  1.87
 75   10     1.37  2.13  3.18  4.28  4.80  4.86  4.55  4.55  3.44  2.67  1.63  1.15     3.22  1.55  4.08  4.66  2.58
 75   20     1.38  2.14  3.19  4.23  4.72  4.75  4.46  4.50  3.42  2.68  1.64  1.16     3.19  1.56  4.04  4.57  2.58
 75   30     1.38  2.14  3.17  4.12  4.57  4.59  4.31  4.38  3.35  2.66  1.63  1.15     3.12  1.55  3.95  4.42  2.55
 75   40     1.36  2.12  3.11  3.97  4.37  4.36  4.10  4.21  3.23  2.60  1.60  1.13     3.01  1.54  3.81  4.22  2.48
 75   50     1.33  2.09  3.03  3.76  4.11  4.07  3.84  3.98  3.08  2.50  1.55  1.10     2.87  1.51  3.63  3.96  2.38
 75   60     1.30  2.04  2.93  3.51  3.81  3.76  3.54  3.71  2.88  2.37  1.47  1.06     2.70  1.47  3.42  3.67  2.24
 75   70     1.26  1.99  2.81  3.24  3.48  3.42  3.23  3.41  2.66  2.21  1.38  1.01     2.51  1.42  3.18  3.35  2.08
 75   80     1.21  1.92  2.66  2.92  3.12  3.05  2.88  3.07  2.40  2.02  1.27  0.95     2.29  1.36  2.90  3.00  1.90
 75   90     1.16  1.85  2.52  2.62  2.77  2.69  2.54  2.73  2.15  1.81  1.14  0.88     2.07  1.29  2.64  2.65  1.70
 90   10     1.34  2.08  3.12  4.22  4.77  4.85  4.54  4.52  3.38  2.59  1.57  1.11     3.17  1.51  4.04  4.63  2.52
 90   20     1.32  2.06  3.08  4.13  4.67  4.73  4.43  4.42  3.31  2.54  1.54  1.09     3.11  1.49  3.96  4.53  2.46
 90   30     1.29  2.02  3.01  3.98  4.50  4.54  4.26  4.27  3.20  2.46  1.49  1.07     3.01  1.46  3.83  4.36  2.38
 90   40     1.26  1.97  2.93  3.78  4.28  4.31  4.04  4.08  3.05  2.36  1.43  1.03     2.88  1.42  3.66  4.14  2.28
 90   50     1.22  1.93  2.83  3.57  4.02  4.03  3.78  3.84  2.88  2.23  1.36  0.99     2.72  1.38  3.47  3.88  2.16
 90   60     1.18  1.87  2.72  3.32  3.72  3.71  3.48  3.57  2.68  2.10  1.28  0.94     2.55  1.33  3.25  3.59  2.02
 90   70     1.14  1.82  2.60  3.05  3.41  3.39  3.17  3.27  2.46  1.93  1.18  0.89     2.36  1.28  3.02  3.28  1.86
 90   80     1.10  1.76  2.48  2.78  3.08  3.04  2.86  2.98  2.23  1.77  1.08  0.83     2.17  1.23  2.78  2.96  1.70
 90   90     1.06  1.71  2.35  2.48  2.73  2.69  2.53  2.65  1.99  1.59  0.97  0.77     1.96  1.18  2.52  2.63  1.52
105   10     1.31  2.04  3.06  4.17  4.75  4.84  4.52  4.47  3.33  2.52  1.51  1.08     3.13  1.48  3.99  4.61  2.45
105   20     1.26  1.97  2.96  4.02  4.61  4.70  4.39  4.34  3.20  2.40  1.43  1.03     3.03  1.42  3.86  4.47  2.34
105   30     1.21  1.90  2.84  3.82  4.41  4.49  4.20  4.14  3.04  2.26  1.35  0.98     2.89  1.36  3.69  4.28  2.21
105   40     1.16  1.84  2.73  3.59  4.16  4.23  3.95  3.91  2.86  2.12  1.26  0.93     2.73  1.31  3.49  4.03  2.08
105   50     1.12  1.77  2.61  3.34  3.88  3.94  3.68  3.65  2.66  1.98  1.17  0.88     2.56  1.26  3.28  3.76  1.94
105   60     1.08  1.72  2.50  3.09  3.58  3.62  3.38  3.38  2.45  1.82  1.09  0.83     2.38  1.21  3.05  3.46  1.79
105   70     1.05  1.67  2.38  2.83  3.26  3.29  3.07  3.09  2.25  1.67  1.00  0.79     2.20  1.17  2.82  3.15  1.64
105   80     1.01  1.63  2.28  2.56  2.95  2.96  2.76  2.79  2.03  1.52  0.92  0.74     2.01  1.13  2.60  2.84  1.49
105   90     0.98  1.59  2.17  2.31  2.64  2.64  2.46  2.51  1.82  1.37  0.83  0.69     1.84  1.09  2.38  2.54  1.34
120   10     1.28  2.00  3.01  4.12  4.72  4.82  4.51  4.43  3.27  2.44  1.46  1.05     3.09  1.44  3.95  4.59  2.39
120   20     1.21  1.89  2.85  3.91  4.55  4.66  4.35  4.25  3.09  2.25  1.33  0.98     2.94  1.36  3.77  4.42  2.23
120   30     1.14  1.79  2.69  3.65  4.31  4.43  4.13  4.00  2.88  2.06  1.21  0.91     2.77  1.28  3.55  4.19  2.05
120   40     1.08  1.70  2.53  3.37  4.02  4.13  3.85  3.72  2.65  1.88  1.11  0.85     2.57  1.21  3.31  3.90  1.88
120   50     1.04  1.63  2.39  3.09  3.70  3.81  3.55  3.43  2.43  1.71  1.02  0.80     2.38  1.16  3.06  3.59  1.72
120   60     1.00  1.59  2.27  2.81  3.38  3.47  3.23  3.13  2.21  1.56  0.93  0.75     2.20  1.12  2.82  3.28  1.57
120   70     0.98  1.54  2.17  2.56  3.06  3.14  2.92  2.85  2.00  1.42  0.85  0.71     2.02  1.08  2.60  2.97  1.43
120   80     0.96  1.52  2.08  2.32  2.76  2.81  2.62  2.58  1.81  1.28  0.79  0.68     1.85  1.05  2.39  2.67  1.29
120   90     0.94  1.49  2.01  2.09  2.47  2.51  2.33  2.31  1.63  1.17  0.71  0.64     1.69  1.02  2.19  2.38  1.17
135   10     1.26  1.96  2.96  4.07  4.70  4.81  4.49  4.39  3.23  2.38  1.42  1.02     3.06  1.42  3.91  4.57  2.34
135   20     1.16  1.82  2.75  3.81  4.49  4.64  4.32  4.17  2.99  2.13  1.25  0.93     2.87  1.30  3.68  4.38  2.12
135   30     1.08  1.69  2.54  3.50  4.21  4.38  4.07  3.87  2.72  1.87  1.10  0.84     2.65  1.20  3.41  4.11  1.90
135   40     1.02  1.58  2.34  3.15  3.87  4.04  3.75  3.53  2.45  1.65  0.97  0.78     2.43  1.13  3.12  3.77  1.69
135   50     0.98  1.51  2.18  2.82  3.49  3.67  3.40  3.18  2.19  1.47  0.89  0.74     2.21  1.08  2.83  3.42  1.51
135   60     0.96  1.48  2.06  2.53  3.14  3.29  3.05  2.85  1.96  1.32  0.82  0.71     2.01  1.05  2.58  3.06  1.37
135   70     0.95  1.45  1.97  2.28  2.81  2.94  2.73  2.56  1.77  1.20  0.76  0.68     1.84  1.03  2.35  2.74  1.24
135   80     0.93  1.44  1.91  2.06  2.52  2.62  2.43  2.30  1.60  1.10  0.70  0.65     1.69  1.01  2.16  2.45  1.13
135   90     0.92  1.44  1.87  1.86  2.25  2.33  2.17  2.07  1.44  1.01  0.64  0.62     1.55  0.99  1.99  2.19  1.03
150   10     1.24  1.93  2.92  4.04  4.68  4.81  4.48  4.37  3.19  2.33  1.38  1.00     3.03  1.39  3.88  4.55  2.30
150   20     1.12  1.76  2.67  3.73  4.45  4.62  4.30  4.10  2.91  2.02  1.18  0.89     2.81  1.26  3.62  4.34  2.04
150   30     1.03  1.60  2.41  3.37  4.14  4.35  4.03  3.76  2.59  1.71  0.99  0.79     2.56  1.14  3.31  4.04  1.76
150   40     0.98  1.48  2.17  2.96  3.75  3.98  3.68  3.36  2.25  1.44  0.87  0.74     2.31  1.07  2.96  3.67  1.52
150   50     0.96  1.43  1.98  2.56  3.30  3.55  3.27  2.93  1.95  1.25  0.80  0.72     2.06  1.04  2.62  3.25  1.34
150   60     0.96  1.41  1.87  2.23  2.87  3.09  2.86  2.54  1.72  1.13  0.76  0.70     1.84  1.02  2.32  2.83  1.20
150   70     0.95  1.41  1.81  1.98  2.52  2.69  2.50  2.25  1.55  1.04  0.71  0.67     1.67  1.01  2.10  2.48  1.10
150   80     0.94  1.41  1.77  1.80  2.23  2.38  2.20  2.01  1.41  0.97  0.67  0.64     1.54  1.00  1.94  2.20  1.01
150   90     0.93  1.41  1.76  1.65  2.00  2.11  1.96  1.82  1.28  0.90  0.62  0.61     1.42  0.98  1.80  1.97  0.93
165   10     1.23  1.92  2.90  4.02  4.67  4.80  4.47  4.35  3.16  2.30  1.36  0.99     3.01  1.38  3.86  4.54  2.27
165   20     1.10  1.73  2.62  3.69  4.44  4.62  4.28  4.06  2.86  1.95  1.13  0.86     2.78  1.23  3.58  4.32  1.98
165   30     0.99  1.54  2.32  3.30  4.12  4.34  4.00  3.70  2.50  1.59  0.91  0.76     2.51  1.10  3.25  4.01  1.67
165   40     0.97  1.40  2.03  2.84  3.71  3.98  3.65  3.26  2.12  1.26  0.82  0.74     2.23  1.04  2.86  3.63  1.40
165   50     0.96  1.39  1.80  2.35  3.24  3.54  3.23  2.77  1.74  1.09  0.79  0.72     1.97  1.02  2.46  3.18  1.21
165   60     0.96  1.40  1.73  1.94  2.71  3.04  2.76  2.25  1.50  1.02  0.75  0.70     1.73  1.02  2.13  2.69  1.09
165   70     0.95  1.40  1.71  1.72  2.23  2.50  2.28  1.93  1.37  0.97  0.71  0.67     1.54  1.01  1.89  2.24  1.02
165   80     0.94  1.41  1.70  1.59  1.98  2.16  1.99  1.74  1.27  0.91  0.67  0.64     1.42  1.00  1.75  1.96  0.95
165   90     0.93  1.41  1.70  1.48  1.79  1.93  1.78  1.60  1.18  0.85  0.62  0.61     1.32  0.98  1.66  1.77  0.89
180   10     1.23  1.91  2.89  4.01  4.67  4.80  4.47  4.34  3.16  2.29  1.35  0.99     3.01  1.38  3.86  4.54  2.27
180   20     1.09  1.72  2.60  3.68  4.43  4.62  4.27  4.04  2.84  1.93  1.11  0.85     2.77  1.22  3.57  4.31  1.96
180   30     0.98  1.51  2.29  3.28  4.11  4.34  3.99  3.67  2.48  1.54  0.88  0.76     2.49  1.08  3.23  4.00  1.63
180   40     0.97  1.39  1.96  2.82  3.70  3.98  3.63  3.23  2.07  1.16  0.82  0.74     2.21  1.03  2.83  3.61  1.35
180   50     0.96  1.39  1.69  2.32  3.23  3.54  3.21  2.73  1.64  1.07  0.79  0.72     1.94  1.02  2.41  3.16  1.17
180   60     0.96  1.40  1.69  1.79  2.70  3.04  2.74  2.19  1.37  1.02  0.75  0.70     1.70  1.02  2.06  2.66  1.05
180   70     0.95  1.40  1.69  1.58  2.14  2.50  2.23  1.75  1.29  0.97  0.71  0.67     1.49  1.01  1.80  2.16  0.99
180   80     0.94  1.41  1.69  1.49  1.88  2.08  1.89  1.60  1.22  0.91  0.67  0.64     1.37  1.00  1.69  1.85  0.93
180   90     0.93  1.41  1.69  1.41  1.72  1.86  1.70  1.48  1.14  0.85  0.62  0.61     1.28  0.98  1.61  1.68  0.87
             58.1  55.4  42.0  22.4  10.5   3.7   6.6  16.3  28.8  44.0  52.4  54.7     25.5  56.0  22.1   9.0  40.0
             1.73  2.61  3.63  4.50  4.85  4.90  4.60  4.66  3.73  3.30  2.20  1.49     3.52  1.94  4.27  4.71  3.04
             1.60  2.45  3.55  4.49  4.73  4.69  4.44  4.62  3.73  3.17  2.03  1.38     3.41  1.81  4.26  4.58  2.98
             1.08  1.07  1.02  1.00  1.03  1.04  1.04  1.01  1.00  1.04  1.08  1.08     1.04  1.08  1.02  1.03  1.04
             1.19  1.16  1.13  1.05  0.98  0.96  0.97  1.02  1.09  1.21  1.27  1.22     1.10  1.19  1.06  0.98  1.19
temperature  -1.7  -1.3   1.7   8.6  14.4  19.0  22.4  23.8  19.2  12.7   6.4   1.1     10.5  -0.6   8.2  21.7  12.8
diffusedrad  1.06  1.54  1.98  2.22  2.49  2.67  2.59  2.31  1.91  1.44  1.01  0.85     1.84  1.15  2.23  2.52  1.46
snow10cm     0.88  0.97  0.68  0.07  0.00  0.00  0.00  0.00  0.00  0.00  0.04  0.39     0.25  0.75  0.25  0.00  0.01
