2 32626   矢島            39 14.1  140  8.2   46
             1.28  2.02  3.07  4.28  4.88  4.95  4.60  4.61  3.44  2.63  1.56  1.09     3.20  1.46  4.08  4.72  2.54
             1.61  2.61  3.47  5.13  5.81  5.90  5.81  5.67  4.32  3.18  1.86  1.31     3.38  1.68  4.48  5.24  2.94
             1.11  1.69  2.54  3.77  3.60  3.21  3.48  3.41  2.61  2.07  1.03  0.91     2.76  1.30  3.56  3.87  2.15
  0   10     1.37  2.15  3.26  4.44  4.91  4.94  4.60  4.71  3.62  2.90  1.75  1.19     3.32  1.57  4.20  4.75  2.76
  0   20     1.44  2.26  3.40  4.51  4.87  4.84  4.53  4.73  3.73  3.11  1.91  1.28     3.38  1.66  4.26  4.70  2.92
  0   30     1.50  2.35  3.49  4.48  4.72  4.64  4.37  4.64  3.77  3.25  2.02  1.35     3.38  1.73  4.23  4.55  3.01
  0   40     1.54  2.41  3.53  4.36  4.47  4.36  4.13  4.46  3.72  3.32  2.10  1.39     3.32  1.78  4.12  4.32  3.05
  0   50     1.56  2.44  3.51  4.15  4.15  4.01  3.81  4.19  3.59  3.31  2.13  1.41     3.19  1.80  3.94  4.00  3.01
  0   60     1.56  2.44  3.43  3.86  3.75  3.59  3.43  3.83  3.39  3.23  2.12  1.41     3.00  1.80  3.68  3.62  2.91
  0   70     1.54  2.40  3.30  3.50  3.28  3.11  3.00  3.40  3.12  3.08  2.06  1.38     2.76  1.77  3.36  3.17  2.75
  0   80     1.50  2.33  3.13  3.06  2.77  2.60  2.53  2.92  2.79  2.86  1.96  1.33     2.48  1.72  2.99  2.69  2.54
  0   90     1.44  2.23  2.90  2.58  2.24  2.09  2.06  2.39  2.41  2.58  1.81  1.25     2.17  1.64  2.57  2.18  2.27
 15   10     1.36  2.14  3.25  4.43  4.92  4.94  4.60  4.71  3.62  2.89  1.74  1.19     3.31  1.56  4.20  4.75  2.75
 15   20     1.43  2.25  3.39  4.50  4.86  4.83  4.52  4.73  3.72  3.09  1.89  1.27     3.37  1.65  4.25  4.70  2.90
 15   30     1.49  2.34  3.47  4.47  4.72  4.65  4.37  4.64  3.75  3.22  2.00  1.34     3.37  1.72  4.22  4.55  2.99
 15   40     1.52  2.39  3.50  4.35  4.49  4.37  4.13  4.46  3.70  3.29  2.07  1.38     3.31  1.76  4.11  4.32  3.02
 15   50     1.54  2.42  3.48  4.14  4.16  4.02  3.82  4.19  3.57  3.27  2.10  1.40     3.18  1.78  3.93  4.01  2.98
 15   60     1.54  2.41  3.40  3.86  3.77  3.61  3.45  3.85  3.37  3.19  2.08  1.39     2.99  1.78  3.68  3.64  2.88
 15   70     1.51  2.37  3.27  3.50  3.31  3.15  3.03  3.42  3.11  3.03  2.01  1.36     2.76  1.75  3.36  3.20  2.72
 15   80     1.47  2.30  3.09  3.08  2.82  2.65  2.58  2.96  2.79  2.81  1.91  1.31     2.48  1.69  3.00  2.73  2.50
 15   90     1.42  2.20  2.87  2.62  2.30  2.16  2.12  2.45  2.41  2.52  1.76  1.23     2.17  1.62  2.60  2.24  2.23
 30   10     1.35  2.13  3.23  4.41  4.91  4.94  4.60  4.70  3.60  2.86  1.72  1.18     3.30  1.55  4.18  4.75  2.72
 30   20     1.41  2.22  3.35  4.46  4.86  4.84  4.53  4.72  3.69  3.03  1.85  1.25     3.35  1.63  4.22  4.69  2.85
 30   30     1.46  2.29  3.42  4.42  4.72  4.66  4.37  4.63  3.70  3.14  1.94  1.30     3.34  1.69  4.19  4.55  2.92
 30   40     1.49  2.34  3.44  4.31  4.50  4.40  4.14  4.47  3.65  3.18  1.99  1.34     3.27  1.72  4.08  4.34  2.94
 30   50     1.50  2.35  3.40  4.11  4.20  4.07  3.85  4.21  3.51  3.16  2.00  1.35     3.14  1.73  3.90  4.04  2.89
 30   60     1.49  2.33  3.31  3.83  3.83  3.68  3.50  3.88  3.31  3.06  1.97  1.33     2.96  1.72  3.66  3.69  2.78
 30   70     1.46  2.29  3.19  3.49  3.41  3.24  3.10  3.49  3.06  2.89  1.90  1.30     2.73  1.68  3.36  3.28  2.62
 30   80     1.42  2.21  3.01  3.09  2.95  2.79  2.69  3.06  2.75  2.67  1.79  1.24     2.47  1.62  3.02  2.84  2.40
 30   90     1.36  2.12  2.80  2.67  2.48  2.33  2.26  2.59  2.39  2.39  1.64  1.17     2.18  1.55  2.65  2.40  2.14
 45   10     1.34  2.10  3.20  4.38  4.90  4.93  4.59  4.69  3.56  2.81  1.68  1.16     3.28  1.53  4.16  4.74  2.69
 45   20     1.38  2.17  3.29  4.40  4.85  4.84  4.51  4.68  3.62  2.95  1.78  1.22     3.31  1.59  4.18  4.68  2.78
 45   30     1.41  2.22  3.33  4.36  4.71  4.66  4.37  4.60  3.62  3.02  1.84  1.25     3.28  1.63  4.13  4.54  2.83
 45   40     1.43  2.25  3.33  4.23  4.51  4.42  4.15  4.43  3.55  3.03  1.87  1.27     3.20  1.65  4.02  4.33  2.81
 45   50     1.42  2.25  3.28  4.03  4.23  4.11  3.87  4.20  3.41  2.98  1.86  1.27     3.08  1.65  3.85  4.06  2.75
 45   60     1.41  2.22  3.19  3.76  3.88  3.75  3.54  3.88  3.22  2.87  1.81  1.24     2.90  1.62  3.61  3.72  2.63
 45   70     1.37  2.17  3.06  3.45  3.50  3.36  3.18  3.54  2.96  2.70  1.73  1.20     2.68  1.58  3.33  3.36  2.47
 45   80     1.32  2.09  2.90  3.08  3.07  2.93  2.79  3.13  2.68  2.48  1.62  1.14     2.44  1.52  3.02  2.95  2.26
 45   90     1.26  2.00  2.70  2.70  2.65  2.51  2.40  2.72  2.35  2.23  1.47  1.06     2.17  1.44  2.68  2.54  2.02
 60   10     1.31  2.07  3.15  4.34  4.88  4.92  4.58  4.66  3.52  2.75  1.64  1.14     3.25  1.51  4.12  4.72  2.64
 60   20     1.34  2.11  3.21  4.33  4.82  4.83  4.50  4.63  3.54  2.84  1.70  1.17     3.25  1.54  4.12  4.65  2.69
 60   30     1.35  2.14  3.22  4.26  4.69  4.66  4.35  4.54  3.51  2.86  1.73  1.19     3.21  1.56  4.05  4.52  2.70
 60   40     1.35  2.14  3.19  4.12  4.48  4.42  4.13  4.38  3.42  2.84  1.73  1.19     3.12  1.56  3.93  4.31  2.66
 60   50     1.33  2.12  3.13  3.91  4.22  4.13  3.87  4.14  3.27  2.76  1.69  1.17     2.98  1.54  3.75  4.05  2.58
 60   60     1.30  2.08  3.03  3.66  3.90  3.80  3.57  3.86  3.08  2.64  1.63  1.13     2.81  1.51  3.53  3.74  2.45
 60   70     1.26  2.02  2.90  3.35  3.54  3.42  3.22  3.52  2.84  2.48  1.54  1.08     2.60  1.46  3.26  3.39  2.29
 60   80     1.21  1.95  2.75  3.03  3.16  3.04  2.86  3.16  2.57  2.27  1.43  1.02     2.37  1.40  2.98  3.02  2.09
 60   90     1.16  1.87  2.58  2.67  2.77  2.65  2.50  2.78  2.28  2.04  1.29  0.94     2.13  1.32  2.67  2.65  1.87
 75   10     1.29  2.03  3.11  4.29  4.86  4.91  4.56  4.62  3.47  2.68  1.59  1.11     3.21  1.48  4.08  4.70  2.58
 75   20     1.29  2.04  3.11  4.24  4.78  4.81  4.47  4.57  3.45  2.70  1.61  1.12     3.18  1.48  4.04  4.62  2.59
 75   30     1.28  2.04  3.09  4.12  4.64  4.64  4.31  4.45  3.38  2.68  1.60  1.11     3.11  1.48  3.95  4.47  2.55
 75   40     1.26  2.02  3.03  3.97  4.43  4.40  4.10  4.28  3.26  2.61  1.57  1.09     3.00  1.46  3.81  4.26  2.48
 75   50     1.23  1.98  2.95  3.76  4.16  4.12  3.84  4.05  3.10  2.52  1.51  1.06     2.86  1.42  3.63  4.00  2.38
 75   60     1.20  1.93  2.85  3.50  3.87  3.80  3.54  3.77  2.90  2.38  1.44  1.01     2.68  1.38  3.41  3.70  2.24
 75   70     1.16  1.87  2.73  3.23  3.54  3.46  3.23  3.46  2.68  2.22  1.35  0.96     2.49  1.33  3.16  3.38  2.08
 75   80     1.11  1.81  2.59  2.91  3.17  3.09  2.89  3.12  2.42  2.03  1.24  0.90     2.27  1.27  2.89  3.03  1.90
 75   90     1.06  1.74  2.44  2.60  2.81  2.72  2.54  2.78  2.17  1.82  1.12  0.83     2.05  1.21  2.62  2.68  1.70
 90   10     1.27  1.99  3.05  4.23  4.84  4.90  4.55  4.58  3.41  2.61  1.54  1.08     3.17  1.45  4.04  4.68  2.52
 90   20     1.24  1.97  3.00  4.13  4.73  4.78  4.43  4.49  3.34  2.55  1.51  1.06     3.10  1.42  3.96  4.57  2.47
 90   30     1.21  1.93  2.94  3.98  4.56  4.59  4.26  4.34  3.23  2.48  1.46  1.03     3.00  1.39  3.83  4.40  2.39
 90   40     1.18  1.88  2.86  3.79  4.34  4.36  4.04  4.14  3.08  2.38  1.40  0.99     2.87  1.35  3.66  4.18  2.29
 90   50     1.14  1.84  2.75  3.57  4.07  4.07  3.78  3.90  2.90  2.25  1.33  0.95     2.71  1.31  3.46  3.92  2.16
 90   60     1.10  1.78  2.65  3.32  3.77  3.75  3.49  3.63  2.70  2.11  1.25  0.90     2.54  1.26  3.25  3.62  2.02
 90   70     1.06  1.73  2.53  3.03  3.46  3.42  3.17  3.32  2.48  1.94  1.16  0.85     2.35  1.22  3.01  3.31  1.86
 90   80     1.02  1.67  2.41  2.76  3.12  3.08  2.86  3.02  2.25  1.78  1.06  0.80     2.15  1.16  2.76  2.99  1.70
 90   90     0.98  1.62  2.29  2.46  2.77  2.73  2.53  2.70  2.01  1.59  0.95  0.73     1.95  1.11  2.51  2.65  1.52
105   10     1.24  1.96  3.00  4.18  4.81  4.89  4.53  4.54  3.35  2.53  1.49  1.05     3.13  1.42  3.99  4.65  2.46
105   20     1.20  1.89  2.90  4.02  4.67  4.75  4.40  4.40  3.23  2.41  1.41  1.00     3.02  1.36  3.86  4.51  2.35
105   30     1.15  1.83  2.78  3.82  4.47  4.54  4.20  4.20  3.06  2.27  1.33  0.95     2.88  1.31  3.69  4.31  2.22
105   40     1.10  1.76  2.67  3.59  4.22  4.28  3.96  3.97  2.88  2.13  1.24  0.91     2.72  1.26  3.49  4.07  2.08
105   50     1.06  1.70  2.55  3.33  3.93  3.98  3.68  3.71  2.68  1.98  1.16  0.86     2.55  1.21  3.27  3.79  1.94
105   60     1.02  1.65  2.44  3.08  3.63  3.66  3.38  3.43  2.47  1.83  1.08  0.81     2.37  1.16  3.05  3.49  1.79
105   70     0.99  1.60  2.33  2.81  3.30  3.32  3.07  3.14  2.26  1.68  0.98  0.76     2.19  1.12  2.81  3.18  1.64
105   80     0.95  1.55  2.23  2.54  2.99  2.99  2.76  2.84  2.04  1.53  0.90  0.71     2.00  1.07  2.59  2.86  1.49
105   90     0.92  1.51  2.12  2.29  2.68  2.67  2.46  2.55  1.84  1.38  0.82  0.66     1.82  1.03  2.36  2.56  1.34
120   10     1.22  1.92  2.94  4.12  4.78  4.88  4.51  4.50  3.30  2.46  1.44  1.02     3.09  1.39  3.95  4.63  2.40
120   20     1.15  1.82  2.79  3.91  4.61  4.71  4.36  4.31  3.11  2.27  1.31  0.95     2.94  1.31  3.77  4.46  2.23
120   30     1.09  1.73  2.63  3.65  4.36  4.47  4.13  4.06  2.90  2.07  1.20  0.89     2.77  1.23  3.55  4.22  2.05
120   40     1.04  1.64  2.48  3.37  4.07  4.18  3.86  3.77  2.67  1.88  1.09  0.83     2.57  1.17  3.31  3.94  1.88
120   50     1.00  1.58  2.34  3.08  3.75  3.85  3.55  3.47  2.44  1.71  1.00  0.78     2.38  1.12  3.06  3.62  1.72
120   60     0.96  1.53  2.23  2.80  3.42  3.51  3.23  3.17  2.23  1.56  0.93  0.73     2.19  1.08  2.82  3.31  1.57
120   70     0.94  1.49  2.13  2.54  3.10  3.17  2.92  2.89  2.01  1.43  0.85  0.69     2.01  1.04  2.59  2.99  1.43
120   80     0.91  1.46  2.04  2.30  2.79  2.84  2.62  2.61  1.83  1.29  0.78  0.66     1.84  1.01  2.38  2.69  1.30
120   90     0.89  1.43  1.97  2.07  2.50  2.53  2.33  2.34  1.64  1.17  0.71  0.61     1.68  0.98  2.18  2.40  1.18
135   10     1.20  1.89  2.90  4.08  4.76  4.86  4.50  4.46  3.25  2.39  1.40  1.00     3.06  1.36  3.91  4.61  2.35
135   20     1.12  1.76  2.70  3.81  4.55  4.69  4.33  4.23  3.01  2.14  1.23  0.91     2.87  1.26  3.69  4.41  2.13
135   30     1.04  1.64  2.49  3.49  4.26  4.42  4.07  3.92  2.74  1.88  1.09  0.82     2.66  1.17  3.42  4.14  1.90
135   40     0.99  1.54  2.30  3.15  3.91  4.08  3.75  3.58  2.46  1.65  0.97  0.77     2.43  1.10  3.12  3.80  1.69
135   50     0.96  1.48  2.15  2.81  3.53  3.70  3.40  3.22  2.20  1.47  0.88  0.73     2.21  1.05  2.83  3.44  1.51
135   60     0.93  1.44  2.03  2.52  3.17  3.31  3.05  2.88  1.97  1.32  0.81  0.69     2.01  1.02  2.57  3.08  1.37
135   70     0.92  1.41  1.95  2.26  2.84  2.96  2.73  2.58  1.78  1.20  0.75  0.66     1.84  1.00  2.35  2.76  1.24
135   80     0.90  1.40  1.88  2.03  2.54  2.64  2.43  2.32  1.61  1.09  0.70  0.63     1.68  0.97  2.15  2.46  1.13
135   90     0.89  1.38  1.84  1.83  2.28  2.35  2.17  2.09  1.45  1.01  0.64  0.60     1.54  0.95  1.98  2.20  1.03
150   10     1.19  1.86  2.86  4.04  4.74  4.86  4.49  4.43  3.21  2.34  1.36  0.98     3.03  1.34  3.88  4.59  2.31
150   20     1.09  1.71  2.63  3.74  4.51  4.67  4.30  4.16  2.93  2.03  1.16  0.87     2.82  1.22  3.63  4.38  2.04
150   30     1.00  1.56  2.38  3.37  4.19  4.39  4.03  3.81  2.61  1.71  0.99  0.78     2.57  1.12  3.31  4.08  1.77
150   40     0.96  1.45  2.14  2.95  3.79  4.02  3.68  3.40  2.27  1.44  0.87  0.73     2.31  1.05  2.96  3.70  1.52
150   50     0.94  1.40  1.96  2.55  3.33  3.58  3.27  2.96  1.96  1.25  0.80  0.71     2.06  1.02  2.62  3.27  1.34
150   60     0.93  1.38  1.86  2.21  2.89  3.11  2.86  2.56  1.73  1.13  0.76  0.68     1.84  1.00  2.32  2.84  1.20
150   70     0.92  1.37  1.80  1.96  2.53  2.71  2.50  2.26  1.55  1.04  0.71  0.66     1.67  0.98  2.10  2.49  1.10
150   80     0.91  1.37  1.76  1.77  2.25  2.39  2.20  2.03  1.41  0.97  0.67  0.63     1.53  0.97  1.93  2.21  1.01
150   90     0.89  1.37  1.74  1.62  2.02  2.12  1.97  1.84  1.29  0.90  0.62  0.59     1.41  0.95  1.79  1.98  0.94
165   10     1.18  1.85  2.84  4.02  4.72  4.86  4.48  4.41  3.19  2.31  1.34  0.97     3.01  1.33  3.86  4.58  2.28
165   20     1.07  1.68  2.58  3.69  4.48  4.67  4.29  4.12  2.88  1.96  1.12  0.84     2.78  1.20  3.59  4.36  1.99
165   30     0.97  1.51  2.30  3.29  4.14  4.38  4.01  3.75  2.52  1.59  0.91  0.75     2.51  1.08  3.25  4.05  1.67
165   40     0.96  1.39  2.01  2.83  3.73  4.01  3.65  3.30  2.12  1.26  0.83  0.73     2.23  1.02  2.86  3.65  1.40
165   50     0.95  1.37  1.80  2.34  3.24  3.57  3.24  2.79  1.74  1.08  0.79  0.71     1.97  1.01  2.46  3.20  1.21
165   60     0.94  1.37  1.73  1.92  2.70  3.06  2.77  2.26  1.50  1.02  0.76  0.68     1.73  1.00  2.12  2.70  1.09
165   70     0.92  1.37  1.71  1.69  2.22  2.52  2.28  1.93  1.37  0.97  0.71  0.66     1.53  0.98  1.87  2.24  1.02
165   80     0.91  1.37  1.70  1.56  1.96  2.17  1.99  1.74  1.27  0.91  0.67  0.63     1.41  0.97  1.74  1.97  0.95
165   90     0.89  1.37  1.69  1.45  1.77  1.94  1.78  1.60  1.18  0.85  0.62  0.59     1.31  0.95  1.64  1.77  0.89
180   10     1.17  1.85  2.83  4.02  4.71  4.86  4.48  4.40  3.18  2.30  1.34  0.96     3.01  1.33  3.86  4.58  2.27
180   20     1.06  1.67  2.56  3.68  4.46  4.67  4.28  4.10  2.86  1.93  1.10  0.83     2.77  1.19  3.57  4.35  1.96
180   30     0.96  1.49  2.27  3.28  4.12  4.38  4.00  3.72  2.49  1.54  0.88  0.75     2.49  1.07  3.22  4.03  1.64
180   40     0.96  1.37  1.96  2.81  3.70  4.02  3.64  3.26  2.08  1.16  0.83  0.73     2.21  1.02  2.82  3.64  1.35
180   50     0.95  1.37  1.70  2.30  3.20  3.57  3.22  2.75  1.64  1.06  0.79  0.71     1.94  1.01  2.40  3.18  1.17
180   60     0.94  1.37  1.69  1.76  2.66  3.07  2.75  2.19  1.37  1.02  0.76  0.68     1.69  1.00  2.04  2.67  1.05
180   70     0.92  1.37  1.69  1.56  2.08  2.52  2.23  1.76  1.29  0.97  0.71  0.66     1.48  0.98  1.78  2.17  0.99
180   80     0.91  1.37  1.68  1.46  1.82  2.09  1.89  1.60  1.22  0.91  0.67  0.63     1.35  0.97  1.65  1.86  0.93
180   90     0.89  1.37  1.68  1.38  1.66  1.87  1.70  1.49  1.14  0.85  0.62  0.59     1.27  0.95  1.57  1.69  0.87
             55.0  53.7  41.5  22.3  10.6   3.7   6.6  16.4  29.0  44.2  51.9  53.3     24.7  53.9  21.7   9.1  39.9
             1.56  2.44  3.53  4.51  4.91  4.95  4.61  4.73  3.77  3.33  2.13  1.42     3.49  1.81  4.26  4.75  3.05
             1.47  2.31  3.45  4.51  4.81  4.76  4.46  4.70  3.76  3.18  1.97  1.32     3.39  1.70  4.26  4.64  2.97
             1.06  1.06  1.02  1.00  1.02  1.04  1.03  1.01  1.00  1.05  1.08  1.08     1.04  1.06  1.01  1.03  1.04
             1.15  1.14  1.12  1.05  0.99  0.96  0.97  1.02  1.09  1.21  1.25  1.21     1.10  1.17  1.05  0.98  1.19
temperature  -0.3   0.0   2.8   9.4  14.8  19.3  22.9  24.4  19.7  13.2   7.3   2.4     11.3   0.7   9.0  22.2  13.4
diffusedrad  1.03  1.52  1.98  2.21  2.48  2.66  2.59  2.30  1.91  1.44  1.01  0.83     1.83  1.13  2.22  2.52  1.45
snow10cm     0.87  0.94  0.68  0.04  0.00  0.00  0.00  0.00  0.00  0.00  0.05  0.36     0.25  0.73  0.24  0.00  0.02
