2 33026   軽米            40 19.1  141 28.2  153
             1.85  2.60  3.55  4.39  4.92  4.80  4.41  4.30  3.35  2.79  1.90  1.55     3.37  2.00  4.29  4.50  2.68
             2.25  2.93  4.00  5.19  5.71  5.75  5.76  5.28  3.93  3.15  2.12  1.80     3.56  2.15  4.77  5.19  2.97
             1.52  2.18  3.01  3.88  4.06  3.76  3.23  3.39  2.68  2.20  1.49  1.38     3.16  1.77  3.92  3.78  2.36
  0   10     2.19  2.92  3.85  4.57  4.97  4.80  4.42  4.39  3.53  3.12  2.23  1.88     3.57  2.33  4.46  4.54  2.96
  0   20     2.51  3.22  4.08  4.66  4.93  4.71  4.36  4.41  3.65  3.39  2.53  2.17     3.72  2.63  4.56  4.49  3.19
  0   30     2.78  3.45  4.23  4.64  4.79  4.54  4.22  4.33  3.69  3.58  2.77  2.41     3.79  2.88  4.55  4.36  3.34
  0   40     2.98  3.62  4.29  4.53  4.55  4.27  4.00  4.17  3.64  3.68  2.94  2.60     3.77  3.07  4.45  4.14  3.42
  0   50     3.12  3.71  4.25  4.32  4.23  3.94  3.70  3.92  3.53  3.70  3.03  2.72     3.68  3.19  4.27  3.86  3.42
  0   60     3.19  3.73  4.13  4.02  3.83  3.54  3.35  3.61  3.34  3.63  3.06  2.78     3.52  3.23  3.99  3.50  3.34
  0   70     3.18  3.68  3.92  3.63  3.36  3.09  2.95  3.22  3.08  3.47  3.01  2.77     3.28  3.21  3.64  3.09  3.19
  0   80     3.10  3.54  3.63  3.18  2.84  2.61  2.51  2.78  2.76  3.24  2.88  2.69     2.98  3.11  3.22  2.63  2.96
  0   90     2.95  3.34  3.27  2.67  2.31  2.11  2.06  2.31  2.40  2.93  2.69  2.55     2.63  2.95  2.75  2.16  2.67
 15   10     2.18  2.91  3.84  4.57  4.97  4.80  4.42  4.38  3.53  3.11  2.22  1.87     3.57  2.32  4.46  4.53  2.95
 15   20     2.48  3.20  4.07  4.65  4.93  4.71  4.36  4.40  3.64  3.37  2.50  2.15     3.70  2.61  4.55  4.49  3.17
 15   30     2.73  3.42  4.21  4.64  4.79  4.54  4.22  4.33  3.67  3.54  2.72  2.38     3.77  2.85  4.55  4.36  3.31
 15   40     2.93  3.58  4.26  4.52  4.56  4.28  4.00  4.17  3.63  3.64  2.87  2.55     3.75  3.02  4.45  4.15  3.38
 15   50     3.06  3.67  4.22  4.31  4.24  3.95  3.71  3.92  3.51  3.65  2.96  2.67     3.66  3.13  4.26  3.86  3.38
 15   60     3.11  3.68  4.10  4.01  3.85  3.56  3.37  3.61  3.32  3.58  2.98  2.72     3.49  3.17  3.99  3.52  3.29
 15   70     3.10  3.62  3.89  3.64  3.39  3.12  2.97  3.24  3.07  3.42  2.92  2.71     3.26  3.14  3.64  3.11  3.13
 15   80     3.02  3.48  3.60  3.19  2.89  2.65  2.55  2.81  2.75  3.18  2.79  2.63     2.96  3.04  3.23  2.67  2.91
 15   90     2.87  3.28  3.24  2.71  2.37  2.18  2.11  2.36  2.40  2.87  2.59  2.48     2.62  2.88  2.77  2.21  2.62
 30   10     2.14  2.88  3.81  4.54  4.97  4.80  4.42  4.37  3.51  3.08  2.18  1.83     3.54  2.28  4.44  4.53  2.92
 30   20     2.40  3.13  4.01  4.62  4.92  4.71  4.36  4.37  3.60  3.30  2.42  2.08     3.66  2.54  4.52  4.48  3.11
 30   30     2.62  3.32  4.13  4.59  4.79  4.54  4.21  4.29  3.62  3.45  2.60  2.28     3.71  2.74  4.50  4.35  3.22
 30   40     2.78  3.45  4.17  4.47  4.57  4.30  4.01  4.14  3.57  3.52  2.73  2.43     3.68  2.89  4.41  4.15  3.27
 30   50     2.88  3.51  4.12  4.27  4.28  3.99  3.73  3.90  3.45  3.52  2.79  2.52     3.58  2.97  4.22  3.87  3.25
 30   60     2.91  3.51  3.98  3.98  3.90  3.62  3.40  3.60  3.26  3.43  2.78  2.55     3.41  2.99  3.95  3.54  3.16
 30   70     2.88  3.43  3.78  3.63  3.48  3.20  3.03  3.25  3.01  3.26  2.71  2.52     3.18  2.94  3.63  3.16  2.99
 30   80     2.79  3.29  3.50  3.21  3.02  2.77  2.63  2.85  2.71  3.02  2.57  2.43     2.90  2.84  3.24  2.75  2.77
 30   90     2.63  3.09  3.15  2.76  2.54  2.33  2.23  2.43  2.37  2.72  2.37  2.29     2.58  2.67  2.82  2.33  2.49
 45   10     2.08  2.82  3.76  4.51  4.95  4.79  4.41  4.34  3.48  3.02  2.12  1.78     3.50  2.22  4.41  4.51  2.87
 45   20     2.28  3.02  3.92  4.55  4.91  4.71  4.34  4.33  3.54  3.19  2.31  1.97     3.59  2.42  4.46  4.46  3.01
 45   30     2.45  3.16  4.00  4.51  4.78  4.54  4.21  4.25  3.54  3.31  2.44  2.12     3.61  2.58  4.43  4.33  3.10
 45   40     2.56  3.25  4.01  4.38  4.58  4.31  4.00  4.08  3.48  3.34  2.52  2.23     3.56  2.68  4.32  4.13  3.11
 45   50     2.62  3.29  3.95  4.18  4.30  4.02  3.74  3.86  3.35  3.30  2.55  2.28     3.45  2.73  4.14  3.87  3.06
 45   60     2.63  3.26  3.81  3.91  3.96  3.67  3.43  3.57  3.16  3.21  2.52  2.29     3.28  2.72  3.89  3.56  2.96
 45   70     2.58  3.17  3.60  3.58  3.57  3.30  3.09  3.24  2.92  3.04  2.43  2.24     3.06  2.66  3.58  3.21  2.79
 45   80     2.47  3.03  3.35  3.20  3.14  2.89  2.72  2.87  2.64  2.80  2.29  2.14     2.79  2.55  3.23  2.83  2.58
 45   90     2.32  2.85  3.03  2.79  2.71  2.48  2.34  2.49  2.32  2.52  2.09  1.99     2.50  2.39  2.84  2.44  2.31
 60   10     2.00  2.75  3.69  4.46  4.93  4.78  4.40  4.31  3.43  2.94  2.04  1.70     3.46  2.15  4.37  4.50  2.81
 60   20     2.14  2.87  3.80  4.46  4.88  4.69  4.32  4.27  3.46  3.06  2.17  1.83     3.50  2.28  4.38  4.43  2.90
 60   30     2.24  2.96  3.83  4.40  4.75  4.53  4.18  4.17  3.43  3.11  2.25  1.93     3.48  2.38  4.33  4.30  2.93
 60   40     2.29  3.00  3.81  4.26  4.54  4.30  3.98  4.00  3.35  3.11  2.28  1.99     3.41  2.43  4.21  4.10  2.91
 60   50     2.31  3.00  3.72  4.06  4.29  4.03  3.73  3.78  3.21  3.05  2.27  2.00     3.29  2.44  4.02  3.85  2.84
 60   60     2.29  2.96  3.59  3.80  3.97  3.71  3.44  3.51  3.02  2.93  2.21  1.98     3.12  2.41  3.78  3.55  2.72
 60   70     2.23  2.86  3.38  3.48  3.61  3.35  3.11  3.19  2.79  2.77  2.11  1.92     2.90  2.34  3.49  3.22  2.56
 60   80     2.11  2.73  3.15  3.13  3.23  2.98  2.77  2.86  2.53  2.54  1.97  1.81     2.65  2.22  3.17  2.87  2.35
 60   90     1.98  2.57  2.87  2.75  2.82  2.60  2.43  2.50  2.25  2.29  1.79  1.67     2.38  2.08  2.81  2.51  2.11
 75   10     1.91  2.66  3.62  4.41  4.91  4.77  4.38  4.28  3.38  2.86  1.96  1.62     3.40  2.06  4.31  4.48  2.73
 75   20     1.97  2.71  3.65  4.36  4.84  4.67  4.30  4.20  3.37  2.90  2.01  1.68     3.39  2.12  4.28  4.39  2.76
 75   30     2.00  2.73  3.63  4.25  4.69  4.50  4.15  4.08  3.30  2.89  2.03  1.71     3.33  2.15  4.19  4.24  2.74
 75   40     2.01  2.73  3.56  4.10  4.49  4.28  3.95  3.90  3.19  2.84  2.01  1.72     3.23  2.15  4.05  4.04  2.68
 75   50     1.98  2.69  3.46  3.88  4.22  4.01  3.70  3.67  3.04  2.75  1.97  1.70     3.09  2.13  3.86  3.79  2.59
 75   60     1.94  2.63  3.30  3.63  3.93  3.71  3.42  3.40  2.85  2.62  1.89  1.65     2.91  2.07  3.62  3.51  2.45
 75   70     1.87  2.54  3.12  3.34  3.60  3.37  3.11  3.11  2.63  2.46  1.78  1.58     2.71  2.00  3.35  3.20  2.29
 75   80     1.76  2.41  2.89  3.00  3.23  3.01  2.78  2.79  2.38  2.26  1.65  1.49     2.47  1.89  3.04  2.86  2.10
 75   90     1.65  2.28  2.66  2.68  2.87  2.66  2.46  2.47  2.13  2.03  1.49  1.36     2.23  1.76  2.74  2.53  1.89
 90   10     1.82  2.56  3.53  4.35  4.88  4.76  4.37  4.23  3.32  2.77  1.87  1.54     3.33  1.97  4.25  4.45  2.65
 90   20     1.79  2.54  3.48  4.25  4.78  4.64  4.26  4.12  3.26  2.72  1.84  1.52     3.27  1.95  4.17  4.34  2.61
 90   30     1.76  2.49  3.40  4.09  4.61  4.46  4.10  3.96  3.15  2.65  1.79  1.49     3.16  1.91  4.03  4.17  2.53
 90   40     1.71  2.43  3.29  3.90  4.39  4.23  3.88  3.76  3.00  2.56  1.73  1.45     3.03  1.86  3.86  3.96  2.43
 90   50     1.66  2.37  3.15  3.67  4.13  3.95  3.63  3.52  2.84  2.43  1.66  1.41     2.87  1.81  3.65  3.70  2.31
 90   60     1.60  2.29  2.99  3.41  3.82  3.65  3.35  3.26  2.65  2.29  1.57  1.34     2.68  1.74  3.41  3.42  2.17
 90   70     1.53  2.21  2.81  3.12  3.51  3.33  3.06  2.97  2.43  2.13  1.45  1.27     2.48  1.67  3.15  3.12  2.00
 90   80     1.44  2.10  2.62  2.83  3.18  3.00  2.75  2.68  2.21  1.96  1.35  1.18     2.27  1.57  2.88  2.81  1.84
 90   90     1.35  2.00  2.41  2.52  2.82  2.65  2.44  2.37  1.97  1.76  1.21  1.08     2.05  1.48  2.58  2.49  1.65
105   10     1.72  2.47  3.44  4.29  4.85  4.74  4.35  4.19  3.27  2.67  1.78  1.45     3.27  1.88  4.19  4.43  2.57
105   20     1.61  2.35  3.31  4.12  4.71  4.61  4.22  4.04  3.14  2.54  1.67  1.36     3.14  1.77  4.05  4.29  2.45
105   30     1.51  2.24  3.15  3.91  4.51  4.40  4.04  3.84  2.99  2.39  1.56  1.27     2.98  1.68  3.86  4.09  2.31
105   40     1.43  2.14  2.99  3.67  4.26  4.15  3.80  3.60  2.81  2.25  1.46  1.20     2.81  1.59  3.64  3.85  2.17
105   50     1.36  2.05  2.83  3.41  3.98  3.86  3.54  3.34  2.61  2.11  1.36  1.13     2.63  1.51  3.40  3.58  2.02
105   60     1.28  1.97  2.65  3.15  3.67  3.55  3.25  3.07  2.42  1.95  1.26  1.06     2.44  1.43  3.16  3.29  1.88
105   70     1.23  1.89  2.48  2.88  3.35  3.23  2.95  2.79  2.21  1.80  1.16  0.99     2.25  1.37  2.90  2.99  1.73
105   80     1.16  1.81  2.32  2.59  3.04  2.91  2.66  2.50  2.00  1.64  1.07  0.92     2.05  1.30  2.65  2.69  1.57
105   90     1.09  1.73  2.14  2.33  2.72  2.59  2.37  2.24  1.80  1.49  0.97  0.84     1.86  1.22  2.40  2.40  1.42
120   10     1.63  2.38  3.35  4.23  4.82  4.73  4.33  4.15  3.21  2.59  1.69  1.37     3.21  1.79  4.13  4.41  2.50
120   20     1.45  2.18  3.13  4.00  4.65  4.57  4.18  3.96  3.03  2.37  1.50  1.21     3.02  1.61  3.92  4.24  2.30
120   30     1.29  2.00  2.90  3.72  4.40  4.34  3.97  3.71  2.82  2.15  1.34  1.07     2.81  1.45  3.67  4.01  2.10
120   40     1.18  1.85  2.68  3.42  4.10  4.05  3.70  3.43  2.60  1.95  1.20  0.97     2.60  1.33  3.40  3.73  1.92
120   50     1.10  1.75  2.48  3.13  3.78  3.73  3.41  3.13  2.38  1.77  1.09  0.89     2.39  1.24  3.13  3.43  1.75
120   60     1.03  1.67  2.31  2.84  3.46  3.40  3.11  2.85  2.17  1.63  1.00  0.83     2.19  1.17  2.87  3.12  1.60
120   70     0.99  1.60  2.15  2.58  3.14  3.08  2.82  2.57  1.97  1.49  0.92  0.78     2.00  1.12  2.62  2.82  1.46
120   80     0.94  1.55  2.00  2.33  2.83  2.76  2.52  2.31  1.79  1.35  0.84  0.73     1.83  1.07  2.38  2.53  1.33
120   90     0.91  1.50  1.87  2.08  2.53  2.46  2.25  2.05  1.61  1.24  0.77  0.67     1.66  1.02  2.16  2.25  1.21
135   10     1.55  2.30  3.28  4.17  4.80  4.71  4.32  4.12  3.16  2.50  1.62  1.30     3.15  1.72  4.08  4.39  2.43
135   20     1.30  2.02  2.97  3.89  4.58  4.54  4.15  3.89  2.93  2.21  1.36  1.07     2.91  1.46  3.81  4.19  2.16
135   30     1.09  1.78  2.66  3.55  4.29  4.28  3.91  3.59  2.66  1.92  1.14  0.89     2.65  1.25  3.50  3.93  1.91
135   40     0.97  1.60  2.38  3.18  3.93  3.96  3.61  3.26  2.39  1.67  0.98  0.78     2.39  1.12  3.16  3.61  1.68
135   50     0.90  1.48  2.15  2.83  3.55  3.59  3.27  2.92  2.14  1.48  0.88  0.72     2.16  1.03  2.84  3.26  1.50
135   60     0.86  1.42  1.97  2.52  3.19  3.22  2.94  2.60  1.92  1.33  0.81  0.67     1.96  0.98  2.56  2.92  1.35
135   70     0.83  1.38  1.83  2.26  2.86  2.88  2.64  2.32  1.74  1.22  0.74  0.64     1.78  0.95  2.32  2.61  1.23
135   80     0.81  1.36  1.71  2.03  2.57  2.57  2.36  2.07  1.58  1.11  0.69  0.61     1.62  0.93  2.10  2.33  1.13
135   90     0.80  1.34  1.63  1.83  2.31  2.29  2.10  1.86  1.42  1.03  0.64  0.58     1.48  0.91  1.92  2.08  1.03
150   10     1.50  2.24  3.22  4.13  4.78  4.71  4.31  4.10  3.12  2.44  1.56  1.24     3.11  1.66  4.04  4.37  2.38
150   20     1.17  1.90  2.85  3.80  4.54  4.52  4.13  3.84  2.85  2.07  1.24  0.95     2.82  1.34  3.73  4.16  2.05
150   30     0.93  1.59  2.46  3.40  4.21  4.25  3.87  3.50  2.53  1.71  0.97  0.74     2.51  1.09  3.36  3.88  1.74
150   40     0.82  1.37  2.10  2.96  3.80  3.90  3.54  3.11  2.20  1.41  0.81  0.66     2.22  0.95  2.95  3.52  1.47
150   50     0.80  1.27  1.83  2.53  3.34  3.47  3.15  2.70  1.91  1.21  0.74  0.64     1.97  0.91  2.56  3.11  1.28
150   60     0.79  1.24  1.66  2.19  2.90  3.03  2.76  2.34  1.69  1.09  0.70  0.62     1.75  0.89  2.25  2.71  1.16
150   70     0.79  1.24  1.56  1.93  2.54  2.65  2.43  2.06  1.52  1.01  0.66  0.60     1.58  0.88  2.01  2.38  1.07
150   80     0.78  1.24  1.48  1.74  2.27  2.34  2.15  1.84  1.39  0.95  0.63  0.58     1.45  0.87  1.83  2.11  0.99
150   90     0.78  1.25  1.43  1.59  2.04  2.09  1.92  1.66  1.26  0.89  0.59  0.55     1.34  0.86  1.69  1.89  0.91
165   10     1.46  2.20  3.18  4.11  4.77  4.70  4.31  4.09  3.10  2.40  1.52  1.20     3.09  1.62  4.02  4.37  2.34
165   20     1.09  1.81  2.76  3.75  4.52  4.52  4.12  3.81  2.79  1.99  1.15  0.87     2.77  1.26  3.68  4.15  1.98
165   30     0.82  1.44  2.31  3.32  4.18  4.24  3.86  3.46  2.44  1.55  0.84  0.68     2.43  0.98  3.27  3.85  1.61
165   40     0.80  1.19  1.86  2.82  3.75  3.88  3.52  3.04  2.05  1.18  0.75  0.66     2.13  0.89  2.81  3.48  1.33
165   50     0.80  1.18  1.54  2.28  3.26  3.45  3.13  2.58  1.69  1.02  0.72  0.64     1.86  0.88  2.36  3.05  1.14
165   60     0.79  1.19  1.43  1.86  2.71  2.97  2.69  2.10  1.48  0.96  0.69  0.62     1.63  0.87  2.00  2.58  1.04
165   70     0.79  1.21  1.38  1.65  2.25  2.46  2.24  1.81  1.35  0.92  0.66  0.60     1.44  0.86  1.76  2.17  0.98
165   80     0.78  1.22  1.34  1.51  1.99  2.14  1.98  1.63  1.25  0.87  0.63  0.58     1.33  0.86  1.62  1.92  0.92
165   90     0.78  1.23  1.31  1.40  1.81  1.92  1.78  1.49  1.16  0.82  0.59  0.55     1.24  0.85  1.50  1.73  0.86
180   10     1.44  2.19  3.16  4.11  4.77  4.70  4.31  4.08  3.09  2.39  1.51  1.18     3.08  1.60  4.01  4.36  2.33
180   20     1.05  1.78  2.73  3.74  4.51  4.51  4.12  3.80  2.78  1.95  1.12  0.84     2.74  1.22  3.66  4.14  1.95
180   30     0.81  1.37  2.25  3.29  4.17  4.24  3.86  3.45  2.41  1.48  0.79  0.68     2.40  0.95  3.24  3.85  1.56
180   40     0.80  1.17  1.74  2.79  3.74  3.88  3.52  3.03  2.01  1.05  0.75  0.66     2.10  0.88  2.76  3.48  1.27
180   50     0.80  1.18  1.37  2.24  3.24  3.45  3.13  2.56  1.57  1.00  0.72  0.64     1.83  0.88  2.29  3.04  1.10
180   60     0.79  1.19  1.35  1.67  2.69  2.97  2.68  2.05  1.35  0.96  0.69  0.62     1.59  0.87  1.91  2.57  1.00
180   70     0.79  1.21  1.33  1.50  2.13  2.44  2.21  1.69  1.28  0.92  0.66  0.60     1.40  0.86  1.65  2.11  0.95
180   80     0.78  1.22  1.30  1.40  1.89  2.06  1.91  1.54  1.20  0.87  0.63  0.58     1.28  0.86  1.53  1.84  0.90
180   90     0.78  1.23  1.28  1.32  1.73  1.85  1.72  1.42  1.12  0.82  0.59  0.55     1.20  0.85  1.44  1.66  0.84
             64.2  57.5  41.3  23.4  11.5   4.7   6.7  16.9  29.7  47.1  58.2  63.6     33.3  61.6  24.6   9.9  45.0
             3.20  3.74  4.29  4.67  4.97  4.81  4.43  4.41  3.69  3.70  3.06  2.78     3.98  3.23  4.57  4.54  3.43
             2.85  3.51  4.26  4.62  4.72  4.46  4.15  4.29  3.68  3.62  2.83  2.48     3.79  2.95  4.53  4.30  3.38
             1.12  1.07  1.01  1.01  1.05  1.08  1.07  1.03  1.00  1.02  1.08  1.12     1.06  1.10  1.02  1.06  1.04
             1.54  1.35  1.20  1.05  0.96  0.93  0.94  1.00  1.10  1.30  1.49  1.60     1.20  1.50  1.07  0.96  1.30
temperature  -2.9  -2.4   1.1   7.7  12.8  16.4  20.2  21.8  17.4  11.0   5.1   0.0      9.0  -1.8   7.2  19.5  11.2
diffusedrad  1.02  1.46  1.83  2.16  2.49  2.70  2.61  2.32  1.88  1.39  0.99  0.85     1.81  1.11  2.16  2.54  1.42
snow10cm     0.40  0.61  0.24  0.00  0.00  0.00  0.00  0.00  0.00  0.00  0.00  0.13     0.12  0.38  0.08  0.00  0.00
