2 33176   奥中山          40  3.6  141 13.5  430
             1.71  2.54  3.56  4.43  4.80  4.70  4.22  4.04  3.23  2.69  1.79  1.35     3.25  1.87  4.26  4.32  2.57
             1.94  2.78  4.04  5.28  5.78  5.88  5.38  4.62  3.76  2.98  2.09  1.58     3.44  2.01  4.63  4.97  2.85
             1.51  2.17  3.22  3.72  3.90  3.80  3.08  3.23  2.68  2.10  1.31  1.17     3.08  1.66  3.97  3.61  2.27
  0   10     1.96  2.82  3.84  4.61  4.84  4.70  4.23  4.11  3.40  2.99  2.08  1.55     3.43  2.11  4.43  4.34  2.82
  0   20     2.19  3.08  4.07  4.70  4.80  4.61  4.17  4.12  3.50  3.23  2.33  1.74     3.55  2.34  4.53  4.30  3.02
  0   30     2.39  3.29  4.24  4.69  4.67  4.44  4.03  4.04  3.53  3.40  2.52  1.90     3.60  2.53  4.53  4.17  3.15
  0   40     2.55  3.45  4.34  4.58  4.43  4.18  3.82  3.89  3.49  3.49  2.67  2.02     3.58  2.67  4.45  3.96  3.21
  0   50     2.67  3.55  4.36  4.38  4.12  3.86  3.55  3.67  3.37  3.49  2.74  2.10     3.49  2.77  4.28  3.69  3.20
  0   60     2.73  3.59  4.31  4.08  3.73  3.47  3.22  3.37  3.18  3.42  2.76  2.13     3.33  2.82  4.04  3.35  3.12
  0   70     2.75  3.57  4.18  3.71  3.28  3.03  2.84  3.02  2.94  3.27  2.71  2.13     3.12  2.81  3.72  2.96  2.97
  0   80     2.71  3.48  3.99  3.27  2.77  2.56  2.43  2.62  2.63  3.04  2.59  2.08     2.85  2.76  3.34  2.54  2.76
  0   90     2.63  3.34  3.73  2.77  2.26  2.08  2.00  2.18  2.29  2.75  2.42  1.99     2.54  2.65  2.92  2.09  2.49
 15   10     1.95  2.81  3.84  4.60  4.84  4.70  4.23  4.10  3.39  2.98  2.06  1.55     3.42  2.10  4.43  4.34  2.81
 15   20     2.17  3.06  4.06  4.69  4.80  4.61  4.17  4.11  3.49  3.21  2.30  1.73     3.53  2.32  4.52  4.29  3.00
 15   30     2.36  3.26  4.22  4.68  4.67  4.44  4.03  4.04  3.52  3.37  2.49  1.88     3.58  2.50  4.52  4.17  3.12
 15   40     2.51  3.42  4.31  4.57  4.44  4.19  3.82  3.89  3.47  3.45  2.62  1.99     3.56  2.64  4.44  3.97  3.18
 15   50     2.62  3.51  4.32  4.37  4.13  3.87  3.55  3.66  3.35  3.45  2.68  2.06     3.46  2.73  4.27  3.69  3.16
 15   60     2.68  3.54  4.27  4.08  3.75  3.49  3.23  3.38  3.17  3.37  2.69  2.10     3.31  2.77  4.04  3.37  3.08
 15   70     2.69  3.52  4.15  3.72  3.31  3.06  2.85  3.03  2.92  3.22  2.63  2.09     3.10  2.77  3.72  2.98  2.92
 15   80     2.65  3.43  3.96  3.28  2.82  2.60  2.46  2.64  2.63  2.99  2.52  2.04     2.83  2.71  3.35  2.57  2.71
 15   90     2.57  3.28  3.70  2.81  2.31  2.14  2.05  2.22  2.28  2.70  2.34  1.95     2.53  2.60  2.94  2.14  2.44
 30   10     1.92  2.78  3.81  4.58  4.84  4.70  4.23  4.09  3.38  2.95  2.03  1.52     3.40  2.07  4.41  4.34  2.79
 30   20     2.12  3.00  4.00  4.66  4.80  4.61  4.16  4.09  3.46  3.15  2.23  1.68     3.50  2.27  4.49  4.29  2.95
 30   30     2.28  3.18  4.14  4.63  4.67  4.45  4.03  4.01  3.47  3.28  2.39  1.81     3.53  2.42  4.48  4.16  3.04
 30   40     2.41  3.30  4.22  4.53  4.45  4.21  3.83  3.86  3.42  3.34  2.49  1.91     3.50  2.54  4.40  3.97  3.08
 30   50     2.50  3.38  4.22  4.33  4.16  3.90  3.57  3.64  3.30  3.32  2.53  1.97     3.40  2.61  4.24  3.70  3.05
 30   60     2.54  3.39  4.16  4.04  3.80  3.54  3.26  3.36  3.11  3.23  2.52  1.99     3.25  2.64  4.00  3.39  2.96
 30   70     2.54  3.35  4.04  3.71  3.39  3.14  2.90  3.04  2.87  3.07  2.45  1.97     3.04  2.62  3.71  3.02  2.80
 30   80     2.49  3.26  3.86  3.30  2.94  2.71  2.53  2.67  2.58  2.84  2.33  1.91     2.79  2.56  3.37  2.64  2.58
 30   90     2.40  3.12  3.61  2.86  2.47  2.28  2.15  2.28  2.25  2.56  2.15  1.82     2.50  2.45  2.98  2.24  2.32
 45   10     1.88  2.73  3.76  4.55  4.83  4.69  4.22  4.07  3.35  2.90  1.98  1.49     3.37  2.03  4.38  4.33  2.74
 45   20     2.03  2.90  3.92  4.59  4.78  4.60  4.15  4.05  3.40  3.05  2.14  1.61     3.44  2.18  4.43  4.27  2.86
 45   30     2.16  3.04  4.02  4.56  4.65  4.44  4.02  3.97  3.40  3.15  2.25  1.71     3.45  2.30  4.41  4.14  2.93
 45   40     2.25  3.13  4.07  4.44  4.45  4.22  3.82  3.81  3.33  3.17  2.31  1.78     3.40  2.39  4.32  3.95  2.94
 45   50     2.31  3.18  4.07  4.24  4.18  3.93  3.58  3.60  3.20  3.13  2.33  1.81     3.30  2.43  4.16  3.70  2.88
 45   60     2.33  3.17  4.00  3.98  3.85  3.59  3.27  3.33  3.02  3.03  2.30  1.82     3.14  2.44  3.94  3.40  2.78
 45   70     2.31  3.12  3.87  3.65  3.47  3.22  2.95  3.02  2.78  2.86  2.21  1.79     2.94  2.41  3.67  3.07  2.62
 45   80     2.26  3.03  3.71  3.29  3.05  2.83  2.60  2.68  2.51  2.64  2.09  1.72     2.70  2.34  3.35  2.70  2.41
 45   90     2.17  2.90  3.49  2.89  2.64  2.43  2.24  2.33  2.21  2.38  1.91  1.63     2.43  2.23  3.00  2.33  2.17
 60   10     1.82  2.67  3.70  4.50  4.81  4.68  4.21  4.04  3.31  2.83  1.92  1.44     3.33  1.98  4.34  4.31  2.68
 60   20     1.92  2.78  3.80  4.51  4.75  4.59  4.13  4.00  3.33  2.93  2.02  1.53     3.36  2.08  4.36  4.24  2.76
 60   30     2.00  2.87  3.86  4.45  4.63  4.43  4.00  3.90  3.29  2.97  2.08  1.59     3.34  2.15  4.31  4.11  2.78
 60   40     2.06  2.91  3.88  4.31  4.42  4.21  3.80  3.74  3.21  2.96  2.11  1.62     3.27  2.20  4.21  3.92  2.76
 60   50     2.09  2.93  3.85  4.12  4.17  3.94  3.56  3.53  3.07  2.90  2.09  1.63     3.15  2.21  4.04  3.68  2.69
 60   60     2.09  2.91  3.78  3.87  3.86  3.63  3.29  3.27  2.89  2.77  2.03  1.61     3.00  2.20  3.84  3.40  2.56
 60   70     2.06  2.85  3.66  3.56  3.50  3.27  2.97  2.97  2.66  2.61  1.94  1.57     2.80  2.16  3.57  3.07  2.41
 60   80     2.00  2.77  3.52  3.23  3.13  2.91  2.65  2.67  2.41  2.40  1.81  1.50     2.58  2.09  3.29  2.74  2.21
 60   90     1.92  2.66  3.33  2.85  2.74  2.54  2.32  2.33  2.14  2.16  1.65  1.41     2.34  2.00  2.98  2.40  1.98
 75   10     1.75  2.59  3.63  4.45  4.79  4.67  4.19  4.01  3.26  2.75  1.84  1.39     3.28  1.91  4.29  4.29  2.62
 75   20     1.80  2.64  3.66  4.41  4.71  4.57  4.11  3.94  3.24  2.78  1.88  1.43     3.26  1.96  4.26  4.21  2.63
 75   30     1.83  2.67  3.68  4.30  4.57  4.41  3.96  3.82  3.17  2.77  1.89  1.44     3.21  1.98  4.18  4.06  2.61
 75   40     1.85  2.68  3.65  4.15  4.37  4.19  3.77  3.65  3.06  2.71  1.87  1.45     3.12  1.99  4.06  3.87  2.55
 75   50     1.84  2.66  3.60  3.94  4.11  3.92  3.53  3.43  2.91  2.63  1.83  1.43     2.98  1.98  3.88  3.63  2.46
 75   60     1.83  2.63  3.52  3.69  3.82  3.62  3.26  3.18  2.72  2.49  1.75  1.39     2.83  1.95  3.68  3.35  2.32
 75   70     1.79  2.57  3.42  3.42  3.49  3.29  2.97  2.90  2.51  2.33  1.66  1.35     2.64  1.90  3.44  3.05  2.17
 75   80     1.73  2.49  3.28  3.09  3.13  2.94  2.65  2.60  2.27  2.14  1.54  1.29     2.43  1.84  3.17  2.73  1.98
 75   90     1.68  2.41  3.14  2.78  2.78  2.60  2.34  2.30  2.03  1.92  1.39  1.21     2.21  1.76  2.90  2.41  1.78
 90   10     1.69  2.51  3.54  4.39  4.76  4.66  4.18  3.98  3.21  2.67  1.77  1.34     3.22  1.84  4.23  4.27  2.55
 90   20     1.67  2.49  3.51  4.29  4.66  4.54  4.08  3.88  3.14  2.62  1.74  1.32     3.16  1.83  4.15  4.16  2.50
 90   30     1.65  2.46  3.46  4.14  4.49  4.37  3.92  3.72  3.03  2.55  1.69  1.30     3.06  1.80  4.03  4.00  2.42
 90   40     1.63  2.42  3.40  3.95  4.28  4.14  3.71  3.53  2.89  2.45  1.63  1.26     2.94  1.77  3.88  3.79  2.32
 90   50     1.60  2.38  3.32  3.73  4.02  3.87  3.47  3.31  2.73  2.33  1.56  1.23     2.79  1.74  3.69  3.55  2.20
 90   60     1.57  2.33  3.23  3.48  3.72  3.57  3.20  3.05  2.54  2.19  1.48  1.19     2.63  1.70  3.48  3.27  2.07
 90   70     1.54  2.28  3.13  3.20  3.41  3.25  2.91  2.78  2.33  2.03  1.37  1.14     2.45  1.66  3.25  2.98  1.91
 90   80     1.50  2.22  3.03  2.93  3.09  2.93  2.62  2.51  2.12  1.86  1.27  1.09     2.26  1.60  3.01  2.68  1.75
 90   90     1.46  2.16  2.91  2.63  2.74  2.59  2.32  2.22  1.88  1.67  1.15  1.02     2.06  1.55  2.76  2.38  1.57
105   10     1.62  2.43  3.46  4.33  4.73  4.64  4.16  3.94  3.15  2.58  1.69  1.28     3.17  1.77  4.17  4.25  2.48
105   20     1.54  2.33  3.35  4.17  4.60  4.51  4.04  3.80  3.04  2.46  1.59  1.21     3.05  1.70  4.04  4.12  2.36
105   30     1.47  2.25  3.23  3.96  4.40  4.31  3.86  3.61  2.88  2.31  1.49  1.15     2.91  1.62  3.86  3.93  2.23
105   40     1.42  2.17  3.12  3.72  4.15  4.06  3.64  3.39  2.71  2.18  1.40  1.10     2.75  1.56  3.67  3.70  2.10
105   50     1.38  2.10  3.02  3.47  3.87  3.78  3.38  3.15  2.52  2.03  1.30  1.05     2.59  1.51  3.46  3.44  1.95
105   60     1.34  2.05  2.92  3.22  3.57  3.47  3.11  2.89  2.33  1.88  1.22  1.01     2.42  1.47  3.24  3.16  1.81
105   70     1.32  2.01  2.83  2.96  3.26  3.16  2.82  2.63  2.13  1.73  1.12  0.96     2.24  1.43  3.01  2.87  1.66
105   80     1.29  1.97  2.75  2.68  2.95  2.85  2.54  2.36  1.92  1.58  1.03  0.92     2.07  1.40  2.79  2.58  1.51
105   90     1.27  1.93  2.66  2.43  2.64  2.53  2.26  2.10  1.73  1.43  0.94  0.88     1.90  1.36  2.58  2.30  1.37
120   10     1.55  2.35  3.38  4.27  4.71  4.63  4.15  3.91  3.10  2.50  1.61  1.23     3.12  1.71  4.12  4.23  2.41
120   20     1.42  2.18  3.20  4.04  4.53  4.48  4.01  3.73  2.93  2.30  1.45  1.12     2.95  1.57  3.92  4.07  2.23
120   30     1.31  2.04  3.01  3.77  4.29  4.25  3.80  3.51  2.73  2.09  1.30  1.02     2.76  1.46  3.69  3.85  2.04
120   40     1.24  1.92  2.84  3.48  4.00  3.97  3.55  3.25  2.52  1.90  1.17  0.95     2.57  1.37  3.44  3.59  1.87
120   50     1.19  1.85  2.70  3.19  3.69  3.66  3.27  2.97  2.31  1.73  1.08  0.90     2.38  1.31  3.19  3.30  1.71
120   60     1.16  1.80  2.60  2.91  3.37  3.34  2.99  2.70  2.11  1.58  0.99  0.86     2.20  1.27  2.96  3.01  1.56
120   70     1.15  1.77  2.53  2.66  3.06  3.02  2.70  2.44  1.91  1.45  0.91  0.83     2.04  1.25  2.75  2.72  1.42
120   80     1.15  1.76  2.47  2.42  2.75  2.70  2.42  2.19  1.73  1.31  0.84  0.80     1.88  1.24  2.55  2.44  1.29
120   90     1.15  1.74  2.43  2.19  2.47  2.41  2.15  1.95  1.55  1.20  0.78  0.77     1.73  1.22  2.36  2.17  1.18
135   10     1.50  2.29  3.31  4.21  4.68  4.62  4.13  3.88  3.06  2.43  1.55  1.18     3.07  1.66  4.07  4.21  2.35
135   20     1.31  2.05  3.05  3.93  4.48  4.45  3.98  3.67  2.84  2.15  1.32  1.03     2.86  1.46  3.82  4.03  2.11
135   30     1.17  1.85  2.79  3.60  4.19  4.20  3.75  3.41  2.59  1.88  1.13  0.91     2.62  1.31  3.53  3.79  1.87
135   40     1.09  1.71  2.57  3.23  3.85  3.88  3.47  3.10  2.33  1.65  0.99  0.83     2.39  1.21  3.22  3.48  1.66
135   50     1.05  1.62  2.41  2.89  3.48  3.53  3.15  2.79  2.09  1.46  0.89  0.80     2.18  1.16  2.92  3.16  1.48
135   60     1.04  1.59  2.30  2.59  3.12  3.17  2.84  2.49  1.88  1.32  0.82  0.77     2.00  1.13  2.67  2.83  1.34
135   70     1.05  1.58  2.24  2.34  2.80  2.83  2.54  2.23  1.70  1.20  0.76  0.75     1.84  1.13  2.46  2.53  1.22
135   80     1.06  1.60  2.21  2.12  2.51  2.53  2.27  1.99  1.54  1.10  0.72  0.73     1.70  1.13  2.28  2.26  1.12
135   90     1.08  1.61  2.21  1.93  2.25  2.25  2.02  1.78  1.38  1.01  0.67  0.72     1.58  1.14  2.13  2.02  1.02
150   10     1.45  2.24  3.26  4.18  4.66  4.61  4.13  3.86  3.02  2.37  1.50  1.14     3.04  1.61  4.03  4.20  2.30
150   20     1.22  1.95  2.94  3.85  4.43  4.43  3.96  3.63  2.77  2.03  1.22  0.95     2.78  1.37  3.74  4.01  2.01
150   30     1.05  1.69  2.61  3.45  4.12  4.17  3.72  3.33  2.47  1.69  0.98  0.81     2.51  1.19  3.39  3.74  1.72
150   40     0.98  1.51  2.32  3.02  3.72  3.83  3.41  2.98  2.16  1.41  0.84  0.76     2.24  1.09  3.02  3.41  1.47
150   50     0.98  1.45  2.12  2.60  3.28  3.42  3.05  2.61  1.88  1.22  0.77  0.75     2.01  1.06  2.66  3.02  1.29
150   60     1.00  1.44  2.03  2.26  2.85  2.98  2.68  2.27  1.66  1.10  0.74  0.74     1.81  1.06  2.38  2.65  1.17
150   70     1.02  1.47  2.00  2.01  2.50  2.61  2.36  2.01  1.50  1.02  0.70  0.73     1.66  1.08  2.17  2.33  1.07
150   80     1.04  1.50  2.01  1.83  2.23  2.31  2.09  1.80  1.37  0.95  0.66  0.72     1.54  1.09  2.02  2.07  0.99
150   90     1.06  1.54  2.04  1.69  2.00  2.06  1.87  1.62  1.25  0.89  0.63  0.71     1.45  1.11  1.91  1.85  0.92
165   10     1.43  2.20  3.23  4.15  4.66  4.61  4.12  3.85  3.00  2.34  1.47  1.12     3.01  1.58  4.01  4.19  2.27
165   20     1.16  1.87  2.86  3.80  4.42  4.43  3.95  3.60  2.72  1.95  1.15  0.90     2.73  1.31  3.69  3.99  1.94
165   30     0.97  1.56  2.48  3.37  4.09  4.16  3.70  3.29  2.39  1.55  0.87  0.77     2.43  1.10  3.31  3.72  1.60
165   40     0.97  1.36  2.11  2.88  3.68  3.81  3.39  2.92  2.03  1.20  0.79  0.76     2.16  1.03  2.89  3.38  1.34
165   50     0.98  1.37  1.87  2.35  3.20  3.40  3.02  2.50  1.69  1.04  0.76  0.75     1.91  1.04  2.47  2.98  1.16
165   60     1.00  1.41  1.82  1.93  2.68  2.93  2.61  2.07  1.47  0.98  0.73  0.74     1.70  1.05  2.14  2.54  1.06
165   70     1.02  1.45  1.85  1.72  2.22  2.43  2.19  1.80  1.35  0.94  0.70  0.73     1.53  1.07  1.93  2.14  0.99
165   80     1.04  1.49  1.89  1.60  1.97  2.12  1.94  1.62  1.25  0.89  0.66  0.72     1.43  1.08  1.82  1.89  0.93
165   90     1.06  1.53  1.94  1.50  1.79  1.90  1.74  1.48  1.16  0.83  0.63  0.71     1.35  1.10  1.74  1.70  0.87
180   10     1.42  2.19  3.21  4.15  4.65  4.61  4.12  3.85  3.00  2.32  1.46  1.11     3.01  1.57  4.00  4.19  2.26
180   20     1.14  1.85  2.83  3.78  4.41  4.42  3.95  3.60  2.71  1.92  1.12  0.88     2.72  1.29  3.67  3.99  1.92
180   30     0.96  1.51  2.42  3.35  4.08  4.16  3.70  3.28  2.37  1.49  0.83  0.77     2.41  1.08  3.28  3.71  1.56
180   40     0.97  1.34  2.00  2.85  3.67  3.81  3.39  2.91  1.99  1.09  0.79  0.76     2.13  1.02  2.84  3.37  1.29
180   50     0.98  1.37  1.71  2.31  3.19  3.40  3.02  2.49  1.58  1.02  0.76  0.75     1.88  1.04  2.40  2.97  1.12
180   60     1.00  1.41  1.76  1.74  2.66  2.93  2.61  2.04  1.36  0.98  0.73  0.74     1.66  1.05  2.05  2.52  1.02
180   70     1.02  1.45  1.81  1.57  2.11  2.42  2.16  1.69  1.28  0.93  0.70  0.73     1.49  1.07  1.83  2.09  0.97
180   80     1.04  1.49  1.86  1.49  1.87  2.04  1.87  1.54  1.20  0.88  0.66  0.72     1.39  1.08  1.74  1.82  0.92
180   90     1.06  1.53  1.92  1.42  1.71  1.83  1.69  1.42  1.12  0.83  0.63  0.71     1.32  1.10  1.68  1.65  0.86
             68.0  61.3  48.0  23.8  11.2   4.6   6.6  16.1  28.9  46.0  57.2  63.7     32.0  64.1  25.5   9.4  43.6
             2.75  3.59  4.36  4.71  4.84  4.71  4.23  4.13  3.53  3.50  2.76  2.14     3.77  2.82  4.54  4.35  3.22
             2.43  3.33  4.27  4.67  4.63  4.39  4.00  4.02  3.53  3.42  2.56  1.92     3.60  2.56  4.52  4.14  3.17
             1.13  1.08  1.02  1.01  1.05  1.07  1.06  1.03  1.00  1.02  1.08  1.11     1.05  1.11  1.02  1.05  1.03
             1.42  1.31  1.20  1.05  0.96  0.93  0.95  1.00  1.09  1.27  1.43  1.42     1.17  1.38  1.07  0.96  1.26
temperature  -4.8  -4.2  -0.7   6.2  11.6  15.7  19.3  20.9  16.3   9.7   3.5  -1.8      7.6  -3.6   5.7  18.6   9.8
diffusedrad  1.11  1.56  2.00  2.19  2.49  2.70  2.60  2.34  1.88  1.41  1.00  0.89     1.85  1.19  2.23  2.55  1.43
snow10cm     0.98  1.00  0.85  0.08  0.00  0.00  0.00  0.00  0.00  0.00  0.07  0.55     0.29  0.84  0.31  0.00  0.02
