2 33186   葛巻            40  2.3  141 26.2  390
             1.52  2.21  3.21  4.14  4.60  4.59  4.16  3.95  3.02  2.40  1.66  1.25     3.06  1.66  3.98  4.23  2.36
             1.81  2.60  3.56  4.96  5.32  5.73  5.11  4.87  3.73  2.76  2.05  1.53     3.27  1.84  4.32  4.83  2.75
             1.28  1.85  2.92  3.70  3.78  3.73  3.09  3.19  2.45  1.94  1.10  0.99     2.77  1.45  3.66  3.57  2.02
  0   10     1.71  2.40  3.44  4.29  4.65  4.59  4.17  4.01  3.17  2.62  1.90  1.42     3.20  1.85  4.13  4.26  2.56
  0   20     1.89  2.58  3.62  4.36  4.61  4.51  4.11  4.02  3.25  2.80  2.11  1.58     3.29  2.02  4.20  4.21  2.72
  0   30     2.03  2.71  3.73  4.34  4.48  4.34  3.98  3.95  3.27  2.91  2.27  1.71     3.31  2.15  4.18  4.09  2.82
  0   40     2.14  2.81  3.77  4.22  4.25  4.09  3.77  3.80  3.22  2.97  2.38  1.80     3.27  2.25  4.08  3.89  2.85
  0   50     2.21  2.87  3.75  4.02  3.96  3.78  3.50  3.58  3.11  2.95  2.43  1.85     3.17  2.31  3.91  3.62  2.83
  0   60     2.24  2.88  3.65  3.74  3.59  3.40  3.17  3.29  2.93  2.88  2.43  1.87     3.01  2.33  3.66  3.29  2.75
  0   70     2.22  2.84  3.50  3.39  3.16  2.97  2.80  2.95  2.71  2.74  2.38  1.84     2.79  2.30  3.35  2.91  2.61
  0   80     2.17  2.76  3.28  2.97  2.69  2.53  2.40  2.56  2.43  2.54  2.27  1.77     2.53  2.23  2.98  2.50  2.41
  0   90     2.07  2.64  3.00  2.50  2.20  2.06  1.99  2.14  2.11  2.30  2.11  1.67     2.23  2.13  2.57  2.06  2.17
 15   10     1.70  2.39  3.44  4.28  4.65  4.59  4.17  4.01  3.16  2.62  1.89  1.42     3.19  1.84  4.12  4.25  2.56
 15   20     1.87  2.56  3.60  4.35  4.60  4.50  4.11  4.01  3.24  2.78  2.09  1.57     3.27  2.00  4.19  4.21  2.70
 15   30     2.01  2.69  3.71  4.33  4.48  4.34  3.98  3.94  3.25  2.89  2.24  1.69     3.30  2.13  4.17  4.09  2.79
 15   40     2.11  2.79  3.75  4.22  4.26  4.10  3.77  3.79  3.20  2.94  2.34  1.77     3.25  2.23  4.08  3.89  2.83
 15   50     2.18  2.84  3.72  4.01  3.96  3.79  3.50  3.58  3.09  2.92  2.38  1.82     3.15  2.28  3.90  3.62  2.80
 15   60     2.20  2.84  3.62  3.74  3.61  3.42  3.19  3.30  2.92  2.84  2.38  1.83     2.99  2.29  3.66  3.30  2.71
 15   70     2.18  2.80  3.46  3.39  3.19  3.00  2.82  2.96  2.69  2.70  2.32  1.80     2.78  2.26  3.35  2.93  2.57
 15   80     2.12  2.72  3.25  2.98  2.73  2.56  2.43  2.58  2.42  2.50  2.20  1.74     2.52  2.19  2.99  2.52  2.37
 15   90     2.02  2.60  2.98  2.53  2.25  2.12  2.03  2.18  2.11  2.25  2.04  1.63     2.23  2.09  2.59  2.11  2.13
 30   10     1.68  2.37  3.41  4.26  4.64  4.59  4.17  4.00  3.15  2.59  1.86  1.40     3.18  1.82  4.11  4.25  2.53
 30   20     1.83  2.52  3.56  4.32  4.60  4.50  4.10  4.00  3.21  2.73  2.03  1.53     3.24  1.96  4.16  4.20  2.66
 30   30     1.95  2.63  3.65  4.29  4.48  4.34  3.97  3.92  3.21  2.82  2.15  1.63     3.25  2.07  4.14  4.08  2.73
 30   40     2.03  2.71  3.67  4.17  4.27  4.11  3.77  3.77  3.15  2.85  2.23  1.70     3.20  2.15  4.04  3.88  2.75
 30   50     2.08  2.74  3.63  3.98  3.99  3.82  3.52  3.56  3.04  2.82  2.26  1.74     3.10  2.19  3.87  3.63  2.71
 30   60     2.09  2.73  3.53  3.70  3.65  3.47  3.21  3.28  2.86  2.73  2.24  1.74     2.94  2.19  3.63  3.32  2.61
 30   70     2.06  2.69  3.37  3.38  3.26  3.08  2.87  2.96  2.64  2.58  2.17  1.70     2.73  2.15  3.34  2.97  2.46
 30   80     2.00  2.60  3.16  2.99  2.83  2.67  2.50  2.61  2.38  2.38  2.05  1.63     2.48  2.08  2.99  2.59  2.27
 30   90     1.90  2.48  2.90  2.58  2.39  2.25  2.13  2.23  2.08  2.14  1.88  1.52     2.21  1.97  2.62  2.20  2.03
 45   10     1.65  2.34  3.37  4.24  4.63  4.58  4.16  3.98  3.12  2.55  1.82  1.37     3.15  1.78  4.08  4.24  2.50
 45   20     1.76  2.45  3.49  4.26  4.59  4.50  4.09  3.96  3.16  2.66  1.95  1.47     3.19  1.89  4.11  4.18  2.59
 45   30     1.85  2.53  3.54  4.22  4.46  4.34  3.96  3.87  3.15  2.72  2.04  1.54     3.19  1.98  4.07  4.06  2.63
 45   40     1.91  2.58  3.54  4.09  4.27  4.12  3.77  3.72  3.07  2.72  2.09  1.59     3.12  2.03  3.97  3.87  2.63
 45   50     1.93  2.60  3.49  3.90  4.00  3.84  3.52  3.51  2.95  2.67  2.09  1.60     3.01  2.04  3.80  3.63  2.57
 45   60     1.93  2.58  3.38  3.64  3.69  3.51  3.23  3.25  2.78  2.57  2.05  1.59     2.85  2.03  3.57  3.33  2.46
 45   70     1.88  2.52  3.22  3.33  3.33  3.15  2.91  2.95  2.55  2.42  1.96  1.54     2.65  1.98  3.29  3.00  2.31
 45   80     1.81  2.43  3.03  2.97  2.93  2.77  2.57  2.61  2.31  2.22  1.84  1.46     2.41  1.90  2.98  2.65  2.12
 45   90     1.71  2.32  2.79  2.59  2.53  2.38  2.21  2.27  2.03  1.99  1.68  1.35     2.16  1.79  2.64  2.29  1.90
 60   10     1.60  2.29  3.32  4.20  4.62  4.57  4.15  3.95  3.09  2.50  1.77  1.33     3.12  1.74  4.04  4.22  2.45
 60   20     1.68  2.37  3.39  4.19  4.56  4.48  4.07  3.91  3.10  2.57  1.85  1.39     3.13  1.81  4.05  4.16  2.50
 60   30     1.73  2.41  3.41  4.12  4.43  4.33  3.94  3.81  3.06  2.58  1.89  1.44     3.10  1.86  3.99  4.03  2.51
 60   40     1.75  2.43  3.39  3.98  4.23  4.11  3.75  3.65  2.97  2.56  1.91  1.45     3.02  1.88  3.87  3.84  2.48
 60   50     1.75  2.42  3.31  3.79  3.99  3.85  3.51  3.44  2.84  2.49  1.88  1.44     2.89  1.87  3.69  3.60  2.40
 60   60     1.73  2.39  3.20  3.54  3.69  3.54  3.24  3.20  2.66  2.37  1.82  1.41     2.73  1.84  3.48  3.32  2.28
 60   70     1.68  2.32  3.04  3.24  3.35  3.19  2.93  2.90  2.45  2.22  1.73  1.35     2.53  1.78  3.21  3.01  2.13
 60   80     1.60  2.24  2.87  2.92  3.00  2.85  2.61  2.60  2.21  2.03  1.61  1.27     2.32  1.70  2.93  2.69  1.95
 60   90     1.51  2.14  2.65  2.56  2.62  2.49  2.28  2.28  1.96  1.82  1.45  1.16     2.08  1.61  2.61  2.35  1.75
 75   10     1.55  2.24  3.26  4.15  4.59  4.56  4.13  3.92  3.04  2.44  1.70  1.28     3.07  1.69  4.00  4.21  2.40
 75   20     1.58  2.27  3.27  4.10  4.52  4.46  4.05  3.85  3.02  2.45  1.73  1.30     3.05  1.72  3.96  4.12  2.40
 75   30     1.59  2.27  3.25  3.99  4.38  4.30  3.90  3.73  2.95  2.43  1.73  1.31     2.99  1.72  3.88  3.98  2.37
 75   40     1.58  2.26  3.19  3.84  4.18  4.09  3.71  3.56  2.84  2.37  1.71  1.30     2.89  1.71  3.74  3.79  2.30
 75   50     1.55  2.23  3.11  3.63  3.93  3.82  3.48  3.35  2.70  2.27  1.66  1.27     2.75  1.68  3.56  3.55  2.21
 75   60     1.52  2.18  2.98  3.39  3.65  3.53  3.21  3.10  2.52  2.15  1.58  1.21     2.59  1.64  3.34  3.28  2.08
 75   70     1.46  2.12  2.84  3.11  3.34  3.21  2.92  2.84  2.32  2.00  1.49  1.15     2.40  1.58  3.10  2.99  1.94
 75   80     1.39  2.04  2.67  2.80  3.00  2.87  2.61  2.54  2.10  1.83  1.37  1.08     2.19  1.50  2.82  2.67  1.76
 75   90     1.31  1.96  2.49  2.49  2.66  2.54  2.31  2.25  1.87  1.64  1.23  0.98     1.98  1.42  2.55  2.36  1.58
 90   10     1.50  2.19  3.19  4.10  4.57  4.55  4.12  3.89  3.00  2.38  1.64  1.23     3.03  1.64  3.95  4.18  2.34
 90   20     1.47  2.16  3.15  4.00  4.47  4.44  4.02  3.79  2.93  2.33  1.61  1.21     2.96  1.61  3.87  4.08  2.29
 90   30     1.45  2.12  3.07  3.85  4.31  4.26  3.86  3.64  2.83  2.26  1.56  1.18     2.87  1.58  3.74  3.92  2.22
 90   40     1.41  2.08  2.98  3.66  4.10  4.04  3.66  3.45  2.69  2.16  1.50  1.14     2.74  1.54  3.58  3.72  2.12
 90   50     1.37  2.03  2.87  3.45  3.85  3.77  3.42  3.23  2.54  2.05  1.43  1.09     2.59  1.50  3.39  3.48  2.00
 90   60     1.31  1.97  2.74  3.20  3.56  3.48  3.15  2.98  2.36  1.92  1.35  1.03     2.42  1.44  3.17  3.21  1.88
 90   70     1.26  1.92  2.60  2.93  3.26  3.17  2.87  2.72  2.16  1.77  1.24  0.97     2.24  1.38  2.93  2.92  1.72
 90   80     1.20  1.85  2.46  2.65  2.95  2.85  2.58  2.45  1.96  1.62  1.15  0.90     2.05  1.32  2.69  2.63  1.57
 90   90     1.14  1.79  2.30  2.36  2.62  2.52  2.29  2.17  1.74  1.45  1.03  0.82     1.85  1.25  2.42  2.33  1.41
105   10     1.44  2.13  3.13  4.04  4.54  4.54  4.10  3.86  2.95  2.31  1.57  1.18     2.98  1.58  3.90  4.17  2.28
105   20     1.37  2.05  3.02  3.89  4.41  4.41  3.98  3.72  2.85  2.20  1.48  1.12     2.88  1.51  3.77  4.04  2.18
105   30     1.30  1.97  2.88  3.69  4.22  4.21  3.81  3.54  2.70  2.08  1.39  1.05     2.74  1.44  3.60  3.85  2.06
105   40     1.24  1.90  2.75  3.46  3.98  3.97  3.59  3.32  2.54  1.95  1.30  0.99     2.58  1.38  3.40  3.63  1.93
105   50     1.19  1.84  2.62  3.22  3.71  3.69  3.34  3.08  2.36  1.82  1.21  0.93     2.42  1.32  3.19  3.37  1.80
105   60     1.13  1.78  2.49  2.97  3.43  3.39  3.06  2.83  2.18  1.68  1.13  0.87     2.25  1.26  2.96  3.10  1.66
105   70     1.09  1.73  2.36  2.71  3.12  3.08  2.78  2.57  1.99  1.54  1.03  0.81     2.07  1.21  2.73  2.81  1.52
105   80     1.04  1.68  2.23  2.44  2.83  2.78  2.50  2.31  1.79  1.40  0.94  0.76     1.89  1.16  2.50  2.53  1.38
105   90     0.99  1.63  2.10  2.19  2.53  2.47  2.23  2.06  1.61  1.26  0.85  0.69     1.72  1.11  2.27  2.25  1.24
120   10     1.39  2.08  3.06  3.99  4.52  4.52  4.09  3.82  2.91  2.25  1.51  1.14     2.94  1.53  3.86  4.14  2.22
120   20     1.28  1.95  2.89  3.78  4.36  4.37  3.95  3.66  2.76  2.08  1.36  1.03     2.79  1.42  3.67  3.99  2.07
120   30     1.18  1.83  2.70  3.53  4.12  4.16  3.75  3.44  2.57  1.91  1.23  0.94     2.61  1.31  3.45  3.78  1.91
120   40     1.10  1.73  2.52  3.25  3.85  3.88  3.50  3.18  2.38  1.75  1.12  0.86     2.43  1.23  3.21  3.52  1.75
120   50     1.04  1.66  2.36  2.97  3.55  3.58  3.23  2.92  2.18  1.59  1.02  0.80     2.24  1.17  2.96  3.24  1.60
120   60     0.99  1.61  2.23  2.70  3.24  3.26  2.95  2.65  1.99  1.46  0.94  0.75     2.06  1.12  2.72  2.95  1.46
120   70     0.96  1.56  2.11  2.45  2.94  2.95  2.66  2.40  1.80  1.33  0.85  0.70     1.89  1.07  2.50  2.67  1.33
120   80     0.92  1.54  2.00  2.21  2.64  2.65  2.39  2.15  1.63  1.21  0.79  0.65     1.73  1.04  2.29  2.39  1.21
120   90     0.89  1.51  1.91  1.98  2.37  2.36  2.12  1.91  1.46  1.10  0.71  0.60     1.58  1.00  2.08  2.13  1.09
135   10     1.35  2.03  3.01  3.94  4.50  4.51  4.08  3.80  2.87  2.20  1.46  1.09     2.90  1.49  3.81  4.13  2.17
135   20     1.19  1.86  2.77  3.69  4.30  4.35  3.92  3.60  2.68  1.97  1.26  0.95     2.71  1.33  3.59  3.96  1.97
135   30     1.06  1.70  2.53  3.38  4.03  4.11  3.70  3.34  2.45  1.75  1.09  0.84     2.50  1.20  3.31  3.72  1.76
135   40     0.98  1.58  2.31  3.04  3.71  3.80  3.42  3.05  2.22  1.55  0.96  0.76     2.28  1.11  3.02  3.42  1.58
135   50     0.93  1.51  2.12  2.72  3.35  3.46  3.11  2.74  2.00  1.39  0.86  0.71     2.08  1.05  2.73  3.10  1.42
135   60     0.90  1.47  1.99  2.43  3.02  3.10  2.80  2.45  1.80  1.26  0.80  0.67     1.89  1.01  2.48  2.79  1.28
135   70     0.88  1.44  1.88  2.18  2.71  2.78  2.51  2.19  1.63  1.15  0.73  0.63     1.73  0.98  2.25  2.50  1.17
135   80     0.86  1.44  1.79  1.96  2.43  2.48  2.24  1.96  1.47  1.05  0.68  0.59     1.58  0.96  2.06  2.23  1.07
135   90     0.84  1.43  1.73  1.76  2.17  2.21  2.00  1.76  1.32  0.96  0.63  0.56     1.45  0.94  1.89  1.99  0.97
150   10     1.31  2.00  2.96  3.91  4.48  4.50  4.07  3.78  2.84  2.15  1.41  1.06     2.87  1.46  3.78  4.12  2.14
150   20     1.12  1.79  2.68  3.62  4.26  4.33  3.90  3.56  2.62  1.89  1.17  0.89     2.65  1.26  3.52  3.93  1.89
150   30     0.97  1.59  2.38  3.25  3.97  4.08  3.67  3.27  2.35  1.61  0.96  0.76     2.40  1.11  3.20  3.67  1.64
150   40     0.90  1.45  2.10  2.86  3.59  3.75  3.37  2.93  2.07  1.38  0.83  0.70     2.16  1.01  2.85  3.35  1.43
150   50     0.88  1.39  1.89  2.46  3.17  3.35  3.01  2.58  1.82  1.21  0.77  0.67     1.93  0.98  2.51  2.98  1.27
150   60     0.87  1.38  1.76  2.14  2.77  2.93  2.65  2.25  1.62  1.10  0.72  0.64     1.74  0.96  2.23  2.61  1.15
150   70     0.86  1.38  1.69  1.90  2.44  2.57  2.34  1.99  1.46  1.02  0.68  0.61     1.58  0.95  2.01  2.30  1.05
150   80     0.84  1.38  1.64  1.71  2.17  2.28  2.07  1.78  1.33  0.95  0.64  0.58     1.45  0.94  1.84  2.04  0.97
150   90     0.83  1.39  1.60  1.56  1.95  2.03  1.85  1.60  1.21  0.88  0.59  0.55     1.34  0.92  1.70  1.83  0.89
165   10     1.29  1.97  2.93  3.89  4.47  4.50  4.06  3.77  2.83  2.13  1.39  1.04     2.86  1.44  3.77  4.11  2.11
165   20     1.07  1.74  2.62  3.57  4.25  4.33  3.89  3.53  2.58  1.83  1.11  0.84     2.61  1.22  3.48  3.92  1.84
165   30     0.90  1.51  2.27  3.18  3.94  4.07  3.65  3.23  2.29  1.51  0.87  0.71     2.35  1.04  3.13  3.65  1.55
165   40     0.89  1.36  1.93  2.74  3.55  3.73  3.35  2.88  1.96  1.23  0.79  0.69     2.09  0.98  2.74  3.32  1.33
165   50     0.88  1.35  1.69  2.25  3.11  3.34  2.99  2.48  1.66  1.09  0.76  0.67     1.85  0.97  2.35  2.93  1.17
165   60     0.87  1.36  1.60  1.86  2.61  2.88  2.59  2.06  1.46  1.02  0.72  0.64     1.64  0.96  2.02  2.51  1.07
165   70     0.86  1.37  1.57  1.65  2.18  2.40  2.18  1.79  1.34  0.97  0.68  0.61     1.47  0.94  1.80  2.12  0.99
165   80     0.84  1.38  1.55  1.51  1.94  2.10  1.92  1.62  1.24  0.91  0.64  0.58     1.35  0.93  1.67  1.88  0.93
165   90     0.83  1.39  1.53  1.40  1.75  1.88  1.73  1.47  1.14  0.84  0.59  0.55     1.26  0.92  1.56  1.69  0.86
180   10     1.28  1.97  2.92  3.88  4.47  4.50  4.06  3.76  2.82  2.12  1.38  1.03     2.85  1.43  3.76  4.11  2.11
180   20     1.05  1.72  2.59  3.56  4.24  4.32  3.89  3.53  2.56  1.80  1.09  0.83     2.60  1.20  3.46  3.91  1.82
180   30     0.90  1.47  2.23  3.16  3.93  4.06  3.65  3.22  2.27  1.47  0.83  0.71     2.33  1.03  3.11  3.65  1.52
180   40     0.89  1.34  1.85  2.71  3.54  3.73  3.35  2.87  1.93  1.14  0.79  0.69     2.07  0.97  2.70  3.31  1.29
180   50     0.88  1.35  1.56  2.22  3.09  3.33  2.99  2.46  1.57  1.07  0.76  0.67     1.83  0.97  2.29  2.93  1.13
180   60     0.87  1.36  1.55  1.70  2.60  2.88  2.58  2.02  1.37  1.02  0.72  0.64     1.61  0.96  1.95  2.50  1.04
180   70     0.86  1.37  1.54  1.52  2.08  2.39  2.15  1.69  1.29  0.96  0.68  0.61     1.43  0.94  1.71  2.08  0.98
180   80     0.84  1.38  1.52  1.42  1.84  2.02  1.86  1.54  1.20  0.90  0.64  0.58     1.31  0.93  1.60  1.81  0.91
180   90     0.83  1.39  1.51  1.33  1.69  1.81  1.68  1.42  1.11  0.84  0.59  0.55     1.23  0.92  1.51  1.64  0.85
             61.3  57.2  41.4  22.5  11.0   4.7   6.7  15.9  27.6  43.2  54.9  58.5     28.6  59.0  23.2   9.1  41.2
             2.24  2.88  3.77  4.36  4.65  4.60  4.17  4.03  3.27  2.97  2.44  1.87     3.44  2.33  4.20  4.26  2.85
             2.02  2.70  3.72  4.35  4.50  4.37  4.00  3.96  3.27  2.90  2.25  1.69     3.31  2.13  4.19  4.11  2.81
             1.11  1.07  1.01  1.00  1.03  1.05  1.04  1.02  1.00  1.02  1.08  1.11     1.05  1.09  1.02  1.04  1.04
             1.33  1.22  1.16  1.05  0.98  0.95  0.96  1.00  1.08  1.21  1.36  1.35     1.14  1.30  1.06  0.97  1.22
temperature  -3.9  -3.4   0.2   7.1  12.5  16.5  20.2  21.5  16.7  10.1   4.3  -0.9      8.4  -2.7   6.6  19.4  10.4
diffusedrad  1.04  1.52  1.92  2.19  2.50  2.71  2.60  2.34  1.86  1.42  0.99  0.83     1.83  1.13  2.20  2.55  1.42
snow10cm     0.59  0.91  0.49  0.01  0.00  0.00  0.00  0.00  0.00  0.00  0.01  0.17     0.18  0.56  0.16  0.00  0.00
