2 33671   遠野            39 20.2  141 32.3  273
             1.76  2.49  3.31  4.23  4.63  4.50  4.20  4.05  3.09  2.60  1.80  1.45     3.17  1.90  4.05  4.25  2.50
             2.03  2.96  3.61  4.83  5.45  5.29  4.90  4.89  3.65  2.87  2.21  1.75     3.34  2.13  4.38  4.91  2.69
             1.46  2.11  2.84  3.68  3.83  3.63  3.27  3.22  2.50  2.07  1.23  1.19     3.04  1.71  3.75  3.81  2.25
  0   10     2.06  2.77  3.56  4.38  4.67  4.50  4.21  4.11  3.24  2.86  2.07  1.70     3.34  2.17  4.20  4.28  2.72
  0   20     2.32  3.01  3.74  4.45  4.63  4.42  4.15  4.12  3.32  3.06  2.31  1.92     3.46  2.42  4.27  4.23  2.90
  0   30     2.54  3.21  3.84  4.42  4.49  4.25  4.01  4.04  3.34  3.21  2.50  2.11     3.50  2.62  4.25  4.10  3.01
  0   40     2.70  3.34  3.87  4.30  4.26  4.00  3.79  3.88  3.29  3.27  2.62  2.24     3.46  2.76  4.14  3.89  3.06
  0   50     2.81  3.40  3.81  4.09  3.96  3.70  3.52  3.65  3.17  3.27  2.69  2.32     3.37  2.84  3.95  3.62  3.04
  0   60     2.85  3.40  3.67  3.80  3.58  3.33  3.19  3.35  2.99  3.19  2.69  2.35     3.20  2.87  3.69  3.29  2.96
  0   70     2.83  3.33  3.45  3.43  3.15  2.91  2.80  3.00  2.75  3.04  2.63  2.33     2.97  2.83  3.34  2.90  2.81
  0   80     2.75  3.19  3.17  3.00  2.67  2.47  2.40  2.59  2.46  2.82  2.51  2.25     2.69  2.73  2.94  2.48  2.60
  0   90     2.61  2.99  2.82  2.51  2.17  2.01  1.97  2.16  2.14  2.54  2.34  2.11     2.37  2.57  2.50  2.05  2.34
 15   10     2.05  2.76  3.55  4.38  4.67  4.50  4.21  4.11  3.23  2.85  2.06  1.69     3.34  2.17  4.20  4.27  2.71
 15   20     2.31  3.00  3.73  4.44  4.62  4.41  4.15  4.11  3.31  3.05  2.28  1.91     3.44  2.40  4.26  4.22  2.88
 15   30     2.51  3.18  3.83  4.42  4.49  4.25  4.01  4.03  3.32  3.18  2.46  2.08     3.48  2.59  4.24  4.10  2.99
 15   40     2.67  3.30  3.84  4.30  4.27  4.01  3.80  3.88  3.27  3.24  2.58  2.21     3.45  2.73  4.14  3.90  3.03
 15   50     2.77  3.36  3.78  4.09  3.96  3.70  3.52  3.65  3.15  3.23  2.63  2.28     3.35  2.81  3.94  3.63  3.00
 15   60     2.81  3.35  3.64  3.80  3.60  3.35  3.20  3.36  2.97  3.15  2.63  2.31     3.18  2.82  3.68  3.30  2.92
 15   70     2.79  3.27  3.42  3.44  3.17  2.93  2.82  3.01  2.74  2.99  2.56  2.28     2.95  2.78  3.35  2.92  2.77
 15   80     2.71  3.13  3.14  3.01  2.71  2.50  2.43  2.62  2.46  2.77  2.44  2.19     2.68  2.68  2.96  2.52  2.56
 15   90     2.57  2.94  2.80  2.55  2.23  2.07  2.02  2.20  2.13  2.49  2.26  2.06     2.36  2.52  2.52  2.10  2.30
 30   10     2.02  2.73  3.52  4.36  4.67  4.50  4.21  4.09  3.22  2.82  2.03  1.66     3.32  2.14  4.18  4.27  2.69
 30   20     2.25  2.94  3.68  4.41  4.62  4.41  4.14  4.09  3.28  2.99  2.22  1.85     3.41  2.35  4.24  4.22  2.83
 30   30     2.43  3.09  3.76  4.37  4.49  4.25  4.01  4.01  3.28  3.10  2.37  2.00     3.43  2.51  4.21  4.09  2.92
 30   40     2.56  3.19  3.76  4.25  4.28  4.03  3.80  3.86  3.22  3.14  2.46  2.11     3.39  2.62  4.10  3.90  2.94
 30   50     2.64  3.23  3.69  4.05  4.00  3.73  3.54  3.63  3.10  3.12  2.49  2.17     3.28  2.68  3.91  3.63  2.90
 30   60     2.67  3.20  3.54  3.77  3.65  3.39  3.23  3.35  2.92  3.02  2.47  2.17     3.11  2.68  3.65  3.32  2.80
 30   70     2.63  3.11  3.33  3.43  3.25  3.00  2.87  3.02  2.69  2.86  2.39  2.13     2.89  2.63  3.34  2.97  2.65
 30   80     2.54  2.97  3.05  3.03  2.82  2.60  2.50  2.65  2.42  2.64  2.26  2.04     2.63  2.52  2.97  2.59  2.44
 30   90     2.40  2.77  2.72  2.61  2.38  2.20  2.13  2.26  2.11  2.37  2.08  1.91     2.33  2.36  2.57  2.19  2.19
 45   10     1.97  2.68  3.48  4.33  4.66  4.49  4.20  4.08  3.19  2.78  1.98  1.62     3.29  2.09  4.16  4.26  2.65
 45   20     2.15  2.84  3.60  4.36  4.61  4.41  4.13  4.05  3.23  2.91  2.13  1.77     3.35  2.25  4.19  4.20  2.75
 45   30     2.29  2.95  3.65  4.31  4.48  4.25  4.00  3.96  3.22  2.98  2.23  1.88     3.35  2.37  4.14  4.07  2.81
 45   40     2.39  3.02  3.63  4.18  4.28  4.04  3.80  3.81  3.14  3.00  2.29  1.95     3.29  2.45  4.03  3.88  2.81
 45   50     2.44  3.03  3.55  3.98  4.01  3.76  3.55  3.59  3.01  2.94  2.29  1.98     3.18  2.48  3.85  3.63  2.75
 45   60     2.44  2.98  3.39  3.71  3.69  3.44  3.25  3.32  2.83  2.84  2.25  1.97     3.01  2.46  3.60  3.34  2.64
 45   70     2.39  2.88  3.18  3.38  3.33  3.08  2.93  3.01  2.61  2.68  2.16  1.91     2.79  2.39  3.30  3.01  2.48
 45   80     2.29  2.74  2.92  3.02  2.93  2.71  2.58  2.66  2.35  2.46  2.03  1.81     2.54  2.28  2.96  2.65  2.28
 45   90     2.15  2.56  2.61  2.63  2.53  2.33  2.22  2.31  2.06  2.21  1.85  1.67     2.26  2.13  2.59  2.29  2.04
 60   10     1.91  2.61  3.42  4.29  4.64  4.49  4.19  4.05  3.15  2.72  1.92  1.56     3.25  2.03  4.12  4.24  2.60
 60   20     2.03  2.71  3.50  4.28  4.58  4.40  4.12  4.00  3.17  2.80  2.01  1.66     3.27  2.13  4.12  4.17  2.66
 60   30     2.12  2.78  3.50  4.21  4.45  4.25  3.98  3.90  3.13  2.83  2.07  1.73     3.25  2.21  4.05  4.04  2.67
 60   40     2.17  2.80  3.46  4.07  4.25  4.03  3.78  3.74  3.04  2.81  2.09  1.76     3.17  2.24  3.93  3.85  2.64
 60   50     2.19  2.78  3.35  3.86  4.00  3.77  3.54  3.52  2.90  2.73  2.06  1.75     3.04  2.24  3.74  3.61  2.56
 60   60     2.17  2.72  3.20  3.61  3.70  3.47  3.27  3.27  2.72  2.61  2.00  1.72     2.87  2.20  3.50  3.33  2.44
 60   70     2.11  2.62  2.99  3.30  3.36  3.13  2.95  2.97  2.50  2.45  1.90  1.65     2.66  2.12  3.22  3.01  2.29
 60   80     2.00  2.48  2.75  2.97  3.00  2.78  2.63  2.66  2.26  2.25  1.77  1.55     2.42  2.01  2.91  2.69  2.09
 60   90     1.88  2.32  2.48  2.60  2.63  2.43  2.30  2.33  2.00  2.02  1.60  1.42     2.17  1.87  2.57  2.35  1.87
 75   10     1.83  2.54  3.36  4.24  4.62  4.48  4.18  4.02  3.11  2.65  1.85  1.50     3.20  1.96  4.07  4.22  2.54
 75   20     1.89  2.58  3.37  4.19  4.54  4.38  4.09  3.95  3.09  2.67  1.88  1.54     3.18  2.00  4.03  4.14  2.54
 75   30     1.93  2.58  3.33  4.08  4.40  4.22  3.95  3.82  3.01  2.65  1.89  1.55     3.12  2.02  3.94  4.00  2.52
 75   40     1.94  2.56  3.25  3.92  4.21  4.01  3.75  3.65  2.90  2.59  1.86  1.55     3.02  2.02  3.79  3.80  2.45
 75   50     1.91  2.51  3.13  3.71  3.95  3.75  3.51  3.43  2.76  2.49  1.81  1.51     2.87  1.98  3.60  3.56  2.35
 75   60     1.88  2.44  2.96  3.46  3.67  3.46  3.24  3.18  2.58  2.36  1.73  1.46     2.70  1.92  3.36  3.29  2.22
 75   70     1.81  2.33  2.77  3.17  3.35  3.15  2.95  2.90  2.37  2.20  1.62  1.39     2.50  1.84  3.10  3.00  2.06
 75   80     1.71  2.20  2.54  2.85  3.01  2.81  2.64  2.60  2.14  2.02  1.50  1.29     2.28  1.73  2.80  2.68  1.89
 75   90     1.60  2.07  2.31  2.54  2.67  2.48  2.33  2.30  1.91  1.80  1.35  1.17     2.04  1.62  2.51  2.37  1.69
 90   10     1.76  2.45  3.29  4.18  4.60  4.47  4.17  3.98  3.07  2.57  1.77  1.43     3.15  1.88  4.02  4.21  2.47
 90   20     1.74  2.42  3.23  4.09  4.50  4.36  4.06  3.88  3.00  2.52  1.74  1.41     3.08  1.86  3.94  4.10  2.42
 90   30     1.72  2.37  3.14  3.93  4.34  4.19  3.90  3.73  2.90  2.45  1.69  1.38     2.98  1.82  3.80  3.94  2.35
 90   40     1.69  2.30  3.02  3.74  4.12  3.97  3.70  3.54  2.75  2.35  1.63  1.33     2.85  1.77  3.63  3.73  2.24
 90   50     1.64  2.23  2.87  3.52  3.87  3.71  3.46  3.31  2.60  2.23  1.55  1.28     2.69  1.72  3.42  3.49  2.12
 90   60     1.58  2.13  2.70  3.27  3.58  3.42  3.19  3.06  2.41  2.09  1.46  1.21     2.51  1.64  3.18  3.22  1.99
 90   70     1.52  2.04  2.51  2.99  3.28  3.11  2.90  2.78  2.21  1.93  1.35  1.13     2.31  1.56  2.93  2.93  1.83
 90   80     1.43  1.93  2.31  2.71  2.96  2.80  2.61  2.51  2.00  1.77  1.24  1.05     2.11  1.47  2.66  2.64  1.67
 90   90     1.35  1.82  2.10  2.40  2.63  2.47  2.31  2.22  1.78  1.59  1.12  0.95     1.90  1.37  2.38  2.34  1.49
105   10     1.68  2.37  3.21  4.13  4.57  4.45  4.15  3.95  3.02  2.50  1.70  1.36     3.09  1.80  3.97  4.18  2.40
105   20     1.59  2.26  3.08  3.98  4.44  4.33  4.03  3.81  2.91  2.38  1.60  1.28     2.97  1.71  3.83  4.06  2.29
105   30     1.51  2.15  2.93  3.77  4.25  4.14  3.85  3.62  2.77  2.24  1.50  1.20     2.83  1.62  3.65  3.87  2.17
105   40     1.44  2.05  2.77  3.54  4.01  3.90  3.63  3.40  2.60  2.11  1.40  1.13     2.66  1.54  3.44  3.65  2.03
105   50     1.38  1.95  2.60  3.29  3.74  3.63  3.38  3.16  2.41  1.97  1.30  1.05     2.49  1.46  3.21  3.39  1.89
105   60     1.31  1.86  2.42  3.03  3.45  3.33  3.10  2.90  2.23  1.81  1.21  0.98     2.30  1.38  2.97  3.11  1.75
105   70     1.25  1.76  2.24  2.77  3.14  3.03  2.81  2.63  2.04  1.67  1.11  0.91     2.11  1.31  2.71  2.83  1.60
105   80     1.19  1.68  2.06  2.49  2.85  2.73  2.53  2.36  1.83  1.51  1.01  0.84     1.92  1.24  2.46  2.54  1.45
105   90     1.12  1.59  1.87  2.23  2.54  2.42  2.25  2.11  1.65  1.37  0.92  0.76     1.74  1.16  2.22  2.26  1.31
120   10     1.60  2.29  3.14  4.08  4.55  4.44  4.14  3.92  2.98  2.43  1.63  1.30     3.04  1.73  3.92  4.17  2.34
120   20     1.45  2.11  2.94  3.87  4.39  4.30  4.00  3.75  2.82  2.24  1.46  1.16     2.87  1.57  3.73  4.01  2.17
120   30     1.32  1.94  2.72  3.61  4.16  4.09  3.80  3.52  2.63  2.04  1.31  1.04     2.68  1.43  3.49  3.80  2.00
120   40     1.22  1.80  2.51  3.32  3.88  3.82  3.55  3.26  2.43  1.86  1.18  0.94     2.48  1.32  3.23  3.54  1.83
120   50     1.14  1.68  2.31  3.04  3.58  3.52  3.27  2.99  2.23  1.70  1.08  0.86     2.28  1.23  2.97  3.26  1.67
120   60     1.08  1.60  2.13  2.76  3.27  3.21  2.98  2.71  2.03  1.55  0.99  0.80     2.09  1.16  2.72  2.97  1.52
120   70     1.04  1.51  1.96  2.50  2.96  2.90  2.70  2.45  1.84  1.42  0.90  0.74     1.91  1.10  2.47  2.68  1.39
120   80     0.99  1.46  1.79  2.25  2.66  2.60  2.41  2.20  1.67  1.28  0.83  0.69     1.74  1.04  2.24  2.40  1.26
120   90     0.95  1.39  1.65  2.01  2.39  2.32  2.15  1.95  1.49  1.17  0.75  0.63     1.57  0.99  2.02  2.14  1.14
135   10     1.53  2.23  3.08  4.03  4.53  4.43  4.13  3.89  2.94  2.36  1.56  1.24     3.00  1.67  3.88  4.15  2.29
135   20     1.32  1.98  2.81  3.77  4.33  4.28  3.97  3.69  2.74  2.11  1.34  1.05     2.78  1.45  3.64  3.98  2.06
135   30     1.14  1.75  2.52  3.45  4.07  4.04  3.75  3.42  2.51  1.86  1.15  0.89     2.55  1.26  3.35  3.74  1.84
135   40     1.03  1.57  2.26  3.11  3.74  3.75  3.47  3.12  2.27  1.64  1.00  0.79     2.31  1.13  3.04  3.44  1.64
135   50     0.96  1.45  2.03  2.77  3.38  3.41  3.15  2.81  2.04  1.46  0.90  0.72     2.09  1.04  2.73  3.12  1.46
135   60     0.92  1.37  1.84  2.47  3.04  3.06  2.84  2.50  1.84  1.31  0.82  0.68     1.89  0.99  2.45  2.80  1.32
135   70     0.89  1.32  1.69  2.21  2.73  2.74  2.54  2.23  1.66  1.20  0.76  0.64     1.72  0.95  2.21  2.50  1.20
135   80     0.86  1.28  1.55  1.98  2.44  2.44  2.27  2.00  1.50  1.09  0.70  0.59     1.56  0.91  1.99  2.24  1.10
135   90     0.84  1.25  1.45  1.78  2.19  2.17  2.02  1.79  1.34  1.00  0.65  0.56     1.42  0.88  1.80  1.99  1.00
150   10     1.48  2.18  3.03  4.00  4.51  4.43  4.12  3.87  2.91  2.31  1.52  1.19     2.96  1.62  3.84  4.14  2.25
150   20     1.21  1.87  2.71  3.69  4.30  4.26  3.95  3.64  2.68  2.00  1.24  0.96     2.71  1.35  3.56  3.95  1.97
150   30     0.99  1.59  2.36  3.32  4.00  4.02  3.71  3.35  2.41  1.69  1.00  0.78     2.44  1.12  3.23  3.69  1.70
150   40     0.88  1.37  2.02  2.91  3.63  3.70  3.41  3.00  2.12  1.43  0.85  0.69     2.17  0.98  2.86  3.37  1.46
150   50     0.85  1.26  1.76  2.51  3.21  3.31  3.06  2.63  1.85  1.24  0.78  0.66     1.93  0.93  2.49  3.00  1.29
150   60     0.84  1.22  1.58  2.17  2.79  2.90  2.68  2.29  1.65  1.12  0.73  0.64     1.72  0.90  2.18  2.63  1.17
150   70     0.82  1.20  1.46  1.92  2.46  2.54  2.36  2.02  1.48  1.03  0.69  0.60     1.55  0.88  1.95  2.31  1.07
150   80     0.81  1.18  1.36  1.72  2.18  2.25  2.09  1.80  1.35  0.96  0.65  0.57     1.41  0.85  1.76  2.05  0.99
150   90     0.79  1.18  1.28  1.57  1.96  2.00  1.86  1.62  1.23  0.89  0.61  0.54     1.29  0.83  1.60  1.83  0.91
165   10     1.44  2.14  2.99  3.98  4.50  4.42  4.11  3.86  2.89  2.28  1.49  1.16     2.94  1.58  3.82  4.13  2.22
165   20     1.13  1.79  2.63  3.65  4.28  4.26  3.94  3.62  2.64  1.94  1.17  0.90     2.66  1.27  3.52  3.94  1.92
165   30     0.89  1.46  2.23  3.25  3.97  4.01  3.70  3.31  2.34  1.57  0.89  0.71     2.36  1.02  3.15  3.67  1.60
165   40     0.86  1.21  1.83  2.79  3.59  3.69  3.40  2.94  2.01  1.25  0.79  0.69     2.09  0.92  2.74  3.34  1.35
165   50     0.85  1.18  1.52  2.29  3.14  3.30  3.03  2.53  1.69  1.08  0.76  0.66     1.84  0.90  2.32  2.95  1.18
165   60     0.83  1.17  1.38  1.88  2.64  2.86  2.62  2.09  1.48  1.01  0.73  0.64     1.61  0.88  1.97  2.52  1.07
165   70     0.82  1.17  1.31  1.65  2.19  2.39  2.20  1.80  1.35  0.96  0.69  0.60     1.43  0.86  1.72  2.13  1.00
165   80     0.80  1.17  1.25  1.51  1.95  2.08  1.93  1.62  1.25  0.91  0.65  0.57     1.31  0.85  1.57  1.88  0.93
165   90     0.79  1.16  1.19  1.40  1.76  1.86  1.73  1.48  1.15  0.85  0.61  0.54     1.21  0.83  1.45  1.69  0.87
180   10     1.43  2.13  2.98  3.97  4.50  4.42  4.11  3.86  2.88  2.27  1.47  1.15     2.93  1.57  3.82  4.13  2.21
180   20     1.11  1.77  2.61  3.64  4.27  4.25  3.94  3.61  2.62  1.91  1.15  0.87     2.65  1.25  3.50  3.94  1.89
180   30     0.87  1.40  2.19  3.23  3.96  4.00  3.70  3.30  2.32  1.52  0.85  0.71     2.34  0.99  3.13  3.67  1.56
180   40     0.86  1.18  1.74  2.77  3.58  3.68  3.39  2.93  1.97  1.14  0.79  0.69     2.06  0.91  2.69  3.34  1.30
180   50     0.85  1.18  1.36  2.26  3.13  3.30  3.03  2.51  1.61  1.06  0.76  0.66     1.81  0.90  2.25  2.95  1.14
180   60     0.83  1.17  1.32  1.72  2.63  2.86  2.62  2.06  1.38  1.01  0.73  0.64     1.58  0.88  1.89  2.51  1.04
180   70     0.82  1.17  1.27  1.51  2.10  2.38  2.18  1.70  1.29  0.96  0.69  0.60     1.39  0.86  1.63  2.09  0.98
180   80     0.80  1.17  1.22  1.41  1.85  2.00  1.87  1.54  1.21  0.90  0.65  0.57     1.27  0.85  1.49  1.80  0.92
180   90     0.79  1.16  1.16  1.32  1.69  1.79  1.68  1.42  1.12  0.85  0.61  0.54     1.18  0.83  1.39  1.63  0.86
             62.1  54.4  37.8  22.1  10.5   4.3   6.1  15.5  27.3  44.2  55.6  60.2     30.6  58.7  22.7   8.8  42.2
             2.85  3.41  3.87  4.45  4.67  4.51  4.22  4.13  3.34  3.28  2.70  2.35     3.65  2.87  4.28  4.28  3.06
             2.55  3.22  3.85  4.42  4.47  4.24  4.00  4.03  3.34  3.21  2.51  2.12     3.49  2.63  4.25  4.09  3.02
             1.12  1.06  1.01  1.01  1.04  1.06  1.05  1.02  1.00  1.02  1.08  1.11     1.05  1.10  1.02  1.05  1.03
             1.45  1.29  1.16  1.04  0.97  0.94  0.95  1.00  1.08  1.23  1.39  1.46     1.16  1.40  1.06  0.96  1.24
temperature  -2.7  -2.1   1.5   7.8  13.2  17.5  21.2  22.6  18.1  11.4   5.2   0.3      9.5  -1.5   7.5  20.4  11.6
diffusedrad  1.05  1.46  1.82  2.17  2.49  2.69  2.59  2.33  1.88  1.43  1.01  0.86     1.81  1.12  2.16  2.54  1.44
snow10cm     0.40  0.51  0.12  0.00  0.00  0.00  0.00  0.00  0.00  0.00  0.01  0.08     0.09  0.33  0.04  0.00  0.00
