1 33877   大船渡          39  3.8  141 42.8   37
             2.08  2.69  3.45  4.30  4.77  4.54  4.22  4.05  3.11  2.73  2.09  1.78     3.32  2.18  4.17  4.27  2.65
             2.33  3.00  3.93  5.02  5.52  5.44  5.29  5.34  3.78  3.12  2.51  1.91     3.54  2.30  4.53  4.93  2.87
             1.79  2.23  2.74  3.61  4.06  3.62  3.02  3.22  2.46  2.15  1.80  1.58     3.10  1.95  3.71  3.59  2.35
  0   10     2.53  3.08  3.73  4.46  4.81  4.53  4.23  4.11  3.26  3.02  2.46  2.16     3.53  2.59  4.33  4.29  2.91
  0   20     2.93  3.40  3.93  4.53  4.76  4.44  4.16  4.12  3.34  3.24  2.78  2.51     3.68  2.95  4.41  4.24  3.12
  0   30     3.26  3.64  4.05  4.50  4.61  4.27  4.02  4.04  3.36  3.40  3.04  2.80     3.75  3.23  4.38  4.11  3.26
  0   40     3.50  3.79  4.07  4.37  4.37  4.02  3.80  3.88  3.30  3.48  3.22  3.01     3.73  3.44  4.27  3.90  3.33
  0   50     3.66  3.86  4.00  4.16  4.06  3.71  3.52  3.65  3.19  3.47  3.32  3.16     3.65  3.56  4.08  3.63  3.33
  0   60     3.73  3.84  3.85  3.86  3.67  3.33  3.19  3.35  3.00  3.39  3.34  3.22     3.48  3.59  3.79  3.29  3.25
  0   70     3.70  3.72  3.61  3.48  3.22  2.90  2.80  2.99  2.76  3.23  3.28  3.20     3.24  3.54  3.44  2.90  3.09
  0   80     3.57  3.52  3.29  3.04  2.72  2.46  2.39  2.58  2.48  3.00  3.14  3.10     2.94  3.40  3.02  2.48  2.87
  0   90     3.36  3.23  2.91  2.54  2.21  2.00  1.97  2.15  2.15  2.71  2.92  2.92     2.59  3.17  2.55  2.04  2.59
 15   10     2.52  3.06  3.72  4.45  4.81  4.53  4.23  4.11  3.25  3.01  2.44  2.15     3.52  2.58  4.33  4.29  2.90
 15   20     2.91  3.36  3.92  4.52  4.75  4.44  4.16  4.11  3.33  3.23  2.75  2.48     3.66  2.92  4.40  4.24  3.10
 15   30     3.23  3.58  4.03  4.49  4.61  4.27  4.02  4.03  3.35  3.37  2.98  2.76     3.73  3.19  4.38  4.11  3.23
 15   40     3.46  3.72  4.05  4.37  4.38  4.03  3.80  3.88  3.29  3.44  3.15  2.96     3.71  3.38  4.27  3.90  3.29
 15   50     3.62  3.78  3.98  4.15  4.07  3.72  3.53  3.64  3.17  3.44  3.24  3.10     3.62  3.50  4.07  3.63  3.28
 15   60     3.67  3.74  3.82  3.86  3.69  3.35  3.20  3.35  2.99  3.35  3.25  3.15     3.45  3.52  3.79  3.30  3.19
 15   70     3.64  3.62  3.58  3.49  3.25  2.93  2.82  3.00  2.75  3.19  3.18  3.13     3.21  3.46  3.44  2.92  3.04
 15   80     3.51  3.41  3.27  3.06  2.77  2.50  2.42  2.61  2.47  2.95  3.04  3.02     2.92  3.31  3.03  2.51  2.82
 15   90     3.30  3.12  2.89  2.58  2.27  2.06  2.01  2.19  2.14  2.65  2.82  2.84     2.57  3.09  2.58  2.09  2.54
 30   10     2.48  3.01  3.69  4.43  4.80  4.53  4.22  4.09  3.24  2.98  2.40  2.11     3.50  2.53  4.31  4.28  2.87
 30   20     2.83  3.27  3.86  4.49  4.75  4.44  4.16  4.09  3.30  3.17  2.66  2.40     3.62  2.83  4.37  4.23  3.04
 30   30     3.10  3.46  3.96  4.45  4.62  4.28  4.02  4.00  3.30  3.29  2.86  2.64     3.67  3.07  4.34  4.10  3.15
 30   40     3.31  3.57  3.96  4.33  4.40  4.05  3.81  3.85  3.24  3.34  2.99  2.81     3.64  3.23  4.23  3.90  3.19
 30   50     3.43  3.60  3.88  4.12  4.11  3.75  3.54  3.63  3.12  3.31  3.05  2.92     3.54  3.31  4.04  3.64  3.16
 30   60     3.46  3.54  3.72  3.83  3.74  3.40  3.23  3.34  2.94  3.21  3.04  2.95     3.37  3.31  3.76  3.33  3.06
 30   70     3.41  3.40  3.48  3.48  3.34  3.01  2.88  3.01  2.70  3.04  2.95  2.91     3.13  3.24  3.44  2.97  2.90
 30   80     3.27  3.19  3.18  3.07  2.89  2.61  2.50  2.64  2.43  2.81  2.80  2.79     2.85  3.08  3.05  2.58  2.68
 30   90     3.05  2.90  2.81  2.64  2.43  2.19  2.12  2.25  2.12  2.52  2.57  2.61     2.52  2.86  2.63  2.19  2.40
 45   10     2.41  2.95  3.65  4.40  4.79  4.53  4.21  4.08  3.21  2.93  2.33  2.04     3.46  2.47  4.28  4.27  2.82
 45   20     2.68  3.15  3.78  4.43  4.74  4.44  4.15  4.06  3.25  3.07  2.54  2.27     3.55  2.70  4.32  4.21  2.95
 45   30     2.90  3.28  3.84  4.38  4.61  4.28  4.01  3.96  3.24  3.16  2.68  2.45     3.57  2.88  4.28  4.08  3.03
 45   40     3.05  3.35  3.82  4.25  4.41  4.06  3.81  3.81  3.16  3.18  2.77  2.57     3.52  2.99  4.16  3.89  3.04
 45   50     3.13  3.35  3.73  4.04  4.13  3.78  3.56  3.59  3.03  3.12  2.79  2.63     3.41  3.04  3.97  3.64  2.98
 45   60     3.13  3.27  3.56  3.77  3.80  3.45  3.26  3.32  2.85  3.02  2.75  2.63     3.23  3.01  3.71  3.34  2.87
 45   70     3.06  3.12  3.33  3.44  3.42  3.10  2.93  3.01  2.62  2.85  2.65  2.57     3.01  2.92  3.40  3.01  2.71
 45   80     2.91  2.91  3.05  3.07  3.00  2.71  2.58  2.66  2.37  2.62  2.49  2.45     2.73  2.75  3.04  2.65  2.49
 45   90     2.69  2.65  2.71  2.67  2.60  2.33  2.22  2.31  2.08  2.35  2.27  2.26     2.43  2.53  2.66  2.29  2.23
 60   10     2.31  2.87  3.58  4.36  4.78  4.52  4.21  4.05  3.18  2.86  2.25  1.96     3.41  2.38  4.24  4.26  2.76
 60   20     2.51  2.99  3.67  4.35  4.72  4.43  4.13  4.01  3.19  2.96  2.38  2.11     3.45  2.54  4.25  4.19  2.84
 60   30     2.65  3.07  3.68  4.28  4.59  4.27  3.99  3.90  3.15  2.99  2.46  2.23     3.44  2.65  4.18  4.06  2.87
 60   40     2.74  3.08  3.63  4.14  4.38  4.05  3.79  3.74  3.06  2.97  2.50  2.29     3.37  2.70  4.05  3.86  2.84
 60   50     2.77  3.04  3.51  3.93  4.12  3.79  3.55  3.52  2.92  2.90  2.49  2.30     3.24  2.70  3.86  3.62  2.77
 60   60     2.74  2.95  3.36  3.67  3.81  3.49  3.27  3.27  2.73  2.77  2.42  2.27     3.06  2.65  3.61  3.34  2.64
 60   70     2.65  2.79  3.13  3.36  3.46  3.15  2.96  2.96  2.52  2.61  2.31  2.19     2.84  2.54  3.31  3.02  2.48
 60   80     2.49  2.59  2.87  3.02  3.09  2.80  2.63  2.65  2.28  2.39  2.15  2.06     2.59  2.38  2.99  2.70  2.27
 60   90     2.31  2.35  2.56  2.65  2.70  2.44  2.31  2.32  2.02  2.15  1.95  1.89     2.30  2.18  2.64  2.36  2.04
 75   10     2.20  2.77  3.51  4.31  4.76  4.51  4.19  4.02  3.13  2.79  2.16  1.86     3.35  2.28  4.19  4.24  2.69
 75   20     2.30  2.82  3.53  4.26  4.68  4.41  4.11  3.95  3.11  2.81  2.21  1.93     3.34  2.35  4.16  4.16  2.71
 75   30     2.36  2.81  3.49  4.15  4.54  4.25  3.96  3.83  3.03  2.79  2.23  1.96     3.29  2.38  4.06  4.01  2.69
 75   40     2.39  2.79  3.40  3.99  4.33  4.04  3.77  3.65  2.93  2.73  2.20  1.97     3.18  2.38  3.91  3.82  2.62
 75   50     2.36  2.70  3.28  3.77  4.07  3.78  3.52  3.43  2.77  2.64  2.16  1.95     3.04  2.34  3.71  3.58  2.52
 75   60     2.31  2.59  3.09  3.52  3.79  3.49  3.25  3.18  2.59  2.50  2.07  1.88     2.85  2.26  3.46  3.31  2.39
 75   70     2.21  2.44  2.89  3.23  3.46  3.17  2.96  2.90  2.39  2.33  1.95  1.79     2.64  2.15  3.19  3.01  2.22
 75   80     2.07  2.25  2.63  2.90  3.10  2.83  2.65  2.60  2.16  2.14  1.81  1.67     2.40  2.00  2.88  2.69  2.04
 75   90     1.91  2.05  2.38  2.59  2.75  2.50  2.33  2.30  1.92  1.92  1.63  1.52     2.15  1.82  2.57  2.38  1.82
 90   10     2.09  2.67  3.43  4.26  4.73  4.50  4.18  3.99  3.09  2.71  2.06  1.75     3.29  2.17  4.14  4.22  2.62
 90   20     2.07  2.62  3.37  4.16  4.63  4.39  4.08  3.88  3.02  2.66  2.03  1.73     3.22  2.14  4.05  4.12  2.57
 90   30     2.06  2.55  3.28  4.00  4.47  4.22  3.92  3.73  2.91  2.58  1.97  1.70     3.12  2.10  3.92  3.96  2.49
 90   40     2.01  2.46  3.15  3.81  4.25  4.00  3.71  3.54  2.77  2.48  1.90  1.64     2.98  2.04  3.74  3.75  2.38
 90   50     1.96  2.35  2.99  3.58  3.99  3.73  3.47  3.31  2.61  2.35  1.81  1.59     2.81  1.97  3.52  3.51  2.26
 90   60     1.87  2.21  2.81  3.32  3.69  3.44  3.20  3.06  2.43  2.21  1.72  1.51     2.62  1.86  3.28  3.23  2.12
 90   70     1.78  2.07  2.60  3.04  3.39  3.14  2.91  2.78  2.22  2.04  1.59  1.42     2.42  1.76  3.01  2.95  1.95
 90   80     1.65  1.90  2.38  2.75  3.06  2.82  2.62  2.51  2.02  1.87  1.47  1.31     2.20  1.62  2.73  2.65  1.79
 90   90     1.52  1.73  2.15  2.44  2.71  2.50  2.32  2.22  1.79  1.68  1.32  1.18     1.96  1.48  2.44  2.35  1.60
105   10     1.97  2.56  3.35  4.20  4.71  4.49  4.17  3.95  3.04  2.62  1.96  1.65     3.22  2.06  4.09  4.20  2.54
105   20     1.85  2.42  3.21  4.04  4.58  4.36  4.05  3.81  2.93  2.50  1.84  1.54     3.09  1.94  3.94  4.08  2.42
105   30     1.74  2.28  3.05  3.84  4.38  4.17  3.87  3.63  2.78  2.36  1.72  1.43     2.94  1.82  3.75  3.89  2.29
105   40     1.65  2.14  2.87  3.60  4.13  3.93  3.65  3.41  2.62  2.21  1.60  1.34     2.76  1.71  3.54  3.66  2.14
105   50     1.56  1.99  2.69  3.35  3.86  3.66  3.39  3.16  2.43  2.06  1.49  1.25     2.57  1.60  3.30  3.40  1.99
105   60     1.46  1.86  2.49  3.09  3.56  3.36  3.11  2.90  2.24  1.90  1.38  1.17     2.38  1.49  3.04  3.13  1.84
105   70     1.38  1.71  2.30  2.81  3.24  3.06  2.83  2.63  2.05  1.76  1.27  1.08     2.18  1.39  2.79  2.84  1.69
105   80     1.27  1.58  2.10  2.53  2.94  2.75  2.54  2.36  1.84  1.59  1.16  1.00     1.97  1.28  2.52  2.55  1.53
105   90     1.17  1.43  1.90  2.27  2.63  2.45  2.26  2.11  1.66  1.44  1.05  0.90     1.77  1.17  2.27  2.27  1.38
120   10     1.85  2.46  3.27  4.15  4.68  4.48  4.15  3.92  3.00  2.54  1.87  1.55     3.16  1.96  4.03  4.18  2.47
120   20     1.63  2.23  3.05  3.93  4.52  4.33  4.01  3.75  2.84  2.34  1.66  1.36     2.97  1.74  3.83  4.03  2.28
120   30     1.45  2.01  2.81  3.67  4.28  4.12  3.81  3.52  2.65  2.14  1.47  1.19     2.76  1.55  3.59  3.82  2.09
120   40     1.31  1.81  2.58  3.38  4.00  3.85  3.56  3.27  2.45  1.94  1.32  1.06     2.54  1.39  3.32  3.56  1.90
120   50     1.20  1.65  2.36  3.08  3.69  3.55  3.29  2.99  2.24  1.77  1.20  0.96     2.33  1.27  3.04  3.27  1.74
120   60     1.10  1.52  2.17  2.80  3.37  3.24  3.00  2.72  2.04  1.62  1.09  0.88     2.13  1.17  2.78  2.98  1.58
120   70     1.03  1.38  1.99  2.54  3.05  2.93  2.71  2.45  1.85  1.48  0.99  0.81     1.94  1.08  2.53  2.69  1.44
120   80     0.96  1.28  1.80  2.29  2.74  2.63  2.42  2.20  1.68  1.34  0.91  0.75     1.75  1.00  2.28  2.42  1.31
120   90     0.89  1.17  1.65  2.04  2.46  2.34  2.16  1.95  1.50  1.22  0.83  0.69     1.57  0.91  2.05  2.15  1.19
135   10     1.75  2.38  3.20  4.10  4.66  4.47  4.14  3.90  2.96  2.48  1.79  1.47     3.11  1.86  3.98  4.17  2.41
135   20     1.43  2.06  2.91  3.83  4.46  4.31  3.99  3.69  2.76  2.20  1.50  1.19     2.86  1.56  3.73  4.00  2.15
135   30     1.17  1.76  2.60  3.51  4.19  4.08  3.76  3.43  2.52  1.93  1.25  0.97     2.60  1.30  3.43  3.75  1.90
135   40     1.00  1.52  2.30  3.16  3.85  3.77  3.48  3.12  2.28  1.70  1.07  0.82     2.34  1.12  3.11  3.46  1.68
135   50     0.90  1.35  2.05  2.81  3.48  3.44  3.17  2.81  2.05  1.50  0.95  0.74     2.11  1.00  2.78  3.14  1.50
135   60     0.83  1.22  1.85  2.51  3.13  3.09  2.85  2.51  1.85  1.35  0.86  0.68     1.89  0.91  2.50  2.81  1.35
135   70     0.78  1.12  1.68  2.24  2.81  2.76  2.55  2.24  1.67  1.23  0.79  0.64     1.71  0.85  2.24  2.52  1.23
135   80     0.73  1.05  1.53  2.01  2.52  2.46  2.28  2.00  1.50  1.13  0.74  0.60     1.55  0.79  2.02  2.25  1.12
135   90     0.70  0.97  1.41  1.81  2.25  2.19  2.02  1.79  1.35  1.03  0.69  0.56     1.40  0.74  1.82  2.00  1.02
150   10     1.66  2.31  3.14  4.06  4.64  4.46  4.13  3.88  2.93  2.42  1.72  1.40     3.06  1.79  3.95  4.16  2.36
150   20     1.26  1.92  2.79  3.75  4.42  4.30  3.97  3.65  2.69  2.09  1.37  1.05     2.77  1.41  3.66  3.97  2.05
150   30     0.94  1.54  2.41  3.38  4.12  4.05  3.73  3.35  2.42  1.75  1.06  0.79     2.46  1.09  3.30  3.71  1.75
150   40     0.77  1.26  2.04  2.96  3.74  3.73  3.43  3.00  2.13  1.46  0.87  0.66     2.17  0.90  2.91  3.39  1.49
150   50     0.72  1.10  1.75  2.54  3.30  3.34  3.07  2.63  1.86  1.26  0.78  0.64     1.92  0.82  2.53  3.01  1.30
150   60     0.69  1.01  1.55  2.20  2.87  2.92  2.70  2.29  1.65  1.14  0.74  0.61     1.70  0.77  2.21  2.64  1.18
150   70     0.66  0.96  1.42  1.94  2.52  2.56  2.37  2.02  1.49  1.05  0.70  0.58     1.52  0.73  1.96  2.32  1.08
150   80     0.63  0.91  1.31  1.74  2.24  2.26  2.10  1.80  1.35  0.97  0.66  0.56     1.38  0.70  1.76  2.05  1.00
150   90     0.60  0.87  1.22  1.59  2.01  2.01  1.87  1.62  1.23  0.91  0.63  0.53     1.26  0.67  1.61  1.83  0.92
165   10     1.60  2.27  3.11  4.04  4.63  4.46  4.13  3.86  2.91  2.39  1.68  1.35     3.04  1.74  3.93  4.15  2.33
165   20     1.15  1.82  2.71  3.71  4.41  4.29  3.96  3.62  2.65  2.01  1.27  0.95     2.71  1.30  3.61  3.96  1.98
165   30     0.78  1.38  2.27  3.30  4.09  4.04  3.72  3.31  2.35  1.62  0.92  0.67     2.37  0.94  3.22  3.69  1.63
165   40     0.73  1.05  1.83  2.83  3.69  3.71  3.41  2.95  2.02  1.26  0.78  0.66     2.08  0.81  2.78  3.36  1.36
165   50     0.71  0.97  1.48  2.33  3.23  3.32  3.05  2.53  1.70  1.08  0.76  0.64     1.81  0.77  2.34  2.97  1.18
165   60     0.68  0.94  1.32  1.90  2.72  2.88  2.64  2.09  1.48  1.02  0.73  0.61     1.58  0.75  1.98  2.54  1.07
165   70     0.66  0.91  1.24  1.66  2.24  2.40  2.21  1.80  1.35  0.97  0.69  0.58     1.39  0.72  1.71  2.13  1.00
165   80     0.63  0.88  1.17  1.52  1.99  2.08  1.94  1.62  1.25  0.91  0.66  0.56     1.27  0.69  1.56  1.88  0.94
165   90     0.60  0.84  1.11  1.40  1.80  1.86  1.74  1.48  1.15  0.86  0.63  0.53     1.17  0.66  1.44  1.69  0.88
180   10     1.58  2.25  3.09  4.04  4.63  4.46  4.13  3.86  2.90  2.37  1.67  1.33     3.03  1.72  3.92  4.15  2.31
180   20     1.10  1.78  2.67  3.70  4.40  4.29  3.96  3.62  2.64  1.98  1.24  0.92     2.69  1.27  3.59  3.96  1.95
180   30     0.74  1.30  2.21  3.28  4.08  4.04  3.72  3.31  2.33  1.56  0.86  0.67     2.34  0.91  3.19  3.69  1.58
180   40     0.73  1.00  1.72  2.81  3.68  3.71  3.41  2.94  1.99  1.15  0.78  0.66     2.05  0.79  2.74  3.35  1.31
180   50     0.71  0.97  1.29  2.29  3.22  3.32  3.04  2.52  1.61  1.05  0.76  0.64     1.78  0.77  2.26  2.96  1.14
180   60     0.68  0.94  1.24  1.74  2.70  2.88  2.63  2.06  1.38  1.01  0.73  0.61     1.55  0.75  1.89  2.52  1.04
180   70     0.66  0.91  1.19  1.51  2.15  2.39  2.19  1.69  1.29  0.96  0.69  0.58     1.35  0.72  1.62  2.09  0.98
180   80     0.63  0.88  1.13  1.41  1.88  2.00  1.87  1.54  1.21  0.91  0.66  0.56     1.22  0.69  1.48  1.80  0.93
180   90     0.60  0.84  1.08  1.33  1.72  1.79  1.69  1.42  1.12  0.86  0.63  0.53     1.13  0.66  1.37  1.63  0.87
             61.9  52.3  37.8  22.0  10.4   4.0   5.9  15.3  27.2  44.7  57.5  62.6     33.5  58.8  22.9   8.5  44.2
             3.73  3.86  4.07  4.53  4.81  4.55  4.23  4.13  3.36  3.48  3.34  3.22     3.94  3.59  4.41  4.29  3.34
             3.35  3.70  4.06  4.46  4.54  4.19  3.95  3.99  3.35  3.43  3.11  2.88     3.75  3.31  4.36  4.04  3.30
             1.11  1.04  1.00  1.02  1.06  1.09  1.07  1.04  1.00  1.01  1.07  1.12     1.05  1.09  1.03  1.06  1.03
             1.61  1.38  1.18  1.04  0.95  0.92  0.94  0.99  1.08  1.26  1.49  1.62     1.20  1.53  1.06  0.95  1.27
temperature   0.8   1.1   3.8   9.2  13.7  17.3  20.9  22.9  19.5  13.9   8.3   3.5     11.2   1.8   8.9  20.4  13.9
diffusedrad  1.01  1.35  1.78  2.18  2.52  2.66  2.59  2.32  1.88  1.45  1.06  0.89     1.81  1.09  2.16  2.52  1.46
snow10cm     0.02  0.07  0.03  0.00  0.00  0.00  0.00  0.00  0.00  0.00  0.00  0.01     0.01  0.03  0.01  0.00  0.00
