2 33921   千厩            38 55.3  141 19.8  120
             1.93  2.62  3.48  4.30  4.70  4.32  3.98  3.96  3.09  2.75  1.98  1.64     3.23  2.06  4.16  4.09  2.61
             2.13  2.98  3.96  5.35  5.84  5.40  5.24  5.04  3.63  3.12  2.45  1.83     3.58  2.26  4.57  5.19  3.01
             1.60  2.17  2.88  3.17  3.68  3.22  2.90  3.02  2.43  2.16  1.43  1.32     2.93  1.83  3.54  3.23  2.26
  0   10     2.31  2.95  3.76  4.46  4.74  4.32  3.98  4.02  3.23  3.04  2.30  1.95     3.42  2.40  4.32  4.11  2.86
  0   20     2.63  3.23  3.96  4.52  4.69  4.24  3.92  4.02  3.31  3.26  2.58  2.22     3.55  2.70  4.39  4.06  3.05
  0   30     2.90  3.45  4.08  4.49  4.54  4.08  3.79  3.94  3.33  3.42  2.80  2.45     3.61  2.93  4.37  3.93  3.18
  0   40     3.10  3.59  4.11  4.37  4.31  3.84  3.59  3.78  3.27  3.50  2.96  2.62     3.59  3.10  4.26  3.74  3.24
  0   50     3.23  3.64  4.04  4.15  4.00  3.55  3.33  3.56  3.15  3.49  3.04  2.72     3.49  3.20  4.07  3.48  3.23
  0   60     3.27  3.62  3.88  3.85  3.62  3.19  3.02  3.27  2.97  3.41  3.05  2.76     3.33  3.22  3.79  3.16  3.15
  0   70     3.24  3.50  3.64  3.47  3.17  2.79  2.66  2.92  2.74  3.25  2.99  2.73     3.09  3.16  3.43  2.79  2.99
  0   80     3.13  3.31  3.32  3.03  2.69  2.38  2.28  2.52  2.45  3.02  2.85  2.64     2.80  3.03  3.01  2.40  2.77
  0   90     2.95  3.05  2.93  2.53  2.18  1.94  1.89  2.10  2.12  2.72  2.65  2.48     2.46  2.83  2.55  1.98  2.50
 15   10     2.30  2.94  3.75  4.45  4.74  4.32  3.98  4.01  3.23  3.03  2.29  1.93     3.41  2.39  4.31  4.10  2.85
 15   20     2.62  3.21  3.95  4.51  4.68  4.23  3.92  4.01  3.30  3.25  2.55  2.20     3.54  2.68  4.38  4.05  3.03
 15   30     2.87  3.42  4.06  4.49  4.55  4.08  3.79  3.93  3.31  3.39  2.76  2.42     3.59  2.90  4.37  3.93  3.15
 15   40     3.07  3.55  4.08  4.36  4.32  3.85  3.59  3.78  3.26  3.46  2.90  2.58     3.57  3.06  4.25  3.74  3.21
 15   50     3.19  3.60  4.01  4.14  4.01  3.56  3.34  3.55  3.14  3.45  2.97  2.67     3.47  3.15  4.05  3.48  3.19
 15   60     3.23  3.56  3.85  3.85  3.64  3.21  3.03  3.27  2.96  3.37  2.97  2.71     3.30  3.17  3.78  3.17  3.10
 15   70     3.19  3.45  3.61  3.48  3.20  2.82  2.68  2.93  2.72  3.20  2.90  2.67     3.07  3.10  3.43  2.81  2.94
 15   80     3.08  3.25  3.29  3.04  2.73  2.41  2.31  2.54  2.44  2.96  2.76  2.58     2.79  2.97  3.02  2.42  2.72
 15   90     2.89  2.99  2.91  2.57  2.24  2.00  1.93  2.14  2.12  2.67  2.56  2.42     2.45  2.77  2.57  2.02  2.45
 30   10     2.26  2.90  3.73  4.43  4.74  4.32  3.98  4.00  3.21  3.00  2.25  1.90     3.39  2.35  4.30  4.10  2.82
 30   20     2.54  3.14  3.90  4.48  4.68  4.23  3.92  3.99  3.27  3.19  2.48  2.13     3.50  2.61  4.35  4.05  2.98
 30   30     2.77  3.32  3.99  4.44  4.55  4.08  3.79  3.91  3.27  3.30  2.65  2.32     3.53  2.80  4.33  3.92  3.07
 30   40     2.93  3.42  4.00  4.32  4.33  3.86  3.59  3.76  3.21  3.35  2.76  2.45     3.50  2.93  4.22  3.74  3.11
 30   50     3.02  3.44  3.92  4.11  4.04  3.58  3.35  3.54  3.09  3.33  2.80  2.53     3.40  3.00  4.02  3.49  3.07
 30   60     3.05  3.39  3.75  3.82  3.69  3.25  3.05  3.26  2.90  3.23  2.78  2.54     3.23  2.99  3.75  3.19  2.97
 30   70     3.00  3.26  3.51  3.48  3.29  2.88  2.72  2.94  2.67  3.06  2.70  2.49     3.00  2.92  3.42  2.85  2.81
 30   80     2.87  3.06  3.21  3.06  2.85  2.50  2.38  2.58  2.40  2.82  2.55  2.39     2.72  2.77  3.04  2.49  2.59
 30   90     2.68  2.80  2.83  2.63  2.40  2.12  2.02  2.20  2.10  2.53  2.35  2.23     2.41  2.57  2.62  2.11  2.32
 45   10     2.20  2.84  3.68  4.40  4.72  4.31  3.97  3.98  3.19  2.94  2.19  1.85     3.36  2.30  4.27  4.09  2.77
 45   20     2.43  3.03  3.81  4.42  4.67  4.23  3.91  3.96  3.22  3.09  2.37  2.03     3.43  2.50  4.30  4.03  2.89
 45   30     2.60  3.15  3.87  4.38  4.54  4.08  3.78  3.87  3.21  3.18  2.49  2.17     3.44  2.64  4.26  3.91  2.96
 45   40     2.72  3.22  3.85  4.24  4.34  3.87  3.59  3.71  3.13  3.19  2.56  2.26     3.39  2.73  4.14  3.72  2.96
 45   50     2.78  3.21  3.76  4.04  4.07  3.60  3.35  3.50  3.00  3.14  2.57  2.30     3.28  2.76  3.95  3.49  2.90
 45   60     2.77  3.13  3.59  3.76  3.74  3.29  3.07  3.23  2.82  3.03  2.53  2.29     3.11  2.73  3.70  3.20  2.79
 45   70     2.70  2.99  3.36  3.43  3.37  2.96  2.77  2.93  2.59  2.86  2.43  2.22     2.88  2.64  3.38  2.88  2.63
 45   80     2.56  2.80  3.07  3.06  2.96  2.60  2.44  2.59  2.34  2.63  2.28  2.11     2.62  2.49  3.03  2.54  2.42
 45   90     2.38  2.56  2.72  2.66  2.56  2.23  2.11  2.25  2.05  2.36  2.08  1.94     2.33  2.29  2.65  2.20  2.16
 60   10     2.12  2.77  3.61  4.36  4.71  4.30  3.96  3.96  3.15  2.88  2.12  1.78     3.31  2.22  4.23  4.08  2.72
 60   20     2.28  2.88  3.70  4.35  4.65  4.22  3.89  3.91  3.16  2.97  2.23  1.90     3.35  2.35  4.23  4.01  2.79
 60   30     2.39  2.95  3.71  4.28  4.52  4.07  3.76  3.81  3.12  3.00  2.30  1.98     3.32  2.44  4.17  3.88  2.81
 60   40     2.45  2.96  3.66  4.13  4.31  3.86  3.57  3.65  3.03  2.99  2.33  2.02     3.25  2.48  4.04  3.69  2.78
 60   50     2.47  2.92  3.54  3.92  4.06  3.61  3.34  3.43  2.89  2.92  2.30  2.02     3.12  2.47  3.84  3.46  2.70
 60   60     2.44  2.84  3.38  3.66  3.75  3.32  3.08  3.18  2.71  2.78  2.23  1.98     2.95  2.42  3.60  3.19  2.58
 60   70     2.35  2.69  3.15  3.35  3.40  2.99  2.78  2.89  2.50  2.62  2.13  1.91     2.73  2.31  3.30  2.89  2.41
 60   80     2.21  2.50  2.89  3.01  3.04  2.67  2.48  2.59  2.25  2.40  1.98  1.79     2.48  2.17  2.98  2.58  2.21
 60   90     2.05  2.28  2.58  2.64  2.66  2.33  2.17  2.27  1.99  2.16  1.79  1.63     2.21  1.99  2.63  2.26  1.98
 75   10     2.03  2.68  3.54  4.31  4.69  4.30  3.95  3.93  3.11  2.80  2.04  1.70     3.26  2.13  4.18  4.06  2.65
 75   20     2.11  2.72  3.56  4.26  4.61  4.20  3.87  3.86  3.09  2.83  2.08  1.75     3.24  2.19  4.14  3.98  2.66
 75   30     2.15  2.72  3.52  4.14  4.47  4.05  3.73  3.73  3.01  2.81  2.09  1.77     3.18  2.21  4.04  3.84  2.64
 75   40     2.16  2.69  3.43  3.99  4.27  3.84  3.54  3.56  2.90  2.75  2.06  1.77     3.08  2.21  3.89  3.65  2.57
 75   50     2.13  2.61  3.30  3.77  4.01  3.59  3.31  3.35  2.75  2.65  2.01  1.73     2.94  2.16  3.69  3.42  2.47
 75   60     2.08  2.50  3.12  3.51  3.72  3.32  3.06  3.10  2.57  2.51  1.92  1.66     2.76  2.08  3.45  3.16  2.33
 75   70     1.99  2.36  2.91  3.23  3.40  3.01  2.78  2.83  2.36  2.34  1.81  1.58     2.55  1.98  3.18  2.87  2.17
 75   80     1.86  2.18  2.65  2.90  3.05  2.69  2.49  2.53  2.13  2.15  1.67  1.47     2.31  1.84  2.87  2.57  1.99
 75   90     1.72  2.00  2.40  2.58  2.70  2.38  2.19  2.24  1.90  1.92  1.50  1.33     2.07  1.68  2.56  2.27  1.78
 90   10     1.93  2.58  3.46  4.25  4.67  4.29  3.94  3.90  3.06  2.72  1.95  1.61     3.20  2.04  4.13  4.04  2.58
 90   20     1.92  2.54  3.40  4.15  4.57  4.18  3.84  3.80  3.00  2.67  1.92  1.59     3.13  2.01  4.04  3.94  2.53
 90   30     1.89  2.47  3.30  4.00  4.40  4.02  3.69  3.64  2.89  2.60  1.86  1.55     3.03  1.97  3.90  3.79  2.45
 90   40     1.85  2.38  3.18  3.80  4.19  3.81  3.50  3.46  2.75  2.49  1.79  1.50     2.89  1.91  3.72  3.59  2.35
 90   50     1.79  2.28  3.01  3.58  3.93  3.55  3.27  3.23  2.59  2.36  1.71  1.44     2.73  1.84  3.50  3.35  2.22
 90   60     1.71  2.15  2.83  3.32  3.63  3.27  3.01  2.98  2.41  2.22  1.61  1.36     2.54  1.74  3.26  3.09  2.08
 90   70     1.63  2.02  2.62  3.03  3.33  2.98  2.74  2.71  2.20  2.05  1.49  1.27     2.34  1.64  3.00  2.81  1.91
 90   80     1.51  1.86  2.40  2.75  3.01  2.68  2.46  2.45  2.00  1.88  1.37  1.18     2.13  1.52  2.72  2.53  1.75
 90   90     1.39  1.71  2.16  2.44  2.67  2.37  2.18  2.17  1.77  1.69  1.24  1.06     1.90  1.39  2.42  2.24  1.56
105   10     1.83  2.48  3.38  4.20  4.64  4.28  3.93  3.86  3.02  2.64  1.86  1.53     3.14  1.95  4.07  4.02  2.51
105   20     1.73  2.35  3.24  4.04  4.51  4.16  3.81  3.73  2.91  2.51  1.75  1.43     3.01  1.84  3.93  3.90  2.39
105   30     1.63  2.22  3.07  3.84  4.32  3.98  3.65  3.55  2.76  2.37  1.64  1.33     2.86  1.73  3.74  3.72  2.26
105   40     1.54  2.08  2.89  3.60  4.08  3.75  3.44  3.33  2.60  2.22  1.52  1.25     2.69  1.63  3.52  3.50  2.12
105   50     1.46  1.95  2.71  3.34  3.80  3.48  3.19  3.09  2.41  2.07  1.42  1.17     2.51  1.52  3.28  3.26  1.97
105   60     1.37  1.82  2.51  3.08  3.50  3.20  2.93  2.84  2.23  1.91  1.31  1.08     2.32  1.42  3.03  2.99  1.82
105   70     1.29  1.69  2.31  2.81  3.19  2.91  2.66  2.58  2.03  1.76  1.20  1.00     2.12  1.33  2.77  2.71  1.67
105   80     1.20  1.56  2.11  2.52  2.89  2.62  2.39  2.31  1.83  1.60  1.10  0.92     1.92  1.23  2.51  2.44  1.51
105   90     1.11  1.43  1.91  2.27  2.58  2.32  2.13  2.06  1.64  1.45  1.00  0.83     1.73  1.12  2.25  2.17  1.36
120   10     1.74  2.39  3.29  4.14  4.62  4.26  3.92  3.83  2.98  2.56  1.78  1.45     3.08  1.86  4.02  4.00  2.44
120   20     1.55  2.17  3.07  3.93  4.46  4.13  3.79  3.67  2.82  2.36  1.59  1.28     2.90  1.67  3.82  3.86  2.26
120   30     1.39  1.97  2.84  3.66  4.22  3.93  3.60  3.45  2.63  2.15  1.42  1.14     2.70  1.50  3.57  3.66  2.07
120   40     1.26  1.78  2.60  3.38  3.94  3.67  3.36  3.20  2.43  1.95  1.27  1.02     2.49  1.36  3.30  3.41  1.89
120   50     1.16  1.63  2.38  3.08  3.63  3.39  3.10  2.93  2.23  1.77  1.16  0.93     2.28  1.24  3.03  3.14  1.72
120   60     1.08  1.51  2.18  2.80  3.32  3.09  2.83  2.66  2.03  1.62  1.06  0.85     2.09  1.15  2.77  2.86  1.57
120   70     1.01  1.39  2.00  2.54  3.01  2.79  2.56  2.40  1.84  1.48  0.96  0.79     1.90  1.06  2.51  2.58  1.43
120   80     0.94  1.29  1.81  2.28  2.70  2.50  2.29  2.15  1.66  1.34  0.88  0.73     1.72  0.99  2.27  2.31  1.30
120   90     0.88  1.19  1.65  2.04  2.42  2.23  2.03  1.91  1.49  1.22  0.81  0.66     1.54  0.91  2.04  2.06  1.17
135   10     1.65  2.31  3.22  4.10  4.60  4.26  3.90  3.81  2.94  2.49  1.71  1.38     3.03  1.78  3.97  3.99  2.38
135   20     1.39  2.01  2.93  3.83  4.40  4.11  3.76  3.61  2.74  2.21  1.45  1.15     2.80  1.51  3.72  3.83  2.13
135   30     1.16  1.74  2.61  3.51  4.13  3.89  3.56  3.36  2.51  1.94  1.23  0.96     2.55  1.28  3.42  3.60  1.89
135   40     1.01  1.52  2.32  3.15  3.80  3.61  3.30  3.06  2.27  1.70  1.06  0.83     2.30  1.12  3.09  3.32  1.68
135   50     0.92  1.35  2.06  2.81  3.44  3.29  3.00  2.76  2.04  1.51  0.94  0.75     2.07  1.01  2.77  3.02  1.50
135   60     0.86  1.24  1.86  2.50  3.09  2.96  2.70  2.47  1.84  1.36  0.86  0.70     1.87  0.93  2.48  2.71  1.35
135   70     0.81  1.15  1.68  2.24  2.77  2.64  2.42  2.20  1.66  1.24  0.79  0.65     1.69  0.87  2.23  2.42  1.23
135   80     0.77  1.08  1.53  2.00  2.48  2.36  2.16  1.97  1.50  1.13  0.73  0.61     1.53  0.82  2.01  2.16  1.12
135   90     0.73  1.01  1.41  1.80  2.22  2.09  1.92  1.76  1.34  1.04  0.68  0.57     1.38  0.77  1.81  1.92  1.02
150   10     1.58  2.25  3.17  4.06  4.58  4.25  3.90  3.79  2.91  2.44  1.65  1.32     2.99  1.72  3.94  3.98  2.33
150   20     1.25  1.89  2.81  3.75  4.37  4.10  3.75  3.57  2.68  2.10  1.33  1.03     2.72  1.39  3.64  3.81  2.04
150   30     0.97  1.54  2.42  3.38  4.07  3.87  3.53  3.29  2.41  1.76  1.06  0.81     2.42  1.11  3.29  3.56  1.74
150   40     0.82  1.27  2.05  2.96  3.69  3.56  3.25  2.95  2.12  1.47  0.88  0.70     2.15  0.93  2.90  3.26  1.49
150   50     0.77  1.12  1.75  2.54  3.26  3.20  2.92  2.59  1.86  1.26  0.80  0.67     1.90  0.86  2.52  2.90  1.31
150   60     0.75  1.04  1.55  2.20  2.84  2.81  2.57  2.26  1.65  1.14  0.75  0.64     1.68  0.81  2.20  2.55  1.18
150   70     0.72  1.00  1.42  1.94  2.50  2.47  2.27  2.00  1.48  1.05  0.71  0.61     1.51  0.78  1.95  2.24  1.08
150   80     0.69  0.95  1.31  1.74  2.21  2.18  2.01  1.78  1.35  0.98  0.67  0.58     1.37  0.74  1.75  1.99  1.00
150   90     0.66  0.91  1.22  1.58  1.99  1.94  1.79  1.60  1.22  0.91  0.63  0.54     1.25  0.70  1.60  1.78  0.92
165   10     1.53  2.21  3.13  4.04  4.57  4.25  3.89  3.78  2.89  2.40  1.62  1.29     2.97  1.68  3.92  3.97  2.30
165   20     1.15  1.79  2.73  3.71  4.35  4.09  3.74  3.55  2.64  2.02  1.25  0.96     2.67  1.30  3.60  3.79  1.97
165   30     0.84  1.39  2.28  3.30  4.04  3.86  3.52  3.25  2.34  1.63  0.93  0.72     2.34  0.98  3.21  3.54  1.63
165   40     0.79  1.08  1.83  2.83  3.65  3.55  3.23  2.90  2.01  1.27  0.80  0.69     2.05  0.85  2.77  3.23  1.36
165   50     0.77  1.01  1.48  2.33  3.20  3.19  2.90  2.50  1.69  1.08  0.77  0.67     1.80  0.81  2.33  2.86  1.18
165   60     0.74  0.98  1.32  1.90  2.69  2.78  2.52  2.07  1.48  1.02  0.74  0.64     1.57  0.79  1.97  2.46  1.08
165   70     0.72  0.95  1.23  1.66  2.23  2.33  2.13  1.79  1.35  0.97  0.70  0.61     1.39  0.76  1.71  2.08  1.01
165   80     0.69  0.92  1.17  1.51  1.97  2.02  1.87  1.61  1.25  0.91  0.67  0.58     1.26  0.73  1.55  1.83  0.94
165   90     0.66  0.89  1.11  1.40  1.78  1.80  1.68  1.47  1.15  0.86  0.63  0.54     1.16  0.70  1.43  1.65  0.88
180   10     1.52  2.20  3.12  4.04  4.57  4.25  3.89  3.78  2.88  2.39  1.60  1.27     2.96  1.66  3.91  3.97  2.29
180   20     1.12  1.76  2.69  3.70  4.34  4.09  3.74  3.54  2.63  1.99  1.22  0.93     2.65  1.27  3.58  3.79  1.95
180   30     0.80  1.32  2.22  3.28  4.03  3.86  3.52  3.25  2.32  1.57  0.88  0.71     2.31  0.94  3.18  3.54  1.59
180   40     0.79  1.03  1.72  2.81  3.64  3.55  3.23  2.89  1.98  1.16  0.80  0.69     2.02  0.84  2.73  3.22  1.31
180   50     0.77  1.01  1.28  2.29  3.19  3.19  2.90  2.49  1.61  1.05  0.77  0.67     1.77  0.81  2.25  2.86  1.15
180   60     0.74  0.98  1.24  1.74  2.68  2.77  2.52  2.05  1.37  1.01  0.74  0.64     1.54  0.79  1.89  2.45  1.04
180   70     0.72  0.95  1.18  1.51  2.14  2.32  2.11  1.69  1.29  0.96  0.70  0.61     1.35  0.76  1.61  2.04  0.99
180   80     0.69  0.92  1.13  1.41  1.87  1.95  1.81  1.53  1.21  0.91  0.67  0.58     1.22  0.73  1.47  1.76  0.93
180   90     0.66  0.89  1.07  1.32  1.71  1.75  1.63  1.41  1.12  0.86  0.63  0.54     1.13  0.70  1.37  1.60  0.87
             61.0  51.7  37.7  21.9  10.2   4.1   6.0  15.0  27.0  44.7  56.4  60.8     32.3  57.6  22.9   8.5  43.2
             3.28  3.64  4.11  4.53  4.74  4.33  3.99  4.03  3.33  3.51  3.06  2.76     3.77  3.22  4.40  4.11  3.25
             2.95  3.49  4.10  4.47  4.50  4.03  3.75  3.91  3.32  3.44  2.84  2.49     3.61  2.98  4.36  3.89  3.20
             1.11  1.04  1.00  1.01  1.05  1.07  1.06  1.03  1.00  1.02  1.08  1.11     1.05  1.09  1.02  1.06  1.03
             1.53  1.33  1.18  1.04  0.96  0.93  0.94  0.99  1.07  1.25  1.43  1.52     1.18  1.46  1.06  0.95  1.25
temperature  -1.2  -0.4   2.8   8.8  13.9  17.8  21.5  23.1  19.0  12.5   6.3   1.5     10.5   0.0   8.5  20.8  12.6
diffusedrad  1.03  1.37  1.78  2.17  2.51  2.64  2.54  2.31  1.87  1.45  1.06  0.91     1.80  1.11  2.15  2.50  1.46
snow10cm     0.11  0.14  0.03  0.00  0.00  0.00  0.00  0.00  0.00  0.00  0.01  0.02     0.03  0.09  0.01  0.00  0.00
