2 34096   川渡            38 44.6  140 45.6  170
             1.84  2.66  3.51  4.40  4.80  4.48  3.98  3.87  3.13  2.75  1.92  1.52     3.24  2.01  4.24  4.11  2.60
             2.12  3.04  3.97  5.29  5.47  5.75  5.04  4.86  3.64  3.02  2.28  1.73     3.42  2.16  4.57  4.83  2.82
             1.53  2.25  3.04  3.69  3.83  3.44  3.09  3.17  2.51  2.24  1.45  1.18     3.05  1.75  3.93  3.53  2.39
  0   10     2.14  2.95  3.79  4.56  4.84  4.47  3.98  3.93  3.28  3.04  2.22  1.77     3.41  2.29  4.39  4.13  2.85
  0   20     2.41  3.22  3.99  4.63  4.79  4.39  3.92  3.93  3.36  3.27  2.48  2.00     3.53  2.54  4.47  4.08  3.04
  0   30     2.63  3.44  4.12  4.60  4.64  4.22  3.78  3.85  3.38  3.42  2.69  2.19     3.58  2.75  4.45  3.95  3.16
  0   40     2.81  3.59  4.16  4.47  4.39  3.97  3.58  3.69  3.32  3.50  2.83  2.33     3.55  2.91  4.34  3.75  3.22
  0   50     2.92  3.68  4.12  4.25  4.08  3.66  3.32  3.47  3.20  3.49  2.91  2.42     3.46  3.01  4.15  3.49  3.20
  0   60     2.98  3.70  3.99  3.94  3.68  3.29  3.01  3.19  3.01  3.41  2.92  2.45     3.30  3.04  3.87  3.17  3.11
  0   70     2.98  3.65  3.79  3.56  3.22  2.87  2.66  2.85  2.77  3.25  2.85  2.43     3.07  3.02  3.52  2.80  2.96
  0   80     2.91  3.53  3.50  3.10  2.71  2.44  2.28  2.47  2.48  3.01  2.72  2.35     2.79  2.93  3.11  2.40  2.74
  0   90     2.79  3.35  3.16  2.59  2.19  1.98  1.89  2.07  2.15  2.71  2.53  2.22     2.47  2.79  2.65  1.98  2.46
 15   10     2.13  2.94  3.78  4.55  4.84  4.48  3.98  3.92  3.27  3.03  2.21  1.76     3.41  2.28  4.39  4.13  2.84
 15   20     2.39  3.20  3.98  4.62  4.78  4.39  3.91  3.92  3.35  3.25  2.45  1.98     3.52  2.53  4.46  4.07  3.02
 15   30     2.61  3.41  4.10  4.59  4.64  4.22  3.78  3.84  3.36  3.39  2.65  2.16     3.56  2.73  4.44  3.95  3.13
 15   40     2.77  3.55  4.13  4.47  4.41  3.98  3.58  3.69  3.31  3.46  2.78  2.30     3.54  2.87  4.34  3.75  3.18
 15   50     2.88  3.63  4.09  4.24  4.08  3.67  3.33  3.47  3.18  3.45  2.84  2.38     3.44  2.96  4.14  3.49  3.16
 15   60     2.94  3.65  3.96  3.94  3.70  3.31  3.02  3.19  3.00  3.36  2.84  2.40     3.28  3.00  3.87  3.18  3.07
 15   70     2.93  3.59  3.75  3.56  3.25  2.90  2.68  2.86  2.76  3.19  2.77  2.38     3.05  2.97  3.52  2.81  2.91
 15   80     2.86  3.47  3.48  3.12  2.77  2.47  2.31  2.49  2.47  2.96  2.64  2.30     2.78  2.88  3.12  2.42  2.69
 15   90     2.74  3.29  3.13  2.63  2.26  2.04  1.93  2.10  2.14  2.66  2.44  2.16     2.46  2.73  2.67  2.02  2.42
 30   10     2.11  2.91  3.75  4.53  4.84  4.47  3.97  3.91  3.26  3.00  2.17  1.73     3.39  2.25  4.37  4.12  2.81
 30   20     2.33  3.14  3.92  4.59  4.79  4.39  3.91  3.90  3.32  3.19  2.38  1.93     3.48  2.47  4.43  4.07  2.96
 30   30     2.52  3.31  4.03  4.54  4.64  4.23  3.78  3.81  3.32  3.30  2.54  2.08     3.51  2.64  4.41  3.94  3.05
 30   40     2.66  3.43  4.05  4.42  4.42  4.00  3.59  3.67  3.26  3.35  2.64  2.19     3.47  2.76  4.30  3.75  3.08
 30   50     2.75  3.49  3.99  4.21  4.12  3.70  3.34  3.45  3.13  3.33  2.68  2.25     3.37  2.83  4.11  3.50  3.05
 30   60     2.79  3.49  3.85  3.91  3.76  3.36  3.05  3.18  2.94  3.23  2.66  2.27     3.21  2.85  3.84  3.20  2.94
 30   70     2.77  3.42  3.65  3.56  3.34  2.97  2.72  2.87  2.71  3.05  2.58  2.23     2.99  2.80  3.52  2.85  2.78
 30   80     2.69  3.29  3.38  3.13  2.90  2.58  2.37  2.52  2.43  2.81  2.44  2.14     2.72  2.71  3.14  2.49  2.56
 30   90     2.57  3.11  3.05  2.69  2.43  2.17  2.02  2.15  2.12  2.52  2.24  2.00     2.42  2.56  2.73  2.12  2.29
 45   10     2.06  2.86  3.71  4.50  4.83  4.47  3.96  3.90  3.23  2.95  2.11  1.69     3.36  2.20  4.34  4.11  2.77
 45   20     2.24  3.04  3.84  4.53  4.77  4.38  3.90  3.87  3.27  3.09  2.28  1.84     3.42  2.37  4.38  4.05  2.88
 45   30     2.38  3.17  3.91  4.48  4.64  4.22  3.77  3.78  3.25  3.18  2.40  1.95     3.43  2.50  4.34  3.92  2.94
 45   40     2.49  3.25  3.90  4.34  4.43  4.01  3.58  3.62  3.18  3.19  2.46  2.03     3.37  2.59  4.22  3.74  2.94
 45   50     2.55  3.28  3.84  4.13  4.15  3.73  3.35  3.42  3.04  3.14  2.46  2.06     3.26  2.63  4.04  3.50  2.88
 45   60     2.56  3.26  3.70  3.85  3.81  3.40  3.06  3.15  2.86  3.03  2.42  2.05     3.10  2.62  3.79  3.21  2.77
 45   70     2.52  3.17  3.50  3.52  3.43  3.05  2.76  2.86  2.63  2.85  2.33  2.00     2.89  2.57  3.48  2.89  2.60
 45   80     2.44  3.06  3.25  3.13  3.01  2.68  2.43  2.53  2.37  2.62  2.18  1.90     2.63  2.47  3.13  2.55  2.39
 45   90     2.32  2.89  2.95  2.73  2.60  2.30  2.10  2.20  2.08  2.35  1.99  1.76     2.36  2.32  2.76  2.20  2.14
 60   10     1.99  2.79  3.64  4.46  4.81  4.46  3.96  3.87  3.20  2.88  2.05  1.63     3.31  2.14  4.30  4.10  2.71
 60   20     2.12  2.90  3.73  4.45  4.75  4.37  3.88  3.83  3.21  2.97  2.15  1.73     3.34  2.25  4.31  4.03  2.78
 60   30     2.21  2.99  3.75  4.38  4.61  4.22  3.75  3.72  3.16  3.00  2.21  1.80     3.32  2.33  4.25  3.90  2.79
 60   40     2.27  3.02  3.72  4.23  4.41  4.00  3.56  3.56  3.07  2.99  2.24  1.83     3.24  2.38  4.12  3.71  2.77
 60   50     2.30  3.02  3.63  4.01  4.15  3.74  3.33  3.35  2.93  2.91  2.21  1.83     3.12  2.38  3.93  3.48  2.68
 60   60     2.29  2.98  3.49  3.75  3.83  3.44  3.07  3.11  2.75  2.78  2.14  1.80     2.95  2.36  3.69  3.21  2.56
 60   70     2.24  2.89  3.29  3.43  3.47  3.10  2.78  2.82  2.53  2.61  2.04  1.73     2.75  2.29  3.40  2.90  2.39
 60   80     2.15  2.78  3.07  3.09  3.11  2.76  2.47  2.52  2.28  2.39  1.90  1.63     2.51  2.19  3.09  2.58  2.19
 60   90     2.05  2.63  2.80  2.71  2.72  2.41  2.17  2.21  2.02  2.15  1.72  1.50     2.26  2.06  2.74  2.26  1.96
 75   10     1.92  2.71  3.57  4.41  4.79  4.45  3.94  3.85  3.16  2.81  1.97  1.56     3.26  2.06  4.26  4.08  2.64
 75   20     1.98  2.75  3.59  4.36  4.71  4.36  3.86  3.78  3.13  2.83  2.00  1.61     3.25  2.11  4.22  4.00  2.65
 75   30     2.02  2.77  3.57  4.24  4.57  4.20  3.72  3.65  3.05  2.81  2.01  1.62     3.19  2.13  4.12  3.86  2.63
 75   40     2.04  2.77  3.49  4.08  4.36  3.98  3.54  3.48  2.94  2.75  1.99  1.62     3.09  2.14  3.98  3.67  2.56
 75   50     2.02  2.73  3.39  3.86  4.10  3.72  3.31  3.27  2.79  2.65  1.94  1.59     2.95  2.11  3.78  3.43  2.46
 75   60     2.00  2.68  3.23  3.59  3.81  3.44  3.05  3.02  2.60  2.51  1.85  1.53     2.77  2.07  3.54  3.17  2.32
 75   70     1.94  2.60  3.06  3.30  3.48  3.12  2.77  2.76  2.40  2.34  1.74  1.46     2.58  2.00  3.28  2.88  2.16
 75   80     1.86  2.49  2.84  2.97  3.12  2.79  2.48  2.47  2.16  2.14  1.61  1.37     2.36  1.91  2.98  2.58  1.97
 75   90     1.77  2.38  2.62  2.65  2.77  2.46  2.18  2.18  1.93  1.92  1.45  1.25     2.13  1.80  2.68  2.27  1.76
 90   10     1.84  2.62  3.50  4.35  4.76  4.44  3.93  3.82  3.11  2.73  1.89  1.49     3.21  1.99  4.20  4.06  2.58
 90   20     1.83  2.59  3.44  4.25  4.66  4.34  3.84  3.72  3.04  2.67  1.85  1.47     3.14  1.96  4.12  3.96  2.52
 90   30     1.81  2.55  3.36  4.09  4.50  4.17  3.68  3.57  2.93  2.60  1.80  1.44     3.04  1.93  3.98  3.81  2.44
 90   40     1.78  2.49  3.25  3.89  4.28  3.94  3.49  3.38  2.79  2.49  1.73  1.39     2.91  1.89  3.80  3.61  2.34
 90   50     1.75  2.44  3.11  3.66  4.01  3.68  3.26  3.16  2.63  2.36  1.65  1.34     2.75  1.84  3.59  3.37  2.21
 90   60     1.70  2.36  2.95  3.40  3.71  3.39  3.00  2.92  2.44  2.22  1.56  1.27     2.58  1.78  3.36  3.10  2.07
 90   70     1.65  2.29  2.78  3.11  3.40  3.09  2.73  2.65  2.23  2.04  1.44  1.20     2.39  1.72  3.10  2.83  1.91
 90   80     1.58  2.20  2.59  2.82  3.08  2.78  2.45  2.39  2.02  1.87  1.33  1.12     2.19  1.63  2.83  2.54  1.74
 90   90     1.52  2.12  2.40  2.50  2.73  2.46  2.17  2.12  1.80  1.68  1.19  1.02     1.98  1.55  2.54  2.25  1.56
105   10     1.76  2.53  3.41  4.29  4.74  4.43  3.92  3.79  3.06  2.64  1.81  1.42     3.15  1.91  4.15  4.05  2.50
105   20     1.68  2.42  3.28  4.13  4.61  4.31  3.81  3.66  2.95  2.51  1.70  1.34     3.03  1.81  4.01  3.92  2.39
105   30     1.60  2.32  3.13  3.92  4.41  4.12  3.64  3.48  2.80  2.37  1.59  1.25     2.89  1.73  3.82  3.75  2.25
105   40     1.54  2.23  2.97  3.67  4.16  3.88  3.43  3.27  2.63  2.22  1.48  1.18     2.72  1.65  3.60  3.53  2.11
105   50     1.49  2.14  2.81  3.42  3.88  3.61  3.19  3.03  2.44  2.07  1.38  1.11     2.55  1.58  3.37  3.28  1.96
105   60     1.43  2.06  2.65  3.15  3.58  3.32  2.93  2.78  2.25  1.91  1.28  1.04     2.37  1.51  3.12  3.01  1.81
105   70     1.39  1.99  2.48  2.87  3.26  3.01  2.65  2.52  2.06  1.76  1.17  0.98     2.18  1.45  2.87  2.73  1.66
105   80     1.34  1.93  2.32  2.58  2.95  2.71  2.38  2.26  1.85  1.60  1.08  0.91     1.99  1.39  2.62  2.45  1.51
105   90     1.29  1.87  2.15  2.32  2.64  2.41  2.12  2.02  1.66  1.44  0.97  0.84     1.81  1.33  2.37  2.18  1.36
120   10     1.69  2.45  3.34  4.24  4.71  4.42  3.91  3.76  3.02  2.56  1.73  1.36     3.10  1.83  4.10  4.03  2.44
120   20     1.54  2.27  3.13  4.01  4.55  4.28  3.78  3.60  2.86  2.36  1.55  1.22     2.93  1.67  3.90  3.89  2.26
120   30     1.41  2.10  2.90  3.74  4.31  4.07  3.59  3.39  2.67  2.15  1.38  1.09     2.73  1.53  3.65  3.68  2.07
120   40     1.32  1.96  2.69  3.45  4.02  3.81  3.36  3.14  2.47  1.95  1.25  1.00     2.53  1.42  3.38  3.44  1.89
120   50     1.25  1.86  2.49  3.15  3.71  3.51  3.10  2.88  2.26  1.77  1.13  0.92     2.34  1.34  3.12  3.16  1.72
120   60     1.20  1.79  2.33  2.86  3.38  3.20  2.83  2.62  2.06  1.62  1.04  0.85     2.15  1.28  2.86  2.88  1.57
120   70     1.18  1.73  2.17  2.59  3.07  2.89  2.55  2.36  1.86  1.48  0.94  0.80     1.97  1.23  2.61  2.60  1.43
120   80     1.15  1.69  2.03  2.33  2.76  2.59  2.28  2.12  1.69  1.34  0.87  0.75     1.80  1.20  2.37  2.33  1.30
120   90     1.12  1.66  1.91  2.09  2.47  2.31  2.03  1.88  1.51  1.22  0.79  0.70     1.64  1.16  2.15  2.07  1.17
135   10     1.62  2.38  3.27  4.19  4.69  4.41  3.90  3.73  2.98  2.49  1.66  1.30     3.05  1.77  4.05  4.01  2.38
135   20     1.41  2.12  2.98  3.91  4.49  4.26  3.76  3.55  2.78  2.22  1.42  1.10     2.83  1.54  3.80  3.86  2.14
135   30     1.23  1.89  2.69  3.58  4.22  4.03  3.55  3.30  2.55  1.95  1.20  0.94     2.60  1.36  3.50  3.63  1.90
135   40     1.12  1.72  2.42  3.22  3.88  3.73  3.29  3.02  2.30  1.70  1.04  0.84     2.36  1.23  3.17  3.35  1.68
135   50     1.07  1.61  2.19  2.86  3.50  3.40  3.00  2.72  2.07  1.51  0.93  0.77     2.14  1.15  2.85  3.04  1.50
135   60     1.04  1.55  2.02  2.55  3.15  3.06  2.70  2.44  1.86  1.36  0.85  0.73     1.94  1.10  2.57  2.73  1.36
135   70     1.03  1.52  1.88  2.28  2.82  2.73  2.42  2.17  1.68  1.23  0.78  0.69     1.77  1.08  2.33  2.44  1.23
135   80     1.02  1.51  1.76  2.04  2.52  2.43  2.16  1.94  1.51  1.12  0.73  0.66     1.62  1.06  2.11  2.18  1.12
135   90     1.02  1.51  1.68  1.84  2.26  2.16  1.92  1.74  1.36  1.03  0.67  0.62     1.48  1.05  1.93  1.94  1.02
150   10     1.56  2.33  3.21  4.15  4.68  4.41  3.89  3.72  2.95  2.44  1.61  1.25     3.02  1.72  4.01  4.00  2.33
150   20     1.30  2.01  2.87  3.83  4.46  4.25  3.74  3.51  2.72  2.10  1.31  1.01     2.76  1.44  3.72  3.83  2.04
150   30     1.08  1.72  2.51  3.44  4.15  4.01  3.52  3.24  2.44  1.76  1.05  0.82     2.48  1.21  3.37  3.59  1.75
150   40     0.98  1.51  2.16  3.01  3.76  3.69  3.25  2.92  2.15  1.47  0.87  0.73     2.21  1.07  2.98  3.29  1.50
150   50     0.96  1.41  1.90  2.59  3.31  3.31  2.92  2.57  1.88  1.26  0.79  0.70     1.97  1.02  2.60  2.93  1.31
150   60     0.96  1.38  1.73  2.23  2.88  2.90  2.58  2.25  1.67  1.14  0.75  0.68     1.76  1.01  2.28  2.58  1.18
150   70     0.96  1.39  1.62  1.96  2.52  2.54  2.27  1.99  1.50  1.05  0.71  0.66     1.60  1.00  2.04  2.27  1.09
150   80     0.97  1.40  1.55  1.76  2.24  2.24  2.01  1.77  1.36  0.97  0.67  0.63     1.47  1.00  1.85  2.01  1.00
150   90     0.97  1.43  1.50  1.61  2.00  1.99  1.79  1.59  1.24  0.91  0.63  0.61     1.36  1.00  1.70  1.79  0.93
165   10     1.53  2.29  3.18  4.13  4.67  4.41  3.88  3.71  2.93  2.40  1.58  1.22     2.99  1.68  3.99  4.00  2.30
165   20     1.22  1.93  2.79  3.79  4.44  4.24  3.73  3.49  2.68  2.03  1.23  0.95     2.71  1.37  3.67  3.82  1.98
165   30     0.98  1.58  2.38  3.37  4.12  4.00  3.51  3.21  2.38  1.63  0.92  0.74     2.40  1.10  3.29  3.57  1.64
165   40     0.95  1.33  1.96  2.88  3.72  3.68  3.23  2.87  2.04  1.27  0.80  0.72     2.12  1.00  2.85  3.26  1.37
165   50     0.95  1.31  1.63  2.36  3.25  3.30  2.89  2.49  1.72  1.08  0.77  0.70     1.87  0.99  2.41  2.89  1.19
165   60     0.96  1.33  1.50  1.92  2.73  2.87  2.52  2.08  1.49  1.01  0.74  0.68     1.65  0.99  2.05  2.49  1.08
165   70     0.96  1.36  1.45  1.67  2.24  2.39  2.12  1.80  1.36  0.96  0.70  0.66     1.47  0.99  1.79  2.10  1.01
165   80     0.97  1.38  1.42  1.53  1.98  2.07  1.87  1.62  1.26  0.91  0.67  0.63     1.36  0.99  1.64  1.85  0.95
165   90     0.97  1.41  1.39  1.42  1.79  1.85  1.67  1.47  1.16  0.86  0.63  0.61     1.27  1.00  1.53  1.66  0.88
180   10     1.52  2.28  3.16  4.13  4.67  4.41  3.88  3.70  2.93  2.39  1.56  1.21     2.99  1.67  3.99  4.00  2.29
180   20     1.20  1.90  2.77  3.78  4.44  4.24  3.73  3.48  2.67  1.99  1.20  0.92     2.69  1.34  3.66  3.82  1.95
180   30     0.95  1.52  2.32  3.35  4.11  4.00  3.50  3.20  2.36  1.57  0.88  0.74     2.38  1.07  3.26  3.57  1.60
180   40     0.95  1.29  1.85  2.86  3.71  3.68  3.22  2.86  2.01  1.16  0.80  0.72     2.09  0.99  2.81  3.25  1.32
180   50     0.95  1.31  1.44  2.33  3.24  3.30  2.88  2.48  1.64  1.05  0.77  0.70     1.84  0.99  2.34  2.88  1.15
180   60     0.96  1.33  1.43  1.76  2.72  2.86  2.50  2.06  1.39  1.01  0.74  0.68     1.62  0.99  1.97  2.48  1.05
180   70     0.96  1.36  1.41  1.52  2.15  2.39  2.10  1.70  1.30  0.96  0.70  0.66     1.43  0.99  1.69  2.06  0.99
180   80     0.97  1.38  1.39  1.42  1.88  2.00  1.80  1.55  1.22  0.91  0.67  0.63     1.32  0.99  1.56  1.78  0.93
180   90     0.97  1.41  1.36  1.34  1.71  1.79  1.62  1.42  1.13  0.86  0.63  0.61     1.24  1.00  1.47  1.61  0.87
             64.4  57.7  40.0  22.0  10.2   3.8   6.4  14.6  26.9  44.6  56.0  60.9     31.5  60.9  23.0   8.4  42.7
             2.99  3.70  4.16  4.63  4.84  4.49  3.98  3.94  3.38  3.50  2.92  2.45     3.75  3.04  4.47  4.13  3.22
             2.66  3.46  4.13  4.59  4.61  4.19  3.76  3.83  3.37  3.44  2.71  2.21     3.58  2.78  4.44  3.92  3.17
             1.12  1.07  1.01  1.01  1.05  1.07  1.06  1.03  1.00  1.02  1.08  1.11     1.05  1.10  1.02  1.05  1.03
             1.45  1.30  1.18  1.04  0.96  0.94  0.94  0.99  1.07  1.25  1.41  1.45     1.17  1.40  1.06  0.96  1.25
temperature  -1.0  -0.6   2.4   8.5  13.6  17.4  20.9  22.6  18.5  12.4   6.5   1.8     10.3   0.1   8.2  20.3  12.5
diffusedrad  1.12  1.55  1.87  2.17  2.48  2.68  2.57  2.34  1.90  1.44  1.04  0.90     1.84  1.19  2.17  2.53  1.46
snow10cm     0.69  0.78  0.31  0.01  0.00  0.00  0.00  0.00  0.00  0.00  0.02  0.20     0.17  0.56  0.11  0.00  0.01
