2 34266   大衡            38 28.4  140 53.3   57
             1.91  2.68  3.61  4.41  4.76  4.33  3.93  3.89  3.10  2.68  1.97  1.67     3.24  2.09  4.26  4.05  2.58
             2.13  3.12  4.09  5.28  5.76  5.59  5.18  5.02  3.71  3.07  2.31  1.87     3.54  2.36  4.69  4.66  2.93
             1.64  2.23  3.04  3.53  3.95  3.28  2.98  2.91  2.50  2.16  1.63  1.26     2.93  1.76  3.79  3.37  2.31
  0   10     2.26  3.01  3.90  4.57  4.79  4.33  3.92  3.94  3.24  2.94  2.27  1.97     3.43  2.41  4.42  4.06  2.81
  0   20     2.56  3.30  4.12  4.64  4.74  4.24  3.86  3.94  3.32  3.15  2.53  2.25     3.56  2.70  4.50  4.01  3.00
  0   30     2.81  3.52  4.25  4.61  4.59  4.08  3.73  3.86  3.33  3.29  2.73  2.47     3.61  2.94  4.48  3.89  3.12
  0   40     3.00  3.67  4.28  4.48  4.35  3.84  3.53  3.70  3.27  3.36  2.88  2.64     3.58  3.10  4.37  3.69  3.17
  0   50     3.11  3.73  4.21  4.25  4.03  3.54  3.27  3.48  3.15  3.34  2.95  2.74     3.48  3.19  4.17  3.43  3.15
  0   60     3.15  3.70  4.05  3.94  3.64  3.19  2.96  3.19  2.96  3.26  2.95  2.78     3.32  3.21  3.88  3.12  3.06
  0   70     3.12  3.59  3.80  3.55  3.19  2.78  2.62  2.85  2.73  3.10  2.88  2.75     3.08  3.16  3.51  2.75  2.90
  0   80     3.02  3.40  3.47  3.09  2.69  2.36  2.24  2.47  2.44  2.87  2.75  2.66     2.79  3.03  3.08  2.36  2.69
  0   90     2.85  3.13  3.07  2.57  2.18  1.93  1.85  2.06  2.11  2.58  2.55  2.50     2.45  2.83  2.61  1.95  2.42
 15   10     2.25  3.00  3.90  4.57  4.79  4.33  3.92  3.94  3.23  2.93  2.25  1.96     3.42  2.40  4.42  4.06  2.81
 15   20     2.54  3.28  4.11  4.63  4.74  4.24  3.86  3.93  3.31  3.13  2.50  2.22     3.54  2.68  4.49  4.01  2.98
 15   30     2.78  3.49  4.23  4.60  4.59  4.08  3.73  3.85  3.31  3.26  2.69  2.44     3.59  2.90  4.47  3.89  3.09
 15   40     2.96  3.63  4.25  4.47  4.36  3.85  3.53  3.70  3.26  3.32  2.82  2.60     3.56  3.06  4.36  3.69  3.13
 15   50     3.07  3.68  4.18  4.25  4.04  3.55  3.28  3.48  3.13  3.30  2.88  2.69     3.46  3.15  4.16  3.44  3.11
 15   60     3.11  3.64  4.02  3.94  3.66  3.20  2.98  3.20  2.95  3.21  2.88  2.73     3.29  3.16  3.87  3.13  3.01
 15   70     3.07  3.53  3.77  3.56  3.22  2.81  2.63  2.86  2.71  3.05  2.80  2.69     3.06  3.10  3.52  2.77  2.86
 15   80     2.97  3.34  3.44  3.11  2.74  2.40  2.27  2.49  2.43  2.82  2.66  2.60     2.77  2.97  3.10  2.38  2.64
 15   90     2.79  3.07  3.04  2.62  2.24  1.98  1.90  2.09  2.11  2.53  2.46  2.44     2.44  2.77  2.63  1.99  2.37
 30   10     2.21  2.96  3.87  4.54  4.79  4.32  3.92  3.93  3.22  2.90  2.21  1.93     3.40  2.37  4.40  4.06  2.78
 30   20     2.48  3.21  4.05  4.60  4.74  4.24  3.86  3.92  3.28  3.08  2.43  2.16     3.50  2.62  4.46  4.00  2.93
 30   30     2.69  3.39  4.15  4.56  4.60  4.08  3.72  3.83  3.27  3.18  2.59  2.34     3.53  2.81  4.43  3.88  3.01
 30   40     2.83  3.49  4.16  4.43  4.38  3.86  3.54  3.68  3.21  3.22  2.68  2.47     3.50  2.93  4.32  3.69  3.04
 30   50     2.92  3.52  4.08  4.21  4.08  3.58  3.29  3.46  3.08  3.19  2.72  2.55     3.39  2.99  4.13  3.44  3.00
 30   60     2.94  3.46  3.91  3.91  3.72  3.25  3.00  3.19  2.90  3.09  2.70  2.56     3.22  2.99  3.85  3.15  2.89
 30   70     2.89  3.34  3.67  3.56  3.31  2.88  2.67  2.87  2.67  2.92  2.61  2.51     2.99  2.91  3.51  2.81  2.73
 30   80     2.77  3.14  3.35  3.13  2.87  2.49  2.33  2.52  2.39  2.69  2.46  2.41     2.71  2.77  3.12  2.45  2.51
 30   90     2.60  2.88  2.97  2.69  2.41  2.11  1.99  2.15  2.09  2.41  2.26  2.25     2.40  2.57  2.69  2.08  2.25
 45   10     2.16  2.91  3.82  4.51  4.78  4.32  3.91  3.91  3.19  2.86  2.16  1.87     3.37  2.31  4.37  4.05  2.74
 45   20     2.37  3.10  3.96  4.54  4.73  4.24  3.85  3.88  3.23  2.99  2.32  2.05     3.44  2.50  4.41  3.99  2.85
 45   30     2.53  3.22  4.03  4.49  4.59  4.08  3.72  3.79  3.21  3.06  2.44  2.19     3.44  2.65  4.37  3.86  2.90
 45   40     2.64  3.29  4.01  4.35  4.38  3.87  3.53  3.63  3.13  3.07  2.50  2.28     3.39  2.73  4.25  3.68  2.90
 45   50     2.69  3.28  3.92  4.14  4.10  3.60  3.30  3.43  3.00  3.01  2.50  2.32     3.27  2.76  4.05  3.44  2.84
 45   60     2.68  3.21  3.75  3.86  3.77  3.29  3.02  3.16  2.82  2.90  2.46  2.31     3.10  2.73  3.79  3.15  2.73
 45   70     2.61  3.07  3.51  3.52  3.39  2.95  2.72  2.87  2.59  2.73  2.36  2.24     2.88  2.64  3.47  2.85  2.56
 45   80     2.48  2.88  3.21  3.13  2.98  2.59  2.40  2.53  2.33  2.50  2.21  2.13     2.62  2.50  3.11  2.51  2.35
 45   90     2.31  2.63  2.86  2.73  2.57  2.23  2.07  2.20  2.05  2.25  2.00  1.97     2.32  2.30  2.72  2.17  2.10
 60   10     2.08  2.83  3.75  4.47  4.76  4.31  3.90  3.89  3.16  2.80  2.09  1.80     3.32  2.24  4.33  4.04  2.68
 60   20     2.23  2.94  3.84  4.46  4.70  4.23  3.83  3.84  3.17  2.88  2.19  1.92     3.35  2.36  4.34  3.96  2.75
 60   30     2.33  3.02  3.86  4.39  4.57  4.08  3.70  3.74  3.12  2.90  2.25  2.00     3.33  2.45  4.27  3.84  2.76
 60   40     2.38  3.03  3.81  4.24  4.36  3.87  3.52  3.58  3.03  2.88  2.28  2.05     3.25  2.49  4.14  3.65  2.73
 60   50     2.40  2.99  3.69  4.02  4.10  3.61  3.29  3.36  2.89  2.80  2.25  2.04     3.12  2.48  3.94  3.42  2.65
 60   60     2.37  2.90  3.53  3.76  3.79  3.32  3.03  3.12  2.71  2.67  2.17  2.01     2.95  2.43  3.69  3.16  2.52
 60   70     2.29  2.76  3.29  3.43  3.43  2.99  2.74  2.83  2.49  2.51  2.07  1.93     2.73  2.32  3.39  2.85  2.35
 60   80     2.16  2.58  3.03  3.09  3.07  2.66  2.44  2.53  2.25  2.29  1.92  1.81     2.48  2.18  3.06  2.54  2.15
 60   90     2.01  2.36  2.71  2.71  2.68  2.33  2.13  2.22  1.99  2.06  1.73  1.66     2.21  2.01  2.70  2.23  1.93
 75   10     2.00  2.74  3.67  4.42  4.75  4.30  3.89  3.86  3.12  2.73  2.01  1.72     3.27  2.15  4.28  4.02  2.62
 75   20     2.07  2.78  3.69  4.37  4.67  4.21  3.81  3.79  3.09  2.75  2.05  1.77     3.25  2.21  4.24  3.94  2.63
 75   30     2.10  2.78  3.66  4.25  4.52  4.06  3.67  3.66  3.01  2.72  2.05  1.79     3.19  2.22  4.14  3.80  2.60
 75   40     2.11  2.75  3.57  4.09  4.32  3.85  3.49  3.50  2.90  2.65  2.02  1.79     3.09  2.22  3.99  3.61  2.53
 75   50     2.08  2.67  3.44  3.87  4.05  3.60  3.26  3.28  2.75  2.56  1.97  1.75     2.94  2.17  3.79  3.38  2.43
 75   60     2.03  2.57  3.25  3.60  3.76  3.32  3.01  3.04  2.57  2.42  1.88  1.69     2.76  2.10  3.54  3.12  2.29
 75   70     1.95  2.43  3.04  3.31  3.44  3.02  2.73  2.77  2.36  2.25  1.76  1.61     2.56  1.99  3.26  2.84  2.13
 75   80     1.82  2.25  2.79  2.97  3.08  2.69  2.44  2.48  2.13  2.06  1.63  1.50     2.32  1.86  2.94  2.54  1.94
 75   90     1.70  2.07  2.52  2.65  2.73  2.37  2.15  2.19  1.90  1.84  1.46  1.36     2.08  1.71  2.63  2.24  1.73
 90   10     1.91  2.64  3.59  4.37  4.72  4.30  3.88  3.83  3.07  2.65  1.93  1.64     3.21  2.06  4.23  4.00  2.55
 90   20     1.89  2.60  3.52  4.26  4.62  4.19  3.79  3.73  3.00  2.60  1.89  1.61     3.14  2.03  4.14  3.90  2.50
 90   30     1.87  2.53  3.43  4.10  4.45  4.03  3.64  3.58  2.90  2.52  1.84  1.58     3.04  1.99  4.00  3.75  2.42
 90   40     1.82  2.44  3.30  3.90  4.24  3.81  3.44  3.39  2.75  2.42  1.77  1.52     2.90  1.93  3.81  3.55  2.31
 90   50     1.77  2.34  3.13  3.67  3.98  3.56  3.22  3.17  2.59  2.29  1.68  1.47     2.74  1.86  3.59  3.32  2.19
 90   60     1.69  2.21  2.95  3.40  3.67  3.28  2.96  2.93  2.41  2.15  1.58  1.39     2.55  1.76  3.34  3.06  2.05
 90   70     1.61  2.08  2.74  3.11  3.37  2.99  2.69  2.66  2.20  1.98  1.46  1.30     2.35  1.67  3.07  2.78  1.88
 90   80     1.50  1.92  2.52  2.82  3.04  2.68  2.42  2.40  2.00  1.81  1.35  1.21     2.14  1.54  2.79  2.50  1.72
 90   90     1.40  1.77  2.28  2.50  2.70  2.37  2.14  2.12  1.77  1.62  1.21  1.09     1.92  1.42  2.49  2.21  1.53
105   10     1.82  2.54  3.50  4.31  4.70  4.29  3.87  3.80  3.03  2.58  1.85  1.55     3.15  1.97  4.17  3.98  2.48
105   20     1.72  2.41  3.36  4.15  4.57  4.17  3.76  3.67  2.92  2.45  1.74  1.45     3.03  1.86  4.02  3.87  2.37
105   30     1.62  2.27  3.18  3.93  4.37  3.99  3.59  3.49  2.77  2.31  1.63  1.36     2.88  1.75  3.83  3.69  2.24
105   40     1.54  2.14  3.00  3.69  4.13  3.76  3.39  3.27  2.60  2.17  1.51  1.27     2.71  1.65  3.61  3.47  2.10
105   50     1.46  2.00  2.81  3.43  3.85  3.49  3.15  3.04  2.42  2.02  1.40  1.19     2.52  1.55  3.36  3.23  1.95
105   60     1.37  1.87  2.61  3.16  3.54  3.21  2.89  2.79  2.23  1.86  1.30  1.11     2.33  1.45  3.11  2.96  1.80
105   70     1.30  1.74  2.41  2.88  3.23  2.91  2.62  2.53  2.04  1.71  1.19  1.03     2.13  1.36  2.84  2.69  1.65
105   80     1.22  1.62  2.21  2.59  2.92  2.62  2.35  2.27  1.83  1.55  1.09  0.95     1.94  1.26  2.57  2.41  1.49
105   90     1.13  1.49  2.00  2.32  2.61  2.33  2.09  2.02  1.64  1.40  0.98  0.86     1.74  1.16  2.31  2.15  1.34
120   10     1.73  2.45  3.42  4.25  4.67  4.28  3.86  3.77  2.98  2.50  1.77  1.48     3.10  1.88  4.11  3.97  2.42
120   20     1.55  2.23  3.19  4.03  4.51  4.14  3.73  3.61  2.83  2.31  1.59  1.31     2.92  1.70  3.91  3.83  2.24
120   30     1.40  2.02  2.94  3.76  4.28  3.94  3.55  3.40  2.64  2.11  1.42  1.16     2.72  1.52  3.66  3.63  2.06
120   40     1.28  1.83  2.69  3.46  3.99  3.69  3.32  3.15  2.44  1.92  1.27  1.05     2.51  1.39  3.38  3.38  1.88
120   50     1.18  1.68  2.46  3.16  3.68  3.40  3.06  2.89  2.24  1.74  1.16  0.95     2.30  1.27  3.10  3.12  1.71
120   60     1.10  1.55  2.26  2.86  3.36  3.10  2.79  2.62  2.04  1.59  1.05  0.88     2.10  1.18  2.83  2.84  1.56
120   70     1.04  1.44  2.08  2.59  3.04  2.80  2.52  2.37  1.84  1.45  0.96  0.82     1.91  1.10  2.57  2.56  1.42
120   80     0.98  1.34  1.89  2.34  2.73  2.51  2.25  2.12  1.67  1.31  0.88  0.76     1.73  1.03  2.32  2.29  1.29
120   90     0.92  1.24  1.74  2.09  2.45  2.23  2.00  1.88  1.49  1.19  0.80  0.69     1.56  0.95  2.09  2.04  1.16
135   10     1.65  2.37  3.34  4.20  4.65  4.27  3.85  3.75  2.95  2.44  1.70  1.41     3.05  1.81  4.07  3.95  2.36
135   20     1.40  2.06  3.03  3.93  4.46  4.12  3.71  3.56  2.75  2.18  1.45  1.17     2.82  1.54  3.81  3.80  2.13
135   30     1.19  1.78  2.70  3.60  4.19  3.90  3.51  3.31  2.52  1.92  1.23  0.98     2.57  1.32  3.50  3.57  1.89
135   40     1.04  1.56  2.39  3.23  3.85  3.62  3.25  3.03  2.28  1.69  1.07  0.86     2.32  1.15  3.16  3.30  1.68
135   50     0.96  1.39  2.13  2.87  3.48  3.30  2.96  2.73  2.05  1.50  0.95  0.78     2.09  1.04  2.83  3.00  1.50
135   60     0.90  1.28  1.92  2.56  3.13  2.97  2.67  2.44  1.84  1.35  0.87  0.72     1.89  0.97  2.54  2.69  1.35
135   70     0.86  1.19  1.75  2.28  2.80  2.65  2.39  2.17  1.66  1.23  0.79  0.68     1.71  0.91  2.28  2.40  1.23
135   80     0.82  1.13  1.60  2.04  2.51  2.36  2.13  1.94  1.50  1.12  0.74  0.64     1.54  0.86  2.05  2.15  1.12
135   90     0.79  1.06  1.48  1.84  2.24  2.10  1.89  1.74  1.34  1.02  0.68  0.60     1.40  0.82  1.85  1.91  1.02
150   10     1.59  2.31  3.28  4.17  4.64  4.26  3.84  3.73  2.92  2.39  1.65  1.35     3.01  1.75  4.03  3.94  2.32
150   20     1.27  1.93  2.91  3.85  4.42  4.11  3.69  3.52  2.69  2.07  1.34  1.06     2.74  1.42  3.73  3.77  2.04
150   30     1.01  1.58  2.50  3.46  4.12  3.88  3.48  3.25  2.42  1.75  1.08  0.84     2.45  1.14  3.36  3.54  1.75
150   40     0.87  1.31  2.11  3.02  3.74  3.58  3.21  2.92  2.13  1.47  0.90  0.72     2.17  0.97  2.96  3.24  1.50
150   50     0.82  1.16  1.80  2.60  3.31  3.22  2.88  2.57  1.87  1.27  0.81  0.69     1.92  0.89  2.57  2.89  1.32
150   60     0.80  1.08  1.60  2.24  2.88  2.83  2.54  2.25  1.65  1.15  0.76  0.67     1.70  0.85  2.24  2.54  1.19
150   70     0.77  1.03  1.46  1.96  2.52  2.47  2.24  1.98  1.49  1.06  0.72  0.64     1.53  0.81  1.98  2.23  1.09
150   80     0.75  0.99  1.35  1.76  2.23  2.19  1.98  1.76  1.35  0.98  0.68  0.61     1.39  0.78  1.78  1.98  1.00
150   90     0.73  0.96  1.27  1.60  2.00  1.94  1.76  1.58  1.23  0.91  0.63  0.58     1.27  0.76  1.63  1.76  0.92
165   10     1.54  2.27  3.24  4.15  4.63  4.26  3.83  3.72  2.90  2.36  1.62  1.31     2.98  1.71  4.01  3.94  2.29
165   20     1.18  1.84  2.82  3.80  4.41  4.11  3.68  3.50  2.65  2.00  1.27  0.98     2.69  1.34  3.68  3.76  1.97
165   30     0.88  1.43  2.35  3.38  4.09  3.87  3.46  3.21  2.36  1.63  0.95  0.74     2.36  1.02  3.28  3.52  1.65
165   40     0.83  1.11  1.88  2.90  3.70  3.57  3.19  2.87  2.03  1.29  0.82  0.71     2.08  0.88  2.83  3.21  1.38
165   50     0.81  1.03  1.50  2.37  3.24  3.21  2.86  2.48  1.70  1.10  0.79  0.69     1.82  0.84  2.37  2.85  1.20
165   60     0.79  1.01  1.34  1.92  2.73  2.79  2.49  2.07  1.48  1.03  0.75  0.67     1.59  0.82  2.00  2.45  1.09
165   70     0.77  0.99  1.26  1.67  2.25  2.34  2.10  1.78  1.35  0.98  0.72  0.64     1.40  0.80  1.73  2.07  1.01
165   80     0.75  0.96  1.20  1.52  1.98  2.02  1.84  1.60  1.25  0.92  0.68  0.61     1.28  0.77  1.57  1.82  0.95
165   90     0.72  0.94  1.15  1.41  1.79  1.80  1.65  1.46  1.15  0.86  0.63  0.58     1.18  0.75  1.45  1.64  0.88
180   10     1.53  2.25  3.23  4.14  4.63  4.26  3.83  3.72  2.89  2.35  1.60  1.30     2.98  1.69  4.00  3.94  2.28
180   20     1.15  1.80  2.79  3.79  4.40  4.10  3.68  3.49  2.64  1.97  1.24  0.96     2.67  1.30  3.66  3.76  1.95
180   30     0.85  1.36  2.29  3.37  4.09  3.87  3.46  3.21  2.34  1.58  0.90  0.73     2.34  0.98  3.25  3.51  1.61
180   40     0.83  1.05  1.77  2.88  3.69  3.57  3.18  2.86  2.00  1.19  0.82  0.71     2.04  0.86  2.78  3.20  1.33
180   50     0.81  1.03  1.29  2.34  3.23  3.20  2.85  2.47  1.63  1.07  0.79  0.69     1.78  0.84  2.29  2.84  1.16
180   60     0.79  1.01  1.25  1.77  2.72  2.79  2.48  2.05  1.38  1.03  0.75  0.67     1.56  0.82  1.91  2.44  1.05
180   70     0.77  0.99  1.21  1.51  2.17  2.34  2.07  1.68  1.29  0.97  0.72  0.64     1.36  0.80  1.63  2.03  1.00
180   80     0.75  0.96  1.16  1.41  1.88  1.96  1.77  1.53  1.21  0.92  0.68  0.61     1.24  0.77  1.49  1.75  0.93
180   90     0.72  0.94  1.11  1.33  1.72  1.75  1.59  1.40  1.12  0.86  0.63  0.58     1.15  0.75  1.39  1.58  0.87
             60.9  52.0  38.1  21.7   9.9   3.8   6.2  14.6  26.6  43.6  55.5  60.9     31.8  57.5  23.0   8.4  42.2
             3.16  3.73  4.28  4.64  4.79  4.34  3.93  3.95  3.33  3.36  2.96  2.78     3.77  3.21  4.51  4.06  3.17
             2.85  3.56  4.26  4.59  4.55  4.04  3.70  3.84  3.32  3.31  2.76  2.50     3.61  2.97  4.47  3.86  3.13
             1.11  1.05  1.00  1.01  1.05  1.07  1.06  1.03  1.00  1.02  1.07  1.11     1.05  1.09  1.02  1.06  1.03
             1.49  1.33  1.18  1.04  0.96  0.93  0.94  0.99  1.07  1.24  1.40  1.50     1.17  1.44  1.06  0.95  1.24
temperature  -0.1   0.5   3.5   9.4  14.3  18.0  21.5  23.3  19.3  13.3   7.3   2.6     11.1   1.0   9.1  20.9  13.3
diffusedrad  1.06  1.40  1.79  2.17  2.50  2.63  2.52  2.30  1.88  1.46  1.07  0.93     1.81  1.13  2.16  2.48  1.47
snow10cm     0.22  0.19  0.07  0.00  0.00  0.00  0.00  0.00  0.00  0.00  0.00  0.08     0.05  0.16  0.02  0.00  0.00
