2 34471   亘理            38  1.5  140 51.5    4
             2.15  2.83  3.64  4.48  4.77  4.28  4.04  4.12  3.22  2.79  2.18  1.89     3.36  2.29  4.29  4.14  2.73
             2.39  3.21  4.22  5.34  5.72  5.29  5.44  5.39  3.91  3.35  2.69  2.13     3.69  2.51  4.67  5.20  3.05
             1.86  2.24  2.98  3.54  3.39  2.87  2.57  2.99  2.41  2.22  1.70  1.66     2.94  2.08  3.62  3.12  2.43
  0   10     2.61  3.19  3.93  4.64  4.79  4.26  4.03  4.18  3.37  3.07  2.54  2.29     3.58  2.69  4.45  4.16  2.99
  0   20     3.00  3.52  4.15  4.71  4.73  4.18  3.96  4.18  3.46  3.29  2.86  2.65     3.72  3.05  4.53  4.11  3.20
  0   30     3.32  3.76  4.27  4.67  4.58  4.01  3.82  4.09  3.47  3.44  3.12  2.94     3.79  3.34  4.51  3.98  3.34
  0   40     3.56  3.91  4.29  4.54  4.33  3.78  3.61  3.92  3.41  3.51  3.29  3.16     3.78  3.54  4.39  3.77  3.40
  0   50     3.71  3.97  4.22  4.31  4.01  3.48  3.34  3.68  3.28  3.50  3.39  3.31     3.68  3.66  4.18  3.50  3.39
  0   60     3.77  3.93  4.05  3.98  3.62  3.13  3.02  3.37  3.09  3.41  3.40  3.37     3.51  3.69  3.88  3.17  3.30
  0   70     3.73  3.80  3.79  3.58  3.16  2.74  2.66  3.00  2.84  3.24  3.34  3.34     3.27  3.62  3.51  2.80  3.14
  0   80     3.60  3.58  3.44  3.11  2.67  2.32  2.27  2.58  2.53  3.00  3.18  3.23     2.96  3.47  3.07  2.39  2.91
  0   90     3.38  3.27  3.03  2.58  2.15  1.90  1.87  2.13  2.19  2.70  2.95  3.03     2.60  3.23  2.59  1.97  2.61
 15   10     2.59  3.18  3.92  4.63  4.79  4.26  4.03  4.17  3.37  3.06  2.52  2.27     3.57  2.68  4.45  4.16  2.98
 15   20     2.98  3.49  4.13  4.70  4.73  4.18  3.96  4.17  3.45  3.27  2.83  2.62     3.71  3.03  4.52  4.10  3.18
 15   30     3.29  3.72  4.25  4.67  4.58  4.02  3.82  4.09  3.46  3.41  3.06  2.90     3.77  3.30  4.50  3.98  3.31
 15   40     3.52  3.86  4.26  4.53  4.34  3.79  3.62  3.92  3.40  3.47  3.23  3.11     3.75  3.50  4.38  3.77  3.37
 15   50     3.66  3.91  4.18  4.30  4.02  3.49  3.35  3.68  3.27  3.46  3.31  3.24     3.66  3.61  4.17  3.51  3.35
 15   60     3.71  3.87  4.02  3.99  3.64  3.15  3.04  3.38  3.08  3.36  3.31  3.29     3.49  3.63  3.88  3.19  3.25
 15   70     3.67  3.73  3.76  3.59  3.19  2.76  2.68  3.01  2.83  3.19  3.23  3.26     3.24  3.55  3.52  2.82  3.08
 15   80     3.54  3.51  3.42  3.13  2.72  2.36  2.30  2.61  2.53  2.95  3.08  3.14     2.94  3.40  3.09  2.42  2.85
 15   90     3.31  3.20  3.00  2.63  2.22  1.95  1.91  2.17  2.19  2.65  2.85  2.95     2.59  3.15  2.62  2.01  2.56
 30   10     2.55  3.14  3.90  4.62  4.78  4.26  4.03  4.16  3.35  3.03  2.48  2.23     3.54  2.64  4.43  4.15  2.95
 30   20     2.89  3.41  4.07  4.67  4.73  4.18  3.96  4.15  3.42  3.21  2.74  2.53     3.66  2.94  4.49  4.10  3.12
 30   30     3.16  3.61  4.17  4.62  4.59  4.02  3.82  4.06  3.41  3.32  2.93  2.77     3.71  3.18  4.46  3.97  3.22
 30   40     3.36  3.71  4.18  4.49  4.36  3.80  3.62  3.90  3.35  3.37  3.06  2.95     3.68  3.34  4.34  3.77  3.26
 30   50     3.47  3.74  4.09  4.27  4.06  3.52  3.37  3.66  3.22  3.34  3.11  3.05     3.57  3.42  4.14  3.52  3.22
 30   60     3.50  3.67  3.91  3.96  3.70  3.19  3.07  3.37  3.02  3.23  3.09  3.08     3.40  3.41  3.86  3.21  3.12
 30   70     3.44  3.52  3.66  3.60  3.29  2.83  2.73  3.03  2.78  3.05  3.00  3.03     3.16  3.33  3.51  2.86  2.94
 30   80     3.29  3.29  3.33  3.16  2.85  2.45  2.37  2.65  2.49  2.81  2.83  2.90     2.87  3.16  3.11  2.49  2.71
 30   90     3.06  2.99  2.93  2.71  2.39  2.07  2.02  2.25  2.17  2.51  2.60  2.70     2.53  2.92  2.67  2.11  2.43
 45   10     2.48  3.08  3.84  4.58  4.78  4.26  4.02  4.14  3.32  2.98  2.41  2.16     3.50  2.57  4.40  4.14  2.90
 45   20     2.75  3.29  3.99  4.61  4.72  4.17  3.95  4.12  3.36  3.12  2.61  2.40     3.59  2.81  4.44  4.08  3.03
 45   30     2.96  3.42  4.05  4.56  4.58  4.02  3.82  4.02  3.35  3.20  2.76  2.58     3.61  2.98  4.39  3.95  3.10
 45   40     3.10  3.49  4.02  4.41  4.37  3.81  3.62  3.85  3.27  3.21  2.84  2.70     3.56  3.10  4.27  3.76  3.10
 45   50     3.17  3.48  3.93  4.20  4.09  3.55  3.38  3.63  3.13  3.15  2.85  2.76     3.44  3.14  4.07  3.52  3.04
 45   60     3.17  3.39  3.75  3.91  3.75  3.24  3.09  3.35  2.94  3.04  2.81  2.75     3.26  3.10  3.80  3.23  2.93
 45   70     3.08  3.22  3.50  3.56  3.38  2.90  2.78  3.03  2.70  2.86  2.70  2.68     3.03  2.99  3.48  2.91  2.75
 45   80     2.93  3.00  3.19  3.17  2.97  2.55  2.45  2.68  2.44  2.62  2.52  2.54     2.75  2.82  3.11  2.56  2.53
 45   90     2.71  2.72  2.83  2.75  2.56  2.19  2.11  2.32  2.13  2.35  2.30  2.34     2.44  2.59  2.71  2.21  2.26
 60   10     2.38  2.99  3.78  4.54  4.76  4.25  4.01  4.12  3.29  2.91  2.33  2.07     3.45  2.48  4.36  4.13  2.84
 60   20     2.57  3.12  3.87  4.53  4.70  4.17  3.94  4.07  3.30  3.00  2.46  2.22     3.50  2.64  4.37  4.06  2.92
 60   30     2.71  3.20  3.88  4.45  4.56  4.02  3.80  3.96  3.25  3.03  2.54  2.34     3.48  2.75  4.30  3.93  2.94
 60   40     2.79  3.21  3.83  4.30  4.35  3.81  3.61  3.79  3.16  3.01  2.57  2.40     3.40  2.80  4.16  3.74  2.91
 60   50     2.81  3.16  3.70  4.08  4.09  3.56  3.38  3.57  3.01  2.93  2.55  2.41     3.27  2.79  3.96  3.50  2.83
 60   60     2.77  3.06  3.53  3.81  3.78  3.27  3.11  3.31  2.83  2.79  2.47  2.37     3.09  2.73  3.71  3.23  2.69
 60   70     2.67  2.88  3.28  3.48  3.42  2.95  2.81  3.00  2.60  2.62  2.35  2.28     2.86  2.61  3.39  2.92  2.52
 60   80     2.52  2.67  3.01  3.13  3.06  2.62  2.50  2.68  2.35  2.40  2.19  2.14     2.60  2.44  3.06  2.60  2.31
 60   90     2.33  2.42  2.68  2.74  2.67  2.29  2.19  2.34  2.08  2.15  1.97  1.95     2.32  2.23  2.70  2.27  2.07
 75   10     2.27  2.89  3.70  4.49  4.74  4.25  4.00  4.09  3.24  2.84  2.24  1.97     3.39  2.38  4.31  4.11  2.77
 75   20     2.37  2.94  3.72  4.44  4.66  4.15  3.92  4.01  3.22  2.86  2.28  2.04     3.38  2.45  4.27  4.03  2.79
 75   30     2.42  2.93  3.68  4.32  4.52  4.00  3.77  3.88  3.14  2.84  2.30  2.07     3.32  2.47  4.17  3.89  2.76
 75   40     2.44  2.90  3.58  4.15  4.31  3.79  3.59  3.71  3.03  2.77  2.27  2.07     3.22  2.47  4.01  3.70  2.69
 75   50     2.40  2.80  3.45  3.93  4.05  3.54  3.35  3.48  2.87  2.67  2.21  2.04     3.07  2.42  3.81  3.46  2.58
 75   60     2.35  2.68  3.25  3.65  3.76  3.27  3.09  3.22  2.68  2.52  2.11  1.96     2.88  2.33  3.56  3.19  2.44
 75   70     2.24  2.52  3.04  3.36  3.43  2.97  2.81  2.94  2.47  2.35  1.99  1.87     2.67  2.21  3.27  2.91  2.27
 75   80     2.09  2.32  2.77  3.01  3.07  2.65  2.51  2.63  2.23  2.15  1.84  1.74     2.42  2.05  2.95  2.60  2.07
 75   90     1.93  2.10  2.49  2.68  2.73  2.34  2.21  2.32  1.99  1.93  1.65  1.58     2.16  1.87  2.63  2.29  1.85
 90   10     2.16  2.78  3.62  4.43  4.72  4.24  3.99  4.06  3.19  2.76  2.14  1.86     3.33  2.26  4.26  4.09  2.70
 90   20     2.14  2.73  3.55  4.33  4.62  4.13  3.89  3.95  3.13  2.70  2.10  1.83     3.26  2.23  4.17  3.99  2.64
 90   30     2.12  2.65  3.45  4.17  4.45  3.97  3.74  3.79  3.02  2.63  2.03  1.79     3.15  2.19  4.02  3.83  2.56
 90   40     2.06  2.55  3.32  3.96  4.24  3.76  3.54  3.59  2.87  2.52  1.96  1.73     3.01  2.11  3.84  3.63  2.45
 90   50     2.00  2.44  3.14  3.73  3.97  3.51  3.31  3.36  2.70  2.38  1.87  1.67     2.84  2.04  3.61  3.39  2.32
 90   60     1.91  2.28  2.95  3.46  3.67  3.23  3.05  3.10  2.51  2.24  1.76  1.57     2.65  1.92  3.36  3.13  2.17
 90   70     1.81  2.14  2.73  3.16  3.37  2.94  2.77  2.82  2.30  2.06  1.63  1.48     2.43  1.81  3.09  2.85  2.00
 90   80     1.68  1.95  2.50  2.86  3.04  2.64  2.49  2.54  2.09  1.89  1.50  1.37     2.21  1.67  2.80  2.56  1.82
 90   90     1.55  1.78  2.25  2.54  2.70  2.34  2.21  2.25  1.85  1.69  1.35  1.23     1.98  1.52  2.50  2.26  1.63
105   10     2.04  2.67  3.53  4.38  4.70  4.23  3.98  4.02  3.15  2.68  2.04  1.75     3.26  2.15  4.20  4.08  2.62
105   20     1.92  2.52  3.38  4.21  4.57  4.11  3.87  3.88  3.03  2.55  1.91  1.63     3.13  2.02  4.05  3.95  2.50
105   30     1.80  2.37  3.20  4.00  4.37  3.93  3.70  3.69  2.88  2.40  1.78  1.51     2.97  1.89  3.86  3.77  2.36
105   40     1.70  2.21  3.02  3.74  4.13  3.71  3.48  3.46  2.71  2.25  1.66  1.41     2.79  1.78  3.63  3.55  2.20
105   50     1.61  2.06  2.82  3.48  3.85  3.45  3.24  3.21  2.51  2.10  1.53  1.31     2.60  1.66  3.38  3.30  2.05
105   60     1.50  1.91  2.61  3.21  3.55  3.16  2.97  2.95  2.32  1.93  1.42  1.22     2.40  1.54  3.12  3.03  1.89
105   70     1.41  1.76  2.40  2.92  3.23  2.87  2.70  2.67  2.12  1.78  1.30  1.13     2.19  1.43  2.85  2.75  1.73
105   80     1.30  1.61  2.19  2.62  2.92  2.58  2.42  2.39  1.91  1.61  1.19  1.04     1.98  1.32  2.58  2.47  1.57
105   90     1.20  1.46  1.97  2.36  2.61  2.29  2.15  2.14  1.71  1.46  1.07  0.93     1.78  1.20  2.31  2.19  1.41
120   10     1.92  2.57  3.44  4.32  4.67  4.22  3.97  3.99  3.10  2.60  1.95  1.65     3.20  2.05  4.14  4.06  2.55
120   20     1.70  2.32  3.21  4.09  4.51  4.09  3.84  3.81  2.94  2.39  1.73  1.44     3.01  1.82  3.94  3.91  2.35
120   30     1.51  2.08  2.95  3.82  4.28  3.89  3.65  3.59  2.74  2.18  1.53  1.26     2.79  1.62  3.68  3.71  2.15
120   40     1.36  1.88  2.70  3.51  3.99  3.64  3.41  3.32  2.53  1.98  1.37  1.12     2.57  1.45  3.40  3.46  1.96
120   50     1.24  1.70  2.47  3.20  3.68  3.36  3.15  3.04  2.32  1.80  1.24  1.00     2.35  1.31  3.12  3.18  1.79
120   60     1.14  1.55  2.26  2.91  3.36  3.06  2.87  2.76  2.11  1.65  1.12  0.92     2.14  1.21  2.84  2.90  1.63
120   70     1.07  1.41  2.06  2.63  3.04  2.76  2.59  2.49  1.91  1.50  1.02  0.84     1.94  1.11  2.58  2.61  1.48
120   80     0.99  1.30  1.87  2.37  2.73  2.48  2.32  2.23  1.73  1.35  0.94  0.78     1.76  1.02  2.32  2.34  1.34
120   90     0.92  1.18  1.70  2.11  2.45  2.20  2.06  1.98  1.55  1.23  0.85  0.71     1.58  0.94  2.09  2.08  1.21
135   10     1.82  2.48  3.36  4.27  4.65  4.21  3.96  3.96  3.06  2.53  1.86  1.56     3.14  1.95  4.10  4.04  2.48
135   20     1.50  2.14  3.05  3.99  4.46  4.07  3.81  3.76  2.85  2.25  1.57  1.26     2.89  1.64  3.83  3.88  2.23
135   30     1.24  1.82  2.72  3.65  4.19  3.86  3.61  3.49  2.61  1.98  1.31  1.02     2.63  1.36  3.52  3.65  1.97
135   40     1.05  1.57  2.40  3.28  3.86  3.58  3.34  3.18  2.36  1.74  1.12  0.86     2.36  1.16  3.18  3.37  1.74
135   50     0.94  1.38  2.13  2.91  3.49  3.26  3.04  2.86  2.12  1.54  0.98  0.77     2.12  1.03  2.84  3.05  1.54
135   60     0.87  1.24  1.91  2.59  3.13  2.94  2.74  2.55  1.90  1.38  0.89  0.70     1.90  0.94  2.54  2.74  1.39
135   70     0.82  1.13  1.72  2.31  2.81  2.62  2.45  2.27  1.71  1.25  0.81  0.66     1.71  0.87  2.28  2.45  1.26
135   80     0.77  1.05  1.57  2.06  2.51  2.34  2.18  2.02  1.54  1.14  0.76  0.61     1.55  0.81  2.05  2.18  1.15
135   90     0.73  0.97  1.44  1.86  2.24  2.07  1.94  1.81  1.39  1.05  0.70  0.58     1.40  0.76  1.85  1.94  1.04
150   10     1.74  2.41  3.30  4.23  4.63  4.21  3.95  3.94  3.03  2.48  1.80  1.49     3.10  1.88  4.06  4.03  2.44
150   20     1.33  1.99  2.93  3.91  4.42  4.06  3.80  3.71  2.79  2.14  1.44  1.12     2.80  1.48  3.75  3.86  2.12
150   30     1.00  1.60  2.52  3.51  4.13  3.83  3.58  3.42  2.50  1.80  1.12  0.83     2.49  1.14  3.38  3.61  1.81
150   40     0.81  1.29  2.12  3.07  3.75  3.54  3.29  3.06  2.20  1.51  0.91  0.68     2.19  0.93  2.98  3.30  1.54
150   50     0.75  1.11  1.80  2.63  3.31  3.19  2.96  2.68  1.92  1.29  0.81  0.65     1.92  0.83  2.58  2.94  1.34
150   60     0.72  1.01  1.57  2.26  2.88  2.80  2.60  2.33  1.69  1.16  0.76  0.62     1.70  0.78  2.24  2.58  1.20
150   70     0.69  0.95  1.43  1.98  2.52  2.45  2.29  2.04  1.52  1.07  0.72  0.60     1.52  0.75  1.98  2.26  1.10
150   80     0.67  0.90  1.31  1.78  2.23  2.17  2.02  1.82  1.38  0.99  0.68  0.57     1.38  0.71  1.77  2.00  1.01
150   90     0.64  0.86  1.23  1.61  2.00  1.92  1.80  1.63  1.25  0.92  0.64  0.54     1.25  0.68  1.61  1.78  0.94
165   10     1.68  2.36  3.27  4.21  4.62  4.21  3.94  3.93  3.01  2.44  1.76  1.44     3.07  1.83  4.03  4.03  2.40
165   20     1.22  1.89  2.84  3.86  4.40  4.05  3.79  3.69  2.75  2.07  1.35  1.02     2.74  1.38  3.70  3.84  2.05
165   30     0.83  1.42  2.37  3.44  4.09  3.83  3.56  3.38  2.43  1.67  0.97  0.70     2.39  0.99  3.29  3.59  1.69
165   40     0.75  1.06  1.88  2.94  3.69  3.53  3.27  3.00  2.09  1.31  0.80  0.67     2.08  0.82  2.84  3.27  1.40
165   50     0.73  0.96  1.49  2.41  3.23  3.17  2.93  2.58  1.74  1.10  0.78  0.65     1.81  0.78  2.38  2.90  1.20
165   60     0.71  0.93  1.31  1.94  2.72  2.77  2.54  2.12  1.50  1.03  0.75  0.62     1.58  0.76  1.99  2.48  1.09
165   70     0.69  0.90  1.22  1.68  2.23  2.33  2.13  1.81  1.37  0.98  0.71  0.60     1.39  0.73  1.71  2.09  1.02
165   80     0.67  0.86  1.16  1.52  1.96  2.00  1.86  1.62  1.26  0.92  0.68  0.57     1.26  0.70  1.55  1.83  0.95
165   90     0.64  0.83  1.10  1.41  1.77  1.79  1.67  1.48  1.17  0.87  0.64  0.54     1.16  0.67  1.43  1.64  0.89
180   10     1.66  2.35  3.25  4.21  4.61  4.21  3.94  3.93  3.00  2.43  1.74  1.42     3.06  1.81  4.02  4.03  2.39
180   20     1.18  1.85  2.80  3.85  4.38  4.05  3.78  3.69  2.73  2.04  1.31  0.98     2.72  1.34  3.68  3.84  2.02
180   30     0.78  1.35  2.30  3.42  4.06  3.83  3.55  3.37  2.41  1.62  0.91  0.68     2.36  0.94  3.26  3.58  1.65
180   40     0.75  0.98  1.77  2.92  3.66  3.53  3.26  3.00  2.05  1.20  0.80  0.67     2.05  0.80  2.78  3.26  1.35
180   50     0.73  0.96  1.26  2.37  3.19  3.17  2.92  2.57  1.66  1.07  0.78  0.65     1.78  0.78  2.27  2.89  1.17
180   60     0.71  0.93  1.21  1.79  2.68  2.77  2.53  2.11  1.38  1.02  0.75  0.62     1.54  0.76  1.89  2.47  1.05
180   70     0.69  0.90  1.17  1.51  2.12  2.32  2.11  1.70  1.30  0.97  0.71  0.60     1.34  0.73  1.60  2.04  1.00
180   80     0.67  0.86  1.11  1.41  1.82  1.94  1.79  1.54  1.22  0.92  0.68  0.57     1.21  0.70  1.45  1.75  0.94
180   90     0.64  0.83  1.06  1.33  1.65  1.73  1.61  1.41  1.13  0.87  0.64  0.54     1.12  0.67  1.35  1.58  0.88
             61.1  51.1  37.4  21.5   9.6   3.5   5.8  14.7  26.8  43.8  56.6  61.9     33.3  57.9  22.6   8.3  43.3
             3.77  3.97  4.30  4.71  4.79  4.28  4.04  4.19  3.47  3.51  3.41  3.37     3.98  3.69  4.53  4.16  3.41
             3.41  3.82  4.29  4.64  4.51  3.94  3.76  4.04  3.46  3.47  3.18  3.02     3.80  3.42  4.48  3.92  3.37
             1.11  1.04  1.00  1.02  1.06  1.09  1.07  1.04  1.00  1.01  1.07  1.12     1.05  1.09  1.03  1.07  1.03
             1.59  1.35  1.18  1.04  0.95  0.92  0.93  0.98  1.07  1.24  1.46  1.60     1.19  1.51  1.05  0.94  1.26
temperature   1.6   1.9   4.8  10.2  14.8  18.2  21.8  23.8  20.3  14.8   9.1   4.4     12.1   2.6   9.9  21.3  14.7
diffusedrad  1.04  1.37  1.78  2.17  2.50  2.61  2.52  2.30  1.89  1.46  1.09  0.92     1.80  1.11  2.15  2.47  1.48
snow10cm     0.06  0.05  0.02  0.00  0.00  0.00  0.00  0.00  0.00  0.00  0.00  0.00     0.01  0.04  0.01  0.00  0.00
