2 35071   差首鍋          38 55.1  140   12   88
             1.31  2.11  3.12  4.13  4.68  4.79  4.33  4.40  3.15  2.43  1.45  1.06     3.08  1.49  3.97  4.50  2.34
             1.62  2.68  3.56  5.27  5.35  5.63  5.41  5.33  3.72  2.80  1.75  1.32     3.32  1.74  4.50  5.20  2.60
             1.19  1.73  2.43  3.49  4.00  3.87  3.14  3.44  2.50  1.92  1.07  0.90     2.83  1.33  3.42  3.77  2.03
  0   10     1.41  2.24  3.31  4.27  4.70  4.78  4.32  4.49  3.30  2.64  1.59  1.14     3.18  1.60  4.09  4.53  2.51
  0   20     1.48  2.37  3.46  4.33  4.66  4.68  4.25  4.50  3.39  2.81  1.71  1.21     3.24  1.69  4.15  4.48  2.63
  0   30     1.54  2.47  3.56  4.31  4.51  4.50  4.11  4.42  3.40  2.91  1.79  1.26     3.23  1.76  4.12  4.34  2.70
  0   40     1.59  2.54  3.60  4.20  4.28  4.22  3.88  4.24  3.35  2.95  1.84  1.30     3.17  1.81  4.03  4.12  2.71
  0   50     1.61  2.58  3.60  4.01  3.97  3.88  3.59  3.98  3.23  2.93  1.86  1.31     3.05  1.83  3.86  3.82  2.67
  0   60     1.61  2.58  3.54  3.74  3.59  3.48  3.24  3.64  3.04  2.85  1.83  1.31     2.87  1.83  3.63  3.46  2.57
  0   70     1.60  2.55  3.43  3.41  3.15  3.02  2.85  3.24  2.80  2.70  1.77  1.28     2.65  1.81  3.33  3.04  2.42
  0   80     1.56  2.48  3.27  3.02  2.67  2.54  2.42  2.79  2.50  2.50  1.67  1.23     2.39  1.76  2.99  2.58  2.23
  0   90     1.50  2.38  3.07  2.58  2.16  2.04  1.98  2.29  2.17  2.25  1.54  1.16     2.10  1.68  2.61  2.11  1.99
 15   10     1.40  2.24  3.30  4.26  4.71  4.78  4.32  4.49  3.30  2.63  1.58  1.14     3.18  1.59  4.09  4.53  2.50
 15   20     1.47  2.36  3.44  4.32  4.65  4.68  4.25  4.50  3.38  2.79  1.70  1.21     3.23  1.68  4.14  4.48  2.62
 15   30     1.53  2.46  3.54  4.30  4.51  4.50  4.11  4.42  3.39  2.89  1.77  1.26     3.22  1.75  4.12  4.34  2.68
 15   40     1.57  2.52  3.58  4.19  4.29  4.24  3.88  4.24  3.33  2.92  1.82  1.29     3.16  1.79  4.02  4.12  2.69
 15   50     1.59  2.56  3.57  4.00  3.98  3.90  3.60  3.98  3.21  2.90  1.83  1.30     3.04  1.82  3.85  3.83  2.65
 15   60     1.59  2.55  3.51  3.74  3.61  3.50  3.26  3.66  3.02  2.81  1.80  1.29     2.86  1.81  3.62  3.47  2.54
 15   70     1.57  2.52  3.40  3.41  3.18  3.06  2.87  3.26  2.79  2.66  1.74  1.26     2.64  1.78  3.33  3.06  2.39
 15   80     1.54  2.45  3.24  3.03  2.71  2.59  2.46  2.82  2.50  2.46  1.64  1.21     2.39  1.73  3.00  2.62  2.20
 15   90     1.48  2.35  3.04  2.61  2.22  2.11  2.03  2.34  2.17  2.21  1.51  1.15     2.10  1.66  2.63  2.16  1.96
 30   10     1.39  2.22  3.28  4.24  4.70  4.78  4.32  4.48  3.28  2.61  1.56  1.13     3.17  1.58  4.07  4.53  2.48
 30   20     1.45  2.33  3.40  4.29  4.65  4.68  4.25  4.49  3.35  2.74  1.66  1.19     3.21  1.66  4.12  4.47  2.58
 30   30     1.50  2.41  3.48  4.25  4.52  4.51  4.10  4.40  3.34  2.82  1.73  1.23     3.19  1.71  4.08  4.34  2.63
 30   40     1.53  2.46  3.51  4.15  4.30  4.26  3.90  4.24  3.28  2.84  1.76  1.25     3.12  1.75  3.99  4.13  2.63
 30   50     1.55  2.48  3.49  3.96  4.01  3.94  3.62  3.99  3.16  2.80  1.76  1.26     3.00  1.76  3.82  3.85  2.57
 30   60     1.54  2.47  3.42  3.71  3.66  3.56  3.30  3.68  2.97  2.70  1.72  1.24     2.83  1.75  3.60  3.52  2.46
 30   70     1.52  2.43  3.31  3.40  3.26  3.14  2.93  3.31  2.73  2.55  1.65  1.21     2.62  1.72  3.32  3.13  2.31
 30   80     1.48  2.36  3.16  3.04  2.83  2.71  2.54  2.90  2.46  2.34  1.55  1.16     2.38  1.67  3.01  2.72  2.11
 30   90     1.42  2.26  2.97  2.65  2.38  2.27  2.15  2.47  2.14  2.10  1.42  1.09     2.11  1.59  2.67  2.30  1.89
 45   10     1.38  2.19  3.25  4.21  4.69  4.77  4.31  4.47  3.25  2.57  1.54  1.11     3.15  1.56  4.05  4.52  2.46
 45   20     1.42  2.28  3.34  4.24  4.64  4.68  4.24  4.46  3.29  2.67  1.61  1.16     3.17  1.62  4.07  4.46  2.53
 45   30     1.46  2.34  3.39  4.19  4.51  4.51  4.10  4.37  3.28  2.72  1.66  1.19     3.14  1.66  4.03  4.33  2.55
 45   40     1.47  2.37  3.40  4.07  4.30  4.27  3.89  4.21  3.20  2.71  1.67  1.20     3.06  1.68  3.92  4.12  2.53
 45   50     1.47  2.37  3.37  3.89  4.03  3.98  3.64  3.98  3.07  2.65  1.65  1.19     2.94  1.68  3.77  3.87  2.46
 45   60     1.46  2.35  3.30  3.65  3.70  3.62  3.33  3.68  2.88  2.55  1.60  1.17     2.77  1.66  3.55  3.54  2.34
 45   70     1.43  2.29  3.19  3.36  3.34  3.25  2.99  3.35  2.65  2.39  1.52  1.13     2.57  1.62  3.29  3.19  2.19
 45   80     1.38  2.22  3.04  3.02  2.93  2.84  2.63  2.96  2.39  2.19  1.41  1.07     2.34  1.56  3.00  2.81  2.00
 45   90     1.33  2.13  2.87  2.67  2.53  2.44  2.26  2.57  2.10  1.96  1.28  1.00     2.10  1.49  2.69  2.42  1.78
 60   10     1.35  2.16  3.20  4.18  4.67  4.76  4.30  4.44  3.22  2.52  1.51  1.09     3.12  1.53  4.02  4.50  2.42
 60   20     1.38  2.21  3.26  4.17  4.61  4.67  4.22  4.41  3.23  2.58  1.55  1.12     3.12  1.57  4.01  4.43  2.45
 60   30     1.39  2.24  3.28  4.10  4.48  4.51  4.08  4.32  3.18  2.59  1.56  1.13     3.07  1.59  3.95  4.30  2.44
 60   40     1.39  2.25  3.27  3.97  4.28  4.27  3.88  4.15  3.09  2.56  1.55  1.13     2.98  1.59  3.84  4.10  2.40
 60   50     1.38  2.23  3.22  3.78  4.02  4.00  3.63  3.92  2.95  2.48  1.51  1.11     2.85  1.57  3.67  3.85  2.31
 60   60     1.36  2.20  3.14  3.55  3.72  3.67  3.35  3.66  2.77  2.35  1.45  1.07     2.69  1.54  3.47  3.56  2.19
 60   70     1.32  2.14  3.03  3.27  3.37  3.31  3.02  3.33  2.55  2.20  1.37  1.03     2.49  1.50  3.22  3.22  2.04
 60   80     1.27  2.07  2.90  2.98  3.01  2.94  2.69  2.99  2.30  2.01  1.26  0.97     2.28  1.44  2.96  2.87  1.86
 60   90     1.22  1.99  2.75  2.65  2.64  2.57  2.35  2.63  2.03  1.80  1.14  0.90     2.06  1.37  2.68  2.52  1.66
 75   10     1.33  2.12  3.15  4.13  4.65  4.75  4.29  4.41  3.17  2.47  1.47  1.07     3.09  1.51  3.98  4.49  2.37
 75   20     1.33  2.13  3.16  4.09  4.57  4.65  4.20  4.35  3.15  2.47  1.47  1.07     3.06  1.51  3.94  4.40  2.37
 75   30     1.33  2.13  3.15  3.98  4.43  4.48  4.05  4.23  3.07  2.44  1.46  1.06     2.98  1.51  3.85  4.26  2.33
 75   40     1.31  2.11  3.10  3.84  4.23  4.26  3.85  4.06  2.96  2.37  1.42  1.04     2.88  1.49  3.72  4.06  2.25
 75   50     1.28  2.08  3.04  3.64  3.97  3.98  3.60  3.84  2.81  2.27  1.37  1.01     2.74  1.46  3.55  3.81  2.15
 75   60     1.25  2.04  2.96  3.41  3.69  3.67  3.32  3.57  2.62  2.14  1.29  0.97     2.58  1.42  3.35  3.52  2.02
 75   70     1.21  1.98  2.86  3.16  3.37  3.34  3.02  3.28  2.41  1.99  1.21  0.93     2.40  1.37  3.13  3.21  1.87
 75   80     1.17  1.92  2.74  2.87  3.02  2.98  2.71  2.95  2.18  1.81  1.11  0.87     2.19  1.32  2.87  2.88  1.70
 75   90     1.12  1.85  2.62  2.59  2.67  2.63  2.38  2.62  1.94  1.62  1.00  0.81     1.99  1.26  2.63  2.54  1.52
 90   10     1.30  2.08  3.10  4.09  4.63  4.74  4.28  4.37  3.13  2.40  1.43  1.04     3.05  1.48  3.94  4.46  2.32
 90   20     1.28  2.05  3.06  3.99  4.53  4.63  4.17  4.28  3.06  2.35  1.40  1.02     2.99  1.45  3.86  4.36  2.27
 90   30     1.25  2.02  3.00  3.85  4.36  4.45  4.01  4.13  2.95  2.28  1.35  1.00     2.89  1.42  3.74  4.20  2.19
 90   40     1.22  1.97  2.93  3.67  4.15  4.21  3.80  3.94  2.81  2.18  1.29  0.96     2.76  1.39  3.58  3.98  2.09
 90   50     1.19  1.93  2.85  3.47  3.89  3.94  3.55  3.71  2.64  2.05  1.22  0.93     2.61  1.35  3.40  3.73  1.97
 90   60     1.15  1.87  2.76  3.24  3.60  3.63  3.27  3.45  2.46  1.92  1.15  0.88     2.45  1.30  3.20  3.45  1.84
 90   70     1.11  1.83  2.66  2.98  3.29  3.31  2.98  3.15  2.24  1.76  1.06  0.83     2.27  1.26  2.98  3.15  1.69
 90   80     1.07  1.77  2.56  2.73  2.98  2.97  2.68  2.86  2.04  1.61  0.97  0.78     2.09  1.21  2.75  2.84  1.54
 90   90     1.04  1.72  2.46  2.46  2.64  2.63  2.37  2.55  1.81  1.44  0.87  0.73     1.89  1.16  2.52  2.52  1.37
105   10     1.28  2.04  3.05  4.04  4.61  4.73  4.26  4.33  3.08  2.34  1.39  1.02     3.01  1.44  3.90  4.44  2.27
105   20     1.23  1.97  2.95  3.89  4.47  4.60  4.14  4.20  2.97  2.23  1.32  0.98     2.91  1.39  3.77  4.31  2.17
105   30     1.19  1.90  2.85  3.71  4.28  4.40  3.95  4.01  2.82  2.11  1.24  0.93     2.78  1.34  3.61  4.12  2.06
105   40     1.14  1.84  2.74  3.49  4.04  4.14  3.72  3.78  2.65  1.98  1.17  0.89     2.63  1.29  3.42  3.88  1.93
105   50     1.11  1.78  2.65  3.26  3.76  3.85  3.46  3.53  2.46  1.84  1.08  0.84     2.47  1.24  3.22  3.62  1.79
105   60     1.07  1.73  2.55  3.02  3.47  3.54  3.18  3.27  2.27  1.69  1.01  0.80     2.30  1.20  3.01  3.33  1.66
105   70     1.04  1.68  2.46  2.78  3.16  3.21  2.89  2.99  2.07  1.55  0.92  0.76     2.13  1.16  2.80  3.03  1.51
105   80     1.00  1.64  2.38  2.53  2.86  2.90  2.59  2.69  1.87  1.41  0.84  0.71     1.95  1.12  2.59  2.73  1.37
105   90     0.98  1.60  2.29  2.31  2.55  2.58  2.31  2.42  1.67  1.26  0.76  0.67     1.78  1.08  2.38  2.44  1.23
120   10     1.26  2.00  2.99  3.99  4.58  4.72  4.25  4.29  3.04  2.29  1.35  1.00     2.98  1.42  3.86  4.42  2.22
120   20     1.19  1.89  2.85  3.79  4.42  4.57  4.10  4.12  2.88  2.12  1.24  0.93     2.84  1.34  3.69  4.26  2.08
120   30     1.13  1.79  2.70  3.56  4.18  4.34  3.90  3.89  2.69  1.95  1.14  0.88     2.68  1.26  3.48  4.04  1.92
120   40     1.08  1.71  2.56  3.30  3.90  4.05  3.64  3.61  2.48  1.78  1.05  0.82     2.50  1.20  3.25  3.77  1.77
120   50     1.04  1.64  2.43  3.03  3.60  3.73  3.35  3.33  2.27  1.62  0.97  0.78     2.32  1.15  3.02  3.47  1.62
120   60     1.01  1.60  2.34  2.78  3.28  3.40  3.06  3.04  2.07  1.48  0.89  0.74     2.14  1.11  2.80  3.17  1.48
120   70     0.98  1.56  2.26  2.54  2.98  3.07  2.76  2.76  1.87  1.35  0.81  0.70     1.97  1.08  2.59  2.86  1.34
120   80     0.96  1.53  2.19  2.32  2.67  2.75  2.47  2.49  1.69  1.22  0.75  0.67     1.81  1.05  2.40  2.57  1.22
120   90     0.95  1.51  2.15  2.11  2.39  2.45  2.19  2.23  1.52  1.10  0.68  0.63     1.66  1.03  2.21  2.29  1.10
135   10     1.24  1.96  2.95  3.95  4.56  4.71  4.23  4.26  3.00  2.23  1.31  0.98     2.95  1.39  3.82  4.40  2.18
135   20     1.15  1.82  2.76  3.71  4.37  4.54  4.08  4.05  2.79  2.02  1.18  0.90     2.78  1.29  3.61  4.22  2.00
135   30     1.08  1.70  2.56  3.42  4.10  4.29  3.84  3.76  2.56  1.79  1.05  0.82     2.58  1.20  3.36  3.97  1.80
135   40     1.03  1.60  2.38  3.10  3.77  3.97  3.55  3.44  2.31  1.59  0.95  0.77     2.37  1.13  3.08  3.65  1.62
135   50     1.00  1.53  2.24  2.79  3.40  3.60  3.23  3.10  2.08  1.42  0.87  0.74     2.17  1.09  2.81  3.31  1.46
135   60     0.98  1.49  2.14  2.52  3.06  3.23  2.90  2.77  1.86  1.29  0.81  0.70     1.98  1.06  2.57  2.97  1.32
135   70     0.96  1.47  2.08  2.29  2.74  2.88  2.59  2.49  1.68  1.17  0.74  0.68     1.81  1.04  2.37  2.65  1.20
135   80     0.95  1.46  2.03  2.08  2.45  2.57  2.31  2.23  1.52  1.06  0.69  0.65     1.67  1.02  2.19  2.37  1.09
135   90     0.94  1.46  2.01  1.90  2.19  2.28  2.06  2.01  1.36  0.97  0.63  0.62     1.54  1.00  2.04  2.12  0.99
150   10     1.22  1.94  2.91  3.92  4.54  4.71  4.22  4.24  2.97  2.19  1.29  0.96     2.92  1.37  3.79  4.39  2.15
150   20     1.12  1.77  2.69  3.64  4.33  4.53  4.05  3.99  2.73  1.93  1.13  0.87     2.73  1.25  3.55  4.19  1.93
150   30     1.04  1.62  2.44  3.30  4.03  4.26  3.81  3.67  2.45  1.66  0.98  0.79     2.50  1.15  3.26  3.91  1.70
150   40     1.00  1.50  2.22  2.93  3.66  3.91  3.49  3.28  2.16  1.42  0.87  0.74     2.27  1.08  2.94  3.56  1.48
150   50     0.98  1.44  2.06  2.56  3.23  3.49  3.12  2.87  1.89  1.25  0.81  0.72     2.04  1.05  2.62  3.16  1.31
150   60     0.98  1.43  1.97  2.25  2.81  3.04  2.73  2.50  1.67  1.13  0.76  0.70     1.83  1.03  2.34  2.76  1.19
150   70     0.97  1.43  1.93  2.02  2.46  2.65  2.40  2.21  1.50  1.05  0.72  0.67     1.67  1.02  2.14  2.42  1.09
150   80     0.96  1.43  1.91  1.85  2.19  2.34  2.12  1.98  1.37  0.97  0.67  0.65     1.53  1.01  1.98  2.15  1.00
150   90     0.95  1.44  1.91  1.71  1.96  2.08  1.89  1.78  1.24  0.89  0.62  0.62     1.42  1.00  1.86  1.92  0.92
165   10     1.21  1.92  2.89  3.90  4.53  4.70  4.22  4.22  2.95  2.17  1.27  0.95     2.91  1.36  3.77  4.38  2.13
165   20     1.10  1.74  2.64  3.60  4.30  4.52  4.04  3.95  2.69  1.88  1.09  0.85     2.70  1.23  3.51  4.17  1.89
165   30     1.01  1.56  2.37  3.24  3.99  4.25  3.79  3.61  2.38  1.57  0.92  0.76     2.45  1.11  3.20  3.88  1.62
165   40     0.99  1.42  2.09  2.83  3.60  3.90  3.47  3.19  2.05  1.28  0.84  0.74     2.20  1.05  2.84  3.52  1.39
165   50     0.98  1.41  1.89  2.38  3.15  3.48  3.09  2.73  1.72  1.12  0.80  0.72     1.96  1.04  2.47  3.10  1.21
165   60     0.98  1.42  1.83  1.99  2.65  3.00  2.66  2.23  1.50  1.05  0.76  0.70     1.73  1.03  2.16  2.63  1.10
165   70     0.97  1.42  1.83  1.78  2.18  2.48  2.21  1.91  1.36  0.99  0.71  0.67     1.54  1.02  1.93  2.20  1.02
165   80     0.96  1.43  1.85  1.66  1.93  2.14  1.94  1.72  1.26  0.93  0.67  0.65     1.43  1.01  1.81  1.93  0.95
165   90     0.95  1.43  1.86  1.56  1.74  1.91  1.73  1.58  1.16  0.86  0.62  0.62     1.34  1.00  1.72  1.74  0.88
180   10     1.21  1.91  2.88  3.89  4.52  4.70  4.21  4.21  2.94  2.16  1.27  0.95     2.91  1.36  3.77  4.38  2.12
180   20     1.10  1.73  2.62  3.59  4.29  4.53  4.04  3.94  2.68  1.85  1.08  0.84     2.69  1.22  3.50  4.17  1.87
180   30     1.00  1.53  2.34  3.23  3.97  4.26  3.78  3.58  2.36  1.53  0.89  0.76     2.44  1.10  3.18  3.87  1.60
180   40     0.99  1.41  2.04  2.81  3.58  3.91  3.46  3.16  2.01  1.20  0.84  0.74     2.18  1.05  2.81  3.51  1.35
180   50     0.98  1.41  1.78  2.35  3.12  3.48  3.07  2.69  1.64  1.10  0.80  0.72     1.93  1.04  2.42  3.08  1.18
180   60     0.98  1.42  1.80  1.86  2.61  3.00  2.64  2.17  1.39  1.05  0.76  0.70     1.70  1.03  2.09  2.61  1.07
180   70     0.97  1.42  1.82  1.66  2.06  2.48  2.18  1.75  1.31  0.99  0.71  0.67     1.50  1.02  1.85  2.14  1.00
180   80     0.96  1.43  1.84  1.58  1.80  2.06  1.85  1.60  1.22  0.93  0.67  0.65     1.38  1.01  1.74  1.84  0.94
180   90     0.95  1.43  1.86  1.50  1.64  1.84  1.67  1.48  1.13  0.86  0.62  0.62     1.30  1.00  1.67  1.66  0.87
             56.8  55.4  44.1  22.2  10.2   3.6   6.4  15.8  27.2  41.7  48.4  51.6     24.0  54.7  22.1   8.7  37.3
             1.61  2.59  3.61  4.33  4.70  4.79  4.33  4.51  3.40  2.95  1.86  1.31     3.33  1.84  4.15  4.53  2.72
             1.51  2.42  3.50  4.33  4.61  4.62  4.20  4.48  3.40  2.85  1.75  1.24     3.24  1.72  4.15  4.43  2.67
             1.07  1.07  1.03  1.00  1.02  1.04  1.03  1.01  1.00  1.04  1.06  1.06     1.03  1.06  1.02  1.02  1.03
             1.15  1.15  1.12  1.05  0.99  0.96  0.97  1.02  1.08  1.17  1.21  1.17     1.09  1.16  1.05  0.98  1.15
temperature  -1.3  -1.0   1.4   7.1  13.4  18.0  21.6  23.1  18.5  11.7   5.7   1.1      9.9  -0.4   7.3  20.9  12.0
diffusedrad  1.06  1.56  2.02  2.26  2.49  2.67  2.58  2.32  1.90  1.45  1.00  0.83     1.85  1.15  2.26  2.52  1.45
snow10cm     0.96  1.00  0.86  0.14  0.00  0.00  0.00  0.00  0.00  0.00  0.05  0.45     0.29  0.80  0.33  0.00  0.02
