2 35176   向町            38 45.5  140   31  212
             1.45  2.24  3.16  4.17  4.66  4.63  4.19  4.21  3.09  2.53  1.59  1.18     3.09  1.62  4.00  4.34  2.40
             1.71  2.69  3.68  5.05  5.72  5.41  5.14  5.24  3.60  2.85  1.89  1.38     3.38  1.87  4.45  5.11  2.67
             1.23  1.88  2.72  3.65  3.90  3.58  3.18  3.13  2.42  1.95  1.10  0.94     2.91  1.51  3.67  3.75  2.11
  0   10     1.58  2.40  3.36  4.31  4.69  4.62  4.19  4.28  3.23  2.76  1.78  1.30     3.21  1.76  4.12  4.36  2.59
  0   20     1.70  2.56  3.51  4.38  4.64  4.53  4.12  4.29  3.30  2.95  1.94  1.40     3.28  1.89  4.17  4.31  2.73
  0   30     1.79  2.68  3.61  4.35  4.49  4.35  3.98  4.20  3.31  3.06  2.06  1.49     3.28  1.99  4.15  4.18  2.81
  0   40     1.86  2.77  3.66  4.24  4.26  4.09  3.77  4.04  3.26  3.12  2.13  1.55     3.23  2.06  4.05  3.96  2.84
  0   50     1.91  2.81  3.65  4.04  3.96  3.77  3.49  3.79  3.14  3.10  2.16  1.58     3.12  2.10  3.88  3.68  2.80
  0   60     1.93  2.82  3.59  3.77  3.58  3.38  3.15  3.47  2.96  3.02  2.15  1.58     2.95  2.11  3.65  3.34  2.71
  0   70     1.91  2.79  3.48  3.43  3.13  2.94  2.77  3.10  2.72  2.87  2.08  1.56     2.73  2.09  3.35  2.94  2.56
  0   80     1.87  2.71  3.31  3.03  2.65  2.48  2.36  2.67  2.44  2.65  1.98  1.50     2.47  2.03  3.00  2.50  2.36
  0   90     1.81  2.60  3.10  2.59  2.15  2.01  1.94  2.20  2.11  2.39  1.83  1.42     2.18  1.95  2.61  2.05  2.11
 15   10     1.58  2.39  3.35  4.31  4.69  4.62  4.19  4.28  3.22  2.75  1.77  1.29     3.20  1.75  4.12  4.36  2.58
 15   20     1.69  2.54  3.50  4.37  4.63  4.52  4.12  4.28  3.29  2.93  1.92  1.40     3.27  1.88  4.17  4.31  2.71
 15   30     1.78  2.66  3.60  4.34  4.50  4.35  3.98  4.20  3.30  3.04  2.03  1.48     3.27  1.97  4.14  4.18  2.79
 15   40     1.85  2.74  3.64  4.23  4.27  4.10  3.77  4.03  3.24  3.09  2.10  1.53     3.21  2.04  4.05  3.97  2.81
 15   50     1.89  2.79  3.63  4.04  3.96  3.78  3.49  3.79  3.12  3.06  2.13  1.56     3.10  2.08  3.88  3.69  2.77
 15   60     1.90  2.79  3.56  3.77  3.59  3.40  3.17  3.48  2.94  2.97  2.10  1.56     2.94  2.08  3.64  3.35  2.67
 15   70     1.89  2.75  3.44  3.44  3.16  2.97  2.79  3.11  2.71  2.82  2.04  1.53     2.72  2.06  3.35  2.96  2.52
 15   80     1.85  2.68  3.28  3.04  2.70  2.52  2.40  2.69  2.42  2.61  1.93  1.48     2.47  2.00  3.01  2.54  2.32
 15   90     1.78  2.57  3.07  2.62  2.21  2.07  1.99  2.25  2.11  2.34  1.78  1.40     2.18  1.91  2.63  2.10  2.08
 30   10     1.56  2.37  3.33  4.29  4.68  4.62  4.18  4.26  3.21  2.73  1.75  1.28     3.19  1.74  4.10  4.36  2.56
 30   20     1.66  2.50  3.46  4.34  4.63  4.53  4.12  4.26  3.26  2.88  1.88  1.37     3.24  1.85  4.14  4.30  2.67
 30   30     1.74  2.61  3.54  4.30  4.50  4.36  3.98  4.17  3.26  2.97  1.97  1.44     3.23  1.93  4.11  4.17  2.73
 30   40     1.79  2.67  3.57  4.19  4.28  4.12  3.77  4.01  3.20  3.00  2.02  1.48     3.17  1.98  4.01  3.97  2.74
 30   50     1.82  2.70  3.55  4.00  4.00  3.81  3.51  3.77  3.07  2.96  2.03  1.50     3.06  2.01  3.85  3.70  2.69
 30   60     1.83  2.69  3.47  3.74  3.64  3.46  3.20  3.48  2.89  2.86  1.99  1.49     2.90  2.00  3.62  3.38  2.58
 30   70     1.81  2.65  3.36  3.43  3.24  3.05  2.84  3.13  2.66  2.70  1.92  1.46     2.69  1.97  3.34  3.01  2.43
 30   80     1.76  2.57  3.19  3.05  2.81  2.64  2.48  2.74  2.39  2.48  1.81  1.40     2.44  1.91  3.02  2.62  2.23
 30   90     1.70  2.46  2.99  2.67  2.37  2.22  2.10  2.33  2.08  2.22  1.66  1.32     2.17  1.83  2.67  2.21  1.99
 45   10     1.54  2.34  3.30  4.26  4.67  4.61  4.18  4.24  3.18  2.69  1.71  1.26     3.17  1.71  4.08  4.34  2.53
 45   20     1.62  2.44  3.40  4.28  4.62  4.53  4.11  4.22  3.21  2.80  1.81  1.33     3.20  1.80  4.10  4.29  2.61
 45   30     1.67  2.52  3.45  4.24  4.49  4.36  3.97  4.13  3.20  2.86  1.87  1.38     3.18  1.85  4.06  4.15  2.64
 45   40     1.71  2.56  3.46  4.11  4.29  4.13  3.77  3.96  3.12  2.86  1.90  1.40     3.11  1.89  3.95  3.95  2.63
 45   50     1.72  2.57  3.42  3.93  4.02  3.85  3.52  3.73  2.99  2.80  1.89  1.41     2.99  1.90  3.79  3.70  2.56
 45   60     1.72  2.55  3.35  3.68  3.69  3.51  3.22  3.44  2.81  2.69  1.84  1.39     2.82  1.88  3.57  3.39  2.45
 45   70     1.69  2.49  3.23  3.38  3.32  3.15  2.90  3.12  2.58  2.53  1.76  1.35     2.62  1.84  3.31  3.06  2.29
 45   80     1.64  2.42  3.08  3.04  2.92  2.76  2.55  2.76  2.33  2.31  1.64  1.28     2.39  1.78  3.01  2.69  2.09
 45   90     1.57  2.31  2.89  2.69  2.52  2.36  2.20  2.39  2.04  2.08  1.49  1.20     2.15  1.69  2.70  2.32  1.87
 60   10     1.51  2.30  3.25  4.22  4.66  4.61  4.17  4.22  3.15  2.63  1.67  1.23     3.13  1.68  4.04  4.33  2.48
 60   20     1.56  2.37  3.31  4.21  4.60  4.51  4.09  4.17  3.15  2.70  1.73  1.27     3.14  1.73  4.04  4.26  2.53
 60   30     1.59  2.41  3.33  4.14  4.46  4.36  3.95  4.06  3.11  2.71  1.76  1.30     3.10  1.76  3.98  4.12  2.53
 60   40     1.60  2.42  3.32  4.01  4.26  4.13  3.76  3.89  3.02  2.69  1.76  1.30     3.01  1.77  3.86  3.93  2.49
 60   50     1.60  2.41  3.26  3.82  4.01  3.86  3.52  3.66  2.87  2.61  1.72  1.29     2.89  1.76  3.70  3.68  2.40
 60   60     1.58  2.38  3.19  3.59  3.71  3.55  3.24  3.40  2.69  2.48  1.66  1.26     2.73  1.74  3.49  3.40  2.28
 60   70     1.54  2.32  3.06  3.30  3.36  3.20  2.93  3.08  2.48  2.33  1.57  1.21     2.53  1.69  3.24  3.07  2.12
 60   80     1.49  2.24  2.94  3.00  3.00  2.84  2.60  2.76  2.24  2.12  1.45  1.15     2.32  1.63  2.98  2.73  1.94
 60   90     1.43  2.15  2.77  2.67  2.63  2.48  2.28  2.41  1.98  1.91  1.31  1.06     2.09  1.55  2.69  2.39  1.73
 75   10     1.48  2.25  3.20  4.18  4.64  4.60  4.16  4.18  3.11  2.57  1.62  1.20     3.10  1.64  4.00  4.31  2.43
 75   20     1.49  2.28  3.21  4.13  4.56  4.50  4.07  4.11  3.08  2.58  1.64  1.21     3.07  1.66  3.97  4.23  2.43
 75   30     1.49  2.27  3.20  4.02  4.42  4.34  3.92  3.98  3.00  2.56  1.63  1.21     3.00  1.66  3.88  4.08  2.40
 75   40     1.49  2.26  3.15  3.88  4.22  4.12  3.73  3.80  2.89  2.49  1.59  1.19     2.90  1.65  3.75  3.88  2.32
 75   50     1.46  2.23  3.09  3.68  3.96  3.85  3.49  3.57  2.74  2.39  1.54  1.16     2.76  1.62  3.58  3.63  2.22
 75   60     1.43  2.19  2.99  3.44  3.67  3.55  3.22  3.30  2.55  2.25  1.46  1.12     2.60  1.58  3.37  3.36  2.09
 75   70     1.39  2.13  2.89  3.19  3.36  3.23  2.93  3.02  2.35  2.10  1.37  1.07     2.42  1.53  3.14  3.06  1.94
 75   80     1.34  2.06  2.76  2.89  3.01  2.88  2.62  2.70  2.12  1.91  1.26  1.01     2.21  1.47  2.89  2.73  1.76
 75   90     1.29  1.99  2.64  2.60  2.67  2.54  2.31  2.38  1.89  1.71  1.13  0.94     2.01  1.41  2.64  2.41  1.58
 90   10     1.44  2.20  3.15  4.13  4.61  4.59  4.14  4.15  3.06  2.50  1.57  1.16     3.06  1.60  3.96  4.29  2.38
 90   20     1.42  2.18  3.10  4.04  4.51  4.47  4.04  4.04  2.99  2.45  1.54  1.14     2.99  1.58  3.88  4.19  2.33
 90   30     1.40  2.14  3.04  3.89  4.35  4.30  3.88  3.88  2.89  2.38  1.49  1.12     2.90  1.55  3.76  4.02  2.25
 90   40     1.37  2.10  2.97  3.71  4.14  4.07  3.68  3.67  2.74  2.28  1.43  1.08     2.77  1.51  3.61  3.81  2.15
 90   50     1.33  2.05  2.88  3.50  3.88  3.81  3.44  3.44  2.58  2.15  1.35  1.04     2.62  1.48  3.42  3.56  2.03
 90   60     1.29  2.00  2.79  3.27  3.59  3.50  3.17  3.17  2.40  2.01  1.27  0.99     2.46  1.43  3.21  3.28  1.89
 90   70     1.26  1.95  2.69  3.01  3.29  3.20  2.88  2.89  2.19  1.85  1.17  0.94     2.28  1.38  2.99  2.99  1.74
 90   80     1.21  1.89  2.58  2.75  2.97  2.87  2.59  2.60  1.99  1.69  1.08  0.89     2.09  1.33  2.77  2.69  1.59
 90   90     1.18  1.83  2.48  2.48  2.63  2.54  2.29  2.31  1.76  1.51  0.97  0.82     1.90  1.28  2.53  2.38  1.42
105   10     1.41  2.15  3.09  4.08  4.59  4.58  4.13  4.11  3.02  2.44  1.51  1.13     3.02  1.56  3.92  4.27  2.32
105   20     1.35  2.08  2.99  3.93  4.46  4.45  4.01  3.97  2.90  2.32  1.44  1.08     2.92  1.50  3.79  4.14  2.22
105   30     1.30  2.01  2.88  3.74  4.27  4.25  3.83  3.77  2.76  2.19  1.35  1.02     2.78  1.44  3.63  3.95  2.10
105   40     1.25  1.94  2.77  3.52  4.03  4.01  3.61  3.53  2.59  2.05  1.27  0.98     2.63  1.39  3.44  3.72  1.97
105   50     1.21  1.88  2.67  3.29  3.75  3.73  3.36  3.28  2.41  1.91  1.18  0.93     2.47  1.34  3.24  3.45  1.83
105   60     1.17  1.82  2.57  3.05  3.46  3.42  3.09  3.01  2.22  1.76  1.09  0.88     2.29  1.29  3.03  3.17  1.69
105   70     1.14  1.77  2.47  2.81  3.15  3.11  2.80  2.73  2.03  1.62  1.00  0.83     2.12  1.25  2.81  2.88  1.55
105   80     1.11  1.73  2.39  2.55  2.85  2.80  2.51  2.44  1.82  1.47  0.92  0.79     1.95  1.21  2.60  2.59  1.40
105   90     1.08  1.69  2.30  2.32  2.55  2.49  2.24  2.18  1.63  1.32  0.83  0.73     1.78  1.17  2.39  2.30  1.26
120   10     1.37  2.11  3.03  4.03  4.57  4.57  4.12  4.08  2.98  2.37  1.47  1.10     2.98  1.52  3.88  4.25  2.27
120   20     1.29  1.99  2.88  3.83  4.41  4.42  3.98  3.89  2.82  2.20  1.34  1.02     2.84  1.43  3.71  4.10  2.12
120   30     1.22  1.88  2.73  3.59  4.17  4.20  3.78  3.66  2.63  2.01  1.22  0.95     2.67  1.35  3.50  3.88  1.96
120   40     1.16  1.78  2.58  3.32  3.89  3.92  3.53  3.38  2.43  1.83  1.11  0.89     2.49  1.27  3.27  3.61  1.79
120   50     1.11  1.71  2.45  3.06  3.59  3.62  3.26  3.09  2.23  1.67  1.02  0.83     2.30  1.22  3.03  3.32  1.64
120   60     1.08  1.67  2.35  2.80  3.28  3.30  2.97  2.81  2.03  1.52  0.94  0.79     2.13  1.18  2.81  3.02  1.50
120   70     1.06  1.63  2.27  2.56  2.97  2.98  2.68  2.53  1.84  1.39  0.86  0.75     1.96  1.15  2.60  2.73  1.36
120   80     1.04  1.60  2.20  2.33  2.67  2.67  2.40  2.27  1.66  1.25  0.79  0.72     1.80  1.12  2.40  2.44  1.24
120   90     1.02  1.58  2.14  2.12  2.39  2.38  2.13  2.01  1.49  1.14  0.72  0.68     1.65  1.10  2.21  2.17  1.12
135   10     1.34  2.06  2.99  3.99  4.55  4.56  4.11  4.05  2.94  2.32  1.42  1.07     2.95  1.49  3.84  4.24  2.23
135   20     1.23  1.91  2.79  3.74  4.35  4.40  3.95  3.83  2.74  2.08  1.26  0.96     2.77  1.37  3.63  4.06  2.03
135   30     1.14  1.76  2.58  3.45  4.09  4.16  3.73  3.55  2.52  1.84  1.11  0.87     2.57  1.26  3.37  3.81  1.82
135   40     1.08  1.65  2.40  3.13  3.76  3.85  3.46  3.23  2.27  1.63  0.99  0.81     2.35  1.18  3.09  3.51  1.63
135   50     1.04  1.58  2.25  2.81  3.40  3.50  3.14  2.90  2.04  1.45  0.90  0.77     2.15  1.13  2.82  3.18  1.47
135   60     1.02  1.54  2.14  2.53  3.05  3.14  2.83  2.58  1.84  1.31  0.83  0.74     1.96  1.10  2.58  2.85  1.33
135   70     1.01  1.52  2.07  2.29  2.73  2.81  2.53  2.30  1.66  1.19  0.76  0.71     1.80  1.08  2.37  2.54  1.21
135   80     1.00  1.51  2.02  2.08  2.45  2.50  2.25  2.05  1.50  1.09  0.71  0.68     1.65  1.07  2.19  2.27  1.10
135   90     1.00  1.51  2.00  1.90  2.19  2.22  2.00  1.83  1.34  0.99  0.65  0.65     1.53  1.05  2.03  2.02  1.00
150   10     1.32  2.03  2.95  3.96  4.53  4.55  4.10  4.03  2.91  2.27  1.39  1.05     2.92  1.47  3.81  4.22  2.19
150   20     1.19  1.84  2.71  3.67  4.32  4.38  3.94  3.79  2.68  1.99  1.19  0.92     2.72  1.32  3.57  4.03  1.95
150   30     1.08  1.66  2.46  3.33  4.02  4.13  3.70  3.47  2.42  1.70  1.01  0.82     2.48  1.19  3.27  3.77  1.71
150   40     1.02  1.53  2.23  2.95  3.65  3.80  3.40  3.10  2.13  1.44  0.88  0.77     2.24  1.11  2.94  3.43  1.49
150   50     1.01  1.47  2.05  2.57  3.23  3.40  3.05  2.71  1.87  1.26  0.81  0.75     2.01  1.08  2.62  3.05  1.31
150   60     1.01  1.45  1.96  2.26  2.81  2.97  2.68  2.35  1.66  1.14  0.77  0.72     1.81  1.06  2.34  2.67  1.19
150   70     1.01  1.46  1.91  2.02  2.46  2.60  2.35  2.06  1.49  1.05  0.72  0.70     1.65  1.05  2.13  2.34  1.09
150   80     1.00  1.47  1.90  1.85  2.18  2.29  2.08  1.84  1.36  0.97  0.68  0.68     1.52  1.05  1.98  2.07  1.00
150   90     1.00  1.48  1.90  1.71  1.96  2.04  1.85  1.65  1.23  0.90  0.63  0.65     1.42  1.04  1.85  1.85  0.92
165   10     1.31  2.02  2.93  3.94  4.51  4.55  4.09  4.02  2.89  2.24  1.37  1.03     2.91  1.45  3.79  4.22  2.17
165   20     1.16  1.80  2.66  3.63  4.29  4.38  3.92  3.76  2.64  1.93  1.14  0.89     2.69  1.28  3.53  4.02  1.90
165   30     1.03  1.59  2.38  3.27  3.98  4.12  3.68  3.43  2.35  1.59  0.93  0.78     2.43  1.13  3.21  3.75  1.63
165   40     1.01  1.44  2.09  2.84  3.60  3.79  3.38  3.04  2.03  1.28  0.84  0.76     2.17  1.07  2.84  3.40  1.38
165   50     1.01  1.42  1.88  2.38  3.15  3.39  3.02  2.60  1.71  1.11  0.80  0.75     1.94  1.06  2.47  3.00  1.21
165   60     1.01  1.43  1.82  1.99  2.65  2.93  2.61  2.13  1.49  1.04  0.77  0.72     1.72  1.06  2.15  2.56  1.10
165   70     1.01  1.45  1.81  1.78  2.18  2.44  2.18  1.82  1.36  0.99  0.72  0.70     1.54  1.05  1.92  2.15  1.02
165   80     1.00  1.46  1.83  1.65  1.93  2.10  1.91  1.64  1.26  0.93  0.68  0.68     1.42  1.05  1.80  1.88  0.95
165   90     1.00  1.48  1.84  1.55  1.74  1.88  1.71  1.49  1.16  0.86  0.63  0.65     1.33  1.04  1.71  1.69  0.88
180   10     1.30  2.01  2.92  3.93  4.51  4.55  4.09  4.01  2.89  2.23  1.36  1.03     2.90  1.45  3.79  4.22  2.16
180   20     1.15  1.78  2.64  3.63  4.28  4.38  3.92  3.76  2.63  1.90  1.12  0.88     2.67  1.27  3.52  4.02  1.89
180   30     1.02  1.56  2.35  3.25  3.96  4.12  3.67  3.42  2.33  1.55  0.90  0.78     2.41  1.12  3.19  3.74  1.59
180   40     1.01  1.41  2.03  2.82  3.57  3.79  3.37  3.03  2.00  1.19  0.84  0.76     2.15  1.06  2.81  3.40  1.34
180   50     1.01  1.42  1.76  2.35  3.11  3.39  3.00  2.59  1.63  1.09  0.80  0.75     1.91  1.06  2.41  2.99  1.18
180   60     1.01  1.43  1.78  1.86  2.61  2.93  2.59  2.11  1.39  1.04  0.77  0.72     1.69  1.06  2.08  2.54  1.07
180   70     1.01  1.45  1.79  1.65  2.07  2.44  2.15  1.71  1.31  0.98  0.72  0.70     1.50  1.05  1.84  2.10  1.00
180   80     1.00  1.46  1.81  1.56  1.80  2.03  1.83  1.55  1.22  0.92  0.68  0.68     1.38  1.05  1.72  1.80  0.94
180   90     1.00  1.48  1.83  1.49  1.64  1.81  1.65  1.43  1.13  0.86  0.63  0.65     1.30  1.04  1.65  1.63  0.87
             60.9  56.8  43.7  22.1  10.1   3.7   6.4  15.4  26.6  42.6  51.5  56.1     26.0  57.8  22.1   8.8  39.0
             1.92  2.82  3.67  4.38  4.69  4.64  4.20  4.30  3.32  3.12  2.16  1.58     3.40  2.11  4.18  4.36  2.84
             1.76  2.63  3.58  4.37  4.56  4.43  4.05  4.25  3.32  3.02  2.01  1.46     3.29  1.95  4.17  4.24  2.79
             1.09  1.07  1.03  1.00  1.03  1.05  1.04  1.01  1.00  1.03  1.07  1.08     1.04  1.08  1.02  1.03  1.04
             1.21  1.17  1.13  1.05  0.98  0.96  0.97  1.01  1.07  1.19  1.26  1.24     1.10  1.21  1.05  0.98  1.18
temperature  -1.6  -1.2   1.5   7.7  13.5  17.8  21.5  23.1  18.7  12.1   6.0   1.1     10.0  -0.6   7.6  20.8  12.3
diffusedrad  1.10  1.58  2.02  2.25  2.49  2.67  2.58  2.33  1.89  1.45  1.02  0.87     1.86  1.19  2.25  2.52  1.46
snow10cm     0.95  1.00  0.82  0.13  0.00  0.00  0.00  0.00  0.00  0.00  0.05  0.45     0.28  0.80  0.32  0.00  0.02
