2 35511   高畠            38  0.2  140 12.4  220
             1.61  2.48  3.40  4.34  4.81  4.75  4.56  4.62  3.32  2.59  1.70  1.29     3.29  1.79  4.18  4.64  2.54
             1.82  2.91  3.86  5.29  5.45  5.87  5.75  5.41  3.97  2.94  2.03  1.58     3.51  1.98  4.74  5.18  2.86
             1.19  1.71  2.60  3.13  4.19  3.95  3.63  3.47  2.03  2.20  1.18  0.95     2.99  1.44  3.49  4.02  1.86
  0   10     1.79  2.70  3.64  4.49  4.84  4.74  4.55  4.70  3.48  2.83  1.90  1.44     3.42  1.98  4.32  4.66  2.74
  0   20     1.94  2.91  3.83  4.55  4.78  4.64  4.47  4.70  3.57  3.01  2.08  1.58     3.50  2.14  4.38  4.60  2.89
  0   30     2.07  3.08  3.94  4.51  4.62  4.44  4.31  4.61  3.59  3.13  2.22  1.69     3.52  2.28  4.36  4.45  2.98
  0   40     2.17  3.19  3.98  4.38  4.38  4.17  4.06  4.42  3.53  3.18  2.30  1.76     3.46  2.37  4.24  4.22  3.00
  0   50     2.23  3.26  3.94  4.16  4.05  3.83  3.74  4.14  3.40  3.16  2.34  1.80     3.34  2.43  4.05  3.90  2.97
  0   60     2.25  3.27  3.83  3.85  3.65  3.42  3.36  3.77  3.20  3.07  2.32  1.81     3.15  2.44  3.78  3.52  2.87
  0   70     2.24  3.22  3.65  3.47  3.18  2.96  2.93  3.34  2.94  2.92  2.25  1.78     2.91  2.41  3.43  3.08  2.70
  0   80     2.19  3.13  3.41  3.02  2.68  2.48  2.47  2.85  2.62  2.70  2.14  1.71     2.62  2.34  3.04  2.60  2.48
  0   90     2.10  2.98  3.11  2.52  2.15  1.99  2.00  2.33  2.26  2.42  1.97  1.61     2.29  2.23  2.59  2.11  2.22
 15   10     1.78  2.69  3.64  4.48  4.84  4.74  4.55  4.69  3.47  2.82  1.89  1.44     3.42  1.97  4.32  4.66  2.73
 15   20     1.93  2.90  3.81  4.54  4.77  4.63  4.47  4.70  3.56  3.00  2.06  1.57     3.50  2.13  4.37  4.60  2.87
 15   30     2.05  3.05  3.92  4.50  4.63  4.45  4.31  4.61  3.57  3.11  2.19  1.67     3.50  2.26  4.35  4.45  2.96
 15   40     2.14  3.16  3.95  4.37  4.38  4.18  4.06  4.42  3.52  3.15  2.27  1.74     3.44  2.35  4.23  4.22  2.98
 15   50     2.20  3.22  3.91  4.15  4.06  3.84  3.75  4.14  3.38  3.13  2.29  1.77     3.32  2.40  4.04  3.91  2.93
 15   60     2.22  3.23  3.80  3.85  3.67  3.45  3.38  3.79  3.18  3.03  2.27  1.78     3.14  2.41  3.77  3.54  2.83
 15   70     2.20  3.18  3.62  3.48  3.22  3.00  2.96  3.36  2.93  2.87  2.20  1.74     2.90  2.38  3.44  3.11  2.67
 15   80     2.15  3.08  3.38  3.04  2.73  2.53  2.51  2.90  2.62  2.65  2.08  1.68     2.61  2.30  3.05  2.65  2.45
 15   90     2.06  2.93  3.08  2.57  2.23  2.06  2.06  2.39  2.26  2.37  1.92  1.58     2.29  2.19  2.62  2.17  2.18
 30   10     1.76  2.67  3.61  4.46  4.83  4.74  4.55  4.68  3.46  2.79  1.87  1.42     3.40  1.95  4.30  4.66  2.71
 30   20     1.89  2.85  3.76  4.50  4.78  4.64  4.47  4.67  3.53  2.94  2.01  1.53     3.47  2.09  4.35  4.59  2.83
 30   30     2.00  2.98  3.85  4.46  4.63  4.46  4.31  4.57  3.53  3.03  2.12  1.62     3.46  2.20  4.31  4.45  2.89
 30   40     2.08  3.07  3.87  4.33  4.41  4.21  4.08  4.39  3.46  3.06  2.17  1.68     3.40  2.27  4.20  4.23  2.90
 30   50     2.12  3.11  3.82  4.12  4.10  3.88  3.78  4.13  3.33  3.02  2.18  1.70     3.27  2.31  4.01  3.93  2.84
 30   60     2.13  3.10  3.70  3.83  3.73  3.51  3.44  3.79  3.13  2.91  2.15  1.69     3.09  2.31  3.75  3.58  2.73
 30   70     2.10  3.04  3.52  3.48  3.31  3.09  3.04  3.40  2.88  2.75  2.06  1.65     2.86  2.27  3.44  3.17  2.56
 30   80     2.04  2.94  3.29  3.06  2.87  2.66  2.63  2.96  2.58  2.52  1.94  1.58     2.59  2.19  3.07  2.75  2.35
 30   90     1.96  2.80  3.00  2.63  2.40  2.23  2.21  2.50  2.25  2.26  1.77  1.48     2.29  2.08  2.68  2.31  2.09
 45   10     1.73  2.63  3.57  4.43  4.82  4.74  4.54  4.65  3.43  2.75  1.83  1.39     3.38  1.92  4.27  4.64  2.67
 45   20     1.84  2.76  3.69  4.45  4.77  4.64  4.47  4.63  3.47  2.87  1.94  1.48     3.42  2.03  4.30  4.58  2.76
 45   30     1.91  2.86  3.75  4.39  4.63  4.47  4.31  4.53  3.46  2.92  2.01  1.54     3.40  2.11  4.26  4.44  2.80
 45   40     1.97  2.92  3.74  4.25  4.42  4.23  4.09  4.34  3.38  2.92  2.04  1.58     3.32  2.16  4.14  4.22  2.78
 45   50     1.99  2.94  3.68  4.05  4.13  3.93  3.81  4.09  3.24  2.86  2.03  1.58     3.19  2.17  3.95  3.95  2.71
 45   60     1.98  2.92  3.56  3.77  3.79  3.58  3.48  3.77  3.04  2.75  1.98  1.56     3.01  2.15  3.70  3.61  2.59
 45   70     1.95  2.85  3.38  3.44  3.41  3.20  3.12  3.41  2.80  2.58  1.89  1.51     2.79  2.10  3.41  3.25  2.42
 45   80     1.88  2.75  3.17  3.06  2.99  2.80  2.74  3.00  2.52  2.36  1.75  1.43     2.54  2.02  3.07  2.85  2.21
 45   90     1.79  2.61  2.90  2.67  2.58  2.40  2.35  2.59  2.21  2.11  1.59  1.33     2.26  1.91  2.72  2.45  1.97
 60   10     1.69  2.58  3.52  4.39  4.81  4.73  4.53  4.62  3.39  2.70  1.78  1.36     3.34  1.88  4.24  4.63  2.62
 60   20     1.76  2.66  3.59  4.38  4.75  4.63  4.45  4.57  3.40  2.77  1.85  1.41     3.35  1.95  4.24  4.55  2.67
 60   30     1.81  2.72  3.61  4.30  4.61  4.47  4.30  4.46  3.36  2.78  1.88  1.45     3.31  1.99  4.17  4.41  2.67
 60   40     1.83  2.74  3.58  4.15  4.40  4.23  4.09  4.27  3.27  2.75  1.88  1.45     3.22  2.01  4.04  4.20  2.63
 60   50     1.83  2.74  3.49  3.93  4.13  3.95  3.82  4.01  3.12  2.66  1.84  1.44     3.08  2.00  3.85  3.93  2.54
 60   60     1.81  2.70  3.37  3.67  3.82  3.63  3.52  3.72  2.92  2.54  1.77  1.40     2.91  1.97  3.62  3.62  2.41
 60   70     1.76  2.62  3.20  3.36  3.46  3.27  3.17  3.38  2.69  2.37  1.68  1.35     2.69  1.91  3.34  3.27  2.25
 60   80     1.70  2.53  3.00  3.02  3.09  2.90  2.82  3.01  2.43  2.16  1.55  1.27     2.46  1.83  3.04  2.91  2.05
 60   90     1.62  2.42  2.77  2.66  2.70  2.53  2.46  2.63  2.15  1.94  1.40  1.17     2.20  1.73  2.71  2.54  1.83
 75   10     1.65  2.51  3.45  4.34  4.79  4.72  4.52  4.59  3.34  2.63  1.73  1.32     3.30  1.83  4.20  4.61  2.57
 75   20     1.67  2.55  3.46  4.29  4.71  4.62  4.43  4.50  3.32  2.64  1.74  1.34     3.27  1.85  4.15  4.52  2.57
 75   30     1.68  2.55  3.44  4.17  4.56  4.45  4.27  4.36  3.24  2.62  1.74  1.33     3.20  1.86  4.06  4.36  2.53
 75   40     1.68  2.54  3.37  4.01  4.36  4.22  4.06  4.16  3.12  2.54  1.70  1.32     3.09  1.85  3.91  4.15  2.46
 75   50     1.65  2.51  3.28  3.79  4.09  3.95  3.80  3.91  2.97  2.44  1.64  1.28     2.94  1.81  3.72  3.89  2.35
 75   60     1.62  2.46  3.14  3.52  3.79  3.64  3.50  3.62  2.77  2.30  1.56  1.23     2.76  1.77  3.49  3.59  2.21
 75   70     1.57  2.39  2.99  3.24  3.47  3.31  3.19  3.30  2.55  2.14  1.46  1.17     2.56  1.71  3.23  3.27  2.05
 75   80     1.51  2.30  2.81  2.92  3.11  2.95  2.85  2.96  2.30  1.95  1.34  1.10     2.34  1.64  2.94  2.92  1.86
 75   90     1.45  2.21  2.61  2.60  2.75  2.60  2.51  2.61  2.05  1.75  1.20  1.01     2.11  1.56  2.65  2.57  1.67
 90   10     1.60  2.45  3.38  4.29  4.77  4.71  4.51  4.54  3.29  2.57  1.67  1.27     3.25  1.77  4.15  4.59  2.51
 90   20     1.58  2.42  3.33  4.19  4.66  4.60  4.40  4.42  3.22  2.51  1.64  1.25     3.19  1.75  4.06  4.47  2.46
 90   30     1.55  2.38  3.25  4.03  4.50  4.42  4.23  4.24  3.11  2.43  1.58  1.22     3.08  1.72  3.93  4.30  2.38
 90   40     1.52  2.33  3.15  3.83  4.28  4.18  4.01  4.02  2.96  2.33  1.52  1.18     2.94  1.67  3.75  4.07  2.27
 90   50     1.48  2.28  3.03  3.60  4.01  3.91  3.75  3.76  2.79  2.20  1.44  1.13     2.78  1.63  3.55  3.81  2.14
 90   60     1.44  2.21  2.89  3.34  3.71  3.60  3.45  3.47  2.59  2.06  1.35  1.07     2.60  1.57  3.31  3.51  2.00
 90   70     1.40  2.15  2.74  3.05  3.40  3.28  3.14  3.16  2.37  1.89  1.24  1.01     2.40  1.52  3.06  3.19  1.83
 90   80     1.34  2.07  2.58  2.77  3.07  2.95  2.83  2.85  2.15  1.73  1.14  0.94     2.20  1.45  2.81  2.88  1.67
 90   90     1.29  2.01  2.42  2.46  2.73  2.61  2.51  2.52  1.91  1.54  1.02  0.87     1.99  1.39  2.54  2.55  1.49
105   10     1.55  2.38  3.31  4.23  4.74  4.70  4.50  4.50  3.24  2.50  1.61  1.23     3.21  1.72  4.10  4.57  2.45
105   20     1.49  2.29  3.19  4.08  4.61  4.57  4.37  4.34  3.12  2.38  1.52  1.17     3.09  1.65  3.96  4.42  2.34
105   30     1.43  2.20  3.05  3.87  4.41  4.37  4.17  4.11  2.97  2.24  1.43  1.11     2.95  1.58  3.78  4.22  2.21
105   40     1.37  2.12  2.91  3.63  4.17  4.12  3.93  3.85  2.79  2.10  1.34  1.05     2.78  1.51  3.57  3.97  2.08
105   50     1.32  2.04  2.77  3.37  3.88  3.83  3.66  3.57  2.59  1.96  1.24  0.99     2.60  1.45  3.34  3.69  1.93
105   60     1.27  1.98  2.62  3.11  3.58  3.52  3.36  3.28  2.38  1.80  1.15  0.93     2.42  1.39  3.10  3.39  1.78
105   70     1.24  1.92  2.48  2.84  3.26  3.20  3.05  2.97  2.18  1.65  1.05  0.87     2.23  1.34  2.86  3.07  1.63
105   80     1.20  1.87  2.34  2.55  2.95  2.88  2.74  2.66  1.96  1.50  0.96  0.82     2.04  1.29  2.61  2.76  1.47
105   90     1.16  1.82  2.19  2.29  2.64  2.56  2.44  2.38  1.76  1.35  0.86  0.76     1.85  1.25  2.37  2.46  1.32
120   10     1.51  2.32  3.25  4.18  4.72  4.69  4.48  4.46  3.19  2.43  1.56  1.19     3.17  1.67  4.05  4.54  2.39
120   20     1.40  2.17  3.06  3.97  4.56  4.54  4.33  4.25  3.02  2.25  1.42  1.09     3.00  1.55  3.86  4.38  2.23
120   30     1.31  2.03  2.86  3.70  4.32  4.32  4.11  3.98  2.82  2.06  1.28  1.01     2.82  1.45  3.63  4.14  2.06
120   40     1.24  1.91  2.67  3.41  4.03  4.04  3.84  3.67  2.60  1.88  1.17  0.93     2.62  1.36  3.37  3.85  1.88
120   50     1.18  1.83  2.49  3.12  3.71  3.72  3.54  3.35  2.38  1.71  1.07  0.87     2.41  1.29  3.11  3.54  1.72
120   60     1.14  1.76  2.34  2.83  3.39  3.39  3.22  3.04  2.17  1.56  0.98  0.82     2.22  1.24  2.85  3.22  1.57
120   70     1.12  1.72  2.21  2.56  3.07  3.06  2.91  2.73  1.96  1.42  0.89  0.77     2.04  1.20  2.62  2.90  1.42
120   80     1.09  1.69  2.09  2.31  2.76  2.74  2.60  2.45  1.77  1.28  0.81  0.73     1.86  1.17  2.39  2.60  1.29
120   90     1.07  1.66  1.99  2.07  2.47  2.44  2.31  2.17  1.59  1.16  0.74  0.68     1.70  1.14  2.17  2.31  1.16
135   10     1.47  2.26  3.19  4.14  4.70  4.68  4.47  4.43  3.15  2.38  1.51  1.16     3.13  1.63  4.01  4.53  2.35
135   20     1.33  2.06  2.94  3.87  4.50  4.52  4.30  4.18  2.93  2.13  1.32  1.03     2.93  1.47  3.77  4.33  2.13
135   30     1.20  1.87  2.67  3.55  4.23  4.27  4.06  3.86  2.68  1.89  1.16  0.91     2.70  1.33  3.48  4.06  1.91
135   40     1.12  1.73  2.43  3.20  3.89  3.96  3.75  3.49  2.42  1.67  1.02  0.83     2.46  1.23  3.17  3.73  1.70
135   50     1.08  1.64  2.23  2.85  3.51  3.60  3.40  3.12  2.16  1.49  0.92  0.78     2.23  1.17  2.86  3.37  1.52
135   60     1.05  1.58  2.07  2.54  3.15  3.22  3.05  2.76  1.94  1.34  0.85  0.74     2.02  1.13  2.59  3.01  1.38
135   70     1.04  1.56  1.95  2.27  2.82  2.88  2.72  2.45  1.75  1.21  0.78  0.71     1.85  1.10  2.35  2.68  1.25
135   80     1.03  1.55  1.86  2.04  2.52  2.56  2.42  2.18  1.58  1.10  0.72  0.67     1.69  1.09  2.14  2.39  1.13
135   90     1.02  1.55  1.79  1.83  2.25  2.27  2.15  1.95  1.41  1.01  0.66  0.64     1.55  1.07  1.96  2.13  1.03
150   10     1.44  2.22  3.14  4.10  4.68  4.68  4.46  4.40  3.12  2.33  1.47  1.13     3.10  1.60  3.97  4.51  2.31
150   20     1.26  1.97  2.84  3.80  4.47  4.51  4.28  4.12  2.86  2.04  1.25  0.97     2.86  1.40  3.70  4.30  2.05
150   30     1.12  1.74  2.52  3.42  4.16  4.25  4.02  3.77  2.56  1.74  1.05  0.84     2.60  1.23  3.37  4.01  1.78
150   40     1.04  1.56  2.21  3.01  3.77  3.90  3.68  3.34  2.25  1.48  0.90  0.77     2.33  1.13  3.00  3.64  1.54
150   50     1.02  1.48  1.97  2.59  3.33  3.49  3.28  2.89  1.95  1.28  0.82  0.74     2.07  1.08  2.63  3.22  1.35
150   60     1.02  1.46  1.82  2.24  2.89  3.05  2.87  2.48  1.72  1.16  0.78  0.72     1.85  1.06  2.32  2.80  1.22
150   70     1.01  1.47  1.73  1.97  2.53  2.65  2.50  2.16  1.54  1.06  0.73  0.69     1.67  1.06  2.08  2.44  1.11
150   80     1.01  1.48  1.67  1.77  2.24  2.34  2.20  1.91  1.40  0.98  0.68  0.66     1.53  1.05  1.89  2.15  1.02
150   90     1.01  1.50  1.64  1.61  2.00  2.07  1.96  1.72  1.27  0.91  0.63  0.63     1.41  1.05  1.75  1.92  0.94
165   10     1.42  2.19  3.11  4.08  4.67  4.68  4.45  4.39  3.10  2.30  1.45  1.11     3.08  1.57  3.95  4.51  2.28
165   20     1.22  1.91  2.77  3.75  4.44  4.51  4.27  4.10  2.82  1.98  1.20  0.93     2.83  1.36  3.65  4.29  2.00
165   30     1.05  1.64  2.40  3.35  4.12  4.24  4.00  3.72  2.49  1.64  0.96  0.79     2.53  1.16  3.29  3.99  1.69
165   40     1.02  1.43  2.03  2.89  3.72  3.90  3.66  3.27  2.12  1.31  0.84  0.77     2.25  1.07  2.88  3.61  1.43
165   50     1.02  1.40  1.74  2.38  3.25  3.49  3.25  2.76  1.76  1.12  0.81  0.74     1.98  1.05  2.46  3.17  1.23
165   60     1.02  1.42  1.62  1.94  2.73  3.01  2.79  2.21  1.51  1.05  0.77  0.72     1.73  1.05  2.10  2.67  1.11
165   70     1.01  1.44  1.58  1.69  2.23  2.49  2.29  1.86  1.38  1.00  0.73  0.69     1.53  1.05  1.83  2.21  1.03
165   80     1.01  1.47  1.56  1.54  1.96  2.13  1.99  1.66  1.27  0.94  0.68  0.66     1.41  1.05  1.69  1.92  0.96
165   90     1.01  1.49  1.55  1.43  1.76  1.90  1.78  1.51  1.18  0.87  0.63  0.63     1.31  1.04  1.58  1.73  0.89
180   10     1.41  2.19  3.10  4.08  4.66  4.68  4.45  4.39  3.09  2.29  1.44  1.10     3.07  1.56  3.94  4.50  2.27
180   20     1.20  1.89  2.75  3.75  4.42  4.51  4.26  4.09  2.80  1.95  1.17  0.92     2.81  1.34  3.64  4.29  1.98
180   30     1.03  1.60  2.36  3.34  4.10  4.25  3.99  3.71  2.46  1.59  0.92  0.78     2.51  1.14  3.27  3.98  1.66
180   40     1.02  1.39  1.95  2.87  3.69  3.90  3.64  3.26  2.09  1.22  0.84  0.77     2.22  1.06  2.84  3.60  1.38
180   50     1.02  1.40  1.56  2.35  3.21  3.49  3.23  2.75  1.68  1.10  0.81  0.74     1.95  1.05  2.38  3.16  1.20
180   60     1.02  1.42  1.55  1.81  2.69  3.02  2.77  2.20  1.39  1.05  0.77  0.72     1.70  1.05  2.01  2.66  1.07
180   70     1.01  1.44  1.54  1.54  2.12  2.50  2.26  1.72  1.30  0.99  0.73  0.69     1.49  1.05  1.74  2.16  1.01
180   80     1.01  1.47  1.54  1.44  1.81  2.06  1.89  1.55  1.22  0.93  0.68  0.66     1.36  1.05  1.60  1.83  0.94
180   90     1.01  1.49  1.53  1.35  1.65  1.83  1.69  1.43  1.14  0.87  0.63  0.63     1.27  1.04  1.51  1.65  0.88
             61.3  57.0  40.1  21.2   8.6   2.9   5.7  15.4  27.2  42.2  51.8  56.5     26.6  58.1  21.9   8.5  39.0
             2.25  3.27  3.97  4.55  4.84  4.76  4.56  4.71  3.59  3.18  2.34  1.81     3.65  2.44  4.39  4.66  3.01
             2.03  3.03  3.91  4.53  4.69  4.52  4.37  4.65  3.59  3.10  2.18  1.65     3.52  2.24  4.38  4.51  2.96
             1.11  1.08  1.02  1.00  1.03  1.05  1.04  1.01  1.00  1.03  1.07  1.10     1.05  1.09  1.02  1.04  1.03
             1.26  1.22  1.15  1.04  0.98  0.95  0.96  1.01  1.08  1.20  1.28  1.27     1.12  1.25  1.06  0.97  1.19
temperature  -1.2  -0.9   2.2   9.0  14.7  19.0  22.5  24.0  19.3  12.7   6.5   1.7     10.8  -0.1   8.6  21.8  12.8
diffusedrad  1.14  1.60  1.93  2.19  2.47  2.63  2.56  2.29  1.91  1.47  1.05  0.90     1.85  1.22  2.19  2.50  1.48
snow10cm     0.83  0.91  0.47  0.02  0.00  0.00  0.00  0.00  0.00  0.00  0.02  0.32     0.21  0.69  0.16  0.00  0.01
