2 36221   飯舘            37 41.7  140 44.8  446
             2.14  2.88  3.64  4.53  4.87  4.39  4.21  4.23  3.16  2.72  2.16  1.89     3.40  2.31  4.35  4.28  2.68
             2.44  3.29  4.09  5.50  5.95  5.43  6.22  5.32  3.65  3.35  2.64  2.11     3.79  2.48  4.70  5.38  2.96
             1.88  2.26  2.90  3.92  4.09  3.35  3.02  3.36  2.27  2.19  1.78  1.70     3.11  2.14  3.81  3.43  2.37
  0   10     2.57  3.24  3.93  4.70  4.89  4.38  4.20  4.30  3.31  2.99  2.51  2.27     3.61  2.69  4.51  4.29  2.93
  0   20     2.94  3.57  4.15  4.76  4.83  4.29  4.13  4.30  3.38  3.19  2.81  2.62     3.75  3.04  4.58  4.24  3.13
  0   30     3.25  3.81  4.26  4.72  4.67  4.11  3.98  4.21  3.39  3.33  3.05  2.90     3.81  3.32  4.55  4.10  3.26
  0   40     3.48  3.97  4.29  4.58  4.41  3.87  3.75  4.03  3.33  3.39  3.22  3.12     3.79  3.52  4.43  3.88  3.31
  0   50     3.63  4.04  4.22  4.34  4.09  3.56  3.47  3.77  3.20  3.37  3.31  3.26     3.69  3.64  4.22  3.60  3.29
  0   60     3.69  4.01  4.05  4.02  3.68  3.19  3.12  3.45  3.01  3.28  3.32  3.31     3.51  3.67  3.92  3.26  3.20
  0   70     3.67  3.89  3.80  3.61  3.20  2.78  2.74  3.07  2.76  3.12  3.24  3.29     3.26  3.61  3.54  2.86  3.04
  0   80     3.55  3.68  3.46  3.13  2.69  2.35  2.32  2.63  2.47  2.88  3.09  3.18     2.95  3.47  3.10  2.43  2.81
  0   90     3.35  3.38  3.06  2.59  2.16  1.91  1.89  2.17  2.13  2.59  2.87  3.00     2.59  3.24  2.60  1.99  2.53
 15   10     2.56  3.23  3.93  4.69  4.89  4.38  4.20  4.29  3.30  2.98  2.49  2.26     3.60  2.68  4.50  4.29  2.92
 15   20     2.92  3.54  4.13  4.75  4.82  4.28  4.13  4.29  3.37  3.18  2.78  2.59     3.73  3.02  4.57  4.23  3.11
 15   30     3.22  3.78  4.24  4.72  4.67  4.12  3.98  4.20  3.38  3.30  3.00  2.86     3.79  3.29  4.54  4.10  3.23
 15   40     3.44  3.92  4.26  4.58  4.43  3.88  3.76  4.03  3.32  3.36  3.15  3.07     3.77  3.48  4.42  3.89  3.27
 15   50     3.58  3.98  4.19  4.34  4.10  3.57  3.48  3.78  3.19  3.33  3.23  3.19     3.66  3.59  4.21  3.61  3.25
 15   60     3.64  3.95  4.02  4.02  3.70  3.21  3.14  3.46  3.00  3.24  3.23  3.24     3.49  3.61  3.92  3.27  3.15
 15   70     3.61  3.82  3.77  3.62  3.24  2.81  2.76  3.08  2.75  3.07  3.15  3.21     3.24  3.55  3.54  2.88  2.99
 15   80     3.49  3.61  3.44  3.15  2.75  2.39  2.36  2.66  2.46  2.83  2.99  3.10     2.94  3.40  3.11  2.47  2.76
 15   90     3.28  3.31  3.03  2.65  2.23  1.97  1.95  2.21  2.13  2.54  2.76  2.91     2.58  3.17  2.64  2.04  2.48
 30   10     2.52  3.19  3.90  4.67  4.89  4.38  4.20  4.28  3.28  2.95  2.45  2.22     3.58  2.64  4.48  4.29  2.89
 30   20     2.84  3.46  4.07  4.72  4.83  4.29  4.13  4.27  3.34  3.12  2.69  2.51     3.69  2.94  4.54  4.23  3.05
 30   30     3.10  3.66  4.17  4.67  4.68  4.12  3.98  4.17  3.34  3.22  2.88  2.74     3.73  3.17  4.51  4.09  3.15
 30   40     3.29  3.78  4.18  4.54  4.45  3.89  3.77  4.01  3.27  3.25  3.00  2.91     3.69  3.33  4.39  3.89  3.17
 30   50     3.40  3.81  4.09  4.31  4.14  3.60  3.50  3.76  3.14  3.22  3.04  3.01     3.59  3.40  4.18  3.62  3.13
 30   60     3.43  3.75  3.91  4.00  3.77  3.26  3.18  3.46  2.95  3.11  3.02  3.04     3.41  3.40  3.89  3.30  3.02
 30   70     3.38  3.61  3.67  3.63  3.34  2.88  2.82  3.11  2.71  2.94  2.92  2.99     3.17  3.32  3.55  2.94  2.86
 30   80     3.25  3.39  3.35  3.18  2.89  2.49  2.45  2.71  2.43  2.70  2.75  2.87     2.87  3.17  3.14  2.55  2.63
 30   90     3.05  3.10  2.96  2.73  2.42  2.10  2.07  2.30  2.11  2.41  2.52  2.67     2.54  2.94  2.70  2.16  2.35
 45   10     2.45  3.13  3.85  4.63  4.88  4.38  4.19  4.26  3.26  2.90  2.38  2.15     3.54  2.58  4.45  4.28  2.85
 45   20     2.71  3.34  3.99  4.66  4.82  4.29  4.12  4.23  3.29  3.03  2.57  2.38     3.62  2.81  4.49  4.21  2.97
 45   30     2.91  3.47  4.05  4.61  4.68  4.13  3.98  4.14  3.27  3.10  2.71  2.55     3.63  2.98  4.44  4.08  3.03
 45   40     3.05  3.55  4.03  4.46  4.46  3.91  3.77  3.96  3.19  3.11  2.78  2.67     3.58  3.09  4.31  3.88  3.03
 45   50     3.12  3.55  3.93  4.24  4.18  3.64  3.52  3.73  3.06  3.04  2.79  2.73     3.46  3.13  4.12  3.63  2.96
 45   60     3.12  3.47  3.75  3.94  3.83  3.31  3.21  3.44  2.87  2.93  2.74  2.72     3.28  3.10  3.84  3.32  2.85
 45   70     3.05  3.31  3.51  3.60  3.44  2.97  2.89  3.11  2.63  2.75  2.63  2.65     3.05  3.00  3.52  2.99  2.67
 45   80     2.90  3.11  3.22  3.19  3.02  2.60  2.54  2.75  2.37  2.52  2.46  2.52     2.77  2.84  3.14  2.63  2.45
 45   90     2.71  2.83  2.86  2.78  2.60  2.24  2.19  2.37  2.08  2.26  2.23  2.33     2.46  2.62  2.75  2.27  2.19
 60   10     2.36  3.04  3.78  4.59  4.86  4.37  4.18  4.24  3.22  2.84  2.31  2.06     3.49  2.49  4.41  4.26  2.79
 60   20     2.54  3.17  3.87  4.58  4.80  4.28  4.11  4.18  3.23  2.92  2.42  2.21     3.53  2.64  4.42  4.19  2.86
 60   30     2.67  3.25  3.88  4.50  4.66  4.13  3.96  4.08  3.19  2.94  2.50  2.32     3.51  2.75  4.35  4.05  2.87
 60   40     2.74  3.27  3.83  4.35  4.45  3.91  3.77  3.90  3.09  2.92  2.52  2.38     3.43  2.80  4.21  3.86  2.84
 60   50     2.77  3.23  3.71  4.12  4.18  3.65  3.52  3.67  2.94  2.83  2.50  2.39     3.29  2.80  4.00  3.61  2.76
 60   60     2.75  3.13  3.54  3.85  3.86  3.36  3.24  3.40  2.76  2.70  2.42  2.35     3.11  2.74  3.75  3.33  2.62
 60   70     2.66  2.97  3.30  3.51  3.49  3.02  2.93  3.08  2.54  2.53  2.30  2.27     2.88  2.63  3.44  3.01  2.46
 60   80     2.52  2.78  3.04  3.16  3.12  2.69  2.60  2.75  2.29  2.31  2.13  2.13     2.63  2.48  3.11  2.68  2.24
 60   90     2.35  2.54  2.72  2.77  2.73  2.35  2.27  2.41  2.02  2.07  1.93  1.95     2.34  2.28  2.74  2.34  2.01
 75   10     2.25  2.94  3.71  4.54  4.84  4.36  4.17  4.21  3.18  2.77  2.22  1.96     3.43  2.38  4.36  4.25  2.72
 75   20     2.34  2.99  3.72  4.49  4.76  4.27  4.09  4.13  3.15  2.79  2.25  2.03     3.42  2.45  4.32  4.16  2.73
 75   30     2.39  2.99  3.69  4.37  4.62  4.11  3.94  3.99  3.08  2.76  2.27  2.06     3.36  2.48  4.22  4.01  2.70
 75   40     2.42  2.96  3.59  4.20  4.41  3.90  3.74  3.81  2.96  2.69  2.23  2.06     3.25  2.48  4.07  3.82  2.63
 75   50     2.39  2.87  3.46  3.97  4.14  3.64  3.50  3.58  2.81  2.59  2.18  2.03     3.10  2.43  3.86  3.57  2.52
 75   60     2.34  2.76  3.27  3.69  3.84  3.36  3.23  3.31  2.62  2.45  2.08  1.96     2.91  2.35  3.60  3.30  2.38
 75   70     2.25  2.61  3.06  3.39  3.51  3.05  2.94  3.02  2.41  2.27  1.95  1.87     2.69  2.24  3.32  3.00  2.21
 75   80     2.11  2.42  2.80  3.05  3.14  2.72  2.62  2.70  2.17  2.08  1.80  1.75     2.45  2.09  3.00  2.68  2.02
 75   90     1.97  2.22  2.53  2.71  2.79  2.40  2.31  2.38  1.94  1.86  1.62  1.59     2.19  1.93  2.68  2.37  1.80
 90   10     2.14  2.83  3.62  4.48  4.82  4.36  4.16  4.17  3.14  2.70  2.12  1.86     3.37  2.28  4.31  4.23  2.65
 90   20     2.13  2.78  3.56  4.38  4.72  4.25  4.06  4.06  3.07  2.64  2.08  1.83     3.30  2.25  4.22  4.12  2.60
 90   30     2.11  2.71  3.46  4.21  4.55  4.08  3.90  3.90  2.96  2.56  2.01  1.79     3.19  2.20  4.08  3.96  2.51
 90   40     2.06  2.61  3.33  4.00  4.33  3.87  3.70  3.69  2.81  2.46  1.94  1.73     3.04  2.13  3.89  3.75  2.40
 90   50     2.01  2.51  3.16  3.77  4.06  3.61  3.46  3.46  2.65  2.32  1.84  1.67     2.88  2.06  3.66  3.51  2.27
 90   60     1.93  2.37  2.98  3.49  3.76  3.32  3.18  3.19  2.46  2.18  1.74  1.58     2.68  1.96  3.41  3.23  2.12
 90   70     1.84  2.23  2.76  3.19  3.44  3.03  2.90  2.90  2.25  2.00  1.60  1.49     2.47  1.85  3.13  2.94  1.95
 90   80     1.73  2.06  2.53  2.89  3.11  2.72  2.61  2.61  2.04  1.83  1.48  1.38     2.25  1.72  2.85  2.65  1.78
 90   90     1.61  1.90  2.30  2.57  2.76  2.40  2.31  2.31  1.81  1.64  1.32  1.25     2.02  1.59  2.54  2.34  1.59
105   10     2.03  2.72  3.54  4.42  4.80  4.35  4.15  4.14  3.09  2.62  2.02  1.75     3.30  2.17  4.25  4.21  2.58
105   20     1.92  2.57  3.39  4.26  4.67  4.23  4.03  3.99  2.98  2.49  1.90  1.63     3.17  2.04  4.11  4.08  2.46
105   30     1.81  2.42  3.21  4.04  4.47  4.04  3.86  3.79  2.83  2.35  1.77  1.52     3.01  1.92  3.91  3.90  2.32
105   40     1.72  2.28  3.03  3.79  4.22  3.81  3.63  3.56  2.66  2.21  1.65  1.43     2.83  1.81  3.68  3.67  2.17
105   50     1.63  2.13  2.84  3.52  3.94  3.54  3.38  3.30  2.47  2.05  1.52  1.33     2.64  1.70  3.43  3.41  2.02
105   60     1.54  1.99  2.64  3.24  3.63  3.25  3.10  3.03  2.28  1.89  1.41  1.24     2.44  1.59  3.17  3.13  1.86
105   70     1.46  1.85  2.44  2.95  3.30  2.96  2.81  2.75  2.08  1.74  1.29  1.15     2.23  1.49  2.90  2.84  1.70
105   80     1.37  1.72  2.24  2.65  2.99  2.66  2.53  2.46  1.87  1.57  1.18  1.06     2.02  1.39  2.63  2.55  1.54
105   90     1.28  1.58  2.02  2.38  2.67  2.36  2.25  2.19  1.68  1.42  1.06  0.97     1.82  1.28  2.36  2.27  1.39
120   10     1.92  2.62  3.45  4.37  4.78  4.34  4.14  4.10  3.05  2.55  1.93  1.66     3.24  2.06  4.20  4.19  2.51
120   20     1.71  2.37  3.22  4.14  4.61  4.20  4.00  3.92  2.89  2.35  1.72  1.45     3.05  1.85  3.99  4.04  2.32
120   30     1.53  2.14  2.97  3.86  4.37  4.00  3.81  3.68  2.70  2.15  1.53  1.27     2.84  1.65  3.73  3.83  2.13
120   40     1.39  1.94  2.72  3.55  4.08  3.74  3.56  3.41  2.50  1.95  1.37  1.14     2.61  1.49  3.45  3.57  1.94
120   50     1.28  1.77  2.50  3.24  3.77  3.45  3.28  3.12  2.29  1.78  1.24  1.03     2.39  1.36  3.17  3.28  1.77
120   60     1.20  1.63  2.29  2.94  3.44  3.15  2.99  2.83  2.08  1.62  1.12  0.95     2.19  1.26  2.89  2.99  1.61
120   70     1.14  1.50  2.10  2.66  3.11  2.84  2.70  2.55  1.88  1.48  1.02  0.88     1.99  1.17  2.63  2.70  1.46
120   80     1.08  1.41  1.92  2.40  2.80  2.54  2.41  2.28  1.70  1.33  0.93  0.82     1.80  1.10  2.37  2.41  1.32
120   90     1.02  1.30  1.76  2.14  2.51  2.26  2.15  2.02  1.52  1.21  0.85  0.75     1.62  1.02  2.13  2.14  1.19
135   10     1.83  2.53  3.38  4.32  4.76  4.33  4.13  4.08  3.01  2.48  1.86  1.57     3.19  1.98  4.15  4.18  2.45
135   20     1.53  2.19  3.07  4.04  4.56  4.18  3.98  3.86  2.81  2.22  1.57  1.28     2.94  1.67  3.89  4.01  2.20
135   30     1.27  1.88  2.74  3.69  4.28  3.96  3.76  3.58  2.58  1.96  1.32  1.05     2.67  1.40  3.57  3.77  1.95
135   40     1.10  1.63  2.43  3.32  3.94  3.68  3.48  3.26  2.33  1.72  1.13  0.89     2.41  1.21  3.23  3.47  1.73
135   50     1.00  1.45  2.16  2.95  3.57  3.35  3.17  2.93  2.09  1.52  0.99  0.80     2.17  1.08  2.89  3.15  1.54
135   60     0.94  1.32  1.94  2.62  3.20  3.01  2.84  2.61  1.88  1.37  0.90  0.74     1.95  1.00  2.59  2.82  1.38
135   70     0.90  1.22  1.77  2.34  2.86  2.69  2.54  2.32  1.69  1.24  0.82  0.70     1.76  0.94  2.32  2.52  1.25
135   80     0.87  1.16  1.62  2.09  2.56  2.39  2.27  2.06  1.53  1.13  0.77  0.66     1.59  0.90  2.09  2.24  1.14
135   90     0.85  1.09  1.50  1.88  2.29  2.12  2.01  1.84  1.37  1.04  0.71  0.63     1.44  0.85  1.89  1.99  1.04
150   10     1.75  2.46  3.32  4.28  4.74  4.33  4.12  4.06  2.98  2.43  1.79  1.50     3.15  1.90  4.11  4.17  2.40
150   20     1.37  2.05  2.94  3.96  4.52  4.17  3.96  3.81  2.75  2.12  1.44  1.15     2.85  1.52  3.81  3.98  2.10
150   30     1.05  1.65  2.54  3.55  4.22  3.94  3.73  3.51  2.48  1.79  1.13  0.86     2.54  1.19  3.44  3.73  1.80
150   40     0.87  1.35  2.15  3.11  3.83  3.64  3.43  3.14  2.18  1.51  0.92  0.72     2.24  0.98  3.03  3.40  1.54
150   50     0.82  1.17  1.84  2.66  3.38  3.27  3.07  2.74  1.91  1.29  0.82  0.68     1.97  0.89  2.63  3.03  1.34
150   60     0.80  1.09  1.62  2.29  2.94  2.87  2.70  2.37  1.68  1.16  0.77  0.66     1.75  0.85  2.28  2.65  1.20
150   70     0.79  1.04  1.48  2.00  2.57  2.50  2.36  2.08  1.51  1.07  0.73  0.64     1.56  0.82  2.02  2.31  1.10
150   80     0.78  1.00  1.37  1.79  2.27  2.21  2.08  1.84  1.37  0.99  0.69  0.62     1.42  0.80  1.81  2.05  1.01
150   90     0.76  0.98  1.29  1.63  2.03  1.96  1.85  1.65  1.24  0.92  0.65  0.59     1.30  0.78  1.65  1.82  0.94
165   10     1.69  2.42  3.28  4.26  4.72  4.32  4.11  4.04  2.96  2.40  1.76  1.45     3.12  1.85  4.09  4.16  2.37
165   20     1.26  1.95  2.86  3.91  4.50  4.17  3.95  3.79  2.71  2.05  1.36  1.04     2.79  1.42  3.75  3.97  2.04
165   30     0.89  1.48  2.40  3.48  4.17  3.94  3.71  3.47  2.41  1.67  0.99  0.73     2.44  1.04  3.35  3.71  1.69
165   40     0.81  1.12  1.92  2.98  3.77  3.63  3.41  3.08  2.08  1.32  0.81  0.70     2.13  0.88  2.89  3.37  1.40
165   50     0.80  1.02  1.53  2.43  3.30  3.26  3.04  2.64  1.74  1.11  0.79  0.68     1.86  0.83  2.42  2.98  1.21
165   60     0.80  1.00  1.35  1.95  2.77  2.84  2.63  2.16  1.50  1.04  0.76  0.66     1.62  0.82  2.03  2.54  1.10
165   70     0.78  0.99  1.27  1.69  2.26  2.38  2.19  1.83  1.37  0.99  0.72  0.64     1.43  0.80  1.74  2.13  1.03
165   80     0.77  0.97  1.22  1.53  1.98  2.03  1.90  1.64  1.26  0.93  0.69  0.62     1.29  0.79  1.58  1.86  0.96
165   90     0.76  0.95  1.16  1.42  1.79  1.81  1.70  1.49  1.16  0.87  0.65  0.59     1.20  0.77  1.46  1.67  0.89
180   10     1.68  2.40  3.26  4.26  4.71  4.32  4.11  4.04  2.96  2.39  1.74  1.44     3.11  1.84  4.08  4.16  2.36
180   20     1.22  1.90  2.83  3.90  4.48  4.17  3.94  3.79  2.70  2.02  1.32  1.01     2.77  1.38  3.73  3.97  2.01
180   30     0.84  1.41  2.34  3.46  4.15  3.94  3.70  3.46  2.39  1.62  0.93  0.71     2.41  0.99  3.31  3.70  1.65
180   40     0.81  1.03  1.81  2.96  3.74  3.63  3.40  3.07  2.04  1.22  0.81  0.70     2.10  0.85  2.84  3.36  1.36
180   50     0.80  1.02  1.30  2.40  3.26  3.26  3.03  2.63  1.67  1.08  0.79  0.68     1.83  0.83  2.32  2.97  1.18
180   60     0.80  1.00  1.26  1.81  2.73  2.84  2.62  2.14  1.39  1.03  0.76  0.66     1.59  0.82  1.93  2.53  1.06
180   70     0.78  0.99  1.22  1.51  2.15  2.37  2.17  1.71  1.30  0.98  0.72  0.64     1.38  0.80  1.63  2.08  1.00
180   80     0.77  0.97  1.17  1.42  1.83  1.97  1.82  1.54  1.22  0.93  0.69  0.62     1.25  0.79  1.47  1.78  0.94
180   90     0.76  0.95  1.13  1.33  1.67  1.75  1.63  1.42  1.13  0.87  0.65  0.59     1.16  0.77  1.38  1.60  0.88
             61.9  52.0  37.6  21.3   9.3   3.1   5.5  14.6  26.2  43.0  56.0  61.9     32.5  58.5  22.3   8.1  42.5
             3.70  4.04  4.29  4.76  4.89  4.40  4.21  4.31  3.40  3.39  3.32  3.32     4.00  3.67  4.58  4.29  3.32
             3.32  3.86  4.28  4.70  4.61  4.06  3.93  4.17  3.38  3.35  3.10  2.96     3.81  3.38  4.53  4.05  3.28
             1.11  1.05  1.00  1.01  1.06  1.08  1.07  1.03  1.01  1.01  1.07  1.12     1.05  1.09  1.03  1.06  1.03
             1.55  1.34  1.18  1.04  0.95  0.92  0.93  0.99  1.07  1.23  1.44  1.57     1.18  1.49  1.05  0.95  1.25
temperature  -1.3  -1.0   2.3   8.5  13.5  17.1  20.7  22.1  18.0  11.9   6.4   1.6     10.0  -0.2   8.1  20.0  12.1
diffusedrad  1.08  1.41  1.80  2.17  2.49  2.60  2.52  2.30  1.89  1.47  1.10  0.94     1.81  1.14  2.15  2.48  1.49
snow10cm     0.24  0.18  0.08  0.01  0.00  0.00  0.00  0.00  0.00  0.00  0.00  0.08     0.05  0.17  0.03  0.00  0.00
