2 36411   浪江            37 29.5  140 57.9   47
             2.24  2.94  3.65  4.51  4.87  4.34  4.20  4.31  3.21  2.77  2.25  2.00     3.44  2.39  4.34  4.29  2.75
             2.49  3.37  4.12  5.37  5.67  5.42  6.10  5.67  3.74  3.45  2.74  2.38     3.81  2.61  4.69  5.38  3.02
             1.75  2.28  2.93  3.44  4.20  3.09  2.60  3.13  2.34  2.17  1.96  1.74     3.01  2.09  3.80  3.30  2.33
  0   10     2.71  3.33  3.95  4.67  4.89  4.32  4.19  4.38  3.36  3.04  2.63  2.42     3.66  2.82  4.50  4.30  3.01
  0   20     3.12  3.66  4.16  4.73  4.83  4.23  4.12  4.38  3.44  3.25  2.96  2.81     3.81  3.19  4.57  4.24  3.22
  0   30     3.45  3.92  4.27  4.69  4.66  4.06  3.96  4.28  3.45  3.39  3.22  3.12     3.87  3.50  4.54  4.10  3.35
  0   40     3.70  4.08  4.29  4.55  4.41  3.81  3.74  4.10  3.39  3.45  3.40  3.36     3.86  3.71  4.42  3.89  3.41
  0   50     3.85  4.14  4.22  4.31  4.08  3.51  3.45  3.84  3.26  3.44  3.50  3.51     3.76  3.83  4.20  3.60  3.40
  0   60     3.91  4.10  4.04  3.98  3.67  3.15  3.11  3.51  3.06  3.34  3.51  3.58     3.58  3.86  3.90  3.26  3.30
  0   70     3.87  3.96  3.78  3.58  3.19  2.74  2.72  3.11  2.81  3.17  3.43  3.55     3.33  3.79  3.52  2.86  3.14
  0   80     3.72  3.73  3.43  3.10  2.68  2.32  2.31  2.66  2.51  2.94  3.27  3.43     3.01  3.63  3.07  2.43  2.90
  0   90     3.49  3.41  3.02  2.56  2.15  1.89  1.88  2.19  2.16  2.63  3.03  3.22     2.64  3.37  2.58  1.99  2.61
 15   10     2.69  3.31  3.94  4.66  4.89  4.32  4.19  4.38  3.36  3.03  2.61  2.40     3.65  2.80  4.50  4.30  3.00
 15   20     3.09  3.64  4.14  4.72  4.82  4.23  4.12  4.37  3.43  3.23  2.92  2.77     3.79  3.17  4.56  4.24  3.19
 15   30     3.42  3.88  4.25  4.68  4.67  4.06  3.97  4.28  3.44  3.36  3.16  3.08     3.85  3.46  4.54  4.10  3.32
 15   40     3.65  4.03  4.27  4.54  4.42  3.82  3.74  4.10  3.37  3.42  3.33  3.30     3.83  3.66  4.41  3.89  3.37
 15   50     3.80  4.08  4.18  4.30  4.09  3.52  3.46  3.85  3.24  3.40  3.41  3.44     3.73  3.77  4.19  3.61  3.35
 15   60     3.85  4.04  4.01  3.99  3.69  3.17  3.13  3.52  3.05  3.30  3.41  3.50     3.55  3.79  3.90  3.27  3.25
 15   70     3.80  3.90  3.75  3.59  3.23  2.77  2.75  3.13  2.80  3.13  3.33  3.46     3.30  3.72  3.52  2.88  3.08
 15   80     3.65  3.66  3.41  3.12  2.74  2.36  2.34  2.70  2.50  2.88  3.16  3.34     2.99  3.55  3.09  2.47  2.85
 15   90     3.42  3.34  3.00  2.62  2.23  1.94  1.93  2.24  2.16  2.58  2.92  3.13     2.63  3.30  2.61  2.04  2.56
 30   10     2.65  3.27  3.91  4.64  4.89  4.32  4.19  4.36  3.34  3.00  2.56  2.36     3.62  2.76  4.48  4.29  2.97
 30   20     3.00  3.56  4.08  4.69  4.83  4.23  4.12  4.35  3.40  3.17  2.83  2.68     3.75  3.08  4.53  4.23  3.13
 30   30     3.28  3.76  4.18  4.64  4.68  4.07  3.97  4.25  3.39  3.28  3.03  2.94     3.79  3.33  4.50  4.10  3.23
 30   40     3.48  3.87  4.18  4.50  4.45  3.84  3.76  4.08  3.33  3.31  3.15  3.13     3.76  3.50  4.38  3.90  3.27
 30   50     3.60  3.90  4.09  4.28  4.14  3.55  3.48  3.83  3.19  3.28  3.21  3.24     3.65  3.58  4.17  3.62  3.23
 30   60     3.62  3.83  3.91  3.96  3.76  3.22  3.17  3.52  3.00  3.17  3.19  3.27     3.47  3.57  3.88  3.30  3.12
 30   70     3.56  3.67  3.65  3.59  3.34  2.84  2.81  3.16  2.76  2.99  3.09  3.21     3.22  3.48  3.53  2.94  2.94
 30   80     3.40  3.43  3.32  3.15  2.88  2.46  2.44  2.76  2.47  2.75  2.91  3.08     2.92  3.30  3.12  2.55  2.71
 30   90     3.16  3.12  2.93  2.70  2.41  2.08  2.06  2.33  2.15  2.46  2.67  2.87     2.58  3.05  2.68  2.15  2.42
 45   10     2.57  3.20  3.86  4.61  4.88  4.32  4.18  4.34  3.31  2.95  2.49  2.28     3.58  2.69  4.45  4.28  2.92
 45   20     2.85  3.42  4.00  4.63  4.82  4.23  4.11  4.32  3.35  3.08  2.70  2.54     3.67  2.94  4.48  4.22  3.04
 45   30     3.07  3.56  4.06  4.58  4.67  4.07  3.97  4.21  3.33  3.16  2.85  2.73     3.69  3.12  4.44  4.09  3.11
 45   40     3.22  3.64  4.03  4.43  4.46  3.86  3.76  4.04  3.25  3.16  2.93  2.86     3.64  3.24  4.30  3.89  3.11
 45   50     3.29  3.63  3.93  4.21  4.17  3.59  3.51  3.80  3.11  3.10  2.94  2.92     3.52  3.28  4.10  3.63  3.05
 45   60     3.28  3.54  3.75  3.91  3.82  3.27  3.20  3.50  2.92  2.98  2.89  2.92     3.33  3.25  3.83  3.33  2.93
 45   70     3.19  3.36  3.50  3.56  3.44  2.93  2.88  3.17  2.68  2.80  2.77  2.84     3.09  3.13  3.50  2.99  2.75
 45   80     3.02  3.14  3.19  3.17  3.02  2.57  2.53  2.79  2.41  2.56  2.60  2.69     2.81  2.95  3.13  2.63  2.52
 45   90     2.79  2.84  2.83  2.75  2.60  2.21  2.18  2.41  2.12  2.30  2.36  2.48     2.49  2.70  2.73  2.27  2.26
 60   10     2.47  3.11  3.79  4.57  4.86  4.31  4.18  4.32  3.28  2.89  2.41  2.19     3.53  2.59  4.41  4.27  2.86
 60   20     2.67  3.25  3.88  4.55  4.80  4.22  4.10  4.26  3.29  2.97  2.54  2.35     3.57  2.76  4.41  4.20  2.93
 60   30     2.81  3.33  3.89  4.47  4.66  4.07  3.96  4.15  3.24  2.99  2.62  2.48     3.56  2.87  4.34  4.06  2.95
 60   40     2.89  3.34  3.84  4.32  4.44  3.86  3.76  3.98  3.14  2.97  2.65  2.54     3.48  2.92  4.20  3.86  2.92
 60   50     2.91  3.30  3.71  4.09  4.18  3.60  3.51  3.74  3.00  2.89  2.63  2.55     3.34  2.92  4.00  3.62  2.84
 60   60     2.87  3.19  3.54  3.82  3.86  3.31  3.23  3.46  2.81  2.75  2.54  2.51     3.16  2.86  3.74  3.34  2.70
 60   70     2.77  3.01  3.29  3.49  3.49  2.98  2.92  3.14  2.58  2.58  2.42  2.42     2.92  2.73  3.42  3.01  2.53
 60   80     2.59  2.80  3.01  3.13  3.12  2.65  2.59  2.80  2.33  2.35  2.25  2.27     2.66  2.55  3.09  2.68  2.31
 60   90     2.39  2.53  2.69  2.75  2.73  2.31  2.27  2.45  2.06  2.11  2.03  2.06     2.37  2.33  2.72  2.35  2.06
 75   10     2.36  3.01  3.72  4.52  4.85  4.31  4.17  4.29  3.24  2.82  2.31  2.08     3.47  2.48  4.36  4.25  2.79
 75   20     2.46  3.06  3.73  4.46  4.77  4.21  4.08  4.21  3.21  2.84  2.36  2.15     3.46  2.55  4.32  4.17  2.80
 75   30     2.51  3.05  3.69  4.34  4.62  4.06  3.93  4.07  3.13  2.81  2.37  2.18     3.40  2.58  4.22  4.02  2.77
 75   40     2.53  3.02  3.60  4.17  4.41  3.85  3.73  3.88  3.02  2.74  2.34  2.19     3.29  2.58  4.06  3.82  2.70
 75   50     2.49  2.92  3.46  3.94  4.14  3.59  3.49  3.65  2.86  2.64  2.28  2.16     3.13  2.52  3.85  3.58  2.59
 75   60     2.43  2.80  3.27  3.67  3.84  3.31  3.22  3.37  2.67  2.49  2.18  2.08     2.94  2.43  3.59  3.30  2.44
 75   70     2.31  2.63  3.04  3.37  3.51  3.01  2.93  3.08  2.45  2.32  2.05  1.98     2.72  2.31  3.31  3.01  2.27
 75   80     2.15  2.42  2.78  3.02  3.14  2.69  2.62  2.75  2.21  2.12  1.89  1.84     2.47  2.14  2.98  2.69  2.07
 75   90     1.98  2.20  2.50  2.69  2.79  2.37  2.31  2.43  1.97  1.90  1.70  1.67     2.21  1.95  2.66  2.37  1.86
 90   10     2.24  2.89  3.63  4.46  4.83  4.30  4.16  4.25  3.19  2.74  2.21  1.96     3.40  2.36  4.31  4.24  2.71
 90   20     2.22  2.84  3.56  4.36  4.72  4.20  4.05  4.14  3.12  2.69  2.17  1.93     3.33  2.33  4.21  4.13  2.66
 90   30     2.19  2.76  3.47  4.19  4.55  4.03  3.90  3.97  3.01  2.61  2.10  1.89     3.22  2.28  4.07  3.96  2.57
 90   40     2.14  2.66  3.33  3.98  4.33  3.82  3.69  3.77  2.86  2.50  2.02  1.82     3.08  2.21  3.88  3.76  2.46
 90   50     2.07  2.54  3.15  3.75  4.07  3.56  3.45  3.52  2.70  2.36  1.92  1.76     2.90  2.12  3.66  3.51  2.33
 90   60     1.97  2.38  2.97  3.47  3.76  3.28  3.18  3.25  2.50  2.21  1.81  1.66     2.70  2.00  3.40  3.24  2.18
 90   70     1.87  2.23  2.75  3.17  3.45  2.99  2.89  2.96  2.29  2.04  1.68  1.56     2.49  1.89  3.12  2.95  2.00
 90   80     1.73  2.04  2.51  2.87  3.11  2.68  2.60  2.66  2.08  1.86  1.54  1.44     2.26  1.74  2.83  2.65  1.83
 90   90     1.58  1.86  2.26  2.55  2.76  2.37  2.30  2.36  1.84  1.67  1.39  1.29     2.02  1.58  2.52  2.34  1.63
105   10     2.11  2.78  3.54  4.40  4.80  4.29  4.14  4.21  3.14  2.66  2.11  1.84     3.34  2.24  4.25  4.22  2.64
105   20     1.99  2.62  3.40  4.24  4.67  4.17  4.03  4.07  3.03  2.53  1.97  1.71     3.20  2.11  4.10  4.09  2.51
105   30     1.86  2.46  3.22  4.02  4.47  3.99  3.85  3.86  2.88  2.39  1.84  1.59     3.04  1.97  3.90  3.90  2.37
105   40     1.76  2.30  3.04  3.77  4.22  3.77  3.63  3.62  2.70  2.24  1.71  1.48     2.85  1.85  3.68  3.67  2.22
105   50     1.65  2.14  2.84  3.50  3.94  3.50  3.38  3.36  2.51  2.09  1.58  1.37     2.65  1.72  3.43  3.41  2.06
105   60     1.54  1.99  2.63  3.23  3.63  3.21  3.10  3.08  2.31  1.92  1.47  1.28     2.45  1.60  3.16  3.13  1.90
105   70     1.45  1.84  2.42  2.94  3.31  2.92  2.81  2.80  2.11  1.77  1.34  1.18     2.24  1.49  2.89  2.84  1.74
105   80     1.33  1.69  2.21  2.64  3.00  2.63  2.53  2.50  1.90  1.60  1.22  1.08     2.03  1.37  2.62  2.55  1.57
105   90     1.22  1.53  1.99  2.37  2.68  2.33  2.25  2.23  1.71  1.44  1.10  0.97     1.82  1.24  2.35  2.27  1.42
120   10     1.99  2.67  3.46  4.35  4.78  4.28  4.13  4.18  3.10  2.59  2.01  1.73     3.27  2.13  4.20  4.20  2.57
120   20     1.76  2.41  3.23  4.12  4.62  4.15  4.00  3.99  2.94  2.39  1.79  1.51     3.08  1.89  3.99  4.05  2.37
120   30     1.56  2.16  2.97  3.84  4.38  3.95  3.80  3.75  2.75  2.18  1.58  1.31     2.85  1.68  3.73  3.83  2.17
120   40     1.40  1.95  2.72  3.54  4.09  3.70  3.55  3.47  2.53  1.98  1.41  1.16     2.63  1.50  3.45  3.57  1.98
120   50     1.27  1.77  2.49  3.23  3.77  3.41  3.27  3.17  2.32  1.80  1.27  1.04     2.40  1.36  3.16  3.29  1.80
120   60     1.17  1.61  2.28  2.93  3.44  3.11  2.99  2.88  2.11  1.64  1.15  0.95     2.19  1.24  2.88  2.99  1.64
120   70     1.08  1.47  2.08  2.65  3.12  2.81  2.69  2.59  1.91  1.50  1.05  0.87     1.98  1.14  2.62  2.70  1.49
120   80     1.00  1.36  1.88  2.38  2.80  2.52  2.41  2.32  1.73  1.35  0.96  0.80     1.79  1.05  2.36  2.42  1.35
120   90     0.93  1.23  1.72  2.12  2.51  2.24  2.15  2.06  1.55  1.23  0.87  0.73     1.61  0.96  2.12  2.15  1.22
135   10     1.88  2.58  3.38  4.30  4.76  4.28  4.12  4.15  3.06  2.52  1.93  1.64     3.22  2.03  4.15  4.18  2.50
135   20     1.55  2.22  3.07  4.02  4.56  4.13  3.97  3.93  2.86  2.25  1.62  1.32     2.96  1.70  3.89  4.01  2.24
135   30     1.27  1.89  2.74  3.68  4.29  3.92  3.76  3.65  2.62  1.99  1.35  1.06     2.68  1.41  3.57  3.77  1.98
135   40     1.07  1.62  2.42  3.31  3.95  3.63  3.48  3.32  2.37  1.74  1.15  0.88     2.41  1.19  3.23  3.48  1.75
135   50     0.95  1.42  2.15  2.94  3.57  3.31  3.16  2.97  2.12  1.54  1.01  0.78     2.16  1.05  2.89  3.15  1.56
135   60     0.87  1.28  1.92  2.61  3.21  2.98  2.84  2.65  1.91  1.38  0.91  0.71     1.94  0.95  2.58  2.82  1.40
135   70     0.82  1.17  1.74  2.33  2.87  2.66  2.54  2.35  1.72  1.25  0.83  0.67     1.74  0.88  2.31  2.52  1.27
135   80     0.76  1.09  1.59  2.08  2.57  2.37  2.26  2.09  1.54  1.14  0.78  0.62     1.57  0.82  2.08  2.24  1.15
135   90     0.72  1.01  1.46  1.87  2.29  2.10  2.01  1.87  1.39  1.05  0.72  0.59     1.42  0.77  1.87  1.99  1.05
150   10     1.80  2.50  3.33  4.26  4.74  4.27  4.11  4.13  3.03  2.47  1.86  1.56     3.17  1.95  4.11  4.17  2.45
150   20     1.38  2.07  2.95  3.94  4.53  4.12  3.96  3.88  2.79  2.15  1.49  1.17     2.87  1.54  3.81  3.99  2.14
150   30     1.02  1.65  2.54  3.54  4.22  3.90  3.73  3.57  2.51  1.81  1.15  0.85     2.54  1.17  3.44  3.73  1.83
150   40     0.81  1.33  2.14  3.10  3.84  3.60  3.43  3.19  2.21  1.52  0.93  0.69     2.23  0.94  3.03  3.40  1.55
150   50     0.74  1.13  1.82  2.66  3.39  3.23  3.07  2.78  1.93  1.30  0.82  0.64     1.96  0.84  2.62  3.03  1.35
150   60     0.71  1.03  1.59  2.28  2.95  2.84  2.69  2.40  1.70  1.17  0.77  0.62     1.73  0.79  2.27  2.65  1.21
150   70     0.68  0.97  1.44  2.00  2.57  2.48  2.36  2.10  1.53  1.08  0.73  0.60     1.54  0.75  2.00  2.31  1.11
150   80     0.65  0.92  1.33  1.78  2.28  2.19  2.08  1.86  1.38  0.99  0.69  0.57     1.40  0.72  1.80  2.04  1.02
150   90     0.62  0.89  1.24  1.62  2.04  1.94  1.85  1.67  1.26  0.93  0.65  0.55     1.27  0.69  1.63  1.82  0.94
165   10     1.74  2.46  3.29  4.24  4.73  4.27  4.11  4.12  3.01  2.44  1.82  1.51     3.14  1.90  4.09  4.17  2.42
165   20     1.25  1.96  2.86  3.89  4.50  4.12  3.94  3.86  2.75  2.08  1.39  1.05     2.81  1.42  3.75  3.98  2.07
165   30     0.84  1.47  2.39  3.47  4.18  3.89  3.71  3.53  2.44  1.69  0.99  0.70     2.44  1.01  3.35  3.71  1.71
165   40     0.74  1.08  1.91  2.97  3.78  3.59  3.40  3.13  2.10  1.33  0.81  0.66     2.13  0.82  2.89  3.37  1.41
165   50     0.72  0.96  1.51  2.43  3.31  3.23  3.04  2.67  1.76  1.11  0.78  0.64     1.85  0.78  2.42  2.98  1.22
165   60     0.70  0.94  1.32  1.95  2.78  2.81  2.63  2.18  1.51  1.04  0.75  0.62     1.60  0.75  2.02  2.54  1.10
165   70     0.68  0.91  1.23  1.69  2.27  2.36  2.19  1.84  1.37  0.99  0.72  0.60     1.40  0.73  1.73  2.13  1.03
165   80     0.65  0.89  1.17  1.52  1.99  2.02  1.90  1.64  1.27  0.93  0.69  0.57     1.27  0.70  1.56  1.85  0.96
165   90     0.62  0.86  1.11  1.41  1.79  1.80  1.70  1.49  1.17  0.87  0.65  0.55     1.17  0.68  1.44  1.66  0.90
180   10     1.72  2.44  3.27  4.24  4.72  4.27  4.10  4.12  3.00  2.43  1.80  1.49     3.13  1.88  4.08  4.16  2.41
180   20     1.21  1.92  2.83  3.88  4.48  4.12  3.94  3.86  2.74  2.04  1.35  1.02     2.78  1.38  3.73  3.97  2.04
180   30     0.79  1.39  2.33  3.45  4.16  3.89  3.70  3.52  2.42  1.64  0.94  0.68     2.41  0.95  3.31  3.70  1.67
180   40     0.74  0.98  1.80  2.95  3.75  3.59  3.39  3.12  2.07  1.23  0.81  0.66     2.09  0.80  2.83  3.37  1.37
180   50     0.72  0.96  1.27  2.40  3.27  3.23  3.03  2.66  1.68  1.08  0.78  0.64     1.81  0.78  2.31  2.97  1.18
180   60     0.70  0.94  1.22  1.82  2.74  2.81  2.61  2.16  1.39  1.03  0.75  0.62     1.57  0.75  1.92  2.53  1.06
180   70     0.68  0.91  1.17  1.51  2.16  2.36  2.17  1.71  1.30  0.98  0.72  0.60     1.36  0.73  1.62  2.08  1.00
180   80     0.65  0.89  1.13  1.41  1.83  1.95  1.81  1.54  1.22  0.93  0.69  0.57     1.22  0.70  1.46  1.77  0.95
180   90     0.62  0.86  1.07  1.32  1.67  1.74  1.63  1.42  1.14  0.87  0.65  0.55     1.13  0.68  1.36  1.60  0.89
             60.7  51.2  37.0  21.0   9.2   3.0   5.4  14.5  26.3  43.0  56.3  61.9     33.0  57.8  22.1   8.1  42.9
             3.91  4.14  4.30  4.73  4.89  4.34  4.20  4.39  3.45  3.46  3.51  3.58     4.07  3.86  4.57  4.30  3.42
             3.53  3.97  4.29  4.66  4.60  3.99  3.90  4.24  3.44  3.42  3.28  3.20     3.88  3.57  4.51  4.05  3.38
             1.11  1.04  1.00  1.02  1.06  1.09  1.08  1.04  1.00  1.01  1.07  1.12     1.05  1.09  1.03  1.07  1.03
             1.58  1.35  1.18  1.03  0.94  0.92  0.93  0.98  1.07  1.23  1.46  1.60     1.19  1.51  1.05  0.94  1.25
temperature   2.0   2.3   5.1  10.5  15.0  18.1  21.9  23.7  20.1  14.5   9.3   4.8     12.3   3.0  10.2  21.2  14.6
diffusedrad  1.04  1.38  1.78  2.16  2.49  2.59  2.50  2.30  1.90  1.47  1.10  0.93     1.80  1.12  2.14  2.46  1.49
snow10cm     0.02  0.07  0.03  0.00  0.00  0.00  0.00  0.00  0.00  0.00  0.00  0.00     0.01  0.03  0.01  0.00  0.00
