2 36716   桧枝岐          37  1.4  139 23.2  930
             1.64  2.43  3.29  4.41  4.72  4.51  4.42  4.33  3.20  2.56  1.86  1.45     3.23  1.84  4.14  4.42  2.54
             2.06  2.83  3.78  5.25  5.46  5.38  5.78  5.15  4.02  3.20  2.16  1.84     3.66  2.05  4.74  5.30  2.96
             1.28  2.02  2.97  3.86  4.00  3.50  3.08  3.30  2.35  2.02  1.19  1.08     2.75  1.55  3.67  3.64  1.92
  0   10     1.80  2.62  3.50  4.55  4.73  4.50  4.41  4.41  3.34  2.77  2.11  1.62     3.36  2.01  4.26  4.44  2.74
  0   20     1.95  2.79  3.65  4.62  4.67  4.39  4.33  4.40  3.41  2.93  2.32  1.78     3.44  2.18  4.31  4.38  2.89
  0   30     2.07  2.93  3.76  4.61  4.51  4.21  4.16  4.31  3.42  3.04  2.48  1.92     3.45  2.31  4.29  4.23  2.98
  0   40     2.16  3.03  3.81  4.53  4.27  3.95  3.92  4.12  3.35  3.07  2.59  2.02     3.40  2.40  4.21  4.00  3.00
  0   50     2.22  3.08  3.81  4.37  3.96  3.63  3.61  3.86  3.22  3.04  2.64  2.08     3.29  2.46  4.05  3.70  2.97
  0   60     2.24  3.09  3.75  4.14  3.57  3.25  3.24  3.52  3.02  2.94  2.64  2.10     3.13  2.48  3.82  3.33  2.87
  0   70     2.23  3.05  3.64  3.86  3.12  2.82  2.83  3.12  2.77  2.79  2.57  2.09     2.91  2.46  3.54  2.92  2.71
  0   80     2.18  2.96  3.48  3.51  2.63  2.37  2.38  2.67  2.47  2.57  2.45  2.04     2.64  2.39  3.21  2.47  2.50
  0   90     2.11  2.83  3.28  3.12  2.13  1.91  1.93  2.18  2.13  2.30  2.28  1.95     2.35  2.29  2.84  2.01  2.24
 15   10     1.80  2.61  3.49  4.54  4.73  4.50  4.41  4.41  3.33  2.76  2.10  1.61     3.36  2.01  4.25  4.44  2.73
 15   20     1.94  2.78  3.64  4.61  4.67  4.39  4.33  4.40  3.40  2.92  2.30  1.77     3.43  2.16  4.31  4.37  2.87
 15   30     2.05  2.91  3.74  4.60  4.52  4.22  4.16  4.31  3.40  3.01  2.46  1.90     3.44  2.29  4.29  4.23  2.96
 15   40     2.14  3.00  3.79  4.52  4.28  3.96  3.92  4.12  3.33  3.04  2.56  1.99     3.39  2.38  4.20  4.00  2.98
 15   50     2.19  3.05  3.78  4.36  3.97  3.64  3.62  3.86  3.20  3.00  2.60  2.05     3.28  2.43  4.04  3.71  2.94
 15   60     2.21  3.05  3.73  4.14  3.59  3.27  3.26  3.53  3.01  2.90  2.59  2.07     3.11  2.44  3.82  3.35  2.84
 15   70     2.20  3.01  3.61  3.86  3.15  2.85  2.86  3.13  2.76  2.74  2.52  2.05     2.90  2.42  3.54  2.95  2.67
 15   80     2.15  2.92  3.45  3.52  2.69  2.41  2.42  2.70  2.46  2.52  2.40  2.00     2.64  2.36  3.22  2.51  2.46
 15   90     2.07  2.79  3.25  3.16  2.21  1.98  1.98  2.24  2.13  2.26  2.23  1.91     2.35  2.25  2.87  2.06  2.20
 30   10     1.78  2.59  3.47  4.52  4.73  4.50  4.41  4.40  3.32  2.74  2.07  1.60     3.34  1.99  4.24  4.43  2.71
 30   20     1.90  2.74  3.60  4.58  4.67  4.40  4.33  4.39  3.37  2.87  2.25  1.73     3.40  2.12  4.28  4.37  2.83
 30   30     2.00  2.85  3.69  4.56  4.52  4.22  4.17  4.30  3.36  2.94  2.38  1.84     3.40  2.23  4.26  4.23  2.90
 30   40     2.07  2.92  3.72  4.48  4.30  3.98  3.94  4.13  3.29  2.96  2.46  1.92     3.35  2.30  4.17  4.02  2.90
 30   50     2.11  2.95  3.70  4.33  4.01  3.67  3.65  3.87  3.15  2.91  2.49  1.96     3.23  2.34  4.01  3.73  2.85
 30   60     2.12  2.94  3.64  4.12  3.65  3.33  3.31  3.56  2.95  2.80  2.46  1.97     3.07  2.35  3.80  3.40  2.74
 30   70     2.10  2.89  3.53  3.85  3.25  2.93  2.93  3.19  2.71  2.63  2.38  1.95     2.86  2.31  3.54  3.02  2.58
 30   80     2.05  2.80  3.37  3.54  2.82  2.53  2.53  2.79  2.43  2.41  2.26  1.88     2.62  2.24  3.24  2.62  2.36
 30   90     1.97  2.67  3.18  3.21  2.38  2.12  2.13  2.37  2.11  2.15  2.08  1.79     2.35  2.14  2.92  2.21  2.11
 45   10     1.75  2.55  3.43  4.49  4.72  4.49  4.40  4.39  3.29  2.70  2.03  1.56     3.32  1.96  4.22  4.43  2.67
 45   20     1.85  2.67  3.54  4.52  4.66  4.40  4.32  4.37  3.32  2.80  2.17  1.67     3.36  2.06  4.24  4.36  2.76
 45   30     1.92  2.75  3.59  4.50  4.52  4.23  4.17  4.27  3.30  2.84  2.27  1.75     3.34  2.14  4.21  4.22  2.80
 45   40     1.97  2.80  3.61  4.40  4.31  4.00  3.95  4.10  3.21  2.83  2.32  1.80     3.27  2.19  4.11  4.01  2.78
 45   50     1.99  2.81  3.58  4.26  4.04  3.72  3.68  3.87  3.07  2.76  2.32  1.83     3.16  2.21  3.96  3.75  2.72
 45   60     1.99  2.78  3.51  4.06  3.70  3.38  3.36  3.57  2.88  2.64  2.28  1.82     3.00  2.20  3.76  3.44  2.60
 45   70     1.96  2.72  3.40  3.82  3.34  3.03  3.01  3.23  2.64  2.47  2.19  1.78     2.80  2.15  3.52  3.09  2.43
 45   80     1.90  2.63  3.26  3.54  2.94  2.65  2.64  2.86  2.37  2.26  2.06  1.72     2.57  2.08  3.25  2.72  2.23
 45   90     1.82  2.51  3.09  3.25  2.54  2.27  2.27  2.47  2.08  2.02  1.89  1.62     2.32  1.98  2.96  2.34  1.99
 60   10     1.72  2.51  3.39  4.46  4.71  4.49  4.39  4.37  3.26  2.65  1.98  1.52     3.29  1.92  4.18  4.42  2.63
 60   20     1.78  2.58  3.45  4.46  4.64  4.39  4.31  4.33  3.26  2.71  2.07  1.59     3.30  1.98  4.18  4.34  2.68
 60   30     1.82  2.63  3.48  4.41  4.51  4.23  4.16  4.22  3.21  2.71  2.12  1.64     3.26  2.03  4.13  4.20  2.68
 60   40     1.84  2.64  3.47  4.31  4.30  4.01  3.95  4.06  3.11  2.67  2.14  1.66     3.18  2.05  4.03  4.00  2.64
 60   50     1.84  2.63  3.42  4.15  4.04  3.74  3.68  3.82  2.96  2.58  2.12  1.66     3.05  2.04  3.87  3.75  2.55
 60   60     1.83  2.59  3.35  3.97  3.74  3.43  3.39  3.55  2.77  2.45  2.06  1.64     2.90  2.02  3.69  3.46  2.42
 60   70     1.78  2.52  3.24  3.74  3.39  3.09  3.06  3.23  2.54  2.28  1.96  1.59     2.70  1.97  3.46  3.13  2.26
 60   80     1.73  2.44  3.12  3.50  3.03  2.74  2.71  2.89  2.29  2.08  1.83  1.52     2.49  1.90  3.22  2.78  2.07
 60   90     1.66  2.34  2.97  3.24  2.67  2.39  2.37  2.54  2.02  1.86  1.68  1.44     2.26  1.81  2.96  2.43  1.85
 75   10     1.67  2.45  3.34  4.41  4.69  4.48  4.38  4.34  3.22  2.59  1.92  1.48     3.25  1.87  4.15  4.40  2.58
 75   20     1.70  2.48  3.35  4.38  4.61  4.38  4.29  4.28  3.19  2.59  1.95  1.50     3.22  1.89  4.11  4.32  2.58
 75   30     1.71  2.48  3.34  4.29  4.46  4.22  4.13  4.15  3.11  2.56  1.96  1.51     3.16  1.90  4.03  4.17  2.54
 75   40     1.70  2.47  3.30  4.18  4.26  4.00  3.93  3.98  2.98  2.48  1.94  1.50     3.06  1.89  3.91  3.97  2.47
 75   50     1.68  2.43  3.24  4.02  4.01  3.73  3.67  3.75  2.83  2.38  1.89  1.48     2.93  1.86  3.76  3.72  2.37
 75   60     1.65  2.38  3.16  3.83  3.72  3.44  3.38  3.48  2.63  2.23  1.81  1.44     2.76  1.83  3.57  3.43  2.23
 75   70     1.61  2.32  3.07  3.63  3.40  3.12  3.07  3.19  2.42  2.07  1.72  1.40     2.59  1.77  3.37  3.13  2.07
 75   80     1.55  2.24  2.96  3.41  3.06  2.79  2.75  2.87  2.18  1.89  1.60  1.33     2.38  1.71  3.14  2.80  1.89
 75   90     1.50  2.16  2.84  3.18  2.71  2.45  2.41  2.54  1.94  1.69  1.46  1.26     2.18  1.64  2.91  2.47  1.69
 90   10     1.63  2.40  3.28  4.36  4.67  4.47  4.37  4.31  3.17  2.53  1.85  1.43     3.21  1.82  4.11  4.38  2.52
 90   20     1.61  2.37  3.24  4.29  4.57  4.36  4.26  4.22  3.10  2.47  1.83  1.41     3.14  1.79  4.03  4.28  2.47
 90   30     1.59  2.33  3.19  4.17  4.41  4.19  4.10  4.07  2.99  2.39  1.78  1.38     3.05  1.76  3.92  4.12  2.39
 90   40     1.55  2.28  3.12  4.01  4.19  3.97  3.88  3.87  2.84  2.29  1.73  1.34     2.92  1.72  3.77  3.91  2.28
 90   50     1.52  2.23  3.04  3.85  3.94  3.71  3.63  3.64  2.67  2.15  1.66  1.31     2.78  1.69  3.61  3.66  2.16
 90   60     1.48  2.17  2.95  3.67  3.64  3.41  3.34  3.37  2.48  2.01  1.57  1.26     2.61  1.64  3.42  3.37  2.02
 90   70     1.44  2.11  2.87  3.46  3.34  3.10  3.04  3.08  2.26  1.84  1.47  1.21     2.44  1.59  3.22  3.07  1.86
 90   80     1.39  2.04  2.77  3.27  3.02  2.79  2.73  2.79  2.05  1.68  1.37  1.16     2.25  1.53  3.02  2.77  1.70
 90   90     1.35  1.99  2.68  3.06  2.70  2.46  2.42  2.48  1.82  1.50  1.25  1.10     2.07  1.48  2.81  2.46  1.52
105   10     1.59  2.34  3.22  4.32  4.65  4.46  4.36  4.28  3.13  2.47  1.78  1.38     3.16  1.77  4.06  4.37  2.46
105   20     1.52  2.26  3.13  4.19  4.52  4.34  4.24  4.15  3.01  2.35  1.70  1.31     3.06  1.70  3.95  4.24  2.35
105   30     1.47  2.17  3.02  4.02  4.33  4.16  4.05  3.96  2.86  2.22  1.61  1.25     2.93  1.63  3.79  4.05  2.23
105   40     1.41  2.10  2.92  3.83  4.09  3.92  3.81  3.73  2.69  2.08  1.51  1.19     2.77  1.57  3.62  3.82  2.09
105   50     1.37  2.03  2.82  3.64  3.82  3.64  3.55  3.48  2.49  1.93  1.42  1.14     2.61  1.51  3.43  3.56  1.95
105   60     1.33  1.97  2.73  3.45  3.52  3.34  3.26  3.21  2.29  1.77  1.34  1.09     2.44  1.46  3.24  3.27  1.80
105   70     1.30  1.92  2.65  3.26  3.21  3.03  2.95  2.93  2.09  1.63  1.24  1.05     2.27  1.42  3.04  2.97  1.65
105   80     1.26  1.87  2.58  3.07  2.91  2.72  2.65  2.64  1.88  1.47  1.15  1.01     2.10  1.38  2.85  2.67  1.50
105   90     1.24  1.83  2.50  2.90  2.61  2.42  2.36  2.37  1.69  1.32  1.06  0.96     1.94  1.34  2.67  2.38  1.35
120   10     1.54  2.29  3.17  4.27  4.63  4.46  4.35  4.24  3.09  2.41  1.72  1.33     3.12  1.72  4.02  4.35  2.40
120   20     1.45  2.15  3.02  4.09  4.47  4.32  4.21  4.07  2.93  2.24  1.57  1.22     2.98  1.61  3.86  4.20  2.25
120   30     1.36  2.02  2.87  3.87  4.25  4.11  4.00  3.85  2.73  2.05  1.43  1.13     2.81  1.50  3.66  3.98  2.07
120   40     1.29  1.92  2.72  3.64  3.97  3.84  3.73  3.58  2.52  1.87  1.31  1.06     2.62  1.42  3.44  3.72  1.90
120   50     1.24  1.84  2.60  3.41  3.66  3.54  3.44  3.29  2.31  1.70  1.21  1.00     2.44  1.36  3.22  3.43  1.74
120   60     1.20  1.78  2.50  3.20  3.35  3.23  3.13  3.01  2.10  1.55  1.12  0.96     2.26  1.31  3.02  3.12  1.59
120   70     1.18  1.74  2.43  3.02  3.04  2.91  2.83  2.73  1.90  1.41  1.04  0.93     2.10  1.28  2.83  2.82  1.45
120   80     1.16  1.72  2.37  2.85  2.74  2.61  2.53  2.46  1.71  1.27  0.97  0.90     1.94  1.26  2.65  2.53  1.32
120   90     1.15  1.69  2.34  2.70  2.46  2.32  2.24  2.19  1.53  1.15  0.90  0.87     1.80  1.24  2.50  2.25  1.20
135   10     1.51  2.24  3.12  4.23  4.61  4.45  4.34  4.21  3.05  2.36  1.66  1.29     3.09  1.68  3.99  4.33  2.36
135   20     1.37  2.06  2.92  4.00  4.43  4.30  4.18  4.01  2.85  2.13  1.46  1.14     2.90  1.53  3.78  4.16  2.15
135   30     1.26  1.89  2.72  3.73  4.17  4.08  3.95  3.74  2.62  1.90  1.27  1.02     2.69  1.39  3.54  3.92  1.93
135   40     1.18  1.76  2.53  3.45  3.84  3.78  3.65  3.42  2.37  1.68  1.13  0.94     2.48  1.29  3.27  3.62  1.73
135   50     1.14  1.67  2.39  3.17  3.48  3.44  3.32  3.09  2.12  1.50  1.03  0.90     2.27  1.24  3.01  3.28  1.55
135   60     1.12  1.63  2.29  2.94  3.13  3.09  2.98  2.77  1.90  1.35  0.95  0.87     2.08  1.20  2.79  2.94  1.40
135   70     1.11  1.60  2.23  2.75  2.81  2.75  2.66  2.47  1.71  1.22  0.89  0.85     1.92  1.19  2.59  2.63  1.27
135   80     1.11  1.60  2.19  2.60  2.52  2.45  2.36  2.22  1.54  1.11  0.84  0.83     1.78  1.18  2.44  2.34  1.16
135   90     1.11  1.60  2.19  2.49  2.26  2.17  2.10  1.99  1.38  1.01  0.79  0.82     1.66  1.18  2.31  2.09  1.06
150   10     1.48  2.20  3.08  4.20  4.59  4.45  4.33  4.19  3.02  2.31  1.61  1.26     3.06  1.65  3.96  4.32  2.32
150   20     1.32  1.99  2.85  3.94  4.39  4.29  4.16  3.96  2.79  2.04  1.37  1.08     2.85  1.46  3.73  4.14  2.07
150   30     1.18  1.78  2.60  3.62  4.11  4.05  3.92  3.65  2.52  1.76  1.14  0.94     2.61  1.30  3.44  3.88  1.81
150   40     1.10  1.62  2.36  3.27  3.74  3.74  3.60  3.29  2.22  1.51  0.98  0.86     2.36  1.20  3.13  3.54  1.57
150   50     1.09  1.54  2.18  2.94  3.32  3.36  3.22  2.89  1.94  1.31  0.89  0.84     2.13  1.16  2.81  3.15  1.38
150   60     1.09  1.52  2.08  2.66  2.90  2.94  2.81  2.51  1.71  1.18  0.85  0.84     1.92  1.15  2.55  2.76  1.25
150   70     1.09  1.52  2.05  2.47  2.54  2.56  2.45  2.21  1.53  1.09  0.81  0.83     1.76  1.15  2.35  2.41  1.14
150   80     1.09  1.54  2.05  2.36  2.25  2.26  2.16  1.97  1.39  1.00  0.77  0.82     1.64  1.15  2.22  2.13  1.05
150   90     1.10  1.56  2.07  2.29  2.02  2.00  1.92  1.77  1.26  0.93  0.73  0.81     1.54  1.16  2.13  1.90  0.97
165   10     1.46  2.18  3.06  4.18  4.58  4.45  4.32  4.17  3.00  2.29  1.58  1.24     3.04  1.63  3.94  4.32  2.29
165   20     1.28  1.94  2.80  3.90  4.37  4.29  4.15  3.93  2.75  1.99  1.30  1.03     2.81  1.42  3.69  4.12  2.01
165   30     1.12  1.70  2.51  3.56  4.07  4.05  3.90  3.60  2.45  1.67  1.03  0.87     2.54  1.23  3.38  3.85  1.72
165   40     1.08  1.50  2.23  3.17  3.69  3.74  3.58  3.21  2.12  1.36  0.89  0.85     2.29  1.15  3.03  3.51  1.46
165   50     1.08  1.47  2.00  2.76  3.25  3.36  3.19  2.76  1.78  1.16  0.86  0.84     2.04  1.13  2.67  3.10  1.27
165   60     1.09  1.49  1.93  2.39  2.75  2.92  2.75  2.27  1.53  1.08  0.83  0.84     1.82  1.14  2.36  2.65  1.15
165   70     1.09  1.51  1.94  2.21  2.26  2.44  2.27  1.93  1.39  1.02  0.80  0.83     1.64  1.14  2.14  2.21  1.07
165   80     1.09  1.53  1.97  2.15  1.99  2.07  1.96  1.73  1.28  0.96  0.76  0.82     1.52  1.15  2.04  1.92  1.00
165   90     1.10  1.55  2.01  2.12  1.80  1.85  1.75  1.57  1.18  0.89  0.72  0.81     1.45  1.15  1.98  1.72  0.93
180   10     1.45  2.17  3.05  4.18  4.58  4.45  4.32  4.17  3.00  2.28  1.57  1.23     3.04  1.62  3.94  4.31  2.28
180   20     1.26  1.92  2.78  3.89  4.36  4.29  4.15  3.91  2.74  1.97  1.27  1.02     2.80  1.40  3.67  4.12  1.99
180   30     1.10  1.66  2.48  3.55  4.05  4.05  3.89  3.58  2.43  1.63  0.99  0.86     2.52  1.20  3.36  3.84  1.69
180   40     1.08  1.45  2.17  3.16  3.67  3.74  3.56  3.19  2.09  1.28  0.89  0.85     2.26  1.13  3.00  3.50  1.42
180   50     1.08  1.47  1.86  2.73  3.22  3.36  3.18  2.73  1.71  1.13  0.86  0.84     2.02  1.13  2.60  3.09  1.24
180   60     1.09  1.49  1.88  2.29  2.72  2.92  2.73  2.24  1.41  1.08  0.83  0.84     1.79  1.14  2.29  2.63  1.11
180   70     1.09  1.51  1.92  2.07  2.18  2.45  2.26  1.77  1.32  1.02  0.80  0.83     1.60  1.14  2.06  2.16  1.05
180   80     1.09  1.53  1.96  2.06  1.85  2.01  1.87  1.60  1.24  0.96  0.76  0.82     1.48  1.15  1.95  1.83  0.98
180   90     1.10  1.55  2.00  2.06  1.69  1.79  1.67  1.48  1.15  0.89  0.72  0.81     1.41  1.15  1.91  1.65  0.92
             61.9  56.2  44.6  24.2   7.9   2.4   5.0  14.1  25.6  40.4  53.9  61.3     27.1  59.5  22.5   7.3  39.2
             2.24  3.09  3.82  4.63  4.73  4.52  4.42  4.42  3.42  3.07  2.65  2.10     3.59  2.48  4.32  4.44  3.00
             2.04  2.90  3.73  4.62  4.57  4.27  4.22  4.34  3.42  3.01  2.44  1.88     3.45  2.27  4.31  4.28  2.96
             1.10  1.07  1.02  1.00  1.04  1.06  1.05  1.02  1.00  1.02  1.09  1.12     1.05  1.09  1.02  1.04  1.04
             1.24  1.19  1.13  1.05  0.97  0.95  0.95  1.00  1.07  1.18  1.31  1.30     1.11  1.24  1.05  0.97  1.19
temperature  -3.9  -3.7  -0.5   5.5  11.5  15.6  19.3  20.2  16.0   9.6   4.0  -1.0      7.7  -2.9   5.5  18.4   9.9
diffusedrad  1.19  1.65  2.07  2.42  2.47  2.62  2.54  2.32  1.92  1.50  1.10  0.98     1.90  1.27  2.32  2.49  1.50
snow10cm     0.97  0.98  0.96  0.56  0.04  0.00  0.00  0.00  0.00  0.00  0.15  0.65     0.36  0.87  0.52  0.00  0.05
