2 40091   小瀬            36 36.4  140 19.5   95
             2.52  3.13  3.67  4.30  4.58  4.01  4.00  4.09  3.17  2.79  2.34  2.27     3.41  2.64  4.18  4.04  2.77
             2.83  3.65  4.15  5.17  5.36  4.70  5.98  5.28  3.98  3.51  2.94  2.61     3.76  2.93  4.55  5.03  3.08
             2.02  2.28  2.58  3.34  4.02  2.78  2.80  2.96  2.15  2.18  1.73  1.93     3.05  2.37  3.68  3.28  2.50
  0   10     3.08  3.55  3.96  4.43  4.59  4.00  3.98  4.15  3.31  3.05  2.72  2.77     3.63  3.13  4.33  4.04  3.03
  0   20     3.57  3.91  4.16  4.48  4.52  3.92  3.91  4.14  3.38  3.25  3.06  3.24     3.79  3.57  4.39  3.99  3.23
  0   30     3.97  4.18  4.27  4.43  4.37  3.76  3.76  4.04  3.38  3.38  3.32  3.62     3.87  3.92  4.35  3.85  3.36
  0   40     4.26  4.35  4.28  4.29  4.13  3.54  3.55  3.87  3.31  3.44  3.50  3.91     3.87  4.17  4.23  3.65  3.42
  0   50     4.45  4.41  4.19  4.05  3.82  3.26  3.28  3.62  3.18  3.42  3.59  4.10     3.78  4.32  4.02  3.38  3.40
  0   60     4.52  4.36  4.01  3.74  3.44  2.93  2.95  3.30  2.98  3.31  3.60  4.18     3.61  4.36  3.73  3.06  3.30
  0   70     4.48  4.21  3.74  3.36  3.00  2.56  2.59  2.93  2.73  3.14  3.52  4.15     3.37  4.28  3.36  2.69  3.13
  0   80     4.31  3.95  3.38  2.90  2.53  2.18  2.19  2.51  2.43  2.90  3.35  4.01     3.05  4.09  2.94  2.30  2.89
  0   90     4.04  3.59  2.96  2.40  2.04  1.79  1.79  2.07  2.10  2.60  3.10  3.76     2.69  3.80  2.47  1.88  2.60
 15   10     3.06  3.53  3.95  4.42  4.59  4.00  3.98  4.14  3.30  3.04  2.70  2.75     3.62  3.12  4.32  4.04  3.01
 15   20     3.54  3.88  4.15  4.47  4.52  3.91  3.91  4.13  3.37  3.23  3.02  3.20     3.78  3.54  4.38  3.98  3.21
 15   30     3.92  4.14  4.25  4.42  4.37  3.76  3.77  4.04  3.37  3.36  3.26  3.56     3.85  3.88  4.35  3.86  3.33
 15   40     4.21  4.30  4.25  4.28  4.13  3.54  3.55  3.86  3.30  3.40  3.42  3.84     3.84  4.12  4.22  3.65  3.37
 15   50     4.39  4.35  4.16  4.05  3.83  3.27  3.29  3.62  3.16  3.37  3.50  4.01     3.75  4.25  4.01  3.39  3.35
 15   60     4.45  4.29  3.98  3.75  3.46  2.95  2.96  3.31  2.97  3.27  3.50  4.08     3.58  4.27  3.73  3.07  3.25
 15   70     4.39  4.13  3.71  3.37  3.03  2.59  2.61  2.94  2.72  3.09  3.41  4.04     3.34  4.19  3.37  2.71  3.07
 15   80     4.23  3.87  3.36  2.92  2.57  2.21  2.23  2.54  2.43  2.85  3.23  3.90     3.03  4.00  2.95  2.33  2.84
 15   90     3.95  3.51  2.94  2.46  2.10  1.84  1.84  2.11  2.09  2.54  2.98  3.65     2.67  3.70  2.50  1.93  2.54
 30   10     3.01  3.49  3.92  4.41  4.58  4.00  3.98  4.13  3.28  3.01  2.65  2.70     3.60  3.06  4.30  4.04  2.98
 30   20     3.43  3.79  4.09  4.44  4.52  3.92  3.91  4.11  3.34  3.18  2.92  3.09     3.73  3.44  4.35  3.98  3.15
 30   30     3.77  4.01  4.18  4.38  4.38  3.76  3.77  4.01  3.32  3.27  3.12  3.40     3.78  3.73  4.31  3.85  3.24
 30   40     4.01  4.13  4.17  4.25  4.16  3.56  3.56  3.85  3.25  3.30  3.25  3.63     3.76  3.92  4.19  3.66  3.27
 30   50     4.15  4.14  4.07  4.02  3.86  3.29  3.30  3.61  3.12  3.26  3.29  3.76     3.66  4.02  3.98  3.40  3.22
 30   60     4.18  4.06  3.88  3.73  3.51  2.99  3.00  3.31  2.92  3.14  3.27  3.80     3.48  4.01  3.70  3.10  3.11
 30   70     4.10  3.88  3.61  3.37  3.12  2.65  2.66  2.97  2.68  2.96  3.16  3.74     3.24  3.91  3.37  2.76  2.93
 30   80     3.92  3.62  3.27  2.96  2.70  2.29  2.31  2.59  2.40  2.71  2.97  3.58     2.94  3.71  2.98  2.40  2.69
 30   90     3.64  3.27  2.87  2.53  2.27  1.95  1.96  2.20  2.08  2.42  2.72  3.33     2.60  3.41  2.56  2.03  2.41
 45   10     2.92  3.41  3.87  4.38  4.58  4.00  3.98  4.12  3.26  2.97  2.58  2.61     3.56  2.98  4.28  4.03  2.94
 45   20     3.25  3.65  4.01  4.39  4.51  3.91  3.90  4.08  3.29  3.09  2.79  2.91     3.65  3.27  4.30  3.97  3.06
 45   30     3.51  3.79  4.05  4.33  4.37  3.77  3.77  3.98  3.27  3.16  2.94  3.15     3.67  3.48  4.25  3.84  3.12
 45   40     3.69  3.87  4.02  4.18  4.16  3.56  3.57  3.81  3.18  3.15  3.01  3.30     3.63  3.62  4.12  3.65  3.11
 45   50     3.78  3.86  3.91  3.96  3.89  3.31  3.33  3.58  3.04  3.08  3.02  3.38     3.51  3.67  3.92  3.41  3.05
 45   60     3.77  3.75  3.72  3.68  3.56  3.02  3.04  3.29  2.85  2.96  2.96  3.38     3.33  3.63  3.65  3.12  2.92
 45   70     3.67  3.56  3.46  3.35  3.20  2.71  2.72  2.98  2.61  2.78  2.84  3.29     3.10  3.50  3.34  2.80  2.74
 45   80     3.47  3.30  3.15  2.97  2.81  2.38  2.40  2.63  2.35  2.54  2.65  3.12     2.81  3.30  2.98  2.47  2.51
 45   90     3.21  2.98  2.78  2.58  2.42  2.05  2.06  2.27  2.06  2.27  2.40  2.87     2.50  3.02  2.59  2.13  2.24
 60   10     2.80  3.31  3.81  4.34  4.56  3.99  3.97  4.09  3.23  2.90  2.50  2.49     3.50  2.87  4.24  4.02  2.88
 60   20     3.04  3.46  3.89  4.32  4.50  3.91  3.89  4.04  3.23  2.98  2.63  2.69     3.55  3.06  4.24  3.94  2.95
 60   30     3.21  3.54  3.89  4.24  4.36  3.76  3.76  3.93  3.18  3.00  2.70  2.84     3.53  3.20  4.16  3.81  2.96
 60   40     3.30  3.55  3.83  4.08  4.15  3.56  3.56  3.75  3.08  2.96  2.73  2.92     3.46  3.26  4.02  3.63  2.93
 60   50     3.33  3.50  3.70  3.86  3.90  3.33  3.33  3.52  2.93  2.88  2.70  2.93     3.33  3.25  3.82  3.39  2.84
 60   60     3.29  3.37  3.52  3.60  3.60  3.05  3.06  3.26  2.74  2.73  2.61  2.89     3.14  3.19  3.57  3.13  2.70
 60   70     3.17  3.17  3.26  3.27  3.25  2.75  2.76  2.95  2.52  2.56  2.48  2.78     2.91  3.04  3.26  2.82  2.52
 60   80     2.98  2.94  2.98  2.94  2.90  2.44  2.45  2.63  2.27  2.33  2.30  2.61     2.65  2.84  2.94  2.51  2.30
 60   90     2.74  2.65  2.64  2.58  2.54  2.14  2.15  2.30  2.00  2.09  2.07  2.38     2.36  2.59  2.59  2.20  2.05
 75   10     2.66  3.20  3.73  4.30  4.55  3.99  3.96  4.07  3.19  2.84  2.40  2.36     3.44  2.74  4.19  4.00  2.81
 75   20     2.78  3.25  3.74  4.24  4.47  3.90  3.88  3.99  3.16  2.85  2.44  2.45     3.43  2.83  4.15  3.92  2.81
 75   30     2.84  3.24  3.70  4.12  4.32  3.75  3.73  3.85  3.08  2.82  2.45  2.49     3.37  2.86  4.05  3.78  2.78
 75   40     2.87  3.20  3.59  3.95  4.12  3.55  3.55  3.67  2.96  2.74  2.41  2.50     3.26  2.86  3.89  3.59  2.70
 75   50     2.83  3.09  3.45  3.73  3.86  3.32  3.31  3.45  2.80  2.63  2.35  2.46     3.11  2.80  3.68  3.36  2.60
 75   60     2.77  2.96  3.25  3.46  3.58  3.06  3.05  3.18  2.61  2.48  2.24  2.37     2.92  2.70  3.43  3.10  2.44
 75   70     2.64  2.77  3.02  3.17  3.26  2.77  2.77  2.90  2.40  2.31  2.10  2.26     2.70  2.56  3.15  2.82  2.27
 75   80     2.46  2.54  2.75  2.85  2.92  2.47  2.48  2.60  2.16  2.11  1.94  2.10     2.45  2.37  2.84  2.52  2.07
 75   90     2.26  2.30  2.47  2.53  2.59  2.18  2.18  2.29  1.92  1.88  1.73  1.91     2.19  2.15  2.53  2.21  1.85
 90   10     2.52  3.07  3.65  4.25  4.53  3.98  3.95  4.04  3.15  2.76  2.29  2.22     3.37  2.60  4.14  3.99  2.73
 90   20     2.50  3.02  3.58  4.15  4.43  3.88  3.86  3.93  3.08  2.70  2.25  2.18     3.30  2.57  4.05  3.89  2.67
 90   30     2.47  2.93  3.48  3.99  4.27  3.73  3.70  3.77  2.96  2.62  2.17  2.13     3.19  2.51  3.91  3.73  2.59
 90   40     2.41  2.81  3.34  3.79  4.06  3.53  3.51  3.57  2.81  2.50  2.09  2.06     3.04  2.42  3.73  3.54  2.47
 90   50     2.34  2.68  3.15  3.56  3.80  3.29  3.28  3.34  2.65  2.37  1.98  1.98     2.87  2.33  3.50  3.30  2.33
 90   60     2.22  2.50  2.96  3.29  3.51  3.03  3.02  3.08  2.46  2.21  1.87  1.87     2.67  2.20  3.25  3.04  2.18
 90   70     2.11  2.34  2.73  3.00  3.21  2.75  2.74  2.79  2.24  2.03  1.72  1.76     2.45  2.07  2.98  2.76  2.00
 90   80     1.95  2.13  2.49  2.71  2.89  2.47  2.46  2.52  2.03  1.86  1.58  1.62     2.23  1.90  2.70  2.48  1.82
 90   90     1.79  1.93  2.24  2.41  2.57  2.18  2.18  2.23  1.80  1.66  1.42  1.46     1.99  1.73  2.40  2.20  1.63
105   10     2.37  2.95  3.56  4.20  4.51  3.97  3.94  4.00  3.10  2.69  2.19  2.08     3.30  2.47  4.09  3.97  2.66
105   20     2.22  2.78  3.42  4.05  4.39  3.87  3.83  3.87  2.99  2.56  2.05  1.92     3.16  2.31  3.95  3.86  2.53
105   30     2.07  2.60  3.23  3.84  4.20  3.70  3.67  3.67  2.84  2.41  1.91  1.77     2.99  2.15  3.76  3.68  2.39
105   40     1.96  2.42  3.04  3.60  3.96  3.49  3.46  3.45  2.67  2.26  1.77  1.65     2.81  2.01  3.54  3.46  2.23
105   50     1.84  2.24  2.84  3.34  3.69  3.24  3.21  3.20  2.47  2.10  1.63  1.52     2.61  1.87  3.29  3.22  2.07
105   60     1.71  2.08  2.62  3.07  3.40  2.97  2.95  2.93  2.28  1.93  1.51  1.41     2.41  1.74  3.03  2.95  1.90
105   70     1.61  1.91  2.41  2.79  3.09  2.70  2.67  2.66  2.08  1.77  1.38  1.30     2.20  1.60  2.77  2.68  1.74
105   80     1.48  1.74  2.19  2.51  2.79  2.42  2.40  2.38  1.87  1.60  1.26  1.20     1.99  1.47  2.50  2.40  1.57
105   90     1.36  1.57  1.97  2.25  2.49  2.15  2.13  2.12  1.67  1.44  1.13  1.07     1.78  1.33  2.23  2.13  1.42
120   10     2.23  2.83  3.48  4.15  4.49  3.97  3.93  3.98  3.06  2.61  2.09  1.95     3.23  2.34  4.04  3.96  2.59
120   20     1.95  2.55  3.25  3.94  4.34  3.85  3.81  3.81  2.90  2.41  1.86  1.67     3.03  2.06  3.85  3.82  2.39
120   30     1.71  2.28  2.99  3.68  4.12  3.67  3.62  3.58  2.71  2.20  1.65  1.44     2.81  1.81  3.60  3.62  2.19
120   40     1.52  2.04  2.74  3.40  3.85  3.43  3.39  3.32  2.51  2.00  1.46  1.26     2.58  1.61  3.33  3.38  1.99
120   50     1.37  1.83  2.50  3.10  3.55  3.17  3.13  3.04  2.30  1.82  1.31  1.11     2.35  1.44  3.05  3.11  1.81
120   60     1.26  1.66  2.28  2.81  3.24  2.89  2.85  2.76  2.09  1.66  1.19  1.02     2.14  1.31  2.78  2.83  1.64
120   70     1.17  1.50  2.07  2.54  2.93  2.61  2.57  2.48  1.89  1.50  1.08  0.93     1.94  1.20  2.51  2.55  1.49
120   80     1.08  1.38  1.87  2.28  2.63  2.33  2.30  2.22  1.70  1.36  0.98  0.85     1.75  1.10  2.26  2.28  1.35
120   90     1.00  1.24  1.70  2.03  2.35  2.07  2.04  1.97  1.52  1.23  0.89  0.77     1.57  1.01  2.03  2.03  1.22
135   10     2.10  2.73  3.41  4.11  4.48  3.96  3.92  3.95  3.02  2.55  2.00  1.83     3.17  2.22  4.00  3.94  2.53
135   20     1.71  2.35  3.10  3.85  4.30  3.83  3.79  3.75  2.83  2.28  1.69  1.45     2.91  1.83  3.75  3.79  2.27
135   30     1.37  1.98  2.77  3.54  4.05  3.64  3.59  3.49  2.60  2.02  1.40  1.14     2.63  1.50  3.45  3.57  2.00
135   40     1.13  1.68  2.44  3.20  3.74  3.39  3.33  3.19  2.35  1.77  1.19  0.92     2.36  1.24  3.12  3.30  1.77
135   50     0.99  1.45  2.16  2.85  3.39  3.10  3.03  2.87  2.11  1.56  1.04  0.80     2.11  1.08  2.80  3.00  1.57
135   60     0.89  1.29  1.93  2.53  3.04  2.79  2.72  2.56  1.89  1.40  0.93  0.72     1.89  0.97  2.50  2.69  1.41
135   70     0.84  1.17  1.73  2.25  2.72  2.49  2.44  2.27  1.70  1.27  0.85  0.68     1.70  0.89  2.23  2.40  1.27
135   80     0.79  1.08  1.57  2.01  2.43  2.21  2.17  2.02  1.53  1.15  0.79  0.63     1.53  0.83  2.00  2.13  1.16
135   90     0.75  0.99  1.44  1.80  2.16  1.96  1.92  1.80  1.37  1.05  0.73  0.60     1.38  0.78  1.80  1.90  1.05
150   10     2.00  2.65  3.35  4.08  4.46  3.96  3.92  3.93  3.00  2.50  1.94  1.74     3.13  2.13  3.96  3.94  2.48
150   20     1.50  2.18  2.98  3.79  4.27  3.83  3.77  3.71  2.77  2.18  1.55  1.26     2.82  1.65  3.68  3.77  2.17
150   30     1.07  1.72  2.57  3.42  3.99  3.62  3.56  3.43  2.50  1.85  1.20  0.88     2.48  1.22  3.33  3.54  1.85
150   40     0.81  1.36  2.17  3.01  3.64  3.36  3.28  3.08  2.21  1.55  0.96  0.67     2.17  0.95  2.94  3.24  1.57
150   50     0.72  1.13  1.83  2.60  3.24  3.04  2.95  2.70  1.93  1.33  0.83  0.62     1.91  0.82  2.56  2.90  1.36
150   60     0.69  1.01  1.59  2.24  2.83  2.68  2.60  2.35  1.70  1.19  0.78  0.60     1.69  0.77  2.22  2.54  1.22
150   70     0.67  0.94  1.44  1.96  2.47  2.35  2.27  2.05  1.52  1.09  0.74  0.58     1.51  0.73  1.96  2.23  1.12
150   80     0.65  0.89  1.32  1.75  2.18  2.07  2.01  1.82  1.38  1.00  0.70  0.57     1.36  0.70  1.75  1.97  1.03
150   90     0.63  0.85  1.23  1.58  1.95  1.83  1.78  1.63  1.25  0.94  0.67  0.55     1.24  0.68  1.58  1.75  0.95
165   10     1.93  2.60  3.31  4.06  4.45  3.96  3.91  3.92  2.98  2.47  1.90  1.68     3.10  2.07  3.94  3.93  2.45
165   20     1.35  2.06  2.89  3.75  4.25  3.82  3.77  3.69  2.73  2.11  1.46  1.13     2.75  1.51  3.63  3.76  2.10
165   30     0.85  1.52  2.43  3.36  3.96  3.62  3.55  3.39  2.44  1.73  1.04  0.69     2.38  1.02  3.25  3.52  1.74
165   40     0.70  1.08  1.94  2.91  3.60  3.35  3.27  3.03  2.11  1.37  0.82  0.63     2.07  0.80  2.82  3.21  1.43
165   50     0.69  0.93  1.53  2.41  3.17  3.03  2.93  2.61  1.77  1.14  0.79  0.61     1.80  0.74  2.37  2.86  1.23
165   60     0.68  0.90  1.32  1.95  2.69  2.66  2.55  2.16  1.52  1.06  0.77  0.60     1.57  0.73  1.99  2.46  1.11
165   70     0.66  0.88  1.22  1.68  2.21  2.25  2.13  1.83  1.38  1.00  0.73  0.58     1.38  0.71  1.70  2.07  1.04
165   80     0.65  0.85  1.16  1.52  1.93  1.93  1.84  1.63  1.27  0.94  0.70  0.57     1.25  0.69  1.53  1.80  0.97
165   90     0.63  0.82  1.09  1.40  1.74  1.72  1.65  1.48  1.17  0.89  0.67  0.55     1.15  0.67  1.41  1.61  0.91
180   10     1.90  2.58  3.30  4.06  4.44  3.96  3.91  3.92  2.97  2.46  1.88  1.66     3.09  2.05  3.93  3.93  2.44
180   20     1.29  2.01  2.86  3.74  4.24  3.82  3.76  3.69  2.72  2.08  1.41  1.09     2.73  1.47  3.61  3.76  2.07
180   30     0.78  1.44  2.37  3.35  3.94  3.62  3.54  3.39  2.42  1.68  0.98  0.64     2.35  0.95  3.22  3.52  1.69
180   40     0.70  0.96  1.84  2.89  3.58  3.35  3.26  3.02  2.08  1.27  0.82  0.63     2.03  0.76  2.77  3.21  1.39
180   50     0.69  0.93  1.30  2.38  3.14  3.03  2.92  2.61  1.71  1.09  0.79  0.61     1.77  0.74  2.27  2.85  1.20
180   60     0.68  0.90  1.21  1.85  2.66  2.66  2.54  2.15  1.40  1.05  0.77  0.60     1.54  0.73  1.91  2.45  1.07
180   70     0.66  0.88  1.16  1.52  2.14  2.25  2.12  1.71  1.31  1.00  0.73  0.58     1.34  0.71  1.61  2.03  1.01
180   80     0.65  0.85  1.11  1.41  1.80  1.87  1.77  1.54  1.22  0.94  0.70  0.57     1.20  0.69  1.44  1.73  0.95
180   90     0.63  0.82  1.06  1.32  1.63  1.67  1.58  1.42  1.14  0.88  0.67  0.55     1.11  0.67  1.34  1.55  0.90
             61.0  50.6  36.1  19.8   7.5   2.8   4.8  13.5  25.2  42.1  55.7  62.2     34.5  58.1  21.5   7.4  42.4
             4.52  4.41  4.29  4.48  4.59  4.02  4.00  4.15  3.38  3.44  3.61  4.18     4.09  4.36  4.39  4.05  3.42
             4.11  4.27  4.29  4.38  4.27  3.67  3.68  3.97  3.36  3.42  3.41  3.76     3.88  4.05  4.31  3.77  3.39
             1.10  1.03  1.00  1.02  1.07  1.10  1.09  1.05  1.01  1.01  1.06  1.11     1.05  1.08  1.03  1.08  1.02
             1.63  1.36  1.17  1.02  0.93  0.92  0.92  0.97  1.06  1.23  1.46  1.66     1.19  1.55  1.04  0.94  1.25
temperature   1.6   2.3   5.6  11.2  15.7  19.3  22.9  24.5  20.8  14.8   9.0   3.9     12.6   2.6  10.8  22.2  14.9
diffusedrad  1.04  1.38  1.77  2.16  2.48  2.54  2.45  2.29  1.90  1.49  1.13  0.93     1.80  1.12  2.14  2.43  1.50
snow10cm     0.02  0.02  0.01  0.00  0.00  0.00  0.00  0.00  0.00  0.00  0.00  0.00     0.00  0.01  0.00  0.00  0.00
