2 40281   下妻            36   10  139 56.8   20
             2.56  3.24  3.67  4.27  4.50  3.98  4.02  4.38  3.19  2.77  2.36  2.26     3.43  2.69  4.14  4.13  2.77
             2.98  3.77  4.31  5.25  5.26  4.98  5.87  5.42  3.97  3.63  2.97  2.66     3.81  2.99  4.60  5.13  3.07
             1.96  2.22  2.37  3.45  3.90  2.88  2.98  3.12  1.88  1.55  1.80  1.89     3.12  2.38  3.58  3.39  1.74
  0   10     3.13  3.67  3.95  4.40  4.51  3.96  4.01  4.44  3.32  3.02  2.72  2.74     3.66  3.18  4.29  4.14  3.02
  0   20     3.61  4.05  4.14  4.44  4.44  3.88  3.93  4.42  3.39  3.21  3.05  3.19     3.81  3.62  4.34  4.08  3.22
  0   30     4.01  4.34  4.25  4.39  4.28  3.72  3.78  4.32  3.39  3.33  3.31  3.55     3.89  3.97  4.31  3.94  3.34
  0   40     4.31  4.51  4.25  4.25  4.05  3.50  3.56  4.13  3.32  3.38  3.48  3.82     3.88  4.21  4.18  3.73  3.40
  0   50     4.49  4.57  4.16  4.01  3.74  3.22  3.28  3.85  3.19  3.36  3.57  4.00     3.79  4.36  3.97  3.45  3.37
  0   60     4.56  4.52  3.97  3.70  3.37  2.90  2.95  3.51  2.99  3.25  3.57  4.07     3.61  4.38  3.68  3.12  3.27
  0   70     4.51  4.36  3.70  3.31  2.94  2.53  2.59  3.10  2.73  3.08  3.48  4.03     3.36  4.30  3.31  2.74  3.10
  0   80     4.34  4.09  3.34  2.86  2.48  2.15  2.19  2.64  2.43  2.84  3.31  3.89     3.05  4.11  2.89  2.33  2.86
  0   90     4.06  3.71  2.92  2.37  2.00  1.77  1.79  2.15  2.09  2.54  3.06  3.65     2.67  3.81  2.43  1.90  2.56
 15   10     3.11  3.66  3.94  4.39  4.51  3.96  4.01  4.43  3.32  3.01  2.70  2.72     3.65  3.16  4.28  4.13  3.01
 15   20     3.58  4.03  4.13  4.44  4.44  3.87  3.93  4.42  3.38  3.19  3.01  3.15     3.80  3.59  4.33  4.07  3.19
 15   30     3.97  4.29  4.22  4.38  4.29  3.72  3.78  4.32  3.38  3.31  3.25  3.50     3.87  3.92  4.30  3.94  3.31
 15   40     4.25  4.45  4.22  4.24  4.06  3.50  3.56  4.12  3.31  3.35  3.40  3.75     3.85  4.15  4.17  3.73  3.35
 15   50     4.42  4.51  4.13  4.01  3.75  3.23  3.29  3.86  3.17  3.31  3.48  3.91     3.76  4.28  3.96  3.46  3.32
 15   60     4.48  4.45  3.94  3.70  3.39  2.91  2.97  3.52  2.98  3.21  3.47  3.97     3.58  4.30  3.68  3.13  3.22
 15   70     4.42  4.28  3.67  3.32  2.97  2.56  2.61  3.12  2.73  3.03  3.37  3.93     3.33  4.21  3.32  2.76  3.04
 15   80     4.25  4.00  3.32  2.89  2.52  2.18  2.22  2.68  2.43  2.79  3.19  3.78     3.02  4.01  2.91  2.36  2.80
 15   90     3.97  3.63  2.89  2.42  2.06  1.81  1.84  2.21  2.09  2.48  2.94  3.54     2.66  3.71  2.46  1.95  2.50
 30   10     3.05  3.61  3.91  4.38  4.50  3.96  4.01  4.42  3.30  2.98  2.66  2.67     3.62  3.11  4.26  4.13  2.98
 30   20     3.47  3.93  4.07  4.41  4.44  3.88  3.93  4.40  3.35  3.14  2.92  3.04     3.75  3.48  4.31  4.07  3.14
 30   30     3.81  4.15  4.15  4.34  4.29  3.72  3.78  4.29  3.34  3.23  3.11  3.34     3.80  3.77  4.26  3.93  3.23
 30   40     4.05  4.28  4.14  4.21  4.08  3.52  3.58  4.11  3.27  3.25  3.23  3.55     3.77  3.96  4.14  3.74  3.25
 30   50     4.18  4.29  4.03  3.98  3.79  3.25  3.31  3.85  3.13  3.20  3.27  3.67     3.66  4.05  3.93  3.47  3.20
 30   60     4.21  4.20  3.84  3.68  3.44  2.95  3.01  3.53  2.93  3.09  3.24  3.70     3.48  4.04  3.66  3.16  3.08
 30   70     4.12  4.02  3.58  3.33  3.05  2.61  2.67  3.15  2.69  2.90  3.13  3.63     3.24  3.92  3.32  2.81  2.90
 30   80     3.94  3.74  3.23  2.92  2.64  2.27  2.31  2.75  2.40  2.65  2.94  3.47     2.94  3.72  2.93  2.44  2.66
 30   90     3.65  3.38  2.84  2.49  2.22  1.92  1.96  2.32  2.08  2.37  2.68  3.22     2.59  3.42  2.52  2.06  2.38
 45   10     2.96  3.53  3.86  4.35  4.50  3.96  4.00  4.40  3.28  2.94  2.59  2.58     3.58  3.03  4.24  4.12  2.93
 45   20     3.29  3.77  3.99  4.36  4.43  3.87  3.93  4.36  3.31  3.05  2.79  2.87     3.67  3.31  4.26  4.05  3.05
 45   30     3.55  3.93  4.03  4.29  4.29  3.73  3.79  4.26  3.28  3.11  2.93  3.09     3.69  3.52  4.21  3.92  3.11
 45   40     3.73  4.01  4.00  4.14  4.08  3.52  3.58  4.07  3.19  3.11  3.00  3.23     3.64  3.66  4.07  3.73  3.10
 45   50     3.81  3.99  3.88  3.92  3.82  3.28  3.34  3.83  3.05  3.03  3.00  3.31     3.52  3.70  3.88  3.48  3.03
 45   60     3.80  3.88  3.69  3.64  3.49  2.99  3.05  3.51  2.86  2.91  2.94  3.29     3.34  3.66  3.61  3.18  2.90
 45   70     3.69  3.68  3.43  3.31  3.14  2.68  2.73  3.17  2.62  2.72  2.81  3.20     3.10  3.52  3.29  2.86  2.72
 45   80     3.49  3.41  3.11  2.93  2.76  2.35  2.40  2.79  2.35  2.49  2.62  3.03     2.81  3.31  2.93  2.52  2.49
 45   90     3.22  3.07  2.75  2.54  2.37  2.03  2.07  2.40  2.06  2.22  2.37  2.78     2.49  3.02  2.55  2.17  2.22
 60   10     2.84  3.43  3.80  4.32  4.49  3.95  4.00  4.38  3.25  2.88  2.50  2.47     3.52  2.91  4.20  4.11  2.88
 60   20     3.08  3.58  3.87  4.29  4.42  3.87  3.92  4.32  3.25  2.95  2.63  2.65     3.57  3.10  4.19  4.03  2.94
 60   30     3.24  3.67  3.88  4.20  4.28  3.72  3.78  4.20  3.19  2.96  2.70  2.80     3.55  3.24  4.12  3.90  2.95
 60   40     3.33  3.67  3.81  4.05  4.07  3.53  3.58  4.01  3.09  2.92  2.72  2.87     3.47  3.29  3.98  3.71  2.91
 60   50     3.36  3.62  3.67  3.83  3.82  3.29  3.34  3.76  2.94  2.83  2.69  2.87     3.34  3.28  3.77  3.46  2.82
 60   60     3.31  3.49  3.49  3.56  3.52  3.02  3.08  3.48  2.75  2.69  2.59  2.82     3.15  3.21  3.52  3.19  2.68
 60   70     3.19  3.28  3.23  3.24  3.18  2.72  2.77  3.15  2.52  2.51  2.46  2.71     2.92  3.06  3.22  2.88  2.50
 60   80     2.99  3.04  2.95  2.91  2.84  2.41  2.46  2.81  2.28  2.29  2.28  2.54     2.65  2.86  2.90  2.56  2.28
 60   90     2.75  2.73  2.61  2.55  2.48  2.11  2.15  2.46  2.00  2.05  2.05  2.31     2.36  2.60  2.55  2.24  2.03
 75   10     2.70  3.31  3.73  4.27  4.47  3.95  3.99  4.34  3.21  2.81  2.41  2.34     3.46  2.79  4.16  4.09  2.81
 75   20     2.82  3.36  3.73  4.21  4.39  3.86  3.90  4.26  3.17  2.82  2.44  2.42     3.45  2.87  4.11  4.01  2.81
 75   30     2.88  3.35  3.69  4.09  4.25  3.71  3.76  4.12  3.09  2.79  2.45  2.46     3.38  2.90  4.01  3.86  2.78
 75   40     2.90  3.31  3.58  3.92  4.04  3.52  3.57  3.93  2.97  2.71  2.41  2.46     3.28  2.89  3.85  3.67  2.70
 75   50     2.86  3.20  3.43  3.70  3.79  3.28  3.33  3.68  2.81  2.60  2.34  2.42     3.12  2.83  3.64  3.43  2.59
 75   60     2.79  3.05  3.23  3.43  3.51  3.02  3.07  3.40  2.62  2.45  2.23  2.33     2.93  2.72  3.39  3.16  2.43
 75   70     2.66  2.86  3.00  3.14  3.20  2.74  2.79  3.10  2.41  2.27  2.09  2.21     2.71  2.58  3.11  2.88  2.26
 75   80     2.47  2.62  2.73  2.82  2.86  2.45  2.49  2.77  2.17  2.07  1.92  2.05     2.45  2.38  2.80  2.57  2.05
 75   90     2.27  2.37  2.44  2.50  2.53  2.15  2.19  2.44  1.93  1.85  1.72  1.86     2.19  2.17  2.49  2.26  1.83
 90   10     2.56  3.18  3.65  4.22  4.45  3.94  3.98  4.31  3.16  2.74  2.30  2.20     3.39  2.65  4.11  4.08  2.73
 90   20     2.54  3.12  3.57  4.12  4.36  3.85  3.88  4.20  3.09  2.68  2.25  2.17     3.32  2.61  4.02  3.98  2.67
 90   30     2.50  3.03  3.47  3.96  4.20  3.69  3.73  4.02  2.98  2.59  2.18  2.12     3.21  2.55  3.88  3.81  2.58
 90   40     2.44  2.90  3.32  3.76  3.98  3.50  3.53  3.81  2.83  2.48  2.09  2.04     3.06  2.46  3.69  3.61  2.47
 90   50     2.36  2.77  3.14  3.53  3.73  3.26  3.30  3.56  2.66  2.34  1.98  1.96     2.88  2.36  3.47  3.37  2.33
 90   60     2.25  2.58  2.94  3.27  3.44  3.00  3.04  3.28  2.47  2.19  1.86  1.85     2.68  2.22  3.22  3.11  2.17
 90   70     2.13  2.41  2.71  2.98  3.15  2.73  2.76  2.98  2.25  2.01  1.72  1.73     2.46  2.09  2.94  2.82  1.99
 90   80     1.96  2.19  2.47  2.69  2.84  2.44  2.48  2.68  2.04  1.83  1.58  1.59     2.23  1.91  2.66  2.54  1.82
 90   90     1.80  1.99  2.22  2.39  2.51  2.16  2.19  2.37  1.81  1.63  1.41  1.43     1.99  1.74  2.37  2.24  1.62
105   10     2.41  3.05  3.56  4.17  4.44  3.94  3.97  4.28  3.12  2.66  2.20  2.07     3.32  2.51  4.06  4.06  2.66
105   20     2.26  2.87  3.41  4.02  4.32  3.83  3.86  4.13  3.01  2.54  2.06  1.91     3.18  2.35  3.92  3.94  2.53
105   30     2.11  2.69  3.23  3.82  4.13  3.67  3.69  3.92  2.86  2.39  1.92  1.77     3.02  2.19  3.73  3.76  2.39
105   40     1.98  2.50  3.04  3.58  3.90  3.46  3.48  3.67  2.68  2.24  1.77  1.64     2.83  2.04  3.50  3.54  2.23
105   50     1.86  2.31  2.83  3.32  3.63  3.21  3.23  3.41  2.49  2.08  1.64  1.51     2.63  1.89  3.26  3.28  2.07
105   60     1.73  2.14  2.61  3.05  3.34  2.95  2.97  3.12  2.29  1.91  1.51  1.40     2.42  1.76  3.00  3.01  1.90
105   70     1.62  1.96  2.39  2.78  3.04  2.67  2.69  2.83  2.09  1.75  1.38  1.29     2.21  1.62  2.73  2.73  1.74
105   80     1.49  1.78  2.18  2.49  2.74  2.40  2.42  2.53  1.88  1.58  1.26  1.18     1.99  1.49  2.47  2.45  1.57
105   90     1.37  1.61  1.95  2.23  2.44  2.13  2.15  2.25  1.68  1.42  1.13  1.06     1.78  1.35  2.21  2.18  1.41
120   10     2.27  2.93  3.48  4.13  4.42  3.93  3.96  4.24  3.08  2.59  2.10  1.95     3.26  2.38  4.01  4.04  2.59
120   20     1.99  2.63  3.25  3.92  4.27  3.81  3.84  4.06  2.92  2.40  1.87  1.68     3.05  2.10  3.81  3.90  2.40
120   30     1.75  2.35  2.99  3.67  4.06  3.63  3.65  3.81  2.73  2.19  1.66  1.45     2.83  1.85  3.57  3.70  2.19
120   40     1.55  2.09  2.73  3.38  3.79  3.41  3.42  3.53  2.52  1.99  1.48  1.26     2.60  1.64  3.30  3.45  2.00
120   50     1.39  1.88  2.49  3.09  3.50  3.14  3.15  3.22  2.31  1.81  1.33  1.12     2.37  1.46  3.02  3.17  1.81
120   60     1.27  1.70  2.27  2.80  3.19  2.87  2.87  2.92  2.10  1.65  1.20  1.02     2.15  1.33  2.75  2.88  1.65
120   70     1.18  1.53  2.06  2.52  2.88  2.58  2.59  2.63  1.90  1.49  1.08  0.93     1.95  1.21  2.49  2.60  1.49
120   80     1.09  1.40  1.86  2.27  2.58  2.31  2.31  2.35  1.71  1.35  0.99  0.85     1.76  1.12  2.24  2.32  1.35
120   90     1.01  1.26  1.69  2.02  2.31  2.05  2.06  2.08  1.53  1.22  0.90  0.77     1.57  1.02  2.00  2.06  1.22
135   10     2.14  2.82  3.41  4.09  4.40  3.92  3.95  4.21  3.04  2.53  2.02  1.84     3.20  2.27  3.96  4.03  2.53
135   20     1.74  2.42  3.10  3.84  4.23  3.80  3.82  4.00  2.85  2.27  1.71  1.46     2.94  1.87  3.72  3.87  2.27
135   30     1.40  2.03  2.77  3.53  3.99  3.61  3.61  3.71  2.61  2.01  1.42  1.16     2.65  1.53  3.43  3.65  2.02
135   40     1.15  1.72  2.44  3.19  3.68  3.36  3.35  3.38  2.37  1.77  1.21  0.94     2.38  1.27  3.10  3.36  1.78
135   50     1.00  1.48  2.16  2.84  3.34  3.07  3.06  3.03  2.12  1.56  1.05  0.81     2.13  1.10  2.78  3.05  1.58
135   60     0.90  1.31  1.92  2.52  3.00  2.77  2.75  2.69  1.90  1.40  0.94  0.73     1.90  0.98  2.48  2.73  1.42
135   70     0.85  1.18  1.73  2.24  2.68  2.47  2.45  2.38  1.71  1.26  0.86  0.69     1.71  0.90  2.22  2.44  1.28
135   80     0.80  1.09  1.56  2.00  2.39  2.20  2.18  2.12  1.54  1.15  0.80  0.64     1.54  0.84  1.98  2.17  1.16
135   90     0.76  1.00  1.43  1.79  2.13  1.94  1.93  1.89  1.38  1.05  0.74  0.61     1.39  0.79  1.78  1.92  1.05
150   10     2.04  2.74  3.35  4.06  4.39  3.92  3.95  4.20  3.01  2.48  1.96  1.75     3.15  2.17  3.93  4.02  2.48
150   20     1.53  2.24  2.98  3.77  4.21  3.79  3.80  3.95  2.79  2.17  1.57  1.29     2.84  1.69  3.65  3.85  2.18
150   30     1.10  1.76  2.58  3.41  3.94  3.60  3.59  3.63  2.52  1.85  1.22  0.90     2.51  1.25  3.31  3.61  1.86
150   40     0.83  1.38  2.17  3.01  3.60  3.33  3.31  3.25  2.22  1.56  0.97  0.69     2.19  0.97  2.93  3.30  1.59
150   50     0.73  1.13  1.84  2.60  3.20  3.02  2.98  2.84  1.94  1.33  0.85  0.63     1.92  0.83  2.55  2.94  1.37
150   60     0.70  1.01  1.59  2.23  2.80  2.67  2.62  2.45  1.71  1.19  0.79  0.61     1.70  0.77  2.21  2.58  1.23
150   70     0.68  0.94  1.43  1.96  2.44  2.34  2.29  2.13  1.53  1.09  0.75  0.60     1.51  0.74  1.94  2.25  1.12
150   80     0.66  0.89  1.31  1.74  2.16  2.06  2.02  1.88  1.38  1.00  0.71  0.58     1.37  0.71  1.74  1.98  1.03
150   90     0.64  0.85  1.22  1.58  1.92  1.82  1.79  1.68  1.25  0.93  0.67  0.56     1.24  0.68  1.57  1.76  0.95
165   10     1.97  2.69  3.31  4.04  4.38  3.92  3.94  4.19  3.00  2.45  1.91  1.69     3.12  2.11  3.91  4.02  2.46
165   20     1.38  2.12  2.90  3.73  4.18  3.79  3.79  3.93  2.75  2.11  1.48  1.16     2.78  1.55  3.61  3.84  2.11
165   30     0.87  1.56  2.44  3.35  3.91  3.59  3.58  3.60  2.45  1.74  1.07  0.73     2.41  1.05  3.23  3.59  1.75
165   40     0.71  1.09  1.95  2.91  3.56  3.33  3.29  3.19  2.12  1.38  0.83  0.64     2.08  0.81  2.81  3.27  1.44
165   50     0.70  0.91  1.54  2.42  3.14  3.01  2.96  2.74  1.78  1.14  0.80  0.63     1.81  0.75  2.37  2.90  1.24
165   60     0.68  0.89  1.32  1.96  2.67  2.65  2.57  2.24  1.53  1.06  0.78  0.61     1.58  0.73  1.98  2.48  1.12
165   70     0.67  0.87  1.22  1.68  2.20  2.25  2.15  1.86  1.38  1.00  0.74  0.60     1.39  0.71  1.70  2.09  1.04
165   80     0.65  0.84  1.15  1.51  1.92  1.92  1.85  1.65  1.27  0.94  0.71  0.58     1.25  0.69  1.53  1.81  0.97
165   90     0.64  0.82  1.08  1.40  1.72  1.70  1.65  1.50  1.17  0.89  0.67  0.56     1.15  0.67  1.40  1.62  0.91
180   10     1.94  2.67  3.30  4.04  4.37  3.92  3.94  4.19  2.99  2.44  1.90  1.67     3.11  2.09  3.90  4.02  2.44
180   20     1.33  2.07  2.87  3.73  4.17  3.79  3.79  3.93  2.74  2.08  1.44  1.12     2.75  1.50  3.59  3.84  2.09
180   30     0.80  1.47  2.38  3.34  3.89  3.59  3.57  3.59  2.44  1.69  1.00  0.67     2.37  0.98  3.20  3.59  1.71
180   40     0.71  0.95  1.85  2.89  3.53  3.33  3.29  3.19  2.09  1.29  0.83  0.64     2.05  0.77  2.76  3.27  1.40
180   50     0.70  0.91  1.31  2.39  3.11  3.01  2.94  2.73  1.72  1.10  0.80  0.63     1.78  0.75  2.27  2.90  1.21
180   60     0.68  0.89  1.20  1.86  2.64  2.65  2.56  2.23  1.40  1.05  0.78  0.61     1.55  0.73  1.90  2.48  1.07
180   70     0.67  0.87  1.16  1.52  2.14  2.25  2.14  1.73  1.31  1.00  0.74  0.60     1.34  0.71  1.61  2.04  1.02
180   80     0.65  0.84  1.10  1.41  1.79  1.86  1.77  1.55  1.22  0.94  0.71  0.58     1.20  0.69  1.44  1.73  0.96
180   90     0.64  0.82  1.05  1.32  1.62  1.66  1.59  1.43  1.14  0.89  0.67  0.56     1.11  0.67  1.33  1.56  0.90
             60.7  50.5  35.6  19.4   7.1   2.6   4.5  13.5  24.9  41.4  55.1  61.6     34.0  57.5  21.2   7.5  41.8
             4.56  4.57  4.26  4.44  4.51  3.98  4.02  4.44  3.40  3.38  3.58  4.07     4.10  4.39  4.34  4.14  3.40
             4.14  4.42  4.26  4.34  4.20  3.64  3.70  4.25  3.37  3.36  3.38  3.67     3.90  4.08  4.27  3.86  3.37
             1.10  1.03  1.00  1.02  1.07  1.09  1.09  1.04  1.01  1.01  1.06  1.11     1.05  1.08  1.03  1.07  1.02
             1.62  1.36  1.16  1.02  0.93  0.91  0.92  0.97  1.06  1.21  1.43  1.62     1.19  1.54  1.04  0.94  1.23
temperature   2.7   3.6   7.0  12.6  17.3  20.5  24.0  25.4  21.9  16.1  10.1   4.9     13.8   3.7  12.3  23.3  16.0
diffusedrad  1.05  1.38  1.77  2.16  2.47  2.53  2.45  2.29  1.90  1.49  1.14  0.95     1.80  1.13  2.13  2.42  1.51
snow10cm     0.02  0.01  0.00  0.00  0.00  0.00  0.00  0.00  0.00  0.00  0.00  0.00     0.00  0.01  0.00  0.00  0.00
