2 40311   鉾田            36   10  140 31.6   32
             2.45  3.06  3.66  4.44  4.67  4.42  4.50  4.75  3.53  2.88  2.31  2.20     3.57  2.57  4.26  4.55  2.91
             2.96  3.67  4.19  5.16  5.43  5.38  6.10  6.07  4.46  3.52  2.74  2.59     3.89  2.88  4.68  5.31  3.19
             2.03  2.20  2.39  3.67  4.08  3.55  3.45  3.38  2.61  2.27  1.90  1.85     3.26  2.29  3.63  3.75  2.63
  0   10     2.97  3.45  3.94  4.58  4.67  4.39  4.48  4.82  3.70  3.16  2.67  2.67     3.79  3.03  4.40  4.56  3.17
  0   20     3.43  3.80  4.13  4.63  4.61  4.29  4.39  4.81  3.79  3.37  2.99  3.10     3.94  3.44  4.46  4.50  3.38
  0   30     3.80  4.05  4.24  4.57  4.44  4.11  4.21  4.70  3.80  3.51  3.24  3.46     4.01  3.77  4.42  4.34  3.52
  0   40     4.08  4.21  4.24  4.42  4.20  3.86  3.96  4.49  3.73  3.57  3.41  3.72     3.99  4.00  4.29  4.10  3.57
  0   50     4.25  4.26  4.15  4.18  3.88  3.54  3.64  4.18  3.58  3.54  3.50  3.89     3.88  4.13  4.07  3.79  3.54
  0   60     4.31  4.21  3.96  3.85  3.48  3.17  3.26  3.80  3.36  3.44  3.50  3.96     3.69  4.16  3.77  3.41  3.43
  0   70     4.25  4.05  3.69  3.45  3.03  2.76  2.83  3.35  3.07  3.26  3.42  3.92     3.42  4.08  3.39  2.98  3.25
  0   80     4.09  3.79  3.33  2.98  2.54  2.32  2.38  2.84  2.72  3.00  3.25  3.79     3.09  3.89  2.95  2.51  2.99
  0   90     3.82  3.45  2.91  2.46  2.04  1.88  1.92  2.29  2.33  2.69  3.00  3.55     2.69  3.61  2.47  2.03  2.67
 15   10     2.96  3.44  3.93  4.57  4.68  4.39  4.48  4.82  3.69  3.15  2.65  2.65     3.78  3.02  4.39  4.56  3.16
 15   20     3.40  3.77  4.12  4.62  4.60  4.29  4.39  4.81  3.77  3.35  2.95  3.06     3.93  3.41  4.45  4.49  3.36
 15   30     3.76  4.01  4.21  4.57  4.45  4.12  4.22  4.70  3.78  3.48  3.18  3.40     3.99  3.73  4.41  4.34  3.48
 15   40     4.03  4.16  4.21  4.42  4.21  3.87  3.97  4.49  3.71  3.53  3.34  3.65     3.96  3.95  4.28  4.11  3.53
 15   50     4.18  4.20  4.12  4.18  3.88  3.56  3.65  4.19  3.56  3.50  3.41  3.81     3.86  4.07  4.06  3.80  3.49
 15   60     4.24  4.14  3.93  3.86  3.50  3.19  3.28  3.82  3.34  3.39  3.40  3.87     3.66  4.08  3.76  3.43  3.38
 15   70     4.18  3.98  3.66  3.46  3.06  2.79  2.87  3.37  3.06  3.21  3.31  3.83     3.40  4.00  3.39  3.01  3.19
 15   80     4.01  3.72  3.31  3.00  2.60  2.36  2.42  2.89  2.73  2.95  3.13  3.69     3.07  3.81  2.97  2.56  2.94
 15   90     3.74  3.37  2.89  2.51  2.11  1.94  1.98  2.36  2.34  2.63  2.89  3.45     2.69  3.52  2.50  2.10  2.62
 30   10     2.91  3.40  3.90  4.55  4.67  4.39  4.48  4.80  3.67  3.12  2.61  2.60     3.76  2.97  4.38  4.56  3.13
 30   20     3.30  3.69  4.06  4.59  4.61  4.30  4.39  4.79  3.74  3.29  2.86  2.96     3.88  3.32  4.42  4.49  3.30
 30   30     3.61  3.89  4.14  4.53  4.46  4.13  4.22  4.67  3.74  3.39  3.05  3.25     3.92  3.59  4.38  4.34  3.39
 30   40     3.84  4.00  4.13  4.39  4.23  3.89  3.99  4.47  3.66  3.42  3.17  3.46     3.89  3.77  4.25  4.12  3.42
 30   50     3.96  4.01  4.02  4.15  3.93  3.59  3.69  4.19  3.51  3.38  3.21  3.58     3.77  3.85  4.03  3.82  3.37
 30   60     3.98  3.92  3.83  3.84  3.57  3.25  3.34  3.84  3.29  3.26  3.18  3.61     3.58  3.84  3.75  3.48  3.25
 30   70     3.90  3.75  3.57  3.47  3.16  2.86  2.95  3.42  3.02  3.07  3.07  3.54     3.31  3.73  3.40  3.08  3.05
 30   80     3.72  3.49  3.23  3.04  2.73  2.47  2.54  2.97  2.70  2.81  2.89  3.39     3.00  3.53  3.00  2.66  2.80
 30   90     3.45  3.15  2.83  2.59  2.29  2.08  2.14  2.50  2.34  2.51  2.64  3.15     2.64  3.25  2.57  2.24  2.50
 45   10     2.82  3.33  3.86  4.53  4.67  4.39  4.47  4.78  3.64  3.07  2.54  2.51     3.72  2.89  4.35  4.55  3.08
 45   20     3.13  3.55  3.98  4.54  4.60  4.30  4.39  4.75  3.69  3.20  2.73  2.80     3.81  3.16  4.38  4.48  3.21
 45   30     3.37  3.68  4.03  4.47  4.46  4.13  4.23  4.63  3.67  3.27  2.87  3.01     3.82  3.36  4.32  4.33  3.27
 45   40     3.54  3.75  3.99  4.31  4.24  3.91  4.00  4.43  3.58  3.27  2.94  3.15     3.76  3.48  4.18  4.11  3.26
 45   50     3.62  3.73  3.88  4.09  3.96  3.63  3.73  4.17  3.42  3.20  2.94  3.22     3.63  3.52  3.98  3.84  3.19
 45   60     3.60  3.62  3.68  3.79  3.63  3.30  3.40  3.82  3.21  3.07  2.89  3.21     3.44  3.48  3.70  3.51  3.06
 45   70     3.50  3.43  3.42  3.45  3.26  2.96  3.04  3.45  2.95  2.88  2.77  3.12     3.19  3.35  3.38  3.15  2.87
 45   80     3.30  3.19  3.11  3.06  2.86  2.59  2.66  3.03  2.65  2.63  2.58  2.96     2.88  3.15  3.01  2.76  2.62
 45   90     3.04  2.86  2.74  2.65  2.45  2.23  2.29  2.61  2.32  2.35  2.33  2.71     2.55  2.87  2.62  2.37  2.34
 60   10     2.71  3.23  3.79  4.49  4.66  4.39  4.46  4.75  3.60  3.01  2.45  2.40     3.66  2.78  4.31  4.54  3.02
 60   20     2.93  3.36  3.87  4.47  4.59  4.29  4.38  4.69  3.62  3.09  2.58  2.59     3.70  2.96  4.31  4.45  3.09
 60   30     3.09  3.45  3.87  4.38  4.45  4.13  4.22  4.57  3.57  3.10  2.65  2.73     3.68  3.09  4.23  4.31  3.11
 60   40     3.17  3.45  3.81  4.22  4.23  3.91  4.01  4.37  3.46  3.07  2.67  2.80     3.60  3.14  4.09  4.10  3.07
 60   50     3.19  3.39  3.67  3.99  3.97  3.65  3.74  4.10  3.30  2.98  2.64  2.80     3.45  3.13  3.88  3.83  2.97
 60   60     3.15  3.27  3.48  3.72  3.67  3.35  3.44  3.79  3.10  2.84  2.55  2.76     3.26  3.06  3.62  3.53  2.83
 60   70     3.03  3.07  3.22  3.38  3.31  3.02  3.10  3.43  2.85  2.65  2.42  2.65     3.01  2.92  3.31  3.18  2.64
 60   80     2.84  2.84  2.94  3.04  2.95  2.67  2.75  3.06  2.57  2.42  2.24  2.48     2.73  2.72  2.98  2.83  2.41
 60   90     2.61  2.55  2.61  2.66  2.58  2.34  2.40  2.67  2.26  2.17  2.02  2.26     2.43  2.47  2.62  2.47  2.15
 75   10     2.58  3.12  3.72  4.44  4.64  4.38  4.46  4.72  3.56  2.93  2.36  2.28     3.60  2.66  4.27  4.52  2.95
 75   20     2.69  3.17  3.73  4.38  4.56  4.29  4.36  4.63  3.53  2.95  2.40  2.36     3.59  2.74  4.22  4.42  2.96
 75   30     2.74  3.16  3.68  4.26  4.41  4.13  4.20  4.47  3.44  2.92  2.40  2.40     3.52  2.77  4.12  4.27  2.92
 75   40     2.77  3.11  3.57  4.09  4.21  3.91  3.99  4.27  3.32  2.84  2.36  2.40     3.40  2.76  3.96  4.06  2.84
 75   50     2.73  3.01  3.43  3.86  3.94  3.65  3.73  4.01  3.15  2.73  2.30  2.36     3.24  2.70  3.74  3.80  2.73
 75   60     2.65  2.87  3.23  3.58  3.65  3.36  3.44  3.70  2.94  2.58  2.19  2.27     3.04  2.60  3.49  3.50  2.57
 75   70     2.53  2.68  3.00  3.28  3.33  3.05  3.12  3.38  2.71  2.39  2.06  2.16     2.81  2.46  3.20  3.18  2.38
 75   80     2.35  2.46  2.72  2.94  2.98  2.72  2.79  3.02  2.44  2.18  1.89  2.01     2.54  2.27  2.88  2.84  2.17
 75   90     2.16  2.22  2.44  2.61  2.64  2.40  2.45  2.66  2.18  1.95  1.69  1.82     2.27  2.07  2.56  2.50  1.94
 90   10     2.44  3.00  3.64  4.39  4.62  4.38  4.45  4.68  3.50  2.85  2.26  2.14     3.53  2.53  4.22  4.50  2.87
 90   20     2.42  2.95  3.57  4.29  4.52  4.27  4.34  4.55  3.43  2.79  2.21  2.11     3.46  2.49  4.13  4.39  2.81
 90   30     2.39  2.86  3.46  4.12  4.36  4.10  4.17  4.37  3.31  2.71  2.13  2.06     3.34  2.44  3.98  4.21  2.72
 90   40     2.33  2.74  3.32  3.92  4.14  3.88  3.95  4.14  3.15  2.59  2.06  1.99     3.18  2.35  3.79  3.99  2.60
 90   50     2.25  2.61  3.14  3.68  3.88  3.62  3.69  3.87  2.97  2.45  1.95  1.91     3.00  2.26  3.57  3.73  2.45
 90   60     2.14  2.44  2.94  3.40  3.59  3.34  3.40  3.57  2.76  2.29  1.83  1.80     2.79  2.13  3.31  3.43  2.29
 90   70     2.03  2.27  2.71  3.10  3.28  3.04  3.09  3.24  2.52  2.11  1.69  1.69     2.56  2.00  3.03  3.12  2.11
 90   80     1.87  2.07  2.47  2.81  2.96  2.72  2.78  2.92  2.29  1.93  1.55  1.56     2.33  1.83  2.75  2.81  1.92
 90   90     1.72  1.87  2.22  2.49  2.62  2.41  2.46  2.58  2.03  1.72  1.39  1.40     2.08  1.66  2.44  2.48  1.71
105   10     2.30  2.88  3.56  4.34  4.61  4.37  4.43  4.64  3.45  2.77  2.16  2.01     3.46  2.40  4.17  4.48  2.79
105   20     2.16  2.72  3.41  4.18  4.48  4.25  4.31  4.47  3.32  2.64  2.02  1.86     3.32  2.25  4.03  4.35  2.66
105   30     2.02  2.55  3.23  3.97  4.29  4.07  4.13  4.25  3.16  2.49  1.88  1.72     3.15  2.10  3.83  4.15  2.51
105   40     1.90  2.37  3.04  3.72  4.05  3.84  3.89  3.98  2.97  2.33  1.74  1.60     2.95  1.96  3.60  3.90  2.35
105   50     1.78  2.19  2.83  3.46  3.78  3.57  3.62  3.69  2.75  2.17  1.61  1.48     2.74  1.82  3.36  3.63  2.18
105   60     1.66  2.03  2.61  3.18  3.48  3.27  3.32  3.38  2.54  1.99  1.49  1.37     2.53  1.69  3.09  3.33  2.00
105   70     1.55  1.86  2.40  2.89  3.16  2.97  3.01  3.06  2.32  1.83  1.36  1.26     2.31  1.56  2.82  3.02  1.83
105   80     1.43  1.69  2.18  2.59  2.86  2.67  2.71  2.74  2.09  1.65  1.24  1.16     2.08  1.43  2.54  2.71  1.66
105   90     1.31  1.52  1.95  2.32  2.55  2.37  2.41  2.44  1.87  1.49  1.11  1.04     1.87  1.29  2.27  2.41  1.49
120   10     2.17  2.77  3.48  4.29  4.59  4.37  4.42  4.60  3.40  2.70  2.06  1.89     3.40  2.28  4.12  4.46  2.72
120   20     1.91  2.50  3.25  4.08  4.44  4.24  4.29  4.39  3.22  2.49  1.84  1.63     3.19  2.01  3.92  4.30  2.52
120   30     1.68  2.24  3.00  3.81  4.21  4.03  4.08  4.12  3.00  2.27  1.63  1.41     2.96  1.77  3.67  4.08  2.30
120   40     1.49  2.00  2.74  3.51  3.94  3.78  3.81  3.81  2.77  2.06  1.45  1.23     2.72  1.58  3.40  3.80  2.09
120   50     1.34  1.80  2.50  3.20  3.63  3.49  3.51  3.48  2.53  1.87  1.30  1.09     2.48  1.41  3.11  3.49  1.90
120   60     1.23  1.63  2.28  2.90  3.31  3.18  3.20  3.15  2.30  1.71  1.17  1.00     2.25  1.28  2.83  3.17  1.73
120   70     1.14  1.47  2.07  2.62  3.00  2.87  2.89  2.83  2.08  1.55  1.07  0.91     2.04  1.17  2.56  2.86  1.56
120   80     1.05  1.35  1.86  2.35  2.69  2.56  2.58  2.53  1.88  1.40  0.97  0.83     1.84  1.08  2.30  2.56  1.42
120   90     0.97  1.21  1.69  2.09  2.40  2.28  2.29  2.24  1.68  1.27  0.88  0.76     1.65  0.98  2.06  2.27  1.28
135   10     2.05  2.67  3.40  4.25  4.57  4.36  4.42  4.57  3.36  2.63  1.98  1.78     3.34  2.17  4.07  4.45  2.65
135   20     1.68  2.30  3.10  3.98  4.39  4.22  4.26  4.33  3.13  2.35  1.67  1.42     3.07  1.80  3.83  4.27  2.38
135   30     1.36  1.95  2.77  3.66  4.14  4.00  4.03  4.00  2.86  2.07  1.40  1.13     2.78  1.48  3.52  4.01  2.11
135   40     1.12  1.65  2.45  3.30  3.82  3.72  3.73  3.63  2.57  1.82  1.18  0.91     2.49  1.23  3.19  3.70  1.86
135   50     0.97  1.43  2.17  2.94  3.46  3.40  3.39  3.25  2.30  1.60  1.03  0.79     2.23  1.06  2.86  3.35  1.65
135   60     0.88  1.27  1.93  2.61  3.11  3.06  3.04  2.88  2.06  1.43  0.93  0.71     1.99  0.95  2.55  2.99  1.47
135   70     0.83  1.15  1.74  2.32  2.78  2.72  2.71  2.54  1.85  1.29  0.84  0.67     1.79  0.88  2.28  2.66  1.33
135   80     0.77  1.06  1.58  2.07  2.48  2.42  2.42  2.26  1.66  1.18  0.78  0.62     1.61  0.82  2.04  2.36  1.21
135   90     0.74  0.97  1.44  1.86  2.21  2.14  2.14  2.01  1.49  1.08  0.72  0.59     1.45  0.77  1.83  2.10  1.10
150   10     1.95  2.60  3.35  4.21  4.55  4.36  4.41  4.55  3.32  2.58  1.92  1.70     3.29  2.08  4.04  4.44  2.60
150   20     1.48  2.15  2.98  3.91  4.36  4.21  4.25  4.27  3.05  2.25  1.54  1.25     2.98  1.62  3.75  4.24  2.28
150   30     1.07  1.70  2.58  3.54  4.08  3.99  4.00  3.91  2.74  1.90  1.20  0.88     2.63  1.22  3.40  3.97  1.95
150   40     0.81  1.35  2.19  3.11  3.72  3.69  3.68  3.48  2.40  1.59  0.95  0.67     2.30  0.94  3.01  3.62  1.65
150   50     0.72  1.12  1.85  2.68  3.31  3.32  3.29  3.02  2.07  1.35  0.83  0.61     2.02  0.82  2.61  3.21  1.42
150   60     0.69  1.00  1.60  2.30  2.88  2.92  2.88  2.59  1.81  1.20  0.77  0.60     1.77  0.76  2.26  2.80  1.26
150   70     0.67  0.93  1.44  2.01  2.52  2.55  2.51  2.24  1.61  1.10  0.73  0.58     1.57  0.72  1.99  2.43  1.15
150   80     0.64  0.88  1.32  1.79  2.22  2.24  2.21  1.98  1.46  1.01  0.69  0.56     1.42  0.69  1.78  2.14  1.06
150   90     0.62  0.84  1.23  1.62  1.98  1.99  1.96  1.76  1.33  0.95  0.66  0.54     1.29  0.67  1.61  1.90  0.98
165   10     1.89  2.55  3.31  4.20  4.54  4.36  4.40  4.54  3.30  2.55  1.88  1.64     3.26  2.03  4.02  4.43  2.57
165   20     1.34  2.03  2.90  3.87  4.34  4.21  4.23  4.25  3.00  2.17  1.45  1.12     2.91  1.50  3.70  4.23  2.21
165   30     0.86  1.52  2.44  3.47  4.05  3.98  3.98  3.87  2.65  1.77  1.04  0.70     2.53  1.03  3.32  3.94  1.82
165   40     0.70  1.08  1.97  3.00  3.68  3.68  3.66  3.42  2.27  1.39  0.81  0.62     2.19  0.80  2.88  3.59  1.49
165   50     0.69  0.92  1.55  2.48  3.24  3.32  3.26  2.90  1.87  1.14  0.79  0.61     1.90  0.74  2.43  3.16  1.27
165   60     0.67  0.89  1.33  2.00  2.75  2.90  2.82  2.34  1.58  1.06  0.76  0.60     1.64  0.72  2.03  2.69  1.13
165   70     0.66  0.86  1.23  1.71  2.25  2.44  2.34  1.93  1.42  1.00  0.73  0.58     1.43  0.70  1.73  2.23  1.05
165   80     0.64  0.83  1.16  1.54  1.96  2.07  2.00  1.70  1.31  0.95  0.69  0.56     1.28  0.68  1.55  1.92  0.98
165   90     0.62  0.80  1.10  1.42  1.76  1.84  1.78  1.55  1.21  0.89  0.66  0.54     1.18  0.66  1.43  1.72  0.92
180   10     1.86  2.53  3.30  4.19  4.54  4.36  4.40  4.53  3.29  2.53  1.86  1.62     3.25  2.01  4.01  4.43  2.56
180   20     1.29  1.99  2.87  3.86  4.33  4.21  4.23  4.24  2.99  2.14  1.41  1.08     2.89  1.45  3.69  4.23  2.18
180   30     0.79  1.44  2.39  3.46  4.03  3.98  3.97  3.86  2.63  1.72  0.98  0.65     2.49  0.96  3.29  3.94  1.78
180   40     0.70  0.96  1.87  2.98  3.65  3.68  3.64  3.41  2.23  1.29  0.81  0.62     2.15  0.76  2.83  3.58  1.44
180   50     0.69  0.92  1.33  2.46  3.21  3.32  3.25  2.89  1.79  1.09  0.79  0.61     1.86  0.74  2.33  3.15  1.22
180   60     0.67  0.89  1.22  1.90  2.71  2.90  2.80  2.33  1.41  1.05  0.76  0.60     1.60  0.72  1.94  2.68  1.07
180   70     0.66  0.86  1.17  1.54  2.18  2.44  2.32  1.78  1.33  1.00  0.73  0.58     1.38  0.70  1.63  2.18  1.02
180   80     0.64  0.83  1.12  1.43  1.82  2.01  1.90  1.58  1.25  0.94  0.69  0.56     1.23  0.68  1.45  1.83  0.96
180   90     0.62  0.80  1.06  1.34  1.64  1.78  1.69  1.46  1.17  0.89  0.66  0.54     1.14  0.66  1.35  1.65  0.91
             60.3  50.0  35.4  19.6   7.1   2.1   4.4  13.9  26.2  42.1  55.1  61.6     32.6  57.4  20.9   7.4  41.5
             4.31  4.26  4.25  4.63  4.68  4.42  4.49  4.83  3.80  3.57  3.51  3.96     4.23  4.16  4.46  4.57  3.57
             3.88  4.10  4.25  4.54  4.38  4.05  4.15  4.65  3.79  3.53  3.29  3.53     4.01  3.84  4.39  4.29  3.54
             1.11  1.04  1.00  1.02  1.07  1.09  1.08  1.04  1.00  1.01  1.07  1.12     1.05  1.09  1.03  1.07  1.03
             1.58  1.34  1.16  1.02  0.94  0.92  0.92  0.98  1.07  1.23  1.42  1.60     1.18  1.51  1.04  0.94  1.24
temperature   2.6   3.3   6.5  11.7  16.0  19.1  23.0  24.8  21.4  15.8  10.1   4.9     13.3   3.6  11.4  22.3  15.8
diffusedrad  1.03  1.35  1.79  2.19  2.48  2.65  2.57  2.33  1.96  1.50  1.11  0.91     1.82  1.10  2.15  2.52  1.52
snow10cm     0.01  0.01  0.00  0.00  0.00  0.00  0.00  0.00  0.00  0.00  0.00  0.00     0.00  0.01  0.00  0.00  0.00
