2 41011   那須            37  7.4  140  2.1  749
             2.00  2.74  3.50  4.33  4.51  3.93  3.67  3.70  2.82  2.58  2.13  1.86     3.15  2.20  4.12  3.77  2.51
             2.34  3.04  4.13  5.27  5.30  4.53  4.64  4.73  3.37  3.10  2.53  2.07     3.36  2.32  4.50  4.39  2.76
             1.71  2.38  2.88  3.53  3.73  3.13  2.83  3.05  2.06  1.93  1.69  1.61     2.96  2.03  3.77  3.20  2.26
  0   10     2.34  3.04  3.76  4.48  4.53  3.92  3.66  3.75  2.93  2.80  2.45  2.21     3.32  2.53  4.25  3.77  2.73
  0   20     2.63  3.31  3.94  4.53  4.47  3.84  3.60  3.73  2.98  2.98  2.73  2.52     3.44  2.82  4.31  3.72  2.90
  0   30     2.88  3.52  4.05  4.48  4.32  3.69  3.47  3.65  2.98  3.08  2.95  2.78     3.49  3.06  4.28  3.60  3.00
  0   40     3.06  3.65  4.06  4.35  4.09  3.48  3.29  3.50  2.91  3.13  3.10  2.97     3.46  3.23  4.17  3.42  3.04
  0   50     3.18  3.71  3.99  4.12  3.79  3.21  3.05  3.28  2.79  3.10  3.17  3.09     3.37  3.33  3.96  3.18  3.02
  0   60     3.22  3.69  3.84  3.80  3.41  2.90  2.76  3.00  2.62  3.00  3.17  3.14     3.21  3.35  3.68  2.89  2.93
  0   70     3.19  3.60  3.60  3.42  2.98  2.55  2.44  2.68  2.41  2.84  3.09  3.11     2.99  3.30  3.33  2.56  2.78
  0   80     3.09  3.42  3.29  2.96  2.52  2.17  2.09  2.32  2.15  2.63  2.94  3.00     2.72  3.17  2.92  2.20  2.57
  0   90     2.93  3.18  2.92  2.46  2.04  1.80  1.74  1.94  1.86  2.35  2.72  2.82     2.40  2.98  2.47  1.82  2.31
 15   10     2.33  3.03  3.75  4.47  4.53  3.92  3.66  3.74  2.93  2.79  2.43  2.19     3.31  2.52  4.25  3.77  2.72
 15   20     2.62  3.29  3.93  4.52  4.46  3.84  3.60  3.73  2.97  2.96  2.69  2.50     3.42  2.80  4.30  3.72  2.88
 15   30     2.85  3.49  4.03  4.48  4.32  3.69  3.47  3.64  2.96  3.06  2.90  2.74     3.47  3.03  4.27  3.60  2.97
 15   40     3.02  3.61  4.04  4.34  4.09  3.48  3.29  3.49  2.90  3.09  3.03  2.92     3.44  3.19  4.16  3.42  3.01
 15   50     3.13  3.66  3.96  4.11  3.79  3.22  3.05  3.28  2.78  3.06  3.10  3.03     3.35  3.28  3.96  3.18  2.98
 15   60     3.17  3.64  3.81  3.81  3.43  2.91  2.77  3.01  2.61  2.96  3.09  3.07     3.19  3.29  3.68  2.90  2.88
 15   70     3.14  3.54  3.57  3.42  3.01  2.57  2.45  2.69  2.39  2.80  3.00  3.03     2.97  3.24  3.34  2.57  2.73
 15   80     3.04  3.36  3.26  2.98  2.57  2.20  2.11  2.34  2.14  2.58  2.85  2.92     2.70  3.11  2.94  2.22  2.52
 15   90     2.87  3.12  2.89  2.51  2.11  1.84  1.77  1.97  1.85  2.31  2.62  2.74     2.38  2.91  2.50  1.86  2.26
 30   10     2.29  2.99  3.72  4.45  4.52  3.92  3.66  3.73  2.91  2.77  2.39  2.15     3.29  2.48  4.23  3.77  2.69
 30   20     2.55  3.22  3.88  4.49  4.47  3.84  3.60  3.71  2.95  2.91  2.62  2.42     3.39  2.73  4.28  3.71  2.83
 30   30     2.75  3.39  3.96  4.43  4.32  3.69  3.47  3.62  2.93  2.99  2.78  2.63     3.41  2.92  4.24  3.59  2.90
 30   40     2.90  3.49  3.96  4.30  4.11  3.49  3.29  3.47  2.86  3.01  2.88  2.78     3.38  3.05  4.12  3.42  2.92
 30   50     2.98  3.51  3.87  4.08  3.82  3.24  3.06  3.26  2.73  2.96  2.92  2.86     3.27  3.12  3.92  3.18  2.87
 30   60     3.00  3.47  3.71  3.78  3.48  2.94  2.79  3.00  2.56  2.85  2.89  2.88     3.11  3.12  3.66  2.91  2.77
 30   70     2.95  3.35  3.48  3.43  3.09  2.61  2.49  2.70  2.35  2.68  2.79  2.83     2.90  3.04  3.33  2.60  2.61
 30   80     2.84  3.18  3.18  3.01  2.68  2.27  2.17  2.37  2.11  2.46  2.63  2.70     2.63  2.91  2.96  2.27  2.40
 30   90     2.67  2.94  2.83  2.58  2.26  1.94  1.85  2.02  1.84  2.20  2.40  2.52     2.34  2.71  2.55  1.94  2.15
 45   10     2.24  2.94  3.68  4.42  4.51  3.91  3.65  3.72  2.89  2.73  2.33  2.09     3.26  2.42  4.21  3.76  2.65
 45   20     2.44  3.11  3.80  4.43  4.46  3.83  3.59  3.68  2.91  2.83  2.50  2.30     3.32  2.62  4.23  3.70  2.75
 45   30     2.60  3.23  3.85  4.38  4.32  3.69  3.46  3.59  2.88  2.88  2.62  2.45     3.33  2.76  4.18  3.58  2.80
 45   40     2.70  3.29  3.82  4.23  4.11  3.50  3.28  3.43  2.79  2.87  2.68  2.55     3.27  2.85  4.05  3.40  2.78
 45   50     2.75  3.29  3.73  4.02  3.85  3.25  3.07  3.23  2.67  2.81  2.69  2.60     3.16  2.88  3.86  3.19  2.72
 45   60     2.74  3.23  3.56  3.73  3.52  2.97  2.81  2.98  2.50  2.69  2.63  2.59     3.00  2.85  3.60  2.92  2.61
 45   70     2.68  3.10  3.33  3.40  3.17  2.67  2.52  2.70  2.29  2.52  2.52  2.51     2.79  2.77  3.30  2.63  2.44
 45   80     2.56  2.93  3.06  3.02  2.79  2.35  2.23  2.38  2.06  2.30  2.35  2.38     2.53  2.63  2.95  2.32  2.24
 45   90     2.40  2.71  2.73  2.63  2.40  2.03  1.93  2.07  1.80  2.06  2.13  2.20     2.26  2.44  2.59  2.01  2.00
 60   10     2.17  2.87  3.62  4.38  4.50  3.91  3.65  3.70  2.87  2.68  2.26  2.01     3.22  2.35  4.17  3.75  2.60
 60   20     2.30  2.97  3.69  4.37  4.44  3.82  3.57  3.65  2.86  2.74  2.37  2.15     3.24  2.47  4.16  3.68  2.65
 60   30     2.40  3.04  3.70  4.28  4.30  3.68  3.45  3.54  2.81  2.74  2.43  2.24     3.22  2.56  4.09  3.56  2.66
 60   40     2.45  3.05  3.65  4.13  4.10  3.49  3.27  3.39  2.71  2.71  2.45  2.29     3.14  2.60  3.96  3.38  2.62
 60   50     2.47  3.02  3.53  3.91  3.85  3.26  3.06  3.18  2.57  2.62  2.41  2.29     3.01  2.59  3.76  3.16  2.54
 60   60     2.44  2.94  3.37  3.65  3.55  2.99  2.81  2.94  2.41  2.49  2.33  2.25     2.85  2.54  3.52  2.92  2.41
 60   70     2.36  2.81  3.14  3.32  3.21  2.70  2.54  2.67  2.20  2.33  2.21  2.16     2.64  2.44  3.22  2.64  2.25
 60   80     2.24  2.65  2.89  2.99  2.86  2.40  2.26  2.38  1.99  2.12  2.05  2.03     2.40  2.31  2.92  2.35  2.05
 60   90     2.10  2.45  2.60  2.62  2.51  2.10  1.98  2.09  1.75  1.90  1.85  1.86     2.15  2.14  2.58  2.06  1.83
 75   10     2.08  2.78  3.55  4.34  4.49  3.90  3.64  3.68  2.84  2.62  2.17  1.92     3.17  2.26  4.13  3.74  2.54
 75   20     2.15  2.82  3.56  4.28  4.41  3.81  3.56  3.61  2.80  2.62  2.21  1.98     3.15  2.31  4.08  3.66  2.54
 75   30     2.18  2.81  3.52  4.16  4.26  3.67  3.43  3.48  2.72  2.59  2.21  2.00     3.09  2.33  3.98  3.53  2.51
 75   40     2.19  2.79  3.43  3.99  4.06  3.48  3.25  3.32  2.61  2.51  2.17  2.00     2.98  2.33  3.83  3.35  2.43
 75   50     2.16  2.72  3.30  3.77  3.81  3.25  3.04  3.11  2.47  2.41  2.11  1.96     2.84  2.28  3.63  3.13  2.33
 75   60     2.11  2.63  3.12  3.50  3.53  2.99  2.80  2.87  2.29  2.27  2.01  1.89     2.67  2.21  3.38  2.89  2.19
 75   70     2.03  2.50  2.92  3.21  3.22  2.71  2.54  2.62  2.10  2.11  1.89  1.80     2.47  2.11  3.12  2.63  2.03
 75   80     1.92  2.35  2.68  2.89  2.88  2.42  2.27  2.34  1.89  1.92  1.74  1.67     2.25  1.98  2.82  2.35  1.85
 75   90     1.80  2.19  2.44  2.56  2.55  2.13  2.00  2.06  1.68  1.71  1.56  1.53     2.02  1.84  2.52  2.06  1.65
 90   10     1.99  2.69  3.48  4.29  4.47  3.89  3.63  3.65  2.80  2.55  2.09  1.83     3.11  2.17  4.08  3.72  2.48
 90   20     1.97  2.65  3.41  4.18  4.37  3.80  3.54  3.56  2.73  2.50  2.04  1.79     3.04  2.14  3.99  3.63  2.42
 90   30     1.95  2.58  3.32  4.02  4.21  3.65  3.40  3.41  2.63  2.42  1.97  1.75     2.94  2.10  3.85  3.48  2.34
 90   40     1.90  2.50  3.19  3.82  4.00  3.45  3.22  3.23  2.50  2.31  1.90  1.69     2.81  2.03  3.67  3.30  2.23
 90   50     1.85  2.41  3.03  3.59  3.75  3.22  3.00  3.02  2.34  2.18  1.80  1.63     2.65  1.96  3.46  3.08  2.11
 90   60     1.78  2.29  2.85  3.33  3.46  2.96  2.76  2.78  2.17  2.04  1.69  1.54     2.47  1.87  3.21  2.83  1.97
 90   70     1.70  2.19  2.66  3.03  3.16  2.69  2.51  2.53  1.98  1.87  1.56  1.45     2.28  1.78  2.95  2.58  1.80
 90   80     1.60  2.04  2.44  2.75  2.85  2.41  2.25  2.27  1.79  1.70  1.44  1.34     2.07  1.66  2.68  2.31  1.64
 90   90     1.51  1.92  2.23  2.44  2.53  2.13  1.99  2.01  1.59  1.52  1.28  1.22     1.86  1.55  2.40  2.05  1.46
105   10     1.90  2.60  3.40  4.23  4.45  3.89  3.62  3.63  2.77  2.49  2.00  1.73     3.06  2.08  4.03  3.71  2.42
105   20     1.80  2.47  3.26  4.08  4.33  3.78  3.52  3.50  2.67  2.37  1.87  1.61     2.94  1.96  3.89  3.60  2.30
105   30     1.71  2.34  3.10  3.87  4.14  3.62  3.36  3.34  2.54  2.23  1.75  1.50     2.79  1.85  3.70  3.44  2.17
105   40     1.62  2.22  2.93  3.63  3.90  3.41  3.17  3.13  2.38  2.09  1.62  1.41     2.63  1.75  3.48  3.24  2.03
105   50     1.55  2.09  2.75  3.37  3.64  3.17  2.95  2.91  2.21  1.95  1.50  1.31     2.45  1.65  3.25  3.01  1.89
105   60     1.46  1.98  2.56  3.10  3.35  2.90  2.70  2.67  2.03  1.79  1.39  1.22     2.26  1.55  3.00  2.76  1.74
105   70     1.40  1.87  2.36  2.82  3.04  2.63  2.45  2.42  1.85  1.64  1.27  1.14     2.07  1.47  2.74  2.50  1.59
105   80     1.32  1.76  2.18  2.53  2.75  2.37  2.20  2.16  1.66  1.48  1.16  1.05     1.88  1.38  2.49  2.24  1.43
105   90     1.25  1.65  1.98  2.27  2.45  2.10  1.95  1.93  1.48  1.33  1.04  0.95     1.70  1.28  2.23  1.99  1.29
120   10     1.81  2.51  3.33  4.18  4.43  3.88  3.61  3.60  2.73  2.42  1.91  1.64     3.00  1.99  3.98  3.70  2.36
120   20     1.64  2.30  3.12  3.97  4.28  3.76  3.50  3.45  2.60  2.25  1.71  1.45     2.84  1.80  3.79  3.57  2.19
120   30     1.49  2.10  2.88  3.71  4.06  3.58  3.33  3.26  2.44  2.06  1.53  1.28     2.64  1.62  3.55  3.39  2.01
120   40     1.36  1.93  2.65  3.42  3.79  3.36  3.12  3.03  2.25  1.88  1.37  1.14     2.44  1.48  3.29  3.17  1.83
120   50     1.27  1.79  2.44  3.12  3.50  3.10  2.88  2.78  2.07  1.71  1.24  1.04     2.24  1.37  3.02  2.92  1.67
120   60     1.20  1.68  2.24  2.83  3.19  2.83  2.62  2.52  1.88  1.56  1.12  0.96     2.05  1.28  2.75  2.66  1.52
120   70     1.14  1.58  2.07  2.56  2.88  2.55  2.37  2.27  1.70  1.42  1.02  0.89     1.87  1.20  2.50  2.40  1.38
120   80     1.09  1.50  1.89  2.30  2.59  2.28  2.11  2.04  1.53  1.27  0.93  0.82     1.70  1.14  2.26  2.14  1.25
120   90     1.04  1.42  1.75  2.05  2.31  2.02  1.88  1.80  1.37  1.16  0.85  0.76     1.53  1.08  2.04  1.90  1.12
135   10     1.74  2.44  3.26  4.14  4.41  3.87  3.60  3.58  2.71  2.37  1.84  1.56     2.96  1.91  3.94  3.69  2.30
135   20     1.49  2.15  2.98  3.88  4.24  3.75  3.48  3.41  2.54  2.13  1.57  1.29     2.74  1.65  3.70  3.55  2.08
135   30     1.28  1.89  2.68  3.56  3.99  3.56  3.30  3.19  2.35  1.90  1.33  1.07     2.51  1.41  3.41  3.35  1.86
135   40     1.13  1.67  2.39  3.21  3.68  3.31  3.06  2.92  2.13  1.68  1.14  0.92     2.27  1.24  3.09  3.10  1.65
135   50     1.04  1.52  2.14  2.86  3.33  3.03  2.80  2.64  1.93  1.49  1.00  0.82     2.05  1.13  2.78  2.82  1.47
135   60     0.99  1.42  1.94  2.54  2.99  2.73  2.52  2.36  1.73  1.34  0.91  0.76     1.85  1.06  2.49  2.54  1.33
135   70     0.96  1.34  1.77  2.27  2.68  2.44  2.26  2.11  1.56  1.22  0.83  0.72     1.68  1.01  2.24  2.27  1.20
135   80     0.93  1.30  1.63  2.02  2.39  2.17  2.01  1.88  1.41  1.11  0.77  0.68     1.52  0.97  2.02  2.02  1.10
135   90     0.91  1.25  1.52  1.82  2.13  1.92  1.78  1.68  1.26  1.01  0.71  0.65     1.39  0.94  1.82  1.79  0.99
150   10     1.68  2.38  3.21  4.11  4.40  3.87  3.60  3.57  2.68  2.33  1.78  1.50     2.92  1.85  3.90  3.68  2.26
150   20     1.37  2.03  2.87  3.81  4.21  3.74  3.47  3.38  2.50  2.05  1.45  1.17     2.67  1.52  3.63  3.53  2.00
150   30     1.10  1.70  2.50  3.44  3.93  3.54  3.28  3.13  2.27  1.75  1.16  0.90     2.39  1.23  3.29  3.32  1.73
150   40     0.95  1.44  2.14  3.02  3.59  3.28  3.03  2.84  2.02  1.49  0.94  0.75     2.13  1.05  2.92  3.05  1.49
150   50     0.90  1.29  1.85  2.60  3.19  2.97  2.74  2.51  1.79  1.29  0.84  0.71     1.89  0.97  2.55  2.74  1.31
150   60     0.88  1.22  1.64  2.24  2.78  2.63  2.42  2.20  1.59  1.16  0.79  0.69     1.69  0.93  2.22  2.42  1.18
150   70     0.87  1.19  1.51  1.97  2.43  2.31  2.13  1.94  1.43  1.07  0.75  0.67     1.52  0.91  1.97  2.13  1.08
150   80     0.86  1.17  1.41  1.76  2.15  2.04  1.89  1.73  1.29  0.99  0.70  0.64     1.39  0.89  1.77  1.88  0.99
150   90     0.85  1.16  1.34  1.59  1.92  1.81  1.68  1.54  1.17  0.92  0.66  0.62     1.27  0.88  1.62  1.68  0.92
165   10     1.64  2.34  3.17  4.09  4.39  3.87  3.59  3.56  2.67  2.30  1.75  1.46     2.90  1.81  3.88  3.67  2.24
165   20     1.28  1.95  2.80  3.77  4.18  3.73  3.46  3.36  2.47  1.99  1.37  1.08     2.62  1.43  3.58  3.52  1.94
165   30     0.97  1.56  2.38  3.37  3.90  3.54  3.27  3.11  2.22  1.66  1.02  0.78     2.31  1.10  3.21  3.30  1.63
165   40     0.89  1.24  1.95  2.91  3.54  3.28  3.02  2.79  1.95  1.34  0.84  0.73     2.04  0.96  2.80  3.03  1.38
165   50     0.89  1.16  1.59  2.40  3.12  2.96  2.72  2.44  1.67  1.14  0.81  0.71     1.80  0.92  2.37  2.71  1.21
165   60     0.88  1.15  1.41  1.94  2.65  2.61  2.38  2.06  1.46  1.06  0.78  0.69     1.59  0.91  2.00  2.35  1.10
165   70     0.87  1.15  1.33  1.68  2.18  2.21  2.02  1.77  1.32  1.00  0.74  0.67     1.41  0.90  1.73  2.00  1.02
165   80     0.86  1.15  1.28  1.52  1.92  1.91  1.76  1.58  1.22  0.94  0.70  0.64     1.29  0.88  1.57  1.75  0.95
165   90     0.85  1.14  1.22  1.41  1.72  1.70  1.58  1.43  1.12  0.88  0.66  0.62     1.19  0.87  1.45  1.57  0.88
180   10     1.62  2.33  3.16  4.08  4.38  3.87  3.59  3.56  2.67  2.29  1.73  1.44     2.89  1.80  3.88  3.67  2.23
180   20     1.25  1.92  2.77  3.76  4.17  3.73  3.46  3.36  2.46  1.96  1.34  1.04     2.60  1.40  3.57  3.52  1.92
180   30     0.93  1.50  2.33  3.36  3.88  3.54  3.26  3.10  2.21  1.61  0.97  0.75     2.29  1.06  3.19  3.30  1.60
180   40     0.89  1.16  1.85  2.89  3.52  3.27  3.01  2.79  1.93  1.25  0.84  0.73     2.01  0.93  2.75  3.02  1.34
180   50     0.89  1.16  1.38  2.38  3.09  2.96  2.71  2.43  1.62  1.11  0.81  0.71     1.77  0.92  2.28  2.70  1.18
180   60     0.88  1.15  1.32  1.83  2.62  2.60  2.37  2.04  1.37  1.05  0.78  0.69     1.56  0.91  1.92  2.34  1.07
180   70     0.87  1.15  1.28  1.53  2.11  2.21  2.01  1.68  1.28  1.00  0.74  0.67     1.38  0.90  1.64  1.97  1.01
180   80     0.86  1.15  1.24  1.42  1.79  1.86  1.71  1.51  1.19  0.94  0.70  0.64     1.25  0.88  1.48  1.69  0.94
180   90     0.85  1.14  1.20  1.33  1.62  1.65  1.53  1.39  1.10  0.88  0.66  0.62     1.16  0.87  1.38  1.52  0.88
             61.1  52.5  36.8  20.4   7.9   3.4   5.4  13.2  23.9  41.1  54.9  61.0     31.9  58.1  21.6   7.5  41.4
             3.22  3.71  4.07  4.53  4.53  3.93  3.67  3.75  2.99  3.13  3.18  3.14     3.65  3.35  4.31  3.78  3.05
             2.92  3.55  4.06  4.46  4.28  3.65  3.44  3.63  2.97  3.10  2.98  2.82     3.49  3.10  4.27  3.57  3.02
             1.10  1.05  1.00  1.02  1.06  1.08  1.07  1.03  1.01  1.01  1.07  1.11     1.05  1.09  1.03  1.06  1.03
             1.46  1.30  1.16  1.03  0.95  0.93  0.94  0.98  1.05  1.20  1.40  1.52     1.16  1.42  1.05  0.95  1.22
temperature  -1.8  -1.7   1.6   7.8  12.6  16.0  19.7  20.9  17.1  11.4   6.1   1.2      9.2  -0.8   7.3  18.9  11.5
diffusedrad  1.11  1.48  1.82  2.17  2.49  2.56  2.44  2.28  1.83  1.47  1.12  0.97     1.81  1.19  2.16  2.43  1.47
snow10cm     0.40  0.42  0.14  0.01  0.00  0.00  0.00  0.00  0.00  0.00  0.01  0.11     0.09  0.31  0.05  0.00  0.00
