2 41171   今市            36 43.6  139 40.6  414
             2.43  3.12  3.71  4.40  4.57  3.91  3.77  3.84  2.97  2.71  2.38  2.22     3.34  2.59  4.23  3.84  2.68
             2.78  3.62  4.23  5.39  5.45  4.81  5.14  4.87  3.56  3.48  3.00  2.54     3.63  2.81  4.67  4.65  2.98
             2.09  2.34  2.75  3.44  3.95  2.89  2.86  2.98  2.14  1.98  1.84  1.82     3.10  2.36  3.65  3.15  2.32
  0   10     2.95  3.53  4.01  4.54  4.58  3.89  3.76  3.89  3.09  2.95  2.77  2.71     3.56  3.06  4.38  3.85  2.94
  0   20     3.40  3.89  4.22  4.59  4.52  3.81  3.69  3.87  3.15  3.14  3.12  3.17     3.71  3.49  4.44  3.79  3.13
  0   30     3.78  4.16  4.33  4.54  4.36  3.66  3.56  3.78  3.14  3.26  3.39  3.54     3.79  3.83  4.41  3.67  3.27
  0   40     4.06  4.34  4.35  4.40  4.12  3.45  3.36  3.62  3.08  3.31  3.58  3.82     3.79  4.07  4.29  3.48  3.32
  0   50     4.23  4.41  4.27  4.16  3.81  3.19  3.11  3.39  2.95  3.29  3.68  4.00     3.71  4.21  4.08  3.23  3.31
  0   60     4.30  4.38  4.10  3.84  3.44  2.87  2.81  3.10  2.77  3.19  3.69  4.08     3.55  4.25  3.79  2.93  3.22
  0   70     4.25  4.24  3.83  3.44  3.00  2.52  2.47  2.76  2.54  3.02  3.61  4.05     3.31  4.18  3.42  2.59  3.06
  0   80     4.10  4.01  3.48  2.98  2.53  2.15  2.11  2.38  2.26  2.79  3.44  3.91     3.01  4.01  3.00  2.21  2.83
  0   90     3.85  3.68  3.07  2.47  2.04  1.77  1.75  1.97  1.96  2.50  3.18  3.68     2.66  3.73  2.52  1.83  2.54
 15   10     2.93  3.52  4.00  4.53  4.58  3.89  3.76  3.88  3.08  2.94  2.75  2.69     3.55  3.05  4.37  3.84  2.92
 15   20     3.38  3.86  4.20  4.58  4.51  3.81  3.69  3.87  3.14  3.12  3.07  3.13     3.70  3.46  4.43  3.79  3.11
 15   30     3.73  4.12  4.31  4.54  4.37  3.67  3.56  3.78  3.13  3.24  3.33  3.48     3.77  3.78  4.40  3.67  3.23
 15   40     4.00  4.28  4.32  4.39  4.13  3.46  3.36  3.62  3.06  3.28  3.50  3.75     3.76  4.01  4.28  3.48  3.28
 15   50     4.17  4.35  4.24  4.16  3.83  3.19  3.12  3.39  2.93  3.25  3.58  3.91     3.68  4.14  4.07  3.23  3.25
 15   60     4.22  4.31  4.06  3.85  3.46  2.88  2.82  3.11  2.75  3.14  3.58  3.98     3.51  4.17  3.79  2.94  3.16
 15   70     4.17  4.16  3.80  3.46  3.03  2.54  2.49  2.77  2.53  2.97  3.49  3.94     3.28  4.09  3.43  2.60  3.00
 15   80     4.02  3.92  3.46  3.00  2.58  2.18  2.14  2.40  2.25  2.73  3.31  3.80     2.98  3.91  3.01  2.24  2.77
 15   90     3.76  3.59  3.04  2.52  2.11  1.82  1.78  2.01  1.95  2.44  3.06  3.56     2.64  3.64  2.56  1.87  2.48
 30   10     2.88  3.47  3.97  4.51  4.58  3.89  3.75  3.87  3.07  2.92  2.70  2.64     3.52  3.00  4.35  3.84  2.89
 30   20     3.27  3.77  4.14  4.55  4.52  3.81  3.69  3.85  3.11  3.07  2.97  3.02     3.65  3.35  4.40  3.78  3.05
 30   30     3.59  3.99  4.24  4.50  4.37  3.67  3.55  3.76  3.09  3.16  3.18  3.32     3.70  3.63  4.37  3.66  3.14
 30   40     3.81  4.12  4.23  4.36  4.15  3.47  3.37  3.60  3.02  3.18  3.31  3.54     3.68  3.82  4.25  3.48  3.17
 30   50     3.94  4.14  4.14  4.13  3.86  3.21  3.13  3.38  2.89  3.14  3.37  3.67     3.58  3.92  4.04  3.24  3.13
 30   60     3.96  4.08  3.96  3.83  3.51  2.92  2.85  3.11  2.71  3.02  3.34  3.70     3.42  3.92  3.76  2.96  3.02
 30   70     3.89  3.92  3.70  3.46  3.11  2.59  2.53  2.79  2.48  2.84  3.23  3.64     3.18  3.82  3.42  2.64  2.85
 30   80     3.72  3.68  3.37  3.04  2.70  2.25  2.21  2.44  2.22  2.61  3.04  3.49     2.90  3.63  3.03  2.30  2.62
 30   90     3.46  3.36  2.98  2.59  2.27  1.91  1.88  2.08  1.93  2.33  2.78  3.24     2.57  3.35  2.61  1.96  2.35
 45   10     2.80  3.40  3.92  4.49  4.57  3.89  3.75  3.86  3.05  2.87  2.62  2.55     3.48  2.92  4.32  3.83  2.85
 45   20     3.11  3.63  4.06  4.50  4.51  3.81  3.68  3.82  3.07  2.99  2.84  2.85     3.57  3.19  4.35  3.77  2.96
 45   30     3.35  3.78  4.11  4.43  4.37  3.67  3.55  3.73  3.04  3.05  2.99  3.07     3.59  3.40  4.30  3.65  3.02
 45   40     3.51  3.86  4.08  4.28  4.16  3.47  3.36  3.56  2.95  3.04  3.07  3.22     3.55  3.53  4.17  3.46  3.02
 45   50     3.59  3.86  3.98  4.07  3.89  3.23  3.14  3.35  2.82  2.97  3.08  3.30     3.44  3.58  3.98  3.24  2.96
 45   60     3.58  3.77  3.79  3.77  3.56  2.95  2.87  3.08  2.64  2.85  3.02  3.29     3.27  3.55  3.71  2.97  2.84
 45   70     3.48  3.60  3.55  3.44  3.20  2.65  2.58  2.79  2.42  2.67  2.90  3.20     3.04  3.43  3.40  2.67  2.66
 45   80     3.30  3.37  3.24  3.04  2.81  2.33  2.27  2.46  2.17  2.44  2.71  3.04     2.77  3.23  3.03  2.36  2.44
 45   90     3.06  3.06  2.88  2.65  2.41  2.01  1.96  2.13  1.90  2.18  2.45  2.79     2.46  2.97  2.65  2.04  2.18
 60   10     2.69  3.30  3.85  4.45  4.56  3.88  3.74  3.84  3.02  2.81  2.53  2.44     3.42  2.81  4.29  3.82  2.79
 60   20     2.90  3.44  3.94  4.43  4.49  3.80  3.67  3.78  3.02  2.88  2.67  2.63     3.47  2.99  4.28  3.75  2.86
 60   30     3.06  3.53  3.94  4.34  4.35  3.66  3.54  3.67  2.96  2.89  2.75  2.77     3.46  3.12  4.21  3.63  2.87
 60   40     3.14  3.55  3.89  4.18  4.14  3.47  3.36  3.51  2.86  2.86  2.78  2.85     3.38  3.18  4.07  3.45  2.83
 60   50     3.17  3.51  3.76  3.96  3.89  3.23  3.13  3.29  2.72  2.77  2.75  2.86     3.25  3.18  3.87  3.22  2.75
 60   60     3.13  3.40  3.59  3.69  3.59  2.97  2.88  3.05  2.54  2.63  2.66  2.82     3.08  3.12  3.62  2.97  2.61
 60   70     3.02  3.22  3.34  3.36  3.24  2.68  2.61  2.76  2.33  2.46  2.53  2.71     2.85  2.98  3.31  2.68  2.44
 60   80     2.84  3.00  3.06  3.02  2.89  2.38  2.31  2.46  2.10  2.24  2.34  2.54     2.60  2.80  2.99  2.38  2.23
 60   90     2.62  2.73  2.73  2.65  2.53  2.08  2.03  2.16  1.85  2.01  2.11  2.32     2.32  2.56  2.64  2.09  1.99
 75   10     2.56  3.19  3.78  4.40  4.54  3.88  3.73  3.81  2.98  2.75  2.43  2.31     3.36  2.68  4.24  3.81  2.72
 75   20     2.67  3.24  3.79  4.34  4.46  3.79  3.65  3.74  2.95  2.76  2.47  2.40     3.35  2.77  4.20  3.73  2.73
 75   30     2.72  3.23  3.75  4.22  4.31  3.65  3.52  3.61  2.87  2.73  2.48  2.43     3.29  2.80  4.09  3.59  2.69
 75   40     2.75  3.20  3.65  4.05  4.11  3.46  3.34  3.44  2.75  2.65  2.45  2.44     3.19  2.80  3.94  3.41  2.62
 75   50     2.70  3.11  3.51  3.82  3.86  3.23  3.12  3.23  2.61  2.54  2.38  2.40     3.04  2.74  3.73  3.19  2.51
 75   60     2.64  2.99  3.32  3.54  3.57  2.97  2.87  2.98  2.42  2.39  2.27  2.32     2.86  2.65  3.48  2.94  2.36
 75   70     2.52  2.82  3.09  3.25  3.25  2.69  2.61  2.71  2.22  2.22  2.14  2.21     2.65  2.52  3.20  2.67  2.19
 75   80     2.35  2.61  2.83  2.92  2.91  2.41  2.33  2.43  2.00  2.02  1.97  2.05     2.40  2.34  2.89  2.39  2.00
 75   90     2.17  2.39  2.56  2.59  2.58  2.12  2.05  2.14  1.78  1.81  1.76  1.86     2.15  2.14  2.57  2.10  1.78
 90   10     2.42  3.06  3.69  4.35  4.52  3.87  3.72  3.79  2.94  2.68  2.32  2.17     3.30  2.55  4.19  3.79  2.65
 90   20     2.40  3.01  3.62  4.24  4.42  3.77  3.63  3.69  2.88  2.62  2.27  2.14     3.23  2.52  4.10  3.70  2.59
 90   30     2.37  2.93  3.52  4.08  4.26  3.63  3.49  3.54  2.77  2.54  2.20  2.09     3.12  2.46  3.95  3.55  2.50
 90   40     2.31  2.82  3.38  3.87  4.05  3.43  3.30  3.35  2.63  2.43  2.12  2.01     2.98  2.38  3.77  3.36  2.39
 90   50     2.24  2.70  3.21  3.64  3.79  3.20  3.08  3.13  2.47  2.29  2.01  1.94     2.81  2.29  3.54  3.14  2.25
 90   60     2.14  2.55  3.02  3.37  3.50  2.94  2.84  2.88  2.29  2.14  1.89  1.83     2.62  2.17  3.29  2.89  2.11
 90   70     2.03  2.40  2.80  3.07  3.20  2.67  2.58  2.62  2.09  1.96  1.74  1.72     2.41  2.05  3.02  2.62  1.93
 90   80     1.88  2.20  2.56  2.78  2.88  2.40  2.31  2.36  1.89  1.79  1.60  1.58     2.19  1.89  2.74  2.36  1.76
 90   90     1.73  2.03  2.32  2.47  2.56  2.12  2.05  2.08  1.68  1.60  1.43  1.43     1.96  1.73  2.45  2.08  1.57
105   10     2.29  2.94  3.61  4.29  4.50  3.87  3.71  3.76  2.91  2.61  2.21  2.04     3.23  2.42  4.13  3.78  2.58
105   20     2.14  2.78  3.46  4.13  4.38  3.76  3.61  3.63  2.80  2.48  2.07  1.88     3.09  2.27  3.99  3.67  2.45
105   30     2.01  2.61  3.27  3.92  4.19  3.60  3.45  3.45  2.66  2.34  1.93  1.74     2.93  2.12  3.80  3.50  2.31
105   40     1.89  2.44  3.09  3.68  3.95  3.39  3.25  3.24  2.50  2.19  1.78  1.62     2.75  1.98  3.57  3.29  2.16
105   50     1.78  2.28  2.89  3.41  3.68  3.15  3.02  3.01  2.32  2.04  1.65  1.50     2.56  1.85  3.33  3.06  2.00
105   60     1.66  2.13  2.68  3.14  3.39  2.89  2.78  2.76  2.13  1.87  1.52  1.38     2.36  1.72  3.07  2.81  1.84
105   70     1.56  1.98  2.47  2.86  3.08  2.62  2.52  2.50  1.94  1.72  1.38  1.28     2.16  1.60  2.80  2.54  1.68
105   80     1.44  1.83  2.26  2.56  2.78  2.35  2.25  2.23  1.75  1.55  1.27  1.17     1.95  1.48  2.54  2.28  1.52
105   90     1.33  1.68  2.04  2.29  2.48  2.09  2.00  1.99  1.56  1.40  1.14  1.05     1.75  1.35  2.27  2.03  1.36
120   10     2.15  2.83  3.52  4.24  4.48  3.86  3.71  3.73  2.87  2.54  2.11  1.91     3.16  2.30  4.08  3.77  2.51
120   20     1.89  2.55  3.29  4.03  4.33  3.74  3.59  3.58  2.73  2.35  1.87  1.65     2.97  2.03  3.88  3.64  2.32
120   30     1.67  2.29  3.03  3.76  4.11  3.56  3.42  3.37  2.56  2.15  1.65  1.42     2.75  1.79  3.63  3.45  2.12
120   40     1.49  2.06  2.78  3.46  3.84  3.34  3.20  3.13  2.36  1.95  1.47  1.24     2.53  1.60  3.36  3.22  1.93
120   50     1.35  1.88  2.54  3.16  3.54  3.08  2.95  2.87  2.17  1.77  1.32  1.10     2.31  1.44  3.08  2.97  1.75
120   60     1.24  1.72  2.33  2.86  3.23  2.81  2.69  2.60  1.97  1.62  1.19  1.00     2.11  1.32  2.81  2.70  1.59
120   70     1.16  1.58  2.13  2.59  2.92  2.54  2.43  2.35  1.78  1.47  1.08  0.92     1.91  1.22  2.54  2.44  1.44
120   80     1.07  1.48  1.94  2.32  2.62  2.27  2.17  2.10  1.60  1.32  0.98  0.84     1.73  1.13  2.29  2.18  1.30
120   90     1.00  1.36  1.77  2.07  2.34  2.01  1.92  1.86  1.43  1.20  0.90  0.77     1.55  1.04  2.06  1.93  1.18
135   10     2.04  2.73  3.45  4.20  4.47  3.85  3.70  3.71  2.84  2.48  2.02  1.80     3.11  2.19  4.04  3.75  2.45
135   20     1.67  2.35  3.13  3.93  4.29  3.73  3.57  3.53  2.67  2.23  1.70  1.43     2.85  1.82  3.79  3.61  2.20
135   30     1.35  2.00  2.80  3.61  4.04  3.54  3.38  3.29  2.45  1.97  1.41  1.13     2.58  1.49  3.48  3.41  1.94
135   40     1.13  1.72  2.48  3.25  3.73  3.30  3.14  3.02  2.23  1.73  1.19  0.92     2.32  1.25  3.15  3.15  1.72
135   50     0.99  1.51  2.20  2.89  3.38  3.01  2.87  2.72  2.01  1.54  1.03  0.79     2.08  1.10  2.82  2.87  1.52
135   60     0.91  1.36  1.97  2.57  3.03  2.72  2.58  2.43  1.80  1.38  0.93  0.72     1.87  1.00  2.52  2.58  1.37
135   70     0.86  1.26  1.79  2.29  2.71  2.43  2.31  2.17  1.62  1.25  0.84  0.68     1.68  0.93  2.26  2.30  1.24
135   80     0.81  1.19  1.64  2.04  2.42  2.16  2.06  1.93  1.46  1.13  0.79  0.63     1.52  0.88  2.03  2.05  1.13
135   90     0.78  1.12  1.51  1.83  2.15  1.91  1.82  1.72  1.31  1.03  0.73  0.60     1.38  0.83  1.83  1.82  1.02
150   10     1.94  2.65  3.39  4.17  4.45  3.85  3.69  3.70  2.82  2.43  1.96  1.71     3.06  2.10  4.00  3.75  2.40
150   20     1.47  2.19  3.01  3.86  4.26  3.72  3.56  3.50  2.61  2.13  1.56  1.25     2.76  1.64  3.71  3.59  2.10
150   30     1.07  1.75  2.60  3.48  3.98  3.53  3.36  3.24  2.37  1.81  1.20  0.88     2.44  1.23  3.36  3.38  1.79
150   40     0.83  1.40  2.20  3.06  3.63  3.27  3.11  2.92  2.11  1.53  0.95  0.68     2.14  0.97  2.96  3.10  1.53
150   50     0.75  1.19  1.87  2.63  3.23  2.96  2.80  2.58  1.85  1.31  0.83  0.62     1.89  0.85  2.58  2.78  1.33
150   60     0.72  1.09  1.64  2.26  2.81  2.62  2.48  2.25  1.64  1.18  0.77  0.61     1.67  0.81  2.24  2.45  1.20
150   70     0.71  1.04  1.49  1.98  2.46  2.30  2.17  1.98  1.47  1.08  0.73  0.59     1.50  0.78  1.98  2.15  1.10
150   80     0.69  1.01  1.38  1.76  2.17  2.03  1.92  1.76  1.33  1.00  0.70  0.57     1.36  0.76  1.77  1.90  1.01
150   90     0.67  0.99  1.30  1.60  1.94  1.80  1.70  1.57  1.20  0.93  0.66  0.56     1.24  0.74  1.61  1.69  0.93
165   10     1.88  2.60  3.35  4.15  4.44  3.85  3.69  3.69  2.80  2.40  1.91  1.65     3.03  2.04  3.98  3.74  2.37
165   20     1.33  2.08  2.93  3.82  4.24  3.72  3.55  3.48  2.58  2.06  1.46  1.12     2.70  1.51  3.66  3.58  2.03
165   30     0.87  1.56  2.46  3.42  3.95  3.52  3.35  3.21  2.32  1.70  1.03  0.70     2.34  1.04  3.27  3.36  1.69
165   40     0.74  1.13  1.97  2.95  3.59  3.26  3.09  2.88  2.02  1.36  0.81  0.63     2.04  0.83  2.84  3.08  1.40
165   50     0.73  1.00  1.56  2.43  3.16  2.95  2.78  2.50  1.72  1.14  0.79  0.62     1.78  0.78  2.39  2.75  1.21
165   60     0.71  0.99  1.36  1.96  2.68  2.60  2.43  2.10  1.49  1.06  0.76  0.61     1.56  0.77  2.00  2.38  1.10
165   70     0.70  0.98  1.27  1.68  2.20  2.21  2.05  1.79  1.35  1.00  0.73  0.59     1.38  0.76  1.72  2.02  1.03
165   80     0.68  0.97  1.22  1.52  1.93  1.90  1.78  1.60  1.24  0.94  0.70  0.57     1.25  0.74  1.55  1.76  0.96
165   90     0.67  0.96  1.16  1.41  1.73  1.69  1.59  1.45  1.14  0.88  0.66  0.56     1.16  0.73  1.43  1.58  0.90
180   10     1.85  2.59  3.34  4.14  4.43  3.85  3.69  3.69  2.80  2.39  1.90  1.63     3.02  2.02  3.97  3.74  2.36
180   20     1.28  2.03  2.89  3.81  4.23  3.72  3.55  3.48  2.57  2.04  1.42  1.08     2.67  1.46  3.64  3.58  2.01
180   30     0.81  1.48  2.40  3.40  3.93  3.52  3.35  3.20  2.30  1.66  0.97  0.65     2.31  0.98  3.25  3.36  1.64
180   40     0.74  1.01  1.87  2.93  3.57  3.26  3.09  2.87  2.00  1.27  0.81  0.63     2.00  0.80  2.79  3.07  1.36
180   50     0.73  1.00  1.33  2.41  3.13  2.95  2.77  2.50  1.66  1.10  0.79  0.62     1.75  0.78  2.29  2.74  1.18
180   60     0.71  0.99  1.25  1.85  2.65  2.60  2.42  2.09  1.39  1.05  0.76  0.61     1.53  0.77  1.92  2.37  1.06
180   70     0.70  0.98  1.21  1.52  2.13  2.21  2.04  1.69  1.30  1.00  0.73  0.59     1.34  0.76  1.62  1.98  1.01
180   80     0.68  0.97  1.17  1.42  1.80  1.85  1.72  1.52  1.21  0.94  0.70  0.57     1.21  0.74  1.46  1.70  0.95
180   90     0.67  0.96  1.13  1.33  1.63  1.64  1.54  1.40  1.12  0.88  0.66  0.56     1.13  0.73  1.36  1.53  0.89
             61.1  51.9  36.9  20.1   7.6   3.1   5.1  13.2  24.3  41.6  56.1  62.2     34.8  58.5  21.9   7.4  42.8
             4.30  4.41  4.36  4.59  4.58  3.91  3.77  3.89  3.15  3.31  3.70  4.08     4.00  4.25  4.44  3.85  3.33
             3.92  4.26  4.35  4.49  4.26  3.57  3.47  3.72  3.12  3.30  3.49  3.69     3.80  3.96  4.37  3.58  3.30
             1.10  1.04  1.00  1.02  1.08  1.10  1.09  1.05  1.01  1.00  1.06  1.11     1.05  1.08  1.03  1.08  1.02
             1.61  1.37  1.17  1.02  0.93  0.91  0.92  0.97  1.05  1.22  1.47  1.66     1.19  1.55  1.04  0.93  1.24
temperature   0.3   0.8   4.2  10.1  14.8  18.3  21.7  23.0  19.3  13.6   7.9   2.8     11.4   1.3   9.7  21.0  13.6
diffusedrad  1.06  1.42  1.79  2.16  2.48  2.54  2.43  2.28  1.86  1.48  1.13  0.93     1.80  1.14  2.15  2.42  1.49
snow10cm     0.07  0.17  0.08  0.00  0.00  0.00  0.00  0.00  0.00  0.00  0.00  0.01     0.03  0.08  0.03  0.00  0.00
