2 41331   真岡            36 28.7  139 59.2   91
             2.60  3.27  3.73  4.39  4.67  4.14  4.13  4.27  3.23  2.83  2.42  2.31     3.50  2.72  4.26  4.18  2.83
             3.07  3.77  4.40  5.41  5.54  4.87  6.22  5.48  3.91  3.55  3.03  2.66     3.90  3.00  4.82  5.07  3.20
             2.09  2.33  2.62  3.43  3.82  3.02  2.99  3.34  2.09  2.15  1.79  1.98     3.18  2.45  3.78  3.35  2.51
  0   10     3.18  3.71  4.03  4.53  4.68  4.13  4.12  4.33  3.38  3.10  2.82  2.83     3.74  3.24  4.41  4.19  3.10
  0   20     3.70  4.11  4.24  4.58  4.61  4.04  4.04  4.32  3.45  3.31  3.18  3.30     3.90  3.70  4.48  4.13  3.31
  0   30     4.12  4.40  4.35  4.53  4.45  3.87  3.88  4.22  3.45  3.44  3.46  3.69     3.99  4.07  4.44  3.99  3.45
  0   40     4.43  4.58  4.36  4.38  4.20  3.64  3.66  4.04  3.38  3.50  3.65  3.99     3.98  4.33  4.32  3.78  3.51
  0   50     4.63  4.65  4.27  4.14  3.88  3.35  3.37  3.77  3.25  3.48  3.75  4.18     3.89  4.49  4.10  3.50  3.49
  0   60     4.71  4.61  4.09  3.82  3.49  3.00  3.03  3.44  3.05  3.37  3.76  4.26     3.72  4.53  3.80  3.16  3.40
  0   70     4.66  4.44  3.81  3.42  3.04  2.62  2.65  3.04  2.79  3.20  3.68  4.23     3.46  4.45  3.42  2.77  3.22
  0   80     4.49  4.17  3.44  2.96  2.56  2.22  2.24  2.60  2.48  2.95  3.50  4.09     3.14  4.25  2.99  2.35  2.98
  0   90     4.20  3.80  3.01  2.45  2.05  1.81  1.82  2.13  2.14  2.64  3.24  3.84     2.76  3.95  2.50  1.92  2.67
 15   10     3.17  3.70  4.02  4.52  4.68  4.13  4.12  4.33  3.37  3.09  2.80  2.81     3.73  3.22  4.41  4.19  3.09
 15   20     3.66  4.08  4.22  4.57  4.61  4.03  4.04  4.32  3.44  3.29  3.13  3.26     3.89  3.67  4.47  4.13  3.29
 15   30     4.07  4.36  4.33  4.52  4.46  3.87  3.88  4.22  3.44  3.41  3.39  3.63     3.96  4.02  4.43  3.99  3.41
 15   40     4.37  4.53  4.33  4.38  4.21  3.64  3.66  4.03  3.37  3.46  3.57  3.91     3.96  4.27  4.31  3.78  3.47
 15   50     4.56  4.59  4.24  4.14  3.90  3.36  3.38  3.77  3.23  3.43  3.65  4.09     3.86  4.41  4.09  3.50  3.44
 15   60     4.62  4.53  4.05  3.83  3.52  3.02  3.05  3.45  3.04  3.33  3.65  4.16     3.69  4.44  3.80  3.17  3.34
 15   70     4.57  4.36  3.78  3.44  3.07  2.65  2.68  3.06  2.78  3.14  3.56  4.12     3.43  4.35  3.43  2.79  3.16
 15   80     4.39  4.08  3.42  2.98  2.61  2.25  2.27  2.64  2.48  2.90  3.38  3.97     3.11  4.15  3.00  2.39  2.92
 15   90     4.11  3.71  2.98  2.50  2.12  1.86  1.88  2.18  2.13  2.58  3.11  3.72     2.74  3.85  2.54  1.97  2.61
 30   10     3.11  3.65  3.99  4.50  4.68  4.13  4.11  4.31  3.35  3.06  2.75  2.75     3.70  3.17  4.39  4.18  3.05
 30   20     3.55  3.98  4.17  4.54  4.61  4.04  4.04  4.29  3.41  3.23  3.03  3.15     3.84  3.56  4.44  4.12  3.22
 30   30     3.90  4.21  4.25  4.48  4.46  3.88  3.89  4.19  3.40  3.33  3.24  3.47     3.89  3.86  4.40  3.98  3.32
 30   40     4.16  4.34  4.25  4.34  4.24  3.66  3.68  4.02  3.33  3.36  3.38  3.70     3.87  4.07  4.28  3.79  3.35
 30   50     4.30  4.37  4.14  4.11  3.94  3.38  3.40  3.76  3.19  3.31  3.43  3.84     3.76  4.17  4.06  3.52  3.31
 30   60     4.34  4.28  3.95  3.81  3.58  3.07  3.09  3.46  2.98  3.20  3.40  3.87     3.59  4.16  3.78  3.21  3.19
 30   70     4.26  4.10  3.68  3.44  3.17  2.71  2.74  3.09  2.74  3.01  3.29  3.81     3.34  4.05  3.43  2.85  3.01
 30   80     4.07  3.82  3.33  3.02  2.74  2.35  2.37  2.69  2.45  2.76  3.10  3.65     3.03  3.84  3.03  2.47  2.77
 30   90     3.78  3.45  2.92  2.57  2.30  1.98  2.00  2.28  2.13  2.46  2.83  3.39     2.67  3.54  2.60  2.09  2.47
 45   10     3.01  3.57  3.94  4.48  4.67  4.12  4.11  4.29  3.33  3.01  2.67  2.65     3.65  3.08  4.36  4.18  3.00
 45   20     3.36  3.82  4.08  4.49  4.61  4.04  4.03  4.26  3.36  3.14  2.89  2.97     3.75  3.38  4.39  4.11  3.13
 45   30     3.64  3.98  4.13  4.42  4.46  3.88  3.89  4.16  3.34  3.21  3.05  3.20     3.78  3.61  4.34  3.98  3.20
 45   40     3.83  4.07  4.10  4.27  4.25  3.67  3.68  3.97  3.25  3.20  3.13  3.36     3.73  3.75  4.20  3.78  3.19
 45   50     3.92  4.05  3.99  4.05  3.97  3.42  3.43  3.74  3.11  3.13  3.14  3.44     3.62  3.81  4.00  3.53  3.13
 45   60     3.91  3.94  3.79  3.76  3.63  3.11  3.13  3.44  2.91  3.01  3.08  3.44     3.43  3.77  3.73  3.23  3.00
 45   70     3.80  3.75  3.53  3.42  3.27  2.79  2.81  3.11  2.67  2.82  2.96  3.35     3.19  3.63  3.40  2.90  2.82
 45   80     3.60  3.48  3.20  3.03  2.87  2.45  2.47  2.73  2.40  2.58  2.76  3.17     2.89  3.42  3.03  2.55  2.58
 45   90     3.33  3.13  2.83  2.63  2.46  2.11  2.12  2.36  2.10  2.30  2.50  2.92     2.56  3.13  2.64  2.19  2.30
 60   10     2.89  3.46  3.88  4.44  4.66  4.12  4.10  4.27  3.29  2.95  2.58  2.54     3.60  2.96  4.32  4.17  2.94
 60   20     3.14  3.62  3.96  4.42  4.59  4.03  4.02  4.21  3.30  3.03  2.72  2.74     3.65  3.16  4.32  4.09  3.02
 60   30     3.31  3.71  3.96  4.33  4.45  3.88  3.88  4.10  3.25  3.04  2.80  2.89     3.63  3.31  4.25  3.95  3.03
 60   40     3.41  3.72  3.90  4.17  4.24  3.68  3.68  3.92  3.15  3.01  2.83  2.97     3.56  3.37  4.11  3.76  3.00
 60   50     3.45  3.67  3.77  3.95  3.98  3.43  3.44  3.68  2.99  2.92  2.80  2.98     3.42  3.37  3.90  3.51  2.90
 60   60     3.41  3.54  3.58  3.68  3.67  3.15  3.16  3.40  2.80  2.78  2.71  2.94     3.23  3.30  3.64  3.24  2.76
 60   70     3.28  3.33  3.31  3.35  3.31  2.84  2.85  3.08  2.57  2.60  2.58  2.83     3.00  3.15  3.33  2.92  2.58
 60   80     3.09  3.09  3.03  3.01  2.96  2.52  2.53  2.75  2.32  2.37  2.39  2.65     2.72  2.94  3.00  2.60  2.36
 60   90     2.84  2.78  2.69  2.63  2.59  2.20  2.21  2.40  2.04  2.12  2.15  2.42     2.42  2.68  2.63  2.27  2.11
 75   10     2.75  3.34  3.80  4.39  4.64  4.11  4.09  4.24  3.25  2.88  2.48  2.40     3.53  2.83  4.28  4.15  2.87
 75   20     2.87  3.39  3.81  4.33  4.56  4.02  4.00  4.16  3.22  2.89  2.52  2.49     3.52  2.92  4.23  4.06  2.88
 75   30     2.94  3.39  3.77  4.21  4.41  3.87  3.86  4.02  3.14  2.86  2.53  2.53     3.46  2.95  4.13  3.92  2.85
 75   40     2.97  3.35  3.66  4.04  4.21  3.67  3.67  3.83  3.02  2.78  2.50  2.54     3.35  2.95  3.97  3.72  2.77
 75   50     2.93  3.24  3.51  3.81  3.94  3.42  3.43  3.60  2.86  2.67  2.43  2.50     3.20  2.89  3.76  3.48  2.66
 75   60     2.86  3.10  3.31  3.54  3.65  3.15  3.15  3.32  2.67  2.52  2.32  2.41     3.00  2.79  3.50  3.21  2.50
 75   70     2.73  2.90  3.07  3.24  3.33  2.86  2.87  3.03  2.45  2.34  2.18  2.30     2.78  2.64  3.22  2.92  2.32
 75   80     2.54  2.66  2.80  2.91  2.98  2.56  2.56  2.71  2.21  2.14  2.00  2.14     2.52  2.45  2.90  2.61  2.12
 75   90     2.34  2.41  2.51  2.58  2.64  2.25  2.25  2.38  1.97  1.91  1.80  1.94     2.25  2.23  2.58  2.29  1.89
 90   10     2.59  3.21  3.71  4.34  4.62  4.11  4.08  4.21  3.21  2.80  2.37  2.25     3.46  2.68  4.23  4.13  2.79
 90   20     2.57  3.15  3.64  4.24  4.52  4.01  3.98  4.10  3.14  2.74  2.32  2.22     3.38  2.65  4.13  4.03  2.73
 90   30     2.54  3.05  3.54  4.07  4.36  3.85  3.83  3.93  3.02  2.66  2.24  2.17     3.27  2.59  3.99  3.87  2.64
 90   40     2.48  2.93  3.39  3.87  4.14  3.64  3.63  3.72  2.87  2.54  2.16  2.09     3.12  2.50  3.80  3.66  2.52
 90   50     2.41  2.79  3.21  3.63  3.88  3.40  3.39  3.48  2.70  2.40  2.05  2.02     2.95  2.40  3.57  3.42  2.38
 90   60     2.29  2.61  3.00  3.36  3.58  3.13  3.12  3.21  2.51  2.25  1.93  1.90     2.74  2.27  3.32  3.15  2.23
 90   70     2.17  2.44  2.77  3.06  3.28  2.85  2.84  2.91  2.29  2.06  1.78  1.78     2.52  2.13  3.04  2.86  2.04
 90   80     2.01  2.22  2.52  2.77  2.96  2.55  2.55  2.62  2.08  1.89  1.63  1.65     2.29  1.96  2.75  2.57  1.87
 90   90     1.85  2.02  2.27  2.46  2.62  2.26  2.25  2.32  1.84  1.68  1.46  1.48     2.04  1.78  2.45  2.28  1.66
105   10     2.44  3.07  3.63  4.29  4.60  4.10  4.07  4.18  3.16  2.72  2.26  2.11     3.39  2.54  4.17  4.12  2.71
105   20     2.28  2.89  3.47  4.13  4.48  3.99  3.96  4.03  3.05  2.59  2.11  1.95     3.24  2.37  4.03  3.99  2.58
105   30     2.13  2.70  3.29  3.92  4.29  3.82  3.79  3.83  2.90  2.44  1.96  1.80     3.07  2.21  3.83  3.81  2.43
105   40     2.01  2.52  3.09  3.67  4.05  3.60  3.57  3.59  2.72  2.29  1.81  1.67     2.88  2.06  3.60  3.59  2.27
105   50     1.89  2.32  2.88  3.41  3.77  3.35  3.32  3.33  2.52  2.12  1.68  1.54     2.68  1.92  3.35  3.33  2.11
105   60     1.76  2.15  2.66  3.13  3.47  3.07  3.05  3.05  2.32  1.95  1.55  1.43     2.47  1.78  3.09  3.06  1.94
105   70     1.65  1.98  2.44  2.85  3.16  2.79  2.76  2.77  2.12  1.79  1.41  1.32     2.25  1.65  2.82  2.77  1.77
105   80     1.52  1.80  2.22  2.56  2.85  2.50  2.48  2.47  1.91  1.62  1.29  1.21     2.04  1.51  2.54  2.48  1.61
105   90     1.40  1.63  1.99  2.29  2.55  2.22  2.21  2.20  1.71  1.46  1.16  1.08     1.82  1.37  2.27  2.21  1.44
120   10     2.29  2.94  3.54  4.24  4.59  4.09  4.07  4.14  3.12  2.65  2.15  1.98     3.32  2.40  4.12  4.10  2.64
120   20     2.00  2.64  3.30  4.03  4.43  3.97  3.94  3.96  2.96  2.44  1.91  1.70     3.11  2.11  3.92  3.96  2.44
120   30     1.75  2.36  3.04  3.76  4.21  3.78  3.74  3.72  2.77  2.23  1.68  1.46     2.88  1.86  3.67  3.75  2.23
120   40     1.56  2.10  2.77  3.46  3.93  3.54  3.50  3.45  2.56  2.02  1.50  1.27     2.64  1.64  3.39  3.50  2.02
120   50     1.40  1.89  2.53  3.16  3.62  3.27  3.23  3.15  2.34  1.84  1.34  1.13     2.41  1.47  3.10  3.22  1.84
120   60     1.28  1.71  2.30  2.86  3.31  2.98  2.94  2.86  2.13  1.67  1.21  1.02     2.19  1.34  2.82  2.93  1.67
120   70     1.19  1.54  2.10  2.58  2.99  2.69  2.65  2.57  1.92  1.52  1.10  0.93     1.98  1.22  2.56  2.64  1.51
120   80     1.10  1.41  1.89  2.32  2.68  2.40  2.37  2.30  1.73  1.37  1.00  0.86     1.79  1.12  2.30  2.36  1.37
120   90     1.02  1.27  1.72  2.07  2.40  2.14  2.11  2.04  1.55  1.24  0.91  0.78     1.60  1.02  2.06  2.09  1.23
135   10     2.16  2.84  3.46  4.20  4.57  4.09  4.06  4.12  3.08  2.58  2.06  1.86     3.26  2.29  4.08  4.09  2.58
135   20     1.74  2.42  3.15  3.93  4.39  3.96  3.91  3.91  2.88  2.31  1.73  1.47     2.98  1.88  3.82  3.93  2.31
135   30     1.39  2.03  2.80  3.61  4.13  3.76  3.70  3.63  2.64  2.04  1.43  1.15     2.69  1.52  3.51  3.70  2.04
135   40     1.14  1.71  2.47  3.25  3.81  3.49  3.43  3.30  2.39  1.79  1.21  0.93     2.41  1.26  3.18  3.41  1.79
135   50     0.99  1.48  2.18  2.89  3.45  3.19  3.13  2.96  2.15  1.58  1.05  0.80     2.15  1.09  2.84  3.09  1.59
135   60     0.90  1.31  1.94  2.57  3.10  2.87  2.81  2.64  1.92  1.41  0.94  0.72     1.93  0.97  2.54  2.77  1.42
135   70     0.84  1.18  1.74  2.29  2.77  2.56  2.51  2.34  1.73  1.27  0.85  0.68     1.73  0.90  2.27  2.47  1.28
135   80     0.79  1.09  1.58  2.04  2.47  2.28  2.23  2.08  1.55  1.16  0.80  0.63     1.56  0.84  2.03  2.20  1.17
135   90     0.76  1.01  1.45  1.83  2.20  2.02  1.98  1.85  1.39  1.06  0.74  0.60     1.41  0.79  1.83  1.95  1.06
150   10     2.05  2.75  3.40  4.16  4.55  4.09  4.05  4.10  3.05  2.53  1.99  1.77     3.21  2.19  4.04  4.08  2.53
150   20     1.52  2.25  3.02  3.86  4.36  3.95  3.90  3.86  2.82  2.21  1.58  1.28     2.88  1.68  3.75  3.90  2.20
150   30     1.08  1.76  2.60  3.49  4.07  3.74  3.68  3.55  2.54  1.87  1.22  0.88     2.54  1.24  3.39  3.66  1.88
150   40     0.81  1.37  2.19  3.06  3.71  3.46  3.39  3.19  2.24  1.56  0.96  0.67     2.22  0.95  2.99  3.34  1.59
150   50     0.71  1.12  1.84  2.64  3.30  3.12  3.04  2.78  1.96  1.33  0.83  0.61     1.94  0.82  2.59  2.98  1.37
150   60     0.68  1.00  1.59  2.26  2.87  2.75  2.67  2.41  1.72  1.19  0.78  0.60     1.71  0.76  2.24  2.61  1.23
150   70     0.67  0.94  1.44  1.98  2.50  2.41  2.33  2.10  1.54  1.09  0.74  0.58     1.53  0.73  1.97  2.28  1.12
150   80     0.65  0.89  1.31  1.76  2.21  2.12  2.06  1.86  1.39  1.01  0.70  0.57     1.38  0.70  1.76  2.01  1.03
150   90     0.63  0.85  1.22  1.60  1.97  1.88  1.82  1.66  1.26  0.94  0.67  0.55     1.25  0.68  1.60  1.79  0.96
165   10     1.97  2.70  3.37  4.14  4.54  4.09  4.04  4.09  3.04  2.50  1.95  1.70     3.18  2.13  4.02  4.07  2.50
165   20     1.37  2.12  2.93  3.82  4.33  3.95  3.89  3.84  2.78  2.13  1.48  1.14     2.82  1.54  3.70  3.89  2.13
165   30     0.84  1.55  2.45  3.42  4.04  3.73  3.66  3.52  2.48  1.75  1.05  0.70     2.43  1.03  3.30  3.64  1.76
165   40     0.69  1.07  1.95  2.95  3.67  3.46  3.37  3.13  2.14  1.38  0.81  0.62     2.10  0.79  2.86  3.32  1.44
165   50     0.68  0.91  1.53  2.44  3.23  3.12  3.02  2.69  1.79  1.14  0.79  0.61     1.83  0.73  2.40  2.94  1.24
165   60     0.67  0.89  1.31  1.96  2.73  2.73  2.62  2.20  1.53  1.05  0.76  0.60     1.59  0.72  2.00  2.52  1.12
165   70     0.66  0.86  1.21  1.69  2.23  2.31  2.18  1.85  1.38  1.00  0.73  0.58     1.39  0.70  1.71  2.11  1.04
165   80     0.64  0.84  1.15  1.52  1.95  1.97  1.88  1.64  1.27  0.94  0.70  0.57     1.26  0.68  1.54  1.83  0.97
165   90     0.63  0.82  1.08  1.40  1.75  1.75  1.68  1.49  1.18  0.89  0.67  0.55     1.16  0.67  1.41  1.64  0.91
180   10     1.95  2.68  3.35  4.14  4.53  4.09  4.04  4.09  3.03  2.49  1.93  1.68     3.17  2.10  4.01  4.07  2.48
180   20     1.31  2.07  2.90  3.81  4.32  3.95  3.88  3.84  2.77  2.11  1.44  1.10     2.79  1.49  3.68  3.89  2.10
180   30     0.77  1.45  2.39  3.41  4.02  3.74  3.65  3.51  2.46  1.70  0.98  0.64     2.39  0.96  3.27  3.63  1.71
180   40     0.69  0.93  1.85  2.94  3.64  3.46  3.36  3.12  2.11  1.28  0.81  0.62     2.07  0.75  2.81  3.31  1.40
180   50     0.68  0.91  1.29  2.41  3.20  3.12  3.00  2.68  1.72  1.09  0.79  0.61     1.79  0.73  2.30  2.93  1.20
180   60     0.67  0.89  1.20  1.86  2.70  2.73  2.60  2.19  1.40  1.05  0.76  0.60     1.55  0.72  1.92  2.51  1.07
180   70     0.66  0.86  1.15  1.52  2.16  2.31  2.17  1.73  1.31  1.00  0.73  0.58     1.35  0.70  1.61  2.07  1.01
180   80     0.64  0.84  1.10  1.41  1.81  1.91  1.80  1.55  1.23  0.94  0.70  0.57     1.21  0.68  1.44  1.75  0.96
180   90     0.63  0.82  1.05  1.32  1.64  1.70  1.61  1.42  1.14  0.89  0.67  0.55     1.12  0.67  1.34  1.58  0.90
             61.2  51.0  36.1  19.9   7.4   2.5   4.7  13.6  25.4  42.2  56.0  62.3     34.6  58.2  21.5   7.4  42.7
             4.71  4.65  4.37  4.58  4.68  4.15  4.13  4.34  3.46  3.50  3.77  4.27     4.22  4.53  4.48  4.19  3.51
             4.27  4.50  4.37  4.47  4.35  3.77  3.79  4.15  3.43  3.48  3.56  3.84     4.00  4.20  4.40  3.90  3.49
             1.10  1.03  1.00  1.02  1.08  1.10  1.09  1.05  1.01  1.01  1.06  1.11     1.05  1.08  1.03  1.08  1.02
             1.64  1.38  1.17  1.02  0.93  0.91  0.92  0.97  1.06  1.23  1.47  1.66     1.20  1.56  1.04  0.93  1.25
temperature   1.3   2.4   6.0  11.8  16.6  20.0  23.6  25.0  21.2  15.2   9.0   3.6     13.0   2.4  11.5  22.9  15.1
diffusedrad  1.04  1.38  1.77  2.16  2.47  2.55  2.47  2.29  1.91  1.49  1.13  0.93     1.80  1.12  2.13  2.44  1.51
snow10cm     0.02  0.02  0.00  0.00  0.00  0.00  0.00  0.00  0.00  0.00  0.00  0.00     0.00  0.01  0.00  0.00  0.00
