2 42221   田代            36 27.8  138 27.8 1230
             2.25  3.11  3.98  4.67  4.91  4.29  4.20  4.08  3.03  2.79  2.38  2.09     3.48  2.48  4.52  4.19  2.73
             2.57  3.66  4.52  5.47  5.44  4.91  5.43  5.13  3.63  3.49  2.70  2.42     3.77  2.75  5.00  4.87  3.05
             1.92  2.58  3.47  4.06  4.47  3.43  3.28  3.12  2.10  2.31  1.87  1.77     3.24  2.23  4.17  3.63  2.38
  0   10     2.66  3.47  4.30  4.82  4.93  4.25  4.18  4.15  3.13  3.05  2.80  2.50     3.69  2.88  4.68  4.20  2.99
  0   20     3.02  3.81  4.54  4.89  4.86  4.16  4.10  4.13  3.19  3.25  3.15  2.89     3.83  3.24  4.76  4.13  3.20
  0   30     3.33  4.09  4.71  4.85  4.68  3.99  3.95  4.04  3.19  3.38  3.43  3.21     3.90  3.54  4.75  3.99  3.33
  0   40     3.56  4.29  4.79  4.72  4.42  3.74  3.72  3.86  3.12  3.43  3.62  3.44     3.89  3.77  4.64  3.77  3.39
  0   50     3.73  4.40  4.79  4.49  4.08  3.44  3.42  3.61  3.00  3.41  3.73  3.60     3.81  3.91  4.45  3.49  3.38
  0   60     3.81  4.43  4.70  4.17  3.66  3.08  3.08  3.29  2.81  3.31  3.74  3.67     3.65  3.97  4.17  3.15  3.29
  0   70     3.81  4.38  4.53  3.77  3.17  2.68  2.69  2.92  2.58  3.13  3.66  3.65     3.41  3.94  3.82  2.76  3.12
  0   80     3.73  4.24  4.28  3.30  2.65  2.26  2.27  2.51  2.30  2.89  3.49  3.53     3.12  3.83  3.41  2.34  2.89
  0   90     3.57  4.01  3.97  2.79  2.11  1.83  1.85  2.06  1.98  2.59  3.23  3.33     2.78  3.64  2.96  1.91  2.60
 15   10     2.64  3.46  4.29  4.81  4.93  4.25  4.18  4.14  3.13  3.04  2.78  2.49     3.68  2.86  4.68  4.20  2.98
 15   20     3.00  3.79  4.52  4.88  4.86  4.16  4.10  4.13  3.18  3.23  3.12  2.85     3.82  3.21  4.75  4.13  3.18
 15   30     3.29  4.05  4.68  4.84  4.69  3.99  3.95  4.04  3.18  3.35  3.38  3.15     3.88  3.50  4.74  3.99  3.30
 15   40     3.52  4.23  4.75  4.71  4.43  3.75  3.72  3.86  3.11  3.39  3.57  3.38     3.87  3.71  4.63  3.77  3.36
 15   50     3.67  4.34  4.75  4.48  4.09  3.45  3.44  3.62  2.98  3.36  3.66  3.52     3.78  3.84  4.44  3.50  3.33
 15   60     3.74  4.36  4.66  4.17  3.68  3.10  3.09  3.31  2.80  3.25  3.67  3.58     3.62  3.89  4.17  3.17  3.24
 15   70     3.74  4.30  4.49  3.78  3.21  2.71  2.71  2.94  2.56  3.08  3.58  3.55     3.39  3.86  3.83  2.79  3.07
 15   80     3.65  4.15  4.25  3.33  2.71  2.29  2.31  2.54  2.29  2.83  3.40  3.43     3.10  3.75  3.43  2.38  2.84
 15   90     3.49  3.93  3.93  2.84  2.20  1.89  1.90  2.11  1.97  2.53  3.15  3.23     2.76  3.55  2.99  1.96  2.55
 30   10     2.60  3.42  4.25  4.79  4.92  4.25  4.18  4.14  3.11  3.01  2.74  2.44     3.65  2.82  4.66  4.19  2.95
 30   20     2.91  3.70  4.46  4.84  4.86  4.16  4.10  4.12  3.16  3.17  3.03  2.76     3.77  3.13  4.72  4.13  3.12
 30   30     3.17  3.92  4.60  4.80  4.70  3.99  3.95  4.03  3.14  3.27  3.26  3.02     3.82  3.37  4.70  3.99  3.22
 30   40     3.36  4.08  4.66  4.67  4.46  3.77  3.74  3.86  3.07  3.29  3.40  3.20     3.80  3.54  4.60  3.79  3.25
 30   50     3.48  4.15  4.64  4.45  4.14  3.48  3.46  3.62  2.93  3.25  3.47  3.31     3.70  3.65  4.41  3.52  3.22
 30   60     3.54  4.15  4.54  4.15  3.76  3.15  3.14  3.33  2.75  3.13  3.45  3.34     3.54  3.67  4.15  3.21  3.11
 30   70     3.51  4.08  4.38  3.79  3.32  2.78  2.78  2.98  2.52  2.94  3.35  3.29     3.31  3.63  3.83  2.85  2.94
 30   80     3.42  3.93  4.15  3.37  2.86  2.40  2.40  2.61  2.25  2.70  3.17  3.16     3.03  3.50  3.46  2.47  2.71
 30   90     3.25  3.71  3.86  2.92  2.39  2.02  2.03  2.22  1.96  2.41  2.90  2.95     2.72  3.31  3.06  2.09  2.42
 45   10     2.54  3.35  4.20  4.76  4.92  4.25  4.18  4.13  3.09  2.96  2.67  2.36     3.62  2.75  4.63  4.18  2.91
 45   20     2.78  3.57  4.37  4.78  4.85  4.16  4.10  4.09  3.11  3.09  2.91  2.61     3.70  2.99  4.67  4.12  3.04
 45   30     2.98  3.74  4.47  4.73  4.70  4.00  3.95  4.00  3.08  3.15  3.08  2.80     3.72  3.17  4.63  3.98  3.10
 45   40     3.13  3.85  4.50  4.59  4.47  3.78  3.74  3.83  2.99  3.14  3.18  2.93     3.68  3.30  4.52  3.78  3.10
 45   50     3.21  3.89  4.47  4.38  4.18  3.52  3.48  3.61  2.86  3.07  3.21  2.99     3.57  3.37  4.34  3.54  3.05
 45   60     3.23  3.87  4.37  4.09  3.82  3.20  3.18  3.33  2.68  2.95  3.17  2.99     3.40  3.36  4.09  3.24  2.93
 45   70     3.19  3.78  4.22  3.77  3.43  2.86  2.85  3.01  2.46  2.76  3.05  2.91     3.19  3.29  3.81  2.91  2.75
 45   80     3.08  3.64  4.00  3.38  3.01  2.51  2.50  2.67  2.20  2.52  2.86  2.77     2.93  3.17  3.46  2.56  2.53
 45   90     2.93  3.44  3.75  2.99  2.57  2.16  2.15  2.30  1.93  2.25  2.61  2.56     2.64  2.98  3.11  2.20  2.26
 60   10     2.45  3.26  4.14  4.72  4.91  4.25  4.17  4.11  3.06  2.90  2.58  2.27     3.57  2.66  4.59  4.17  2.85
 60   20     2.62  3.41  4.24  4.71  4.83  4.15  4.09  4.06  3.06  2.97  2.74  2.43     3.61  2.82  4.59  4.10  2.92
 60   30     2.75  3.51  4.30  4.63  4.68  4.00  3.94  3.96  3.00  2.98  2.85  2.55     3.60  2.94  4.54  3.96  2.95
 60   40     2.83  3.56  4.30  4.48  4.47  3.79  3.74  3.79  2.91  2.95  2.90  2.61     3.53  3.00  4.42  3.77  2.92
 60   50     2.88  3.58  4.25  4.26  4.18  3.53  3.49  3.57  2.76  2.86  2.88  2.62     3.40  3.02  4.23  3.53  2.83
 60   60     2.87  3.53  4.15  4.01  3.86  3.24  3.21  3.31  2.58  2.72  2.82  2.58     3.24  3.00  4.01  3.25  2.71
 60   70     2.81  3.44  4.00  3.69  3.49  2.92  2.90  3.01  2.36  2.54  2.69  2.49     3.03  2.91  3.73  2.94  2.53
 60   80     2.71  3.32  3.82  3.35  3.11  2.58  2.56  2.69  2.13  2.31  2.51  2.34     2.79  2.79  3.43  2.61  2.32
 60   90     2.58  3.14  3.60  3.00  2.72  2.26  2.24  2.36  1.88  2.07  2.29  2.16     2.52  2.63  3.10  2.29  2.08
 75   10     2.35  3.16  4.06  4.67  4.89  4.24  4.16  4.08  3.02  2.83  2.48  2.15     3.51  2.56  4.54  4.16  2.78
 75   20     2.43  3.22  4.09  4.62  4.80  4.14  4.07  4.02  2.99  2.84  2.55  2.23     3.50  2.63  4.50  4.08  2.79
 75   30     2.49  3.25  4.09  4.50  4.64  3.99  3.92  3.89  2.91  2.81  2.59  2.25     3.44  2.66  4.41  3.93  2.77
 75   40     2.52  3.25  4.05  4.33  4.43  3.78  3.72  3.72  2.79  2.73  2.58  2.26     3.35  2.68  4.27  3.74  2.70
 75   50     2.51  3.21  3.98  4.12  4.16  3.53  3.48  3.51  2.64  2.62  2.53  2.22     3.21  2.65  4.09  3.50  2.60
 75   60     2.48  3.17  3.88  3.85  3.84  3.25  3.20  3.25  2.45  2.47  2.43  2.15     3.03  2.60  3.86  3.23  2.45
 75   70     2.42  3.07  3.74  3.57  3.51  2.95  2.91  2.97  2.26  2.29  2.31  2.06     2.84  2.52  3.61  2.94  2.29
 75   80     2.33  2.96  3.58  3.25  3.14  2.63  2.60  2.67  2.03  2.09  2.14  1.92     2.61  2.40  3.33  2.63  2.09
 75   90     2.22  2.83  3.41  2.93  2.77  2.31  2.28  2.36  1.80  1.87  1.94  1.77     2.38  2.28  3.04  2.32  1.87
 90   10     2.24  3.05  3.97  4.61  4.87  4.23  4.15  4.05  2.99  2.76  2.37  2.04     3.45  2.45  4.48  4.15  2.71
 90   20     2.23  3.02  3.93  4.51  4.76  4.13  4.05  3.96  2.92  2.70  2.35  2.01     3.38  2.42  4.40  4.05  2.65
 90   30     2.21  2.97  3.86  4.35  4.58  3.96  3.89  3.82  2.81  2.61  2.30  1.96     3.28  2.38  4.26  3.89  2.57
 90   40     2.18  2.91  3.78  4.14  4.36  3.75  3.68  3.63  2.67  2.50  2.24  1.90     3.14  2.33  4.09  3.69  2.47
 90   50     2.14  2.85  3.67  3.92  4.09  3.50  3.44  3.40  2.50  2.35  2.15  1.83     2.99  2.27  3.89  3.45  2.33
 90   60     2.09  2.77  3.56  3.66  3.77  3.22  3.17  3.15  2.32  2.20  2.04  1.73     2.81  2.20  3.67  3.18  2.19
 90   70     2.04  2.70  3.44  3.37  3.45  2.93  2.87  2.87  2.12  2.02  1.91  1.64     2.61  2.13  3.42  2.89  2.02
 90   80     1.95  2.60  3.30  3.10  3.11  2.63  2.58  2.60  1.91  1.85  1.77  1.53     2.41  2.03  3.17  2.60  1.84
 90   90     1.88  2.52  3.17  2.80  2.76  2.32  2.29  2.31  1.70  1.64  1.60  1.40     2.20  1.94  2.91  2.31  1.65
105   10     2.14  2.94  3.88  4.55  4.84  4.23  4.14  4.02  2.95  2.68  2.26  1.93     3.38  2.34  4.43  4.13  2.63
105   20     2.03  2.81  3.75  4.39  4.71  4.11  4.02  3.90  2.84  2.55  2.14  1.79     3.25  2.21  4.29  4.01  2.51
105   30     1.93  2.69  3.61  4.18  4.51  3.93  3.85  3.73  2.70  2.40  2.02  1.66     3.10  2.09  4.10  3.84  2.37
105   40     1.85  2.58  3.47  3.93  4.25  3.71  3.62  3.51  2.53  2.25  1.89  1.56     2.93  1.99  3.88  3.61  2.23
105   50     1.78  2.48  3.34  3.67  3.96  3.44  3.37  3.27  2.35  2.09  1.77  1.45     2.75  1.91  3.66  3.36  2.07
105   60     1.72  2.39  3.22  3.41  3.65  3.16  3.09  3.01  2.16  1.92  1.66  1.36     2.56  1.82  3.42  3.09  1.91
105   70     1.68  2.33  3.10  3.14  3.32  2.86  2.80  2.74  1.97  1.76  1.52  1.27     2.37  1.76  3.19  2.80  1.75
105   80     1.62  2.26  3.00  2.86  2.99  2.57  2.51  2.47  1.77  1.59  1.41  1.18     2.19  1.69  2.95  2.52  1.59
105   90     1.58  2.21  2.89  2.61  2.67  2.29  2.23  2.21  1.58  1.43  1.28  1.09     2.00  1.63  2.72  2.24  1.43
120   10     2.03  2.84  3.80  4.50  4.83  4.22  4.13  4.00  2.91  2.61  2.15  1.82     3.32  2.23  4.37  4.12  2.56
120   20     1.83  2.61  3.58  4.27  4.66  4.09  4.00  3.84  2.77  2.41  1.93  1.59     3.13  2.01  4.17  3.98  2.37
120   30     1.67  2.40  3.36  4.00  4.42  3.90  3.80  3.63  2.59  2.20  1.73  1.39     2.92  1.82  3.93  3.77  2.17
120   40     1.54  2.24  3.16  3.70  4.13  3.65  3.55  3.38  2.39  2.00  1.56  1.24     2.71  1.67  3.66  3.53  1.98
120   50     1.46  2.12  2.98  3.40  3.80  3.36  3.27  3.11  2.19  1.81  1.42  1.12     2.50  1.56  3.39  3.25  1.81
120   60     1.40  2.04  2.86  3.10  3.46  3.06  2.98  2.83  1.99  1.65  1.30  1.03     2.31  1.49  3.14  2.96  1.65
120   70     1.37  1.98  2.76  2.84  3.13  2.76  2.69  2.56  1.80  1.50  1.19  0.97     2.13  1.44  2.91  2.67  1.50
120   80     1.34  1.95  2.67  2.60  2.81  2.47  2.40  2.31  1.62  1.35  1.10  0.91     1.96  1.40  2.69  2.39  1.36
120   90     1.33  1.93  2.62  2.37  2.50  2.19  2.13  2.06  1.45  1.22  1.01  0.85     1.80  1.37  2.50  2.13  1.23
135   10     1.94  2.76  3.72  4.45  4.81  4.21  4.12  3.97  2.88  2.55  2.06  1.73     3.27  2.14  4.33  4.10  2.50
135   20     1.66  2.44  3.42  4.17  4.61  4.08  3.98  3.79  2.70  2.29  1.75  1.41     3.02  1.83  4.07  3.95  2.24
135   30     1.42  2.15  3.12  3.83  4.33  3.87  3.76  3.54  2.48  2.02  1.47  1.14     2.76  1.57  3.76  3.72  1.99
135   40     1.26  1.93  2.86  3.47  3.99  3.59  3.48  3.25  2.25  1.77  1.26  0.96     2.51  1.39  3.44  3.44  1.76
135   50     1.18  1.79  2.65  3.10  3.61  3.27  3.17  2.93  2.02  1.56  1.11  0.86     2.27  1.28  3.12  3.13  1.56
135   60     1.15  1.72  2.50  2.79  3.23  2.94  2.84  2.63  1.82  1.40  1.01  0.80     2.07  1.22  2.84  2.80  1.41
135   70     1.15  1.70  2.41  2.52  2.88  2.62  2.54  2.35  1.63  1.26  0.92  0.77     1.90  1.20  2.60  2.50  1.27
135   80     1.15  1.71  2.36  2.29  2.57  2.33  2.26  2.10  1.47  1.15  0.86  0.73     1.75  1.20  2.41  2.23  1.16
135   90     1.17  1.73  2.36  2.10  2.29  2.06  2.00  1.88  1.32  1.05  0.80  0.72     1.62  1.21  2.25  1.98  1.06
150   10     1.87  2.69  3.66  4.42  4.79  4.21  4.12  3.95  2.85  2.50  1.99  1.65     3.22  2.07  4.29  4.09  2.45
150   20     1.51  2.30  3.30  4.09  4.58  4.07  3.96  3.74  2.64  2.18  1.59  1.26     2.94  1.69  3.99  3.92  2.14
150   30     1.21  1.93  2.93  3.70  4.27  3.85  3.73  3.46  2.40  1.85  1.24  0.94     2.63  1.36  3.63  3.68  1.83
150   40     1.04  1.66  2.57  3.26  3.88  3.56  3.44  3.13  2.12  1.56  0.99  0.76     2.33  1.15  3.24  3.37  1.56
150   50     1.00  1.52  2.31  2.82  3.43  3.20  3.08  2.76  1.87  1.33  0.86  0.72     2.08  1.08  2.86  3.02  1.35
150   60     1.02  1.49  2.16  2.45  2.98  2.81  2.70  2.41  1.64  1.19  0.81  0.71     1.86  1.07  2.53  2.64  1.21
150   70     1.04  1.51  2.11  2.18  2.59  2.46  2.36  2.12  1.48  1.09  0.77  0.70     1.70  1.09  2.29  2.31  1.11
150   80     1.07  1.56  2.11  1.98  2.28  2.16  2.08  1.89  1.34  1.01  0.73  0.69     1.57  1.11  2.12  2.04  1.02
150   90     1.10  1.62  2.14  1.84  2.03  1.91  1.84  1.70  1.21  0.94  0.69  0.68     1.48  1.13  2.01  1.81  0.94
165   10     1.82  2.65  3.62  4.40  4.78  4.21  4.11  3.94  2.84  2.47  1.94  1.60     3.20  2.02  4.27  4.09  2.41
165   20     1.41  2.20  3.22  4.05  4.56  4.06  3.95  3.72  2.61  2.12  1.48  1.15     2.88  1.58  3.94  3.91  2.07
165   30     1.05  1.76  2.78  3.62  4.24  3.84  3.72  3.42  2.34  1.74  1.06  0.78     2.53  1.20  3.55  3.66  1.71
165   40     0.96  1.42  2.35  3.14  3.84  3.54  3.42  3.07  2.04  1.38  0.83  0.72     2.23  1.04  3.11  3.34  1.41
165   50     0.99  1.35  2.00  2.60  3.36  3.19  3.06  2.66  1.73  1.14  0.80  0.72     1.97  1.02  2.66  2.97  1.22
165   60     1.01  1.40  1.89  2.12  2.83  2.78  2.65  2.21  1.49  1.06  0.78  0.71     1.74  1.04  2.28  2.55  1.11
165   70     1.04  1.46  1.90  1.85  2.29  2.34  2.21  1.88  1.35  1.00  0.74  0.70     1.56  1.07  2.01  2.14  1.03
165   80     1.07  1.53  1.96  1.71  1.99  1.98  1.90  1.68  1.24  0.94  0.71  0.69     1.45  1.10  1.89  1.85  0.96
165   90     1.10  1.60  2.01  1.63  1.79  1.76  1.69  1.53  1.14  0.89  0.68  0.68     1.37  1.13  1.81  1.66  0.90
180   10     1.80  2.63  3.61  4.39  4.77  4.20  4.11  3.93  2.83  2.46  1.92  1.59     3.19  2.01  4.26  4.08  2.40
180   20     1.37  2.16  3.19  4.04  4.54  4.06  3.95  3.71  2.60  2.09  1.44  1.11     2.85  1.54  3.92  3.90  2.04
180   30     1.00  1.69  2.73  3.62  4.22  3.83  3.71  3.41  2.32  1.69  1.00  0.74     2.50  1.14  3.52  3.65  1.67
180   40     0.96  1.31  2.25  3.12  3.81  3.53  3.41  3.05  2.01  1.28  0.83  0.72     2.19  1.00  3.06  3.33  1.37
180   50     0.99  1.35  1.77  2.58  3.33  3.18  3.05  2.64  1.67  1.10  0.80  0.72     1.93  1.02  2.56  2.96  1.19
180   60     1.01  1.40  1.78  2.01  2.79  2.77  2.64  2.19  1.38  1.05  0.78  0.71     1.71  1.04  2.19  2.53  1.07
180   70     1.04  1.46  1.85  1.68  2.22  2.32  2.19  1.75  1.29  1.00  0.74  0.70     1.52  1.07  1.91  2.09  1.01
180   80     1.07  1.53  1.92  1.60  1.84  1.91  1.81  1.58  1.20  0.94  0.71  0.69     1.40  1.10  1.79  1.76  0.95
180   90     1.10  1.60  1.99  1.55  1.67  1.69  1.62  1.45  1.11  0.89  0.68  0.68     1.34  1.13  1.74  1.59  0.89
             65.1  58.5  44.7  21.3   7.4   3.0   4.7  13.3  24.6  41.9  56.4  62.4     33.9  62.0  23.4   6.8  43.0
             3.82  4.43  4.80  4.89  4.93  4.27  4.20  4.15  3.20  3.43  3.75  3.67     4.13  3.97  4.77  4.20  3.40
             3.43  4.17  4.75  4.81  4.59  3.90  3.87  3.98  3.17  3.41  3.52  3.31     3.91  3.64  4.72  3.92  3.36
             1.11  1.06  1.01  1.02  1.07  1.09  1.09  1.04  1.01  1.01  1.07  1.11     1.06  1.09  1.03  1.07  1.03
             1.52  1.34  1.19  1.03  0.93  0.91  0.92  0.98  1.05  1.22  1.48  1.58     1.18  1.48  1.05  0.94  1.25
temperature  -4.6  -4.4  -0.9   5.8  10.9  14.7  18.6  19.4  15.3   9.0   3.6  -1.6      7.2  -3.5   5.3  17.6   9.3
diffusedrad  1.18  1.61  2.05  2.21  2.48  2.57  2.49  2.29  1.87  1.49  1.14  0.99     1.86  1.26  2.25  2.45  1.50
snow10cm     0.74  0.87  0.81  0.17  0.00  0.00  0.00  0.00  0.00  0.00  0.00  0.20     0.23  0.60  0.33  0.00  0.00
