2 43266   所沢            35 46.4  139 24.8  119
             2.59  3.19  3.55  4.26  4.53  4.00  4.11  4.39  3.21  2.80  2.44  2.32     3.45  2.70  4.12  4.17  2.82
             3.08  3.81  4.26  5.30  5.60  4.95  6.40  5.54  4.01  3.52  3.06  2.72     3.86  3.01  4.66  4.98  3.25
             2.20  2.12  2.02  3.51  3.92  3.06  2.96  3.40  2.07  2.13  1.83  1.97     3.11  2.28  3.43  3.47  2.45
  0   10     3.14  3.60  3.81  4.39  4.54  3.97  4.09  4.45  3.35  3.05  2.87  2.82     3.67  3.19  4.25  4.17  3.09
  0   20     3.62  3.96  3.99  4.43  4.47  3.88  4.01  4.43  3.41  3.25  3.23  3.27     3.83  3.62  4.30  4.11  3.30
  0   30     4.02  4.22  4.08  4.37  4.31  3.72  3.85  4.33  3.41  3.37  3.50  3.64     3.90  3.96  4.25  3.97  3.43
  0   40     4.31  4.38  4.08  4.23  4.07  3.50  3.63  4.13  3.34  3.42  3.70  3.92     3.89  4.20  4.12  3.75  3.48
  0   50     4.49  4.44  3.98  3.99  3.76  3.22  3.33  3.85  3.20  3.39  3.80  4.10     3.79  4.34  3.91  3.47  3.46
  0   60     4.55  4.38  3.80  3.67  3.38  2.89  2.99  3.50  3.00  3.28  3.81  4.17     3.62  4.37  3.62  3.13  3.36
  0   70     4.49  4.21  3.53  3.29  2.94  2.52  2.61  3.09  2.74  3.10  3.72  4.13     3.37  4.28  3.25  2.74  3.19
  0   80     4.32  3.95  3.19  2.84  2.47  2.14  2.20  2.63  2.44  2.86  3.54  3.98     3.05  4.08  2.83  2.32  2.95
  0   90     4.03  3.59  2.78  2.35  1.99  1.75  1.79  2.14  2.09  2.55  3.28  3.73     2.67  3.78  2.37  1.89  2.64
 15   10     3.12  3.58  3.80  4.38  4.54  3.97  4.09  4.44  3.34  3.04  2.85  2.80     3.67  3.17  4.24  4.17  3.08
 15   20     3.59  3.93  3.97  4.42  4.47  3.88  4.01  4.43  3.40  3.23  3.20  3.23     3.81  3.58  4.29  4.11  3.28
 15   30     3.97  4.18  4.05  4.37  4.32  3.73  3.85  4.32  3.40  3.34  3.46  3.59     3.88  3.91  4.25  3.97  3.40
 15   40     4.25  4.33  4.05  4.22  4.08  3.50  3.63  4.13  3.33  3.38  3.65  3.85     3.86  4.14  4.11  3.75  3.45
 15   50     4.41  4.37  3.95  3.99  3.77  3.23  3.35  3.86  3.19  3.35  3.74  4.01     3.77  4.26  3.90  3.48  3.42
 15   60     4.46  4.30  3.77  3.68  3.40  2.90  3.01  3.52  2.99  3.23  3.74  4.07     3.59  4.28  3.62  3.14  3.32
 15   70     4.40  4.13  3.50  3.30  2.97  2.55  2.64  3.11  2.73  3.05  3.64  4.02     3.34  4.18  3.26  2.77  3.14
 15   80     4.22  3.86  3.16  2.87  2.52  2.17  2.24  2.67  2.43  2.80  3.46  3.87     3.02  3.98  2.85  2.36  2.90
 15   90     3.94  3.50  2.76  2.40  2.06  1.80  1.84  2.20  2.09  2.50  3.19  3.61     2.66  3.68  2.40  1.95  2.60
 30   10     3.07  3.54  3.77  4.37  4.54  3.97  4.09  4.43  3.33  3.02  2.81  2.74     3.64  3.12  4.23  4.16  3.05
 30   20     3.48  3.84  3.92  4.39  4.47  3.88  4.01  4.41  3.38  3.17  3.11  3.12     3.77  3.48  4.26  4.10  3.22
 30   30     3.81  4.04  3.99  4.33  4.32  3.73  3.86  4.30  3.36  3.26  3.34  3.42     3.81  3.76  4.21  3.96  3.32
 30   40     4.04  4.15  3.97  4.19  4.10  3.52  3.65  4.12  3.28  3.28  3.48  3.64     3.79  3.94  4.09  3.76  3.35
 30   50     4.17  4.16  3.86  3.96  3.80  3.25  3.37  3.85  3.14  3.23  3.55  3.76     3.67  4.03  3.87  3.49  3.31
 30   60     4.19  4.07  3.67  3.66  3.46  2.95  3.06  3.53  2.94  3.11  3.52  3.79     3.50  4.01  3.60  3.18  3.19
 30   70     4.10  3.89  3.41  3.31  3.06  2.61  2.71  3.15  2.69  2.92  3.42  3.71     3.25  3.90  3.26  2.82  3.01
 30   80     3.91  3.62  3.08  2.90  2.65  2.26  2.34  2.74  2.40  2.67  3.23  3.54     2.94  3.69  2.88  2.44  2.77
 30   90     3.62  3.26  2.70  2.47  2.22  1.91  1.97  2.31  2.09  2.38  2.96  3.29     2.60  3.39  2.46  2.06  2.48
 45   10     2.98  3.46  3.73  4.34  4.53  3.97  4.09  4.41  3.30  2.97  2.74  2.65     3.60  3.03  4.20  4.16  3.00
 45   20     3.30  3.69  3.84  4.34  4.46  3.88  4.00  4.37  3.33  3.09  2.98  2.94     3.69  3.31  4.22  4.09  3.13
 45   30     3.56  3.83  3.88  4.27  4.32  3.73  3.86  4.26  3.30  3.15  3.16  3.17     3.71  3.52  4.16  3.95  3.20
 45   40     3.73  3.90  3.83  4.12  4.11  3.53  3.65  4.07  3.21  3.14  3.26  3.31     3.65  3.65  4.02  3.75  3.20
 45   50     3.80  3.88  3.72  3.90  3.84  3.28  3.40  3.83  3.06  3.06  3.28  3.38     3.54  3.69  3.82  3.50  3.14
 45   60     3.78  3.76  3.52  3.62  3.50  2.99  3.10  3.51  2.87  2.94  3.24  3.37     3.35  3.63  3.55  3.20  3.01
 45   70     3.67  3.56  3.28  3.29  3.15  2.68  2.77  3.17  2.63  2.75  3.12  3.27     3.11  3.50  3.24  2.87  2.83
 45   80     3.46  3.30  2.97  2.91  2.77  2.35  2.44  2.79  2.36  2.51  2.92  3.09     2.82  3.28  2.88  2.53  2.59
 45   90     3.19  2.96  2.62  2.53  2.37  2.03  2.10  2.40  2.06  2.23  2.66  2.83     2.50  2.99  2.51  2.17  2.32
 60   10     2.86  3.36  3.67  4.30  4.52  3.96  4.08  4.39  3.27  2.91  2.65  2.54     3.54  2.92  4.17  4.14  2.94
 60   20     3.09  3.50  3.73  4.28  4.45  3.88  4.00  4.33  3.27  2.98  2.82  2.72     3.59  3.10  4.15  4.07  3.02
 60   30     3.25  3.58  3.73  4.19  4.31  3.73  3.85  4.21  3.21  2.99  2.92  2.87     3.57  3.23  4.08  3.93  3.04
 60   40     3.33  3.58  3.66  4.03  4.10  3.54  3.65  4.02  3.11  2.95  2.98  2.94     3.49  3.28  3.93  3.74  3.01
 60   50     3.35  3.52  3.52  3.81  3.84  3.29  3.41  3.77  2.96  2.86  2.96  2.94     3.35  3.27  3.72  3.49  2.92
 60   60     3.30  3.39  3.34  3.54  3.54  3.02  3.13  3.48  2.77  2.72  2.88  2.89     3.17  3.19  3.48  3.21  2.79
 60   70     3.17  3.18  3.09  3.22  3.20  2.73  2.83  3.15  2.54  2.53  2.76  2.77     2.93  3.04  3.17  2.90  2.61
 60   80     2.98  2.94  2.81  2.89  2.85  2.41  2.50  2.81  2.29  2.30  2.57  2.59     2.66  2.83  2.85  2.57  2.39
 60   90     2.73  2.64  2.49  2.53  2.49  2.11  2.19  2.45  2.01  2.06  2.34  2.36     2.37  2.58  2.51  2.25  2.14
 75   10     2.72  3.25  3.60  4.26  4.51  3.96  4.07  4.36  3.23  2.85  2.55  2.40     3.48  2.79  4.12  4.13  2.88
 75   20     2.83  3.29  3.60  4.20  4.42  3.87  3.98  4.28  3.20  2.85  2.62  2.48     3.47  2.87  4.08  4.04  2.89
 75   30     2.89  3.28  3.55  4.08  4.28  3.72  3.84  4.13  3.11  2.82  2.66  2.52     3.40  2.89  3.97  3.90  2.86
 75   40     2.91  3.23  3.44  3.91  4.07  3.53  3.64  3.93  2.99  2.74  2.65  2.52     3.30  2.89  3.81  3.70  2.79
 75   50     2.86  3.12  3.29  3.69  3.82  3.29  3.40  3.69  2.83  2.63  2.60  2.47     3.14  2.81  3.60  3.46  2.69
 75   60     2.78  2.97  3.10  3.41  3.53  3.03  3.13  3.40  2.63  2.47  2.50  2.38     2.94  2.71  3.35  3.19  2.53
 75   70     2.65  2.77  2.87  3.13  3.22  2.75  2.84  3.10  2.42  2.29  2.37  2.26     2.72  2.56  3.07  2.90  2.36
 75   80     2.46  2.55  2.61  2.81  2.88  2.45  2.54  2.77  2.18  2.09  2.20  2.09     2.47  2.37  2.77  2.59  2.15
 75   90     2.26  2.29  2.33  2.48  2.54  2.16  2.23  2.44  1.94  1.87  1.99  1.89     2.20  2.15  2.45  2.27  1.93
 90   10     2.58  3.13  3.53  4.21  4.49  3.96  4.06  4.33  3.19  2.77  2.44  2.26     3.41  2.66  4.08  4.12  2.80
 90   20     2.55  3.06  3.46  4.11  4.39  3.86  3.96  4.21  3.12  2.71  2.42  2.22     3.34  2.61  3.99  4.01  2.75
 90   30     2.51  2.97  3.35  3.95  4.23  3.71  3.81  4.04  3.00  2.62  2.37  2.17     3.23  2.55  3.84  3.85  2.66
 90   40     2.44  2.84  3.21  3.75  4.01  3.51  3.61  3.82  2.85  2.51  2.31  2.08     3.08  2.46  3.66  3.64  2.56
 90   50     2.36  2.71  3.02  3.52  3.76  3.27  3.37  3.57  2.68  2.36  2.21  2.00     2.90  2.36  3.43  3.40  2.42
 90   60     2.25  2.52  2.83  3.25  3.47  3.00  3.10  3.29  2.48  2.21  2.10  1.88     2.70  2.22  3.18  3.13  2.27
 90   70     2.12  2.35  2.61  2.96  3.17  2.73  2.81  2.98  2.27  2.02  1.96  1.76     2.48  2.08  2.91  2.84  2.08
 90   80     1.95  2.13  2.37  2.68  2.86  2.45  2.53  2.69  2.05  1.85  1.82  1.62     2.25  1.90  2.63  2.56  1.91
 90   90     1.79  1.94  2.12  2.38  2.53  2.17  2.24  2.38  1.82  1.65  1.64  1.46     2.01  1.73  2.34  2.26  1.70
105   10     2.43  3.00  3.45  4.17  4.47  3.95  4.05  4.29  3.14  2.70  2.33  2.13     3.34  2.52  4.03  4.10  2.72
105   20     2.27  2.83  3.31  4.02  4.35  3.84  3.94  4.14  3.03  2.57  2.21  1.96     3.21  2.35  3.89  3.98  2.60
105   30     2.12  2.65  3.13  3.81  4.17  3.68  3.77  3.93  2.88  2.42  2.08  1.81     3.04  2.19  3.70  3.79  2.46
105   40     1.99  2.46  2.94  3.57  3.93  3.47  3.55  3.69  2.70  2.27  1.95  1.68     2.85  2.04  3.48  3.57  2.31
105   50     1.87  2.27  2.74  3.31  3.66  3.22  3.30  3.42  2.50  2.10  1.83  1.55     2.65  1.90  3.24  3.31  2.15
105   60     1.73  2.10  2.52  3.04  3.37  2.96  3.03  3.13  2.31  1.93  1.71  1.43     2.44  1.75  2.98  3.04  1.98
105   70     1.62  1.92  2.31  2.77  3.06  2.68  2.75  2.83  2.10  1.77  1.58  1.31     2.23  1.62  2.71  2.75  1.81
105   80     1.49  1.75  2.10  2.48  2.76  2.40  2.46  2.53  1.89  1.60  1.46  1.20     2.01  1.48  2.45  2.47  1.65
105   90     1.37  1.58  1.87  2.22  2.46  2.13  2.19  2.25  1.69  1.44  1.32  1.07     1.80  1.34  2.18  2.19  1.48
120   10     2.29  2.88  3.37  4.12  4.46  3.94  4.04  4.26  3.10  2.63  2.22  2.00     3.28  2.39  3.98  4.08  2.65
120   20     2.01  2.60  3.15  3.92  4.31  3.83  3.92  4.07  2.95  2.43  2.00  1.72     3.08  2.11  3.79  3.94  2.46
120   30     1.76  2.32  2.91  3.66  4.09  3.65  3.73  3.83  2.75  2.22  1.79  1.48     2.85  1.86  3.56  3.73  2.25
120   40     1.56  2.07  2.66  3.38  3.83  3.42  3.49  3.54  2.54  2.02  1.61  1.29     2.62  1.64  3.29  3.48  2.06
120   50     1.40  1.86  2.42  3.08  3.53  3.15  3.22  3.23  2.33  1.83  1.47  1.14     2.39  1.47  3.01  3.20  1.88
120   60     1.28  1.68  2.21  2.79  3.21  2.88  2.93  2.93  2.11  1.67  1.34  1.04     2.17  1.33  2.74  2.91  1.71
120   70     1.19  1.52  2.00  2.52  2.91  2.59  2.64  2.63  1.91  1.51  1.23  0.94     1.97  1.22  2.48  2.62  1.55
120   80     1.09  1.39  1.80  2.26  2.60  2.32  2.36  2.35  1.72  1.36  1.13  0.86     1.77  1.12  2.22  2.34  1.41
120   90     1.01  1.25  1.63  2.01  2.32  2.06  2.10  2.08  1.54  1.23  1.04  0.78     1.59  1.02  1.99  2.08  1.27
135   10     2.17  2.79  3.31  4.08  4.44  3.94  4.04  4.23  3.07  2.57  2.12  1.89     3.22  2.28  3.94  4.07  2.59
135   20     1.76  2.40  3.02  3.83  4.27  3.82  3.90  4.01  2.87  2.31  1.81  1.50     2.96  1.89  3.71  3.91  2.33
135   30     1.42  2.02  2.70  3.53  4.02  3.63  3.69  3.73  2.64  2.04  1.52  1.19     2.68  1.54  3.42  3.68  2.06
135   40     1.17  1.71  2.39  3.19  3.72  3.37  3.42  3.39  2.38  1.79  1.30  0.96     2.40  1.28  3.10  3.40  1.83
135   50     1.01  1.48  2.12  2.84  3.37  3.08  3.12  3.04  2.14  1.58  1.14  0.82     2.15  1.11  2.77  3.08  1.62
135   60     0.91  1.31  1.88  2.52  3.02  2.78  2.80  2.70  1.92  1.42  1.03  0.74     1.92  0.99  2.48  2.76  1.46
135   70     0.86  1.18  1.69  2.24  2.70  2.48  2.50  2.39  1.72  1.28  0.95  0.69     1.72  0.91  2.21  2.46  1.31
135   80     0.80  1.09  1.53  2.00  2.41  2.20  2.22  2.12  1.55  1.16  0.89  0.64     1.55  0.85  1.98  2.18  1.20
135   90     0.77  1.00  1.39  1.79  2.14  1.95  1.97  1.89  1.38  1.06  0.82  0.61     1.40  0.80  1.78  1.93  1.09
150   10     2.06  2.71  3.25  4.05  4.43  3.94  4.03  4.21  3.04  2.52  2.05  1.80     3.17  2.19  3.91  4.06  2.53
150   20     1.56  2.23  2.91  3.77  4.24  3.81  3.88  3.97  2.81  2.21  1.65  1.32     2.86  1.70  3.64  3.89  2.22
150   30     1.12  1.77  2.53  3.42  3.97  3.61  3.67  3.65  2.54  1.88  1.28  0.93     2.53  1.27  3.31  3.64  1.90
150   40     0.84  1.40  2.14  3.01  3.63  3.35  3.38  3.27  2.24  1.58  1.02  0.70     2.21  0.98  2.93  3.33  1.62
150   50     0.74  1.15  1.82  2.61  3.23  3.03  3.04  2.85  1.96  1.35  0.89  0.64     1.94  0.84  2.55  2.97  1.40
150   60     0.71  1.02  1.58  2.24  2.82  2.67  2.67  2.46  1.72  1.20  0.82  0.62     1.71  0.78  2.21  2.60  1.25
150   70     0.69  0.95  1.42  1.96  2.46  2.34  2.33  2.13  1.54  1.10  0.78  0.60     1.52  0.75  1.95  2.27  1.14
150   80     0.67  0.90  1.29  1.74  2.17  2.06  2.05  1.88  1.39  1.01  0.74  0.58     1.37  0.72  1.74  2.00  1.05
150   90     0.65  0.86  1.20  1.57  1.93  1.82  1.81  1.68  1.26  0.94  0.70  0.57     1.25  0.69  1.57  1.77  0.97
165   10     1.99  2.66  3.22  4.04  4.42  3.93  4.03  4.21  3.02  2.49  2.00  1.74     3.14  2.13  3.89  4.05  2.50
165   20     1.41  2.12  2.83  3.73  4.22  3.80  3.88  3.95  2.77  2.14  1.53  1.19     2.80  1.57  3.60  3.88  2.15
165   30     0.90  1.58  2.40  3.35  3.94  3.60  3.65  3.62  2.48  1.76  1.10  0.74     2.43  1.07  3.23  3.62  1.78
165   40     0.72  1.12  1.94  2.91  3.59  3.34  3.36  3.21  2.14  1.40  0.84  0.64     2.10  0.83  2.81  3.30  1.46
165   50     0.71  0.93  1.54  2.43  3.17  3.01  3.02  2.75  1.80  1.16  0.81  0.63     1.83  0.76  2.38  2.93  1.26
165   60     0.69  0.91  1.32  1.96  2.70  2.65  2.62  2.25  1.54  1.07  0.78  0.62     1.59  0.74  2.00  2.51  1.13
165   70     0.68  0.89  1.22  1.68  2.21  2.25  2.19  1.87  1.38  1.01  0.75  0.60     1.39  0.72  1.71  2.10  1.05
165   80     0.66  0.86  1.15  1.51  1.93  1.91  1.87  1.65  1.27  0.95  0.72  0.58     1.25  0.70  1.53  1.81  0.98
165   90     0.65  0.83  1.08  1.39  1.73  1.69  1.67  1.50  1.17  0.89  0.69  0.57     1.15  0.68  1.40  1.62  0.92
180   10     1.97  2.64  3.21  4.03  4.41  3.93  4.02  4.20  3.02  2.48  1.98  1.72     3.13  2.11  3.88  4.05  2.49
180   20     1.36  2.07  2.80  3.73  4.21  3.80  3.87  3.95  2.76  2.11  1.49  1.15     2.77  1.53  3.58  3.87  2.12
180   30     0.83  1.50  2.35  3.35  3.93  3.60  3.65  3.61  2.46  1.72  1.03  0.68     2.39  1.00  3.21  3.62  1.74
180   40     0.72  0.99  1.85  2.90  3.57  3.33  3.36  3.21  2.11  1.31  0.84  0.64     2.07  0.78  2.77  3.30  1.42
180   50     0.71  0.93  1.34  2.41  3.15  3.01  3.00  2.75  1.74  1.11  0.81  0.63     1.80  0.76  2.30  2.92  1.22
180   60     0.69  0.91  1.22  1.88  2.67  2.64  2.61  2.25  1.40  1.06  0.78  0.62     1.56  0.74  1.92  2.50  1.08
180   70     0.68  0.89  1.16  1.53  2.16  2.23  2.17  1.74  1.31  1.01  0.75  0.60     1.35  0.72  1.62  2.05  1.02
180   80     0.66  0.86  1.11  1.41  1.80  1.84  1.79  1.55  1.23  0.95  0.72  0.58     1.21  0.70  1.44  1.73  0.97
180   90     0.65  0.83  1.05  1.32  1.62  1.63  1.60  1.43  1.14  0.89  0.69  0.57     1.12  0.68  1.33  1.55  0.91
             60.2  49.8  34.7  19.0   6.8   2.8   4.2  13.2  24.7  41.1  55.8  61.4     33.7  57.2  20.4   7.1  42.2
             4.55  4.44  4.09  4.43  4.54  3.99  4.10  4.45  3.42  3.42  3.82  4.17     4.12  4.37  4.30  4.17  3.49
             4.14  4.29  4.09  4.33  4.23  3.65  3.78  4.27  3.39  3.40  3.59  3.76     3.91  4.06  4.22  3.90  3.46
             1.10  1.03  1.00  1.02  1.07  1.09  1.08  1.04  1.01  1.01  1.06  1.11     1.05  1.08  1.03  1.07  1.03
             1.60  1.34  1.15  1.02  0.93  0.91  0.92  0.97  1.06  1.21  1.47  1.62     1.18  1.52  1.03  0.93  1.25
temperature   3.6   4.1   7.3  12.9  17.3  20.6  24.3  25.8  22.0  16.3  10.8   6.0     14.3   4.6  12.5  23.6  16.4
diffusedrad  1.07  1.39  1.76  2.15  2.47  2.52  2.44  2.28  1.90  1.50  1.15  0.96     1.80  1.14  2.13  2.42  1.52
snow10cm     0.02  0.02  0.00  0.00  0.00  0.00  0.00  0.00  0.00  0.00  0.00  0.00     0.00  0.01  0.00  0.00  0.00
