2 44206   新島            34 22.4  139 15.1    9
             2.26  2.88  3.42  4.43  4.74  4.33  4.76  5.16  3.87  2.99  2.36  2.11     3.61  2.42  4.19  4.75  3.07
             2.80  3.65  4.23  5.35  5.50  5.25  6.85  6.33  4.92  3.66  2.86  2.53     3.88  2.80  4.93  5.29  3.46
             1.93  1.91  2.53  3.33  3.81  3.59  3.36  3.70  2.65  2.54  1.91  1.77     3.14  2.03  3.63  3.87  2.58
  0   10     2.65  3.19  3.64  4.55  4.74  4.29  4.73  5.23  4.05  3.26  2.72  2.48     3.79  2.77  4.31  4.75  3.34
  0   20     2.99  3.46  3.79  4.58  4.65  4.18  4.62  5.20  4.15  3.46  3.02  2.83     3.91  3.09  4.34  4.67  3.54
  0   30     3.25  3.65  3.85  4.51  4.47  3.99  4.42  5.07  4.16  3.59  3.25  3.10     3.94  3.33  4.28  4.49  3.67
  0   40     3.44  3.75  3.83  4.35  4.21  3.73  4.13  4.82  4.07  3.63  3.40  3.30     3.89  3.50  4.13  4.23  3.70
  0   50     3.54  3.77  3.72  4.09  3.87  3.41  3.77  4.46  3.90  3.59  3.48  3.41     3.75  3.57  3.89  3.88  3.66
  0   60     3.55  3.69  3.54  3.75  3.46  3.04  3.34  4.02  3.65  3.48  3.46  3.44     3.54  3.56  3.58  3.47  3.53
  0   70     3.47  3.53  3.27  3.34  2.99  2.63  2.87  3.50  3.32  3.28  3.37  3.38     3.25  3.46  3.20  3.00  3.32
  0   80     3.31  3.29  2.95  2.87  2.49  2.19  2.37  2.93  2.92  3.01  3.19  3.24     2.90  3.28  2.77  2.50  3.04
  0   90     3.07  2.97  2.56  2.35  1.97  1.77  1.87  2.32  2.48  2.68  2.93  3.02     2.50  3.02  2.29  1.99  2.70
 15   10     2.64  3.18  3.63  4.54  4.74  4.29  4.73  5.22  4.04  3.25  2.71  2.47     3.79  2.76  4.30  4.75  3.33
 15   20     2.96  3.44  3.77  4.57  4.66  4.18  4.62  5.20  4.14  3.44  3.00  2.79     3.90  3.06  4.33  4.67  3.52
 15   30     3.21  3.62  3.83  4.50  4.48  3.99  4.42  5.06  4.14  3.56  3.22  3.05     3.92  3.29  4.27  4.49  3.64
 15   40     3.39  3.71  3.80  4.34  4.22  3.74  4.14  4.82  4.06  3.59  3.36  3.24     3.87  3.45  4.12  4.23  3.67
 15   50     3.48  3.72  3.69  4.09  3.88  3.43  3.79  4.48  3.89  3.55  3.42  3.34     3.73  3.51  3.89  3.90  3.62
 15   60     3.49  3.63  3.51  3.76  3.48  3.06  3.37  4.05  3.64  3.42  3.40  3.36     3.52  3.50  3.59  3.50  3.49
 15   70     3.41  3.47  3.25  3.36  3.03  2.66  2.92  3.55  3.32  3.22  3.30  3.30     3.23  3.39  3.21  3.04  3.28
 15   80     3.24  3.22  2.92  2.90  2.54  2.24  2.43  3.00  2.93  2.95  3.12  3.15     2.89  3.21  2.79  2.56  3.00
 15   90     3.00  2.90  2.54  2.41  2.06  1.83  1.96  2.42  2.50  2.62  2.86  2.93     2.50  2.94  2.34  2.07  2.66
 30   10     2.60  3.14  3.61  4.52  4.74  4.29  4.73  5.21  4.02  3.22  2.67  2.42     3.76  2.72  4.29  4.74  3.30
 30   20     2.88  3.36  3.73  4.54  4.66  4.18  4.63  5.18  4.10  3.38  2.92  2.71     3.86  2.98  4.31  4.66  3.47
 30   30     3.10  3.51  3.77  4.47  4.49  4.00  4.44  5.04  4.09  3.47  3.11  2.93     3.87  3.18  4.24  4.49  3.56
 30   40     3.24  3.57  3.73  4.31  4.25  3.77  4.18  4.81  4.01  3.49  3.22  3.08     3.81  3.30  4.10  4.25  3.57
 30   50     3.31  3.56  3.61  4.07  3.93  3.46  3.84  4.48  3.84  3.43  3.26  3.15     3.66  3.34  3.87  3.93  3.51
 30   60     3.29  3.45  3.42  3.75  3.56  3.12  3.46  4.09  3.59  3.30  3.22  3.15     3.45  3.29  3.58  3.56  3.37
 30   70     3.19  3.28  3.17  3.38  3.13  2.75  3.03  3.61  3.29  3.09  3.10  3.06     3.17  3.18  3.23  3.13  3.16
 30   80     3.02  3.03  2.85  2.95  2.70  2.36  2.59  3.12  2.92  2.82  2.91  2.91     2.85  2.98  2.83  2.69  2.88
 30   90     2.77  2.71  2.50  2.50  2.25  1.98  2.15  2.60  2.52  2.50  2.65  2.68     2.48  2.72  2.42  2.24  2.56
 45   10     2.54  3.08  3.57  4.50  4.73  4.29  4.73  5.19  3.99  3.17  2.61  2.35     3.73  2.66  4.27  4.74  3.26
 45   20     2.75  3.25  3.66  4.49  4.66  4.19  4.63  5.13  4.04  3.29  2.81  2.57     3.79  2.86  4.27  4.65  3.38
 45   30     2.92  3.34  3.67  4.42  4.50  4.02  4.46  5.00  4.02  3.35  2.95  2.73     3.78  3.00  4.20  4.49  3.44
 45   40     3.01  3.37  3.62  4.25  4.27  3.79  4.20  4.77  3.92  3.34  3.02  2.82     3.70  3.07  4.04  4.25  3.42
 45   50     3.04  3.33  3.49  4.02  3.99  3.51  3.90  4.47  3.75  3.25  3.02  2.86     3.55  3.08  3.83  3.96  3.34
 45   60     2.99  3.21  3.29  3.71  3.63  3.19  3.54  4.09  3.51  3.11  2.96  2.82     3.34  3.01  3.55  3.61  3.19
 45   70     2.88  3.02  3.05  3.37  3.26  2.84  3.15  3.68  3.22  2.90  2.84  2.72     3.08  2.87  3.23  3.22  2.99
 45   80     2.69  2.78  2.75  2.97  2.85  2.49  2.75  3.22  2.88  2.65  2.65  2.55     2.77  2.68  2.86  2.82  2.72
 45   90     2.46  2.48  2.43  2.58  2.44  2.14  2.35  2.74  2.52  2.35  2.40  2.33     2.44  2.42  2.48  2.41  2.42
 60   10     2.45  3.00  3.52  4.46  4.73  4.29  4.73  5.16  3.95  3.11  2.53  2.27     3.68  2.57  4.24  4.72  3.19
 60   20     2.60  3.10  3.56  4.43  4.65  4.19  4.63  5.09  3.96  3.18  2.67  2.40     3.70  2.70  4.21  4.63  3.27
 60   30     2.69  3.15  3.54  4.33  4.50  4.03  4.46  4.94  3.91  3.18  2.75  2.50     3.66  2.78  4.12  4.47  3.28
 60   40     2.73  3.12  3.46  4.17  4.28  3.81  4.22  4.72  3.80  3.14  2.77  2.53     3.56  2.79  3.97  4.25  3.24
 60   50     2.71  3.05  3.32  3.92  4.00  3.54  3.93  4.41  3.61  3.04  2.74  2.51     3.40  2.76  3.75  3.96  3.13
 60   60     2.65  2.92  3.13  3.65  3.69  3.25  3.61  4.08  3.39  2.88  2.66  2.45     3.20  2.67  3.49  3.64  2.98
 60   70     2.52  2.72  2.89  3.32  3.33  2.92  3.25  3.68  3.11  2.69  2.53  2.34     2.94  2.52  3.18  3.29  2.77
 60   80     2.34  2.50  2.62  2.97  2.96  2.58  2.87  3.26  2.81  2.44  2.34  2.17     2.65  2.34  2.85  2.90  2.53
 60   90     2.13  2.23  2.32  2.60  2.59  2.25  2.50  2.85  2.47  2.18  2.12  1.97     2.35  2.11  2.50  2.53  2.26
 75   10     2.35  2.91  3.46  4.42  4.72  4.28  4.72  5.12  3.89  3.03  2.45  2.16     3.63  2.48  4.20  4.71  3.13
 75   20     2.41  2.94  3.45  4.36  4.63  4.18  4.62  5.02  3.87  3.04  2.50  2.22     3.60  2.52  4.14  4.61  3.13
 75   30     2.43  2.91  3.39  4.22  4.47  4.03  4.45  4.84  3.78  3.00  2.52  2.23     3.52  2.52  4.03  4.44  3.10
 75   40     2.42  2.85  3.27  4.04  4.26  3.81  4.22  4.62  3.64  2.91  2.49  2.21     3.40  2.49  3.86  4.22  3.01
 75   50     2.36  2.73  3.12  3.81  3.99  3.56  3.94  4.33  3.45  2.79  2.43  2.15     3.22  2.41  3.64  3.94  2.89
 75   60     2.27  2.59  2.93  3.52  3.69  3.27  3.62  3.98  3.22  2.63  2.32  2.05     3.01  2.30  3.38  3.63  2.72
 75   70     2.14  2.40  2.70  3.23  3.36  2.96  3.29  3.63  2.96  2.44  2.19  1.94     2.77  2.16  3.10  3.30  2.53
 75   80     1.97  2.19  2.45  2.89  3.01  2.65  2.94  3.25  2.67  2.21  2.02  1.78     2.50  1.98  2.78  2.94  2.30
 75   90     1.79  1.97  2.18  2.56  2.66  2.32  2.58  2.85  2.38  1.98  1.83  1.61     2.23  1.79  2.47  2.58  2.06
 90   10     2.25  2.82  3.39  4.37  4.70  4.28  4.72  5.08  3.84  2.96  2.35  2.05     3.57  2.37  4.16  4.69  3.05
 90   20     2.21  2.76  3.32  4.27  4.60  4.18  4.60  4.94  3.75  2.89  2.32  2.01     3.49  2.33  4.06  4.57  2.99
 90   30     2.16  2.66  3.21  4.10  4.43  4.01  4.42  4.73  3.62  2.80  2.26  1.95     3.36  2.26  3.91  4.39  2.89
 90   40     2.08  2.54  3.07  3.89  4.21  3.80  4.19  4.48  3.45  2.67  2.19  1.87     3.20  2.17  3.72  4.16  2.77
 90   50     2.00  2.41  2.89  3.65  3.94  3.54  3.91  4.18  3.25  2.52  2.09  1.78     3.01  2.06  3.49  3.88  2.62
 90   60     1.88  2.24  2.69  3.37  3.64  3.25  3.60  3.85  3.02  2.35  1.98  1.67     2.80  1.93  3.23  3.57  2.45
 90   70     1.76  2.07  2.47  3.06  3.32  2.96  3.27  3.49  2.76  2.15  1.84  1.55     2.56  1.79  2.95  3.24  2.25
 90   80     1.60  1.87  2.24  2.77  3.00  2.66  2.94  3.14  2.50  1.96  1.70  1.42     2.32  1.63  2.67  2.92  2.05
 90   90     1.46  1.69  2.00  2.45  2.66  2.35  2.61  2.78  2.23  1.75  1.52  1.27     2.06  1.47  2.37  2.58  1.83
105   10     2.14  2.72  3.33  4.33  4.68  4.28  4.71  5.04  3.78  2.88  2.25  1.95     3.51  2.27  4.11  4.67  2.97
105   20     2.01  2.57  3.19  4.17  4.56  4.17  4.58  4.85  3.64  2.74  2.14  1.81     3.37  2.13  3.97  4.53  2.84
105   30     1.88  2.41  3.02  3.96  4.37  3.99  4.38  4.60  3.46  2.58  2.01  1.68     3.19  1.99  3.78  4.33  2.68
105   40     1.76  2.24  2.84  3.71  4.13  3.76  4.13  4.31  3.24  2.41  1.88  1.55     3.00  1.85  3.56  4.07  2.51
105   50     1.64  2.06  2.64  3.44  3.85  3.50  3.84  3.99  3.01  2.24  1.76  1.43     2.78  1.71  3.31  3.78  2.33
105   60     1.51  1.90  2.42  3.16  3.54  3.21  3.53  3.65  2.77  2.05  1.64  1.32     2.56  1.58  3.04  3.46  2.15
105   70     1.40  1.73  2.21  2.87  3.21  2.91  3.20  3.30  2.53  1.88  1.50  1.20     2.33  1.44  2.76  3.14  1.97
105   80     1.27  1.57  2.00  2.57  2.90  2.61  2.87  2.95  2.27  1.69  1.38  1.10     2.10  1.31  2.49  2.81  1.78
105   90     1.16  1.41  1.79  2.29  2.59  2.32  2.56  2.63  2.04  1.52  1.25  0.98     1.88  1.18  2.22  2.50  1.60
120   10     2.04  2.63  3.26  4.28  4.67  4.27  4.70  5.00  3.72  2.81  2.16  1.85     3.45  2.17  4.07  4.66  2.89
120   20     1.82  2.40  3.06  4.07  4.52  4.15  4.56  4.76  3.52  2.59  1.96  1.62     3.25  1.95  3.88  4.49  2.69
120   30     1.62  2.16  2.83  3.81  4.30  3.96  4.34  4.47  3.28  2.37  1.76  1.42     3.02  1.73  3.65  4.25  2.47
120   40     1.45  1.94  2.59  3.51  4.02  3.71  4.05  4.12  3.02  2.15  1.59  1.25     2.78  1.54  3.38  3.96  2.25
120   50     1.30  1.74  2.36  3.20  3.71  3.42  3.73  3.75  2.75  1.95  1.44  1.11     2.54  1.39  3.09  3.64  2.05
120   60     1.19  1.57  2.15  2.90  3.38  3.12  3.40  3.39  2.50  1.77  1.31  1.01     2.31  1.25  2.81  3.30  1.86
120   70     1.09  1.41  1.95  2.61  3.05  2.81  3.06  3.04  2.25  1.60  1.20  0.91     2.08  1.14  2.54  2.97  1.68
120   80     0.99  1.28  1.75  2.34  2.73  2.51  2.73  2.71  2.03  1.44  1.10  0.83     1.87  1.04  2.27  2.65  1.52
120   90     0.91  1.15  1.58  2.08  2.44  2.23  2.43  2.39  1.82  1.30  1.00  0.75     1.67  0.94  2.03  2.35  1.38
135   10     1.95  2.55  3.20  4.24  4.65  4.27  4.69  4.96  3.67  2.74  2.08  1.76     3.40  2.09  4.03  4.64  2.83
135   20     1.65  2.24  2.94  3.99  4.48  4.14  4.53  4.70  3.41  2.46  1.79  1.45     3.15  1.78  3.80  4.46  2.56
135   30     1.38  1.93  2.65  3.67  4.23  3.94  4.29  4.34  3.11  2.17  1.53  1.19     2.87  1.50  3.52  4.19  2.27
135   40     1.16  1.65  2.36  3.32  3.91  3.66  3.97  3.93  2.79  1.90  1.31  0.99     2.58  1.27  3.20  3.86  2.00
135   50     1.02  1.44  2.09  2.96  3.55  3.35  3.61  3.50  2.48  1.68  1.15  0.85     2.31  1.10  2.87  3.48  1.77
135   60     0.92  1.27  1.86  2.62  3.17  3.01  3.23  3.08  2.21  1.49  1.04  0.77     2.06  0.99  2.55  3.11  1.58
135   70     0.85  1.15  1.67  2.32  2.83  2.68  2.87  2.71  1.97  1.34  0.95  0.72     1.84  0.90  2.27  2.75  1.42
135   80     0.79  1.05  1.51  2.06  2.52  2.37  2.55  2.40  1.77  1.22  0.89  0.66     1.65  0.83  2.03  2.44  1.29
135   90     0.74  0.96  1.37  1.85  2.24  2.10  2.25  2.13  1.59  1.11  0.82  0.62     1.48  0.77  1.82  2.16  1.17
150   10     1.88  2.49  3.16  4.21  4.64  4.27  4.68  4.94  3.63  2.69  2.01  1.69     3.36  2.02  4.00  4.63  2.78
150   20     1.50  2.11  2.85  3.92  4.45  4.13  4.52  4.64  3.33  2.36  1.66  1.31     3.06  1.64  3.74  4.43  2.45
150   30     1.16  1.73  2.50  3.56  4.18  3.92  4.26  4.24  2.97  2.01  1.32  0.99     2.74  1.29  3.41  4.14  2.10
150   40     0.93  1.40  2.15  3.15  3.82  3.63  3.92  3.77  2.59  1.68  1.07  0.78     2.41  1.03  3.04  3.77  1.78
150   50     0.82  1.17  1.83  2.72  3.40  3.28  3.50  3.25  2.22  1.42  0.93  0.70     2.10  0.89  2.65  3.35  1.52
150   60     0.77  1.04  1.59  2.32  2.96  2.89  3.06  2.76  1.91  1.25  0.85  0.67     1.84  0.83  2.29  2.90  1.34
150   70     0.73  0.96  1.42  2.02  2.57  2.52  2.64  2.35  1.69  1.14  0.81  0.64     1.62  0.78  2.00  2.50  1.21
150   80     0.69  0.90  1.30  1.79  2.26  2.20  2.31  2.06  1.52  1.05  0.76  0.61     1.45  0.73  1.78  2.19  1.11
150   90     0.66  0.85  1.20  1.61  2.01  1.94  2.04  1.83  1.38  0.98  0.72  0.59     1.32  0.70  1.61  1.94  1.03
165   10     1.83  2.46  3.13  4.20  4.63  4.26  4.68  4.93  3.61  2.66  1.97  1.65     3.33  1.98  3.99  4.63  2.74
165   20     1.40  2.02  2.79  3.89  4.43  4.13  4.51  4.62  3.27  2.29  1.56  1.21     3.01  1.54  3.70  4.42  2.37
165   30     1.00  1.58  2.39  3.50  4.15  3.91  4.25  4.20  2.88  1.88  1.17  0.84     2.65  1.14  3.35  4.12  1.98
165   40     0.81  1.18  1.98  3.04  3.78  3.62  3.90  3.70  2.44  1.49  0.89  0.71     2.29  0.90  2.93  3.74  1.61
165   50     0.78  0.98  1.59  2.54  3.34  3.27  3.48  3.12  1.99  1.20  0.85  0.69     1.99  0.82  2.49  3.29  1.35
165   60     0.76  0.94  1.36  2.04  2.84  2.86  3.00  2.50  1.63  1.09  0.81  0.67     1.71  0.79  2.08  2.79  1.18
165   70     0.72  0.91  1.25  1.72  2.31  2.42  2.47  1.99  1.44  1.03  0.78  0.64     1.47  0.76  1.76  2.29  1.09
165   80     0.69  0.86  1.17  1.54  1.98  2.02  2.06  1.72  1.33  0.98  0.74  0.61     1.31  0.72  1.56  1.93  1.02
165   90     0.65  0.82  1.09  1.42  1.77  1.78  1.82  1.56  1.23  0.92  0.70  0.59     1.20  0.69  1.43  1.72  0.95
180   10     1.81  2.44  3.12  4.19  4.63  4.26  4.68  4.93  3.60  2.65  1.95  1.64     3.33  1.96  3.98  4.63  2.73
180   20     1.36  1.99  2.76  3.88  4.42  4.12  4.50  4.62  3.26  2.26  1.52  1.18     2.99  1.51  3.69  4.42  2.35
180   30     0.94  1.52  2.35  3.49  4.13  3.91  4.24  4.20  2.85  1.83  1.11  0.78     2.61  1.08  3.32  4.12  1.93
180   40     0.81  1.08  1.90  3.03  3.75  3.62  3.89  3.70  2.40  1.39  0.88  0.71     2.26  0.86  2.90  3.73  1.56
180   50     0.78  0.98  1.44  2.52  3.31  3.26  3.46  3.13  1.90  1.12  0.85  0.69     1.95  0.82  2.42  3.28  1.29
180   60     0.76  0.94  1.25  1.97  2.81  2.85  2.98  2.50  1.41  1.08  0.81  0.67     1.67  0.79  2.01  2.78  1.10
180   70     0.72  0.91  1.20  1.54  2.27  2.40  2.45  1.83  1.32  1.03  0.78  0.64     1.42  0.76  1.67  2.23  1.04
180   80     0.69  0.86  1.13  1.43  1.84  1.94  1.95  1.58  1.25  0.97  0.74  0.61     1.25  0.72  1.46  1.82  0.99
180   90     0.65  0.82  1.06  1.33  1.65  1.70  1.72  1.46  1.17  0.92  0.70  0.59     1.15  0.69  1.35  1.63  0.93
             56.5  46.7  32.5  18.0   5.6   1.4   2.7  12.7  25.8  40.5  53.4  58.4     28.8  53.8  18.3   6.2  39.5
             3.55  3.77  3.85  4.58  4.75  4.32  4.76  5.24  4.17  3.63  3.48  3.44     4.13  3.58  4.34  4.76  3.70
             3.22  3.63  3.85  4.52  4.50  4.01  4.45  5.09  4.16  3.58  3.23  3.07     3.94  3.31  4.29  4.52  3.65
             1.10  1.04  1.00  1.01  1.06  1.08  1.07  1.03  1.00  1.01  1.08  1.12     1.05  1.09  1.02  1.06  1.03
             1.42  1.26  1.13  1.02  0.95  0.93  0.93  0.99  1.07  1.20  1.37  1.45     1.14  1.38  1.03  0.95  1.21
temperature   9.4   9.3  11.8  15.7  19.0  21.6  25.0  26.7  24.3  20.2  16.1  12.0     17.6  10.2  15.5  24.4  20.2
diffusedrad  1.10  1.39  1.79  2.17  2.45  2.55  2.50  2.26  1.97  1.55  1.17  0.99     1.82  1.16  2.13  2.44  1.56
snow10cm     0.00  0.00  0.00  0.00  0.00  0.00  0.00  0.00  0.00  0.00  0.00  0.00     0.00  0.00  0.00  0.00  0.00
