1 44263   八丈島          33  7.3  139 46.7  151
             1.94  2.46  3.13  4.16  4.36  3.82  4.35  4.92  3.84  2.83  2.24  1.93     3.33  2.11  3.88  4.36  2.97
             2.28  2.70  3.38  4.52  4.78  4.59  5.69  5.68  4.39  3.19  2.45  2.15     3.39  2.21  4.09  4.73  3.24
             1.49  1.94  1.91  3.25  3.29  3.08  3.12  3.92  2.76  2.45  1.65  1.49     2.84  1.79  3.20  3.56  2.60
  0   10     2.16  2.65  3.29  4.26  4.34  3.78  4.32  4.97  3.99  3.03  2.51  2.21     3.46  2.34  3.96  4.36  3.18
  0   20     2.35  2.81  3.39  4.27  4.25  3.69  4.21  4.93  4.07  3.18  2.73  2.45     3.53  2.54  3.97  4.28  3.33
  0   30     2.49  2.91  3.42  4.19  4.09  3.53  4.03  4.79  4.06  3.26  2.90  2.63     3.53  2.68  3.90  4.12  3.41
  0   40     2.58  2.94  3.38  4.03  3.85  3.31  3.78  4.55  3.96  3.28  2.99  2.76     3.45  2.76  3.75  3.88  3.41
  0   50     2.61  2.92  3.27  3.79  3.55  3.04  3.46  4.21  3.79  3.22  3.02  2.83     3.31  2.78  3.53  3.57  3.34
  0   60     2.58  2.83  3.09  3.47  3.18  2.72  3.09  3.80  3.53  3.09  2.98  2.82     3.10  2.74  3.25  3.20  3.20
  0   70     2.49  2.68  2.85  3.09  2.76  2.38  2.68  3.31  3.20  2.90  2.88  2.75     2.83  2.64  2.90  2.79  2.99
  0   80     2.35  2.48  2.56  2.66  2.32  2.02  2.24  2.78  2.82  2.66  2.70  2.62     2.52  2.48  2.51  2.34  2.73
  0   90     2.16  2.23  2.23  2.19  1.87  1.66  1.80  2.21  2.39  2.36  2.47  2.43     2.17  2.27  2.09  1.89  2.41
 15   10     2.15  2.64  3.29  4.25  4.34  3.78  4.32  4.97  3.99  3.02  2.50  2.20     3.45  2.33  3.96  4.35  3.17
 15   20     2.34  2.79  3.38  4.26  4.25  3.69  4.22  4.93  4.06  3.17  2.72  2.43     3.52  2.52  3.97  4.28  3.31
 15   30     2.47  2.88  3.40  4.19  4.09  3.53  4.04  4.79  4.05  3.24  2.87  2.62     3.51  2.65  3.90  4.12  3.39
 15   40     2.55  2.90  3.36  4.03  3.86  3.31  3.79  4.55  3.95  3.25  2.96  2.74     3.44  2.73  3.75  3.88  3.38
 15   50     2.57  2.87  3.25  3.79  3.56  3.05  3.48  4.23  3.77  3.19  2.98  2.80     3.29  2.75  3.53  3.58  3.31
 15   60     2.54  2.78  3.07  3.48  3.20  2.74  3.11  3.82  3.52  3.06  2.94  2.79     3.09  2.70  3.25  3.22  3.17
 15   70     2.45  2.63  2.83  3.10  2.79  2.40  2.71  3.35  3.20  2.86  2.82  2.72     2.82  2.60  2.91  2.82  2.96
 15   80     2.31  2.42  2.54  2.69  2.37  2.05  2.29  2.84  2.83  2.61  2.65  2.58     2.51  2.44  2.53  2.39  2.69
 15   90     2.12  2.17  2.21  2.24  1.93  1.71  1.87  2.31  2.40  2.31  2.42  2.39     2.17  2.23  2.13  1.96  2.38
 30   10     2.13  2.62  3.27  4.24  4.33  3.78  4.32  4.96  3.97  3.00  2.47  2.17     3.44  2.31  3.95  4.35  3.15
 30   20     2.29  2.74  3.35  4.24  4.25  3.69  4.22  4.91  4.03  3.12  2.66  2.38     3.49  2.47  3.95  4.27  3.27
 30   30     2.40  2.81  3.36  4.16  4.09  3.53  4.05  4.77  4.00  3.17  2.79  2.54     3.47  2.58  3.87  4.12  3.32
 30   40     2.46  2.82  3.30  4.00  3.87  3.33  3.81  4.55  3.91  3.17  2.85  2.64     3.39  2.64  3.73  3.90  3.31
 30   50     2.46  2.77  3.18  3.77  3.57  3.07  3.51  4.23  3.73  3.09  2.85  2.68     3.24  2.64  3.51  3.60  3.22
 30   60     2.42  2.66  3.00  3.47  3.24  2.78  3.17  3.85  3.48  2.95  2.79  2.65     3.04  2.58  3.24  3.27  3.07
 30   70     2.32  2.50  2.77  3.12  2.86  2.46  2.79  3.41  3.17  2.75  2.67  2.57     2.78  2.46  2.91  2.89  2.87
 30   80     2.17  2.30  2.48  2.73  2.47  2.13  2.40  2.95  2.81  2.50  2.49  2.43     2.49  2.30  2.56  2.49  2.60
 30   90     1.98  2.05  2.17  2.31  2.08  1.81  2.02  2.47  2.43  2.21  2.26  2.23     2.17  2.09  2.19  2.10  2.30
 45   10     2.09  2.58  3.24  4.22  4.32  3.78  4.32  4.94  3.94  2.96  2.43  2.13     3.41  2.27  3.93  4.34  3.11
 45   20     2.21  2.67  3.29  4.20  4.24  3.69  4.22  4.88  3.97  3.05  2.57  2.29     3.44  2.39  3.91  4.26  3.20
 45   30     2.29  2.70  3.28  4.12  4.09  3.54  4.06  4.74  3.94  3.08  2.66  2.40     3.41  2.46  3.83  4.11  3.23
 45   40     2.32  2.69  3.21  3.95  3.86  3.34  3.83  4.51  3.82  3.04  2.69  2.47     3.31  2.49  3.67  3.89  3.19
 45   50     2.30  2.62  3.08  3.73  3.59  3.10  3.55  4.23  3.65  2.95  2.67  2.48     3.16  2.47  3.47  3.63  3.09
 45   60     2.23  2.50  2.90  3.44  3.27  2.82  3.23  3.86  3.40  2.80  2.59  2.43     2.96  2.39  3.20  3.31  2.93
 45   70     2.12  2.34  2.67  3.12  2.93  2.52  2.88  3.47  3.11  2.61  2.46  2.34     2.71  2.27  2.90  2.96  2.73
 45   80     1.97  2.14  2.40  2.75  2.56  2.22  2.52  3.04  2.78  2.36  2.28  2.19     2.43  2.10  2.57  2.59  2.48
 45   90     1.78  1.90  2.11  2.38  2.20  1.91  2.17  2.60  2.43  2.10  2.06  1.99     2.13  1.89  2.23  2.23  2.19
 60   10     2.04  2.53  3.20  4.19  4.31  3.78  4.32  4.91  3.90  2.91  2.37  2.06     3.38  2.21  3.90  4.34  3.06
 60   20     2.11  2.58  3.22  4.15  4.22  3.69  4.22  4.84  3.90  2.96  2.46  2.17     3.38  2.29  3.87  4.25  3.11
 60   30     2.15  2.58  3.18  4.05  4.07  3.54  4.06  4.69  3.84  2.94  2.50  2.24     3.32  2.32  3.77  4.10  3.10
 60   40     2.14  2.53  3.09  3.88  3.85  3.35  3.84  4.47  3.72  2.89  2.50  2.26     3.21  2.31  3.61  3.89  3.04
 60   50     2.10  2.44  2.95  3.65  3.59  3.12  3.57  4.18  3.53  2.78  2.45  2.23     3.05  2.26  3.40  3.62  2.92
 60   60     2.01  2.32  2.77  3.39  3.29  2.86  3.28  3.86  3.30  2.62  2.35  2.17     2.85  2.17  3.15  3.33  2.76
 60   70     1.89  2.15  2.54  3.07  2.96  2.57  2.95  3.48  3.02  2.43  2.22  2.06     2.61  2.03  2.86  3.00  2.56
 60   80     1.74  1.96  2.30  2.75  2.62  2.28  2.61  3.08  2.72  2.20  2.04  1.92     2.35  1.87  2.56  2.66  2.32
 60   90     1.57  1.74  2.03  2.40  2.29  1.99  2.28  2.69  2.39  1.96  1.84  1.74     2.08  1.68  2.24  2.32  2.06
 75   10     1.98  2.48  3.16  4.16  4.30  3.77  4.31  4.88  3.86  2.86  2.30  1.99     3.34  2.15  3.87  4.32  3.00
 75   20     2.00  2.47  3.13  4.09  4.20  3.68  4.21  4.79  3.82  2.85  2.33  2.03     3.30  2.17  3.81  4.23  3.00
 75   30     1.98  2.43  3.06  3.96  4.04  3.54  4.05  4.61  3.72  2.80  2.32  2.04     3.21  2.15  3.69  4.07  2.95
 75   40     1.95  2.36  2.94  3.78  3.83  3.35  3.84  4.39  3.58  2.71  2.27  2.02     3.09  2.11  3.52  3.86  2.85
 75   50     1.87  2.24  2.80  3.56  3.57  3.12  3.58  4.11  3.38  2.58  2.20  1.97     2.92  2.03  3.31  3.61  2.72
 75   60     1.78  2.11  2.61  3.29  3.28  2.87  3.29  3.78  3.15  2.41  2.09  1.88     2.71  1.92  3.06  3.31  2.55
 75   70     1.66  1.95  2.40  3.00  2.97  2.60  2.99  3.44  2.89  2.23  1.95  1.77     2.49  1.79  2.79  3.01  2.36
 75   80     1.51  1.76  2.17  2.69  2.65  2.32  2.67  3.07  2.60  2.02  1.79  1.64     2.24  1.64  2.50  2.69  2.13
 75   90     1.36  1.57  1.92  2.38  2.32  2.04  2.34  2.70  2.31  1.80  1.61  1.48     1.99  1.47  2.21  2.36  1.91
 90   10     1.91  2.42  3.11  4.12  4.29  3.77  4.31  4.85  3.80  2.80  2.23  1.91     3.29  2.08  3.84  4.31  2.94
 90   20     1.88  2.36  3.04  4.02  4.17  3.68  4.20  4.72  3.72  2.73  2.19  1.89     3.22  2.04  3.74  4.20  2.88
 90   30     1.82  2.27  2.93  3.86  4.00  3.53  4.03  4.52  3.59  2.64  2.12  1.84     3.10  1.98  3.60  4.03  2.78
 90   40     1.74  2.17  2.79  3.65  3.78  3.34  3.82  4.28  3.40  2.51  2.04  1.77     2.94  1.89  3.41  3.81  2.65
 90   50     1.65  2.04  2.61  3.42  3.52  3.11  3.56  4.00  3.20  2.36  1.93  1.70     2.76  1.79  3.19  3.56  2.50
 90   60     1.53  1.89  2.43  3.16  3.23  2.86  3.28  3.68  2.97  2.19  1.82  1.60     2.55  1.67  2.94  3.27  2.33
 90   70     1.42  1.74  2.22  2.87  2.93  2.59  2.97  3.33  2.71  2.00  1.68  1.49     2.33  1.55  2.67  2.97  2.13
 90   80     1.29  1.56  2.01  2.59  2.63  2.32  2.67  3.00  2.45  1.82  1.54  1.36     2.10  1.41  2.41  2.66  1.94
 90   90     1.16  1.40  1.79  2.29  2.31  2.05  2.36  2.65  2.18  1.61  1.38  1.23     1.87  1.26  2.13  2.35  1.72
105   10     1.85  2.36  3.06  4.08  4.27  3.77  4.30  4.82  3.75  2.73  2.15  1.83     3.25  2.01  3.80  4.29  2.88
105   20     1.75  2.25  2.94  3.94  4.14  3.67  4.18  4.65  3.62  2.61  2.04  1.74     3.13  1.91  3.67  4.17  2.76
105   30     1.65  2.12  2.79  3.74  3.96  3.52  4.01  4.42  3.44  2.47  1.93  1.63     2.97  1.80  3.50  3.98  2.61
105   40     1.54  1.97  2.61  3.51  3.72  3.31  3.78  4.14  3.23  2.31  1.80  1.53     2.79  1.68  3.28  3.75  2.44
105   50     1.43  1.82  2.43  3.26  3.44  3.08  3.51  3.84  2.99  2.13  1.68  1.42     2.59  1.56  3.04  3.48  2.27
105   60     1.31  1.68  2.23  2.99  3.15  2.82  3.22  3.51  2.75  1.96  1.55  1.32     2.37  1.44  2.79  3.18  2.09
105   70     1.20  1.52  2.03  2.71  2.84  2.56  2.91  3.17  2.51  1.78  1.42  1.21     2.16  1.31  2.53  2.88  1.90
105   80     1.09  1.38  1.83  2.42  2.55  2.29  2.62  2.84  2.25  1.60  1.29  1.12     1.94  1.19  2.27  2.58  1.72
105   90     0.98  1.23  1.63  2.16  2.25  2.03  2.32  2.52  2.02  1.44  1.16  1.00     1.73  1.07  2.02  2.29  1.54
120   10     1.79  2.30  3.01  4.04  4.26  3.77  4.29  4.79  3.70  2.67  2.08  1.76     3.21  1.95  3.77  4.28  2.82
120   20     1.64  2.14  2.84  3.86  4.12  3.66  4.17  4.58  3.52  2.50  1.91  1.59     3.04  1.79  3.61  4.14  2.64
120   30     1.49  1.96  2.64  3.62  3.90  3.50  3.97  4.31  3.29  2.30  1.73  1.43     2.85  1.63  3.39  3.93  2.44
120   40     1.35  1.79  2.43  3.35  3.64  3.28  3.72  3.99  3.03  2.10  1.57  1.29     2.63  1.48  3.14  3.67  2.23
120   50     1.22  1.62  2.22  3.06  3.34  3.03  3.43  3.64  2.77  1.91  1.43  1.18     2.40  1.34  2.88  3.37  2.03
120   60     1.12  1.47  2.02  2.78  3.03  2.77  3.13  3.29  2.50  1.73  1.30  1.08     2.18  1.22  2.61  3.06  1.84
120   70     1.02  1.33  1.82  2.50  2.72  2.49  2.81  2.95  2.26  1.56  1.19  0.98     1.97  1.11  2.35  2.75  1.67
120   80     0.93  1.20  1.63  2.24  2.42  2.23  2.51  2.63  2.04  1.41  1.08  0.91     1.77  1.01  2.10  2.46  1.51
120   90     0.84  1.07  1.47  1.98  2.15  1.97  2.23  2.32  1.82  1.26  0.98  0.82     1.58  0.91  1.87  2.17  1.35
135   10     1.74  2.25  2.96  4.01  4.25  3.76  4.29  4.76  3.66  2.62  2.02  1.69     3.17  1.89  3.74  4.27  2.77
135   20     1.53  2.04  2.75  3.79  4.09  3.66  4.15  4.52  3.42  2.39  1.78  1.46     2.97  1.68  3.55  4.11  2.53
135   30     1.34  1.82  2.51  3.52  3.86  3.48  3.94  4.21  3.14  2.15  1.55  1.25     2.73  1.47  3.29  3.88  2.28
135   40     1.18  1.61  2.26  3.20  3.56  3.25  3.67  3.83  2.83  1.90  1.36  1.09     2.48  1.29  3.00  3.59  2.03
135   50     1.05  1.43  2.02  2.86  3.23  2.98  3.35  3.43  2.53  1.69  1.20  0.97     2.23  1.15  2.70  3.25  1.81
135   60     0.96  1.28  1.80  2.54  2.88  2.69  3.01  3.04  2.25  1.51  1.09  0.89     2.00  1.04  2.41  2.91  1.62
135   70     0.88  1.17  1.62  2.26  2.56  2.40  2.67  2.68  2.01  1.36  1.00  0.82     1.78  0.96  2.14  2.59  1.45
135   80     0.81  1.06  1.46  2.01  2.26  2.13  2.37  2.37  1.80  1.23  0.92  0.76     1.60  0.88  1.91  2.29  1.31
135   90     0.74  0.96  1.31  1.79  1.99  1.88  2.10  2.10  1.61  1.12  0.84  0.70     1.43  0.80  1.70  2.02  1.19
150   10     1.69  2.22  2.93  3.99  4.25  3.76  4.28  4.74  3.62  2.59  1.97  1.64     3.14  1.85  3.72  4.26  2.73
150   20     1.45  1.97  2.69  3.74  4.08  3.65  4.14  4.48  3.35  2.31  1.68  1.35     2.91  1.59  3.50  4.09  2.44
150   30     1.21  1.70  2.40  3.42  3.83  3.48  3.92  4.13  3.02  2.02  1.40  1.10     2.63  1.34  3.22  3.84  2.14
150   40     1.03  1.45  2.10  3.06  3.51  3.24  3.63  3.70  2.66  1.73  1.17  0.92     2.35  1.14  2.89  3.52  1.85
150   50     0.93  1.27  1.82  2.67  3.13  2.95  3.28  3.23  2.29  1.49  1.02  0.83     2.08  1.01  2.54  3.15  1.60
150   60     0.87  1.15  1.60  2.30  2.73  2.62  2.88  2.77  1.99  1.32  0.94  0.78     1.83  0.93  2.21  2.76  1.42
150   70     0.82  1.05  1.43  2.01  2.37  2.29  2.51  2.38  1.75  1.20  0.88  0.74     1.62  0.87  1.94  2.40  1.28
150   80     0.76  0.97  1.30  1.78  2.07  2.01  2.20  2.08  1.57  1.10  0.82  0.69     1.45  0.81  1.72  2.09  1.17
150   90     0.71  0.90  1.19  1.60  1.83  1.77  1.94  1.84  1.43  1.01  0.77  0.65     1.30  0.75  1.54  1.85  1.07
165   10     1.67  2.19  2.91  3.98  4.24  3.76  4.28  4.73  3.60  2.56  1.93  1.60     3.12  1.82  3.71  4.26  2.70
165   20     1.39  1.91  2.64  3.71  4.07  3.65  4.14  4.46  3.30  2.26  1.60  1.28     2.87  1.53  3.47  4.08  2.39
165   30     1.12  1.61  2.32  3.37  3.81  3.47  3.91  4.09  2.94  1.92  1.28  0.98     2.57  1.24  3.17  3.83  2.05
165   40     0.95  1.33  1.98  2.98  3.49  3.23  3.62  3.65  2.53  1.59  1.02  0.85     2.27  1.04  2.81  3.50  1.71
165   50     0.91  1.15  1.65  2.53  3.10  2.94  3.26  3.13  2.10  1.31  0.96  0.81     1.99  0.96  2.43  3.11  1.46
165   60     0.86  1.08  1.42  2.08  2.67  2.61  2.85  2.56  1.74  1.19  0.91  0.78     1.73  0.91  2.06  2.67  1.28
165   70     0.81  1.02  1.30  1.75  2.20  2.24  2.39  2.06  1.53  1.12  0.86  0.74     1.50  0.86  1.75  2.23  1.17
165   80     0.76  0.95  1.21  1.57  1.87  1.89  2.01  1.78  1.40  1.05  0.81  0.69     1.33  0.80  1.55  1.89  1.09
165   90     0.70  0.89  1.12  1.43  1.66  1.66  1.77  1.61  1.30  0.97  0.76  0.65     1.21  0.75  1.40  1.68  1.01
180   10     1.66  2.19  2.90  3.97  4.24  3.76  4.28  4.73  3.60  2.55  1.92  1.59     3.12  1.81  3.71  4.26  2.69
180   20     1.37  1.89  2.62  3.71  4.07  3.65  4.13  4.46  3.29  2.24  1.58  1.25     2.85  1.50  3.46  4.08  2.37
180   30     1.08  1.58  2.29  3.37  3.81  3.47  3.91  4.09  2.91  1.88  1.23  0.94     2.55  1.20  3.16  3.82  2.01
180   40     0.95  1.26  1.93  2.96  3.49  3.23  3.61  3.64  2.49  1.51  1.00  0.85     2.24  1.02  2.79  3.49  1.67
180   50     0.91  1.14  1.54  2.51  3.10  2.94  3.25  3.13  2.03  1.23  0.96  0.81     1.96  0.95  2.38  3.10  1.41
180   60     0.86  1.08  1.34  2.02  2.67  2.60  2.84  2.56  1.54  1.18  0.91  0.78     1.70  0.91  2.01  2.67  1.21
180   70     0.81  1.02  1.26  1.60  2.19  2.23  2.38  1.96  1.41  1.11  0.86  0.74     1.47  0.86  1.69  2.19  1.13
180   80     0.76  0.95  1.18  1.47  1.78  1.84  1.92  1.66  1.33  1.04  0.81  0.69     1.29  0.80  1.48  1.81  1.06
180   90     0.70  0.89  1.10  1.36  1.59  1.61  1.69  1.52  1.24  0.97  0.76  0.65     1.17  0.75  1.35  1.61  0.99
             50.0  40.8  29.1  16.3   5.5   1.3   2.3  11.2  23.8  36.8  49.2  54.5     24.6  48.5  16.1   5.7  35.6
             2.61  2.94  3.42  4.28  4.35  3.80  4.34  4.97  4.08  3.28  3.02  2.83     3.66  2.78  3.98  4.36  3.42
             2.42  2.86  3.41  4.25  4.19  3.62  4.14  4.88  4.08  3.23  2.82  2.54     3.54  2.61  3.95  4.21  3.37
             1.08  1.03  1.00  1.01  1.04  1.05  1.05  1.02  1.00  1.02  1.07  1.11     1.04  1.07  1.02  1.04  1.03
             1.25  1.16  1.09  1.02  0.96  0.95  0.95  0.99  1.06  1.14  1.26  1.32     1.10  1.24  1.02  0.96  1.15
temperature  10.5  10.4  12.6  16.2  19.4  22.0  25.3  26.5  24.9  21.1  17.2  12.9     18.3  11.3  16.1  24.6  21.1
diffusedrad  1.19  1.50  1.85  2.24  2.51  2.51  2.58  2.42  2.10  1.65  1.27  1.09     1.91  1.26  2.20  2.50  1.67
snow10cm     0.00  0.00  0.00  0.00  0.00  0.00  0.00  0.00  0.00  0.00  0.00  0.00     0.00  0.00  0.00  0.00  0.00
