1 45212   千葉            35 36.1  140  6.2    4
             2.57  3.13  3.48  4.30  4.57  4.05  4.32  4.58  3.33  2.78  2.36  2.29     3.48  2.67  4.12  4.32  2.83
             3.01  3.70  4.20  5.09  5.49  5.05  6.19  5.67  4.14  3.53  2.94  2.83     3.81  3.03  4.41  5.20  3.17
             2.09  2.15  2.40  3.31  3.97  3.30  2.85  3.45  2.01  2.01  1.80  1.96     3.08  2.36  3.74  3.51  2.42
  0   10     3.11  3.52  3.73  4.43  4.58  4.03  4.30  4.64  3.48  3.03  2.75  2.77     3.70  3.13  4.24  4.32  3.08
  0   20     3.59  3.87  3.90  4.47  4.50  3.94  4.21  4.62  3.55  3.22  3.07  3.20     3.85  3.55  4.29  4.26  3.28
  0   30     3.97  4.12  3.98  4.41  4.34  3.77  4.04  4.51  3.55  3.34  3.33  3.56     3.91  3.88  4.24  4.11  3.40
  0   40     4.25  4.26  3.97  4.26  4.10  3.54  3.80  4.30  3.48  3.38  3.50  3.83     3.89  4.11  4.11  3.88  3.45
  0   50     4.42  4.31  3.88  4.02  3.78  3.26  3.49  4.01  3.33  3.35  3.59  3.99     3.79  4.24  3.89  3.58  3.42
  0   60     4.48  4.25  3.69  3.70  3.40  2.92  3.12  3.64  3.12  3.24  3.59  4.05     3.60  4.26  3.60  3.23  3.32
  0   70     4.42  4.09  3.43  3.31  2.95  2.54  2.71  3.20  2.85  3.06  3.50  4.01     3.34  4.17  3.23  2.82  3.14
  0   80     4.24  3.82  3.10  2.86  2.48  2.15  2.27  2.71  2.53  2.82  3.32  3.86     3.02  3.98  2.81  2.38  2.89
  0   90     3.96  3.47  2.70  2.36  1.99  1.76  1.83  2.19  2.17  2.52  3.07  3.62     2.64  3.68  2.35  1.93  2.59
 15   10     3.10  3.51  3.72  4.42  4.58  4.03  4.30  4.63  3.47  3.02  2.73  2.75     3.69  3.12  4.24  4.32  3.08
 15   20     3.56  3.84  3.88  4.46  4.50  3.94  4.21  4.62  3.54  3.20  3.05  3.17     3.83  3.52  4.28  4.26  3.26
 15   30     3.92  4.08  3.96  4.40  4.35  3.78  4.05  4.51  3.54  3.31  3.29  3.50     3.89  3.84  4.24  4.11  3.38
 15   40     4.19  4.21  3.94  4.25  4.11  3.55  3.80  4.30  3.46  3.35  3.45  3.75     3.87  4.05  4.10  3.88  3.42
 15   50     4.36  4.25  3.85  4.02  3.79  3.27  3.50  4.02  3.32  3.31  3.53  3.91     3.76  4.17  3.88  3.60  3.39
 15   60     4.40  4.18  3.67  3.71  3.42  2.94  3.14  3.66  3.11  3.20  3.52  3.96     3.58  4.18  3.60  3.25  3.28
 15   70     4.34  4.01  3.40  3.32  2.98  2.57  2.74  3.23  2.85  3.02  3.43  3.91     3.32  4.09  3.24  2.85  3.10
 15   80     4.16  3.75  3.07  2.88  2.53  2.19  2.31  2.76  2.53  2.77  3.25  3.76     3.00  3.89  2.83  2.42  2.85
 15   90     3.87  3.39  2.68  2.41  2.06  1.81  1.89  2.26  2.17  2.47  3.00  3.51     2.63  3.59  2.38  1.99  2.55
 30   10     3.04  3.47  3.69  4.41  4.57  4.03  4.30  4.62  3.46  2.99  2.69  2.69     3.66  3.07  4.22  4.32  3.05
 30   20     3.45  3.75  3.83  4.43  4.51  3.94  4.22  4.60  3.51  3.15  2.97  3.06     3.79  3.42  4.26  4.25  3.21
 30   30     3.77  3.95  3.90  4.37  4.35  3.78  4.05  4.48  3.50  3.23  3.17  3.35     3.83  3.69  4.21  4.11  3.30
 30   40     4.00  4.05  3.87  4.22  4.13  3.57  3.83  4.29  3.42  3.25  3.31  3.56     3.79  3.87  4.08  3.90  3.33
 30   50     4.12  4.06  3.76  3.99  3.83  3.29  3.53  4.01  3.27  3.20  3.36  3.67     3.67  3.95  3.86  3.61  3.28
 30   60     4.14  3.96  3.57  3.69  3.48  2.98  3.20  3.67  3.06  3.08  3.33  3.69     3.49  3.93  3.58  3.29  3.16
 30   70     4.05  3.78  3.32  3.33  3.08  2.64  2.82  3.27  2.81  2.89  3.23  3.62     3.24  3.82  3.24  2.91  2.97
 30   80     3.86  3.51  3.00  2.92  2.66  2.28  2.43  2.84  2.50  2.64  3.04  3.45     2.93  3.61  2.86  2.52  2.73
 30   90     3.56  3.16  2.63  2.48  2.23  1.93  2.04  2.39  2.17  2.35  2.79  3.20     2.58  3.31  2.45  2.12  2.44
 45   10     2.96  3.39  3.65  4.38  4.57  4.03  4.30  4.60  3.43  2.95  2.63  2.61     3.62  2.99  4.20  4.31  3.00
 45   20     3.28  3.61  3.76  4.38  4.50  3.94  4.21  4.56  3.46  3.06  2.85  2.89     3.71  3.26  4.21  4.24  3.13
 45   30     3.52  3.74  3.79  4.31  4.36  3.79  4.06  4.45  3.44  3.12  3.01  3.11     3.72  3.46  4.15  4.10  3.19
 45   40     3.69  3.81  3.74  4.16  4.14  3.58  3.84  4.25  3.34  3.11  3.10  3.24     3.67  3.58  4.01  3.89  3.18
 45   50     3.76  3.78  3.63  3.94  3.87  3.33  3.57  3.99  3.19  3.03  3.11  3.31     3.54  3.62  3.81  3.63  3.11
 45   60     3.74  3.66  3.44  3.65  3.53  3.03  3.25  3.66  2.99  2.90  3.06  3.29     3.35  3.56  3.54  3.31  2.99
 45   70     3.62  3.47  3.19  3.32  3.17  2.71  2.91  3.31  2.74  2.72  2.95  3.19     3.11  3.43  3.23  2.98  2.80
 45   80     3.42  3.21  2.89  2.93  2.79  2.38  2.55  2.90  2.46  2.48  2.76  3.01     2.81  3.21  2.87  2.61  2.56
 45   90     3.15  2.88  2.55  2.55  2.39  2.05  2.19  2.49  2.15  2.21  2.51  2.76     2.49  2.93  2.50  2.24  2.29
 60   10     2.84  3.30  3.59  4.34  4.56  4.02  4.29  4.58  3.40  2.89  2.55  2.50     3.57  2.88  4.17  4.30  2.94
 60   20     3.06  3.43  3.65  4.32  4.49  3.94  4.21  4.51  3.40  2.96  2.70  2.68     3.61  3.06  4.15  4.22  3.02
 60   30     3.22  3.51  3.65  4.23  4.35  3.79  4.06  4.39  3.35  2.97  2.79  2.81     3.59  3.18  4.07  4.08  3.04
 60   40     3.30  3.50  3.58  4.07  4.14  3.59  3.85  4.20  3.24  2.93  2.84  2.88     3.51  3.23  3.93  3.88  3.00
 60   50     3.32  3.44  3.44  3.84  3.88  3.34  3.59  3.93  3.08  2.83  2.82  2.88     3.37  3.21  3.72  3.62  2.91
 60   60     3.27  3.31  3.26  3.58  3.58  3.07  3.30  3.64  2.89  2.69  2.74  2.83     3.18  3.14  3.47  3.33  2.77
 60   70     3.14  3.10  3.01  3.25  3.23  2.76  2.97  3.29  2.65  2.51  2.62  2.71     2.94  2.98  3.16  3.01  2.59
 60   80     2.94  2.87  2.74  2.92  2.88  2.45  2.63  2.93  2.39  2.28  2.44  2.54     2.67  2.78  2.85  2.67  2.37
 60   90     2.70  2.57  2.43  2.56  2.52  2.14  2.30  2.56  2.10  2.04  2.21  2.31     2.37  2.53  2.50  2.33  2.12
 75   10     2.70  3.19  3.53  4.30  4.54  4.02  4.29  4.54  3.35  2.82  2.46  2.37     3.51  2.75  4.13  4.28  2.88
 75   20     2.81  3.23  3.53  4.24  4.46  3.93  4.19  4.46  3.32  2.83  2.52  2.45     3.50  2.83  4.08  4.19  2.89
 75   30     2.87  3.22  3.48  4.11  4.32  3.78  4.04  4.30  3.24  2.80  2.55  2.48     3.43  2.85  3.97  4.04  2.86
 75   40     2.88  3.17  3.37  3.94  4.11  3.58  3.84  4.11  3.11  2.72  2.53  2.48     3.32  2.84  3.81  3.84  2.79
 75   50     2.84  3.05  3.22  3.72  3.85  3.34  3.59  3.85  2.95  2.60  2.48  2.43     3.16  2.77  3.60  3.59  2.68
 75   60     2.76  2.91  3.03  3.45  3.56  3.08  3.30  3.55  2.75  2.45  2.38  2.34     2.96  2.67  3.35  3.31  2.53
 75   70     2.62  2.72  2.81  3.16  3.25  2.79  3.00  3.24  2.52  2.27  2.25  2.22     2.74  2.52  3.07  3.01  2.35
 75   80     2.43  2.49  2.55  2.83  2.91  2.49  2.68  2.90  2.27  2.07  2.09  2.06     2.48  2.33  2.76  2.69  2.14
 75   90     2.23  2.24  2.28  2.51  2.57  2.19  2.35  2.55  2.02  1.85  1.89  1.86     2.21  2.11  2.45  2.36  1.92
 90   10     2.56  3.07  3.46  4.25  4.53  4.01  4.28  4.51  3.31  2.75  2.36  2.23     3.44  2.62  4.08  4.27  2.81
 90   20     2.54  3.01  3.39  4.15  4.43  3.92  4.17  4.39  3.23  2.69  2.33  2.20     3.37  2.58  3.99  4.16  2.75
 90   30     2.50  2.92  3.28  3.99  4.27  3.76  4.01  4.21  3.12  2.61  2.28  2.14     3.26  2.52  3.85  3.99  2.67
 90   40     2.43  2.79  3.14  3.79  4.05  3.56  3.80  3.98  2.96  2.49  2.22  2.06     3.11  2.43  3.66  3.78  2.56
 90   50     2.35  2.66  2.96  3.56  3.80  3.32  3.55  3.73  2.79  2.35  2.12  1.98     2.93  2.33  3.44  3.53  2.42
 90   60     2.23  2.48  2.77  3.29  3.50  3.05  3.27  3.43  2.59  2.20  2.02  1.86     2.72  2.19  3.19  3.25  2.27
 90   70     2.11  2.31  2.55  3.00  3.20  2.78  2.97  3.12  2.36  2.01  1.88  1.74     2.50  2.05  2.92  2.96  2.09
 90   80     1.94  2.10  2.32  2.71  2.89  2.49  2.67  2.81  2.14  1.84  1.74  1.60     2.27  1.88  2.64  2.66  1.91
 90   90     1.78  1.90  2.08  2.40  2.56  2.20  2.37  2.48  1.90  1.64  1.57  1.44     2.03  1.70  2.35  2.35  1.70
105   10     2.42  2.95  3.38  4.21  4.51  4.01  4.27  4.47  3.26  2.68  2.25  2.10     3.38  2.49  4.03  4.25  2.73
105   20     2.27  2.79  3.24  4.05  4.39  3.90  4.15  4.31  3.14  2.55  2.13  1.94     3.24  2.33  3.90  4.12  2.61
105   30     2.12  2.61  3.07  3.85  4.20  3.74  3.97  4.09  2.99  2.41  2.01  1.80     3.07  2.17  3.71  3.93  2.47
105   40     1.99  2.42  2.89  3.61  3.97  3.52  3.74  3.84  2.80  2.25  1.89  1.67     2.88  2.03  3.49  3.70  2.32
105   50     1.86  2.24  2.69  3.35  3.70  3.27  3.48  3.56  2.60  2.09  1.77  1.53     2.68  1.88  3.25  3.44  2.15
105   60     1.73  2.07  2.48  3.08  3.40  3.00  3.20  3.26  2.40  1.92  1.65  1.42     2.47  1.74  2.98  3.15  1.99
105   70     1.61  1.89  2.27  2.80  3.09  2.72  2.90  2.95  2.19  1.76  1.52  1.30     2.25  1.60  2.72  2.86  1.82
105   80     1.48  1.72  2.06  2.51  2.79  2.45  2.61  2.64  1.96  1.59  1.41  1.20     2.03  1.47  2.45  2.56  1.65
105   90     1.36  1.55  1.84  2.24  2.49  2.17  2.32  2.35  1.76  1.43  1.28  1.07     1.82  1.33  2.19  2.28  1.49
120   10     2.28  2.84  3.31  4.16  4.49  4.00  4.26  4.44  3.22  2.61  2.15  1.98     3.31  2.37  3.99  4.23  2.66
120   20     2.00  2.57  3.10  3.96  4.35  3.89  4.13  4.24  3.05  2.42  1.94  1.71     3.11  2.09  3.80  4.09  2.47
120   30     1.76  2.30  2.86  3.70  4.13  3.71  3.93  3.98  2.85  2.21  1.75  1.48     2.89  1.85  3.56  3.87  2.27
120   40     1.56  2.06  2.62  3.41  3.86  3.47  3.67  3.68  2.63  2.01  1.58  1.29     2.65  1.64  3.30  3.61  2.08
120   50     1.40  1.85  2.39  3.11  3.56  3.21  3.38  3.36  2.41  1.83  1.44  1.14     2.42  1.46  3.02  3.32  1.89
120   60     1.28  1.67  2.17  2.82  3.25  2.92  3.08  3.04  2.19  1.66  1.31  1.04     2.20  1.33  2.75  3.02  1.72
120   70     1.18  1.50  1.97  2.55  2.94  2.63  2.78  2.73  1.98  1.51  1.21  0.94     1.99  1.21  2.49  2.72  1.56
120   80     1.09  1.38  1.78  2.28  2.63  2.36  2.48  2.44  1.78  1.36  1.11  0.87     1.80  1.11  2.23  2.43  1.42
120   90     1.01  1.24  1.61  2.03  2.35  2.09  2.21  2.16  1.60  1.23  1.02  0.79     1.61  1.01  2.00  2.15  1.28
135   10     2.16  2.75  3.25  4.12  4.48  4.00  4.25  4.41  3.18  2.55  2.06  1.87     3.26  2.26  3.95  4.22  2.60
135   20     1.76  2.37  2.97  3.87  4.31  3.88  4.10  4.18  2.97  2.30  1.77  1.50     3.00  1.88  3.72  4.05  2.35
135   30     1.43  2.01  2.67  3.56  4.06  3.68  3.88  3.88  2.73  2.03  1.50  1.19     2.72  1.54  3.43  3.81  2.08
135   40     1.17  1.71  2.36  3.22  3.75  3.43  3.60  3.52  2.46  1.79  1.28  0.97     2.44  1.28  3.11  3.52  1.85
135   50     1.01  1.48  2.09  2.87  3.40  3.13  3.28  3.15  2.21  1.58  1.14  0.83     2.18  1.11  2.79  3.19  1.64
135   60     0.92  1.31  1.87  2.54  3.05  2.82  2.94  2.79  1.98  1.41  1.03  0.75     1.95  0.99  2.49  2.85  1.47
135   70     0.86  1.18  1.67  2.26  2.73  2.52  2.62  2.47  1.77  1.27  0.94  0.70     1.75  0.91  2.22  2.54  1.33
135   80     0.80  1.09  1.52  2.02  2.43  2.23  2.33  2.19  1.59  1.16  0.88  0.65     1.58  0.85  1.99  2.25  1.21
135   90     0.76  1.00  1.38  1.81  2.17  1.98  2.06  1.95  1.43  1.06  0.82  0.62     1.42  0.79  1.78  2.00  1.10
150   10     2.06  2.67  3.20  4.09  4.46  4.00  4.24  4.39  3.15  2.50  1.99  1.78     3.21  2.17  3.92  4.21  2.55
150   20     1.56  2.21  2.87  3.81  4.28  3.87  4.09  4.13  2.91  2.20  1.62  1.32     2.90  1.70  3.65  4.03  2.24
150   30     1.13  1.77  2.50  3.45  4.01  3.67  3.86  3.79  2.62  1.88  1.28  0.94     2.57  1.28  3.32  3.77  1.93
150   40     0.85  1.40  2.13  3.04  3.67  3.40  3.55  3.39  2.31  1.58  1.03  0.72     2.25  0.99  2.94  3.44  1.64
150   50     0.74  1.16  1.81  2.63  3.26  3.08  3.18  2.95  2.01  1.35  0.90  0.65     1.98  0.85  2.57  3.07  1.42
150   60     0.71  1.03  1.57  2.26  2.85  2.71  2.79  2.53  1.76  1.20  0.83  0.63     1.74  0.79  2.23  2.68  1.26
150   70     0.69  0.96  1.41  1.97  2.48  2.37  2.42  2.19  1.57  1.10  0.79  0.61     1.55  0.75  1.96  2.33  1.15
150   80     0.67  0.90  1.29  1.76  2.19  2.09  2.13  1.93  1.42  1.01  0.75  0.59     1.39  0.72  1.75  2.05  1.06
150   90     0.64  0.86  1.19  1.59  1.95  1.85  1.89  1.72  1.29  0.94  0.71  0.57     1.27  0.69  1.58  1.82  0.98
165   10     1.99  2.62  3.17  4.07  4.46  4.00  4.24  4.38  3.13  2.48  1.94  1.73     3.18  2.11  3.90  4.21  2.52
165   20     1.41  2.10  2.79  3.77  4.26  3.87  4.08  4.11  2.87  2.13  1.52  1.19     2.84  1.57  3.61  4.02  2.17
165   30     0.91  1.58  2.37  3.38  3.98  3.66  3.84  3.75  2.55  1.76  1.11  0.76     2.47  1.08  3.25  3.75  1.81
165   40     0.72  1.13  1.93  2.94  3.62  3.40  3.53  3.33  2.20  1.41  0.86  0.66     2.14  0.84  2.83  3.42  1.49
165   50     0.71  0.94  1.54  2.45  3.20  3.07  3.16  2.84  1.84  1.16  0.83  0.64     1.87  0.77  2.40  3.02  1.28
165   60     0.69  0.92  1.32  1.98  2.73  2.70  2.73  2.30  1.56  1.07  0.80  0.63     1.62  0.75  2.01  2.58  1.14
165   70     0.68  0.89  1.22  1.69  2.23  2.29  2.27  1.90  1.40  1.01  0.76  0.61     1.41  0.73  1.72  2.15  1.06
165   80     0.66  0.86  1.15  1.52  1.94  1.94  1.93  1.67  1.29  0.95  0.73  0.59     1.27  0.70  1.54  1.85  0.99
165   90     0.64  0.83  1.08  1.40  1.74  1.72  1.72  1.52  1.19  0.89  0.69  0.57     1.17  0.68  1.40  1.65  0.92
180   10     1.96  2.61  3.15  4.07  4.45  4.00  4.24  4.38  3.12  2.46  1.93  1.71     3.17  2.09  3.89  4.20  2.50
180   20     1.36  2.06  2.77  3.76  4.25  3.87  4.07  4.11  2.85  2.11  1.48  1.16     2.82  1.53  3.59  4.01  2.15
180   30     0.84  1.50  2.32  3.37  3.96  3.67  3.83  3.75  2.53  1.72  1.05  0.70     2.44  1.01  3.22  3.75  1.77
180   40     0.72  1.00  1.85  2.92  3.60  3.40  3.52  3.32  2.17  1.32  0.86  0.66     2.11  0.80  2.79  3.41  1.45
180   50     0.71  0.94  1.35  2.42  3.17  3.07  3.15  2.83  1.77  1.11  0.83  0.64     1.83  0.77  2.32  3.02  1.24
180   60     0.69  0.92  1.22  1.89  2.69  2.70  2.72  2.30  1.41  1.06  0.80  0.63     1.59  0.75  1.94  2.57  1.09
180   70     0.68  0.89  1.17  1.53  2.18  2.29  2.25  1.76  1.32  1.01  0.76  0.61     1.37  0.73  1.62  2.10  1.03
180   80     0.66  0.86  1.11  1.41  1.80  1.89  1.84  1.56  1.24  0.95  0.73  0.59     1.22  0.70  1.44  1.76  0.97
180   90     0.64  0.83  1.05  1.32  1.63  1.67  1.63  1.44  1.15  0.89  0.69  0.57     1.13  0.68  1.33  1.58  0.91
             59.9  49.3  34.2  18.9   6.7   2.0   3.9  13.3  25.0  40.8  55.0  61.0     32.7  56.8  19.9   7.0  41.2
             4.48  4.31  3.99  4.47  4.58  4.05  4.32  4.65  3.56  3.38  3.60  4.06     4.12  4.27  4.29  4.33  3.45
             4.06  4.17  3.98  4.38  4.28  3.72  3.98  4.46  3.54  3.35  3.38  3.64     3.91  3.95  4.21  4.06  3.42
             1.10  1.03  1.00  1.02  1.07  1.09  1.09  1.04  1.01  1.01  1.07  1.12     1.05  1.08  1.03  1.07  1.03
             1.58  1.33  1.14  1.02  0.94  0.92  0.92  0.97  1.06  1.21  1.43  1.59     1.18  1.50  1.03  0.94  1.23
temperature   5.6   6.1   8.9  14.1  18.2  21.3  24.9  26.6  23.3  18.0  12.9   8.2     15.7   6.6  13.7  24.3  18.1
diffusedrad  1.07  1.40  1.76  2.16  2.46  2.52  2.46  2.28  1.93  1.50  1.16  0.97     1.81  1.15  2.13  2.42  1.53
snow10cm     0.01  0.01  0.00  0.00  0.00  0.00  0.00  0.00  0.00  0.00  0.00  0.00     0.00  0.01  0.00  0.00  0.00
