2 45282   木更津          35 21.7  139 56.4   60
             2.46  3.05  3.43  4.31  4.63  4.13  4.53  4.82  3.44  2.79  2.35  2.22     3.51  2.58  4.12  4.50  2.86
             2.96  3.66  4.08  5.25  5.34  5.17  6.76  5.89  4.30  3.81  3.02  2.72     3.91  2.91  4.55  5.43  3.22
             2.01  2.13  2.24  3.49  3.87  2.87  3.01  3.82  2.02  2.15  1.67  1.93     2.98  2.26  3.63  3.54  2.29
  0   10     2.96  3.41  3.67  4.44  4.63  4.11  4.50  4.89  3.59  3.03  2.73  2.66     3.72  3.01  4.24  4.50  3.12
  0   20     3.38  3.73  3.83  4.47  4.55  4.01  4.40  4.88  3.67  3.21  3.05  3.06     3.85  3.39  4.29  4.43  3.31
  0   30     3.72  3.96  3.90  4.42  4.39  3.84  4.22  4.76  3.67  3.33  3.29  3.38     3.91  3.69  4.23  4.27  3.43
  0   40     3.97  4.10  3.89  4.26  4.14  3.60  3.96  4.53  3.60  3.37  3.46  3.63     3.88  3.90  4.10  4.03  3.48
  0   50     4.12  4.13  3.79  4.02  3.81  3.31  3.63  4.22  3.45  3.34  3.54  3.77     3.76  4.01  3.88  3.72  3.44
  0   60     4.16  4.07  3.61  3.70  3.42  2.96  3.23  3.82  3.23  3.23  3.54  3.83     3.57  4.02  3.58  3.34  3.33
  0   70     4.10  3.91  3.35  3.31  2.97  2.57  2.80  3.35  2.95  3.05  3.45  3.78     3.30  3.93  3.21  2.90  3.15
  0   80     3.93  3.65  3.02  2.85  2.49  2.17  2.33  2.82  2.61  2.81  3.28  3.63     2.97  3.74  2.79  2.44  2.90
  0   90     3.66  3.31  2.64  2.35  1.99  1.76  1.86  2.27  2.23  2.50  3.02  3.40     2.58  3.45  2.33  1.96  2.59
 15   10     2.94  3.40  3.66  4.43  4.63  4.11  4.50  4.89  3.58  3.02  2.72  2.64     3.71  2.99  4.24  4.50  3.11
 15   20     3.35  3.71  3.81  4.47  4.55  4.01  4.41  4.87  3.66  3.20  3.02  3.02     3.84  3.36  4.28  4.43  3.29
 15   30     3.68  3.93  3.88  4.41  4.39  3.85  4.22  4.75  3.66  3.30  3.26  3.34     3.89  3.65  4.23  4.27  3.41
 15   40     3.92  4.05  3.86  4.26  4.15  3.61  3.96  4.53  3.58  3.34  3.42  3.56     3.85  3.84  4.09  4.04  3.44
 15   50     4.06  4.08  3.77  4.02  3.83  3.32  3.64  4.23  3.43  3.30  3.49  3.70     3.74  3.94  3.87  3.73  3.41
 15   60     4.09  4.01  3.59  3.71  3.44  2.98  3.26  3.84  3.22  3.18  3.48  3.74     3.54  3.94  3.58  3.36  3.29
 15   70     4.02  3.84  3.33  3.32  3.01  2.60  2.84  3.38  2.94  3.00  3.38  3.68     3.28  3.85  3.22  2.94  3.11
 15   80     3.85  3.58  3.00  2.88  2.54  2.20  2.38  2.88  2.61  2.75  3.21  3.53     2.95  3.65  2.81  2.49  2.86
 15   90     3.58  3.23  2.62  2.40  2.07  1.81  1.93  2.35  2.24  2.45  2.95  3.30     2.58  3.37  2.36  2.03  2.55
 30   10     2.89  3.36  3.63  4.41  4.63  4.11  4.50  4.87  3.57  2.99  2.68  2.59     3.69  2.95  4.22  4.50  3.08
 30   20     3.26  3.63  3.76  4.44  4.56  4.02  4.41  4.85  3.63  3.14  2.95  2.93     3.80  3.27  4.25  4.43  3.24
 30   30     3.54  3.81  3.82  4.37  4.40  3.85  4.23  4.73  3.61  3.23  3.15  3.19     3.83  3.51  4.20  4.27  3.33
 30   40     3.74  3.90  3.79  4.23  4.17  3.63  4.00  4.52  3.54  3.24  3.27  3.38     3.78  3.67  4.07  4.05  3.35
 30   50     3.84  3.89  3.68  3.99  3.87  3.35  3.68  4.22  3.38  3.19  3.32  3.48     3.66  3.74  3.85  3.75  3.30
 30   60     3.85  3.80  3.50  3.69  3.51  3.03  3.33  3.86  3.17  3.07  3.29  3.49     3.46  3.71  3.57  3.41  3.17
 30   70     3.75  3.62  3.25  3.33  3.10  2.67  2.93  3.43  2.90  2.88  3.18  3.41     3.21  3.60  3.23  3.01  2.99
 30   80     3.57  3.36  2.93  2.92  2.68  2.30  2.51  2.98  2.59  2.63  3.00  3.25     2.89  3.39  2.84  2.60  2.74
 30   90     3.29  3.02  2.56  2.48  2.25  1.94  2.10  2.49  2.24  2.34  2.74  3.01     2.54  3.11  2.43  2.18  2.44
 45   10     2.81  3.29  3.59  4.39  4.62  4.11  4.50  4.85  3.54  2.95  2.62  2.51     3.65  2.87  4.20  4.49  3.03
 45   20     3.10  3.49  3.69  4.39  4.55  4.02  4.41  4.81  3.57  3.06  2.83  2.77     3.73  3.12  4.21  4.41  3.15
 45   30     3.31  3.61  3.72  4.32  4.41  3.86  4.25  4.69  3.55  3.11  2.98  2.96     3.73  3.30  4.15  4.27  3.22
 45   40     3.46  3.67  3.67  4.16  4.19  3.65  4.01  4.48  3.45  3.10  3.07  3.09     3.67  3.40  4.00  4.04  3.21
 45   50     3.52  3.63  3.55  3.94  3.91  3.39  3.73  4.21  3.30  3.02  3.08  3.14     3.54  3.43  3.80  3.77  3.13
 45   60     3.48  3.52  3.36  3.65  3.57  3.08  3.40  3.86  3.09  2.90  3.03  3.12     3.34  3.37  3.53  3.44  3.01
 45   70     3.37  3.32  3.12  3.32  3.21  2.75  3.03  3.48  2.84  2.71  2.91  3.02     3.09  3.24  3.21  3.09  2.82
 45   80     3.17  3.07  2.82  2.93  2.81  2.42  2.65  3.05  2.54  2.47  2.72  2.85     2.79  3.03  2.86  2.71  2.58
 45   90     2.91  2.75  2.49  2.54  2.41  2.08  2.27  2.61  2.23  2.20  2.47  2.60     2.46  2.76  2.48  2.32  2.30
 60   10     2.71  3.20  3.54  4.35  4.61  4.11  4.49  4.82  3.50  2.89  2.54  2.41     3.60  2.77  4.17  4.47  2.98
 60   20     2.90  3.32  3.59  4.33  4.54  4.01  4.40  4.76  3.51  2.96  2.68  2.57     3.63  2.93  4.15  4.39  3.05
 60   30     3.04  3.39  3.58  4.23  4.40  3.86  4.25  4.63  3.46  2.96  2.77  2.69     3.61  3.04  4.07  4.25  3.06
 60   40     3.11  3.38  3.51  4.08  4.18  3.66  4.03  4.42  3.35  2.92  2.81  2.75     3.52  3.08  3.92  4.04  3.03
 60   50     3.11  3.31  3.37  3.85  3.92  3.41  3.75  4.14  3.19  2.83  2.79  2.74     3.37  3.06  3.71  3.77  2.93
 60   60     3.06  3.18  3.19  3.58  3.62  3.13  3.45  3.83  2.98  2.68  2.71  2.69     3.17  2.98  3.46  3.47  2.79
 60   70     2.92  2.98  2.95  3.25  3.27  2.81  3.11  3.47  2.74  2.50  2.58  2.58     2.93  2.83  3.15  3.13  2.61
 60   80     2.73  2.75  2.68  2.92  2.91  2.49  2.75  3.08  2.47  2.27  2.40  2.40     2.65  2.63  2.84  2.77  2.38
 60   90     2.50  2.46  2.37  2.56  2.54  2.18  2.40  2.69  2.17  2.03  2.18  2.18     2.36  2.38  2.49  2.42  2.13
 75   10     2.58  3.10  3.48  4.31  4.60  4.10  4.49  4.79  3.46  2.83  2.45  2.29     3.54  2.66  4.13  4.46  2.91
 75   20     2.68  3.14  3.47  4.25  4.51  4.01  4.39  4.70  3.43  2.83  2.51  2.36     3.52  2.72  4.08  4.37  2.92
 75   30     2.72  3.12  3.42  4.12  4.37  3.86  4.23  4.54  3.34  2.79  2.54  2.38     3.45  2.74  3.97  4.21  2.89
 75   40     2.73  3.06  3.31  3.95  4.16  3.65  4.02  4.33  3.22  2.71  2.51  2.38     3.34  2.72  3.81  4.00  2.81
 75   50     2.67  2.95  3.16  3.73  3.90  3.41  3.75  4.06  3.05  2.60  2.46  2.33     3.17  2.65  3.60  3.74  2.70
 75   60     2.59  2.81  2.97  3.45  3.61  3.14  3.45  3.74  2.84  2.45  2.36  2.23     2.97  2.54  3.34  3.44  2.55
 75   70     2.46  2.62  2.75  3.16  3.29  2.85  3.14  3.41  2.61  2.27  2.23  2.12     2.74  2.40  3.07  3.13  2.37
 75   80     2.27  2.39  2.49  2.84  2.94  2.54  2.81  3.05  2.35  2.06  2.07  1.96     2.48  2.21  2.76  2.80  2.16
 75   90     2.08  2.15  2.23  2.51  2.60  2.23  2.46  2.68  2.10  1.84  1.87  1.77     2.21  2.00  2.45  2.46  1.94
 90   10     2.45  2.99  3.41  4.26  4.58  4.10  4.48  4.75  3.41  2.75  2.35  2.17     3.48  2.54  4.09  4.44  2.84
 90   20     2.42  2.93  3.33  4.16  4.48  4.00  4.37  4.62  3.34  2.69  2.32  2.13     3.40  2.49  3.99  4.33  2.79
 90   30     2.38  2.84  3.23  4.00  4.32  3.84  4.20  4.43  3.22  2.61  2.27  2.07     3.28  2.43  3.85  4.16  2.70
 90   40     2.31  2.71  3.09  3.79  4.10  3.63  3.98  4.20  3.06  2.49  2.20  1.99     3.13  2.34  3.66  3.94  2.58
 90   50     2.23  2.58  2.91  3.56  3.85  3.39  3.72  3.92  2.88  2.35  2.11  1.91     2.95  2.24  3.44  3.68  2.44
 90   60     2.11  2.40  2.72  3.29  3.55  3.12  3.42  3.62  2.67  2.19  2.00  1.79     2.74  2.10  3.19  3.39  2.29
 90   70     1.99  2.23  2.50  3.00  3.24  2.84  3.12  3.28  2.44  2.01  1.86  1.67     2.52  1.96  2.92  3.08  2.10
 90   80     1.82  2.02  2.27  2.71  2.92  2.54  2.80  2.95  2.21  1.83  1.73  1.53     2.28  1.79  2.63  2.77  1.92
 90   90     1.67  1.83  2.04  2.40  2.59  2.25  2.48  2.61  1.96  1.63  1.56  1.38     2.03  1.62  2.34  2.45  1.72
105   10     2.32  2.88  3.33  4.22  4.57  4.09  4.47  4.71  3.36  2.68  2.25  2.04     3.41  2.42  4.04  4.42  2.76
105   20     2.18  2.72  3.20  4.06  4.45  3.98  4.35  4.54  3.24  2.56  2.13  1.89     3.27  2.26  3.90  4.29  2.64
105   30     2.03  2.54  3.03  3.86  4.26  3.81  4.16  4.31  3.08  2.41  2.01  1.75     3.11  2.11  3.71  4.09  2.50
105   40     1.91  2.37  2.85  3.61  4.02  3.60  3.92  4.04  2.89  2.26  1.88  1.63     2.91  1.97  3.49  3.85  2.34
105   50     1.78  2.18  2.65  3.36  3.75  3.34  3.65  3.74  2.68  2.09  1.76  1.50     2.71  1.82  3.25  3.58  2.18
105   60     1.65  2.02  2.44  3.08  3.45  3.07  3.35  3.43  2.47  1.92  1.64  1.38     2.49  1.69  2.99  3.28  2.01
105   70     1.54  1.84  2.23  2.80  3.13  2.78  3.04  3.10  2.25  1.76  1.51  1.27     2.27  1.55  2.72  2.97  1.84
105   80     1.41  1.67  2.02  2.51  2.83  2.50  2.73  2.77  2.02  1.59  1.40  1.16     2.05  1.41  2.46  2.67  1.67
105   90     1.28  1.50  1.81  2.25  2.52  2.22  2.43  2.47  1.82  1.43  1.27  1.04     1.84  1.27  2.19  2.37  1.50
120   10     2.20  2.77  3.27  4.17  4.55  4.09  4.46  4.67  3.31  2.62  2.15  1.93     3.35  2.30  4.00  4.41  2.69
120   20     1.94  2.51  3.06  3.97  4.40  3.97  4.32  4.46  3.15  2.42  1.94  1.68     3.15  2.04  3.81  4.25  2.50
120   30     1.71  2.25  2.83  3.71  4.18  3.78  4.11  4.18  2.94  2.22  1.75  1.46     2.93  1.81  3.57  4.03  2.30
120   40     1.52  2.02  2.59  3.42  3.91  3.54  3.84  3.87  2.71  2.02  1.58  1.27     2.69  1.61  3.31  3.75  2.10
120   50     1.37  1.81  2.36  3.12  3.61  3.27  3.54  3.52  2.48  1.83  1.44  1.13     2.46  1.44  3.03  3.45  1.92
120   60     1.25  1.64  2.15  2.83  3.29  2.98  3.23  3.19  2.25  1.67  1.31  1.03     2.23  1.30  2.76  3.13  1.74
120   70     1.15  1.47  1.95  2.55  2.97  2.69  2.91  2.86  2.03  1.51  1.20  0.93     2.02  1.19  2.49  2.82  1.58
120   80     1.05  1.35  1.75  2.29  2.67  2.41  2.60  2.55  1.83  1.36  1.11  0.86     1.82  1.09  2.24  2.52  1.43
120   90     0.97  1.21  1.59  2.03  2.38  2.14  2.31  2.26  1.64  1.23  1.01  0.78     1.63  0.98  2.00  2.23  1.29
135   10     2.09  2.68  3.20  4.13  4.53  4.08  4.45  4.64  3.27  2.56  2.06  1.83     3.29  2.20  3.96  4.39  2.63
135   20     1.72  2.33  2.93  3.88  4.36  3.96  4.30  4.39  3.06  2.30  1.77  1.48     3.04  1.84  3.73  4.21  2.38
135   30     1.41  1.98  2.64  3.57  4.11  3.76  4.07  4.07  2.80  2.04  1.50  1.19     2.76  1.53  3.44  3.96  2.11
135   40     1.17  1.69  2.34  3.23  3.80  3.50  3.77  3.69  2.53  1.79  1.29  0.98     2.48  1.28  3.12  3.65  1.87
135   50     1.01  1.47  2.07  2.88  3.45  3.19  3.42  3.29  2.26  1.59  1.14  0.84     2.22  1.11  2.80  3.30  1.66
135   60     0.92  1.30  1.85  2.55  3.09  2.88  3.06  2.91  2.02  1.42  1.03  0.76     1.98  0.99  2.50  2.95  1.49
135   70     0.85  1.17  1.66  2.27  2.76  2.56  2.73  2.57  1.81  1.28  0.95  0.71     1.78  0.91  2.23  2.62  1.35
135   80     0.79  1.08  1.50  2.02  2.46  2.27  2.43  2.28  1.63  1.16  0.88  0.66     1.60  0.84  1.99  2.33  1.22
135   90     0.75  0.98  1.37  1.81  2.19  2.01  2.15  2.02  1.46  1.06  0.82  0.62     1.44  0.79  1.79  2.06  1.11
150   10     1.99  2.61  3.15  4.10  4.52  4.08  4.44  4.62  3.24  2.51  1.99  1.75     3.25  2.12  3.93  4.38  2.58
150   20     1.54  2.18  2.83  3.82  4.33  3.95  4.28  4.34  2.99  2.21  1.63  1.32     2.95  1.68  3.66  4.19  2.27
150   30     1.14  1.75  2.48  3.46  4.06  3.74  4.04  3.98  2.69  1.89  1.29  0.96     2.62  1.28  3.33  3.92  1.95
150   40     0.88  1.40  2.12  3.05  3.71  3.47  3.71  3.54  2.37  1.59  1.04  0.74     2.30  1.01  2.96  3.57  1.67
150   50     0.77  1.16  1.80  2.64  3.30  3.13  3.32  3.06  2.05  1.36  0.91  0.67     2.02  0.87  2.58  3.17  1.44
150   60     0.73  1.04  1.57  2.26  2.88  2.76  2.90  2.62  1.79  1.21  0.84  0.65     1.77  0.81  2.24  2.76  1.28
150   70     0.70  0.96  1.41  1.98  2.51  2.41  2.52  2.25  1.59  1.11  0.80  0.63     1.57  0.76  1.96  2.39  1.17
150   80     0.67  0.90  1.29  1.76  2.21  2.12  2.21  1.98  1.44  1.02  0.75  0.60     1.41  0.73  1.75  2.10  1.07
150   90     0.64  0.86  1.19  1.59  1.97  1.87  1.95  1.77  1.31  0.95  0.71  0.58     1.28  0.69  1.58  1.86  0.99
165   10     1.93  2.57  3.13  4.09  4.51  4.08  4.44  4.61  3.22  2.48  1.95  1.70     3.22  2.06  3.91  4.38  2.55
165   20     1.40  2.08  2.76  3.78  4.31  3.95  4.27  4.32  2.94  2.14  1.52  1.20     2.89  1.56  3.62  4.18  2.20
165   30     0.94  1.58  2.36  3.40  4.03  3.74  4.02  3.94  2.62  1.77  1.13  0.79     2.53  1.10  3.26  3.90  1.84
165   40     0.75  1.15  1.93  2.95  3.67  3.47  3.69  3.47  2.25  1.42  0.86  0.68     2.19  0.86  2.85  3.54  1.51
165   50     0.74  0.96  1.55  2.46  3.24  3.13  3.29  2.94  1.87  1.17  0.84  0.67     1.91  0.79  2.42  3.12  1.29
165   60     0.71  0.93  1.33  1.99  2.76  2.75  2.84  2.37  1.58  1.08  0.81  0.65     1.65  0.77  2.02  2.65  1.15
165   70     0.69  0.90  1.23  1.69  2.25  2.32  2.35  1.93  1.41  1.02  0.77  0.63     1.43  0.74  1.72  2.20  1.07
165   80     0.67  0.86  1.15  1.52  1.95  1.97  1.98  1.69  1.30  0.96  0.73  0.60     1.28  0.71  1.54  1.88  1.00
165   90     0.64  0.83  1.08  1.40  1.75  1.74  1.76  1.53  1.20  0.90  0.69  0.58     1.18  0.68  1.41  1.68  0.93
180   10     1.91  2.55  3.11  4.08  4.50  4.08  4.44  4.61  3.22  2.47  1.93  1.68     3.21  2.05  3.90  4.38  2.54
180   20     1.36  2.04  2.74  3.77  4.30  3.95  4.27  4.32  2.93  2.11  1.49  1.16     2.87  1.52  3.60  4.18  2.18
180   30     0.87  1.51  2.31  3.39  4.01  3.74  4.01  3.93  2.59  1.73  1.06  0.73     2.49  1.04  3.24  3.90  1.79
180   40     0.75  1.03  1.85  2.94  3.64  3.47  3.68  3.47  2.21  1.33  0.86  0.68     2.16  0.82  2.81  3.54  1.47
180   50     0.74  0.96  1.37  2.44  3.21  3.13  3.28  2.94  1.80  1.11  0.84  0.67     1.87  0.79  2.34  3.12  1.25
180   60     0.71  0.93  1.23  1.90  2.72  2.75  2.82  2.36  1.41  1.07  0.81  0.65     1.61  0.77  1.95  2.65  1.09
180   70     0.69  0.90  1.17  1.53  2.20  2.33  2.33  1.78  1.32  1.01  0.77  0.63     1.39  0.74  1.63  2.14  1.03
180   80     0.67  0.86  1.11  1.41  1.81  1.91  1.88  1.56  1.24  0.95  0.73  0.60     1.23  0.71  1.45  1.78  0.98
180   90     0.64  0.83  1.05  1.32  1.63  1.69  1.67  1.45  1.16  0.90  0.69  0.58     1.13  0.68  1.33  1.60  0.92
             58.9  48.6  33.8  18.7   6.5   1.6   3.6  13.3  25.2  40.5  54.6  60.2     31.4  56.0  19.4   7.0  40.7
             4.16  4.14  3.91  4.48  4.63  4.14  4.52  4.90  3.68  3.37  3.55  3.83     4.11  4.03  4.29  4.51  3.48
             3.76  3.99  3.90  4.40  4.36  3.81  4.19  4.73  3.66  3.34  3.32  3.42     3.91  3.73  4.22  4.24  3.44
             1.11  1.04  1.00  1.02  1.06  1.09  1.08  1.04  1.01  1.01  1.07  1.12     1.05  1.09  1.03  1.07  1.03
             1.53  1.31  1.14  1.02  0.94  0.92  0.92  0.98  1.06  1.20  1.41  1.54     1.16  1.46  1.03  0.94  1.22
temperature   5.3   5.8   8.8  13.9  18.0  21.1  24.8  26.5  23.0  17.6  12.4   7.7     15.4   6.3  13.6  24.1  17.7
diffusedrad  1.08  1.41  1.76  2.15  2.46  2.51  2.47  2.27  1.94  1.51  1.16  0.98     1.81  1.16  2.13  2.42  1.54
snow10cm     0.00  0.01  0.00  0.00  0.00  0.00  0.00  0.00  0.00  0.00  0.00  0.00     0.00  0.00  0.00  0.00  0.00
