2 45261   茂原            35   25  140 18.6    9
             2.43  2.93  3.43  4.33  4.56  4.30  4.56  4.82  3.47  2.78  2.26  2.17     3.50  2.51  4.11  4.56  2.84
             2.96  3.56  3.99  5.33  5.36  5.40  6.42  6.16  4.25  3.52  2.85  2.67     3.91  2.86  4.47  5.58  3.19
             2.06  1.91  2.20  3.34  3.68  2.88  3.38  3.48  2.21  2.15  1.71  1.79     2.89  2.17  3.62  3.27  2.31
  0   10     2.91  3.27  3.67  4.46  4.57  4.27  4.53  4.89  3.63  3.02  2.59  2.59     3.70  2.92  4.23  4.57  3.08
  0   20     3.34  3.57  3.83  4.50  4.49  4.17  4.43  4.88  3.71  3.21  2.87  2.99     3.83  3.30  4.27  4.49  3.26
  0   30     3.67  3.78  3.90  4.44  4.33  3.99  4.25  4.76  3.71  3.32  3.09  3.31     3.88  3.59  4.22  4.33  3.37
  0   40     3.92  3.91  3.89  4.28  4.09  3.74  3.99  4.54  3.63  3.36  3.24  3.55     3.84  3.79  4.09  4.09  3.41
  0   50     4.07  3.94  3.79  4.04  3.77  3.43  3.66  4.22  3.48  3.32  3.31  3.69     3.73  3.90  3.87  3.77  3.37
  0   60     4.11  3.88  3.61  3.72  3.38  3.07  3.26  3.82  3.26  3.21  3.30  3.75     3.53  3.91  3.57  3.38  3.26
  0   70     4.05  3.72  3.35  3.33  2.94  2.66  2.83  3.35  2.98  3.04  3.21  3.70     3.26  3.82  3.21  2.95  3.07
  0   80     3.88  3.48  3.02  2.87  2.47  2.24  2.36  2.83  2.64  2.79  3.04  3.56     2.93  3.64  2.79  2.48  2.82
  0   90     3.62  3.15  2.64  2.37  1.98  1.82  1.89  2.27  2.26  2.49  2.80  3.33     2.55  3.37  2.33  2.00  2.52
 15   10     2.90  3.26  3.66  4.45  4.57  4.27  4.53  4.89  3.62  3.02  2.57  2.58     3.69  2.91  4.23  4.56  3.07
 15   20     3.31  3.54  3.81  4.49  4.49  4.17  4.43  4.87  3.69  3.19  2.84  2.96     3.82  3.27  4.26  4.49  3.24
 15   30     3.64  3.75  3.88  4.43  4.34  4.00  4.25  4.75  3.70  3.29  3.04  3.26     3.86  3.55  4.22  4.34  3.34
 15   40     3.87  3.87  3.86  4.28  4.09  3.75  3.99  4.53  3.62  3.33  3.17  3.48     3.82  3.74  4.08  4.09  3.37
 15   50     4.01  3.89  3.76  4.04  3.78  3.45  3.67  4.23  3.47  3.28  3.23  3.62     3.70  3.84  3.86  3.78  3.33
 15   60     4.05  3.82  3.58  3.73  3.41  3.09  3.29  3.85  3.25  3.17  3.21  3.66     3.51  3.84  3.57  3.41  3.21
 15   70     3.98  3.66  3.33  3.34  2.97  2.70  2.86  3.38  2.97  2.99  3.11  3.61     3.24  3.75  3.21  2.98  3.02
 15   80     3.81  3.41  3.00  2.89  2.52  2.28  2.41  2.89  2.64  2.74  2.94  3.46     2.92  3.56  2.81  2.52  2.77
 15   90     3.54  3.08  2.62  2.42  2.05  1.88  1.96  2.35  2.26  2.44  2.70  3.23     2.54  3.28  2.36  2.06  2.47
 30   10     2.85  3.22  3.64  4.44  4.57  4.27  4.53  4.87  3.60  2.99  2.53  2.53     3.67  2.87  4.21  4.56  3.04
 30   20     3.21  3.47  3.77  4.46  4.50  4.17  4.44  4.85  3.67  3.14  2.75  2.86     3.77  3.18  4.24  4.49  3.19
 30   30     3.50  3.64  3.82  4.39  4.34  4.00  4.26  4.73  3.65  3.22  2.92  3.12     3.80  3.42  4.19  4.33  3.26
 30   40     3.69  3.72  3.79  4.25  4.12  3.77  4.02  4.53  3.57  3.23  3.02  3.31     3.75  3.57  4.05  4.11  3.27
 30   50     3.80  3.72  3.68  4.02  3.82  3.48  3.71  4.23  3.42  3.18  3.05  3.41     3.63  3.64  3.84  3.80  3.22
 30   60     3.81  3.62  3.49  3.71  3.47  3.15  3.36  3.87  3.20  3.05  3.01  3.42     3.43  3.62  3.56  3.46  3.09
 30   70     3.72  3.45  3.24  3.35  3.07  2.77  2.96  3.44  2.94  2.87  2.89  3.35     3.17  3.50  3.22  3.06  2.90
 30   80     3.54  3.20  2.93  2.93  2.65  2.39  2.54  2.98  2.62  2.62  2.71  3.19     2.86  3.31  2.84  2.64  2.65
 30   90     3.26  2.88  2.56  2.50  2.23  2.02  2.13  2.50  2.27  2.33  2.47  2.95     2.51  3.03  2.43  2.21  2.36
 45   10     2.77  3.15  3.59  4.41  4.56  4.27  4.53  4.85  3.58  2.94  2.46  2.45     3.63  2.79  4.19  4.55  2.99
 45   20     3.06  3.34  3.69  4.41  4.49  4.18  4.44  4.81  3.61  3.05  2.64  2.71     3.70  3.04  4.20  4.48  3.10
 45   30     3.27  3.46  3.72  4.34  4.35  4.01  4.28  4.69  3.59  3.11  2.76  2.90     3.71  3.21  4.14  4.33  3.15
 45   40     3.42  3.50  3.67  4.18  4.13  3.79  4.04  4.48  3.49  3.09  2.81  3.02     3.64  3.31  3.99  4.10  3.13
 45   50     3.48  3.47  3.55  3.96  3.86  3.52  3.76  4.21  3.34  3.01  2.80  3.08     3.50  3.34  3.79  3.83  3.05
 45   60     3.45  3.36  3.36  3.67  3.52  3.20  3.42  3.86  3.13  2.88  2.74  3.06     3.30  3.29  3.52  3.49  2.92
 45   70     3.34  3.17  3.12  3.34  3.17  2.86  3.06  3.48  2.87  2.70  2.62  2.96     3.06  3.16  3.21  3.13  2.73
 45   80     3.14  2.93  2.82  2.95  2.78  2.51  2.67  3.05  2.57  2.46  2.43  2.79     2.76  2.96  2.85  2.75  2.49
 45   90     2.89  2.63  2.49  2.56  2.38  2.16  2.29  2.62  2.25  2.19  2.19  2.56     2.43  2.69  2.48  2.36  2.21
 60   10     2.67  3.07  3.54  4.38  4.55  4.27  4.52  4.83  3.54  2.89  2.39  2.35     3.58  2.70  4.16  4.54  2.94
 60   20     2.86  3.18  3.60  4.35  4.48  4.17  4.43  4.76  3.54  2.95  2.50  2.51     3.61  2.85  4.14  4.46  3.00
 60   30     3.00  3.25  3.58  4.26  4.34  4.02  4.27  4.63  3.49  2.96  2.55  2.63     3.58  2.96  4.06  4.31  3.00
 60   40     3.07  3.23  3.51  4.10  4.13  3.80  4.05  4.42  3.39  2.92  2.57  2.69     3.49  3.00  3.91  4.09  2.96
 60   50     3.08  3.17  3.37  3.87  3.87  3.54  3.78  4.15  3.22  2.82  2.52  2.69     3.34  2.98  3.70  3.82  2.86
 60   60     3.02  3.04  3.19  3.60  3.57  3.25  3.47  3.84  3.02  2.67  2.43  2.63     3.15  2.90  3.45  3.52  2.71
 60   70     2.90  2.85  2.94  3.27  3.22  2.92  3.13  3.47  2.77  2.49  2.30  2.52     2.90  2.76  3.15  3.17  2.52
 60   80     2.71  2.63  2.68  2.94  2.87  2.59  2.77  3.09  2.50  2.27  2.12  2.36     2.63  2.56  2.83  2.81  2.30
 60   90     2.48  2.36  2.37  2.57  2.51  2.26  2.42  2.69  2.20  2.03  1.91  2.14     2.33  2.33  2.48  2.46  2.04
 75   10     2.54  2.97  3.48  4.33  4.54  4.26  4.52  4.79  3.49  2.82  2.30  2.24     3.52  2.58  4.12  4.52  2.87
 75   20     2.64  3.01  3.47  4.27  4.45  4.17  4.42  4.70  3.46  2.83  2.33  2.31     3.50  2.65  4.07  4.43  2.87
 75   30     2.68  2.99  3.42  4.14  4.31  4.01  4.26  4.54  3.38  2.79  2.33  2.33     3.43  2.67  3.96  4.27  2.83
 75   40     2.69  2.94  3.31  3.97  4.10  3.80  4.04  4.33  3.25  2.71  2.28  2.33     3.31  2.65  3.80  4.06  2.75
 75   50     2.64  2.83  3.17  3.75  3.85  3.54  3.78  4.06  3.08  2.60  2.22  2.28     3.15  2.58  3.59  3.79  2.63
 75   60     2.56  2.69  2.97  3.47  3.56  3.26  3.48  3.75  2.87  2.44  2.10  2.18     2.94  2.48  3.33  3.50  2.47
 75   70     2.43  2.50  2.75  3.18  3.24  2.96  3.16  3.42  2.64  2.26  1.97  2.08     2.72  2.34  3.06  3.18  2.29
 75   80     2.25  2.29  2.49  2.85  2.90  2.64  2.82  3.05  2.38  2.06  1.81  1.92     2.46  2.15  2.75  2.84  2.08
 75   90     2.06  2.06  2.23  2.53  2.57  2.32  2.48  2.69  2.12  1.84  1.62  1.73     2.19  1.95  2.44  2.50  1.86
 90   10     2.42  2.87  3.41  4.29  4.52  4.26  4.51  4.75  3.44  2.75  2.21  2.11     3.46  2.47  4.07  4.51  2.80
 90   20     2.39  2.81  3.34  4.18  4.42  4.16  4.40  4.63  3.37  2.69  2.16  2.08     3.39  2.43  3.98  4.39  2.74
 90   30     2.35  2.72  3.23  4.02  4.26  3.99  4.23  4.43  3.25  2.61  2.09  2.02     3.27  2.37  3.84  4.22  2.65
 90   40     2.28  2.60  3.09  3.82  4.05  3.78  4.01  4.20  3.09  2.49  2.00  1.95     3.11  2.28  3.65  4.00  2.53
 90   50     2.20  2.47  2.92  3.58  3.79  3.52  3.74  3.93  2.91  2.35  1.89  1.86     2.93  2.18  3.43  3.73  2.38
 90   60     2.08  2.31  2.72  3.31  3.50  3.24  3.45  3.62  2.70  2.19  1.78  1.75     2.72  2.05  3.18  3.44  2.22
 90   70     1.97  2.14  2.51  3.02  3.20  2.95  3.13  3.29  2.47  2.01  1.63  1.64     2.50  1.92  2.91  3.12  2.04
 90   80     1.81  1.94  2.27  2.73  2.88  2.65  2.82  2.96  2.24  1.83  1.50  1.50     2.26  1.75  2.63  2.81  1.86
 90   90     1.65  1.75  2.04  2.42  2.56  2.34  2.50  2.62  1.99  1.63  1.34  1.35     2.01  1.59  2.34  2.48  1.65
105   10     2.29  2.76  3.34  4.24  4.50  4.25  4.50  4.71  3.39  2.68  2.12  1.99     3.40  2.35  4.03  4.49  2.73
105   20     2.14  2.61  3.20  4.09  4.38  4.14  4.38  4.54  3.27  2.56  1.99  1.84     3.26  2.20  3.89  4.35  2.61
105   30     2.00  2.45  3.04  3.88  4.20  3.96  4.19  4.31  3.11  2.41  1.85  1.71     3.09  2.05  3.71  4.16  2.46
105   40     1.88  2.28  2.85  3.63  3.96  3.74  3.95  4.04  2.92  2.26  1.71  1.59     2.90  1.92  3.48  3.91  2.30
105   50     1.76  2.10  2.65  3.38  3.69  3.48  3.67  3.75  2.71  2.10  1.59  1.46     2.69  1.77  3.24  3.63  2.13
105   60     1.63  1.94  2.44  3.10  3.40  3.19  3.37  3.43  2.50  1.92  1.46  1.35     2.48  1.64  2.98  3.33  1.96
105   70     1.52  1.77  2.24  2.82  3.09  2.89  3.06  3.11  2.28  1.76  1.33  1.24     2.26  1.51  2.72  3.02  1.79
105   80     1.40  1.61  2.03  2.53  2.79  2.60  2.75  2.78  2.05  1.59  1.21  1.14     2.04  1.38  2.45  2.71  1.62
105   90     1.27  1.45  1.81  2.26  2.49  2.31  2.44  2.48  1.84  1.43  1.09  1.02     1.82  1.24  2.19  2.41  1.45
120   10     2.16  2.67  3.27  4.19  4.49  4.25  4.49  4.68  3.35  2.62  2.03  1.88     3.34  2.23  3.98  4.47  2.67
120   20     1.91  2.42  3.06  3.99  4.34  4.13  4.35  4.46  3.17  2.42  1.82  1.63     3.14  1.99  3.80  4.31  2.47
120   30     1.68  2.17  2.84  3.73  4.13  3.93  4.14  4.19  2.96  2.22  1.62  1.42     2.92  1.76  3.56  4.09  2.27
120   40     1.50  1.95  2.60  3.44  3.86  3.68  3.87  3.87  2.73  2.02  1.45  1.24     2.69  1.56  3.30  3.81  2.07
120   50     1.34  1.75  2.37  3.14  3.56  3.40  3.57  3.53  2.50  1.84  1.30  1.10     2.45  1.40  3.02  3.50  1.88
120   60     1.23  1.58  2.16  2.85  3.25  3.10  3.25  3.19  2.27  1.67  1.17  1.00     2.23  1.27  2.75  3.18  1.70
120   70     1.13  1.43  1.96  2.57  2.94  2.79  2.93  2.87  2.05  1.51  1.07  0.91     2.01  1.16  2.49  2.86  1.54
120   80     1.04  1.30  1.76  2.30  2.63  2.50  2.62  2.56  1.85  1.37  0.97  0.84     1.81  1.06  2.23  2.56  1.40
120   90     0.96  1.17  1.59  2.05  2.35  2.22  2.33  2.27  1.66  1.23  0.88  0.76     1.62  0.96  2.00  2.27  1.26
135   10     2.05  2.58  3.21  4.15  4.47  4.24  4.48  4.64  3.31  2.56  1.96  1.78     3.29  2.14  3.94  4.46  2.61
135   20     1.69  2.24  2.94  3.90  4.30  4.11  4.32  4.40  3.09  2.31  1.67  1.44     3.04  1.79  3.72  4.28  2.36
135   30     1.38  1.92  2.65  3.60  4.06  3.90  4.09  4.07  2.83  2.04  1.41  1.16     2.76  1.49  3.44  4.02  2.09
135   40     1.15  1.64  2.35  3.25  3.75  3.63  3.79  3.69  2.55  1.80  1.20  0.95     2.48  1.24  3.12  3.71  1.85
135   50     0.99  1.42  2.09  2.90  3.41  3.32  3.45  3.30  2.28  1.60  1.05  0.82     2.22  1.08  2.80  3.36  1.64
135   60     0.90  1.26  1.86  2.57  3.05  2.99  3.09  2.92  2.04  1.43  0.94  0.74     1.98  0.97  2.50  3.00  1.47
135   70     0.84  1.14  1.67  2.28  2.73  2.66  2.75  2.58  1.83  1.29  0.86  0.69     1.78  0.89  2.23  2.67  1.33
135   80     0.78  1.05  1.51  2.04  2.43  2.36  2.45  2.29  1.64  1.17  0.80  0.64     1.60  0.82  2.00  2.36  1.20
135   90     0.74  0.96  1.38  1.83  2.17  2.09  2.17  2.03  1.47  1.07  0.74  0.60     1.44  0.77  1.79  2.10  1.09
150   10     1.96  2.51  3.16  4.12  4.46  4.24  4.47  4.62  3.27  2.51  1.90  1.70     3.25  2.06  3.92  4.45  2.56
150   20     1.51  2.10  2.84  3.84  4.28  4.10  4.31  4.34  3.02  2.21  1.55  1.28     2.95  1.63  3.65  4.25  2.26
150   30     1.11  1.70  2.49  3.48  4.01  3.89  4.06  3.98  2.71  1.90  1.23  0.93     2.63  1.25  3.33  3.98  1.95
150   40     0.86  1.37  2.13  3.08  3.67  3.60  3.74  3.55  2.38  1.60  1.00  0.72     2.31  0.98  2.96  3.63  1.66
150   50     0.75  1.14  1.82  2.66  3.27  3.25  3.35  3.08  2.07  1.37  0.87  0.65     2.02  0.85  2.58  3.23  1.44
150   60     0.71  1.02  1.58  2.28  2.85  2.87  2.93  2.63  1.80  1.22  0.80  0.63     1.78  0.79  2.24  2.81  1.28
150   70     0.69  0.95  1.42  2.00  2.48  2.50  2.54  2.26  1.61  1.12  0.76  0.61     1.58  0.75  1.97  2.43  1.16
150   80     0.66  0.89  1.30  1.78  2.19  2.19  2.23  1.99  1.45  1.03  0.72  0.58     1.42  0.71  1.76  2.14  1.06
150   90     0.63  0.84  1.20  1.60  1.95  1.94  1.98  1.78  1.32  0.96  0.68  0.56     1.29  0.68  1.58  1.90  0.98
165   10     1.90  2.47  3.13  4.11  4.45  4.24  4.47  4.61  3.25  2.48  1.86  1.65     3.22  2.00  3.90  4.44  2.53
165   20     1.37  2.01  2.77  3.80  4.26  4.10  4.30  4.32  2.97  2.15  1.47  1.16     2.89  1.51  3.61  4.24  2.20
165   30     0.92  1.54  2.37  3.42  3.98  3.89  4.05  3.94  2.64  1.78  1.09  0.76     2.53  1.07  3.26  3.96  1.84
165   40     0.74  1.13  1.95  2.97  3.62  3.60  3.72  3.48  2.26  1.43  0.85  0.66     2.20  0.84  2.85  3.60  1.52
165   50     0.72  0.95  1.57  2.48  3.20  3.25  3.32  2.96  1.88  1.19  0.82  0.65     1.91  0.77  2.42  3.17  1.29
165   60     0.70  0.92  1.35  2.00  2.73  2.85  2.87  2.38  1.58  1.09  0.79  0.63     1.66  0.75  2.03  2.70  1.16
165   70     0.68  0.89  1.24  1.71  2.24  2.41  2.37  1.94  1.42  1.03  0.75  0.61     1.44  0.72  1.73  2.24  1.07
165   80     0.65  0.85  1.16  1.54  1.94  2.03  2.01  1.71  1.31  0.97  0.71  0.58     1.29  0.69  1.55  1.92  1.00
165   90     0.63  0.81  1.09  1.42  1.74  1.80  1.78  1.55  1.21  0.91  0.68  0.56     1.18  0.67  1.42  1.71  0.93
180   10     1.88  2.46  3.12  4.10  4.44  4.24  4.46  4.61  3.25  2.47  1.85  1.63     3.21  1.99  3.89  4.44  2.52
180   20     1.33  1.97  2.75  3.79  4.24  4.10  4.29  4.32  2.96  2.12  1.43  1.13     2.87  1.48  3.60  4.24  2.17
180   30     0.85  1.47  2.33  3.41  3.96  3.89  4.04  3.94  2.61  1.74  1.04  0.71     2.50  1.01  3.23  3.95  1.80
180   40     0.74  1.02  1.87  2.96  3.60  3.60  3.70  3.47  2.23  1.35  0.85  0.66     2.17  0.80  2.81  3.59  1.47
180   50     0.72  0.95  1.39  2.46  3.17  3.25  3.30  2.95  1.81  1.13  0.82  0.65     1.88  0.77  2.34  3.17  1.25
180   60     0.70  0.92  1.25  1.92  2.70  2.85  2.85  2.37  1.42  1.08  0.79  0.63     1.62  0.75  1.96  2.69  1.10
180   70     0.68  0.89  1.19  1.55  2.18  2.41  2.35  1.79  1.33  1.03  0.75  0.61     1.40  0.72  1.64  2.18  1.04
180   80     0.65  0.85  1.13  1.43  1.80  1.97  1.90  1.58  1.25  0.97  0.71  0.58     1.24  0.69  1.45  1.82  0.98
180   90     0.63  0.81  1.06  1.34  1.63  1.74  1.69  1.46  1.16  0.91  0.68  0.56     1.14  0.67  1.34  1.63  0.92
             59.1  48.3  33.6  18.7   6.5   1.6   3.7  13.3  25.3  40.3  53.6  60.3     30.9  56.1  19.5   6.9  39.9
             4.11  3.94  3.91  4.50  4.57  4.30  4.55  4.90  3.72  3.36  3.31  3.75     4.08  3.92  4.27  4.57  3.41
             3.70  3.80  3.90  4.43  4.31  3.97  4.23  4.74  3.70  3.32  3.11  3.33     3.88  3.61  4.21  4.31  3.38
             1.11  1.04  1.00  1.02  1.06  1.08  1.08  1.03  1.01  1.01  1.06  1.13     1.05  1.09  1.03  1.06  1.03
             1.52  1.30  1.14  1.02  0.95  0.92  0.93  0.98  1.07  1.19  1.38  1.53     1.16  1.45  1.04  0.94  1.21
temperature   4.9   5.5   8.6  13.7  17.9  20.8  24.6  26.2  22.9  17.5  12.3   7.4     15.2   5.9  13.4  23.9  17.6
diffusedrad  1.05  1.37  1.79  2.19  2.46  2.59  2.53  2.30  1.95  1.53  1.14  0.95     1.82  1.13  2.15  2.48  1.54
snow10cm     0.00  0.00  0.00  0.00  0.00  0.00  0.00  0.00  0.00  0.00  0.00  0.00     0.00  0.00  0.00  0.00  0.00
