2 46141   辻堂            35 19.2  139   27    5
             2.46  3.09  3.53  4.41  4.67  4.34  4.64  4.98  3.54  2.93  2.38  2.23     3.60  2.60  4.20  4.65  2.95
             3.00  3.79  4.07  5.24  5.53  5.66  6.42  6.19  4.35  3.65  2.95  2.76     4.00  2.93  4.71  5.56  3.32
             2.08  2.18  2.33  3.50  3.94  3.11  3.45  3.87  2.54  2.33  1.80  1.80     3.16  2.26  3.64  3.93  2.56
  0   10     2.96  3.46  3.78  4.54  4.67  4.30  4.62  5.05  3.70  3.20  2.78  2.69     3.81  3.04  4.33  4.65  3.23
  0   20     3.39  3.79  3.95  4.57  4.59  4.19  4.51  5.03  3.79  3.41  3.11  3.10     3.95  3.43  4.37  4.58  3.44
  0   30     3.74  4.03  4.03  4.51  4.42  4.01  4.33  4.91  3.79  3.54  3.37  3.44     4.01  3.74  4.32  4.42  3.57
  0   40     3.99  4.17  4.02  4.36  4.17  3.76  4.06  4.68  3.72  3.59  3.55  3.69     3.98  3.95  4.18  4.17  3.62
  0   50     4.14  4.22  3.92  4.11  3.85  3.45  3.71  4.35  3.56  3.56  3.64  3.85     3.86  4.07  3.96  3.84  3.59
  0   60     4.19  4.15  3.74  3.78  3.45  3.08  3.31  3.93  3.34  3.45  3.64  3.91     3.66  4.08  3.65  3.44  3.48
  0   70     4.12  3.99  3.47  3.38  2.99  2.67  2.86  3.44  3.04  3.26  3.55  3.86     3.39  3.99  3.28  2.99  3.29
  0   80     3.96  3.73  3.13  2.91  2.51  2.24  2.38  2.90  2.70  3.00  3.37  3.72     3.04  3.80  2.85  2.51  3.02
  0   90     3.68  3.38  2.73  2.40  2.00  1.82  1.90  2.32  2.30  2.68  3.12  3.48     2.65  3.51  2.38  2.01  2.70
 15   10     2.94  3.45  3.78  4.53  4.67  4.30  4.62  5.04  3.70  3.19  2.76  2.67     3.80  3.02  4.32  4.65  3.22
 15   20     3.36  3.77  3.94  4.57  4.59  4.19  4.52  5.03  3.78  3.39  3.08  3.06     3.94  3.40  4.37  4.58  3.42
 15   30     3.69  3.99  4.01  4.51  4.43  4.02  4.33  4.90  3.78  3.51  3.33  3.39     3.99  3.69  4.32  4.42  3.54
 15   40     3.94  4.12  4.00  4.35  4.18  3.77  4.06  4.67  3.70  3.55  3.50  3.62     3.96  3.89  4.17  4.17  3.58
 15   50     4.08  4.15  3.90  4.11  3.86  3.46  3.73  4.36  3.55  3.51  3.58  3.77     3.84  4.00  3.95  3.85  3.55
 15   60     4.11  4.08  3.71  3.79  3.47  3.10  3.34  3.96  3.33  3.40  3.57  3.81     3.64  4.00  3.66  3.46  3.43
 15   70     4.04  3.91  3.44  3.39  3.03  2.70  2.90  3.48  3.04  3.20  3.48  3.76     3.37  3.90  3.29  3.03  3.24
 15   80     3.87  3.65  3.11  2.94  2.56  2.28  2.43  2.96  2.70  2.94  3.30  3.61     3.03  3.71  2.87  2.56  2.98
 15   90     3.60  3.30  2.70  2.45  2.08  1.87  1.97  2.41  2.31  2.62  3.04  3.37     2.64  3.42  2.41  2.08  2.65
 30   10     2.90  3.40  3.75  4.51  4.67  4.30  4.62  5.03  3.68  3.16  2.72  2.62     3.78  2.97  4.31  4.65  3.19
 30   20     3.26  3.68  3.89  4.54  4.60  4.20  4.52  5.00  3.74  3.33  3.00  2.96     3.89  3.30  4.34  4.57  3.36
 30   30     3.55  3.87  3.95  4.47  4.44  4.02  4.34  4.88  3.73  3.42  3.21  3.24     3.93  3.55  4.29  4.41  3.46
 30   40     3.75  3.96  3.92  4.32  4.21  3.79  4.09  4.66  3.65  3.45  3.35  3.43     3.88  3.71  4.15  4.18  3.48
 30   50     3.86  3.96  3.81  4.08  3.90  3.49  3.77  4.35  3.50  3.40  3.40  3.54     3.75  3.79  3.93  3.87  3.43
 30   60     3.86  3.87  3.62  3.77  3.54  3.16  3.41  3.98  3.27  3.27  3.37  3.55     3.56  3.76  3.64  3.52  3.31
 30   70     3.77  3.69  3.36  3.40  3.13  2.78  3.00  3.53  3.00  3.07  3.27  3.48     3.29  3.65  3.29  3.11  3.11
 30   80     3.59  3.42  3.03  2.98  2.70  2.39  2.57  3.06  2.67  2.81  3.08  3.31     2.97  3.44  2.90  2.67  2.85
 30   90     3.31  3.08  2.65  2.53  2.26  2.02  2.15  2.56  2.32  2.50  2.82  3.07     2.60  3.15  2.48  2.24  2.54
 45   10     2.81  3.34  3.71  4.48  4.66  4.30  4.61  5.00  3.65  3.11  2.66  2.53     3.74  2.89  4.28  4.64  3.14
 45   20     3.10  3.54  3.81  4.48  4.59  4.20  4.52  4.96  3.69  3.24  2.88  2.80     3.82  3.15  4.30  4.56  3.27
 45   30     3.32  3.67  3.84  4.41  4.45  4.04  4.35  4.84  3.67  3.30  3.04  3.00     3.83  3.33  4.23  4.41  3.34
 45   40     3.47  3.73  3.79  4.25  4.22  3.81  4.11  4.62  3.57  3.29  3.13  3.13     3.76  3.44  4.09  4.18  3.33
 45   50     3.52  3.69  3.67  4.03  3.94  3.54  3.82  4.34  3.42  3.22  3.15  3.19     3.63  3.47  3.88  3.90  3.26
 45   60     3.50  3.58  3.47  3.73  3.60  3.21  3.48  3.98  3.20  3.08  3.10  3.17     3.42  3.41  3.60  3.56  3.13
 45   70     3.38  3.38  3.23  3.39  3.23  2.87  3.10  3.58  2.93  2.88  2.98  3.07     3.17  3.28  3.28  3.18  2.93
 45   80     3.19  3.13  2.92  2.99  2.83  2.52  2.71  3.14  2.63  2.63  2.79  2.89     2.86  3.07  2.91  2.79  2.68
 45   90     2.93  2.80  2.58  2.60  2.43  2.16  2.33  2.68  2.30  2.34  2.54  2.65     2.53  2.79  2.53  2.39  2.39
 60   10     2.71  3.24  3.65  4.45  4.65  4.29  4.61  4.97  3.61  3.05  2.58  2.43     3.69  2.79  4.25  4.63  3.08
 60   20     2.90  3.37  3.71  4.42  4.58  4.20  4.51  4.91  3.62  3.12  2.73  2.60     3.72  2.96  4.24  4.54  3.16
 60   30     3.04  3.44  3.70  4.32  4.43  4.04  4.35  4.77  3.57  3.13  2.82  2.72     3.69  3.07  4.15  4.39  3.17
 60   40     3.11  3.43  3.62  4.16  4.22  3.82  4.13  4.56  3.46  3.10  2.87  2.78     3.61  3.11  4.00  4.17  3.14
 60   50     3.12  3.36  3.48  3.93  3.95  3.56  3.84  4.27  3.29  3.00  2.85  2.78     3.45  3.09  3.79  3.89  3.05
 60   60     3.06  3.23  3.30  3.66  3.65  3.27  3.53  3.95  3.09  2.85  2.77  2.72     3.25  3.01  3.53  3.58  2.90
 60   70     2.93  3.03  3.04  3.32  3.29  2.94  3.18  3.57  2.83  2.66  2.64  2.61     3.00  2.86  3.22  3.23  2.71
 60   80     2.74  2.79  2.77  2.98  2.93  2.60  2.81  3.17  2.55  2.42  2.46  2.43     2.72  2.66  2.89  2.86  2.48
 60   90     2.51  2.50  2.45  2.61  2.56  2.27  2.46  2.77  2.24  2.16  2.23  2.21     2.42  2.41  2.54  2.50  2.21
 75   10     2.58  3.14  3.59  4.40  4.64  4.29  4.60  4.94  3.56  2.98  2.48  2.30     3.63  2.67  4.21  4.61  3.01
 75   20     2.68  3.17  3.58  4.34  4.55  4.19  4.50  4.84  3.54  2.98  2.54  2.38     3.61  2.74  4.16  4.51  3.02
 75   30     2.72  3.15  3.53  4.21  4.40  4.03  4.33  4.67  3.45  2.95  2.58  2.40     3.54  2.76  4.05  4.35  2.99
 75   40     2.73  3.10  3.41  4.04  4.20  3.82  4.12  4.46  3.32  2.87  2.56  2.40     3.42  2.74  3.88  4.13  2.91
 75   50     2.67  2.99  3.26  3.81  3.93  3.56  3.85  4.18  3.15  2.75  2.51  2.35     3.25  2.67  3.67  3.87  2.80
 75   60     2.59  2.85  3.06  3.52  3.64  3.28  3.54  3.85  2.93  2.59  2.40  2.25     3.04  2.56  3.41  3.56  2.64
 75   70     2.46  2.65  2.84  3.23  3.31  2.98  3.21  3.52  2.70  2.40  2.28  2.14     2.81  2.42  3.13  3.23  2.46
 75   80     2.28  2.43  2.58  2.90  2.97  2.65  2.87  3.14  2.43  2.19  2.11  1.98     2.54  2.23  2.81  2.89  2.24
 75   90     2.09  2.19  2.30  2.56  2.62  2.33  2.52  2.76  2.16  1.96  1.91  1.79     2.27  2.02  2.50  2.54  2.01
 90   10     2.45  3.02  3.51  4.36  4.62  4.29  4.59  4.90  3.51  2.90  2.38  2.17     3.56  2.55  4.16  4.59  2.93
 90   20     2.42  2.96  3.44  4.25  4.52  4.18  4.48  4.76  3.44  2.83  2.35  2.14     3.48  2.51  4.07  4.47  2.88
 90   30     2.38  2.87  3.33  4.08  4.36  4.01  4.30  4.57  3.32  2.74  2.30  2.08     3.36  2.44  3.92  4.29  2.79
 90   40     2.31  2.74  3.19  3.87  4.14  3.80  4.08  4.32  3.15  2.62  2.23  2.00     3.20  2.35  3.73  4.07  2.67
 90   50     2.23  2.61  3.00  3.63  3.88  3.54  3.81  4.04  2.97  2.47  2.14  1.91     3.02  2.25  3.50  3.80  2.53
 90   60     2.11  2.43  2.80  3.36  3.58  3.26  3.51  3.72  2.75  2.31  2.03  1.80     2.81  2.11  3.25  3.50  2.37
 90   70     1.99  2.26  2.58  3.06  3.27  2.96  3.19  3.37  2.52  2.12  1.89  1.68     2.57  1.97  2.97  3.17  2.18
 90   80     1.82  2.04  2.34  2.76  2.95  2.66  2.87  3.04  2.28  1.94  1.75  1.54     2.33  1.80  2.68  2.86  1.99
 90   90     1.67  1.85  2.10  2.45  2.61  2.35  2.54  2.69  2.03  1.72  1.58  1.38     2.08  1.64  2.39  2.53  1.78
105   10     2.32  2.91  3.44  4.31  4.61  4.28  4.58  4.86  3.46  2.82  2.27  2.05     3.49  2.42  4.12  4.57  2.85
105   20     2.17  2.74  3.29  4.15  4.48  4.17  4.45  4.68  3.34  2.68  2.15  1.89     3.35  2.27  3.98  4.43  2.72
105   30     2.03  2.56  3.12  3.94  4.29  3.99  4.26  4.44  3.17  2.53  2.03  1.75     3.17  2.11  3.78  4.23  2.57
105   40     1.90  2.38  2.93  3.69  4.05  3.76  4.02  4.16  2.97  2.36  1.90  1.62     2.98  1.97  3.56  3.98  2.41
105   50     1.78  2.20  2.73  3.42  3.77  3.49  3.73  3.85  2.76  2.19  1.78  1.49     2.77  1.82  3.31  3.69  2.24
105   60     1.65  2.03  2.51  3.14  3.47  3.21  3.43  3.52  2.54  2.01  1.66  1.38     2.55  1.69  3.04  3.39  2.07
105   70     1.53  1.86  2.29  2.86  3.15  2.91  3.11  3.19  2.32  1.85  1.53  1.26     2.32  1.55  2.77  3.07  1.90
105   80     1.40  1.69  2.08  2.56  2.85  2.61  2.79  2.85  2.09  1.67  1.41  1.16     2.10  1.42  2.50  2.75  1.72
105   90     1.28  1.52  1.86  2.29  2.54  2.32  2.48  2.54  1.87  1.50  1.28  1.03     1.88  1.28  2.23  2.45  1.55
120   10     2.19  2.80  3.37  4.26  4.59  4.28  4.57  4.82  3.41  2.75  2.17  1.93     3.43  2.31  4.07  4.55  2.77
120   20     1.93  2.53  3.15  4.05  4.44  4.15  4.43  4.59  3.23  2.54  1.95  1.67     3.22  2.04  3.88  4.39  2.58
120   30     1.70  2.27  2.91  3.78  4.22  3.95  4.21  4.31  3.02  2.31  1.75  1.45     2.99  1.80  3.64  4.16  2.36
120   40     1.51  2.03  2.66  3.49  3.94  3.70  3.94  3.97  2.78  2.10  1.58  1.26     2.75  1.60  3.36  3.87  2.15
120   50     1.36  1.82  2.42  3.18  3.63  3.42  3.63  3.62  2.54  1.91  1.44  1.12     2.51  1.43  3.08  3.56  1.96
120   60     1.24  1.64  2.21  2.88  3.31  3.11  3.30  3.27  2.31  1.73  1.31  1.01     2.28  1.30  2.80  3.23  1.78
120   70     1.14  1.48  2.00  2.60  3.00  2.81  2.98  2.94  2.08  1.57  1.20  0.92     2.06  1.18  2.53  2.91  1.62
120   80     1.05  1.35  1.80  2.33  2.68  2.51  2.66  2.62  1.88  1.41  1.11  0.84     1.85  1.08  2.27  2.60  1.47
120   90     0.96  1.22  1.63  2.07  2.40  2.23  2.36  2.32  1.68  1.28  1.01  0.76     1.66  0.98  2.03  2.30  1.33
135   10     2.08  2.71  3.30  4.22  4.57  4.27  4.56  4.78  3.37  2.68  2.08  1.83     3.37  2.20  4.03  4.54  2.71
135   20     1.71  2.34  3.02  3.96  4.40  4.14  4.40  4.52  3.14  2.40  1.77  1.47     3.11  1.84  3.79  4.35  2.44
135   30     1.40  1.99  2.71  3.64  4.15  3.93  4.17  4.18  2.88  2.12  1.50  1.17     2.82  1.52  3.50  4.09  2.16
135   40     1.16  1.69  2.40  3.29  3.83  3.65  3.86  3.79  2.59  1.86  1.28  0.95     2.53  1.26  3.17  3.77  1.91
135   50     1.00  1.46  2.13  2.93  3.47  3.33  3.50  3.38  2.31  1.64  1.13  0.82     2.26  1.09  2.84  3.40  1.69
135   60     0.90  1.29  1.89  2.60  3.11  3.00  3.14  2.98  2.07  1.46  1.02  0.74     2.02  0.98  2.53  3.04  1.51
135   70     0.84  1.16  1.70  2.31  2.78  2.67  2.79  2.63  1.85  1.31  0.93  0.69     1.81  0.90  2.26  2.70  1.37
135   80     0.78  1.07  1.53  2.05  2.48  2.37  2.48  2.33  1.66  1.19  0.87  0.64     1.62  0.83  2.02  2.39  1.24
135   90     0.75  0.98  1.40  1.84  2.20  2.10  2.20  2.07  1.49  1.09  0.81  0.60     1.46  0.78  1.81  2.12  1.13
150   10     1.99  2.63  3.25  4.19  4.56  4.26  4.56  4.76  3.34  2.63  2.00  1.74     3.33  2.12  4.00  4.53  2.66
150   20     1.53  2.19  2.91  3.90  4.37  4.13  4.39  4.47  3.07  2.30  1.63  1.30     3.02  1.67  3.73  4.33  2.33
150   30     1.13  1.75  2.54  3.53  4.09  3.91  4.13  4.09  2.76  1.95  1.27  0.93     2.67  1.27  3.39  4.04  1.99
150   40     0.86  1.39  2.16  3.11  3.74  3.62  3.80  3.63  2.42  1.63  1.02  0.71     2.34  0.99  3.00  3.68  1.69
150   50     0.75  1.15  1.84  2.69  3.33  3.27  3.40  3.14  2.09  1.38  0.88  0.64     2.05  0.85  2.62  3.27  1.45
150   60     0.71  1.02  1.60  2.30  2.90  2.88  2.97  2.67  1.82  1.23  0.82  0.62     1.79  0.79  2.27  2.84  1.29
150   70     0.69  0.95  1.43  2.01  2.52  2.51  2.57  2.29  1.62  1.12  0.78  0.60     1.59  0.75  1.99  2.46  1.17
150   80     0.66  0.89  1.31  1.78  2.22  2.20  2.26  2.02  1.46  1.03  0.73  0.58     1.43  0.71  1.77  2.16  1.08
150   90     0.64  0.85  1.21  1.61  1.98  1.94  2.00  1.80  1.33  0.96  0.70  0.56     1.30  0.68  1.60  1.91  1.00
165   10     1.93  2.59  3.22  4.17  4.55  4.26  4.55  4.75  3.31  2.60  1.96  1.69     3.30  2.07  3.98  4.52  2.62
165   20     1.39  2.08  2.84  3.86  4.35  4.12  4.38  4.45  3.02  2.22  1.52  1.18     2.95  1.55  3.68  4.32  2.25
165   30     0.93  1.57  2.42  3.46  4.07  3.90  4.12  4.05  2.68  1.83  1.11  0.76     2.57  1.08  3.31  4.02  1.87
165   40     0.74  1.13  1.97  3.00  3.70  3.61  3.78  3.56  2.29  1.44  0.84  0.65     2.23  0.84  2.89  3.65  1.52
165   50     0.72  0.94  1.57  2.50  3.27  3.25  3.37  3.01  1.90  1.17  0.81  0.64     1.93  0.77  2.45  3.21  1.29
165   60     0.70  0.91  1.35  2.01  2.78  2.85  2.91  2.41  1.59  1.08  0.78  0.62     1.67  0.74  2.04  2.72  1.15
165   70     0.68  0.88  1.24  1.71  2.26  2.40  2.40  1.95  1.42  1.02  0.75  0.60     1.44  0.72  1.74  2.25  1.06
165   80     0.66  0.85  1.16  1.54  1.96  2.02  2.02  1.71  1.31  0.96  0.71  0.58     1.29  0.70  1.55  1.92  1.00
165   90     0.64  0.82  1.09  1.42  1.76  1.78  1.80  1.55  1.21  0.91  0.68  0.56     1.19  0.67  1.42  1.71  0.93
180   10     1.90  2.57  3.21  4.17  4.54  4.26  4.55  4.75  3.31  2.58  1.94  1.67     3.29  2.05  3.97  4.52  2.61
180   20     1.35  2.04  2.81  3.85  4.34  4.12  4.37  4.45  3.01  2.19  1.48  1.14     2.93  1.51  3.67  4.31  2.23
180   30     0.86  1.50  2.37  3.45  4.05  3.89  4.11  4.04  2.66  1.77  1.04  0.70     2.54  1.02  3.29  4.02  1.82
180   40     0.74  1.01  1.89  2.99  3.67  3.60  3.77  3.56  2.26  1.34  0.83  0.65     2.19  0.80  2.85  3.64  1.48
180   50     0.72  0.94  1.39  2.48  3.24  3.24  3.36  3.01  1.82  1.11  0.81  0.64     1.90  0.77  2.37  3.20  1.25
180   60     0.70  0.91  1.24  1.93  2.74  2.83  2.89  2.41  1.42  1.06  0.78  0.62     1.63  0.74  1.97  2.71  1.09
180   70     0.68  0.88  1.18  1.54  2.21  2.38  2.38  1.80  1.33  1.01  0.75  0.60     1.40  0.72  1.65  2.19  1.03
180   80     0.66  0.85  1.12  1.43  1.82  1.94  1.92  1.58  1.25  0.96  0.71  0.58     1.24  0.70  1.46  1.81  0.97
180   90     0.64  0.82  1.06  1.34  1.64  1.71  1.71  1.46  1.17  0.91  0.68  0.56     1.14  0.67  1.35  1.63  0.92
             59.1  48.9  34.0  18.8   6.4   2.2   3.6  13.4  25.5  41.3  55.1  60.6     31.6  56.3  19.7   6.9  41.2
             4.19  4.22  4.04  4.57  4.68  4.32  4.64  5.05  3.80  3.59  3.65  3.91     4.22  4.09  4.37  4.66  3.62
             3.79  4.06  4.04  4.49  4.39  3.98  4.29  4.88  3.79  3.55  3.40  3.49     4.01  3.78  4.31  4.38  3.58
             1.11  1.04  1.00  1.02  1.07  1.09  1.08  1.03  1.00  1.01  1.07  1.12     1.05  1.09  1.03  1.07  1.03
             1.54  1.31  1.14  1.02  0.94  0.92  0.92  0.98  1.07  1.21  1.43  1.56     1.17  1.47  1.03  0.94  1.24
temperature   5.7   6.1   9.0  14.0  17.9  20.8  24.2  26.1  23.1  17.8  12.8   8.2     15.5   6.7  13.6  23.7  17.9
diffusedrad  1.06  1.38  1.79  2.18  2.47  2.59  2.53  2.30  1.96  1.52  1.14  0.94     1.82  1.13  2.15  2.47  1.54
snow10cm     0.01  0.01  0.00  0.00  0.00  0.00  0.00  0.00  0.00  0.00  0.00  0.00     0.00  0.01  0.00  0.00  0.00
