2 48196   信州新町        36 32.9  137 59.8  509
             1.94  3.35  3.44  4.42  4.75  4.39  4.38  4.56  3.30  2.62  2.08  1.66     3.41  2.32  4.20  4.44  2.67
             2.34  4.23  4.08  5.29  5.40  4.98  5.79  5.67  3.78  3.27  2.65  2.04     3.71  2.72  4.63  5.09  2.95
             1.47  1.95  2.72  3.63  4.19  3.69  3.54  3.44  2.74  2.09  1.47  1.27     3.06  1.66  3.78  3.84  2.31
  0   10     2.21  3.67  3.67  4.56  4.76  4.36  4.37  4.64  3.43  2.85  2.38  1.91     3.57  2.60  4.33  4.46  2.88
  0   20     2.43  3.97  3.83  4.61  4.70  4.26  4.28  4.63  3.50  3.02  2.63  2.14     3.67  2.85  4.38  4.39  3.05
  0   30     2.62  4.20  3.92  4.55  4.54  4.09  4.12  4.52  3.50  3.13  2.83  2.32     3.69  3.04  4.34  4.24  3.15
  0   40     2.75  4.35  3.92  4.41  4.29  3.84  3.88  4.33  3.43  3.17  2.96  2.46     3.65  3.19  4.21  4.01  3.19
  0   50     2.83  4.42  3.85  4.17  3.96  3.53  3.57  4.04  3.29  3.14  3.02  2.54     3.53  3.26  3.99  3.71  3.15
  0   60     2.85  4.41  3.71  3.84  3.56  3.16  3.21  3.67  3.09  3.04  3.01  2.56     3.34  3.27  3.70  3.35  3.05
  0   70     2.82  4.32  3.49  3.44  3.10  2.75  2.80  3.25  2.83  2.88  2.93  2.52     3.09  3.22  3.34  2.93  2.88
  0   80     2.74  4.15  3.20  2.98  2.60  2.32  2.36  2.77  2.52  2.65  2.78  2.42     2.79  3.10  2.93  2.48  2.65
  0   90     2.60  3.90  2.86  2.48  2.09  1.88  1.92  2.26  2.17  2.38  2.56  2.27     2.45  2.92  2.48  2.02  2.37
 15   10     2.20  3.66  3.66  4.55  4.77  4.36  4.36  4.64  3.42  2.84  2.37  1.90     3.56  2.58  4.33  4.45  2.88
 15   20     2.41  3.94  3.81  4.59  4.70  4.26  4.28  4.63  3.49  3.00  2.61  2.12     3.65  2.82  4.37  4.39  3.03
 15   30     2.59  4.16  3.89  4.54  4.54  4.09  4.12  4.52  3.49  3.10  2.79  2.29     3.68  3.01  4.33  4.24  3.13
 15   40     2.71  4.30  3.89  4.39  4.29  3.84  3.88  4.32  3.42  3.14  2.91  2.42     3.63  3.14  4.19  4.01  3.15
 15   50     2.79  4.36  3.82  4.16  3.97  3.54  3.58  4.05  3.28  3.10  2.97  2.49     3.51  3.21  3.98  3.72  3.11
 15   60     2.81  4.34  3.67  3.85  3.58  3.18  3.22  3.69  3.08  3.00  2.95  2.50     3.32  3.22  3.70  3.37  3.01
 15   70     2.77  4.25  3.45  3.46  3.14  2.78  2.83  3.27  2.82  2.83  2.86  2.46     3.08  3.16  3.35  2.96  2.84
 15   80     2.68  4.07  3.17  3.01  2.66  2.36  2.40  2.81  2.51  2.60  2.71  2.36     2.78  3.04  2.94  2.52  2.61
 15   90     2.54  3.83  2.83  2.52  2.17  1.94  1.97  2.32  2.17  2.32  2.50  2.21     2.44  2.86  2.50  2.08  2.33
 30   10     2.17  3.62  3.64  4.53  4.76  4.36  4.36  4.63  3.41  2.81  2.34  1.87     3.54  2.55  4.31  4.45  2.85
 30   20     2.36  3.87  3.77  4.56  4.70  4.27  4.28  4.62  3.46  2.95  2.54  2.06     3.62  2.76  4.34  4.39  2.98
 30   30     2.51  4.05  3.83  4.50  4.54  4.09  4.12  4.51  3.45  3.03  2.70  2.21     3.63  2.92  4.29  4.24  3.06
 30   40     2.61  4.16  3.82  4.36  4.32  3.87  3.90  4.33  3.37  3.05  2.79  2.31     3.57  3.02  4.16  4.03  3.07
 30   50     2.67  4.19  3.73  4.12  4.00  3.57  3.61  4.06  3.22  3.00  2.82  2.36     3.45  3.07  3.95  3.74  3.02
 30   60     2.67  4.16  3.58  3.82  3.64  3.23  3.27  3.73  3.02  2.88  2.79  2.35     3.26  3.06  3.68  3.41  2.90
 30   70     2.63  4.05  3.36  3.45  3.22  2.85  2.90  3.33  2.77  2.71  2.69  2.30     3.02  2.99  3.35  3.03  2.72
 30   80     2.53  3.87  3.08  3.04  2.79  2.46  2.50  2.91  2.48  2.48  2.53  2.19     2.74  2.86  2.97  2.62  2.50
 30   90     2.38  3.62  2.76  2.59  2.34  2.07  2.11  2.46  2.15  2.21  2.32  2.04     2.42  2.68  2.56  2.21  2.23
 45   10     2.13  3.56  3.60  4.50  4.75  4.36  4.36  4.62  3.38  2.77  2.28  1.82     3.51  2.50  4.28  4.44  2.81
 45   20     2.27  3.75  3.70  4.51  4.69  4.26  4.27  4.59  3.41  2.88  2.45  1.97     3.56  2.66  4.30  4.38  2.91
 45   30     2.39  3.88  3.72  4.44  4.54  4.10  4.12  4.49  3.38  2.92  2.56  2.07     3.55  2.78  4.24  4.24  2.96
 45   40     2.46  3.95  3.69  4.28  4.32  3.88  3.90  4.30  3.29  2.91  2.62  2.14     3.48  2.85  4.10  4.03  2.94
 45   50     2.48  3.95  3.60  4.06  4.04  3.60  3.63  4.06  3.14  2.84  2.63  2.16     3.35  2.87  3.90  3.77  2.87
 45   60     2.47  3.89  3.43  3.76  3.69  3.28  3.32  3.74  2.94  2.72  2.57  2.13     3.16  2.83  3.63  3.45  2.74
 45   70     2.40  3.77  3.23  3.43  3.32  2.93  2.97  3.38  2.70  2.54  2.46  2.06     2.93  2.75  3.32  3.09  2.57
 45   80     2.30  3.60  2.96  3.04  2.91  2.57  2.61  2.99  2.42  2.33  2.30  1.95     2.66  2.62  2.97  2.72  2.35
 45   90     2.17  3.36  2.67  2.64  2.50  2.21  2.24  2.58  2.12  2.07  2.09  1.79     2.37  2.44  2.60  2.34  2.09
 60   10     2.07  3.48  3.54  4.46  4.74  4.35  4.35  4.59  3.35  2.72  2.22  1.76     3.47  2.44  4.25  4.43  2.76
 60   20     2.17  3.60  3.60  4.44  4.67  4.26  4.26  4.55  3.35  2.78  2.33  1.85     3.49  2.54  4.23  4.36  2.82
 60   30     2.23  3.67  3.59  4.34  4.52  4.10  4.11  4.43  3.29  2.78  2.39  1.91     3.45  2.61  4.15  4.21  2.82
 60   40     2.26  3.68  3.53  4.19  4.31  3.88  3.90  4.26  3.19  2.75  2.41  1.94     3.36  2.63  4.01  4.01  2.78
 60   50     2.26  3.66  3.42  3.95  4.04  3.62  3.64  4.01  3.02  2.65  2.38  1.92     3.21  2.61  3.80  3.75  2.69
 60   60     2.22  3.58  3.26  3.68  3.73  3.32  3.34  3.72  2.83  2.52  2.31  1.88     3.03  2.56  3.56  3.46  2.55
 60   70     2.15  3.44  3.05  3.35  3.37  2.99  3.02  3.39  2.59  2.35  2.19  1.79     2.81  2.46  3.26  3.13  2.38
 60   80     2.05  3.29  2.81  3.00  3.00  2.65  2.67  3.02  2.34  2.14  2.03  1.68     2.56  2.34  2.94  2.78  2.17
 60   90     1.92  3.08  2.55  2.64  2.62  2.31  2.33  2.66  2.06  1.91  1.84  1.54     2.29  2.18  2.60  2.44  1.94
 75   10     2.00  3.39  3.48  4.41  4.73  4.35  4.34  4.56  3.31  2.66  2.15  1.69     3.42  2.36  4.21  4.42  2.70
 75   20     2.04  3.43  3.48  4.35  4.63  4.25  4.24  4.50  3.27  2.66  2.19  1.73     3.40  2.40  4.16  4.33  2.71
 75   30     2.06  3.42  3.43  4.23  4.48  4.09  4.09  4.36  3.19  2.63  2.20  1.73     3.33  2.40  4.05  4.18  2.67
 75   40     2.05  3.40  3.34  4.05  4.27  3.87  3.88  4.18  3.06  2.54  2.17  1.72     3.21  2.39  3.89  3.98  2.59
 75   50     2.01  3.32  3.21  3.82  4.01  3.62  3.63  3.94  2.90  2.44  2.11  1.67     3.06  2.34  3.68  3.73  2.48
 75   60     1.96  3.23  3.04  3.54  3.70  3.32  3.33  3.65  2.69  2.29  2.01  1.61     2.87  2.27  3.43  3.44  2.33
 75   70     1.88  3.10  2.84  3.24  3.38  3.02  3.03  3.34  2.47  2.13  1.90  1.52     2.65  2.17  3.15  3.13  2.17
 75   80     1.79  2.96  2.63  2.91  3.02  2.69  2.71  3.01  2.23  1.93  1.75  1.41     2.42  2.05  2.86  2.81  1.97
 75   90     1.68  2.79  2.39  2.57  2.67  2.37  2.38  2.66  1.98  1.73  1.58  1.29     2.17  1.92  2.54  2.47  1.76
 90   10     1.93  3.29  3.42  4.36  4.71  4.34  4.33  4.53  3.26  2.59  2.06  1.62     3.37  2.28  4.16  4.40  2.64
 90   20     1.91  3.24  3.35  4.26  4.60  4.23  4.22  4.43  3.19  2.53  2.04  1.59     3.30  2.25  4.07  4.29  2.59
 90   30     1.87  3.17  3.25  4.09  4.42  4.06  4.05  4.27  3.07  2.45  1.99  1.54     3.19  2.20  3.92  4.13  2.50
 90   40     1.83  3.08  3.13  3.88  4.20  3.85  3.84  4.06  2.92  2.34  1.92  1.49     3.04  2.13  3.73  3.91  2.39
 90   50     1.77  2.99  2.97  3.64  3.94  3.59  3.58  3.82  2.73  2.20  1.83  1.42     2.87  2.06  3.52  3.66  2.25
 90   60     1.70  2.87  2.80  3.37  3.64  3.30  3.30  3.54  2.54  2.06  1.73  1.34     2.68  1.97  3.27  3.38  2.11
 90   70     1.63  2.76  2.61  3.06  3.31  3.00  2.99  3.23  2.31  1.89  1.61  1.26     2.47  1.88  3.00  3.07  1.94
 90   80     1.54  2.62  2.40  2.77  2.99  2.69  2.69  2.92  2.09  1.72  1.48  1.16     2.26  1.77  2.72  2.77  1.76
 90   90     1.46  2.50  2.21  2.46  2.65  2.38  2.38  2.61  1.86  1.53  1.33  1.06     2.04  1.67  2.44  2.46  1.57
105   10     1.86  3.19  3.35  4.31  4.68  4.33  4.32  4.49  3.22  2.52  1.98  1.55     3.32  2.20  4.12  4.38  2.57
105   20     1.78  3.05  3.22  4.15  4.55  4.21  4.19  4.36  3.10  2.40  1.88  1.45     3.20  2.09  3.97  4.25  2.46
105   30     1.69  2.91  3.06  3.94  4.35  4.03  4.01  4.16  2.94  2.26  1.77  1.36     3.04  1.99  3.79  4.07  2.33
105   40     1.61  2.78  2.89  3.69  4.11  3.80  3.77  3.92  2.76  2.12  1.66  1.27     2.86  1.88  3.56  3.83  2.18
105   50     1.53  2.65  2.72  3.41  3.82  3.53  3.51  3.65  2.56  1.97  1.55  1.19     2.67  1.79  3.32  3.56  2.02
105   60     1.46  2.53  2.54  3.14  3.52  3.24  3.22  3.37  2.35  1.81  1.44  1.10     2.48  1.70  3.06  3.27  1.87
105   70     1.40  2.42  2.35  2.85  3.20  2.93  2.92  3.07  2.14  1.65  1.32  1.02     2.27  1.62  2.80  2.97  1.71
105   80     1.32  2.31  2.18  2.56  2.88  2.63  2.61  2.77  1.93  1.50  1.22  0.94     2.07  1.53  2.54  2.67  1.55
105   90     1.27  2.23  2.00  2.28  2.57  2.34  2.33  2.48  1.72  1.34  1.10  0.86     1.88  1.45  2.28  2.38  1.39
120   10     1.80  3.10  3.28  4.26  4.67  4.33  4.31  4.46  3.17  2.46  1.90  1.48     3.27  2.13  4.07  4.36  2.51
120   20     1.65  2.87  3.09  4.05  4.51  4.19  4.17  4.28  3.01  2.28  1.73  1.33     3.10  1.95  3.88  4.21  2.34
120   30     1.52  2.65  2.87  3.78  4.27  3.99  3.96  4.04  2.81  2.09  1.56  1.19     2.90  1.79  3.64  4.00  2.15
120   40     1.41  2.47  2.65  3.48  3.99  3.73  3.70  3.75  2.60  1.90  1.42  1.07     2.68  1.65  3.37  3.73  1.97
120   50     1.32  2.32  2.44  3.17  3.67  3.44  3.41  3.45  2.38  1.73  1.29  0.98     2.47  1.54  3.10  3.44  1.80
120   60     1.25  2.21  2.26  2.87  3.35  3.14  3.10  3.15  2.16  1.57  1.19  0.90     2.26  1.46  2.83  3.13  1.64
120   70     1.21  2.11  2.09  2.59  3.02  2.83  2.80  2.85  1.95  1.43  1.08  0.84     2.07  1.39  2.57  2.83  1.49
120   80     1.16  2.05  1.93  2.32  2.71  2.52  2.50  2.57  1.75  1.28  1.00  0.78     1.88  1.33  2.32  2.53  1.35
120   90     1.12  1.99  1.79  2.07  2.41  2.24  2.21  2.29  1.57  1.16  0.90  0.72     1.71  1.28  2.09  2.25  1.21
135   10     1.74  3.02  3.23  4.22  4.65  4.32  4.30  4.42  3.14  2.41  1.84  1.42     3.23  2.06  4.03  4.35  2.46
135   20     1.53  2.72  2.97  3.95  4.46  4.18  4.14  4.21  2.94  2.17  1.59  1.21     3.01  1.82  3.79  4.18  2.23
135   30     1.36  2.43  2.69  3.63  4.19  3.96  3.92  3.93  2.69  1.93  1.37  1.03     2.76  1.61  3.51  3.93  2.00
135   40     1.23  2.20  2.42  3.27  3.86  3.68  3.63  3.59  2.44  1.70  1.20  0.91     2.51  1.44  3.19  3.63  1.78
135   50     1.15  2.03  2.19  2.91  3.49  3.35  3.30  3.23  2.19  1.51  1.07  0.82     2.27  1.34  2.87  3.29  1.59
135   60     1.11  1.93  2.00  2.59  3.13  3.01  2.96  2.89  1.96  1.35  0.98  0.77     2.06  1.27  2.57  2.95  1.43
135   70     1.08  1.87  1.84  2.30  2.80  2.68  2.64  2.58  1.76  1.22  0.90  0.72     1.87  1.22  2.31  2.63  1.29
135   80     1.05  1.84  1.70  2.05  2.49  2.38  2.35  2.31  1.58  1.11  0.83  0.68     1.70  1.19  2.08  2.35  1.17
135   90     1.03  1.82  1.60  1.83  2.22  2.11  2.08  2.07  1.42  1.01  0.76  0.65     1.55  1.17  1.89  2.09  1.06
150   10     1.69  2.96  3.18  4.19  4.63  4.32  4.29  4.40  3.11  2.36  1.78  1.38     3.19  2.01  4.00  4.34  2.42
150   20     1.44  2.59  2.88  3.89  4.43  4.17  4.13  4.16  2.87  2.08  1.48  1.12     2.94  1.72  3.73  4.15  2.14
150   30     1.23  2.23  2.54  3.51  4.14  3.94  3.89  3.83  2.59  1.78  1.21  0.91     2.65  1.45  3.40  3.89  1.86
150   40     1.09  1.95  2.21  3.09  3.77  3.64  3.58  3.44  2.29  1.51  1.01  0.78     2.36  1.28  3.02  3.55  1.60
150   50     1.05  1.79  1.94  2.66  3.34  3.28  3.20  3.02  2.00  1.30  0.90  0.74     2.10  1.19  2.65  3.17  1.40
150   60     1.03  1.73  1.74  2.29  2.90  2.88  2.81  2.62  1.76  1.17  0.84  0.71     1.88  1.16  2.31  2.77  1.26
150   70     1.02  1.72  1.62  2.00  2.53  2.51  2.45  2.29  1.58  1.07  0.79  0.69     1.69  1.14  2.05  2.42  1.15
150   80     1.01  1.72  1.52  1.78  2.23  2.21  2.15  2.04  1.43  0.99  0.74  0.66     1.54  1.13  1.84  2.13  1.05
150   90     1.00  1.73  1.45  1.61  1.99  1.95  1.91  1.83  1.29  0.92  0.70  0.63     1.42  1.12  1.68  1.90  0.97
165   10     1.66  2.93  3.15  4.17  4.62  4.31  4.29  4.39  3.09  2.34  1.75  1.35     3.17  1.98  3.98  4.33  2.39
165   20     1.38  2.51  2.82  3.85  4.41  4.16  4.12  4.13  2.84  2.02  1.40  1.05     2.89  1.65  3.69  4.13  2.09
165   30     1.13  2.09  2.44  3.45  4.11  3.93  3.88  3.78  2.53  1.68  1.08  0.81     2.58  1.34  3.33  3.86  1.76
165   40     1.05  1.75  2.05  2.98  3.73  3.63  3.56  3.37  2.19  1.36  0.89  0.76     2.27  1.19  2.92  3.52  1.48
165   50     1.04  1.65  1.71  2.47  3.27  3.26  3.18  2.89  1.84  1.14  0.86  0.74     2.01  1.14  2.49  3.11  1.28
165   60     1.03  1.67  1.54  2.00  2.77  2.85  2.75  2.37  1.58  1.06  0.82  0.71     1.76  1.14  2.10  2.65  1.15
165   70     1.02  1.68  1.46  1.72  2.26  2.39  2.29  1.99  1.43  1.00  0.78  0.69     1.56  1.13  1.81  2.22  1.07
165   80     1.01  1.70  1.41  1.55  1.97  2.03  1.97  1.77  1.32  0.94  0.73  0.66     1.42  1.12  1.65  1.92  1.00
165   90     1.00  1.71  1.36  1.43  1.77  1.80  1.75  1.62  1.21  0.88  0.69  0.63     1.32  1.11  1.52  1.72  0.93
180   10     1.65  2.91  3.14  4.17  4.62  4.31  4.28  4.38  3.08  2.33  1.73  1.33     3.16  1.97  3.98  4.33  2.38
180   20     1.35  2.47  2.79  3.84  4.40  4.16  4.12  4.11  2.82  2.00  1.37  1.03     2.87  1.62  3.68  4.13  2.06
180   30     1.09  2.03  2.40  3.44  4.09  3.92  3.87  3.77  2.51  1.64  1.03  0.78     2.55  1.30  3.31  3.85  1.73
180   40     1.05  1.65  1.97  2.97  3.70  3.62  3.55  3.34  2.16  1.27  0.89  0.76     2.25  1.15  2.88  3.50  1.44
180   50     1.04  1.65  1.54  2.45  3.25  3.25  3.17  2.86  1.77  1.11  0.86  0.74     1.98  1.14  2.41  3.10  1.25
180   60     1.03  1.67  1.47  1.90  2.74  2.84  2.74  2.34  1.45  1.05  0.82  0.71     1.73  1.14  2.04  2.64  1.11
180   70     1.02  1.68  1.43  1.56  2.20  2.38  2.28  1.83  1.36  1.00  0.78  0.69     1.52  1.13  1.73  2.16  1.05
180   80     1.01  1.70  1.39  1.45  1.84  1.95  1.88  1.65  1.27  0.94  0.73  0.66     1.37  1.12  1.56  1.83  0.98
180   90     1.00  1.71  1.34  1.36  1.67  1.73  1.68  1.52  1.18  0.88  0.69  0.63     1.28  1.11  1.46  1.64  0.92
             59.4  53.8  35.9  19.8   7.5   3.1   4.7  13.9  25.2  40.8  53.5  58.5     28.9  56.8  20.2   7.3  39.9
             2.85  4.43  3.93  4.60  4.77  4.38  4.38  4.64  3.51  3.17  3.02  2.56     3.85  3.28  4.38  4.46  3.19
             2.60  4.18  3.91  4.57  4.56  4.11  4.14  4.54  3.50  3.12  2.81  2.30     3.69  3.03  4.35  4.26  3.14
             1.10  1.06  1.01  1.01  1.05  1.07  1.06  1.02  1.00  1.02  1.07  1.11     1.05  1.09  1.02  1.05  1.03
             1.34  1.25  1.14  1.03  0.96  0.94  0.95  1.00  1.06  1.19  1.35  1.39     1.13  1.32  1.04  0.96  1.20
temperature  -1.4  -0.8   2.9   9.6  14.9  19.0  22.6  23.9  19.4  12.7   6.5   1.2     10.9  -0.3   9.1  21.8  12.9
diffusedrad  1.24  2.06  1.94  2.24  2.52  2.64  2.59  2.37  2.00  1.47  1.15  0.96     1.93  1.42  2.23  2.53  1.54
snow10cm     0.56  0.68  0.24  0.00  0.00  0.00  0.00  0.00  0.00  0.00  0.00  0.15     0.14  0.46  0.08  0.00  0.00
