1 48156   長野            36 39.7  138 11.5  418
             2.09  3.10  3.63  4.67  5.05  4.71  4.63  4.81  3.58  2.87  2.31  1.86     3.61  2.35  4.45  4.72  2.92
             2.39  3.53  4.18  5.19  5.73  5.41  5.91  5.75  3.99  3.50  2.68  2.23     3.89  2.54  4.72  5.44  3.11
             1.72  2.22  3.01  3.80  4.39  4.09  3.63  3.66  2.93  2.21  1.88  1.45     3.37  2.09  4.00  4.06  2.61
  0   10     2.42  3.42  3.90  4.82  5.07  4.67  4.62  4.90  3.73  3.14  2.69  2.19     3.80  2.67  4.60  4.73  3.19
  0   20     2.70  3.71  4.09  4.88  5.00  4.57  4.53  4.89  3.82  3.36  3.00  2.49     3.92  2.97  4.66  4.66  3.39
  0   30     2.93  3.93  4.19  4.83  4.83  4.37  4.35  4.78  3.83  3.50  3.25  2.73     3.96  3.20  4.62  4.50  3.53
  0   40     3.10  4.06  4.19  4.68  4.56  4.10  4.10  4.57  3.77  3.56  3.42  2.91     3.92  3.36  4.48  4.26  3.58
  0   50     3.20  4.11  4.11  4.42  4.20  3.75  3.76  4.27  3.62  3.53  3.50  3.02     3.79  3.44  4.24  3.93  3.55
  0   60     3.23  4.07  3.93  4.08  3.77  3.35  3.37  3.88  3.40  3.43  3.51  3.06     3.59  3.45  3.93  3.53  3.45
  0   70     3.19  3.94  3.67  3.65  3.27  2.90  2.94  3.42  3.11  3.25  3.42  3.02     3.32  3.38  3.53  3.09  3.26
  0   80     3.08  3.73  3.33  3.15  2.74  2.42  2.46  2.91  2.77  3.00  3.26  2.91     2.98  3.24  3.07  2.60  3.01
  0   90     2.90  3.45  2.93  2.61  2.18  1.95  1.99  2.36  2.38  2.69  3.02  2.73     2.60  3.03  2.57  2.10  2.69
 15   10     2.40  3.41  3.90  4.81  5.07  4.67  4.62  4.90  3.72  3.13  2.67  2.17     3.79  2.66  4.59  4.73  3.17
 15   20     2.68  3.69  4.07  4.87  5.00  4.57  4.53  4.89  3.81  3.33  2.97  2.46     3.91  2.94  4.65  4.66  3.37
 15   30     2.90  3.89  4.16  4.82  4.83  4.38  4.35  4.78  3.82  3.46  3.21  2.69     3.94  3.16  4.60  4.50  3.50
 15   40     3.06  4.01  4.16  4.66  4.56  4.10  4.10  4.57  3.75  3.51  3.37  2.86     3.89  3.31  4.46  4.26  3.54
 15   50     3.15  4.05  4.07  4.42  4.22  3.77  3.78  4.28  3.60  3.48  3.44  2.96     3.77  3.38  4.24  3.94  3.51
 15   60     3.17  4.00  3.89  4.08  3.80  3.37  3.39  3.90  3.38  3.38  3.44  2.99     3.57  3.39  3.92  3.56  3.40
 15   70     3.13  3.87  3.63  3.66  3.31  2.94  2.97  3.45  3.10  3.19  3.35  2.94     3.30  3.31  3.54  3.12  3.21
 15   80     3.02  3.66  3.30  3.18  2.80  2.47  2.51  2.96  2.76  2.94  3.18  2.83     2.97  3.17  3.09  2.65  2.96
 15   90     2.84  3.37  2.90  2.66  2.27  2.01  2.05  2.43  2.38  2.63  2.93  2.65     2.59  2.95  2.61  2.16  2.65
 30   10     2.37  3.37  3.87  4.79  5.07  4.67  4.62  4.89  3.71  3.10  2.63  2.13     3.77  2.63  4.58  4.73  3.15
 30   20     2.61  3.61  4.02  4.83  5.00  4.57  4.53  4.88  3.78  3.27  2.89  2.38     3.87  2.87  4.62  4.66  3.31
 30   30     2.80  3.78  4.09  4.78  4.84  4.38  4.36  4.78  3.77  3.38  3.09  2.58     3.88  3.05  4.57  4.51  3.41
 30   40     2.93  3.87  4.08  4.63  4.60  4.13  4.12  4.58  3.70  3.41  3.22  2.71     3.83  3.17  4.43  4.28  3.44
 30   50     3.00  3.88  3.97  4.38  4.26  3.81  3.81  4.29  3.54  3.36  3.27  2.79     3.70  3.22  4.20  3.97  3.39
 30   60     3.00  3.81  3.79  4.06  3.87  3.44  3.45  3.95  3.33  3.24  3.24  2.79     3.50  3.20  3.91  3.61  3.27
 30   70     2.94  3.67  3.53  3.67  3.42  3.03  3.05  3.53  3.05  3.05  3.14  2.74     3.23  3.12  3.54  3.20  3.08
 30   80     2.82  3.45  3.21  3.22  2.95  2.60  2.62  3.08  2.73  2.80  2.96  2.61     2.92  2.96  3.13  2.77  2.83
 30   90     2.64  3.17  2.83  2.74  2.47  2.18  2.21  2.60  2.37  2.50  2.71  2.43     2.57  2.75  2.68  2.33  2.53
 45   10     2.32  3.31  3.82  4.76  5.06  4.67  4.61  4.88  3.67  3.05  2.57  2.08     3.73  2.57  4.55  4.72  3.10
 45   20     2.50  3.49  3.94  4.77  5.00  4.57  4.52  4.85  3.72  3.18  2.78  2.27     3.80  2.75  4.57  4.65  3.23
 45   30     2.65  3.61  3.97  4.71  4.84  4.40  4.36  4.75  3.70  3.25  2.93  2.41     3.80  2.89  4.51  4.50  3.29
 45   40     2.74  3.66  3.94  4.54  4.60  4.15  4.13  4.56  3.60  3.25  3.01  2.50     3.72  2.97  4.36  4.28  3.29
 45   50     2.77  3.64  3.82  4.31  4.30  3.86  3.84  4.30  3.45  3.18  3.03  2.54     3.59  2.98  4.15  4.00  3.22
 45   60     2.75  3.54  3.63  4.00  3.93  3.51  3.51  3.96  3.24  3.05  2.98  2.52     3.38  2.94  3.85  3.66  3.09
 45   70     2.67  3.39  3.38  3.64  3.53  3.13  3.13  3.59  2.97  2.86  2.86  2.44     3.13  2.84  3.52  3.28  2.90
 45   80     2.55  3.18  3.08  3.22  3.10  2.74  2.75  3.17  2.67  2.62  2.68  2.30     2.84  2.68  3.13  2.88  2.65
 45   90     2.38  2.91  2.73  2.79  2.65  2.35  2.36  2.73  2.34  2.34  2.44  2.12     2.51  2.47  2.73  2.48  2.37
 60   10     2.25  3.23  3.76  4.72  5.05  4.67  4.60  4.85  3.63  2.99  2.49  2.00     3.69  2.49  4.51  4.71  3.04
 60   20     2.37  3.34  3.82  4.70  4.97  4.57  4.51  4.81  3.65  3.06  2.63  2.12     3.71  2.61  4.50  4.63  3.11
 60   30     2.46  3.40  3.82  4.60  4.82  4.40  4.35  4.70  3.59  3.08  2.72  2.21     3.68  2.69  4.41  4.48  3.13
 60   40     2.50  3.39  3.75  4.44  4.60  4.16  4.13  4.51  3.49  3.05  2.76  2.24     3.59  2.71  4.26  4.27  3.10
 60   50     2.50  3.35  3.62  4.19  4.31  3.88  3.85  4.25  3.32  2.96  2.73  2.23     3.43  2.69  4.04  3.99  3.00
 60   60     2.45  3.23  3.43  3.91  3.98  3.56  3.54  3.95  3.11  2.82  2.66  2.19     3.24  2.63  3.77  3.68  2.86
 60   70     2.36  3.07  3.19  3.56  3.60  3.21  3.19  3.60  2.85  2.63  2.54  2.10     2.99  2.51  3.45  3.33  2.67
 60   80     2.24  2.88  2.91  3.19  3.20  2.83  2.83  3.21  2.58  2.40  2.36  1.96     2.71  2.36  3.10  2.96  2.44
 60   90     2.08  2.63  2.59  2.80  2.80  2.47  2.47  2.83  2.27  2.15  2.14  1.80     2.42  2.17  2.73  2.59  2.19
 75   10     2.17  3.13  3.69  4.67  5.03  4.66  4.59  4.82  3.59  2.92  2.40  1.91     3.63  2.40  4.46  4.69  2.97
 75   20     2.22  3.17  3.68  4.61  4.94  4.55  4.49  4.75  3.56  2.92  2.46  1.96     3.61  2.45  4.41  4.60  2.98
 75   30     2.24  3.15  3.63  4.47  4.78  4.38  4.33  4.62  3.47  2.90  2.48  1.97     3.54  2.45  4.29  4.44  2.95
 75   40     2.23  3.11  3.53  4.28  4.56  4.16  4.11  4.42  3.34  2.81  2.46  1.97     3.42  2.44  4.12  4.23  2.87
 75   50     2.19  3.01  3.38  4.05  4.28  3.88  3.84  4.18  3.17  2.71  2.41  1.92     3.25  2.37  3.90  3.97  2.76
 75   60     2.13  2.89  3.19  3.75  3.95  3.57  3.53  3.87  2.95  2.54  2.30  1.85     3.04  2.29  3.63  3.66  2.60
 75   70     2.04  2.73  2.95  3.44  3.61  3.24  3.21  3.55  2.71  2.37  2.18  1.75     2.82  2.17  3.33  3.33  2.42
 75   80     1.92  2.55  2.70  3.09  3.23  2.89  2.87  3.20  2.45  2.15  2.02  1.62     2.56  2.03  3.01  2.99  2.21
 75   90     1.79  2.34  2.42  2.73  2.85  2.54  2.52  2.83  2.18  1.93  1.83  1.48     2.29  1.87  2.67  2.63  1.98
 90   10     2.08  3.04  3.61  4.61  5.01  4.65  4.58  4.78  3.53  2.84  2.30  1.82     3.57  2.31  4.41  4.67  2.89
 90   20     2.05  2.98  3.54  4.50  4.89  4.54  4.46  4.68  3.45  2.77  2.27  1.78     3.49  2.27  4.31  4.56  2.83
 90   30     2.01  2.90  3.42  4.32  4.71  4.36  4.29  4.51  3.33  2.68  2.22  1.74     3.38  2.22  4.15  4.39  2.75
 90   40     1.96  2.79  3.28  4.10  4.48  4.12  4.06  4.29  3.17  2.57  2.15  1.67     3.22  2.14  3.95  4.16  2.63
 90   50     1.89  2.67  3.10  3.85  4.20  3.85  3.79  4.04  2.98  2.42  2.06  1.60     3.04  2.06  3.72  3.90  2.49
 90   60     1.81  2.53  2.90  3.56  3.88  3.54  3.49  3.75  2.77  2.27  1.95  1.51     2.83  1.95  3.45  3.60  2.33
 90   70     1.72  2.38  2.69  3.24  3.54  3.22  3.17  3.43  2.53  2.08  1.82  1.42     2.60  1.84  3.16  3.27  2.14
 90   80     1.61  2.21  2.44  2.93  3.20  2.89  2.85  3.11  2.29  1.90  1.68  1.30     2.37  1.71  2.86  2.95  1.96
 90   90     1.51  2.05  2.21  2.60  2.84  2.56  2.53  2.77  2.04  1.69  1.51  1.19     2.13  1.58  2.55  2.62  1.75
105   10     1.99  2.94  3.53  4.55  4.98  4.65  4.57  4.74  3.48  2.76  2.20  1.73     3.51  2.22  4.36  4.65  2.81
105   20     1.89  2.79  3.38  4.38  4.84  4.52  4.44  4.60  3.35  2.62  2.08  1.61     3.38  2.10  4.20  4.52  2.68
105   30     1.78  2.63  3.20  4.15  4.63  4.32  4.24  4.39  3.18  2.46  1.97  1.50     3.21  1.97  4.00  4.32  2.54
105   40     1.69  2.48  3.01  3.89  4.37  4.07  3.99  4.14  2.98  2.31  1.84  1.40     3.01  1.86  3.76  4.07  2.38
105   50     1.60  2.33  2.81  3.60  4.07  3.78  3.71  3.86  2.77  2.14  1.72  1.30     2.81  1.74  3.49  3.78  2.21
105   60     1.51  2.18  2.60  3.31  3.75  3.47  3.41  3.56  2.54  1.97  1.61  1.21     2.59  1.63  3.22  3.48  2.04
105   70     1.43  2.04  2.38  3.01  3.41  3.14  3.09  3.25  2.32  1.80  1.48  1.12     2.37  1.53  2.93  3.16  1.87
105   80     1.34  1.90  2.17  2.70  3.07  2.83  2.77  2.93  2.09  1.63  1.36  1.03     2.15  1.42  2.65  2.84  1.70
105   90     1.27  1.77  1.96  2.41  2.75  2.51  2.46  2.63  1.87  1.47  1.23  0.94     1.94  1.33  2.37  2.53  1.52
120   10     1.91  2.84  3.46  4.50  4.96  4.64  4.56  4.70  3.43  2.68  2.10  1.64     3.45  2.13  4.31  4.63  2.74
120   20     1.73  2.61  3.23  4.27  4.79  4.50  4.41  4.51  3.24  2.47  1.90  1.45     3.26  1.93  4.10  4.47  2.54
120   30     1.57  2.38  2.98  3.98  4.54  4.28  4.19  4.26  3.02  2.25  1.71  1.28     3.04  1.74  3.84  4.24  2.33
120   40     1.44  2.17  2.73  3.66  4.24  4.00  3.91  3.96  2.79  2.04  1.54  1.15     2.80  1.59  3.54  3.95  2.12
120   50     1.34  2.00  2.49  3.33  3.90  3.68  3.60  3.64  2.54  1.85  1.41  1.04     2.57  1.46  3.24  3.64  1.93
120   60     1.25  1.86  2.27  3.01  3.56  3.35  3.27  3.32  2.31  1.68  1.29  0.95     2.34  1.35  2.95  3.31  1.76
120   70     1.19  1.73  2.08  2.71  3.21  3.02  2.95  3.01  2.09  1.53  1.18  0.88     2.13  1.27  2.67  2.99  1.60
120   80     1.12  1.63  1.89  2.44  2.88  2.70  2.64  2.71  1.88  1.38  1.09  0.82     1.93  1.19  2.40  2.68  1.45
120   90     1.08  1.52  1.71  2.17  2.57  2.40  2.34  2.42  1.69  1.25  0.99  0.75     1.74  1.12  2.15  2.39  1.31
135   10     1.84  2.76  3.39  4.45  4.94  4.63  4.55  4.67  3.38  2.61  2.02  1.57     3.40  2.06  4.26  4.62  2.67
135   20     1.59  2.44  3.09  4.16  4.74  4.48  4.38  4.44  3.15  2.34  1.73  1.31     3.15  1.78  4.00  4.43  2.41
135   30     1.37  2.14  2.77  3.81  4.45  4.24  4.13  4.13  2.88  2.06  1.47  1.09     2.88  1.53  3.68  4.17  2.14
135   40     1.22  1.89  2.46  3.43  4.09  3.93  3.82  3.77  2.59  1.80  1.27  0.93     2.60  1.35  3.33  3.84  1.89
135   50     1.12  1.71  2.19  3.04  3.70  3.57  3.47  3.39  2.31  1.59  1.13  0.84     2.34  1.22  2.98  3.48  1.68
135   60     1.06  1.57  1.96  2.70  3.31  3.20  3.11  3.03  2.07  1.42  1.03  0.77     2.10  1.14  2.66  3.12  1.50
135   70     1.02  1.48  1.77  2.40  2.96  2.85  2.77  2.70  1.86  1.28  0.94  0.73     1.90  1.07  2.38  2.78  1.36
135   80     0.98  1.41  1.61  2.13  2.64  2.54  2.46  2.42  1.67  1.16  0.88  0.68     1.72  1.02  2.13  2.47  1.24
135   90     0.96  1.35  1.48  1.91  2.35  2.25  2.19  2.17  1.50  1.07  0.81  0.65     1.56  0.98  1.91  2.20  1.13
150   10     1.78  2.70  3.33  4.42  4.93  4.63  4.54  4.64  3.35  2.56  1.95  1.51     3.36  2.00  4.23  4.60  2.62
150   20     1.47  2.32  2.98  4.09  4.71  4.46  4.36  4.38  3.07  2.23  1.59  1.19     3.07  1.66  3.92  4.40  2.30
150   30     1.20  1.94  2.60  3.68  4.39  4.21  4.10  4.03  2.76  1.88  1.27  0.92     2.75  1.36  3.55  4.12  1.97
150   40     1.04  1.64  2.21  3.22  3.98  3.89  3.77  3.61  2.41  1.58  1.03  0.77     2.43  1.15  3.14  3.75  1.67
150   50     0.98  1.46  1.89  2.76  3.52  3.49  3.36  3.15  2.09  1.34  0.92  0.73     2.14  1.06  2.73  3.33  1.45
150   60     0.96  1.37  1.66  2.37  3.05  3.05  2.94  2.72  1.83  1.20  0.86  0.70     1.89  1.01  2.36  2.90  1.29
150   70     0.94  1.32  1.51  2.06  2.65  2.65  2.56  2.38  1.63  1.10  0.81  0.68     1.69  0.98  2.07  2.53  1.18
150   80     0.92  1.28  1.39  1.83  2.33  2.33  2.25  2.12  1.48  1.01  0.76  0.65     1.53  0.95  1.85  2.23  1.09
150   90     0.91  1.25  1.29  1.66  2.08  2.06  1.99  1.91  1.34  0.94  0.72  0.63     1.40  0.93  1.68  1.98  1.00
165   10     1.74  2.66  3.30  4.40  4.92  4.62  4.53  4.63  3.33  2.53  1.91  1.47     3.34  1.96  4.21  4.59  2.59
165   20     1.39  2.23  2.91  4.04  4.68  4.46  4.35  4.34  3.03  2.16  1.49  1.10     3.02  1.57  3.88  4.38  2.23
165   30     1.08  1.79  2.47  3.61  4.35  4.20  4.09  3.97  2.68  1.76  1.11  0.80     2.66  1.23  3.48  4.09  1.85
165   40     0.99  1.43  2.01  3.10  3.94  3.87  3.75  3.52  2.29  1.38  0.90  0.75     2.33  1.05  3.02  3.71  1.52
165   50     0.97  1.31  1.62  2.55  3.44  3.47  3.34  3.00  1.89  1.14  0.86  0.73     2.03  1.00  2.54  3.27  1.30
165   60     0.96  1.29  1.42  2.04  2.90  3.01  2.87  2.44  1.60  1.06  0.83  0.70     1.76  0.98  2.12  2.77  1.16
165   70     0.94  1.27  1.32  1.75  2.34  2.50  2.37  2.04  1.45  1.01  0.79  0.68     1.54  0.96  1.80  2.30  1.08
165   80     0.92  1.25  1.25  1.58  2.04  2.11  2.03  1.82  1.34  0.95  0.75  0.65     1.39  0.94  1.62  1.99  1.01
165   90     0.91  1.23  1.18  1.45  1.83  1.87  1.81  1.66  1.24  0.89  0.71  0.63     1.28  0.92  1.49  1.78  0.95
180   10     1.72  2.65  3.29  4.40  4.91  4.62  4.53  4.62  3.32  2.52  1.89  1.46     3.33  1.94  4.20  4.59  2.58
180   20     1.36  2.19  2.88  4.04  4.67  4.45  4.35  4.33  3.01  2.13  1.46  1.07     2.99  1.54  3.86  4.38  2.20
180   30     1.04  1.73  2.42  3.60  4.33  4.20  4.08  3.95  2.65  1.71  1.05  0.77     2.63  1.18  3.45  4.08  1.80
180   40     0.99  1.34  1.92  3.09  3.91  3.86  3.74  3.49  2.24  1.28  0.90  0.75     2.29  1.02  2.97  3.70  1.47
180   50     0.97  1.31  1.41  2.53  3.42  3.46  3.33  2.97  1.81  1.10  0.86  0.73     1.99  1.00  2.45  3.25  1.26
180   60     0.96  1.29  1.32  1.93  2.86  2.99  2.86  2.40  1.44  1.05  0.83  0.70     1.72  0.98  2.04  2.75  1.11
180   70     0.94  1.27  1.27  1.58  2.27  2.49  2.36  1.86  1.36  1.00  0.79  0.68     1.49  0.96  1.70  2.24  1.05
180   80     0.92  1.25  1.22  1.47  1.89  2.02  1.93  1.67  1.28  0.95  0.75  0.65     1.33  0.94  1.52  1.88  0.99
180   90     0.91  1.23  1.16  1.38  1.71  1.79  1.73  1.54  1.19  0.89  0.71  0.63     1.24  0.92  1.42  1.69  0.93
             59.4  50.4  35.6  20.2   7.6   3.0   4.7  14.2  26.6  42.4  55.3  60.1     30.0  56.2  20.7   7.3  41.7
             3.23  4.11  4.20  4.88  5.08  4.70  4.63  4.91  3.84  3.56  3.52  3.06     4.14  3.46  4.66  4.74  3.58
             2.93  3.93  4.19  4.83  4.83  4.37  4.35  4.78  3.83  3.49  3.25  2.73     3.96  3.20  4.62  4.50  3.53
             1.10  1.05  1.00  1.01  1.05  1.08  1.06  1.03  1.00  1.02  1.08  1.12     1.05  1.09  1.02  1.06  1.04
             1.40  1.27  1.15  1.03  0.95  0.93  0.94  0.99  1.07  1.22  1.41  1.47     1.15  1.38  1.05  0.95  1.23
temperature  -0.6   0.0   3.8  10.6  16.0  20.0  23.7  25.2  20.6  13.8   7.5   2.1     11.9   0.5  10.1  23.0  14.0
diffusedrad  1.23  1.75  1.89  2.27  2.55  2.68  2.63  2.40  2.03  1.51  1.20  0.99     1.93  1.32  2.24  2.57  1.58
snow10cm     0.37  0.31  0.06  0.00  0.00  0.00  0.00  0.00  0.00  0.00  0.00  0.10     0.07  0.26  0.02  0.00  0.00
