1 48491   諏訪            36  2.7  138  6.5  760
             2.50  3.41  3.99  4.80  5.12  4.79  4.70  4.84  3.65  3.08  2.50  2.25     3.80  2.72  4.64  4.78  3.08
             2.80  4.14  4.36  5.47  5.82  5.46  5.88  5.65  4.25  3.71  2.84  2.55     4.03  3.00  5.01  5.30  3.26
             2.13  2.93  3.28  4.15  4.46  4.36  3.73  3.79  3.05  2.62  2.17  1.88     3.56  2.48  4.26  4.06  2.82
  0   10     3.01  3.83  4.32  4.96  5.13  4.75  4.69  4.93  3.81  3.40  2.96  2.73     4.04  3.19  4.80  4.79  3.39
  0   20     3.45  4.21  4.55  5.01  5.05  4.63  4.59  4.91  3.90  3.65  3.35  3.17     4.21  3.61  4.87  4.71  3.63
  0   30     3.81  4.49  4.68  4.96  4.87  4.43  4.41  4.80  3.92  3.81  3.65  3.54     4.28  3.95  4.84  4.55  3.79
  0   40     4.08  4.67  4.69  4.80  4.59  4.15  4.14  4.58  3.85  3.88  3.87  3.81     4.26  4.19  4.69  4.29  3.87
  0   50     4.25  4.74  4.60  4.53  4.22  3.79  3.79  4.27  3.70  3.87  3.99  3.98     4.14  4.32  4.45  3.95  3.85
  0   60     4.31  4.69  4.40  4.17  3.78  3.37  3.39  3.87  3.47  3.76  4.01  4.05     3.94  4.35  4.11  3.54  3.75
  0   70     4.26  4.54  4.10  3.72  3.27  2.91  2.94  3.40  3.17  3.57  3.93  4.02     3.65  4.27  3.69  3.08  3.56
  0   80     4.10  4.27  3.71  3.20  2.71  2.42  2.45  2.88  2.81  3.29  3.75  3.88     3.29  4.08  3.21  2.58  3.28
  0   90     3.84  3.91  3.24  2.63  2.15  1.94  1.96  2.32  2.40  2.94  3.47  3.64     2.87  3.80  2.67  2.07  2.94
 15   10     2.99  3.81  4.31  4.94  5.13  4.75  4.69  4.92  3.80  3.38  2.94  2.71     4.03  3.17  4.79  4.79  3.38
 15   20     3.42  4.18  4.53  5.00  5.05  4.63  4.59  4.92  3.90  3.62  3.31  3.13     4.19  3.58  4.86  4.71  3.61
 15   30     3.77  4.44  4.64  4.95  4.88  4.43  4.41  4.80  3.91  3.77  3.60  3.47     4.26  3.89  4.82  4.55  3.76
 15   40     4.02  4.61  4.65  4.78  4.60  4.15  4.14  4.58  3.83  3.84  3.81  3.73     4.23  4.12  4.68  4.29  3.83
 15   50     4.17  4.66  4.56  4.53  4.24  3.81  3.81  4.28  3.68  3.81  3.92  3.89     4.11  4.24  4.44  3.97  3.80
 15   60     4.22  4.61  4.36  4.18  3.81  3.40  3.41  3.90  3.46  3.70  3.92  3.95     3.91  4.26  4.11  3.57  3.69
 15   70     4.16  4.44  4.06  3.74  3.31  2.95  2.97  3.44  3.16  3.50  3.83  3.90     3.62  4.17  3.70  3.12  3.50
 15   80     4.00  4.17  3.67  3.23  2.78  2.48  2.50  2.94  2.81  3.22  3.65  3.76     3.27  3.98  3.23  2.64  3.23
 15   90     3.74  3.81  3.20  2.69  2.24  2.01  2.03  2.40  2.41  2.87  3.37  3.52     2.86  3.69  2.71  2.15  2.88
 30   10     2.94  3.77  4.27  4.92  5.13  4.75  4.68  4.92  3.78  3.35  2.89  2.65     4.00  3.12  4.78  4.79  3.34
 30   20     3.32  4.08  4.47  4.96  5.06  4.64  4.59  4.91  3.86  3.55  3.21  3.02     4.14  3.47  4.83  4.71  3.54
 30   30     3.61  4.30  4.56  4.91  4.88  4.45  4.42  4.80  3.86  3.67  3.46  3.31     4.18  3.74  4.78  4.55  3.66
 30   40     3.82  4.42  4.55  4.75  4.63  4.19  4.17  4.60  3.78  3.72  3.63  3.52     4.15  3.92  4.65  4.32  3.71
 30   50     3.94  4.44  4.44  4.49  4.29  3.85  3.85  4.31  3.63  3.67  3.70  3.64     4.02  4.00  4.41  4.00  3.67
 30   60     3.96  4.36  4.24  4.16  3.89  3.47  3.48  3.95  3.40  3.54  3.69  3.66     3.82  3.99  4.10  3.63  3.54
 30   70     3.88  4.18  3.95  3.75  3.43  3.05  3.07  3.52  3.12  3.34  3.58  3.60     3.54  3.88  3.71  3.21  3.35
 30   80     3.70  3.91  3.57  3.28  2.95  2.61  2.63  3.07  2.78  3.06  3.38  3.44     3.20  3.68  3.27  2.77  3.08
 30   90     3.44  3.55  3.14  2.78  2.46  2.18  2.20  2.58  2.41  2.73  3.11  3.19     2.81  3.39  2.79  2.32  2.75
 45   10     2.86  3.69  4.22  4.89  5.12  4.75  4.68  4.91  3.75  3.29  2.81  2.56     3.96  3.04  4.74  4.78  3.29
 45   20     3.15  3.92  4.37  4.90  5.05  4.64  4.59  4.88  3.80  3.45  3.08  2.85     4.06  3.31  4.77  4.70  3.44
 45   30     3.38  4.08  4.42  4.84  4.89  4.46  4.42  4.78  3.78  3.53  3.27  3.06     4.08  3.51  4.72  4.55  3.53
 45   40     3.53  4.15  4.39  4.67  4.65  4.21  4.18  4.58  3.68  3.53  3.38  3.20     4.01  3.63  4.57  4.32  3.53
 45   50     3.60  4.13  4.27  4.43  4.34  3.91  3.89  4.32  3.53  3.47  3.42  3.27     3.88  3.67  4.35  4.04  3.47
 45   60     3.58  4.02  4.05  4.10  3.96  3.55  3.54  3.98  3.31  3.33  3.38  3.26     3.67  3.62  4.04  3.69  3.34
 45   70     3.47  3.84  3.78  3.73  3.56  3.16  3.16  3.60  3.04  3.12  3.25  3.16     3.41  3.49  3.69  3.31  3.14
 45   80     3.29  3.57  3.43  3.30  3.11  2.76  2.77  3.17  2.73  2.86  3.05  2.99     3.09  3.28  3.28  2.90  2.88
 45   90     3.04  3.23  3.04  2.86  2.66  2.37  2.37  2.73  2.39  2.55  2.79  2.74     2.73  3.00  2.85  2.49  2.58
 60   10     2.74  3.58  4.15  4.84  5.11  4.74  4.67  4.88  3.71  3.22  2.72  2.45     3.90  2.93  4.70  4.77  3.22
 60   20     2.95  3.73  4.23  4.83  5.03  4.64  4.58  4.84  3.72  3.31  2.90  2.64     3.95  3.11  4.70  4.68  3.31
 60   30     3.09  3.81  4.24  4.72  4.88  4.47  4.42  4.72  3.67  3.34  3.02  2.77     3.93  3.22  4.62  4.53  3.34
 60   40     3.17  3.81  4.17  4.56  4.65  4.23  4.19  4.54  3.57  3.31  3.08  2.83     3.84  3.27  4.46  4.32  3.32
 60   50     3.19  3.76  4.04  4.31  4.35  3.93  3.90  4.28  3.40  3.21  3.06  2.84     3.69  3.26  4.23  4.04  3.22
 60   60     3.13  3.63  3.83  4.01  4.02  3.61  3.58  3.97  3.19  3.07  3.00  2.79     3.49  3.19  3.95  3.72  3.08
 60   70     3.01  3.43  3.56  3.66  3.63  3.25  3.23  3.62  2.92  2.87  2.87  2.68     3.23  3.04  3.62  3.37  2.88
 60   80     2.84  3.19  3.25  3.27  3.23  2.87  2.86  3.23  2.64  2.61  2.67  2.50     2.93  2.84  3.25  2.98  2.64
 60   90     2.61  2.89  2.89  2.87  2.82  2.50  2.49  2.84  2.33  2.34  2.44  2.29     2.61  2.60  2.86  2.61  2.37
 75   10     2.62  3.46  4.06  4.79  5.09  4.74  4.67  4.85  3.66  3.14  2.61  2.32     3.84  2.80  4.65  4.75  3.14
 75   20     2.71  3.51  4.07  4.73  5.00  4.63  4.56  4.79  3.63  3.15  2.69  2.40     3.82  2.88  4.60  4.66  3.16
 75   30     2.77  3.50  4.02  4.59  4.84  4.46  4.39  4.64  3.55  3.13  2.73  2.43     3.75  2.90  4.49  4.50  3.13
 75   40     2.77  3.45  3.91  4.40  4.62  4.22  4.17  4.45  3.41  3.04  2.73  2.44     3.63  2.89  4.31  4.28  3.06
 75   50     2.73  3.33  3.75  4.16  4.33  3.94  3.90  4.21  3.24  2.93  2.68  2.38     3.46  2.81  4.08  4.02  2.95
 75   60     2.65  3.20  3.54  3.85  4.00  3.62  3.58  3.90  3.02  2.76  2.57  2.30     3.25  2.72  3.80  3.70  2.78
 75   70     2.52  3.00  3.28  3.53  3.65  3.29  3.26  3.58  2.78  2.57  2.45  2.18     3.01  2.57  3.49  3.37  2.60
 75   80     2.36  2.78  3.00  3.18  3.27  2.94  2.91  3.22  2.51  2.34  2.27  2.02     2.73  2.39  3.15  3.02  2.37
 75   90     2.17  2.53  2.68  2.81  2.89  2.58  2.56  2.84  2.23  2.10  2.07  1.84     2.44  2.18  2.79  2.66  2.13
 90   10     2.49  3.33  3.97  4.73  5.07  4.73  4.65  4.81  3.60  3.05  2.49  2.19     3.76  2.67  4.59  4.73  3.05
 90   20     2.46  3.27  3.89  4.62  4.96  4.62  4.54  4.71  3.52  2.98  2.47  2.15     3.68  2.62  4.49  4.62  2.99
 90   30     2.42  3.17  3.77  4.44  4.78  4.43  4.36  4.55  3.40  2.89  2.42  2.10     3.56  2.56  4.33  4.45  2.90
 90   40     2.35  3.04  3.62  4.21  4.54  4.20  4.13  4.33  3.23  2.77  2.36  2.01     3.40  2.47  4.12  4.22  2.79
 90   50     2.27  2.91  3.42  3.95  4.26  3.92  3.86  4.07  3.04  2.61  2.27  1.93     3.21  2.37  3.88  3.95  2.64
 90   60     2.17  2.73  3.20  3.66  3.94  3.60  3.55  3.78  2.83  2.44  2.15  1.81     2.99  2.24  3.60  3.65  2.48
 90   70     2.04  2.56  2.96  3.33  3.59  3.27  3.22  3.46  2.58  2.25  2.02  1.71     2.75  2.10  3.30  3.32  2.28
 90   80     1.89  2.35  2.69  3.01  3.25  2.94  2.90  3.13  2.34  2.05  1.87  1.56     2.50  1.94  2.98  2.99  2.09
 90   90     1.75  2.15  2.43  2.68  2.88  2.60  2.57  2.79  2.09  1.83  1.69  1.42     2.24  1.77  2.66  2.65  1.87
105   10     2.36  3.20  3.87  4.67  5.05  4.73  4.64  4.77  3.55  2.96  2.37  2.06     3.69  2.54  4.53  4.71  2.96
105   20     2.21  3.02  3.71  4.50  4.91  4.60  4.51  4.63  3.41  2.81  2.24  1.90     3.54  2.38  4.37  4.58  2.82
105   30     2.06  2.83  3.50  4.26  4.70  4.40  4.31  4.42  3.24  2.63  2.11  1.75     3.35  2.21  4.15  4.38  2.66
105   40     1.94  2.65  3.29  3.99  4.43  4.14  4.06  4.17  3.04  2.46  1.98  1.62     3.15  2.07  3.90  4.12  2.49
105   50     1.82  2.46  3.07  3.69  4.13  3.85  3.77  3.89  2.82  2.29  1.85  1.50     2.93  1.93  3.63  3.84  2.32
105   60     1.70  2.28  2.83  3.39  3.80  3.53  3.46  3.59  2.59  2.10  1.73  1.38     2.70  1.79  3.34  3.53  2.14
105   70     1.59  2.12  2.59  3.09  3.46  3.20  3.14  3.28  2.37  1.93  1.60  1.27     2.47  1.66  3.04  3.21  1.96
105   80     1.47  1.94  2.37  2.77  3.12  2.88  2.81  2.96  2.13  1.75  1.48  1.16     2.24  1.52  2.75  2.88  1.79
105   90     1.36  1.78  2.12  2.47  2.79  2.56  2.50  2.65  1.91  1.57  1.34  1.05     2.01  1.40  2.46  2.57  1.61
120   10     2.23  3.08  3.78  4.62  5.03  4.72  4.63  4.74  3.49  2.87  2.25  1.94     3.61  2.42  4.47  4.70  2.87
120   20     1.96  2.78  3.52  4.38  4.86  4.58  4.48  4.54  3.30  2.64  2.01  1.67     3.39  2.14  4.25  4.53  2.65
120   30     1.74  2.50  3.23  4.08  4.61  4.35  4.26  4.29  3.08  2.40  1.80  1.44     3.15  1.89  3.97  4.30  2.42
120   40     1.55  2.24  2.95  3.75  4.30  4.07  3.98  3.99  2.83  2.16  1.61  1.25     2.89  1.68  3.66  4.01  2.20
120   50     1.41  2.03  2.68  3.41  3.96  3.75  3.66  3.67  2.59  1.95  1.46  1.11     2.64  1.52  3.35  3.69  2.00
120   60     1.28  1.86  2.44  3.08  3.61  3.42  3.33  3.34  2.35  1.77  1.34  1.00     2.40  1.38  3.04  3.36  1.82
120   70     1.20  1.70  2.22  2.77  3.26  3.08  3.00  3.03  2.12  1.61  1.22  0.92     2.18  1.27  2.75  3.04  1.65
120   80     1.11  1.58  2.01  2.49  2.92  2.75  2.68  2.73  1.91  1.45  1.13  0.84     1.97  1.18  2.47  2.72  1.50
120   90     1.05  1.46  1.82  2.22  2.61  2.44  2.38  2.44  1.71  1.31  1.04  0.77     1.77  1.09  2.21  2.42  1.36
135   10     2.11  2.98  3.70  4.57  5.01  4.71  4.62  4.70  3.45  2.79  2.15  1.83     3.55  2.31  4.42  4.68  2.80
135   20     1.74  2.58  3.35  4.26  4.81  4.56  4.45  4.47  3.21  2.48  1.81  1.46     3.26  1.93  4.14  4.49  2.50
135   30     1.42  2.19  2.97  3.90  4.51  4.32  4.21  4.16  2.92  2.17  1.51  1.15     2.95  1.59  3.80  4.23  2.20
135   40     1.19  1.88  2.62  3.50  4.15  4.00  3.89  3.80  2.62  1.88  1.28  0.93     2.65  1.34  3.42  3.90  1.93
135   50     1.05  1.64  2.30  3.10  3.75  3.64  3.53  3.42  2.34  1.65  1.12  0.81     2.36  1.17  3.05  3.53  1.70
135   60     0.96  1.48  2.04  2.74  3.36  3.27  3.16  3.05  2.09  1.46  1.01  0.73     2.11  1.06  2.71  3.16  1.52
135   70     0.91  1.36  1.84  2.43  2.99  2.90  2.81  2.72  1.87  1.32  0.93  0.68     1.90  0.98  2.42  2.81  1.37
135   80     0.87  1.28  1.66  2.16  2.67  2.58  2.50  2.43  1.68  1.19  0.87  0.64     1.71  0.93  2.16  2.50  1.25
135   90     0.83  1.20  1.53  1.93  2.38  2.28  2.21  2.18  1.51  1.10  0.81  0.61     1.55  0.88  1.95  2.23  1.14
150   10     2.02  2.90  3.63  4.53  4.99  4.71  4.61  4.67  3.41  2.73  2.07  1.74     3.50  2.22  4.38  4.67  2.74
150   20     1.55  2.41  3.21  4.19  4.77  4.55  4.44  4.41  3.12  2.36  1.64  1.28     3.16  1.75  4.06  4.46  2.37
150   30     1.16  1.93  2.76  3.76  4.45  4.30  4.17  4.05  2.79  1.97  1.26  0.90     2.79  1.33  3.66  4.17  2.00
150   40     0.91  1.55  2.31  3.29  4.04  3.96  3.83  3.63  2.43  1.62  0.98  0.69     2.44  1.05  3.21  3.81  1.68
150   50     0.81  1.31  1.93  2.80  3.57  3.56  3.42  3.17  2.10  1.36  0.84  0.63     2.13  0.92  2.77  3.38  1.43
150   60     0.79  1.19  1.66  2.38  3.09  3.11  2.98  2.73  1.82  1.20  0.79  0.62     1.86  0.86  2.38  2.94  1.27
150   70     0.77  1.13  1.50  2.07  2.68  2.69  2.59  2.38  1.62  1.10  0.75  0.60     1.66  0.83  2.08  2.56  1.16
150   80     0.75  1.09  1.37  1.84  2.35  2.36  2.27  2.12  1.47  1.01  0.71  0.59     1.49  0.81  1.85  2.25  1.06
150   90     0.73  1.06  1.28  1.66  2.09  2.09  2.01  1.91  1.33  0.95  0.68  0.57     1.36  0.79  1.68  2.00  0.99
165   10     1.96  2.85  3.59  4.51  4.98  4.71  4.61  4.66  3.39  2.69  2.01  1.68     3.47  2.17  4.36  4.66  2.70
165   20     1.42  2.29  3.12  4.14  4.75  4.54  4.43  4.37  3.08  2.27  1.52  1.16     3.09  1.62  4.00  4.45  2.29
165   30     0.95  1.73  2.60  3.68  4.41  4.29  4.16  4.00  2.71  1.83  1.06  0.73     2.68  1.14  3.56  4.15  1.86
165   40     0.80  1.27  2.06  3.16  3.99  3.95  3.81  3.54  2.30  1.40  0.79  0.64     2.31  0.90  3.07  3.77  1.50
165   50     0.79  1.10  1.59  2.58  3.49  3.54  3.39  3.02  1.89  1.12  0.77  0.63     1.99  0.84  2.55  3.32  1.26
165   60     0.78  1.08  1.35  2.03  2.93  3.07  2.92  2.45  1.58  1.03  0.75  0.62     1.72  0.82  2.11  2.81  1.12
165   70     0.76  1.07  1.25  1.72  2.36  2.55  2.40  2.03  1.42  0.98  0.72  0.60     1.49  0.81  1.78  2.33  1.04
165   80     0.75  1.05  1.19  1.55  2.04  2.14  2.04  1.80  1.31  0.93  0.69  0.59     1.34  0.80  1.59  1.99  0.98
165   90     0.73  1.03  1.13  1.43  1.83  1.89  1.81  1.65  1.22  0.89  0.66  0.57     1.24  0.78  1.46  1.78  0.92
180   10     1.93  2.83  3.58  4.51  4.97  4.70  4.61  4.65  3.38  2.68  1.99  1.67     3.46  2.14  4.35  4.65  2.68
180   20     1.38  2.25  3.09  4.14  4.73  4.54  4.42  4.36  3.06  2.24  1.47  1.11     3.06  1.58  3.99  4.44  2.25
180   30     0.89  1.65  2.54  3.68  4.39  4.28  4.15  3.98  2.68  1.76  0.99  0.67     2.64  1.07  3.54  4.14  1.81
180   40     0.80  1.13  1.94  3.15  3.97  3.94  3.80  3.52  2.25  1.28  0.79  0.64     2.27  0.86  3.02  3.75  1.44
180   50     0.79  1.10  1.34  2.56  3.46  3.53  3.38  2.99  1.80  1.06  0.77  0.63     1.95  0.84  2.45  3.30  1.21
180   60     0.78  1.08  1.22  1.93  2.90  3.05  2.91  2.41  1.40  1.02  0.75  0.62     1.67  0.82  2.02  2.79  1.06
180   70     0.76  1.07  1.18  1.53  2.29  2.54  2.39  1.85  1.31  0.98  0.72  0.60     1.44  0.81  1.67  2.26  1.00
180   80     0.75  1.05  1.14  1.43  1.88  2.04  1.94  1.65  1.24  0.93  0.69  0.59     1.28  0.80  1.48  1.88  0.95
180   90     0.73  1.03  1.10  1.35  1.70  1.80  1.73  1.52  1.16  0.89  0.66  0.57     1.19  0.78  1.38  1.68  0.90
             60.4  50.9  36.5  20.1   7.0   2.4   4.2  13.8  26.7  43.2  56.9  61.7     32.8  57.6  21.4   6.8  43.3
             4.31  4.74  4.70  5.01  5.14  4.78  4.70  4.93  3.92  3.89  4.02  4.06     4.52  4.35  4.87  4.79  3.87
             3.90  4.55  4.69  4.93  4.80  4.36  4.34  4.75  3.91  3.84  3.72  3.62     4.28  4.02  4.81  4.48  3.82
             1.11  1.04  1.00  1.02  1.07  1.10  1.08  1.04  1.00  1.01  1.08  1.12     1.06  1.09  1.03  1.07  1.03
             1.56  1.33  1.18  1.03  0.94  0.91  0.92  0.98  1.07  1.25  1.49  1.61     1.19  1.50  1.05  0.94  1.27
temperature  -1.4  -0.7   3.4   9.9  15.1  19.0  22.7  23.8  19.5  12.9   6.9   1.6     11.1  -0.2   9.5  21.8  13.1
diffusedrad  1.13  1.59  1.83  2.18  2.49  2.67  2.58  2.33  1.97  1.49  1.11  0.94     1.86  1.22  2.17  2.53  1.52
snow10cm     0.12  0.15  0.02  0.00  0.00  0.00  0.00  0.00  0.00  0.00  0.00  0.03     0.03  0.10  0.01  0.00  0.00
