2 48531   開田高原        35 56.3  137 36.1 1130
             2.11  3.75  3.61  4.42  4.67  4.34  4.26  4.43  3.45  2.85  2.23  1.85     3.50  2.57  4.24  4.34  2.84
             2.51  4.43  4.12  5.31  5.47  4.94  5.49  5.26  4.03  3.25  2.58  2.15     3.82  2.90  4.58  4.95  3.07
             1.45  2.37  3.13  3.62  4.15  3.66  3.38  3.58  2.82  2.36  1.71  1.35     3.25  2.13  3.75  3.88  2.41
  0   10     2.40  4.11  3.84  4.55  4.69  4.30  4.25  4.50  3.58  3.11  2.57  2.16     3.67  2.89  4.36  4.35  3.09
  0   20     2.65  4.46  4.01  4.59  4.62  4.20  4.16  4.48  3.66  3.31  2.85  2.44     3.79  3.18  4.40  4.28  3.27
  0   30     2.85  4.73  4.11  4.54  4.45  4.03  4.00  4.38  3.66  3.44  3.06  2.66     3.83  3.41  4.37  4.14  3.39
  0   40     3.01  4.92  4.14  4.39  4.21  3.78  3.77  4.18  3.59  3.49  3.21  2.83     3.79  3.59  4.25  3.91  3.43
  0   50     3.11  5.02  4.10  4.16  3.88  3.47  3.47  3.90  3.44  3.46  3.27  2.93     3.68  3.69  4.04  3.61  3.39
  0   60     3.15  5.03  3.99  3.84  3.49  3.11  3.12  3.55  3.23  3.35  3.27  2.97     3.51  3.72  3.77  3.26  3.28
  0   70     3.13  4.95  3.81  3.44  3.04  2.71  2.73  3.14  2.96  3.17  3.18  2.94     3.27  3.67  3.43  2.86  3.10
  0   80     3.05  4.79  3.57  2.99  2.55  2.28  2.30  2.68  2.63  2.92  3.02  2.84     2.97  3.56  3.04  2.42  2.85
  0   90     2.92  4.53  3.28  2.50  2.05  1.85  1.88  2.18  2.25  2.61  2.79  2.68     2.63  3.38  2.61  1.97  2.55
 15   10     2.39  4.10  3.83  4.54  4.69  4.30  4.25  4.50  3.58  3.10  2.55  2.15     3.66  2.88  4.35  4.35  3.08
 15   20     2.63  4.43  3.99  4.58  4.62  4.20  4.16  4.49  3.65  3.29  2.82  2.42     3.77  3.16  4.39  4.28  3.25
 15   30     2.82  4.68  4.08  4.53  4.46  4.03  4.00  4.38  3.65  3.41  3.02  2.64     3.81  3.38  4.36  4.14  3.36
 15   40     2.97  4.86  4.11  4.38  4.21  3.79  3.77  4.18  3.57  3.45  3.16  2.80     3.77  3.54  4.23  3.91  3.39
 15   50     3.06  4.95  4.06  4.15  3.89  3.49  3.48  3.91  3.43  3.41  3.22  2.90     3.66  3.64  4.04  3.63  3.35
 15   60     3.10  4.96  3.95  3.84  3.51  3.13  3.13  3.57  3.21  3.30  3.20  2.93     3.48  3.66  3.77  3.27  3.24
 15   70     3.07  4.87  3.77  3.45  3.07  2.74  2.75  3.16  2.94  3.11  3.11  2.89     3.25  3.61  3.43  2.88  3.05
 15   80     2.99  4.70  3.54  3.02  2.60  2.32  2.34  2.72  2.62  2.86  2.94  2.79     2.95  3.50  3.05  2.46  2.81
 15   90     2.86  4.45  3.25  2.54  2.12  1.91  1.93  2.25  2.25  2.55  2.71  2.63     2.62  3.31  2.64  2.03  2.50
 30   10     2.36  4.05  3.81  4.52  4.68  4.30  4.24  4.49  3.56  3.07  2.52  2.12     3.64  2.84  4.34  4.35  3.05
 30   20     2.57  4.34  3.94  4.55  4.62  4.21  4.16  4.47  3.62  3.23  2.75  2.36     3.73  3.09  4.37  4.28  3.20
 30   30     2.74  4.56  4.02  4.49  4.46  4.04  4.01  4.37  3.61  3.32  2.92  2.55     3.76  3.28  4.32  4.14  3.28
 30   40     2.86  4.70  4.03  4.34  4.23  3.81  3.79  4.18  3.52  3.35  3.02  2.69     3.71  3.41  4.20  3.93  3.30
 30   50     2.93  4.76  3.97  4.11  3.92  3.51  3.50  3.92  3.37  3.29  3.06  2.76     3.59  3.48  4.00  3.65  3.24
 30   60     2.95  4.74  3.86  3.82  3.57  3.18  3.18  3.60  3.16  3.17  3.02  2.77     3.42  3.49  3.75  3.32  3.12
 30   70     2.91  4.64  3.68  3.45  3.16  2.81  2.82  3.22  2.90  2.98  2.92  2.73     3.18  3.43  3.43  2.95  2.93
 30   80     2.82  4.46  3.45  3.05  2.73  2.42  2.43  2.81  2.58  2.73  2.74  2.62     2.90  3.30  3.07  2.55  2.68
 30   90     2.69  4.21  3.18  2.61  2.29  2.04  2.05  2.38  2.24  2.43  2.51  2.45     2.59  3.12  2.69  2.16  2.39
 45   10     2.31  3.98  3.77  4.49  4.68  4.30  4.24  4.48  3.53  3.02  2.46  2.07     3.61  2.79  4.31  4.34  3.00
 45   20     2.47  4.20  3.87  4.50  4.61  4.21  4.15  4.45  3.57  3.15  2.64  2.26     3.67  2.98  4.32  4.27  3.12
 45   30     2.60  4.37  3.91  4.43  4.46  4.04  4.01  4.34  3.54  3.20  2.77  2.40     3.67  3.12  4.27  4.13  3.17
 45   40     2.69  4.46  3.90  4.27  4.24  3.82  3.79  4.16  3.44  3.19  2.83  2.50     3.61  3.22  4.14  3.92  3.15
 45   50     2.73  4.49  3.84  4.05  3.96  3.55  3.53  3.92  3.29  3.12  2.84  2.55     3.49  3.25  3.95  3.67  3.08
 45   60     2.72  4.43  3.71  3.76  3.62  3.23  3.22  3.61  3.08  2.99  2.78  2.54     3.31  3.23  3.70  3.35  2.95
 45   70     2.67  4.33  3.55  3.43  3.25  2.88  2.88  3.26  2.82  2.79  2.67  2.47     3.08  3.16  3.41  3.01  2.76
 45   80     2.58  4.16  3.33  3.05  2.85  2.53  2.53  2.88  2.53  2.55  2.49  2.35     2.82  3.03  3.08  2.65  2.52
 45   90     2.45  3.92  3.09  2.66  2.45  2.18  2.18  2.49  2.22  2.27  2.26  2.19     2.53  2.85  2.73  2.28  2.25
 60   10     2.25  3.89  3.71  4.45  4.67  4.29  4.23  4.46  3.50  2.96  2.39  2.00     3.57  2.71  4.28  4.33  2.95
 60   20     2.36  4.04  3.77  4.43  4.59  4.20  4.14  4.41  3.50  3.03  2.51  2.13     3.59  2.84  4.26  4.25  3.01
 60   30     2.43  4.13  3.78  4.33  4.44  4.04  3.99  4.29  3.44  3.04  2.58  2.23     3.56  2.93  4.19  4.11  3.02
 60   40     2.48  4.16  3.74  4.18  4.23  3.83  3.79  4.12  3.34  3.00  2.60  2.27     3.48  2.97  4.05  3.91  2.98
 60   50     2.49  4.15  3.66  3.95  3.96  3.56  3.53  3.88  3.17  2.90  2.57  2.28     3.34  2.97  3.86  3.66  2.88
 60   60     2.46  4.08  3.54  3.68  3.65  3.27  3.24  3.59  2.97  2.76  2.50  2.25     3.17  2.93  3.62  3.37  2.74
 60   70     2.39  3.96  3.37  3.36  3.30  2.95  2.93  3.27  2.71  2.57  2.37  2.17     2.95  2.84  3.35  3.05  2.55
 60   80     2.31  3.81  3.18  3.02  2.93  2.61  2.59  2.91  2.45  2.34  2.19  2.05     2.70  2.72  3.04  2.70  2.33
 60   90     2.19  3.60  2.97  2.66  2.56  2.28  2.26  2.56  2.16  2.09  2.00  1.91     2.44  2.56  2.73  2.37  2.08
 75   10     2.18  3.79  3.66  4.41  4.65  4.29  4.22  4.43  3.45  2.90  2.31  1.92     3.52  2.63  4.24  4.32  2.88
 75   20     2.22  3.84  3.66  4.35  4.56  4.19  4.13  4.36  3.42  2.90  2.35  1.99     3.50  2.68  4.19  4.23  2.89
 75   30     2.25  3.85  3.63  4.22  4.41  4.03  3.97  4.23  3.33  2.86  2.37  2.01     3.43  2.70  4.09  4.08  2.85
 75   40     2.25  3.83  3.56  4.04  4.20  3.82  3.77  4.04  3.20  2.78  2.34  2.02     3.32  2.70  3.93  3.88  2.77
 75   50     2.22  3.77  3.45  3.82  3.94  3.56  3.52  3.81  3.03  2.67  2.28  1.99     3.17  2.66  3.74  3.63  2.66
 75   60     2.18  3.69  3.33  3.55  3.63  3.27  3.24  3.53  2.81  2.50  2.17  1.94     2.99  2.60  3.50  3.35  2.50
 75   70     2.11  3.56  3.17  3.26  3.31  2.97  2.94  3.23  2.59  2.33  2.05  1.86     2.78  2.51  3.24  3.05  2.32
 75   80     2.02  3.44  3.00  2.94  2.96  2.65  2.63  2.90  2.33  2.11  1.89  1.74     2.55  2.40  2.97  2.73  2.11
 75   90     1.93  3.27  2.81  2.60  2.61  2.33  2.31  2.56  2.07  1.89  1.71  1.62     2.31  2.27  2.67  2.40  1.89
 90   10     2.10  3.68  3.59  4.36  4.63  4.28  4.21  4.40  3.40  2.82  2.22  1.84     3.46  2.54  4.20  4.30  2.81
 90   20     2.08  3.63  3.53  4.25  4.52  4.18  4.11  4.30  3.33  2.75  2.19  1.82     3.39  2.51  4.10  4.20  2.76
 90   30     2.04  3.56  3.45  4.09  4.35  4.01  3.94  4.15  3.21  2.66  2.13  1.80     3.28  2.47  3.96  4.03  2.67
 90   40     2.00  3.47  3.35  3.88  4.13  3.79  3.73  3.94  3.04  2.55  2.06  1.75     3.14  2.41  3.79  3.82  2.55
 90   50     1.95  3.39  3.22  3.64  3.87  3.54  3.48  3.70  2.86  2.40  1.97  1.70     2.98  2.35  3.58  3.57  2.41
 90   60     1.90  3.28  3.08  3.38  3.57  3.25  3.21  3.43  2.65  2.24  1.86  1.62     2.79  2.27  3.35  3.29  2.25
 90   70     1.83  3.18  2.94  3.09  3.25  2.95  2.90  3.13  2.42  2.06  1.73  1.54     2.59  2.19  3.09  2.99  2.07
 90   80     1.76  3.05  2.78  2.79  2.93  2.65  2.61  2.82  2.19  1.87  1.59  1.45     2.37  2.09  2.84  2.69  1.88
 90   90     1.69  2.95  2.64  2.50  2.60  2.34  2.31  2.51  1.95  1.67  1.43  1.34     2.16  1.99  2.58  2.39  1.68
105   10     2.02  3.57  3.52  4.31  4.61  4.28  4.20  4.37  3.36  2.74  2.13  1.76     3.41  2.45  4.15  4.28  2.74
105   20     1.93  3.41  3.40  4.16  4.48  4.16  4.08  4.24  3.23  2.61  2.02  1.66     3.28  2.34  4.01  4.16  2.62
105   30     1.84  3.26  3.26  3.95  4.29  3.98  3.90  4.04  3.07  2.46  1.90  1.57     3.13  2.23  3.83  3.98  2.48
105   40     1.76  3.12  3.12  3.70  4.04  3.75  3.68  3.81  2.88  2.29  1.78  1.49     2.95  2.13  3.62  3.75  2.32
105   50     1.70  2.99  2.97  3.43  3.76  3.48  3.42  3.54  2.67  2.13  1.66  1.41     2.76  2.04  3.39  3.48  2.15
105   60     1.63  2.88  2.83  3.16  3.46  3.19  3.13  3.27  2.45  1.96  1.55  1.33     2.57  1.95  3.15  3.20  1.98
105   70     1.58  2.79  2.68  2.88  3.14  2.89  2.84  2.98  2.23  1.79  1.42  1.26     2.37  1.88  2.90  2.90  1.81
105   80     1.52  2.70  2.56  2.60  2.83  2.60  2.54  2.68  2.01  1.62  1.31  1.18     2.18  1.80  2.66  2.61  1.65
105   90     1.48  2.63  2.43  2.33  2.52  2.30  2.26  2.39  1.79  1.45  1.18  1.10     1.99  1.74  2.43  2.32  1.47
120   10     1.95  3.46  3.46  4.26  4.59  4.27  4.19  4.34  3.31  2.67  2.04  1.68     3.35  2.36  4.11  4.27  2.67
120   20     1.80  3.21  3.28  4.06  4.44  4.14  4.06  4.17  3.14  2.47  1.85  1.51     3.18  2.17  3.92  4.12  2.49
120   30     1.66  2.97  3.08  3.79  4.21  3.94  3.86  3.93  2.93  2.26  1.67  1.37     2.97  2.00  3.70  3.91  2.29
120   40     1.55  2.77  2.89  3.50  3.93  3.69  3.61  3.66  2.70  2.05  1.51  1.25     2.76  1.86  3.44  3.65  2.09
120   50     1.47  2.62  2.71  3.20  3.62  3.41  3.33  3.36  2.47  1.85  1.38  1.16     2.55  1.75  3.18  3.37  1.90
120   60     1.41  2.52  2.56  2.90  3.30  3.10  3.03  3.06  2.24  1.68  1.26  1.08     2.35  1.67  2.92  3.06  1.73
120   70     1.37  2.44  2.44  2.62  2.98  2.79  2.73  2.77  2.02  1.53  1.15  1.02     2.16  1.61  2.68  2.77  1.56
120   80     1.34  2.39  2.32  2.37  2.67  2.50  2.44  2.50  1.82  1.37  1.06  0.96     1.98  1.56  2.45  2.48  1.42
120   90     1.32  2.36  2.23  2.12  2.37  2.21  2.16  2.23  1.63  1.24  0.96  0.91     1.81  1.53  2.24  2.20  1.28
135   10     1.89  3.37  3.41  4.22  4.58  4.27  4.18  4.31  3.27  2.61  1.97  1.60     3.31  2.29  4.07  4.25  2.62
135   20     1.67  3.03  3.17  3.96  4.40  4.13  4.04  4.11  3.06  2.34  1.70  1.37     3.08  2.02  3.84  4.09  2.37
135   30     1.49  2.71  2.91  3.65  4.14  3.92  3.82  3.83  2.80  2.07  1.46  1.17     2.83  1.79  3.57  3.86  2.11
135   40     1.36  2.46  2.67  3.30  3.82  3.64  3.54  3.51  2.53  1.81  1.27  1.03     2.58  1.62  3.26  3.56  1.87
135   50     1.28  2.29  2.46  2.95  3.46  3.32  3.23  3.17  2.26  1.60  1.13  0.95     2.34  1.51  2.96  3.24  1.66
135   60     1.24  2.20  2.30  2.63  3.10  2.98  2.90  2.83  2.02  1.43  1.02  0.89     2.13  1.44  2.68  2.90  1.49
135   70     1.23  2.15  2.19  2.35  2.77  2.66  2.58  2.52  1.81  1.29  0.94  0.86     1.95  1.41  2.43  2.59  1.35
135   80     1.22  2.15  2.10  2.10  2.46  2.36  2.30  2.26  1.63  1.17  0.87  0.82     1.79  1.40  2.22  2.31  1.22
135   90     1.22  2.16  2.05  1.89  2.19  2.09  2.03  2.02  1.46  1.07  0.80  0.79     1.65  1.39  2.04  2.05  1.11
150   10     1.84  3.30  3.36  4.19  4.57  4.26  4.18  4.29  3.24  2.56  1.91  1.54     3.27  2.23  4.04  4.24  2.57
150   20     1.57  2.88  3.08  3.90  4.37  4.12  4.03  4.06  2.99  2.24  1.58  1.25     3.00  1.90  3.78  4.07  2.27
150   30     1.34  2.48  2.77  3.54  4.09  3.90  3.80  3.75  2.69  1.90  1.27  1.01     2.71  1.61  3.46  3.81  1.96
150   40     1.20  2.18  2.46  3.13  3.73  3.61  3.50  3.38  2.37  1.60  1.05  0.87     2.42  1.42  3.11  3.50  1.67
150   50     1.16  2.01  2.22  2.71  3.31  3.25  3.15  2.97  2.06  1.36  0.93  0.82     2.16  1.33  2.75  3.12  1.45
150   60     1.16  1.96  2.06  2.34  2.88  2.87  2.76  2.58  1.80  1.22  0.87  0.80     1.94  1.31  2.43  2.74  1.30
150   70     1.17  1.98  1.98  2.05  2.51  2.50  2.41  2.26  1.61  1.11  0.82  0.78     1.76  1.31  2.18  2.39  1.18
150   80     1.18  2.01  1.93  1.84  2.21  2.19  2.12  2.01  1.46  1.03  0.77  0.76     1.63  1.31  1.99  2.11  1.09
150   90     1.18  2.06  1.91  1.67  1.97  1.94  1.88  1.80  1.32  0.95  0.73  0.74     1.51  1.33  1.85  1.87  1.00
165   10     1.81  3.26  3.34  4.18  4.56  4.26  4.17  4.27  3.22  2.53  1.87  1.50     3.25  2.19  4.02  4.24  2.54
165   20     1.50  2.79  3.02  3.86  4.35  4.11  4.02  4.03  2.95  2.17  1.49  1.17     2.96  1.82  3.74  4.05  2.20
165   30     1.23  2.32  2.67  3.48  4.06  3.89  3.79  3.70  2.62  1.79  1.13  0.90     2.63  1.48  3.40  3.79  1.85
165   40     1.15  1.94  2.31  3.02  3.69  3.60  3.48  3.31  2.26  1.42  0.91  0.83     2.33  1.31  3.01  3.46  1.53
165   50     1.15  1.84  2.00  2.53  3.25  3.24  3.12  2.86  1.89  1.17  0.88  0.82     2.06  1.27  2.59  3.07  1.31
165   60     1.16  1.88  1.86  2.06  2.76  2.83  2.71  2.36  1.60  1.08  0.84  0.80     1.83  1.28  2.23  2.64  1.18
165   70     1.17  1.93  1.83  1.77  2.26  2.39  2.27  1.98  1.44  1.02  0.80  0.78     1.64  1.29  1.95  2.21  1.09
165   80     1.17  1.98  1.83  1.61  1.96  2.02  1.95  1.76  1.33  0.96  0.76  0.76     1.51  1.31  1.80  1.91  1.02
165   90     1.18  2.04  1.82  1.49  1.76  1.79  1.73  1.60  1.23  0.91  0.71  0.74     1.42  1.32  1.69  1.71  0.95
180   10     1.79  3.25  3.33  4.18  4.55  4.26  4.17  4.27  3.21  2.52  1.85  1.49     3.24  2.18  4.02  4.23  2.53
180   20     1.48  2.75  3.00  3.86  4.34  4.11  4.02  4.02  2.93  2.14  1.46  1.15     2.94  1.79  3.73  4.05  2.18
180   30     1.19  2.25  2.63  3.47  4.04  3.89  3.78  3.69  2.60  1.74  1.08  0.86     2.60  1.44  3.38  3.79  1.81
180   40     1.15  1.82  2.24  3.02  3.67  3.59  3.48  3.29  2.23  1.33  0.91  0.83     2.30  1.27  2.98  3.45  1.49
180   50     1.15  1.84  1.85  2.51  3.23  3.23  3.12  2.83  1.82  1.12  0.88  0.82     2.03  1.27  2.53  3.06  1.27
180   60     1.16  1.88  1.79  1.97  2.74  2.83  2.71  2.33  1.46  1.07  0.84  0.80     1.80  1.28  2.17  2.62  1.12
180   70     1.17  1.93  1.80  1.62  2.21  2.38  2.26  1.84  1.36  1.02  0.80  0.78     1.60  1.29  1.88  2.16  1.06
180   80     1.17  1.98  1.80  1.51  1.84  1.95  1.87  1.64  1.28  0.96  0.76  0.76     1.46  1.31  1.72  1.82  1.00
180   90     1.18  2.04  1.81  1.43  1.66  1.72  1.67  1.51  1.19  0.91  0.71  0.74     1.38  1.32  1.63  1.63  0.94
             61.9  56.3  39.3  19.4   7.0   2.7   4.4  12.6  25.3  41.3  53.8  60.4     30.6  59.1  20.4   6.8  40.3
             3.15  5.04  4.14  4.59  4.69  4.33  4.26  4.51  3.67  3.49  3.28  2.97     4.01  3.72  4.40  4.35  3.43
             2.86  4.74  4.11  4.53  4.44  4.02  3.99  4.37  3.66  3.44  3.07  2.68     3.83  3.43  4.36  4.13  3.39
             1.10  1.06  1.01  1.01  1.06  1.08  1.07  1.03  1.00  1.01  1.07  1.11     1.05  1.09  1.03  1.06  1.03
             1.36  1.26  1.14  1.02  0.95  0.93  0.94  0.99  1.06  1.21  1.38  1.45     1.14  1.36  1.04  0.95  1.21
temperature  -4.9  -4.4  -0.4   6.1  11.4  15.5  19.1  19.9  15.8   9.1   3.4  -2.0      7.4  -3.8   5.7  18.2   9.4
diffusedrad  1.34  2.27  2.15  2.27  2.52  2.64  2.58  2.38  2.02  1.53  1.20  1.04     2.00  1.55  2.31  2.53  1.58
snow10cm     0.77  0.85  0.62  0.05  0.00  0.00  0.00  0.00  0.00  0.00  0.01  0.27     0.21  0.63  0.22  0.00  0.00
