2 48621   伊那            35 49.6  137 57.3  628
             2.42  3.40  3.92  4.81  5.16  4.88  4.96  5.13  3.87  3.20  2.52  2.20     3.87  2.67  4.63  4.99  3.19
             2.80  4.39  4.26  5.54  5.85  5.37  6.40  5.79  4.56  3.62  2.83  2.55     4.10  3.06  4.91  5.65  3.46
             2.10  2.79  3.24  4.10  4.60  4.09  3.64  3.98  3.29  2.78  2.13  1.87     3.61  2.37  4.23  4.25  2.87
  0   10     2.89  3.81  4.23  4.97  5.17  4.84  4.94  5.22  4.05  3.54  2.98  2.69     4.11  3.13  4.79  5.00  3.52
  0   20     3.29  4.18  4.45  5.02  5.09  4.72  4.83  5.20  4.16  3.80  3.38  3.13     4.27  3.54  4.85  4.92  3.78
  0   30     3.62  4.45  4.56  4.97  4.91  4.51  4.63  5.08  4.18  3.98  3.69  3.49     4.34  3.85  4.81  4.74  3.95
  0   40     3.86  4.62  4.57  4.80  4.62  4.21  4.34  4.85  4.11  4.06  3.90  3.77     4.31  4.08  4.67  4.47  4.03
  0   50     4.00  4.68  4.48  4.54  4.25  3.84  3.96  4.51  3.95  4.05  4.02  3.94     4.18  4.21  4.42  4.11  4.01
  0   60     4.05  4.63  4.28  4.17  3.79  3.41  3.53  4.08  3.70  3.94  4.04  4.01     3.97  4.23  4.08  3.67  3.89
  0   70     4.00  4.48  3.99  3.72  3.28  2.94  3.04  3.57  3.38  3.73  3.96  3.98     3.67  4.15  3.66  3.18  3.69
  0   80     3.85  4.22  3.61  3.19  2.72  2.43  2.51  3.01  2.99  3.45  3.77  3.85     3.30  3.97  3.17  2.65  3.40
  0   90     3.60  3.86  3.15  2.62  2.15  1.94  1.99  2.40  2.55  3.08  3.49  3.61     2.87  3.69  2.64  2.11  3.04
 15   10     2.87  3.80  4.22  4.95  5.17  4.84  4.94  5.22  4.04  3.52  2.97  2.68     4.10  3.12  4.78  5.00  3.51
 15   20     3.26  4.14  4.42  5.01  5.09  4.72  4.83  5.21  4.15  3.77  3.34  3.11     4.26  3.51  4.84  4.92  3.75
 15   30     3.57  4.40  4.53  4.96  4.91  4.51  4.63  5.09  4.17  3.94  3.63  3.46     4.32  3.81  4.80  4.74  3.91
 15   40     3.80  4.56  4.53  4.79  4.63  4.22  4.34  4.85  4.09  4.01  3.84  3.73     4.28  4.03  4.65  4.47  3.98
 15   50     3.93  4.61  4.44  4.53  4.27  3.87  3.99  4.53  3.93  3.99  3.94  3.89     4.16  4.14  4.41  4.13  3.95
 15   60     3.97  4.55  4.24  4.18  3.83  3.44  3.55  4.11  3.69  3.87  3.95  3.96     3.94  4.16  4.08  3.70  3.84
 15   70     3.91  4.38  3.95  3.73  3.33  2.98  3.09  3.62  3.38  3.66  3.86  3.92     3.65  4.07  3.67  3.23  3.63
 15   80     3.76  4.12  3.57  3.23  2.79  2.49  2.58  3.07  2.99  3.37  3.67  3.78     3.29  3.89  3.19  2.71  3.34
 15   90     3.51  3.76  3.11  2.68  2.24  2.01  2.07  2.50  2.56  3.00  3.39  3.55     2.87  3.61  2.68  2.19  2.98
 30   10     2.83  3.75  4.18  4.93  5.17  4.84  4.94  5.21  4.02  3.48  2.92  2.64     4.08  3.07  4.76  5.00  3.47
 30   20     3.17  4.05  4.36  4.97  5.10  4.73  4.84  5.20  4.11  3.70  3.24  3.02     4.21  3.41  4.81  4.92  3.68
 30   30     3.43  4.26  4.45  4.91  4.92  4.53  4.65  5.09  4.11  3.83  3.49  3.33     4.25  3.67  4.76  4.75  3.81
 30   40     3.62  4.38  4.44  4.76  4.67  4.26  4.38  4.88  4.04  3.88  3.66  3.55     4.21  3.85  4.62  4.50  3.86
 30   50     3.72  4.39  4.32  4.49  4.32  3.91  4.04  4.56  3.87  3.84  3.73  3.69     4.07  3.93  4.38  4.17  3.81
 30   60     3.73  4.31  4.13  4.16  3.92  3.52  3.64  4.18  3.63  3.71  3.71  3.73     3.86  3.92  4.07  3.78  3.69
 30   70     3.65  4.13  3.84  3.75  3.45  3.09  3.20  3.72  3.33  3.49  3.61  3.67     3.58  3.82  3.68  3.34  3.48
 30   80     3.48  3.87  3.47  3.28  2.96  2.64  2.73  3.23  2.96  3.20  3.40  3.52     3.23  3.62  3.24  2.86  3.19
 30   90     3.23  3.51  3.05  2.78  2.47  2.20  2.27  2.71  2.57  2.85  3.12  3.28     2.84  3.34  2.77  2.39  2.85
 45   10     2.75  3.67  4.13  4.90  5.17  4.84  4.93  5.20  3.98  3.42  2.84  2.56     4.03  2.99  4.73  4.99  3.42
 45   20     3.01  3.90  4.27  4.91  5.09  4.73  4.83  5.17  4.04  3.59  3.10  2.87     4.13  3.26  4.76  4.91  3.58
 45   30     3.22  4.05  4.31  4.84  4.93  4.55  4.66  5.07  4.03  3.68  3.29  3.10     4.14  3.46  4.70  4.76  3.67
 45   40     3.35  4.12  4.28  4.67  4.68  4.28  4.40  4.86  3.93  3.69  3.40  3.27     4.08  3.58  4.55  4.51  3.67
 45   50     3.41  4.09  4.16  4.43  4.38  3.97  4.09  4.58  3.77  3.62  3.44  3.36     3.94  3.62  4.32  4.21  3.61
 45   60     3.38  3.98  3.95  4.10  3.99  3.61  3.72  4.22  3.54  3.48  3.40  3.37     3.73  3.58  4.01  3.85  3.47
 45   70     3.28  3.80  3.68  3.73  3.58  3.21  3.31  3.81  3.25  3.26  3.27  3.29     3.46  3.45  3.66  3.44  3.26
 45   80     3.11  3.54  3.34  3.30  3.13  2.80  2.89  3.36  2.91  2.99  3.07  3.12     3.13  3.25  3.26  3.02  2.99
 45   90     2.87  3.20  2.96  2.86  2.68  2.40  2.47  2.89  2.55  2.66  2.80  2.88     2.77  2.98  2.83  2.59  2.67
 60   10     2.65  3.57  4.06  4.86  5.16  4.84  4.93  5.17  3.94  3.34  2.75  2.45     3.98  2.89  4.69  4.98  3.34
 60   20     2.83  3.71  4.14  4.84  5.07  4.73  4.82  5.13  3.96  3.45  2.92  2.67     4.02  3.07  4.68  4.89  3.44
 60   30     2.96  3.79  4.14  4.73  4.92  4.55  4.65  5.01  3.91  3.48  3.04  2.83     4.00  3.19  4.60  4.74  3.48
 60   40     3.02  3.78  4.07  4.57  4.69  4.31  4.41  4.82  3.80  3.45  3.10  2.93     3.91  3.24  4.44  4.51  3.45
 60   50     3.03  3.73  3.94  4.31  4.39  4.01  4.11  4.54  3.62  3.35  3.09  2.96     3.76  3.24  4.21  4.22  3.35
 60   60     2.97  3.60  3.73  4.02  4.05  3.67  3.77  4.22  3.40  3.20  3.02  2.93     3.55  3.17  3.93  3.89  3.21
 60   70     2.85  3.40  3.46  3.66  3.66  3.31  3.40  3.85  3.12  2.99  2.89  2.83     3.29  3.03  3.59  3.52  3.00
 60   80     2.69  3.17  3.16  3.28  3.25  2.92  3.00  3.43  2.82  2.73  2.69  2.67     2.98  2.84  3.23  3.12  2.75
 60   90     2.47  2.87  2.81  2.87  2.84  2.54  2.62  3.02  2.49  2.44  2.45  2.46     2.66  2.60  2.84  2.73  2.46
 75   10     2.54  3.45  3.98  4.80  5.14  4.83  4.92  5.14  3.88  3.26  2.64  2.33     3.91  2.77  4.64  4.96  3.26
 75   20     2.62  3.50  3.98  4.74  5.04  4.72  4.81  5.07  3.86  3.28  2.72  2.44     3.90  2.85  4.59  4.87  3.28
 75   30     2.66  3.48  3.94  4.60  4.88  4.54  4.63  4.93  3.77  3.25  2.76  2.50     3.83  2.88  4.47  4.70  3.26
 75   40     2.66  3.43  3.82  4.41  4.65  4.31  4.40  4.73  3.63  3.16  2.75  2.54     3.71  2.88  4.30  4.48  3.18
 75   50     2.61  3.32  3.66  4.17  4.37  4.02  4.11  4.47  3.45  3.05  2.70  2.52     3.54  2.81  4.07  4.20  3.07
 75   60     2.53  3.18  3.46  3.86  4.04  3.69  3.78  4.15  3.22  2.88  2.59  2.46     3.32  2.72  3.78  3.88  2.89
 75   70     2.41  2.98  3.20  3.54  3.69  3.35  3.43  3.81  2.97  2.68  2.47  2.36     3.07  2.58  3.48  3.53  2.71
 75   80     2.25  2.77  2.92  3.18  3.30  2.99  3.07  3.43  2.68  2.44  2.29  2.20     2.79  2.41  3.13  3.17  2.47
 75   90     2.07  2.52  2.62  2.81  2.91  2.63  2.70  3.03  2.38  2.19  2.08  2.02     2.50  2.21  2.78  2.78  2.22
 90   10     2.42  3.33  3.89  4.75  5.12  4.83  4.91  5.10  3.82  3.16  2.52  2.20     3.84  2.65  4.59  4.94  3.17
 90   20     2.38  3.26  3.81  4.63  5.00  4.71  4.78  5.00  3.74  3.09  2.49  2.19     3.76  2.61  4.48  4.83  3.11
 90   30     2.34  3.17  3.69  4.45  4.82  4.52  4.59  4.82  3.61  3.00  2.44  2.17     3.63  2.56  4.32  4.64  3.02
 90   40     2.27  3.04  3.54  4.22  4.58  4.28  4.35  4.59  3.43  2.87  2.38  2.12     3.47  2.48  4.11  4.41  2.89
 90   50     2.19  2.90  3.35  3.96  4.30  4.00  4.07  4.33  3.23  2.71  2.28  2.07     3.28  2.39  3.87  4.13  2.74
 90   60     2.09  2.73  3.13  3.67  3.97  3.67  3.75  4.02  3.01  2.54  2.17  1.97     3.06  2.26  3.59  3.81  2.57
 90   70     1.97  2.56  2.90  3.34  3.62  3.34  3.40  3.68  2.75  2.33  2.03  1.88     2.82  2.13  3.29  3.47  2.37
 90   80     1.82  2.35  2.63  3.02  3.27  3.00  3.06  3.34  2.50  2.13  1.88  1.74     2.56  1.97  2.97  3.13  2.17
 90   90     1.69  2.16  2.38  2.68  2.91  2.65  2.71  2.98  2.22  1.90  1.70  1.60     2.30  1.81  2.65  2.78  1.94
105   10     2.29  3.20  3.80  4.69  5.09  4.82  4.89  5.05  3.76  3.06  2.39  2.07     3.76  2.52  4.53  4.92  3.07
105   20     2.15  3.02  3.64  4.51  4.95  4.69  4.75  4.91  3.61  2.91  2.26  1.94     3.61  2.37  4.37  4.78  2.93
105   30     2.01  2.84  3.44  4.27  4.74  4.49  4.54  4.69  3.43  2.73  2.13  1.82     3.43  2.23  4.15  4.57  2.76
105   40     1.89  2.65  3.23  4.00  4.47  4.23  4.28  4.42  3.22  2.55  2.00  1.72     3.22  2.09  3.90  4.31  2.59
105   50     1.78  2.47  3.01  3.70  4.17  3.93  3.98  4.13  2.98  2.37  1.86  1.62     3.00  1.96  3.63  4.01  2.40
105   60     1.66  2.29  2.78  3.40  3.84  3.61  3.65  3.81  2.75  2.17  1.75  1.52     2.77  1.82  3.34  3.69  2.22
105   70     1.56  2.13  2.54  3.09  3.49  3.27  3.31  3.49  2.51  1.99  1.61  1.43     2.53  1.70  3.04  3.35  2.04
105   80     1.43  1.96  2.32  2.77  3.15  2.93  2.97  3.15  2.26  1.81  1.49  1.32     2.30  1.57  2.75  3.02  1.85
105   90     1.33  1.80  2.08  2.48  2.81  2.61  2.64  2.82  2.02  1.62  1.35  1.21     2.06  1.45  2.46  2.69  1.67
120   10     2.17  3.09  3.71  4.63  5.07  4.82  4.88  5.01  3.70  2.97  2.27  1.94     3.69  2.40  4.47  4.90  2.98
120   20     1.93  2.79  3.46  4.39  4.90  4.67  4.72  4.81  3.49  2.73  2.03  1.70     3.47  2.14  4.25  4.73  2.75
120   30     1.71  2.51  3.18  4.09  4.65  4.44  4.49  4.54  3.25  2.47  1.81  1.50     3.22  1.91  3.97  4.49  2.51
120   40     1.54  2.26  2.90  3.75  4.34  4.15  4.19  4.22  2.98  2.23  1.63  1.34     2.96  1.71  3.67  4.18  2.28
120   50     1.40  2.05  2.64  3.42  3.99  3.83  3.85  3.88  2.72  2.01  1.48  1.21     2.71  1.55  3.35  3.85  2.07
120   60     1.28  1.88  2.40  3.08  3.64  3.48  3.50  3.53  2.47  1.82  1.35  1.12     2.46  1.43  3.04  3.51  1.88
120   70     1.20  1.72  2.19  2.78  3.29  3.14  3.16  3.20  2.23  1.65  1.23  1.04     2.23  1.32  2.75  3.17  1.70
120   80     1.11  1.60  1.98  2.50  2.95  2.80  2.82  2.89  2.01  1.48  1.14  0.96     2.02  1.23  2.48  2.84  1.54
120   90     1.05  1.48  1.79  2.22  2.63  2.49  2.50  2.58  1.80  1.35  1.04  0.89     1.82  1.14  2.21  2.52  1.40
135   10     2.07  2.98  3.63  4.58  5.05  4.81  4.87  4.97  3.65  2.89  2.17  1.83     3.63  2.29  4.42  4.88  2.90
135   20     1.73  2.59  3.30  4.28  4.85  4.65  4.69  4.72  3.38  2.56  1.83  1.48     3.34  1.93  4.14  4.69  2.59
135   30     1.43  2.22  2.94  3.91  4.56  4.41  4.43  4.39  3.07  2.23  1.52  1.20     3.02  1.61  3.80  4.41  2.27
135   40     1.21  1.91  2.59  3.51  4.19  4.08  4.09  4.00  2.75  1.93  1.29  0.99     2.71  1.37  3.43  4.06  1.99
135   50     1.08  1.67  2.28  3.11  3.79  3.71  3.70  3.60  2.44  1.68  1.13  0.87     2.42  1.21  3.06  3.67  1.75
135   60     0.99  1.51  2.03  2.75  3.39  3.33  3.31  3.21  2.17  1.49  1.01  0.80     2.17  1.10  2.72  3.28  1.56
135   70     0.94  1.39  1.83  2.44  3.02  2.96  2.94  2.85  1.94  1.34  0.93  0.75     1.94  1.03  2.43  2.92  1.41
135   80     0.89  1.31  1.65  2.17  2.69  2.62  2.61  2.55  1.75  1.21  0.87  0.70     1.75  0.97  2.17  2.60  1.28
135   90     0.86  1.24  1.52  1.94  2.40  2.32  2.31  2.29  1.57  1.12  0.81  0.67     1.59  0.92  1.95  2.31  1.17
150   10     1.99  2.91  3.57  4.54  5.04  4.80  4.87  4.94  3.61  2.83  2.09  1.73     3.58  2.21  4.38  4.87  2.84
150   20     1.56  2.43  3.17  4.20  4.82  4.64  4.68  4.66  3.29  2.42  1.66  1.29     3.23  1.76  4.06  4.66  2.46
150   30     1.18  1.96  2.73  3.77  4.49  4.38  4.39  4.27  2.93  2.01  1.27  0.93     2.86  1.36  3.67  4.35  2.07
150   40     0.95  1.59  2.29  3.30  4.08  4.04  4.02  3.82  2.54  1.65  0.99  0.72     2.50  1.09  3.22  3.96  1.72
150   50     0.86  1.35  1.93  2.81  3.60  3.62  3.58  3.31  2.17  1.37  0.85  0.65     2.18  0.95  2.78  3.51  1.46
150   60     0.83  1.23  1.67  2.39  3.11  3.16  3.11  2.85  1.87  1.20  0.79  0.63     1.90  0.90  2.39  3.04  1.29
150   70     0.81  1.17  1.50  2.07  2.70  2.74  2.69  2.47  1.66  1.10  0.75  0.61     1.69  0.86  2.09  2.63  1.17
150   80     0.79  1.13  1.38  1.84  2.37  2.39  2.35  2.19  1.50  1.02  0.72  0.59     1.52  0.83  1.86  2.31  1.08
150   90     0.77  1.10  1.29  1.66  2.11  2.11  2.08  1.98  1.37  0.95  0.69  0.57     1.39  0.81  1.69  2.06  1.00
165   10     1.93  2.86  3.53  4.53  5.03  4.80  4.86  4.93  3.58  2.79  2.03  1.67     3.54  2.15  4.36  4.86  2.80
165   20     1.44  2.32  3.08  4.16  4.79  4.63  4.67  4.62  3.23  2.34  1.53  1.16     3.16  1.64  4.01  4.64  2.37
165   30     1.00  1.77  2.58  3.70  4.46  4.37  4.38  4.21  2.83  1.86  1.07  0.75     2.75  1.18  3.58  4.32  1.92
165   40     0.85  1.31  2.06  3.17  4.03  4.03  4.00  3.71  2.38  1.41  0.79  0.66     2.37  0.94  3.09  3.91  1.53
165   50     0.83  1.14  1.61  2.59  3.52  3.60  3.55  3.15  1.93  1.11  0.77  0.64     2.04  0.87  2.57  3.44  1.27
165   60     0.82  1.12  1.37  2.04  2.96  3.12  3.04  2.53  1.60  1.02  0.75  0.63     1.75  0.86  2.12  2.90  1.12
165   70     0.80  1.11  1.27  1.72  2.37  2.59  2.48  2.07  1.43  0.97  0.72  0.61     1.51  0.84  1.79  2.38  1.04
165   80     0.79  1.09  1.20  1.55  2.04  2.16  2.09  1.83  1.32  0.93  0.69  0.59     1.36  0.82  1.60  2.03  0.98
165   90     0.77  1.08  1.14  1.43  1.83  1.91  1.86  1.68  1.23  0.89  0.67  0.57     1.25  0.80  1.47  1.81  0.93
180   10     1.91  2.85  3.52  4.53  5.02  4.80  4.86  4.92  3.57  2.77  2.01  1.65     3.53  2.13  4.36  4.86  2.78
180   20     1.39  2.27  3.05  4.15  4.78  4.63  4.66  4.60  3.21  2.30  1.49  1.12     3.14  1.60  3.99  4.63  2.33
180   30     0.94  1.69  2.52  3.69  4.44  4.36  4.37  4.19  2.80  1.79  1.00  0.70     2.71  1.11  3.55  4.31  1.86
180   40     0.85  1.18  1.95  3.16  4.00  4.01  4.00  3.69  2.33  1.28  0.79  0.66     2.33  0.90  3.04  3.90  1.47
180   50     0.83  1.14  1.37  2.57  3.49  3.59  3.54  3.11  1.83  1.04  0.77  0.64     2.00  0.87  2.48  3.42  1.21
180   60     0.82  1.12  1.24  1.94  2.92  3.11  3.03  2.49  1.39  1.01  0.75  0.63     1.70  0.86  2.04  2.87  1.05
180   70     0.80  1.11  1.20  1.53  2.31  2.57  2.47  1.86  1.31  0.97  0.72  0.61     1.46  0.84  1.68  2.30  1.00
180   80     0.79  1.09  1.16  1.43  1.88  2.06  1.98  1.66  1.24  0.93  0.69  0.59     1.29  0.82  1.49  1.90  0.95
180   90     0.77  1.08  1.11  1.35  1.70  1.81  1.76  1.53  1.17  0.89  0.67  0.57     1.20  0.80  1.39  1.70  0.91
             59.7  50.6  36.0  19.9   6.8   2.1   3.9  13.9  27.3  43.6  56.7  61.9     32.1  57.3  20.9   6.6  43.1
             4.05  4.68  4.58  5.02  5.18  4.87  4.96  5.23  4.18  4.07  4.05  4.02     4.57  4.24  4.85  5.01  4.03
             3.68  4.50  4.57  4.94  4.85  4.45  4.58  5.04  4.17  4.00  3.74  3.56     4.34  3.91  4.79  4.69  3.97
             1.10  1.04  1.00  1.02  1.07  1.09  1.08  1.04  1.00  1.02  1.08  1.13     1.06  1.09  1.03  1.07  1.03
             1.52  1.32  1.17  1.03  0.94  0.91  0.92  0.98  1.08  1.25  1.48  1.62     1.19  1.49  1.04  0.94  1.27
temperature  -1.4  -0.6   3.4   9.7  14.6  18.4  21.8  22.7  18.8  12.2   6.3   1.2     10.6  -0.3   9.2  21.0  12.4
diffusedrad  1.17  1.64  1.84  2.18  2.48  2.65  2.56  2.30  1.98  1.49  1.11  0.94     1.86  1.25  2.16  2.50  1.53
snow10cm     0.14  0.18  0.03  0.00  0.00  0.00  0.00  0.00  0.00  0.00  0.00  0.01     0.03  0.11  0.01  0.00  0.00
