1 48767   飯田            35 31.4  137 49.3  516
             2.41  3.26  3.89  4.68  4.99  4.61  4.65  4.82  3.65  3.02  2.36  2.13     3.71  2.60  4.52  4.70  3.01
             2.77  3.72  4.31  5.45  5.63  5.09  6.00  5.86  4.52  3.50  2.72  2.49     4.01  2.96  4.84  5.31  3.24
             2.06  2.62  3.29  3.98  4.40  4.13  3.63  3.90  2.95  2.56  1.98  1.83     3.48  2.34  4.18  4.06  2.63
  0   10     2.89  3.65  4.20  4.82  5.00  4.57  4.64  4.90  3.81  3.31  2.76  2.59     3.93  3.04  4.67  4.70  3.29
  0   20     3.29  4.01  4.41  4.87  4.92  4.46  4.53  4.88  3.90  3.53  3.09  2.99     4.07  3.43  4.73  4.63  3.51
  0   30     3.62  4.27  4.52  4.81  4.74  4.26  4.35  4.77  3.91  3.68  3.35  3.32     4.13  3.74  4.69  4.46  3.64
  0   40     3.86  4.42  4.52  4.65  4.46  3.99  4.08  4.55  3.84  3.74  3.52  3.57     4.10  3.95  4.54  4.21  3.70
  0   50     4.01  4.48  4.42  4.38  4.10  3.65  3.74  4.23  3.68  3.71  3.61  3.72     3.98  4.07  4.30  3.87  3.67
  0   60     4.05  4.42  4.22  4.03  3.67  3.25  3.34  3.83  3.45  3.60  3.62  3.78     3.77  4.08  3.97  3.47  3.56
  0   70     3.99  4.26  3.93  3.59  3.17  2.81  2.89  3.37  3.15  3.41  3.53  3.74     3.49  4.00  3.56  3.02  3.36
  0   80     3.83  3.99  3.55  3.09  2.64  2.34  2.40  2.85  2.79  3.14  3.35  3.61     3.13  3.81  3.09  2.53  3.10
  0   90     3.58  3.64  3.09  2.53  2.09  1.88  1.93  2.29  2.38  2.80  3.10  3.38     2.72  3.53  2.57  2.03  2.76
 15   10     2.87  3.64  4.18  4.81  5.00  4.57  4.64  4.90  3.80  3.29  2.74  2.58     3.92  3.03  4.66  4.70  3.28
 15   20     3.26  3.97  4.38  4.86  4.92  4.46  4.54  4.89  3.89  3.51  3.06  2.97     4.06  3.40  4.72  4.63  3.48
 15   30     3.58  4.22  4.49  4.80  4.74  4.27  4.35  4.77  3.90  3.64  3.30  3.29     4.11  3.69  4.68  4.46  3.61
 15   40     3.80  4.36  4.49  4.63  4.47  4.00  4.09  4.55  3.82  3.69  3.47  3.53     4.07  3.90  4.53  4.21  3.66
 15   50     3.93  4.40  4.38  4.38  4.12  3.67  3.76  4.25  3.67  3.66  3.55  3.67     3.95  4.00  4.30  3.89  3.62
 15   60     3.97  4.34  4.18  4.04  3.70  3.27  3.36  3.86  3.44  3.54  3.54  3.73     3.75  4.01  3.97  3.50  3.51
 15   70     3.90  4.17  3.89  3.61  3.22  2.85  2.93  3.40  3.14  3.34  3.44  3.69     3.46  3.92  3.57  3.06  3.31
 15   80     3.74  3.90  3.51  3.12  2.70  2.39  2.46  2.90  2.79  3.07  3.27  3.55     3.12  3.73  3.11  2.58  3.04
 15   90     3.48  3.54  3.05  2.59  2.18  1.95  1.99  2.37  2.39  2.73  3.01  3.32     2.72  3.45  2.61  2.10  2.71
 30   10     2.82  3.59  4.15  4.79  5.00  4.57  4.63  4.90  3.78  3.26  2.70  2.54     3.89  2.98  4.64  4.70  3.25
 30   20     3.17  3.88  4.33  4.82  4.93  4.47  4.54  4.88  3.85  3.44  2.97  2.89     4.01  3.31  4.69  4.63  3.42
 30   30     3.43  4.08  4.41  4.76  4.75  4.28  4.36  4.77  3.85  3.55  3.18  3.17     4.05  3.56  4.64  4.47  3.53
 30   40     3.62  4.18  4.39  4.60  4.51  4.03  4.11  4.56  3.77  3.58  3.31  3.37     4.00  3.72  4.50  4.23  3.55
 30   50     3.72  4.19  4.27  4.34  4.17  3.71  3.80  4.27  3.61  3.53  3.36  3.48     3.87  3.80  4.26  3.92  3.50
 30   60     3.72  4.10  4.07  4.02  3.78  3.34  3.43  3.92  3.38  3.40  3.34  3.51     3.67  3.78  3.96  3.56  3.37
 30   70     3.63  3.92  3.79  3.62  3.33  2.94  3.02  3.49  3.10  3.19  3.23  3.45     3.39  3.67  3.58  3.15  3.17
 30   80     3.46  3.65  3.42  3.17  2.86  2.52  2.59  3.03  2.76  2.93  3.04  3.31     3.06  3.47  3.15  2.71  2.91
 30   90     3.20  3.29  3.00  2.68  2.39  2.11  2.16  2.55  2.39  2.60  2.78  3.08     2.69  3.19  2.69  2.27  2.59
 45   10     2.74  3.51  4.10  4.76  4.99  4.57  4.63  4.88  3.75  3.21  2.63  2.46     3.85  2.91  4.62  4.70  3.20
 45   20     3.01  3.73  4.23  4.76  4.92  4.47  4.54  4.85  3.80  3.35  2.85  2.74     3.94  3.16  4.64  4.62  3.33
 45   30     3.22  3.87  4.27  4.69  4.76  4.29  4.37  4.75  3.77  3.42  3.01  2.96     3.95  3.35  4.58  4.47  3.40
 45   40     3.35  3.93  4.24  4.52  4.52  4.05  4.13  4.55  3.67  3.41  3.09  3.11     3.88  3.46  4.43  4.24  3.39
 45   50     3.40  3.90  4.11  4.29  4.22  3.75  3.84  4.28  3.52  3.34  3.11  3.18     3.75  3.50  4.21  3.96  3.32
 45   60     3.37  3.78  3.90  3.97  3.85  3.41  3.49  3.94  3.30  3.20  3.06  3.18     3.54  3.44  3.90  3.62  3.19
 45   70     3.26  3.60  3.63  3.61  3.45  3.04  3.11  3.56  3.03  2.99  2.94  3.09     3.27  3.32  3.56  3.24  2.99
 45   80     3.08  3.33  3.29  3.19  3.02  2.66  2.73  3.14  2.71  2.74  2.75  2.94     2.96  3.12  3.17  2.84  2.73
 45   90     2.83  3.00  2.90  2.76  2.59  2.28  2.34  2.70  2.37  2.44  2.50  2.71     2.62  2.85  2.75  2.44  2.44
 60   10     2.64  3.42  4.03  4.72  4.98  4.57  4.63  4.86  3.71  3.14  2.55  2.37     3.80  2.81  4.58  4.68  3.13
 60   20     2.83  3.55  4.10  4.69  4.90  4.46  4.53  4.82  3.72  3.22  2.70  2.56     3.84  2.98  4.57  4.60  3.21
 60   30     2.95  3.62  4.11  4.59  4.75  4.30  4.36  4.70  3.67  3.24  2.79  2.71     3.81  3.09  4.48  4.45  3.23
 60   40     3.01  3.61  4.03  4.42  4.52  4.07  4.14  4.51  3.56  3.20  2.83  2.79     3.73  3.14  4.33  4.24  3.20
 60   50     3.02  3.55  3.89  4.18  4.23  3.78  3.86  4.25  3.39  3.10  2.80  2.81     3.57  3.13  4.10  3.96  3.10
 60   60     2.96  3.42  3.69  3.89  3.90  3.47  3.54  3.94  3.18  2.96  2.73  2.77     3.37  3.05  3.83  3.65  2.96
 60   70     2.83  3.22  3.42  3.54  3.53  3.12  3.19  3.59  2.91  2.75  2.60  2.68     3.11  2.91  3.50  3.30  2.76
 60   80     2.66  2.98  3.11  3.17  3.13  2.76  2.82  3.20  2.63  2.51  2.42  2.52     2.82  2.72  3.13  2.92  2.52
 60   90     2.43  2.67  2.76  2.77  2.74  2.40  2.46  2.81  2.31  2.24  2.20  2.32     2.51  2.48  2.76  2.56  2.25
 75   10     2.53  3.30  3.95  4.67  4.97  4.56  4.62  4.83  3.66  3.06  2.46  2.25     3.74  2.69  4.53  4.67  3.06
 75   20     2.61  3.34  3.95  4.60  4.87  4.46  4.51  4.76  3.63  3.07  2.52  2.35     3.72  2.77  4.47  4.58  3.07
 75   30     2.64  3.32  3.90  4.47  4.71  4.29  4.34  4.62  3.54  3.04  2.54  2.40     3.65  2.79  4.36  4.42  3.04
 75   40     2.64  3.27  3.79  4.28  4.49  4.06  4.12  4.43  3.41  2.95  2.52  2.43     3.53  2.78  4.19  4.21  2.96
 75   50     2.59  3.15  3.62  4.04  4.21  3.79  3.85  4.18  3.23  2.84  2.47  2.40     3.37  2.71  3.96  3.94  2.85
 75   60     2.51  3.01  3.42  3.74  3.89  3.48  3.54  3.88  3.01  2.67  2.36  2.34     3.15  2.62  3.68  3.63  2.68
 75   70     2.38  2.81  3.16  3.42  3.55  3.16  3.22  3.55  2.77  2.48  2.24  2.23     2.92  2.47  3.38  3.31  2.50
 75   80     2.22  2.59  2.88  3.08  3.18  2.82  2.88  3.20  2.50  2.26  2.07  2.08     2.65  2.30  3.05  2.96  2.27
 75   90     2.03  2.34  2.57  2.71  2.80  2.48  2.52  2.82  2.22  2.02  1.88  1.92     2.36  2.09  2.69  2.61  2.04
 90   10     2.40  3.18  3.86  4.61  4.95  4.56  4.61  4.79  3.61  2.98  2.35  2.13     3.67  2.57  4.47  4.65  2.98
 90   20     2.37  3.12  3.78  4.50  4.83  4.45  4.49  4.69  3.53  2.91  2.33  2.12     3.59  2.54  4.37  4.54  2.92
 90   30     2.32  3.02  3.66  4.32  4.66  4.27  4.31  4.53  3.40  2.82  2.27  2.10     3.47  2.48  4.21  4.37  2.83
 90   40     2.25  2.88  3.51  4.09  4.42  4.04  4.08  4.30  3.23  2.70  2.20  2.04     3.31  2.39  4.01  4.14  2.71
 90   50     2.17  2.75  3.31  3.84  4.15  3.77  3.81  4.05  3.04  2.54  2.11  1.99     3.13  2.30  3.77  3.88  2.56
 90   60     2.06  2.57  3.09  3.56  3.83  3.46  3.51  3.76  2.82  2.38  2.00  1.89     2.91  2.17  3.49  3.58  2.40
 90   70     1.93  2.40  2.86  3.24  3.49  3.15  3.18  3.44  2.58  2.18  1.86  1.79     2.67  2.04  3.20  3.25  2.21
 90   80     1.78  2.19  2.59  2.92  3.15  2.83  2.86  3.11  2.34  1.99  1.72  1.66     2.43  1.88  2.89  2.93  2.02
 90   90     1.64  1.99  2.34  2.60  2.80  2.50  2.54  2.77  2.08  1.77  1.55  1.52     2.17  1.72  2.58  2.60  1.80
105   10     2.28  3.06  3.77  4.56  4.93  4.55  4.59  4.76  3.55  2.90  2.25  2.01     3.60  2.45  4.42  4.63  2.90
105   20     2.13  2.88  3.61  4.38  4.79  4.43  4.46  4.62  3.42  2.75  2.13  1.89     3.46  2.30  4.26  4.50  2.77
105   30     1.99  2.70  3.41  4.16  4.58  4.24  4.27  4.41  3.24  2.59  2.00  1.77     3.28  2.15  4.05  4.30  2.61
105   40     1.87  2.51  3.20  3.89  4.33  3.99  4.02  4.15  3.04  2.42  1.88  1.68     3.08  2.02  3.80  4.06  2.44
105   50     1.75  2.33  2.98  3.60  4.03  3.71  3.74  3.87  2.82  2.24  1.75  1.58     2.87  1.88  3.54  3.77  2.27
105   60     1.62  2.15  2.75  3.31  3.71  3.40  3.43  3.58  2.59  2.06  1.63  1.47     2.64  1.75  3.25  3.47  2.10
105   70     1.51  1.98  2.51  3.01  3.37  3.08  3.11  3.27  2.37  1.88  1.50  1.38     2.41  1.62  2.96  3.15  1.92
105   80     1.39  1.80  2.29  2.70  3.04  2.77  2.78  2.94  2.13  1.71  1.38  1.27     2.18  1.49  2.67  2.83  1.74
105   90     1.28  1.64  2.04  2.40  2.71  2.46  2.48  2.63  1.91  1.53  1.25  1.17     1.96  1.36  2.39  2.52  1.56
120   10     2.16  2.95  3.69  4.50  4.91  4.55  4.58  4.72  3.50  2.82  2.15  1.90     3.53  2.33  4.37  4.62  2.82
120   20     1.91  2.66  3.44  4.27  4.74  4.41  4.44  4.53  3.31  2.60  1.93  1.67     3.33  2.08  4.15  4.46  2.61
120   30     1.69  2.38  3.16  3.98  4.50  4.20  4.22  4.28  3.08  2.36  1.73  1.48     3.09  1.85  3.88  4.23  2.39
120   40     1.50  2.13  2.88  3.66  4.20  3.93  3.94  3.98  2.84  2.14  1.56  1.32     2.84  1.65  3.58  3.95  2.18
120   50     1.36  1.92  2.61  3.33  3.87  3.62  3.63  3.66  2.59  1.93  1.42  1.20     2.59  1.49  3.27  3.64  1.98
120   60     1.24  1.75  2.37  3.01  3.52  3.30  3.30  3.33  2.35  1.75  1.29  1.10     2.36  1.36  2.97  3.31  1.80
120   70     1.15  1.58  2.16  2.71  3.18  2.97  2.98  3.02  2.12  1.59  1.18  1.02     2.14  1.25  2.68  2.99  1.63
120   80     1.06  1.45  1.95  2.43  2.85  2.65  2.66  2.72  1.91  1.43  1.09  0.95     1.93  1.15  2.41  2.68  1.48
120   90     0.99  1.33  1.76  2.17  2.54  2.36  2.35  2.43  1.71  1.29  0.99  0.87     1.73  1.06  2.15  2.38  1.33
135   10     2.05  2.85  3.61  4.46  4.89  4.54  4.58  4.68  3.45  2.75  2.06  1.79     3.48  2.23  4.32  4.60  2.75
135   20     1.70  2.46  3.27  4.17  4.70  4.39  4.41  4.46  3.21  2.45  1.76  1.47     3.21  1.88  4.05  4.42  2.47
135   30     1.40  2.09  2.91  3.82  4.42  4.17  4.17  4.16  2.93  2.15  1.48  1.20     2.91  1.56  3.72  4.17  2.19
135   40     1.17  1.79  2.56  3.43  4.07  3.87  3.86  3.80  2.63  1.88  1.27  1.00     2.61  1.32  3.36  3.84  1.93
135   50     1.03  1.55  2.26  3.04  3.68  3.52  3.50  3.42  2.35  1.65  1.12  0.88     2.33  1.16  2.99  3.48  1.70
135   60     0.94  1.38  2.00  2.69  3.29  3.16  3.14  3.05  2.09  1.47  1.01  0.81     2.09  1.04  2.66  3.12  1.52
135   70     0.88  1.26  1.79  2.39  2.93  2.81  2.79  2.72  1.87  1.32  0.92  0.76     1.87  0.96  2.37  2.77  1.37
135   80     0.83  1.17  1.62  2.12  2.61  2.50  2.48  2.43  1.68  1.19  0.86  0.71     1.68  0.90  2.12  2.47  1.25
135   90     0.79  1.09  1.48  1.89  2.32  2.21  2.19  2.18  1.51  1.10  0.80  0.68     1.52  0.85  1.90  2.19  1.13
150   10     1.97  2.77  3.54  4.42  4.88  4.54  4.57  4.66  3.42  2.69  1.99  1.70     3.43  2.15  4.28  4.59  2.70
150   20     1.53  2.31  3.15  4.10  4.66  4.39  4.40  4.40  3.13  2.34  1.61  1.29     3.11  1.71  3.97  4.39  2.36
150   30     1.15  1.85  2.71  3.69  4.35  4.15  4.14  4.05  2.81  1.97  1.27  0.95     2.76  1.31  3.59  4.11  2.01
150   40     0.90  1.47  2.27  3.23  3.96  3.83  3.80  3.63  2.45  1.64  1.01  0.75     2.41  1.04  3.16  3.76  1.70
150   50     0.80  1.23  1.91  2.77  3.51  3.45  3.40  3.17  2.11  1.38  0.88  0.68     2.11  0.90  2.73  3.34  1.46
150   60     0.77  1.11  1.64  2.36  3.04  3.02  2.97  2.74  1.83  1.22  0.82  0.65     1.85  0.84  2.35  2.91  1.29
150   70     0.75  1.04  1.47  2.05  2.63  2.62  2.57  2.38  1.63  1.11  0.77  0.63     1.64  0.81  2.05  2.53  1.17
150   80     0.72  0.99  1.34  1.81  2.31  2.30  2.25  2.12  1.47  1.03  0.73  0.61     1.47  0.77  1.82  2.22  1.08
150   90     0.70  0.95  1.25  1.64  2.06  2.03  1.99  1.90  1.33  0.96  0.69  0.58     1.34  0.74  1.65  1.97  1.00
165   10     1.91  2.73  3.51  4.41  4.86  4.54  4.57  4.64  3.39  2.65  1.94  1.64     3.40  2.09  4.26  4.58  2.66
165   20     1.41  2.20  3.06  4.05  4.64  4.38  4.39  4.37  3.09  2.26  1.51  1.18     3.04  1.59  3.92  4.38  2.29
165   30     0.96  1.66  2.56  3.62  4.32  4.14  4.13  4.00  2.72  1.84  1.10  0.78     2.65  1.14  3.50  4.09  1.89
165   40     0.79  1.21  2.04  3.11  3.92  3.82  3.79  3.55  2.32  1.43  0.84  0.69     2.29  0.90  3.02  3.72  1.53
165   50     0.78  1.02  1.59  2.56  3.44  3.43  3.38  3.03  1.90  1.16  0.81  0.67     1.98  0.82  2.53  3.28  1.29
165   60     0.76  1.00  1.34  2.03  2.90  2.99  2.91  2.47  1.59  1.06  0.78  0.65     1.71  0.80  2.09  2.79  1.14
165   70     0.74  0.97  1.24  1.71  2.33  2.50  2.40  2.03  1.42  1.01  0.75  0.63     1.48  0.78  1.76  2.31  1.06
165   80     0.72  0.95  1.17  1.54  2.01  2.09  2.03  1.80  1.31  0.95  0.71  0.61     1.32  0.76  1.57  1.97  0.99
165   90     0.70  0.93  1.11  1.42  1.80  1.85  1.80  1.64  1.22  0.90  0.68  0.58     1.22  0.73  1.44  1.76  0.93
180   10     1.89  2.71  3.50  4.41  4.86  4.53  4.56  4.64  3.38  2.65  1.92  1.63     3.39  2.08  4.25  4.58  2.65
180   20     1.37  2.15  3.03  4.05  4.63  4.38  4.39  4.35  3.07  2.23  1.47  1.14     3.02  1.55  3.90  4.37  2.25
180   30     0.90  1.58  2.50  3.62  4.31  4.13  4.12  3.98  2.69  1.78  1.03  0.73     2.62  1.07  3.48  4.08  1.84
180   40     0.79  1.08  1.94  3.11  3.90  3.81  3.78  3.52  2.27  1.33  0.84  0.69     2.25  0.85  2.98  3.71  1.48
180   50     0.78  1.02  1.36  2.54  3.41  3.42  3.37  3.00  1.82  1.09  0.81  0.67     1.94  0.82  2.44  3.27  1.24
180   60     0.76  1.00  1.21  1.94  2.87  2.98  2.90  2.43  1.40  1.05  0.78  0.65     1.66  0.80  2.01  2.77  1.08
180   70     0.74  0.97  1.17  1.53  2.28  2.49  2.39  1.86  1.32  1.00  0.75  0.63     1.43  0.78  1.66  2.24  1.02
180   80     0.72  0.95  1.12  1.42  1.86  2.01  1.93  1.65  1.24  0.95  0.71  0.61     1.26  0.76  1.47  1.86  0.97
180   90     0.70  0.93  1.08  1.34  1.68  1.76  1.72  1.52  1.16  0.90  0.68  0.58     1.17  0.73  1.37  1.67  0.92
             59.2  49.8  35.6  19.4   6.6   2.1   3.8  12.5  26.3  42.1  55.2  61.1     31.5  56.5  20.7   6.4  41.5
             4.05  4.48  4.53  4.87  5.01  4.60  4.65  4.91  3.92  3.74  3.63  3.78     4.35  4.09  4.73  4.71  3.70
             3.66  4.30  4.52  4.79  4.70  4.23  4.32  4.74  3.90  3.69  3.38  3.36     4.13  3.77  4.67  4.43  3.66
             1.11  1.04  1.00  1.02  1.07  1.09  1.08  1.04  1.01  1.01  1.07  1.13     1.05  1.09  1.03  1.07  1.03
             1.52  1.32  1.16  1.02  0.94  0.92  0.93  0.98  1.07  1.22  1.43  1.58     1.17  1.47  1.04  0.94  1.24
temperature   0.9   1.9   5.7  11.8  16.5  20.3  23.9  24.9  20.9  14.3   8.3   3.2     12.7   2.0  11.3  23.0  14.5
diffusedrad  1.11  1.49  1.80  2.17  2.47  2.63  2.56  2.33  1.97  1.52  1.14  0.96     1.85  1.19  2.15  2.51  1.54
snow10cm     0.07  0.08  0.01  0.00  0.00  0.00  0.00  0.00  0.00  0.00  0.00  0.02     0.01  0.06  0.00  0.00  0.00
