2 49196   古関            35 31.7  138 36.9  552
             2.42  2.92  3.56  4.63  5.03  4.48  4.74  4.83  3.49  2.68  2.42  2.22     3.62  2.52  4.41  4.68  2.86
             2.89  3.36  4.24  5.47  5.77  5.10  6.46  5.92  4.08  3.49  2.97  2.61     3.85  2.90  4.89  5.18  3.27
             2.03  2.08  2.59  3.86  4.41  3.83  3.50  4.00  2.67  2.07  1.84  1.77     3.31  2.13  3.90  4.05  2.46
  0   10     2.90  3.24  3.82  4.78  5.03  4.44  4.72  4.91  3.63  2.91  2.82  2.66     3.82  2.93  4.54  4.69  3.12
  0   20     3.32  3.53  3.99  4.83  4.95  4.33  4.61  4.89  3.71  3.08  3.16  3.07     3.96  3.30  4.59  4.61  3.32
  0   30     3.65  3.74  4.08  4.77  4.77  4.14  4.42  4.77  3.72  3.18  3.43  3.40     4.01  3.60  4.54  4.45  3.44
  0   40     3.90  3.87  4.08  4.61  4.49  3.87  4.14  4.55  3.65  3.22  3.61  3.64     3.97  3.80  4.39  4.19  3.49
  0   50     4.05  3.91  3.98  4.35  4.13  3.54  3.79  4.24  3.50  3.18  3.70  3.79     3.85  3.92  4.15  3.86  3.46
  0   60     4.10  3.87  3.80  3.99  3.69  3.15  3.37  3.83  3.28  3.08  3.71  3.85     3.64  3.94  3.83  3.45  3.35
  0   70     4.04  3.74  3.54  3.56  3.19  2.72  2.91  3.36  3.00  2.90  3.62  3.80     3.37  3.86  3.43  3.00  3.17
  0   80     3.89  3.52  3.20  3.06  2.65  2.27  2.42  2.84  2.65  2.67  3.44  3.66     3.02  3.69  2.97  2.51  2.92
  0   90     3.64  3.23  2.79  2.52  2.09  1.82  1.92  2.28  2.27  2.38  3.18  3.42     2.63  3.43  2.47  2.01  2.61
 15   10     2.89  3.23  3.81  4.77  5.04  4.44  4.72  4.91  3.63  2.90  2.81  2.64     3.81  2.92  4.54  4.69  3.11
 15   20     3.29  3.50  3.98  4.82  4.95  4.33  4.62  4.90  3.71  3.06  3.13  3.03     3.94  3.27  4.58  4.61  3.30
 15   30     3.61  3.70  4.06  4.76  4.78  4.14  4.42  4.78  3.71  3.16  3.38  3.34     3.99  3.55  4.53  4.45  3.42
 15   40     3.84  3.82  4.05  4.60  4.50  3.88  4.15  4.55  3.63  3.18  3.55  3.57     3.94  3.75  4.38  4.19  3.46
 15   50     3.98  3.86  3.95  4.35  4.15  3.56  3.81  4.25  3.48  3.14  3.64  3.71     3.82  3.85  4.15  3.87  3.42
 15   60     4.02  3.80  3.77  4.00  3.72  3.18  3.40  3.86  3.27  3.03  3.63  3.75     3.62  3.86  3.83  3.48  3.31
 15   70     3.96  3.67  3.50  3.58  3.23  2.76  2.96  3.40  2.99  2.86  3.54  3.70     3.35  3.77  3.44  3.04  3.13
 15   80     3.80  3.45  3.17  3.10  2.71  2.32  2.47  2.90  2.65  2.62  3.35  3.55     3.01  3.60  2.99  2.56  2.88
 15   90     3.55  3.15  2.76  2.58  2.18  1.89  1.99  2.36  2.27  2.33  3.09  3.31     2.62  3.34  2.51  2.08  2.57
 30   10     2.84  3.19  3.78  4.75  5.03  4.44  4.71  4.90  3.61  2.87  2.76  2.59     3.79  2.87  4.52  4.69  3.08
 30   20     3.19  3.43  3.93  4.78  4.96  4.34  4.62  4.89  3.67  3.01  3.05  2.93     3.90  3.18  4.56  4.62  3.24
 30   30     3.47  3.59  3.99  4.72  4.79  4.16  4.44  4.78  3.67  3.08  3.26  3.19     3.93  3.42  4.50  4.46  3.34
 30   40     3.66  3.68  3.97  4.57  4.54  3.91  4.18  4.58  3.59  3.10  3.40  3.38     3.88  3.57  4.36  4.22  3.36
 30   50     3.76  3.69  3.86  4.31  4.20  3.60  3.85  4.28  3.43  3.04  3.45  3.48     3.75  3.64  4.12  3.91  3.31
 30   60     3.78  3.61  3.67  3.99  3.81  3.25  3.48  3.92  3.21  2.92  3.42  3.49     3.55  3.63  3.82  3.55  3.19
 30   70     3.69  3.47  3.42  3.60  3.35  2.85  3.06  3.49  2.95  2.74  3.31  3.42     3.28  3.53  3.45  3.13  3.00
 30   80     3.52  3.25  3.09  3.15  2.88  2.44  2.61  3.04  2.62  2.50  3.12  3.26     2.96  3.34  3.04  2.70  2.75
 30   90     3.27  2.96  2.71  2.67  2.40  2.05  2.18  2.55  2.28  2.23  2.86  3.01     2.60  3.08  2.59  2.26  2.45
 45   10     2.76  3.13  3.73  4.72  5.03  4.44  4.71  4.89  3.58  2.83  2.69  2.51     3.75  2.80  4.49  4.68  3.04
 45   20     3.03  3.31  3.85  4.72  4.96  4.34  4.62  4.86  3.62  2.93  2.92  2.77     3.83  3.04  4.51  4.61  3.16
 45   30     3.25  3.42  3.88  4.66  4.80  4.17  4.45  4.76  3.60  2.98  3.09  2.96     3.83  3.21  4.44  4.46  3.22
 45   40     3.39  3.47  3.84  4.49  4.55  3.93  4.20  4.56  3.50  2.96  3.17  3.09     3.76  3.32  4.29  4.23  3.21
 45   50     3.45  3.45  3.72  4.26  4.25  3.65  3.90  4.30  3.35  2.89  3.19  3.14     3.63  3.35  4.08  3.95  3.14
 45   60     3.42  3.35  3.52  3.94  3.88  3.32  3.55  3.96  3.13  2.76  3.15  3.12     3.42  3.30  3.78  3.61  3.01
 45   70     3.32  3.20  3.28  3.58  3.48  2.96  3.16  3.58  2.88  2.57  3.02  3.02     3.17  3.18  3.45  3.23  2.82
 45   80     3.14  2.98  2.97  3.17  3.05  2.59  2.77  3.15  2.58  2.35  2.83  2.84     2.87  2.99  3.06  2.84  2.58
 45   90     2.90  2.71  2.63  2.74  2.61  2.22  2.37  2.71  2.26  2.09  2.57  2.60     2.53  2.74  2.66  2.43  2.31
 60   10     2.65  3.05  3.68  4.68  5.02  4.44  4.71  4.87  3.54  2.78  2.61  2.40     3.70  2.70  4.46  4.67  2.98
 60   20     2.85  3.16  3.74  4.66  4.94  4.34  4.61  4.83  3.55  2.84  2.76  2.57     3.74  2.86  4.44  4.59  3.05
 60   30     2.98  3.22  3.73  4.56  4.79  4.18  4.45  4.71  3.50  2.84  2.86  2.69     3.71  2.96  4.36  4.44  3.06
 60   40     3.04  3.21  3.66  4.39  4.56  3.95  4.22  4.53  3.39  2.79  2.91  2.74     3.62  3.00  4.20  4.23  3.03
 60   50     3.06  3.16  3.53  4.14  4.27  3.68  3.93  4.26  3.23  2.70  2.88  2.73     3.46  2.98  3.98  3.96  2.94
 60   60     3.01  3.05  3.34  3.86  3.94  3.37  3.61  3.96  3.02  2.56  2.81  2.68     3.27  2.91  3.71  3.65  2.80
 60   70     2.88  2.88  3.09  3.52  3.56  3.04  3.25  3.61  2.77  2.38  2.68  2.57     3.02  2.78  3.39  3.30  2.61
 60   80     2.71  2.69  2.82  3.15  3.16  2.68  2.87  3.22  2.50  2.16  2.49  2.39     2.74  2.60  3.04  2.92  2.38
 60   90     2.50  2.44  2.50  2.76  2.77  2.34  2.50  2.83  2.20  1.93  2.26  2.18     2.44  2.37  2.68  2.56  2.13
 75   10     2.54  2.95  3.61  4.63  5.00  4.43  4.70  4.84  3.50  2.72  2.52  2.28     3.64  2.59  4.42  4.66  2.91
 75   20     2.63  2.99  3.61  4.57  4.91  4.33  4.59  4.77  3.47  2.72  2.58  2.35     3.63  2.66  4.36  4.57  2.92
 75   30     2.67  2.97  3.56  4.43  4.75  4.17  4.43  4.63  3.38  2.68  2.61  2.37     3.56  2.67  4.25  4.41  2.89
 75   40     2.68  2.93  3.45  4.25  4.53  3.95  4.20  4.45  3.25  2.60  2.59  2.37     3.44  2.66  4.08  4.20  2.81
 75   50     2.63  2.83  3.30  4.01  4.25  3.69  3.93  4.20  3.08  2.49  2.54  2.32     3.27  2.59  3.85  3.94  2.70
 75   60     2.56  2.71  3.10  3.71  3.93  3.39  3.61  3.89  2.87  2.33  2.43  2.22     3.06  2.50  3.58  3.63  2.54
 75   70     2.43  2.55  2.87  3.41  3.59  3.08  3.28  3.57  2.64  2.17  2.30  2.11     2.83  2.36  3.29  3.31  2.37
 75   80     2.27  2.37  2.62  3.06  3.21  2.75  2.94  3.22  2.38  1.97  2.13  1.94     2.57  2.19  2.96  2.97  2.16
 75   90     2.09  2.17  2.34  2.71  2.84  2.41  2.58  2.84  2.12  1.76  1.93  1.76     2.29  2.00  2.63  2.61  1.94
 90   10     2.42  2.85  3.54  4.58  4.98  4.43  4.69  4.80  3.45  2.65  2.41  2.16     3.58  2.48  4.37  4.64  2.84
 90   20     2.38  2.80  3.46  4.46  4.87  4.32  4.57  4.71  3.37  2.59  2.38  2.12     3.50  2.43  4.27  4.53  2.78
 90   30     2.35  2.72  3.35  4.29  4.70  4.15  4.39  4.54  3.25  2.51  2.33  2.06     3.39  2.38  4.11  4.36  2.69
 90   40     2.28  2.61  3.21  4.07  4.46  3.93  4.16  4.32  3.09  2.39  2.26  1.97     3.23  2.29  3.91  4.14  2.58
 90   50     2.20  2.50  3.03  3.82  4.19  3.67  3.89  4.07  2.90  2.25  2.17  1.89     3.05  2.20  3.68  3.88  2.44
 90   60     2.09  2.35  2.83  3.54  3.87  3.37  3.58  3.78  2.70  2.10  2.05  1.77     2.84  2.07  3.41  3.58  2.28
 90   70     1.98  2.21  2.62  3.22  3.53  3.07  3.25  3.46  2.46  1.92  1.92  1.66     2.61  1.95  3.12  3.26  2.10
 90   80     1.83  2.04  2.37  2.91  3.19  2.75  2.93  3.13  2.23  1.75  1.77  1.52     2.37  1.79  2.82  2.94  1.92
 90   90     1.69  1.88  2.14  2.59  2.83  2.44  2.59  2.80  1.99  1.56  1.59  1.37     2.12  1.64  2.52  2.61  1.71
105   10     2.29  2.75  3.46  4.52  4.96  4.42  4.68  4.76  3.40  2.59  2.30  2.04     3.52  2.36  4.31  4.62  2.76
105   20     2.15  2.61  3.31  4.35  4.83  4.31  4.55  4.63  3.27  2.46  2.18  1.88     3.38  2.21  4.17  4.49  2.64
105   30     2.01  2.46  3.14  4.13  4.62  4.12  4.35  4.42  3.11  2.32  2.05  1.74     3.21  2.07  3.96  4.30  2.49
105   40     1.89  2.31  2.95  3.86  4.36  3.88  4.10  4.17  2.92  2.17  1.92  1.61     3.01  1.93  3.72  4.05  2.34
105   50     1.77  2.15  2.75  3.58  4.07  3.61  3.81  3.89  2.71  2.02  1.79  1.49     2.80  1.80  3.46  3.77  2.17
105   60     1.65  2.01  2.54  3.29  3.75  3.31  3.50  3.60  2.49  1.85  1.68  1.37     2.59  1.67  3.19  3.47  2.00
105   70     1.55  1.87  2.32  2.99  3.40  3.00  3.17  3.29  2.27  1.69  1.54  1.25     2.36  1.56  2.90  3.15  1.83
105   80     1.43  1.72  2.11  2.68  3.07  2.70  2.85  2.96  2.04  1.53  1.42  1.15     2.14  1.43  2.62  2.84  1.67
105   90     1.32  1.59  1.89  2.40  2.75  2.40  2.53  2.66  1.83  1.37  1.29  1.03     1.92  1.31  2.35  2.53  1.50
120   10     2.17  2.66  3.38  4.47  4.94  4.42  4.67  4.73  3.35  2.52  2.19  1.92     3.45  2.25  4.26  4.60  2.69
120   20     1.92  2.43  3.17  4.24  4.78  4.29  4.52  4.54  3.17  2.34  1.98  1.67     3.25  2.00  4.06  4.45  2.50
120   30     1.70  2.20  2.92  3.96  4.54  4.08  4.30  4.29  2.96  2.15  1.77  1.45     3.02  1.78  3.80  4.22  2.29
120   40     1.52  1.99  2.67  3.64  4.24  3.82  4.01  3.99  2.73  1.95  1.60  1.26     2.79  1.59  3.52  3.94  2.09
120   50     1.38  1.82  2.44  3.31  3.90  3.52  3.69  3.67  2.49  1.77  1.45  1.12     2.55  1.44  3.22  3.63  1.91
120   60     1.26  1.67  2.22  3.00  3.56  3.21  3.36  3.35  2.26  1.61  1.33  1.02     2.32  1.32  2.92  3.31  1.73
120   70     1.18  1.54  2.02  2.70  3.22  2.89  3.03  3.04  2.04  1.46  1.21  0.93     2.10  1.22  2.65  2.99  1.57
120   80     1.09  1.44  1.82  2.42  2.88  2.59  2.71  2.74  1.84  1.31  1.12  0.85     1.90  1.13  2.38  2.68  1.42
120   90     1.02  1.34  1.65  2.16  2.57  2.30  2.40  2.44  1.65  1.19  1.02  0.77     1.71  1.04  2.13  2.38  1.29
135   10     2.06  2.58  3.32  4.42  4.92  4.41  4.66  4.69  3.31  2.47  2.10  1.82     3.40  2.15  4.22  4.59  2.63
135   20     1.71  2.27  3.03  4.14  4.73  4.27  4.49  4.47  3.09  2.23  1.80  1.47     3.14  1.81  3.97  4.41  2.37
135   30     1.41  1.96  2.72  3.80  4.45  4.05  4.25  4.16  2.82  1.98  1.51  1.18     2.86  1.51  3.65  4.15  2.11
135   40     1.18  1.71  2.41  3.41  4.10  3.76  3.93  3.80  2.54  1.75  1.30  0.96     2.57  1.28  3.31  3.83  1.86
135   50     1.04  1.51  2.13  3.03  3.71  3.43  3.56  3.42  2.27  1.55  1.14  0.83     2.30  1.13  2.96  3.47  1.66
135   60     0.95  1.38  1.90  2.68  3.32  3.08  3.19  3.06  2.03  1.39  1.03  0.75     2.06  1.03  2.63  3.11  1.48
135   70     0.90  1.27  1.71  2.38  2.96  2.74  2.84  2.73  1.82  1.25  0.94  0.70     1.85  0.96  2.35  2.77  1.34
135   80     0.85  1.21  1.55  2.11  2.64  2.43  2.52  2.44  1.63  1.14  0.88  0.65     1.67  0.90  2.10  2.46  1.22
135   90     0.82  1.14  1.42  1.89  2.35  2.15  2.23  2.19  1.46  1.04  0.82  0.62     1.51  0.86  1.89  2.19  1.11
150   10     1.97  2.52  3.27  4.39  4.91  4.41  4.65  4.67  3.28  2.42  2.03  1.74     3.36  2.08  4.19  4.58  2.58
150   20     1.53  2.14  2.92  4.07  4.70  4.26  4.48  4.40  3.01  2.14  1.65  1.31     3.05  1.66  3.90  4.38  2.27
150   30     1.15  1.76  2.54  3.67  4.39  4.03  4.21  4.06  2.71  1.84  1.29  0.94     2.72  1.28  3.53  4.10  1.95
150   40     0.90  1.45  2.16  3.21  3.99  3.73  3.87  3.64  2.38  1.56  1.03  0.73     2.39  1.03  3.12  3.74  1.66
150   50     0.81  1.25  1.84  2.75  3.53  3.35  3.45  3.17  2.06  1.34  0.90  0.67     2.09  0.91  2.71  3.33  1.43
150   60     0.78  1.15  1.60  2.35  3.06  2.94  3.00  2.74  1.79  1.20  0.83  0.64     1.84  0.86  2.34  2.89  1.27
150   70     0.76  1.10  1.44  2.04  2.65  2.55  2.60  2.38  1.60  1.10  0.79  0.62     1.64  0.83  2.04  2.51  1.16
150   80     0.74  1.06  1.32  1.81  2.33  2.24  2.28  2.12  1.44  1.01  0.75  0.60     1.47  0.80  1.82  2.21  1.06
150   90     0.72  1.03  1.23  1.64  2.08  1.98  2.01  1.90  1.31  0.94  0.71  0.58     1.34  0.78  1.65  1.96  0.98
165   10     1.92  2.48  3.23  4.37  4.90  4.41  4.65  4.65  3.25  2.40  1.98  1.69     3.33  2.03  4.17  4.57  2.54
165   20     1.41  2.05  2.85  4.02  4.67  4.26  4.47  4.37  2.97  2.08  1.54  1.19     2.99  1.55  3.85  4.37  2.20
165   30     0.96  1.61  2.42  3.59  4.35  4.02  4.20  4.00  2.63  1.74  1.12  0.78     2.62  1.12  3.46  4.07  1.83
165   40     0.79  1.23  1.97  3.09  3.94  3.71  3.85  3.54  2.25  1.40  0.85  0.68     2.28  0.90  3.00  3.70  1.50
165   50     0.78  1.08  1.57  2.54  3.46  3.34  3.42  3.03  1.87  1.17  0.82  0.66     1.98  0.84  2.52  3.26  1.29
165   60     0.77  1.06  1.35  2.02  2.91  2.90  2.94  2.46  1.57  1.08  0.80  0.64     1.71  0.83  2.09  2.77  1.15
165   70     0.75  1.05  1.25  1.71  2.34  2.43  2.41  2.02  1.41  1.02  0.76  0.62     1.48  0.81  1.77  2.29  1.06
165   80     0.74  1.03  1.18  1.53  2.02  2.03  2.03  1.79  1.30  0.96  0.73  0.60     1.33  0.79  1.58  1.95  0.99
165   90     0.72  1.01  1.11  1.42  1.81  1.80  1.81  1.64  1.20  0.89  0.69  0.58     1.22  0.77  1.45  1.75  0.93
180   10     1.89  2.47  3.22  4.37  4.89  4.40  4.64  4.64  3.25  2.39  1.96  1.67     3.32  2.01  4.16  4.56  2.53
180   20     1.37  2.01  2.82  4.02  4.66  4.25  4.46  4.35  2.95  2.06  1.50  1.15     2.97  1.51  3.83  4.36  2.17
180   30     0.90  1.54  2.37  3.59  4.33  4.02  4.19  3.98  2.61  1.70  1.05  0.72     2.58  1.05  3.43  4.06  1.78
180   40     0.79  1.13  1.88  3.08  3.92  3.70  3.84  3.52  2.21  1.32  0.85  0.68     2.24  0.87  2.96  3.69  1.46
180   50     0.78  1.08  1.37  2.52  3.43  3.33  3.41  2.99  1.79  1.12  0.82  0.66     1.94  0.84  2.44  3.24  1.25
180   60     0.77  1.06  1.24  1.93  2.88  2.89  2.93  2.42  1.40  1.07  0.80  0.64     1.67  0.83  2.02  2.75  1.09
180   70     0.75  1.05  1.19  1.53  2.28  2.42  2.40  1.84  1.31  1.02  0.76  0.62     1.43  0.81  1.67  2.22  1.03
180   80     0.74  1.03  1.14  1.42  1.86  1.95  1.93  1.63  1.24  0.96  0.73  0.60     1.27  0.79  1.47  1.83  0.97
180   90     0.72  1.01  1.08  1.34  1.68  1.71  1.71  1.50  1.16  0.89  0.69  0.58     1.17  0.77  1.37  1.64  0.91
             59.8  49.9  34.6  19.4   6.6   2.1   3.7  13.4  25.7  39.9  55.2  60.5     30.9  57.0  19.7   6.4  41.2
             4.10  3.91  4.09  4.83  5.04  4.47  4.74  4.91  3.73  3.22  3.72  3.85     4.22  3.94  4.59  4.70  3.49
             3.68  3.76  4.09  4.76  4.75  4.12  4.40  4.76  3.72  3.19  3.45  3.42     4.01  3.62  4.53  4.43  3.45
             1.11  1.04  1.00  1.01  1.06  1.08  1.08  1.03  1.00  1.01  1.08  1.13     1.05  1.09  1.03  1.06  1.03
             1.52  1.29  1.15  1.03  0.94  0.92  0.93  0.99  1.07  1.19  1.43  1.54     1.17  1.45  1.04  0.94  1.23
temperature   0.2   1.5   5.4  11.4  15.7  19.2  22.9  23.7  19.9  13.7   8.0   2.7     12.0   1.5  10.8  21.9  13.9
diffusedrad  1.10  1.46  1.78  2.15  2.46  2.54  2.51  2.28  1.95  1.50  1.16  0.98     1.82  1.18  2.13  2.44  1.54
snow10cm     0.12  0.22  0.03  0.00  0.00  0.00  0.00  0.00  0.00  0.00  0.00  0.00     0.03  0.12  0.01  0.00  0.00
