2 49316   南部            35 17.3  138 26.7  141
             2.47  2.98  3.31  4.10  4.35  3.89  3.93  4.28  3.23  2.73  2.37  2.26     3.33  2.57  3.92  4.03  2.78
             2.88  3.58  4.16  5.11  5.01  4.48  5.07  5.30  3.81  3.66  3.05  2.65     3.64  2.95  4.54  4.81  3.22
             2.15  1.84  1.97  3.42  3.51  2.89  2.93  3.38  2.44  2.09  1.69  1.90     2.93  2.24  3.25  3.40  2.33
  0   10     2.97  3.32  3.53  4.21  4.35  3.86  3.92  4.34  3.34  2.97  2.76  2.75     3.53  3.01  4.03  4.04  3.02
  0   20     3.40  3.62  3.67  4.24  4.28  3.77  3.84  4.32  3.41  3.14  3.08  3.19     3.66  3.40  4.07  3.98  3.21
  0   30     3.74  3.84  3.74  4.18  4.13  3.62  3.69  4.21  3.40  3.25  3.33  3.54     3.72  3.71  4.02  3.84  3.33
  0   40     3.99  3.97  3.73  4.04  3.90  3.40  3.47  4.02  3.33  3.29  3.50  3.81     3.70  3.92  3.89  3.63  3.37
  0   50     4.14  4.00  3.63  3.81  3.60  3.13  3.20  3.75  3.19  3.25  3.59  3.98     3.61  4.04  3.68  3.36  3.34
  0   60     4.18  3.93  3.45  3.50  3.24  2.81  2.87  3.40  2.99  3.15  3.58  4.04     3.43  4.05  3.40  3.03  3.24
  0   70     4.11  3.78  3.21  3.14  2.83  2.46  2.52  3.00  2.73  2.97  3.49  4.00     3.19  3.96  3.06  2.66  3.06
  0   80     3.94  3.53  2.89  2.71  2.38  2.09  2.13  2.56  2.42  2.73  3.31  3.86     2.88  3.78  2.66  2.26  2.82
  0   90     3.67  3.20  2.52  2.25  1.93  1.71  1.74  2.08  2.08  2.44  3.06  3.61     2.52  3.49  2.23  1.85  2.52
 15   10     2.96  3.31  3.52  4.21  4.35  3.86  3.92  4.34  3.34  2.96  2.75  2.74     3.52  3.00  4.03  4.04  3.01
 15   20     3.37  3.60  3.66  4.24  4.28  3.77  3.84  4.32  3.40  3.13  3.05  3.17     3.65  3.38  4.06  3.98  3.19
 15   30     3.69  3.80  3.72  4.18  4.13  3.62  3.69  4.21  3.39  3.23  3.29  3.51     3.71  3.67  4.01  3.84  3.30
 15   40     3.93  3.92  3.70  4.03  3.90  3.40  3.48  4.02  3.32  3.25  3.45  3.77     3.68  3.87  3.88  3.63  3.34
 15   50     4.07  3.94  3.60  3.81  3.61  3.14  3.21  3.76  3.17  3.21  3.52  3.93     3.58  3.98  3.67  3.37  3.30
 15   60     4.10  3.86  3.42  3.51  3.26  2.82  2.89  3.42  2.98  3.10  3.51  3.99     3.40  3.98  3.40  3.04  3.20
 15   70     4.03  3.70  3.17  3.15  2.86  2.48  2.54  3.03  2.72  2.92  3.41  3.94     3.16  3.89  3.06  2.68  3.02
 15   80     3.85  3.45  2.86  2.73  2.43  2.12  2.16  2.60  2.42  2.68  3.23  3.80     2.86  3.70  2.67  2.29  2.78
 15   90     3.58  3.12  2.49  2.29  1.99  1.76  1.78  2.14  2.08  2.38  2.98  3.55     2.51  3.42  2.26  1.90  2.48
 30   10     2.90  3.27  3.50  4.19  4.35  3.86  3.92  4.34  3.33  2.93  2.70  2.69     3.50  2.96  4.01  4.04  2.99
 30   20     3.27  3.52  3.62  4.21  4.28  3.77  3.84  4.31  3.37  3.07  2.97  3.08     3.61  3.29  4.04  3.97  3.14
 30   30     3.55  3.68  3.66  4.14  4.13  3.62  3.69  4.21  3.36  3.15  3.17  3.38     3.65  3.54  3.98  3.84  3.23
 30   40     3.74  3.76  3.63  4.00  3.92  3.42  3.49  4.03  3.27  3.16  3.30  3.60     3.61  3.70  3.85  3.64  3.25
 30   50     3.84  3.76  3.52  3.78  3.64  3.16  3.23  3.77  3.13  3.11  3.35  3.73     3.50  3.78  3.64  3.38  3.19
 30   60     3.84  3.66  3.34  3.49  3.31  2.86  2.93  3.46  2.93  2.98  3.31  3.76     3.32  3.75  3.38  3.08  3.08
 30   70     3.75  3.49  3.09  3.15  2.93  2.54  2.60  3.09  2.68  2.80  3.20  3.70     3.08  3.65  3.06  2.74  2.89
 30   80     3.56  3.23  2.79  2.76  2.54  2.19  2.24  2.69  2.39  2.56  3.01  3.54     2.79  3.44  2.70  2.38  2.65
 30   90     3.28  2.91  2.44  2.35  2.14  1.86  1.90  2.28  2.07  2.27  2.75  3.29     2.46  3.16  2.31  2.01  2.37
 45   10     2.82  3.20  3.46  4.17  4.34  3.85  3.91  4.33  3.30  2.89  2.64  2.62     3.46  2.88  3.99  4.03  2.94
 45   20     3.10  3.39  3.55  4.16  4.28  3.77  3.83  4.29  3.33  3.00  2.85  2.92     3.54  3.14  3.99  3.96  3.06
 45   30     3.32  3.50  3.56  4.09  4.14  3.63  3.69  4.19  3.29  3.04  3.00  3.16     3.55  3.33  3.93  3.84  3.11
 45   40     3.46  3.54  3.51  3.94  3.93  3.42  3.49  4.01  3.20  3.02  3.09  3.32     3.49  3.44  3.79  3.64  3.10
 45   50     3.51  3.51  3.39  3.73  3.67  3.18  3.25  3.77  3.06  2.95  3.10  3.40     3.38  3.47  3.60  3.40  3.04
 45   60     3.48  3.39  3.20  3.44  3.35  2.90  2.97  3.47  2.86  2.82  3.05  3.40     3.19  3.42  3.33  3.11  2.91
 45   70     3.36  3.21  2.97  3.13  3.01  2.60  2.65  3.14  2.62  2.63  2.92  3.31     2.96  3.29  3.04  2.80  2.72
 45   80     3.16  2.96  2.69  2.77  2.64  2.28  2.33  2.77  2.34  2.40  2.73  3.14     2.69  3.09  2.70  2.46  2.49
 45   90     2.90  2.65  2.37  2.40  2.27  1.97  2.01  2.39  2.05  2.13  2.48  2.90     2.38  2.81  2.35  2.12  2.22
 60   10     2.71  3.12  3.41  4.13  4.33  3.85  3.91  4.31  3.27  2.83  2.56  2.51     3.41  2.78  3.96  4.02  2.89
 60   20     2.91  3.23  3.45  4.11  4.26  3.76  3.82  4.26  3.27  2.89  2.70  2.73     3.45  2.95  3.94  3.95  2.95
 60   30     3.04  3.28  3.44  4.01  4.12  3.62  3.69  4.15  3.21  2.90  2.79  2.89     3.43  3.07  3.86  3.82  2.96
 60   40     3.10  3.27  3.36  3.86  3.92  3.43  3.50  3.98  3.11  2.86  2.83  2.98     3.35  3.11  3.71  3.63  2.93
 60   50     3.11  3.20  3.22  3.63  3.67  3.19  3.26  3.74  2.95  2.76  2.80  3.00     3.21  3.10  3.51  3.40  2.83
 60   60     3.05  3.07  3.04  3.38  3.38  2.93  2.99  3.47  2.76  2.62  2.72  2.97     3.03  3.03  3.27  3.13  2.70
 60   70     2.91  2.88  2.81  3.08  3.06  2.64  2.70  3.15  2.52  2.43  2.59  2.87     2.80  2.88  2.98  2.83  2.52
 60   80     2.72  2.65  2.55  2.75  2.71  2.34  2.39  2.81  2.28  2.21  2.41  2.69     2.54  2.69  2.67  2.51  2.30
 60   90     2.49  2.37  2.26  2.41  2.38  2.05  2.09  2.47  2.00  1.98  2.19  2.48     2.26  2.44  2.35  2.20  2.05
 75   10     2.59  3.02  3.35  4.09  4.32  3.85  3.90  4.28  3.23  2.77  2.47  2.39     3.36  2.67  3.92  4.01  2.82
 75   20     2.68  3.05  3.34  4.04  4.24  3.76  3.81  4.22  3.19  2.77  2.53  2.50     3.34  2.74  3.87  3.93  2.83
 75   30     2.72  3.02  3.28  3.91  4.09  3.61  3.67  4.09  3.11  2.74  2.55  2.56     3.28  2.77  3.76  3.79  2.80
 75   40     2.72  2.97  3.17  3.74  3.89  3.42  3.48  3.91  2.98  2.65  2.53  2.59     3.17  2.76  3.60  3.60  2.72
 75   50     2.66  2.85  3.02  3.53  3.65  3.19  3.25  3.68  2.83  2.54  2.47  2.56     3.02  2.69  3.40  3.38  2.61
 75   60     2.58  2.71  2.84  3.26  3.37  2.93  2.99  3.41  2.62  2.38  2.36  2.49     2.83  2.60  3.15  3.11  2.46
 75   70     2.44  2.52  2.62  2.98  3.07  2.66  2.71  3.12  2.41  2.21  2.24  2.39     2.61  2.45  2.89  2.83  2.29
 75   80     2.26  2.31  2.38  2.68  2.74  2.38  2.42  2.80  2.17  2.01  2.07  2.23     2.37  2.27  2.60  2.54  2.08
 75   90     2.06  2.08  2.12  2.37  2.42  2.09  2.13  2.47  1.93  1.79  1.87  2.04     2.11  2.06  2.30  2.23  1.87
 90   10     2.46  2.91  3.29  4.05  4.31  3.84  3.89  4.25  3.19  2.71  2.37  2.26     3.29  2.54  3.88  4.00  2.75
 90   20     2.43  2.85  3.21  3.95  4.21  3.75  3.79  4.16  3.11  2.64  2.34  2.25     3.23  2.51  3.79  3.90  2.70
 90   30     2.38  2.76  3.11  3.80  4.05  3.60  3.64  4.01  3.00  2.56  2.28  2.23     3.12  2.46  3.65  3.75  2.61
 90   40     2.31  2.63  2.97  3.60  3.84  3.40  3.45  3.81  2.85  2.44  2.21  2.17     2.97  2.37  3.47  3.55  2.50
 90   50     2.22  2.50  2.79  3.37  3.59  3.17  3.22  3.58  2.67  2.29  2.12  2.11     2.80  2.28  3.25  3.32  2.36
 90   60     2.10  2.33  2.60  3.12  3.31  2.92  2.96  3.32  2.48  2.14  2.00  2.01     2.61  2.15  3.01  3.06  2.21
 90   70     1.97  2.16  2.39  2.84  3.02  2.65  2.69  3.02  2.26  1.96  1.87  1.91     2.40  2.01  2.75  2.79  2.03
 90   80     1.80  1.96  2.16  2.56  2.72  2.37  2.41  2.73  2.04  1.79  1.72  1.77     2.17  1.85  2.48  2.51  1.85
 90   90     1.65  1.77  1.94  2.27  2.41  2.10  2.13  2.43  1.82  1.59  1.55  1.62     1.94  1.68  2.21  2.22  1.65
105   10     2.33  2.81  3.22  4.01  4.29  3.84  3.88  4.22  3.14  2.64  2.26  2.13     3.23  2.42  3.84  3.98  2.68
105   20     2.18  2.65  3.09  3.87  4.17  3.73  3.77  4.10  3.03  2.51  2.14  2.00     3.10  2.28  3.71  3.87  2.56
105   30     2.03  2.48  2.92  3.67  3.99  3.57  3.61  3.91  2.88  2.37  2.02  1.88     2.94  2.13  3.53  3.70  2.42
105   40     1.90  2.31  2.74  3.44  3.76  3.37  3.40  3.69  2.70  2.21  1.89  1.77     2.77  1.99  3.31  3.49  2.27
105   50     1.78  2.13  2.55  3.19  3.50  3.13  3.16  3.44  2.50  2.05  1.76  1.67     2.57  1.86  3.08  3.24  2.11
105   60     1.64  1.96  2.35  2.93  3.22  2.87  2.90  3.17  2.30  1.88  1.65  1.56     2.37  1.72  2.83  2.98  1.94
105   70     1.53  1.79  2.14  2.66  2.92  2.60  2.63  2.89  2.10  1.72  1.51  1.46     2.16  1.59  2.57  2.71  1.78
105   80     1.39  1.63  1.94  2.38  2.63  2.33  2.35  2.60  1.89  1.56  1.39  1.35     1.95  1.46  2.32  2.43  1.61
105   90     1.27  1.47  1.73  2.12  2.35  2.07  2.09  2.32  1.68  1.39  1.26  1.23     1.75  1.32  2.07  2.16  1.45
120   10     2.21  2.71  3.15  3.97  4.27  3.83  3.88  4.19  3.10  2.57  2.16  2.00     3.17  2.31  3.80  3.97  2.61
120   20     1.95  2.45  2.96  3.78  4.13  3.72  3.76  4.03  2.95  2.38  1.95  1.76     2.98  2.05  3.62  3.84  2.43
120   30     1.71  2.20  2.73  3.54  3.93  3.55  3.58  3.81  2.76  2.18  1.75  1.55     2.77  1.82  3.40  3.65  2.23
120   40     1.52  1.98  2.50  3.26  3.67  3.32  3.35  3.55  2.54  1.98  1.58  1.39     2.55  1.63  3.15  3.41  2.04
120   50     1.36  1.78  2.28  2.98  3.38  3.07  3.09  3.27  2.33  1.80  1.44  1.25     2.34  1.46  2.88  3.14  1.86
120   60     1.24  1.61  2.07  2.70  3.09  2.80  2.81  2.98  2.11  1.64  1.31  1.15     2.13  1.33  2.62  2.86  1.69
120   70     1.14  1.45  1.88  2.43  2.79  2.52  2.53  2.70  1.91  1.48  1.20  1.07     1.92  1.22  2.37  2.58  1.53
120   80     1.04  1.32  1.69  2.18  2.49  2.25  2.26  2.42  1.72  1.33  1.10  0.99     1.73  1.12  2.12  2.31  1.38
120   90     0.96  1.19  1.52  1.94  2.22  2.00  2.00  2.16  1.54  1.21  1.00  0.91     1.55  1.02  1.89  2.05  1.25
135   10     2.10  2.62  3.10  3.93  4.26  3.83  3.87  4.17  3.07  2.51  2.08  1.89     3.12  2.20  3.76  3.95  2.55
135   20     1.73  2.28  2.84  3.70  4.10  3.71  3.74  3.98  2.87  2.27  1.78  1.54     2.88  1.85  3.55  3.81  2.31
135   30     1.41  1.95  2.56  3.41  3.87  3.53  3.54  3.72  2.64  2.01  1.51  1.25     2.62  1.53  3.28  3.60  2.05
135   40     1.17  1.67  2.28  3.09  3.58  3.29  3.29  3.41  2.39  1.77  1.29  1.03     2.36  1.29  2.98  3.33  1.82
135   50     1.01  1.45  2.02  2.76  3.25  3.00  3.00  3.08  2.14  1.57  1.14  0.91     2.11  1.12  2.67  3.03  1.62
135   60     0.91  1.29  1.80  2.45  2.91  2.71  2.70  2.76  1.92  1.40  1.03  0.83     1.89  1.01  2.39  2.72  1.45
135   70     0.85  1.16  1.62  2.18  2.60  2.41  2.41  2.46  1.72  1.27  0.94  0.78     1.70  0.93  2.13  2.43  1.31
135   80     0.79  1.07  1.46  1.94  2.32  2.15  2.14  2.20  1.54  1.15  0.88  0.73     1.53  0.86  1.91  2.16  1.19
135   90     0.75  0.98  1.33  1.74  2.06  1.90  1.89  1.97  1.38  1.05  0.81  0.69     1.38  0.81  1.71  1.92  1.08
150   10     2.01  2.56  3.05  3.90  4.25  3.82  3.86  4.15  3.04  2.47  2.01  1.79     3.08  2.12  3.74  3.94  2.51
150   20     1.55  2.14  2.75  3.64  4.08  3.70  3.73  3.93  2.81  2.17  1.64  1.35     2.79  1.68  3.49  3.79  2.21
150   30     1.14  1.74  2.41  3.31  3.82  3.51  3.52  3.64  2.54  1.87  1.29  0.98     2.48  1.28  3.18  3.56  1.90
150   40     0.88  1.40  2.07  2.94  3.50  3.26  3.25  3.29  2.25  1.58  1.04  0.76     2.18  1.01  2.84  3.27  1.62
150   50     0.77  1.17  1.77  2.55  3.13  2.96  2.93  2.90  1.96  1.35  0.91  0.68     1.92  0.87  2.48  2.93  1.41
150   60     0.73  1.05  1.54  2.19  2.73  2.62  2.58  2.52  1.72  1.20  0.84  0.66     1.70  0.81  2.16  2.57  1.25
150   70     0.70  0.97  1.39  1.92  2.39  2.29  2.26  2.20  1.54  1.10  0.80  0.63     1.51  0.77  1.90  2.25  1.14
150   80     0.67  0.91  1.26  1.71  2.10  2.01  1.99  1.96  1.39  1.01  0.75  0.61     1.36  0.73  1.69  1.99  1.05
150   90     0.64  0.87  1.17  1.54  1.87  1.78  1.76  1.75  1.25  0.94  0.71  0.58     1.24  0.70  1.52  1.76  0.97
165   10     1.95  2.52  3.03  3.89  4.24  3.82  3.86  4.13  3.02  2.44  1.96  1.73     3.05  2.06  3.72  3.94  2.48
165   20     1.41  2.05  2.69  3.61  4.06  3.70  3.72  3.90  2.78  2.12  1.53  1.22     2.73  1.56  3.45  3.77  2.14
165   30     0.95  1.57  2.31  3.26  3.80  3.50  3.51  3.60  2.48  1.76  1.13  0.80     2.39  1.11  3.12  3.54  1.79
165   40     0.76  1.16  1.90  2.85  3.47  3.25  3.24  3.22  2.15  1.42  0.86  0.69     2.08  0.87  2.74  3.24  1.48
165   50     0.74  0.98  1.54  2.39  3.08  2.94  2.91  2.79  1.81  1.17  0.84  0.67     1.82  0.80  2.34  2.88  1.27
165   60     0.72  0.95  1.33  1.95  2.63  2.59  2.54  2.31  1.54  1.08  0.81  0.65     1.59  0.77  1.97  2.48  1.14
165   70     0.69  0.91  1.22  1.67  2.17  2.21  2.14  1.93  1.38  1.02  0.77  0.63     1.40  0.75  1.69  2.09  1.06
165   80     0.67  0.88  1.14  1.50  1.89  1.88  1.83  1.71  1.27  0.96  0.73  0.61     1.25  0.72  1.51  1.81  0.99
165   90     0.64  0.84  1.07  1.38  1.69  1.66  1.63  1.56  1.17  0.90  0.69  0.58     1.15  0.69  1.38  1.62  0.92
180   10     1.92  2.50  3.02  3.89  4.24  3.82  3.86  4.13  3.02  2.43  1.94  1.71     3.04  2.04  3.71  3.94  2.46
180   20     1.37  2.01  2.67  3.61  4.05  3.69  3.72  3.89  2.76  2.09  1.50  1.18     2.71  1.52  3.44  3.77  2.12
180   30     0.88  1.50  2.27  3.25  3.79  3.50  3.51  3.58  2.46  1.72  1.07  0.74     2.36  1.04  3.10  3.53  1.75
180   40     0.76  1.05  1.83  2.84  3.45  3.25  3.23  3.20  2.12  1.33  0.86  0.69     2.05  0.83  2.71  3.23  1.44
180   50     0.74  0.98  1.38  2.37  3.06  2.94  2.91  2.76  1.75  1.12  0.84  0.67     1.79  0.80  2.27  2.87  1.24
180   60     0.72  0.95  1.24  1.88  2.61  2.59  2.54  2.28  1.40  1.07  0.81  0.65     1.56  0.77  1.91  2.47  1.09
180   70     0.69  0.91  1.18  1.52  2.13  2.20  2.13  1.79  1.31  1.01  0.77  0.63     1.36  0.75  1.61  2.04  1.03
180   80     0.67  0.88  1.11  1.41  1.77  1.82  1.76  1.59  1.22  0.96  0.73  0.61     1.21  0.72  1.43  1.72  0.97
180   90     0.64  0.84  1.04  1.31  1.60  1.61  1.57  1.46  1.14  0.90  0.69  0.58     1.12  0.69  1.32  1.54  0.91
             58.9  48.3  33.1  18.3   6.5   2.6   4.0  12.6  24.4  40.1  54.6  61.2     32.5  56.4  19.2   6.6  41.0
             4.18  4.00  3.75  4.24  4.36  3.88  3.93  4.35  3.41  3.29  3.59  4.04     3.92  4.06  4.07  4.04  3.37
             3.81  3.88  3.75  4.16  4.08  3.57  3.64  4.17  3.39  3.27  3.38  3.62     3.73  3.77  3.99  3.79  3.35
             1.10  1.03  1.00  1.02  1.07  1.09  1.08  1.04  1.01  1.01  1.06  1.12     1.05  1.08  1.03  1.07  1.02
             1.54  1.30  1.13  1.01  0.94  0.92  0.93  0.97  1.05  1.19  1.43  1.60     1.17  1.48  1.03  0.94  1.22
temperature   3.5   4.7   8.1  13.6  18.0  21.3  24.9  26.1  22.7  16.8  11.0   5.7     14.7   4.6  13.2  24.1  16.8
diffusedrad  1.09  1.41  1.75  2.15  2.46  2.50  2.42  2.29  1.92  1.50  1.17  0.98     1.80  1.16  2.12  2.40  1.53
snow10cm     0.00  0.02  0.00  0.00  0.00  0.00  0.00  0.00  0.00  0.00  0.00  0.00     0.00  0.01  0.00  0.00  0.00
