2 50226   佐久間          35  3.4  137 45.7  150
             2.39  3.01  3.54  4.33  4.63  4.20  4.33  4.50  3.50  2.96  2.44  2.20     3.50  2.53  4.17  4.35  2.97
             2.75  3.58  3.99  5.38  5.24  5.18  5.68  5.81  4.31  3.44  3.09  2.60     3.83  2.95  4.77  4.99  3.32
             1.87  2.29  2.93  3.26  3.87  2.76  2.52  3.47  2.75  2.47  1.98  1.80     2.86  2.21  3.52  3.20  2.52
  0   10     2.84  3.36  3.79  4.45  4.63  4.17  4.32  4.57  3.63  3.24  2.85  2.66     3.71  2.95  4.29  4.35  3.24
  0   20     3.23  3.66  3.96  4.48  4.56  4.07  4.22  4.54  3.71  3.45  3.18  3.06     3.84  3.32  4.33  4.28  3.45
  0   30     3.54  3.88  4.04  4.42  4.39  3.89  4.05  4.43  3.71  3.58  3.44  3.39     3.90  3.60  4.29  4.12  3.58
  0   40     3.77  4.00  4.03  4.27  4.14  3.65  3.80  4.22  3.64  3.63  3.62  3.63     3.87  3.80  4.15  3.89  3.63
  0   50     3.90  4.03  3.93  4.02  3.81  3.34  3.48  3.93  3.49  3.60  3.71  3.78     3.75  3.90  3.92  3.58  3.60
  0   60     3.92  3.96  3.75  3.69  3.41  2.98  3.11  3.56  3.27  3.49  3.71  3.84     3.56  3.91  3.62  3.22  3.49
  0   70     3.86  3.80  3.48  3.30  2.96  2.59  2.70  3.13  2.98  3.30  3.62  3.79     3.29  3.81  3.25  2.81  3.30
  0   80     3.69  3.54  3.13  2.84  2.48  2.17  2.26  2.66  2.64  3.03  3.43  3.65     2.96  3.63  2.82  2.36  3.04
  0   90     3.43  3.21  2.73  2.34  1.98  1.75  1.82  2.14  2.25  2.71  3.17  3.42     2.58  3.35  2.35  1.91  2.71
 15   10     2.83  3.34  3.79  4.44  4.63  4.17  4.32  4.57  3.63  3.23  2.83  2.65     3.70  2.94  4.29  4.35  3.23
 15   20     3.20  3.63  3.94  4.47  4.56  4.07  4.22  4.55  3.71  3.43  3.15  3.04     3.83  3.29  4.33  4.28  3.43
 15   30     3.50  3.83  4.02  4.41  4.39  3.89  4.05  4.43  3.70  3.55  3.40  3.36     3.88  3.56  4.27  4.12  3.55
 15   40     3.71  3.95  4.00  4.25  4.14  3.65  3.81  4.22  3.62  3.59  3.56  3.59     3.84  3.75  4.13  3.89  3.59
 15   50     3.83  3.96  3.90  4.02  3.82  3.35  3.50  3.94  3.47  3.55  3.64  3.74     3.73  3.84  3.91  3.60  3.56
 15   60     3.85  3.89  3.71  3.70  3.44  3.00  3.13  3.58  3.25  3.43  3.63  3.78     3.53  3.84  3.62  3.24  3.44
 15   70     3.77  3.72  3.44  3.31  3.00  2.62  2.74  3.16  2.97  3.24  3.53  3.73     3.27  3.74  3.25  2.84  3.25
 15   80     3.60  3.46  3.10  2.87  2.53  2.21  2.31  2.70  2.63  2.97  3.34  3.59     2.94  3.55  2.83  2.41  2.98
 15   90     3.34  3.12  2.69  2.39  2.06  1.81  1.88  2.22  2.26  2.64  3.08  3.35     2.57  3.27  2.38  1.97  2.66
 30   10     2.78  3.30  3.76  4.42  4.63  4.17  4.31  4.56  3.61  3.19  2.79  2.61     3.68  2.89  4.27  4.35  3.20
 30   20     3.11  3.55  3.90  4.44  4.56  4.07  4.23  4.54  3.67  3.36  3.07  2.96     3.79  3.20  4.30  4.28  3.37
 30   30     3.36  3.71  3.95  4.38  4.40  3.90  4.06  4.43  3.66  3.46  3.27  3.23     3.82  3.44  4.24  4.13  3.46
 30   40     3.53  3.79  3.92  4.22  4.17  3.67  3.83  4.24  3.58  3.48  3.40  3.43     3.77  3.59  4.11  3.91  3.49
 30   50     3.61  3.78  3.80  3.98  3.86  3.38  3.53  3.96  3.42  3.43  3.46  3.54     3.65  3.65  3.88  3.63  3.44
 30   60     3.61  3.68  3.62  3.69  3.50  3.06  3.19  3.63  3.20  3.30  3.42  3.57     3.46  3.62  3.60  3.29  3.31
 30   70     3.51  3.50  3.35  3.32  3.09  2.69  2.82  3.23  2.93  3.09  3.31  3.50     3.20  3.50  3.25  2.92  3.11
 30   80     3.33  3.24  3.02  2.91  2.67  2.32  2.42  2.81  2.61  2.83  3.11  3.34     2.88  3.30  2.86  2.52  2.85
 30   90     3.06  2.91  2.64  2.46  2.23  1.95  2.03  2.38  2.26  2.52  2.84  3.10     2.53  3.02  2.45  2.12  2.54
 45   10     2.70  3.23  3.71  4.39  4.63  4.17  4.31  4.55  3.58  3.14  2.72  2.53     3.64  2.82  4.24  4.34  3.15
 45   20     2.96  3.42  3.82  4.39  4.55  4.07  4.22  4.51  3.62  3.27  2.94  2.81     3.72  3.06  4.25  4.27  3.28
 45   30     3.15  3.53  3.84  4.32  4.41  3.91  4.07  4.41  3.59  3.34  3.10  3.02     3.72  3.23  4.19  4.13  3.34
 45   40     3.27  3.57  3.79  4.16  4.18  3.69  3.84  4.22  3.49  3.32  3.18  3.17     3.66  3.34  4.04  3.92  3.33
 45   50     3.31  3.53  3.67  3.94  3.90  3.42  3.57  3.97  3.34  3.25  3.20  3.24     3.53  3.36  3.84  3.65  3.26
 45   60     3.27  3.40  3.47  3.64  3.56  3.12  3.25  3.65  3.12  3.11  3.14  3.23     3.33  3.30  3.56  3.34  3.12
 45   70     3.15  3.22  3.22  3.31  3.19  2.78  2.90  3.30  2.86  2.90  3.01  3.14     3.08  3.17  3.24  2.99  2.93
 45   80     2.96  2.96  2.90  2.92  2.80  2.43  2.54  2.91  2.56  2.65  2.81  2.97     2.79  2.96  2.88  2.63  2.68
 45   90     2.71  2.65  2.56  2.53  2.40  2.09  2.18  2.51  2.24  2.36  2.56  2.73     2.46  2.70  2.50  2.26  2.39
 60   10     2.60  3.15  3.66  4.36  4.62  4.16  4.31  4.53  3.55  3.08  2.64  2.44     3.59  2.73  4.21  4.33  3.09
 60   20     2.78  3.26  3.71  4.33  4.54  4.07  4.21  4.48  3.55  3.16  2.78  2.63     3.63  2.89  4.19  4.25  3.16
 60   30     2.89  3.31  3.70  4.23  4.39  3.92  4.06  4.36  3.49  3.17  2.88  2.77     3.60  2.99  4.11  4.11  3.18
 60   40     2.94  3.29  3.62  4.07  4.18  3.71  3.85  4.18  3.39  3.13  2.92  2.85     3.51  3.02  3.96  3.91  3.14
 60   50     2.94  3.22  3.48  3.84  3.91  3.44  3.59  3.94  3.21  3.02  2.88  2.86     3.36  3.01  3.74  3.66  3.04
 60   60     2.87  3.08  3.29  3.57  3.60  3.16  3.29  3.65  3.01  2.88  2.81  2.82     3.17  2.92  3.49  3.37  2.90
 60   70     2.73  2.88  3.04  3.25  3.25  2.85  2.97  3.32  2.76  2.68  2.67  2.72     2.93  2.78  3.18  3.04  2.70
 60   80     2.56  2.65  2.76  2.90  2.89  2.52  2.62  2.96  2.49  2.44  2.48  2.55     2.65  2.59  2.85  2.70  2.47
 60   90     2.33  2.36  2.44  2.54  2.53  2.19  2.29  2.60  2.19  2.18  2.25  2.34     2.35  2.34  2.50  2.36  2.21
 75   10     2.49  3.05  3.59  4.32  4.60  4.16  4.30  4.50  3.50  3.01  2.54  2.32     3.53  2.62  4.17  4.32  3.02
 75   20     2.57  3.08  3.58  4.25  4.51  4.06  4.20  4.43  3.47  3.01  2.60  2.42     3.52  2.69  4.12  4.23  3.03
 75   30     2.60  3.04  3.52  4.13  4.36  3.91  4.04  4.30  3.38  2.98  2.62  2.46     3.45  2.70  4.00  4.08  3.00
 75   40     2.59  2.99  3.41  3.94  4.15  3.70  3.84  4.11  3.25  2.89  2.60  2.49     3.33  2.69  3.84  3.88  2.91
 75   50     2.53  2.86  3.25  3.72  3.89  3.45  3.59  3.88  3.08  2.77  2.54  2.45     3.17  2.61  3.62  3.64  2.80
 75   60     2.44  2.72  3.06  3.44  3.59  3.17  3.29  3.59  2.86  2.61  2.43  2.38     2.97  2.52  3.36  3.35  2.63
 75   70     2.30  2.52  2.82  3.15  3.27  2.88  2.99  3.29  2.63  2.42  2.30  2.27     2.74  2.37  3.08  3.05  2.45
 75   80     2.13  2.31  2.56  2.83  2.93  2.57  2.67  2.96  2.37  2.20  2.12  2.11     2.48  2.19  2.77  2.73  2.23
 75   90     1.94  2.07  2.28  2.49  2.58  2.25  2.35  2.61  2.11  1.97  1.93  1.94     2.21  1.98  2.45  2.40  2.00
 90   10     2.38  2.94  3.52  4.27  4.59  4.16  4.29  4.47  3.45  2.93  2.43  2.20     3.47  2.50  4.13  4.31  2.94
 90   20     2.34  2.88  3.44  4.16  4.48  4.05  4.18  4.38  3.37  2.86  2.41  2.19     3.39  2.46  4.03  4.20  2.88
 90   30     2.29  2.78  3.33  4.00  4.31  3.89  4.02  4.22  3.25  2.77  2.35  2.16     3.28  2.41  3.88  4.04  2.79
 90   40     2.21  2.65  3.18  3.79  4.09  3.68  3.80  4.01  3.09  2.65  2.27  2.10     3.13  2.32  3.69  3.83  2.67
 90   50     2.12  2.51  3.00  3.55  3.83  3.43  3.55  3.77  2.90  2.49  2.18  2.03     2.95  2.22  3.46  3.58  2.52
 90   60     2.00  2.34  2.79  3.28  3.54  3.16  3.27  3.49  2.69  2.33  2.06  1.93     2.74  2.09  3.20  3.31  2.36
 90   70     1.87  2.16  2.57  2.99  3.22  2.87  2.96  3.19  2.46  2.13  1.92  1.83     2.51  1.95  2.93  3.00  2.17
 90   80     1.71  1.96  2.32  2.69  2.90  2.57  2.66  2.88  2.22  1.95  1.77  1.69     2.28  1.79  2.64  2.71  1.98
 90   90     1.56  1.76  2.09  2.39  2.58  2.27  2.36  2.57  1.98  1.73  1.59  1.54     2.04  1.62  2.35  2.40  1.77
105   10     2.25  2.83  3.44  4.22  4.57  4.15  4.28  4.44  3.40  2.85  2.33  2.08     3.40  2.39  4.08  4.29  2.86
105   20     2.11  2.67  3.30  4.07  4.44  4.04  4.16  4.31  3.28  2.71  2.20  1.95     3.27  2.24  3.94  4.17  2.73
105   30     1.97  2.50  3.12  3.86  4.25  3.87  3.98  4.11  3.11  2.55  2.07  1.83     3.10  2.10  3.74  3.99  2.58
105   40     1.84  2.32  2.92  3.61  4.01  3.64  3.75  3.88  2.92  2.38  1.94  1.72     2.91  1.96  3.52  3.76  2.41
105   50     1.71  2.14  2.72  3.34  3.73  3.39  3.48  3.61  2.71  2.21  1.80  1.62     2.71  1.82  3.27  3.50  2.24
105   60     1.58  1.97  2.50  3.07  3.43  3.11  3.20  3.33  2.48  2.03  1.69  1.51     2.49  1.68  3.00  3.21  2.06
105   70     1.47  1.79  2.28  2.79  3.12  2.81  2.90  3.04  2.27  1.85  1.54  1.41     2.27  1.55  2.73  2.92  1.89
105   80     1.33  1.62  2.07  2.50  2.81  2.52  2.59  2.73  2.04  1.68  1.43  1.30     2.05  1.42  2.46  2.62  1.71
105   90     1.22  1.46  1.85  2.23  2.50  2.24  2.31  2.45  1.82  1.50  1.28  1.18     1.84  1.28  2.19  2.33  1.54
120   10     2.14  2.73  3.37  4.18  4.55  4.15  4.27  4.41  3.36  2.77  2.22  1.96     3.34  2.28  4.03  4.28  2.78
120   20     1.89  2.48  3.15  3.97  4.40  4.03  4.14  4.23  3.18  2.56  2.00  1.73     3.15  2.03  3.84  4.13  2.58
120   30     1.67  2.22  2.91  3.71  4.18  3.84  3.94  4.00  2.97  2.34  1.80  1.53     2.92  1.81  3.60  3.92  2.37
120   40     1.49  1.99  2.65  3.42  3.91  3.59  3.68  3.73  2.73  2.12  1.62  1.36     2.69  1.61  3.33  3.67  2.15
120   50     1.33  1.78  2.41  3.12  3.60  3.31  3.39  3.42  2.50  1.91  1.47  1.23     2.46  1.45  3.04  3.38  1.96
120   60     1.21  1.61  2.19  2.82  3.28  3.02  3.09  3.12  2.27  1.73  1.34  1.13     2.23  1.32  2.76  3.08  1.78
120   70     1.11  1.45  1.99  2.54  2.96  2.72  2.78  2.83  2.04  1.57  1.22  1.05     2.02  1.20  2.50  2.77  1.61
120   80     1.01  1.31  1.79  2.27  2.65  2.43  2.48  2.54  1.84  1.41  1.12  0.97     1.82  1.10  2.24  2.48  1.46
120   90     0.93  1.18  1.61  2.02  2.36  2.15  2.20  2.27  1.65  1.28  1.02  0.89     1.63  1.00  2.00  2.21  1.31
135   10     2.04  2.65  3.31  4.14  4.54  4.14  4.26  4.38  3.31  2.71  2.13  1.85     3.29  2.18  3.99  4.26  2.72
135   20     1.70  2.30  3.02  3.88  4.37  4.01  4.12  4.17  3.09  2.42  1.82  1.52     3.04  1.84  3.76  4.10  2.45
135   30     1.39  1.97  2.71  3.58  4.11  3.81  3.90  3.90  2.83  2.13  1.54  1.25     2.76  1.53  3.46  3.87  2.17
135   40     1.16  1.68  2.40  3.23  3.80  3.54  3.61  3.57  2.55  1.87  1.32  1.04     2.48  1.29  3.14  3.58  1.91
135   50     1.01  1.46  2.12  2.87  3.44  3.23  3.28  3.22  2.28  1.64  1.16  0.91     2.22  1.13  2.81  3.25  1.69
135   60     0.91  1.29  1.88  2.55  3.08  2.91  2.94  2.88  2.03  1.46  1.04  0.83     1.98  1.01  2.50  2.91  1.51
135   70     0.85  1.16  1.69  2.26  2.75  2.59  2.62  2.56  1.82  1.31  0.95  0.78     1.78  0.93  2.23  2.59  1.36
135   80     0.79  1.06  1.52  2.01  2.45  2.30  2.33  2.29  1.64  1.19  0.89  0.72     1.60  0.86  1.99  2.30  1.24
135   90     0.74  0.97  1.38  1.79  2.17  2.03  2.06  2.05  1.46  1.09  0.82  0.69     1.44  0.80  1.78  2.05  1.12
150   10     1.96  2.58  3.25  4.11  4.53  4.14  4.26  4.35  3.28  2.65  2.06  1.77     3.25  2.10  3.96  4.25  2.67
150   20     1.53  2.16  2.92  3.82  4.34  4.01  4.11  4.12  3.02  2.32  1.68  1.35     2.95  1.68  3.69  4.08  2.34
150   30     1.15  1.75  2.54  3.46  4.06  3.79  3.87  3.81  2.72  1.96  1.32  0.99     2.62  1.30  3.36  3.83  2.00
150   40     0.90  1.41  2.16  3.06  3.71  3.52  3.56  3.43  2.39  1.64  1.05  0.78     2.30  1.03  2.98  3.50  1.69
150   50     0.79  1.17  1.83  2.64  3.30  3.17  3.20  3.01  2.07  1.38  0.91  0.70     2.02  0.89  2.59  3.13  1.45
150   60     0.75  1.04  1.58  2.26  2.88  2.79  2.80  2.61  1.80  1.22  0.84  0.67     1.77  0.82  2.24  2.73  1.29
150   70     0.72  0.96  1.42  1.97  2.50  2.43  2.43  2.27  1.60  1.11  0.80  0.65     1.57  0.78  1.96  2.38  1.17
150   80     0.68  0.90  1.29  1.75  2.20  2.13  2.13  2.02  1.44  1.03  0.76  0.62     1.41  0.73  1.74  2.09  1.08
150   90     0.65  0.85  1.20  1.57  1.95  1.88  1.88  1.81  1.31  0.96  0.72  0.59     1.28  0.70  1.57  1.86  0.99
165   10     1.90  2.54  3.22  4.09  4.52  4.14  4.26  4.34  3.26  2.62  2.02  1.71     3.22  2.05  3.94  4.25  2.63
165   20     1.41  2.07  2.85  3.79  4.32  4.00  4.10  4.09  2.98  2.25  1.57  1.23     2.89  1.57  3.65  4.06  2.27
165   30     0.97  1.59  2.42  3.40  4.04  3.79  3.86  3.76  2.65  1.84  1.15  0.82     2.52  1.13  3.29  3.80  1.88
165   40     0.78  1.17  1.97  2.96  3.67  3.50  3.55  3.36  2.27  1.45  0.86  0.71     2.19  0.89  2.87  3.47  1.53
165   50     0.76  0.97  1.57  2.46  3.24  3.16  3.18  2.89  1.88  1.17  0.84  0.69     1.90  0.81  2.42  3.08  1.30
165   60     0.74  0.94  1.33  1.98  2.76  2.77  2.75  2.38  1.58  1.07  0.81  0.67     1.65  0.78  2.03  2.63  1.15
165   70     0.71  0.91  1.23  1.68  2.25  2.33  2.29  1.97  1.41  1.01  0.77  0.65     1.43  0.75  1.72  2.20  1.07
165   80     0.68  0.87  1.15  1.51  1.94  1.96  1.93  1.74  1.30  0.96  0.74  0.62     1.28  0.72  1.53  1.88  1.00
165   90     0.65  0.83  1.08  1.39  1.74  1.73  1.72  1.59  1.20  0.90  0.70  0.59     1.18  0.69  1.40  1.68  0.94
180   10     1.88  2.53  3.21  4.09  4.51  4.13  4.25  4.34  3.25  2.61  2.00  1.69     3.21  2.03  3.94  4.24  2.62
180   20     1.37  2.03  2.82  3.78  4.31  4.00  4.10  4.08  2.96  2.22  1.53  1.19     2.87  1.53  3.64  4.06  2.24
180   30     0.91  1.52  2.37  3.40  4.02  3.78  3.86  3.75  2.62  1.79  1.08  0.77     2.49  1.06  3.27  3.79  1.83
180   40     0.78  1.05  1.89  2.95  3.66  3.50  3.54  3.34  2.23  1.35  0.86  0.71     2.15  0.85  2.83  3.46  1.48
180   50     0.76  0.97  1.38  2.45  3.22  3.15  3.17  2.87  1.81  1.10  0.84  0.69     1.87  0.81  2.35  3.06  1.25
180   60     0.74  0.94  1.23  1.91  2.73  2.76  2.74  2.35  1.41  1.06  0.81  0.67     1.61  0.78  1.96  2.62  1.09
180   70     0.71  0.91  1.17  1.52  2.21  2.33  2.28  1.81  1.32  1.01  0.77  0.65     1.39  0.75  1.64  2.14  1.03
180   80     0.68  0.87  1.11  1.41  1.81  1.89  1.85  1.61  1.24  0.96  0.74  0.62     1.23  0.72  1.45  1.78  0.98
180   90     0.65  0.83  1.05  1.32  1.64  1.66  1.64  1.48  1.16  0.90  0.70  0.59     1.14  0.69  1.34  1.59  0.92
             58.0  47.9  33.9  18.5   6.3   2.0   3.5  12.0  25.2  41.3  54.7  60.4     31.4  55.5  19.5   6.1  41.2
             3.93  4.03  4.05  4.48  4.64  4.19  4.33  4.57  3.72  3.63  3.72  3.84     4.10  3.92  4.33  4.36  3.63
             3.58  3.90  4.05  4.41  4.36  3.86  4.02  4.41  3.71  3.59  3.47  3.43     3.90  3.64  4.27  4.10  3.59
             1.10  1.03  1.00  1.02  1.06  1.09  1.08  1.04  1.00  1.01  1.07  1.12     1.05  1.08  1.03  1.07  1.03
             1.50  1.30  1.14  1.02  0.94  0.92  0.93  0.98  1.06  1.21  1.42  1.56     1.16  1.45  1.03  0.94  1.23
temperature   3.4   4.4   7.8  13.3  17.8  21.5  25.1  26.2  22.7  16.7  10.8   5.3     14.6   4.4  13.0  24.3  16.7
diffusedrad  1.10  1.42  1.77  2.15  2.46  2.51  2.46  2.29  1.96  1.52  1.18  1.00     1.82  1.17  2.13  2.42  1.55
snow10cm     0.00  0.00  0.00  0.00  0.00  0.00  0.00  0.00  0.00  0.00  0.00  0.00     0.00  0.00  0.00  0.00  0.00
