2 50386   天竜            34 53.4  137 48.8   61
             2.59  3.28  3.69  4.32  4.56  4.10  4.26  4.55  3.55  3.06  2.59  2.42     3.58  2.76  4.19  4.31  3.06
             2.93  3.76  4.44  5.46  5.25  5.27  5.44  6.37  4.49  4.03  3.18  2.91     3.90  3.16  4.72  5.05  3.43
             2.14  2.34  2.89  3.14  3.37  3.05  2.81  3.63  2.55  2.45  2.05  2.08     3.26  2.53  3.60  3.49  2.67
  0   10     3.12  3.68  3.96  4.44  4.57  4.07  4.25  4.62  3.69  3.34  3.04  2.98     3.81  3.26  4.32  4.31  3.36
  0   20     3.57  4.04  4.14  4.47  4.49  3.97  4.15  4.59  3.77  3.57  3.41  3.46     3.97  3.69  4.37  4.24  3.58
  0   30     3.94  4.30  4.23  4.41  4.33  3.80  3.98  4.48  3.77  3.71  3.71  3.86     4.04  4.03  4.32  4.09  3.73
  0   40     4.20  4.46  4.22  4.25  4.08  3.56  3.74  4.27  3.70  3.77  3.91  4.16     4.03  4.27  4.19  3.86  3.79
  0   50     4.36  4.50  4.12  4.01  3.75  3.26  3.43  3.97  3.54  3.74  4.01  4.35     3.92  4.40  3.96  3.55  3.77
  0   60     4.40  4.43  3.92  3.68  3.36  2.92  3.06  3.59  3.31  3.62  4.02  4.42     3.73  4.42  3.66  3.19  3.65
  0   70     4.33  4.25  3.64  3.28  2.92  2.54  2.66  3.16  3.02  3.43  3.92  4.38     3.46  4.32  3.28  2.79  3.46
  0   80     4.15  3.97  3.28  2.83  2.45  2.13  2.23  2.67  2.67  3.15  3.73  4.23     3.12  4.12  2.85  2.35  3.18
  0   90     3.86  3.60  2.85  2.33  1.96  1.73  1.80  2.15  2.28  2.81  3.44  3.96     2.73  3.81  2.38  1.89  2.84
 15   10     3.10  3.67  3.95  4.43  4.57  4.07  4.24  4.62  3.69  3.33  3.02  2.96     3.80  3.24  4.32  4.31  3.35
 15   20     3.53  4.01  4.12  4.46  4.49  3.97  4.15  4.60  3.76  3.54  3.38  3.44     3.96  3.66  4.36  4.24  3.56
 15   30     3.88  4.25  4.20  4.40  4.33  3.80  3.98  4.48  3.76  3.68  3.66  3.82     4.02  3.99  4.31  4.09  3.70
 15   40     4.13  4.39  4.19  4.24  4.08  3.57  3.74  4.27  3.68  3.72  3.84  4.11     4.00  4.21  4.17  3.86  3.75
 15   50     4.28  4.42  4.09  4.01  3.77  3.28  3.44  3.98  3.52  3.69  3.94  4.29     3.89  4.33  3.95  3.57  3.72
 15   60     4.31  4.34  3.89  3.69  3.39  2.94  3.08  3.62  3.30  3.56  3.93  4.36     3.70  4.34  3.65  3.21  3.60
 15   70     4.23  4.16  3.61  3.30  2.96  2.57  2.69  3.19  3.02  3.36  3.83  4.32     3.44  4.24  3.29  2.82  3.40
 15   80     4.05  3.88  3.25  2.86  2.50  2.17  2.27  2.72  2.67  3.08  3.63  4.16     3.10  4.03  2.87  2.39  3.13
 15   90     3.76  3.50  2.82  2.38  2.03  1.79  1.86  2.23  2.29  2.74  3.34  3.89     2.72  3.71  2.41  1.96  2.79
 30   10     3.04  3.62  3.92  4.41  4.56  4.07  4.24  4.61  3.67  3.30  2.97  2.91     3.78  3.19  4.30  4.31  3.31
 30   20     3.42  3.91  4.07  4.43  4.49  3.97  4.16  4.59  3.73  3.48  3.28  3.34     3.91  3.56  4.33  4.24  3.50
 30   30     3.72  4.11  4.13  4.37  4.34  3.81  3.99  4.48  3.72  3.59  3.52  3.68     3.95  3.84  4.28  4.09  3.61
 30   40     3.93  4.21  4.11  4.21  4.11  3.59  3.76  4.28  3.63  3.61  3.67  3.92     3.92  4.02  4.14  3.88  3.64
 30   50     4.03  4.21  3.98  3.97  3.80  3.31  3.48  4.00  3.47  3.56  3.73  4.07     3.80  4.10  3.92  3.60  3.59
 30   60     4.04  4.11  3.79  3.67  3.45  2.99  3.14  3.67  3.25  3.42  3.70  4.11     3.61  4.08  3.64  3.27  3.46
 30   70     3.94  3.91  3.51  3.31  3.05  2.64  2.77  3.27  2.98  3.21  3.58  4.04     3.35  3.96  3.29  2.89  3.25
 30   80     3.73  3.62  3.16  2.90  2.63  2.27  2.38  2.84  2.64  2.94  3.37  3.87     3.03  3.74  2.90  2.50  2.98
 30   90     3.44  3.25  2.77  2.45  2.21  1.91  2.00  2.40  2.29  2.61  3.08  3.59     2.67  3.43  2.48  2.10  2.66
 45   10     2.95  3.54  3.87  4.39  4.56  4.07  4.24  4.60  3.64  3.25  2.90  2.83     3.73  3.11  4.27  4.30  3.26
 45   20     3.25  3.76  3.98  4.38  4.49  3.97  4.15  4.57  3.67  3.38  3.15  3.16     3.83  3.39  4.29  4.23  3.40
 45   30     3.48  3.90  4.01  4.31  4.34  3.82  4.00  4.46  3.65  3.45  3.32  3.42     3.85  3.60  4.22  4.09  3.47
 45   40     3.63  3.95  3.97  4.15  4.12  3.60  3.78  4.27  3.54  3.44  3.42  3.61     3.79  3.73  4.08  3.88  3.47
 45   50     3.68  3.92  3.84  3.93  3.84  3.34  3.51  4.01  3.39  3.37  3.45  3.70     3.67  3.77  3.87  3.62  3.40
 45   60     3.65  3.78  3.63  3.63  3.51  3.04  3.20  3.70  3.17  3.23  3.39  3.70     3.47  3.71  3.59  3.31  3.26
 45   70     3.52  3.58  3.37  3.29  3.14  2.71  2.85  3.33  2.91  3.01  3.26  3.61     3.22  3.57  3.27  2.97  3.06
 45   80     3.31  3.30  3.05  2.91  2.76  2.38  2.50  2.94  2.60  2.75  3.04  3.42     2.92  3.35  2.90  2.61  2.80
 45   90     3.04  2.95  2.69  2.52  2.37  2.05  2.15  2.53  2.28  2.45  2.77  3.16     2.58  3.05  2.52  2.24  2.50
 60   10     2.84  3.44  3.81  4.35  4.55  4.06  4.24  4.58  3.60  3.18  2.81  2.71     3.68  3.00  4.24  4.29  3.19
 60   20     3.05  3.57  3.87  4.32  4.47  3.97  4.14  4.54  3.61  3.26  2.97  2.94     3.73  3.19  4.22  4.22  3.28
 60   30     3.19  3.64  3.86  4.22  4.33  3.82  3.99  4.42  3.55  3.27  3.08  3.12     3.71  3.32  4.14  4.08  3.30
 60   40     3.25  3.63  3.78  4.06  4.12  3.62  3.79  4.24  3.44  3.24  3.13  3.23     3.63  3.37  3.99  3.88  3.27
 60   50     3.26  3.56  3.64  3.83  3.85  3.36  3.52  3.98  3.27  3.13  3.10  3.25     3.48  3.36  3.77  3.62  3.17
 60   60     3.19  3.41  3.44  3.56  3.55  3.08  3.23  3.69  3.06  2.98  3.02  3.22     3.29  3.27  3.52  3.34  3.02
 60   70     3.04  3.20  3.19  3.24  3.21  2.78  2.92  3.36  2.80  2.78  2.88  3.11     3.04  3.12  3.21  3.02  2.82
 60   80     2.85  2.94  2.89  2.89  2.84  2.46  2.58  2.99  2.53  2.53  2.67  2.93     2.76  2.91  2.88  2.68  2.58
 60   90     2.60  2.63  2.56  2.54  2.49  2.15  2.25  2.63  2.22  2.26  2.43  2.69     2.45  2.64  2.53  2.34  2.31
 75   10     2.71  3.32  3.74  4.31  4.54  4.06  4.23  4.55  3.55  3.10  2.70  2.57     3.62  2.87  4.20  4.28  3.12
 75   20     2.80  3.36  3.73  4.25  4.45  3.96  4.13  4.49  3.52  3.11  2.77  2.69     3.61  2.95  4.14  4.20  3.13
 75   30     2.84  3.34  3.68  4.12  4.30  3.81  3.98  4.35  3.43  3.08  2.80  2.76     3.54  2.98  4.03  4.05  3.10
 75   40     2.84  3.28  3.56  3.94  4.09  3.61  3.77  4.16  3.30  2.99  2.78  2.80     3.43  2.97  3.86  3.85  3.02
 75   50     2.78  3.15  3.40  3.71  3.83  3.37  3.52  3.93  3.13  2.87  2.72  2.77     3.27  2.90  3.65  3.61  2.91
 75   60     2.69  3.00  3.20  3.44  3.54  3.09  3.24  3.64  2.91  2.69  2.61  2.70     3.06  2.80  3.39  3.32  2.74
 75   70     2.55  2.79  2.95  3.14  3.22  2.81  2.94  3.33  2.67  2.51  2.47  2.59     2.83  2.64  3.11  3.02  2.55
 75   80     2.36  2.55  2.69  2.82  2.88  2.51  2.63  3.00  2.41  2.27  2.29  2.41     2.57  2.44  2.80  2.71  2.32
 75   90     2.15  2.29  2.39  2.49  2.54  2.20  2.31  2.64  2.14  2.04  2.07  2.22     2.29  2.22  2.47  2.38  2.08
 90   10     2.58  3.20  3.66  4.26  4.52  4.06  4.22  4.52  3.50  3.02  2.58  2.42     3.55  2.73  4.15  4.27  3.03
 90   20     2.53  3.13  3.58  4.16  4.42  3.96  4.11  4.43  3.42  2.95  2.55  2.42     3.47  2.69  4.05  4.17  2.98
 90   30     2.49  3.03  3.46  4.00  4.25  3.80  3.95  4.27  3.30  2.85  2.49  2.39     3.36  2.64  3.90  4.00  2.88
 90   40     2.41  2.88  3.31  3.78  4.04  3.59  3.74  4.06  3.14  2.73  2.42  2.33     3.20  2.54  3.71  3.80  2.76
 90   50     2.31  2.74  3.13  3.55  3.78  3.35  3.49  3.81  2.95  2.57  2.32  2.27     3.02  2.44  3.48  3.55  2.61
 90   60     2.19  2.55  2.91  3.28  3.49  3.08  3.21  3.54  2.74  2.40  2.19  2.16     2.81  2.30  3.23  3.28  2.44
 90   70     2.05  2.36  2.69  2.98  3.17  2.80  2.91  3.23  2.50  2.20  2.05  2.05     2.58  2.16  2.95  2.98  2.25
 90   80     1.88  2.14  2.43  2.69  2.86  2.51  2.62  2.92  2.26  2.01  1.89  1.91     2.34  1.98  2.66  2.68  2.05
 90   90     1.72  1.93  2.18  2.39  2.54  2.22  2.32  2.60  2.01  1.79  1.71  1.74     2.10  1.80  2.37  2.38  1.84
105   10     2.44  3.08  3.58  4.22  4.51  4.05  4.21  4.49  3.45  2.94  2.46  2.28     3.48  2.60  4.10  4.25  2.95
105   20     2.28  2.89  3.43  4.06  4.38  3.94  4.09  4.36  3.33  2.79  2.33  2.14     3.33  2.43  3.96  4.13  2.81
105   30     2.12  2.70  3.24  3.86  4.19  3.77  3.92  4.16  3.16  2.62  2.19  2.00     3.16  2.27  3.76  3.95  2.65
105   40     1.98  2.50  3.04  3.61  3.96  3.56  3.69  3.92  2.96  2.45  2.05  1.89     2.97  2.12  3.53  3.72  2.49
105   50     1.84  2.31  2.82  3.34  3.68  3.31  3.43  3.66  2.75  2.27  1.91  1.77     2.76  1.97  3.28  3.46  2.31
105   60     1.70  2.12  2.60  3.07  3.39  3.03  3.15  3.38  2.52  2.08  1.78  1.66     2.54  1.82  3.02  3.18  2.13
105   70     1.58  1.94  2.37  2.79  3.07  2.74  2.85  3.08  2.30  1.90  1.63  1.55     2.32  1.69  2.74  2.89  1.95
105   80     1.44  1.75  2.15  2.50  2.77  2.46  2.55  2.77  2.07  1.72  1.51  1.44     2.09  1.54  2.47  2.60  1.77
105   90     1.32  1.57  1.92  2.23  2.47  2.19  2.27  2.48  1.85  1.54  1.36  1.31     1.88  1.40  2.21  2.31  1.59
120   10     2.30  2.96  3.50  4.17  4.49  4.05  4.20  4.46  3.40  2.86  2.35  2.14     3.41  2.47  4.05  4.24  2.87
120   20     2.02  2.66  3.27  3.97  4.34  3.93  4.07  4.29  3.23  2.63  2.11  1.87     3.20  2.19  3.86  4.10  2.65
120   30     1.77  2.38  3.01  3.71  4.13  3.75  3.88  4.05  3.01  2.40  1.88  1.64     2.97  1.93  3.62  3.89  2.43
120   40     1.57  2.12  2.75  3.42  3.86  3.51  3.62  3.77  2.77  2.17  1.69  1.46     2.72  1.71  3.34  3.63  2.21
120   50     1.40  1.89  2.50  3.11  3.55  3.24  3.34  3.47  2.53  1.96  1.53  1.31     2.49  1.53  3.05  3.35  2.01
120   60     1.27  1.70  2.27  2.82  3.24  2.95  3.04  3.16  2.30  1.77  1.39  1.21     2.26  1.39  2.77  3.05  1.82
120   70     1.17  1.53  2.05  2.54  2.92  2.66  2.74  2.86  2.07  1.61  1.27  1.11     2.04  1.27  2.50  2.75  1.65
120   80     1.06  1.39  1.85  2.27  2.62  2.37  2.45  2.57  1.87  1.44  1.17  1.03     1.84  1.16  2.25  2.46  1.49
120   90     0.98  1.25  1.67  2.02  2.33  2.11  2.17  2.29  1.67  1.31  1.07  0.95     1.65  1.06  2.00  2.19  1.35
135   10     2.18  2.86  3.43  4.13  4.47  4.04  4.20  4.43  3.36  2.78  2.25  2.01     3.35  2.35  4.01  4.22  2.80
135   20     1.79  2.46  3.13  3.88  4.31  3.92  4.05  4.22  3.14  2.49  1.91  1.63     3.08  1.96  3.77  4.07  2.51
135   30     1.45  2.08  2.79  3.57  4.06  3.72  3.84  3.94  2.87  2.18  1.60  1.30     2.78  1.61  3.48  3.83  2.22
135   40     1.19  1.75  2.47  3.23  3.75  3.46  3.56  3.61  2.59  1.91  1.36  1.06     2.50  1.34  3.15  3.54  1.95
135   50     1.03  1.50  2.18  2.87  3.40  3.17  3.24  3.25  2.31  1.67  1.18  0.92     2.23  1.15  2.82  3.22  1.72
135   60     0.92  1.32  1.93  2.55  3.05  2.85  2.90  2.91  2.06  1.48  1.06  0.84     1.99  1.03  2.51  2.89  1.53
135   70     0.86  1.18  1.73  2.26  2.72  2.53  2.59  2.59  1.84  1.33  0.97  0.79     1.78  0.94  2.23  2.57  1.38
135   80     0.80  1.09  1.55  2.01  2.42  2.25  2.30  2.31  1.65  1.20  0.91  0.74     1.60  0.87  1.99  2.29  1.25
135   90     0.76  1.00  1.42  1.79  2.15  1.99  2.03  2.07  1.48  1.10  0.84  0.71     1.44  0.82  1.79  2.03  1.14
150   10     2.09  2.78  3.38  4.10  4.46  4.04  4.19  4.41  3.33  2.73  2.17  1.91     3.30  2.26  3.98  4.21  2.74
150   20     1.60  2.30  3.02  3.82  4.28  3.91  4.04  4.17  3.06  2.37  1.74  1.42     2.98  1.77  3.71  4.04  2.39
150   30     1.17  1.83  2.62  3.46  4.01  3.71  3.81  3.85  2.75  2.00  1.35  1.00     2.63  1.33  3.36  3.79  2.04
150   40     0.89  1.43  2.21  3.06  3.67  3.44  3.51  3.47  2.42  1.66  1.06  0.75     2.30  1.02  2.98  3.47  1.71
150   50     0.76  1.17  1.86  2.64  3.27  3.11  3.15  3.04  2.09  1.40  0.91  0.66     2.00  0.86  2.59  3.10  1.46
150   60     0.72  1.03  1.61  2.26  2.85  2.74  2.77  2.63  1.81  1.23  0.83  0.64     1.76  0.80  2.24  2.71  1.29
150   70     0.70  0.95  1.43  1.97  2.48  2.39  2.40  2.29  1.61  1.12  0.79  0.62     1.56  0.76  1.96  2.36  1.18
150   80     0.67  0.89  1.30  1.75  2.18  2.10  2.11  2.03  1.45  1.03  0.75  0.60     1.41  0.72  1.74  2.08  1.08
150   90     0.65  0.85  1.21  1.57  1.93  1.85  1.86  1.82  1.32  0.96  0.72  0.58     1.28  0.69  1.57  1.85  1.00
165   10     2.03  2.74  3.34  4.09  4.46  4.04  4.19  4.39  3.31  2.69  2.11  1.83     3.27  2.20  3.96  4.21  2.71
165   20     1.46  2.19  2.94  3.79  4.26  3.91  4.04  4.14  3.02  2.30  1.62  1.27     2.91  1.64  3.66  4.03  2.31
165   30     0.96  1.64  2.48  3.40  3.99  3.70  3.80  3.81  2.68  1.87  1.16  0.79     2.52  1.13  3.29  3.77  1.90
165   40     0.74  1.16  2.00  2.96  3.63  3.43  3.50  3.39  2.30  1.46  0.85  0.66     2.17  0.85  2.87  3.44  1.53
165   50     0.73  0.93  1.58  2.47  3.21  3.10  3.14  2.92  1.90  1.17  0.82  0.65     1.88  0.77  2.42  3.05  1.29
165   60     0.71  0.91  1.33  1.99  2.74  2.72  2.72  2.40  1.59  1.06  0.79  0.64     1.63  0.75  2.02  2.61  1.15
165   70     0.69  0.88  1.22  1.69  2.23  2.30  2.27  1.98  1.42  1.01  0.76  0.62     1.42  0.73  1.71  2.18  1.06
165   80     0.67  0.85  1.15  1.51  1.93  1.94  1.92  1.75  1.30  0.95  0.73  0.60     1.28  0.71  1.53  1.87  1.00
165   90     0.65  0.82  1.08  1.39  1.73  1.71  1.70  1.59  1.21  0.90  0.70  0.58     1.17  0.69  1.40  1.67  0.94
180   10     2.00  2.72  3.33  4.09  4.45  4.04  4.19  4.39  3.30  2.68  2.09  1.81     3.26  2.18  3.96  4.20  2.69
180   20     1.42  2.15  2.91  3.78  4.25  3.90  4.03  4.13  3.00  2.27  1.58  1.22     2.89  1.60  3.65  4.02  2.28
180   30     0.88  1.55  2.43  3.40  3.97  3.70  3.80  3.79  2.65  1.81  1.09  0.73     2.48  1.05  3.27  3.76  1.85
180   40     0.74  1.02  1.91  2.95  3.61  3.42  3.50  3.37  2.26  1.35  0.84  0.66     2.14  0.81  2.83  3.43  1.48
180   50     0.73  0.93  1.38  2.45  3.19  3.09  3.13  2.90  1.83  1.09  0.82  0.65     1.85  0.77  2.34  3.04  1.25
180   60     0.71  0.91  1.21  1.92  2.71  2.71  2.71  2.37  1.41  1.05  0.79  0.64     1.60  0.75  1.95  2.60  1.08
180   70     0.69  0.88  1.16  1.53  2.20  2.29  2.26  1.83  1.32  1.00  0.76  0.62     1.38  0.73  1.63  2.13  1.03
180   80     0.67  0.85  1.11  1.41  1.80  1.87  1.84  1.61  1.24  0.95  0.73  0.60     1.22  0.71  1.44  1.77  0.98
180   90     0.65  0.82  1.05  1.32  1.63  1.64  1.63  1.48  1.16  0.90  0.70  0.58     1.13  0.69  1.33  1.58  0.92
             58.9  48.9  34.3  18.3   6.1   2.0   3.4  11.8  25.3  41.6  55.4  61.5     33.1  56.5  20.0   6.2  42.0
             4.40  4.50  4.24  4.47  4.57  4.09  4.26  4.62  3.78  3.77  4.03  4.42     4.26  4.43  4.37  4.32  3.79
             4.03  4.36  4.24  4.37  4.26  3.73  3.92  4.42  3.76  3.74  3.78  3.96     4.05  4.12  4.29  4.02  3.76
             1.09  1.03  1.00  1.02  1.07  1.10  1.09  1.05  1.01  1.01  1.07  1.12     1.05  1.08  1.03  1.08  1.03
             1.56  1.33  1.15  1.01  0.93  0.91  0.92  0.97  1.06  1.22  1.46  1.64     1.18  1.51  1.03  0.93  1.25
temperature   5.3   6.1   9.3  14.4  18.5  21.9  25.6  26.8  23.7  18.2  12.8   7.5     15.8   6.3  14.1  24.8  18.2
diffusedrad  1.09  1.41  1.77  2.15  2.45  2.50  2.46  2.28  1.96  1.52  1.18  0.98     1.81  1.16  2.12  2.41  1.55
snow10cm     0.00  0.00  0.00  0.00  0.00  0.00  0.00  0.00  0.00  0.00  0.00  0.00     0.00  0.00  0.00  0.00  0.00
