2 50476   菊川牧之原      34   47  138  8.4  191
             2.70  3.30  3.86  4.59  4.89  4.36  4.63  4.92  3.78  3.12  2.58  2.46     3.77  2.82  4.45  4.64  3.16
             3.07  3.78  4.53  5.57  5.52  5.06  5.99  6.27  4.49  3.98  3.14  2.90     4.06  3.19  4.98  5.16  3.48
             2.23  2.17  2.89  3.51  4.04  3.66  3.54  3.98  3.13  2.60  2.04  2.08     3.46  2.48  3.97  3.96  2.88
  0   10     3.28  3.71  4.15  4.72  4.89  4.32  4.61  5.00  3.94  3.42  3.04  3.04     4.01  3.34  4.59  4.64  3.47
  0   20     3.78  4.08  4.35  4.76  4.81  4.21  4.50  4.97  4.04  3.65  3.42  3.54     4.17  3.80  4.64  4.56  3.70
  0   30     4.18  4.34  4.45  4.69  4.63  4.03  4.32  4.84  4.04  3.80  3.71  3.96     4.25  4.16  4.59  4.39  3.85
  0   40     4.47  4.50  4.45  4.53  4.35  3.77  4.04  4.61  3.97  3.86  3.92  4.27     4.23  4.42  4.44  4.14  3.92
  0   50     4.65  4.55  4.34  4.26  4.00  3.45  3.69  4.28  3.80  3.83  4.03  4.47     4.11  4.56  4.20  3.81  3.89
  0   60     4.71  4.48  4.13  3.91  3.57  3.07  3.29  3.87  3.56  3.72  4.03  4.56     3.91  4.58  3.87  3.41  3.77
  0   70     4.64  4.30  3.84  3.48  3.09  2.66  2.85  3.39  3.24  3.51  3.94  4.52     3.62  4.49  3.47  2.96  3.56
  0   80     4.45  4.02  3.45  2.99  2.57  2.23  2.36  2.85  2.86  3.23  3.74  4.36     3.26  4.27  3.00  2.48  3.28
  0   90     4.14  3.64  3.00  2.45  2.03  1.80  1.89  2.28  2.43  2.88  3.45  4.09     2.84  3.95  2.49  1.99  2.92
 15   10     3.26  3.69  4.14  4.71  4.89  4.32  4.61  4.99  3.94  3.41  3.02  3.02     4.00  3.33  4.58  4.64  3.46
 15   20     3.74  4.04  4.33  4.75  4.81  4.21  4.51  4.97  4.03  3.63  3.38  3.52     4.16  3.77  4.63  4.56  3.68
 15   30     4.12  4.29  4.42  4.68  4.63  4.03  4.32  4.84  4.03  3.77  3.66  3.92     4.23  4.11  4.58  4.40  3.82
 15   40     4.40  4.44  4.41  4.51  4.36  3.77  4.05  4.62  3.95  3.82  3.86  4.23     4.20  4.36  4.43  4.15  3.87
 15   50     4.57  4.47  4.30  4.26  4.02  3.46  3.72  4.30  3.79  3.78  3.95  4.42     4.09  4.49  4.20  3.83  3.84
 15   60     4.61  4.39  4.10  3.92  3.60  3.10  3.32  3.90  3.55  3.65  3.95  4.50     3.88  4.50  3.87  3.44  3.72
 15   70     4.53  4.21  3.80  3.50  3.13  2.70  2.88  3.43  3.24  3.45  3.84  4.45     3.60  4.40  3.48  3.00  3.51
 15   80     4.34  3.92  3.42  3.02  2.63  2.27  2.42  2.91  2.86  3.16  3.64  4.29     3.24  4.18  3.02  2.54  3.22
 15   90     4.03  3.54  2.97  2.51  2.12  1.86  1.96  2.37  2.45  2.81  3.36  4.02     2.83  3.86  2.53  2.06  2.87
 30   10     3.20  3.64  4.11  4.69  4.89  4.32  4.61  4.99  3.92  3.37  2.97  2.97     3.97  3.27  4.56  4.64  3.42
 30   20     3.62  3.94  4.27  4.71  4.82  4.22  4.51  4.97  3.99  3.56  3.29  3.42     4.11  3.66  4.60  4.57  3.61
 30   30     3.95  4.15  4.35  4.65  4.64  4.04  4.33  4.85  3.98  3.67  3.52  3.77     4.16  3.96  4.55  4.41  3.73
 30   40     4.18  4.25  4.32  4.49  4.40  3.80  4.08  4.64  3.90  3.70  3.68  4.03     4.12  4.16  4.40  4.17  3.76
 30   50     4.30  4.25  4.20  4.23  4.06  3.50  3.76  4.33  3.73  3.65  3.74  4.19     4.00  4.25  4.16  3.86  3.71
 30   60     4.31  4.15  3.99  3.91  3.68  3.16  3.39  3.97  3.49  3.51  3.71  4.23     3.79  4.23  3.86  3.50  3.57
 30   70     4.21  3.96  3.70  3.51  3.24  2.78  2.98  3.52  3.20  3.29  3.59  4.17     3.51  4.11  3.49  3.10  3.36
 30   80     4.00  3.66  3.33  3.08  2.79  2.39  2.55  3.06  2.84  3.01  3.39  3.99     3.17  3.88  3.06  2.67  3.08
 30   90     3.69  3.29  2.92  2.60  2.33  2.01  2.13  2.57  2.46  2.67  3.10  3.71     2.79  3.56  2.61  2.24  2.74
 45   10     3.11  3.57  4.06  4.66  4.89  4.32  4.61  4.98  3.88  3.32  2.89  2.88     3.93  3.18  4.54  4.63  3.37
 45   20     3.43  3.79  4.19  4.66  4.81  4.22  4.51  4.94  3.93  3.46  3.15  3.24     4.03  3.49  4.55  4.56  3.52
 45   30     3.69  3.93  4.22  4.59  4.66  4.05  4.34  4.83  3.91  3.54  3.33  3.51     4.05  3.71  4.49  4.41  3.59
 45   40     3.85  3.99  4.18  4.41  4.41  3.82  4.10  4.63  3.80  3.53  3.43  3.71     3.99  3.85  4.33  4.18  3.59
 45   50     3.92  3.96  4.05  4.18  4.12  3.54  3.80  4.35  3.64  3.45  3.46  3.81     3.86  3.90  4.12  3.90  3.52
 45   60     3.89  3.83  3.83  3.86  3.76  3.22  3.46  4.01  3.41  3.31  3.41  3.82     3.65  3.84  3.81  3.56  3.37
 45   70     3.76  3.62  3.56  3.51  3.36  2.87  3.08  3.61  3.13  3.09  3.27  3.72     3.38  3.70  3.48  3.19  3.16
 45   80     3.54  3.34  3.21  3.10  2.94  2.51  2.70  3.19  2.80  2.82  3.06  3.53     3.06  3.47  3.09  2.80  2.89
 45   90     3.25  2.98  2.84  2.68  2.52  2.16  2.31  2.74  2.45  2.51  2.79  3.26     2.71  3.16  2.68  2.40  2.58
 60   10     2.98  3.46  3.99  4.62  4.88  4.32  4.60  4.96  3.84  3.25  2.80  2.76     3.87  3.07  4.50  4.62  3.30
 60   20     3.21  3.60  4.06  4.60  4.80  4.22  4.50  4.91  3.86  3.34  2.97  3.01     3.92  3.27  4.49  4.54  3.39
 60   30     3.37  3.67  4.06  4.49  4.64  4.06  4.34  4.79  3.80  3.35  3.08  3.20     3.90  3.41  4.40  4.39  3.41
 60   40     3.44  3.66  3.98  4.32  4.42  3.84  4.11  4.59  3.69  3.31  3.13  3.31     3.82  3.47  4.24  4.18  3.38
 60   50     3.46  3.60  3.84  4.08  4.13  3.57  3.83  4.33  3.51  3.21  3.11  3.34     3.67  3.47  4.01  3.91  3.27
 60   60     3.39  3.45  3.63  3.79  3.81  3.27  3.51  4.01  3.29  3.05  3.03  3.32     3.46  3.39  3.74  3.60  3.13
 60   70     3.24  3.23  3.36  3.45  3.44  2.94  3.16  3.65  3.01  2.85  2.89  3.21     3.20  3.23  3.42  3.25  2.92
 60   80     3.04  2.98  3.05  3.08  3.05  2.60  2.80  3.25  2.72  2.59  2.69  3.02     2.91  3.01  3.06  2.88  2.67
 60   90     2.78  2.66  2.70  2.70  2.67  2.27  2.44  2.86  2.39  2.32  2.45  2.78     2.58  2.74  2.69  2.52  2.38
 75   10     2.84  3.35  3.92  4.58  4.87  4.31  4.60  4.93  3.79  3.17  2.69  2.62     3.81  2.93  4.45  4.61  3.22
 75   20     2.94  3.39  3.91  4.51  4.77  4.21  4.49  4.86  3.76  3.18  2.77  2.75     3.80  3.03  4.40  4.52  3.24
 75   30     3.00  3.36  3.86  4.38  4.61  4.05  4.32  4.71  3.67  3.15  2.80  2.82     3.73  3.06  4.28  4.36  3.21
 75   40     3.00  3.31  3.74  4.19  4.40  3.84  4.10  4.52  3.53  3.06  2.78  2.87     3.61  3.06  4.11  4.15  3.12
 75   50     2.94  3.18  3.58  3.95  4.12  3.58  3.83  4.26  3.35  2.94  2.73  2.84     3.44  2.99  3.88  3.89  3.01
 75   60     2.86  3.03  3.37  3.65  3.80  3.29  3.52  3.95  3.12  2.76  2.62  2.77     3.23  2.89  3.61  3.59  2.83
 75   70     2.70  2.81  3.11  3.35  3.47  2.98  3.20  3.62  2.87  2.57  2.48  2.66     2.99  2.73  3.31  3.27  2.64
 75   80     2.51  2.58  2.83  3.00  3.11  2.66  2.86  3.26  2.59  2.33  2.30  2.48     2.71  2.53  2.98  2.93  2.41
 75   90     2.29  2.31  2.52  2.65  2.74  2.34  2.51  2.88  2.30  2.09  2.08  2.29     2.42  2.30  2.64  2.57  2.16
 90   10     2.69  3.22  3.83  4.53  4.85  4.31  4.59  4.89  3.73  3.09  2.58  2.46     3.73  2.79  4.40  4.60  3.13
 90   20     2.65  3.15  3.75  4.42  4.74  4.20  4.47  4.79  3.65  3.01  2.55  2.46     3.65  2.75  4.30  4.49  3.07
 90   30     2.61  3.05  3.63  4.24  4.57  4.03  4.29  4.62  3.52  2.92  2.49  2.44     3.54  2.70  4.15  4.32  2.98
 90   40     2.53  2.90  3.48  4.02  4.34  3.82  4.07  4.40  3.35  2.79  2.42  2.38     3.37  2.60  3.94  4.09  2.85
 90   50     2.43  2.76  3.28  3.77  4.06  3.56  3.80  4.14  3.15  2.63  2.32  2.32     3.19  2.50  3.70  3.83  2.70
 90   60     2.31  2.57  3.06  3.49  3.75  3.27  3.50  3.84  2.93  2.46  2.20  2.21     2.97  2.36  3.43  3.54  2.53
 90   70     2.17  2.38  2.82  3.17  3.42  2.97  3.17  3.51  2.67  2.25  2.05  2.11     2.73  2.22  3.14  3.22  2.33
 90   80     1.99  2.16  2.56  2.86  3.09  2.67  2.85  3.18  2.42  2.06  1.90  1.96     2.47  2.03  2.83  2.90  2.13
 90   90     1.82  1.95  2.30  2.54  2.74  2.36  2.52  2.84  2.16  1.83  1.71  1.79     2.21  1.85  2.53  2.57  1.90
105   10     2.54  3.09  3.75  4.47  4.83  4.30  4.58  4.86  3.68  3.00  2.45  2.31     3.65  2.65  4.35  4.58  3.04
105   20     2.37  2.91  3.59  4.31  4.70  4.19  4.45  4.71  3.54  2.85  2.32  2.17     3.51  2.48  4.20  4.45  2.90
105   30     2.20  2.71  3.39  4.09  4.50  4.01  4.25  4.50  3.36  2.68  2.18  2.04     3.33  2.32  3.99  4.26  2.74
105   40     2.06  2.52  3.18  3.83  4.25  3.78  4.01  4.25  3.15  2.50  2.04  1.92     3.12  2.17  3.75  4.01  2.57
105   50     1.92  2.31  2.96  3.54  3.96  3.51  3.73  3.96  2.92  2.32  1.91  1.80     2.90  2.01  3.48  3.73  2.38
105   60     1.77  2.13  2.72  3.25  3.64  3.22  3.42  3.66  2.69  2.13  1.78  1.69     2.67  1.86  3.21  3.43  2.20
105   70     1.65  1.95  2.48  2.96  3.31  2.92  3.10  3.34  2.45  1.95  1.63  1.58     2.44  1.73  2.92  3.12  2.01
105   80     1.50  1.76  2.26  2.65  2.98  2.62  2.78  3.01  2.21  1.76  1.51  1.47     2.21  1.58  2.63  2.80  1.83
105   90     1.38  1.58  2.02  2.36  2.66  2.32  2.47  2.70  1.98  1.58  1.37  1.34     1.98  1.43  2.35  2.50  1.64
120   10     2.39  2.97  3.66  4.43  4.81  4.30  4.57  4.82  3.62  2.92  2.34  2.17     3.58  2.51  4.30  4.56  2.96
120   20     2.10  2.67  3.42  4.21  4.66  4.17  4.43  4.63  3.43  2.69  2.10  1.89     3.37  2.22  4.09  4.41  2.74
120   30     1.83  2.38  3.15  3.93  4.42  3.98  4.21  4.37  3.19  2.44  1.87  1.65     3.12  1.96  3.83  4.19  2.50
120   40     1.61  2.12  2.87  3.61  4.13  3.73  3.93  4.07  2.94  2.21  1.68  1.47     2.86  1.73  3.54  3.91  2.28
120   50     1.44  1.90  2.60  3.29  3.81  3.44  3.62  3.75  2.68  2.00  1.52  1.32     2.61  1.55  3.23  3.60  2.07
120   60     1.30  1.70  2.36  2.98  3.47  3.13  3.30  3.41  2.43  1.81  1.39  1.21     2.37  1.41  2.94  3.28  1.88
120   70     1.20  1.53  2.14  2.68  3.13  2.82  2.97  3.09  2.19  1.64  1.26  1.12     2.15  1.28  2.65  2.96  1.70
120   80     1.09  1.39  1.93  2.40  2.81  2.52  2.65  2.78  1.98  1.47  1.17  1.04     1.94  1.17  2.38  2.65  1.54
120   90     1.01  1.25  1.74  2.13  2.50  2.23  2.35  2.48  1.77  1.33  1.06  0.96     1.74  1.07  2.13  2.36  1.39
135   10     2.27  2.87  3.59  4.38  4.80  4.30  4.56  4.78  3.58  2.84  2.24  2.03     3.52  2.39  4.26  4.55  2.88
135   20     1.84  2.47  3.26  4.11  4.62  4.16  4.40  4.56  3.33  2.54  1.90  1.63     3.23  1.98  4.00  4.37  2.59
135   30     1.48  2.08  2.91  3.78  4.35  3.95  4.16  4.25  3.04  2.22  1.58  1.30     2.92  1.62  3.68  4.12  2.28
135   40     1.20  1.75  2.56  3.40  4.01  3.68  3.86  3.89  2.73  1.94  1.34  1.06     2.62  1.34  3.33  3.81  2.00
135   50     1.03  1.50  2.26  3.02  3.63  3.36  3.50  3.50  2.43  1.70  1.17  0.91     2.33  1.15  2.97  3.45  1.76
135   60     0.92  1.31  2.00  2.67  3.25  3.02  3.14  3.12  2.16  1.50  1.05  0.82     2.08  1.02  2.64  3.09  1.57
135   70     0.85  1.18  1.79  2.37  2.90  2.68  2.79  2.78  1.93  1.35  0.96  0.78     1.86  0.94  2.35  2.75  1.41
135   80     0.79  1.08  1.61  2.10  2.58  2.38  2.48  2.48  1.73  1.22  0.90  0.73     1.67  0.87  2.10  2.45  1.28
135   90     0.76  0.99  1.47  1.88  2.29  2.10  2.19  2.23  1.55  1.12  0.83  0.70     1.51  0.82  1.88  2.17  1.17
150   10     2.16  2.79  3.53  4.35  4.78  4.29  4.55  4.76  3.54  2.78  2.16  1.92     3.47  2.29  4.22  4.54  2.83
150   20     1.63  2.30  3.14  4.04  4.58  4.16  4.39  4.50  3.24  2.42  1.73  1.42     3.13  1.78  3.92  4.35  2.46
150   30     1.17  1.82  2.72  3.65  4.29  3.94  4.14  4.15  2.90  2.04  1.33  0.98     2.76  1.32  3.55  4.07  2.09
150   40     0.86  1.42  2.29  3.21  3.92  3.65  3.81  3.72  2.53  1.69  1.04  0.72     2.40  1.00  3.14  3.73  1.75
150   50     0.73  1.15  1.92  2.76  3.47  3.29  3.41  3.25  2.18  1.41  0.89  0.64     2.09  0.84  2.72  3.32  1.49
150   60     0.69  1.01  1.65  2.36  3.02  2.90  2.98  2.81  1.88  1.24  0.82  0.61     1.83  0.77  2.34  2.89  1.31
150   70     0.67  0.94  1.47  2.05  2.62  2.52  2.58  2.43  1.67  1.13  0.78  0.60     1.62  0.74  2.04  2.51  1.19
150   80     0.65  0.88  1.34  1.81  2.30  2.21  2.26  2.16  1.50  1.04  0.74  0.58     1.46  0.71  1.81  2.21  1.09
150   90     0.63  0.84  1.24  1.63  2.04  1.95  1.99  1.94  1.36  0.97  0.71  0.57     1.32  0.68  1.64  1.96  1.01
165   10     2.09  2.75  3.49  4.34  4.77  4.29  4.55  4.74  3.51  2.75  2.10  1.85     3.44  2.23  4.20  4.53  2.79
165   20     1.48  2.19  3.06  4.00  4.57  4.15  4.38  4.46  3.19  2.34  1.61  1.26     3.06  1.64  3.88  4.33  2.38
165   30     0.94  1.63  2.57  3.59  4.26  3.93  4.13  4.09  2.81  1.90  1.14  0.77     2.65  1.11  3.47  4.05  1.95
165   40     0.70  1.14  2.06  3.10  3.87  3.64  3.79  3.63  2.39  1.47  0.82  0.63     2.27  0.82  3.01  3.69  1.56
165   50     0.69  0.91  1.61  2.57  3.41  3.28  3.38  3.11  1.96  1.17  0.80  0.62     1.96  0.74  2.53  3.26  1.31
165   60     0.68  0.89  1.34  2.05  2.89  2.87  2.92  2.53  1.62  1.07  0.77  0.61     1.69  0.72  2.09  2.77  1.15
165   70     0.66  0.86  1.23  1.73  2.34  2.42  2.42  2.07  1.44  1.01  0.75  0.60     1.46  0.71  1.76  2.30  1.07
165   80     0.65  0.84  1.16  1.54  2.01  2.03  2.03  1.82  1.33  0.96  0.72  0.58     1.30  0.69  1.57  1.96  1.00
165   90     0.63  0.81  1.10  1.42  1.79  1.79  1.80  1.66  1.23  0.91  0.69  0.57     1.20  0.67  1.44  1.75  0.94
180   10     2.06  2.73  3.48  4.34  4.77  4.29  4.55  4.74  3.50  2.74  2.08  1.83     3.42  2.21  4.19  4.52  2.77
180   20     1.43  2.14  3.03  4.00  4.55  4.15  4.38  4.45  3.17  2.31  1.56  1.22     3.03  1.60  3.86  4.32  2.35
180   30     0.85  1.54  2.52  3.58  4.24  3.92  4.12  4.07  2.78  1.84  1.07  0.70     2.60  1.03  3.45  4.04  1.90
180   40     0.70  1.00  1.96  3.10  3.85  3.63  3.78  3.61  2.35  1.36  0.82  0.63     2.23  0.78  2.97  3.67  1.51
180   50     0.69  0.91  1.39  2.55  3.38  3.27  3.38  3.08  1.87  1.09  0.80  0.62     1.92  0.74  2.44  3.24  1.25
180   60     0.68  0.89  1.21  1.97  2.86  2.86  2.91  2.50  1.41  1.05  0.77  0.61     1.64  0.72  2.01  2.76  1.08
180   70     0.66  0.86  1.17  1.54  2.29  2.41  2.40  1.89  1.32  1.01  0.75  0.60     1.41  0.71  1.67  2.23  1.02
180   80     0.65  0.84  1.12  1.43  1.86  1.95  1.93  1.66  1.25  0.96  0.72  0.58     1.25  0.69  1.47  1.85  0.97
180   90     0.63  0.81  1.06  1.34  1.67  1.71  1.71  1.53  1.17  0.91  0.69  0.57     1.15  0.67  1.36  1.65  0.92
             59.5  49.1  34.7  18.6   6.0   1.8   3.2  12.8  26.0  41.8  55.6  61.8     32.9  57.0  20.0   6.1  41.9
             4.71  4.55  4.46  4.76  4.90  4.35  4.63  5.00  4.05  3.86  4.04  4.56     4.49  4.59  4.64  4.65  3.92
             4.28  4.40  4.46  4.66  4.56  3.96  4.25  4.79  4.03  3.83  3.78  4.06     4.25  4.25  4.56  4.33  3.88
             1.10  1.03  1.00  1.02  1.07  1.10  1.09  1.04  1.00  1.01  1.07  1.12     1.06  1.09  1.03  1.08  1.03
             1.59  1.33  1.16  1.02  0.93  0.91  0.92  0.97  1.07  1.23  1.47  1.65     1.19  1.52  1.03  0.93  1.25
temperature   4.5   5.1   8.3  13.4  17.4  20.6  24.2  25.3  22.4  17.3  12.2   7.0     14.8   5.5  13.0  23.4  17.3
diffusedrad  1.06  1.38  1.80  2.18  2.47  2.58  2.54  2.32  1.99  1.53  1.15  0.94     1.83  1.13  2.15  2.48  1.56
snow10cm     0.00  0.00  0.00  0.00  0.00  0.00  0.00  0.00  0.00  0.00  0.00  0.00     0.00  0.00  0.00  0.00  0.00
