1 50551   御前崎          34 36.2  138 12.7   45
             2.79  3.45  3.99  4.83  5.11  4.65  5.12  5.47  4.09  3.26  2.68  2.55     4.00  2.93  4.64  5.08  3.34
             3.14  4.03  4.69  5.57  5.60  5.37  6.38  6.39  4.71  3.95  3.17  2.94     4.18  3.25  5.05  5.55  3.54
             2.21  2.14  2.94  3.72  3.99  3.80  3.70  4.22  3.21  2.55  2.12  2.18     3.53  2.51  3.92  4.15  2.91
  0   10     3.39  3.90  4.29  4.97  5.11  4.60  5.09  5.56  4.27  3.58  3.15  3.15     4.26  3.48  4.79  5.08  3.67
  0   20     3.91  4.29  4.50  5.01  5.02  4.48  4.97  5.53  4.38  3.83  3.55  3.68     4.43  3.96  4.85  4.99  3.92
  0   30     4.33  4.58  4.61  4.95  4.83  4.28  4.76  5.39  4.39  3.99  3.87  4.12     4.51  4.34  4.79  4.81  4.08
  0   40     4.63  4.75  4.61  4.77  4.54  4.00  4.45  5.12  4.31  4.06  4.08  4.45     4.48  4.61  4.64  4.52  4.15
  0   50     4.82  4.81  4.50  4.49  4.17  3.65  4.05  4.75  4.13  4.03  4.20  4.66     4.35  4.76  4.38  4.15  4.12
  0   60     4.88  4.74  4.29  4.11  3.71  3.25  3.59  4.28  3.87  3.91  4.20  4.74     4.13  4.79  4.04  3.71  3.99
  0   70     4.81  4.55  3.98  3.66  3.20  2.80  3.09  3.73  3.52  3.69  4.10  4.70     3.82  4.69  3.61  3.20  3.77
  0   80     4.61  4.25  3.58  3.13  2.65  2.33  2.54  3.12  3.10  3.40  3.90  4.54     3.43  4.46  3.12  2.66  3.47
  0   90     4.29  3.85  3.10  2.56  2.09  1.87  2.00  2.46  2.63  3.02  3.60  4.25     2.98  4.13  2.58  2.11  3.08
 15   10     3.37  3.88  4.28  4.96  5.11  4.60  5.09  5.55  4.26  3.57  3.14  3.14     4.25  3.46  4.79  5.08  3.66
 15   20     3.87  4.25  4.48  5.01  5.02  4.48  4.98  5.54  4.37  3.80  3.52  3.66     4.42  3.93  4.84  5.00  3.90
 15   30     4.27  4.53  4.58  4.94  4.83  4.29  4.76  5.39  4.38  3.95  3.81  4.08     4.48  4.29  4.78  4.81  4.05
 15   40     4.56  4.68  4.57  4.76  4.55  4.01  4.46  5.13  4.29  4.01  4.02  4.40     4.45  4.55  4.63  4.53  4.11
 15   50     4.73  4.72  4.46  4.49  4.19  3.67  4.08  4.77  4.12  3.97  4.12  4.60     4.33  4.68  4.38  4.17  4.07
 15   60     4.78  4.65  4.25  4.13  3.75  3.27  3.62  4.31  3.86  3.84  4.11  4.68     4.10  4.70  4.04  3.74  3.94
 15   70     4.70  4.45  3.94  3.68  3.25  2.84  3.14  3.78  3.52  3.62  4.01  4.63     3.80  4.59  3.62  3.25  3.71
 15   80     4.50  4.14  3.54  3.17  2.72  2.38  2.61  3.19  3.11  3.32  3.80  4.47     3.41  4.37  3.15  2.73  3.41
 15   90     4.17  3.74  3.07  2.62  2.19  1.94  2.09  2.57  2.65  2.95  3.50  4.18     2.97  4.03  2.63  2.20  3.03
 30   10     3.31  3.83  4.25  4.94  5.11  4.60  5.09  5.55  4.24  3.53  3.09  3.08     4.22  3.41  4.77  5.08  3.62
 30   20     3.75  4.15  4.42  4.97  5.03  4.49  4.98  5.53  4.33  3.73  3.42  3.55     4.36  3.81  4.81  5.00  3.83
 30   30     4.09  4.37  4.50  4.90  4.85  4.30  4.78  5.40  4.33  3.85  3.67  3.92     4.41  4.13  4.75  4.83  3.95
 30   40     4.33  4.49  4.48  4.73  4.59  4.04  4.49  5.16  4.24  3.89  3.83  4.20     4.37  4.34  4.60  4.57  3.99
 30   50     4.46  4.49  4.35  4.46  4.24  3.71  4.13  4.82  4.06  3.83  3.90  4.36     4.23  4.43  4.35  4.22  3.93
 30   60     4.47  4.38  4.14  4.12  3.84  3.34  3.72  4.41  3.80  3.69  3.87  4.41     4.01  4.42  4.03  3.82  3.79
 30   70     4.36  4.18  3.84  3.70  3.37  2.94  3.26  3.91  3.48  3.46  3.75  4.34     3.71  4.29  3.64  3.37  3.56
 30   80     4.14  3.87  3.46  3.23  2.89  2.51  2.77  3.38  3.09  3.17  3.53  4.15     3.35  4.06  3.19  2.89  3.26
 30   90     3.82  3.47  3.02  2.73  2.41  2.10  2.30  2.83  2.67  2.81  3.23  3.86     2.94  3.72  2.72  2.41  2.90
 45   10     3.21  3.74  4.20  4.91  5.11  4.60  5.09  5.54  4.21  3.47  3.00  2.99     4.17  3.31  4.74  5.08  3.56
 45   20     3.55  3.98  4.33  4.91  5.03  4.50  4.98  5.50  4.26  3.63  3.27  3.36     4.28  3.63  4.76  5.00  3.72
 45   30     3.82  4.14  4.37  4.84  4.86  4.32  4.79  5.39  4.25  3.71  3.46  3.65     4.30  3.87  4.69  4.83  3.81
 45   40     3.99  4.21  4.33  4.65  4.61  4.06  4.52  5.16  4.13  3.70  3.57  3.85     4.23  4.02  4.53  4.58  3.80
 45   50     4.06  4.17  4.20  4.41  4.30  3.77  4.20  4.86  3.96  3.62  3.60  3.96     4.09  4.07  4.30  4.27  3.73
 45   60     4.03  4.04  3.97  4.07  3.92  3.42  3.81  4.47  3.71  3.47  3.55  3.97     3.87  4.01  3.99  3.90  3.58
 45   70     3.89  3.82  3.69  3.69  3.51  3.04  3.38  4.02  3.40  3.24  3.41  3.87     3.58  3.86  3.63  3.48  3.35
 45   80     3.67  3.53  3.33  3.26  3.07  2.66  2.95  3.54  3.04  2.96  3.19  3.68     3.24  3.63  3.22  3.05  3.06
 45   90     3.37  3.15  2.94  2.81  2.62  2.28  2.52  3.04  2.66  2.63  2.90  3.39     2.86  3.30  2.79  2.61  2.73
 60   10     3.08  3.63  4.13  4.87  5.10  4.60  5.09  5.51  4.16  3.40  2.91  2.86     4.11  3.19  4.70  5.07  3.49
 60   20     3.32  3.78  4.20  4.84  5.01  4.50  4.98  5.47  4.18  3.49  3.09  3.12     4.17  3.41  4.69  4.98  3.59
 60   30     3.48  3.86  4.20  4.73  4.85  4.32  4.80  5.34  4.12  3.51  3.21  3.33     4.15  3.56  4.60  4.82  3.61
 60   40     3.56  3.85  4.12  4.56  4.62  4.09  4.55  5.13  4.01  3.47  3.26  3.44     4.05  3.62  4.43  4.59  3.58
 60   50     3.58  3.79  3.97  4.30  4.32  3.80  4.23  4.83  3.81  3.37  3.24  3.48     3.89  3.61  4.20  4.29  3.47
 60   60     3.51  3.63  3.76  4.00  3.98  3.48  3.88  4.49  3.58  3.20  3.16  3.45     3.68  3.53  3.91  3.95  3.31
 60   70     3.36  3.41  3.48  3.63  3.59  3.13  3.49  4.08  3.28  2.99  3.01  3.34     3.40  3.37  3.57  3.57  3.09
 60   80     3.15  3.14  3.17  3.25  3.19  2.76  3.08  3.63  2.96  2.72  2.80  3.14     3.08  3.14  3.20  3.16  2.83
 60   90     2.88  2.80  2.81  2.85  2.79  2.41  2.68  3.19  2.61  2.43  2.55  2.89     2.74  2.86  2.81  2.76  2.53
 75   10     2.93  3.50  4.05  4.82  5.09  4.60  5.08  5.48  4.10  3.31  2.80  2.71     4.04  3.05  4.65  5.05  3.40
 75   20     3.04  3.55  4.05  4.75  4.99  4.49  4.97  5.41  4.07  3.33  2.87  2.85     4.03  3.15  4.60  4.96  3.42
 75   30     3.09  3.53  4.00  4.61  4.82  4.32  4.78  5.26  3.98  3.29  2.91  2.93     3.96  3.18  4.48  4.79  3.39
 75   40     3.10  3.47  3.88  4.41  4.59  4.09  4.54  5.04  3.83  3.20  2.89  2.98     3.84  3.19  4.29  4.56  3.31
 75   50     3.04  3.34  3.71  4.16  4.31  3.82  4.24  4.77  3.64  3.08  2.84  2.96     3.66  3.11  4.06  4.27  3.19
 75   60     2.96  3.18  3.49  3.85  3.98  3.50  3.89  4.42  3.39  2.89  2.72  2.88     3.43  3.01  3.77  3.94  3.00
 75   70     2.80  2.96  3.23  3.53  3.63  3.18  3.54  4.06  3.12  2.69  2.58  2.77     3.17  2.84  3.46  3.59  2.80
 75   80     2.60  2.71  2.94  3.17  3.25  2.84  3.16  3.66  2.81  2.44  2.39  2.58     2.88  2.63  3.12  3.22  2.55
 75   90     2.37  2.43  2.62  2.79  2.86  2.49  2.77  3.23  2.51  2.19  2.17  2.38     2.57  2.39  2.76  2.83  2.29
 90   10     2.78  3.37  3.96  4.77  5.07  4.59  5.07  5.44  4.04  3.22  2.67  2.55     3.96  2.90  4.60  5.04  3.31
 90   20     2.74  3.30  3.88  4.65  4.95  4.48  4.95  5.33  3.95  3.15  2.65  2.55     3.88  2.86  4.49  4.92  3.25
 90   30     2.69  3.19  3.75  4.47  4.77  4.30  4.75  5.15  3.81  3.05  2.58  2.53     3.75  2.80  4.33  4.74  3.15
 90   40     2.61  3.04  3.60  4.23  4.53  4.07  4.50  4.91  3.63  2.92  2.51  2.47     3.58  2.71  4.12  4.49  3.02
 90   50     2.51  2.89  3.39  3.97  4.25  3.80  4.20  4.63  3.41  2.75  2.41  2.41     3.38  2.60  3.87  4.21  2.86
 90   60     2.38  2.69  3.17  3.67  3.92  3.49  3.87  4.30  3.17  2.57  2.29  2.30     3.15  2.46  3.59  3.89  2.68
 90   70     2.24  2.50  2.92  3.34  3.58  3.17  3.51  3.93  2.90  2.36  2.13  2.19     2.90  2.31  3.28  3.54  2.46
 90   80     2.05  2.26  2.65  3.02  3.23  2.85  3.16  3.57  2.63  2.15  1.97  2.03     2.63  2.12  2.96  3.19  2.25
 90   90     1.88  2.04  2.38  2.68  2.87  2.52  2.80  3.19  2.34  1.92  1.78  1.86     2.35  1.93  2.64  2.83  2.01
105   10     2.62  3.23  3.87  4.71  5.05  4.59  5.06  5.40  3.97  3.13  2.54  2.40     3.88  2.75  4.54  5.02  3.22
105   20     2.44  3.04  3.70  4.54  4.91  4.47  4.92  5.24  3.82  2.97  2.40  2.24     3.73  2.57  4.38  4.88  3.07
105   30     2.27  2.83  3.50  4.30  4.70  4.28  4.71  5.01  3.63  2.79  2.26  2.11     3.53  2.40  4.17  4.67  2.89
105   40     2.12  2.63  3.28  4.03  4.44  4.03  4.43  4.73  3.40  2.61  2.12  1.99     3.32  2.24  3.92  4.40  2.71
105   50     1.98  2.41  3.05  3.73  4.14  3.75  4.12  4.42  3.15  2.42  1.98  1.86     3.08  2.08  3.64  4.10  2.52
105   60     1.82  2.22  2.81  3.42  3.81  3.44  3.78  4.08  2.90  2.22  1.84  1.75     2.84  1.93  3.35  3.77  2.32
105   70     1.70  2.03  2.57  3.11  3.46  3.11  3.43  3.73  2.65  2.03  1.69  1.64     2.60  1.79  3.04  3.42  2.12
105   80     1.55  1.83  2.34  2.79  3.12  2.79  3.07  3.37  2.39  1.83  1.57  1.52     2.35  1.63  2.75  3.08  1.93
105   90     1.42  1.65  2.08  2.48  2.78  2.48  2.74  3.02  2.14  1.65  1.42  1.39     2.10  1.49  2.45  2.75  1.73
120   10     2.47  3.11  3.78  4.66  5.03  4.59  5.05  5.35  3.91  3.04  2.42  2.24     3.81  2.61  4.49  5.00  3.13
120   20     2.15  2.79  3.53  4.42  4.87  4.45  4.90  5.14  3.70  2.80  2.17  1.95     3.57  2.30  4.27  4.83  2.89
120   30     1.88  2.48  3.24  4.13  4.62  4.24  4.65  4.86  3.44  2.54  1.94  1.71     3.31  2.02  4.00  4.59  2.64
120   40     1.65  2.20  2.95  3.80  4.32  3.97  4.35  4.52  3.16  2.29  1.74  1.51     3.04  1.79  3.69  4.28  2.40
120   50     1.47  1.96  2.68  3.45  3.98  3.66  4.00  4.16  2.88  2.07  1.57  1.35     2.77  1.60  3.37  3.94  2.17
120   60     1.33  1.76  2.43  3.12  3.63  3.34  3.64  3.79  2.61  1.88  1.43  1.25     2.52  1.45  3.06  3.59  1.97
120   70     1.23  1.57  2.20  2.81  3.27  3.00  3.28  3.44  2.35  1.70  1.30  1.15     2.28  1.32  2.76  3.24  1.78
120   80     1.12  1.43  1.98  2.52  2.93  2.68  2.93  3.10  2.12  1.52  1.20  1.07     2.05  1.21  2.48  2.90  1.62
120   90     1.04  1.29  1.79  2.24  2.62  2.38  2.59  2.77  1.90  1.38  1.10  0.99     1.84  1.11  2.21  2.58  1.46
135   10     2.33  3.00  3.70  4.61  5.01  4.58  5.04  5.31  3.86  2.96  2.32  2.10     3.74  2.48  4.44  4.98  3.05
135   20     1.89  2.57  3.36  4.32  4.82  4.44  4.87  5.06  3.58  2.64  1.96  1.69     3.43  2.05  4.17  4.79  2.73
135   30     1.51  2.15  3.00  3.97  4.54  4.22  4.60  4.71  3.26  2.31  1.63  1.34     3.10  1.67  3.84  4.51  2.40
135   40     1.22  1.80  2.63  3.57  4.19  3.92  4.26  4.30  2.92  2.00  1.38  1.08     2.77  1.37  3.46  4.16  2.10
135   50     1.04  1.53  2.31  3.16  3.79  3.57  3.86  3.86  2.59  1.75  1.20  0.93     2.47  1.17  3.09  3.77  1.85
135   60     0.93  1.34  2.05  2.79  3.39  3.21  3.45  3.44  2.30  1.55  1.07  0.84     2.20  1.03  2.74  3.37  1.64
135   70     0.86  1.19  1.83  2.47  3.02  2.85  3.06  3.06  2.05  1.39  0.98  0.79     1.96  0.95  2.44  2.99  1.47
135   80     0.80  1.10  1.65  2.19  2.69  2.53  2.72  2.73  1.84  1.26  0.92  0.74     1.76  0.88  2.18  2.66  1.34
135   90     0.77  1.01  1.50  1.96  2.39  2.23  2.40  2.45  1.65  1.15  0.85  0.71     1.59  0.83  1.95  2.36  1.22
150   10     2.23  2.91  3.64  4.58  5.00  4.58  5.04  5.28  3.81  2.90  2.23  1.99     3.68  2.38  4.41  4.97  2.98
150   20     1.67  2.39  3.24  4.25  4.79  4.43  4.85  4.98  3.48  2.51  1.78  1.46     3.32  1.84  4.09  4.76  2.59
150   30     1.19  1.87  2.79  3.83  4.48  4.20  4.57  4.59  3.11  2.11  1.37  1.01     2.93  1.36  3.70  4.45  2.19
150   40     0.87  1.45  2.34  3.36  4.09  3.89  4.19  4.10  2.69  1.73  1.06  0.73     2.54  1.01  3.26  4.06  1.83
150   50     0.73  1.16  1.96  2.88  3.63  3.50  3.74  3.57  2.30  1.44  0.90  0.64     2.20  0.84  2.82  3.60  1.55
150   60     0.69  1.01  1.67  2.45  3.15  3.07  3.25  3.06  1.98  1.26  0.82  0.62     1.92  0.77  2.42  3.13  1.36
150   70     0.67  0.94  1.49  2.12  2.72  2.67  2.81  2.64  1.75  1.15  0.79  0.60     1.70  0.74  2.11  2.71  1.23
150   80     0.66  0.88  1.36  1.88  2.39  2.33  2.45  2.34  1.57  1.06  0.75  0.59     1.52  0.71  1.87  2.37  1.13
150   90     0.64  0.85  1.26  1.69  2.12  2.06  2.16  2.10  1.43  0.99  0.72  0.58     1.38  0.69  1.69  2.11  1.05
165   10     2.15  2.86  3.60  4.56  4.99  4.58  5.04  5.26  3.79  2.86  2.17  1.91     3.65  2.31  4.38  4.96  2.94
165   20     1.51  2.27  3.15  4.21  4.77  4.43  4.85  4.94  3.43  2.43  1.66  1.29     3.24  1.69  4.04  4.74  2.50
165   30     0.95  1.66  2.64  3.76  4.45  4.19  4.56  4.51  3.00  1.96  1.17  0.78     2.80  1.13  3.62  4.42  2.04
165   40     0.69  1.14  2.10  3.24  4.04  3.88  4.18  3.99  2.54  1.51  0.83  0.63     2.40  0.82  3.13  4.01  1.62
165   50     0.69  0.89  1.63  2.67  3.56  3.49  3.72  3.39  2.05  1.19  0.80  0.62     2.06  0.73  2.62  3.53  1.35
165   60     0.67  0.87  1.35  2.12  3.01  3.04  3.19  2.73  1.68  1.07  0.78  0.61     1.76  0.72  2.16  2.99  1.18
165   70     0.66  0.85  1.24  1.77  2.42  2.55  2.62  2.20  1.48  1.02  0.75  0.60     1.51  0.70  1.81  2.46  1.09
165   80     0.65  0.83  1.17  1.58  2.08  2.13  2.18  1.93  1.37  0.97  0.72  0.59     1.35  0.69  1.61  2.08  1.02
165   90     0.64  0.81  1.11  1.46  1.86  1.87  1.93  1.76  1.27  0.92  0.70  0.58     1.24  0.67  1.47  1.85  0.96
180   10     2.12  2.84  3.59  4.56  4.98  4.58  5.03  5.26  3.77  2.85  2.15  1.89     3.63  2.28  4.38  4.95  2.92
180   20     1.46  2.22  3.12  4.20  4.76  4.42  4.84  4.93  3.40  2.39  1.61  1.25     3.22  1.64  4.03  4.73  2.47
180   30     0.86  1.57  2.58  3.76  4.43  4.18  4.55  4.49  2.97  1.90  1.09  0.70     2.76  1.04  3.59  4.41  1.99
180   40     0.69  0.99  2.00  3.24  4.02  3.87  4.17  3.96  2.48  1.39  0.82  0.63     2.35  0.77  3.08  4.00  1.56
180   50     0.69  0.89  1.40  2.66  3.53  3.48  3.71  3.35  1.95  1.10  0.80  0.62     2.01  0.73  2.53  3.51  1.28
180   60     0.67  0.87  1.21  2.04  2.98  3.03  3.18  2.68  1.43  1.06  0.78  0.61     1.71  0.72  2.07  2.96  1.09
180   70     0.66  0.85  1.16  1.57  2.38  2.54  2.60  1.98  1.34  1.01  0.75  0.60     1.46  0.70  1.70  2.38  1.04
180   80     0.65  0.83  1.12  1.45  1.92  2.04  2.06  1.72  1.27  0.97  0.72  0.59     1.28  0.69  1.50  1.94  0.99
180   90     0.64  0.81  1.07  1.37  1.72  1.79  1.82  1.60  1.20  0.92  0.70  0.58     1.18  0.67  1.39  1.74  0.94
             59.5  49.4  34.9  18.7   5.8   1.5   2.9  12.9  26.5  42.1  55.7  61.8     32.5  57.0  20.0   6.0  41.9
             4.88  4.81  4.62  5.02  5.12  4.64  5.12  5.56  4.40  4.06  4.21  4.74     4.76  4.79  4.85  5.09  4.15
             4.41  4.63  4.62  4.91  4.76  4.22  4.69  5.33  4.38  4.02  3.93  4.21     4.51  4.42  4.77  4.75  4.11
             1.11  1.04  1.00  1.02  1.08  1.10  1.09  1.04  1.00  1.01  1.07  1.13     1.06  1.09  1.03  1.08  1.03
             1.58  1.34  1.16  1.02  0.93  0.91  0.92  0.97  1.07  1.23  1.47  1.65     1.19  1.52  1.04  0.93  1.26
temperature   6.7   7.1  10.1  14.6  18.3  21.3  24.7  26.4  24.1  19.4  14.4   9.2     16.4   7.7  14.3  24.1  19.3
diffusedrad  1.06  1.38  1.81  2.22  2.54  2.67  2.66  2.38  2.05  1.56  1.17  0.96     1.87  1.13  2.19  2.57  1.59
snow10cm     0.00  0.00  0.00  0.00  0.00  0.00  0.00  0.00  0.00  0.00  0.00  0.00     0.00  0.00  0.00  0.00  0.00
