2 51281   蒲郡            34 50.7  137   13   55
             2.50  3.17  3.92  4.69  4.95  4.49  4.71  5.02  3.86  3.20  2.54  2.32     3.78  2.66  4.52  4.74  3.20
             2.86  3.62  4.47  5.46  5.74  5.09  6.03  6.62  4.88  3.73  2.99  2.66     4.13  2.95  4.93  5.35  3.52
             2.13  2.55  3.06  3.61  4.02  3.89  3.78  4.07  3.21  2.79  2.02  2.07     3.54  2.43  4.07  4.10  2.78
  0   10     2.99  3.55  4.23  4.83  4.96  4.45  4.69  5.10  4.03  3.52  2.98  2.84     4.01  3.13  4.67  4.75  3.51
  0   20     3.42  3.89  4.44  4.87  4.87  4.34  4.58  5.08  4.13  3.77  3.35  3.29     4.17  3.53  4.72  4.66  3.75
  0   30     3.76  4.13  4.54  4.80  4.69  4.15  4.39  4.95  4.15  3.93  3.64  3.66     4.23  3.85  4.68  4.49  3.90
  0   40     4.01  4.28  4.54  4.64  4.41  3.88  4.11  4.71  4.07  4.00  3.84  3.94     4.20  4.07  4.53  4.23  3.97
  0   50     4.15  4.32  4.43  4.37  4.05  3.54  3.75  4.37  3.90  3.98  3.94  4.11     4.08  4.19  4.28  3.89  3.94
  0   60     4.19  4.25  4.23  4.00  3.61  3.15  3.34  3.94  3.65  3.86  3.94  4.18     3.86  4.21  3.95  3.48  3.82
  0   70     4.12  4.08  3.92  3.56  3.12  2.72  2.88  3.45  3.33  3.65  3.85  4.14     3.57  4.11  3.53  3.02  3.61
  0   80     3.94  3.80  3.53  3.05  2.59  2.27  2.39  2.90  2.94  3.36  3.66  3.99     3.20  3.91  3.06  2.52  3.32
  0   90     3.67  3.44  3.06  2.50  2.05  1.82  1.90  2.31  2.49  2.99  3.38  3.73     2.78  3.61  2.54  2.01  2.95
 15   10     2.98  3.54  4.22  4.81  4.96  4.45  4.69  5.10  4.03  3.51  2.96  2.83     4.00  3.11  4.66  4.75  3.50
 15   20     3.38  3.86  4.41  4.86  4.87  4.34  4.58  5.08  4.12  3.74  3.31  3.27     4.15  3.50  4.71  4.67  3.73
 15   30     3.71  4.08  4.51  4.79  4.69  4.15  4.39  4.95  4.13  3.89  3.59  3.63     4.21  3.81  4.66  4.50  3.87
 15   40     3.94  4.21  4.50  4.62  4.41  3.88  4.12  4.71  4.05  3.95  3.77  3.89     4.17  4.01  4.51  4.24  3.92
 15   50     4.07  4.24  4.39  4.36  4.07  3.56  3.77  4.39  3.88  3.91  3.86  4.06     4.05  4.12  4.28  3.91  3.89
 15   60     4.10  4.16  4.18  4.01  3.64  3.17  3.37  3.98  3.64  3.79  3.85  4.12     3.83  4.13  3.95  3.51  3.76
 15   70     4.02  3.98  3.88  3.58  3.17  2.76  2.92  3.50  3.32  3.57  3.75  4.07     3.54  4.02  3.54  3.06  3.55
 15   80     3.84  3.71  3.49  3.09  2.65  2.32  2.45  2.96  2.94  3.28  3.55  3.92     3.18  3.82  3.08  2.58  3.26
 15   90     3.56  3.34  3.02  2.56  2.14  1.89  1.98  2.41  2.51  2.91  3.27  3.66     2.77  3.52  2.57  2.09  2.90
 30   10     2.92  3.49  4.18  4.79  4.95  4.45  4.69  5.09  4.01  3.47  2.91  2.78     3.98  3.06  4.64  4.75  3.46
 30   20     3.28  3.76  4.35  4.82  4.88  4.35  4.59  5.07  4.08  3.67  3.22  3.17     4.10  3.40  4.68  4.67  3.66
 30   30     3.56  3.95  4.43  4.75  4.70  4.16  4.40  4.95  4.08  3.79  3.45  3.48     4.14  3.66  4.63  4.50  3.77
 30   40     3.75  4.04  4.41  4.59  4.45  3.91  4.14  4.73  4.00  3.83  3.59  3.71     4.10  3.83  4.48  4.26  3.81
 30   50     3.84  4.03  4.28  4.33  4.12  3.60  3.82  4.42  3.83  3.77  3.65  3.84     3.96  3.90  4.24  3.95  3.75
 30   60     3.84  3.93  4.07  4.00  3.73  3.24  3.44  4.05  3.58  3.63  3.62  3.87     3.75  3.88  3.93  3.58  3.61
 30   70     3.74  3.74  3.78  3.59  3.28  2.85  3.03  3.60  3.28  3.41  3.50  3.80     3.47  3.76  3.55  3.16  3.40
 30   80     3.54  3.46  3.40  3.14  2.81  2.44  2.59  3.12  2.91  3.12  3.30  3.64     3.12  3.55  3.12  2.72  3.11
 30   90     3.26  3.10  2.97  2.65  2.35  2.05  2.16  2.62  2.52  2.77  3.01  3.38     2.74  3.25  2.66  2.27  2.77
 45   10     2.84  3.41  4.13  4.76  4.95  4.45  4.68  5.08  3.97  3.41  2.84  2.69     3.94  2.98  4.62  4.74  3.41
 45   20     3.12  3.62  4.26  4.77  4.87  4.35  4.58  5.05  4.02  3.57  3.09  3.01     4.02  3.25  4.63  4.66  3.56
 45   30     3.33  3.75  4.29  4.69  4.71  4.18  4.41  4.93  4.00  3.64  3.26  3.25     4.04  3.44  4.57  4.51  3.63
 45   40     3.46  3.80  4.25  4.52  4.47  3.93  4.17  4.72  3.90  3.64  3.35  3.42     3.97  3.56  4.41  4.28  3.63
 45   50     3.51  3.75  4.12  4.27  4.17  3.65  3.86  4.44  3.73  3.57  3.38  3.50     3.83  3.59  4.19  3.98  3.56
 45   60     3.47  3.62  3.90  3.95  3.80  3.31  3.52  4.09  3.49  3.42  3.32  3.49     3.62  3.53  3.88  3.64  3.41
 45   70     3.34  3.43  3.63  3.59  3.40  2.95  3.13  3.68  3.21  3.19  3.19  3.40     3.34  3.39  3.54  3.25  3.19
 45   80     3.15  3.16  3.27  3.17  2.98  2.58  2.73  3.25  2.86  2.92  2.98  3.22     3.02  3.18  3.14  2.85  2.92
 45   90     2.88  2.82  2.89  2.73  2.55  2.21  2.34  2.79  2.51  2.59  2.71  2.97     2.67  2.89  2.72  2.45  2.60
 60   10     2.73  3.32  4.06  4.72  4.94  4.45  4.68  5.06  3.93  3.34  2.75  2.58     3.88  2.88  4.58  4.73  3.34
 60   20     2.92  3.44  4.13  4.70  4.86  4.35  4.58  5.01  3.94  3.43  2.91  2.80     3.92  3.06  4.56  4.64  3.43
 60   30     3.05  3.50  4.13  4.59  4.70  4.18  4.41  4.88  3.88  3.45  3.02  2.97     3.90  3.17  4.47  4.49  3.45
 60   40     3.10  3.48  4.05  4.42  4.48  3.96  4.18  4.69  3.77  3.42  3.06  3.06     3.81  3.21  4.31  4.27  3.42
 60   50     3.11  3.42  3.90  4.17  4.18  3.67  3.89  4.42  3.59  3.31  3.03  3.08     3.65  3.20  4.08  3.99  3.31
 60   60     3.04  3.27  3.69  3.87  3.86  3.37  3.56  4.09  3.37  3.15  2.96  3.04     3.44  3.12  3.81  3.67  3.16
 60   70     2.89  3.07  3.42  3.52  3.48  3.03  3.21  3.73  3.08  2.94  2.82  2.93     3.18  2.96  3.48  3.32  2.95
 60   80     2.71  2.82  3.10  3.15  3.08  2.68  2.84  3.31  2.79  2.68  2.61  2.75     2.88  2.76  3.11  2.94  2.69
 60   90     2.46  2.51  2.75  2.76  2.70  2.33  2.47  2.91  2.45  2.39  2.38  2.54     2.55  2.50  2.73  2.57  2.41
 75   10     2.61  3.21  3.98  4.67  4.93  4.45  4.67  5.03  3.87  3.26  2.65  2.45     3.81  2.76  4.53  4.71  3.26
 75   20     2.69  3.24  3.98  4.61  4.83  4.34  4.57  4.96  3.84  3.27  2.71  2.57     3.80  2.83  4.47  4.62  3.27
 75   30     2.73  3.21  3.92  4.47  4.67  4.17  4.39  4.81  3.75  3.23  2.74  2.63     3.73  2.86  4.36  4.46  3.24
 75   40     2.72  3.15  3.81  4.27  4.45  3.96  4.17  4.61  3.61  3.14  2.72  2.66     3.61  2.84  4.18  4.24  3.16
 75   50     2.66  3.03  3.63  4.03  4.17  3.69  3.89  4.35  3.43  3.02  2.67  2.62     3.43  2.77  3.95  3.98  3.04
 75   60     2.57  2.88  3.42  3.73  3.85  3.38  3.58  4.03  3.19  2.84  2.55  2.55     3.21  2.67  3.67  3.67  2.86
 75   70     2.42  2.67  3.16  3.41  3.51  3.07  3.24  3.69  2.94  2.64  2.42  2.44     2.97  2.51  3.36  3.34  2.67
 75   80     2.25  2.45  2.88  3.07  3.14  2.74  2.90  3.33  2.65  2.40  2.23  2.27     2.69  2.32  3.03  2.99  2.43
 75   90     2.04  2.19  2.56  2.70  2.76  2.41  2.55  2.94  2.35  2.15  2.03  2.09     2.40  2.11  2.67  2.63  2.18
 90   10     2.48  3.09  3.90  4.62  4.91  4.44  4.66  4.99  3.81  3.17  2.53  2.32     3.74  2.63  4.48  4.70  3.17
 90   20     2.44  3.02  3.81  4.51  4.80  4.33  4.54  4.89  3.73  3.09  2.50  2.31     3.66  2.59  4.37  4.59  3.11
 90   30     2.39  2.92  3.69  4.33  4.62  4.16  4.36  4.71  3.60  2.99  2.44  2.28     3.54  2.53  4.21  4.41  3.01
 90   40     2.31  2.78  3.53  4.10  4.39  3.93  4.13  4.48  3.42  2.86  2.37  2.22     3.38  2.44  4.00  4.18  2.88
 90   50     2.21  2.64  3.33  3.84  4.11  3.67  3.86  4.22  3.21  2.69  2.27  2.16     3.18  2.34  3.76  3.92  2.72
 90   60     2.10  2.46  3.10  3.55  3.79  3.37  3.55  3.92  2.99  2.52  2.15  2.05     2.96  2.20  3.48  3.61  2.55
 90   70     1.96  2.27  2.86  3.23  3.46  3.06  3.22  3.58  2.73  2.31  2.00  1.95     2.72  2.06  3.18  3.29  2.35
 90   80     1.80  2.06  2.59  2.91  3.12  2.75  2.89  3.24  2.47  2.11  1.85  1.80     2.46  1.89  2.87  2.96  2.14
 90   90     1.64  1.85  2.33  2.59  2.77  2.43  2.56  2.89  2.20  1.88  1.67  1.65     2.21  1.71  2.56  2.63  1.92
105   10     2.35  2.97  3.81  4.57  4.89  4.44  4.65  4.95  3.75  3.07  2.41  2.19     3.67  2.50  4.42  4.68  3.08
105   20     2.20  2.80  3.64  4.40  4.75  4.32  4.52  4.80  3.61  2.92  2.28  2.05     3.52  2.35  4.26  4.55  2.94
105   30     2.04  2.61  3.44  4.17  4.55  4.13  4.32  4.59  3.43  2.73  2.14  1.92     3.34  2.19  4.05  4.35  2.77
105   40     1.91  2.42  3.22  3.90  4.29  3.89  4.07  4.32  3.21  2.55  2.00  1.81     3.13  2.04  3.80  4.10  2.59
105   50     1.78  2.23  3.00  3.60  4.00  3.62  3.78  4.03  2.98  2.37  1.87  1.69     2.91  1.90  3.53  3.81  2.40
105   60     1.64  2.04  2.76  3.31  3.68  3.32  3.47  3.72  2.73  2.17  1.74  1.58     2.68  1.75  3.25  3.50  2.22
105   70     1.52  1.87  2.51  3.01  3.34  3.00  3.15  3.40  2.50  1.98  1.60  1.48     2.45  1.62  2.95  3.18  2.03
105   80     1.38  1.68  2.29  2.69  3.01  2.69  2.81  3.06  2.25  1.80  1.48  1.36     2.21  1.47  2.66  2.86  1.84
105   90     1.26  1.52  2.04  2.40  2.69  2.39  2.50  2.74  2.01  1.61  1.33  1.25     1.98  1.34  2.38  2.55  1.65
120   10     2.23  2.87  3.72  4.52  4.87  4.43  4.64  4.91  3.70  2.98  2.30  2.05     3.60  2.38  4.37  4.66  2.99
120   20     1.96  2.58  3.47  4.29  4.71  4.30  4.50  4.72  3.49  2.74  2.06  1.80     3.39  2.11  4.16  4.51  2.77
120   30     1.72  2.30  3.19  4.00  4.47  4.10  4.27  4.45  3.25  2.49  1.84  1.58     3.14  1.87  3.89  4.28  2.53
120   40     1.53  2.05  2.90  3.68  4.17  3.84  3.99  4.14  2.99  2.25  1.65  1.40     2.88  1.66  3.59  3.99  2.30
120   50     1.37  1.84  2.63  3.34  3.84  3.54  3.68  3.80  2.72  2.02  1.50  1.26     2.63  1.49  3.27  3.67  2.08
120   60     1.23  1.65  2.38  3.02  3.50  3.22  3.34  3.47  2.47  1.83  1.36  1.16     2.39  1.35  2.97  3.34  1.89
120   70     1.14  1.48  2.16  2.71  3.16  2.90  3.01  3.14  2.22  1.66  1.24  1.07     2.16  1.23  2.68  3.02  1.71
120   80     1.03  1.34  1.95  2.43  2.83  2.59  2.69  2.83  2.00  1.49  1.14  0.99     1.94  1.12  2.40  2.70  1.54
120   90     0.95  1.21  1.75  2.17  2.52  2.30  2.38  2.52  1.79  1.35  1.04  0.91     1.74  1.03  2.15  2.40  1.40
135   10     2.12  2.77  3.64  4.47  4.86  4.43  4.63  4.88  3.65  2.91  2.20  1.94     3.54  2.27  4.32  4.65  2.92
135   20     1.75  2.39  3.31  4.19  4.67  4.29  4.47  4.64  3.39  2.58  1.87  1.57     3.26  1.90  4.05  4.47  2.61
135   30     1.42  2.02  2.94  3.84  4.39  4.07  4.23  4.32  3.08  2.26  1.56  1.26     2.95  1.57  3.73  4.21  2.30
135   40     1.17  1.72  2.59  3.45  4.05  3.78  3.91  3.95  2.76  1.96  1.33  1.04     2.64  1.31  3.36  3.88  2.02
135   50     1.02  1.47  2.27  3.06  3.66  3.45  3.55  3.55  2.46  1.71  1.16  0.90     2.36  1.13  3.00  3.52  1.77
135   60     0.91  1.30  2.01  2.71  3.28  3.10  3.18  3.16  2.18  1.51  1.04  0.82     2.10  1.01  2.67  3.14  1.58
135   70     0.84  1.16  1.80  2.39  2.92  2.75  2.83  2.81  1.95  1.36  0.95  0.77     1.88  0.93  2.37  2.80  1.42
135   80     0.79  1.06  1.62  2.13  2.60  2.44  2.50  2.51  1.75  1.22  0.89  0.72     1.69  0.86  2.11  2.48  1.29
135   90     0.74  0.98  1.48  1.90  2.31  2.16  2.22  2.25  1.56  1.12  0.82  0.69     1.52  0.80  1.89  2.21  1.17
150   10     2.03  2.70  3.58  4.44  4.84  4.43  4.63  4.85  3.61  2.85  2.13  1.84     3.49  2.19  4.29  4.64  2.86
150   20     1.57  2.24  3.18  4.12  4.64  4.28  4.46  4.58  3.30  2.46  1.71  1.38     3.16  1.73  3.98  4.44  2.49
150   30     1.16  1.79  2.74  3.71  4.34  4.05  4.20  4.21  2.94  2.06  1.33  0.98     2.79  1.31  3.60  4.16  2.11
150   40     0.89  1.41  2.30  3.26  3.95  3.75  3.86  3.77  2.56  1.69  1.04  0.74     2.44  1.01  3.17  3.79  1.76
150   50     0.77  1.16  1.93  2.79  3.50  3.38  3.45  3.29  2.19  1.41  0.89  0.66     2.12  0.86  2.74  3.37  1.50
150   60     0.73  1.02  1.65  2.37  3.04  2.97  3.01  2.83  1.89  1.23  0.82  0.64     1.85  0.80  2.35  2.94  1.31
150   70     0.70  0.94  1.47  2.06  2.63  2.58  2.60  2.45  1.67  1.12  0.78  0.62     1.64  0.76  2.05  2.54  1.19
150   80     0.67  0.89  1.34  1.82  2.31  2.25  2.27  2.17  1.50  1.03  0.74  0.60     1.47  0.72  1.82  2.23  1.09
150   90     0.64  0.84  1.24  1.64  2.05  1.99  2.01  1.95  1.37  0.97  0.70  0.58     1.33  0.69  1.64  1.98  1.01
165   10     1.97  2.65  3.55  4.42  4.83  4.42  4.63  4.84  3.58  2.81  2.07  1.77     3.46  2.13  4.27  4.63  2.82
165   20     1.44  2.14  3.10  4.08  4.62  4.28  4.45  4.54  3.25  2.38  1.59  1.24     3.09  1.60  3.93  4.42  2.41
165   30     0.96  1.61  2.60  3.64  4.31  4.05  4.19  4.16  2.85  1.91  1.14  0.79     2.68  1.12  3.52  4.13  1.97
165   40     0.75  1.15  2.07  3.14  3.91  3.74  3.85  3.68  2.41  1.47  0.83  0.66     2.31  0.86  3.04  3.76  1.57
165   50     0.74  0.94  1.61  2.59  3.44  3.37  3.43  3.14  1.96  1.15  0.80  0.65     1.99  0.77  2.54  3.31  1.31
165   60     0.71  0.91  1.34  2.06  2.91  2.94  2.95  2.54  1.62  1.05  0.78  0.63     1.70  0.75  2.10  2.81  1.15
165   70     0.69  0.88  1.23  1.72  2.34  2.47  2.44  2.07  1.43  1.00  0.75  0.62     1.47  0.73  1.77  2.32  1.06
165   80     0.67  0.85  1.16  1.54  2.01  2.06  2.04  1.82  1.32  0.95  0.72  0.60     1.31  0.70  1.57  1.98  1.00
165   90     0.64  0.82  1.10  1.42  1.80  1.81  1.81  1.66  1.23  0.90  0.69  0.58     1.20  0.68  1.44  1.76  0.94
180   10     1.94  2.64  3.54  4.42  4.83  4.42  4.63  4.83  3.57  2.80  2.05  1.75     3.45  2.11  4.26  4.63  2.81
180   20     1.39  2.09  3.07  4.08  4.61  4.28  4.45  4.53  3.23  2.34  1.55  1.20     3.07  1.56  3.92  4.42  2.37
180   30     0.89  1.53  2.54  3.64  4.29  4.04  4.19  4.14  2.82  1.85  1.07  0.73     2.65  1.05  3.49  4.12  1.91
180   40     0.75  1.02  1.97  3.14  3.89  3.74  3.84  3.66  2.37  1.35  0.82  0.66     2.27  0.81  3.00  3.75  1.51
180   50     0.74  0.94  1.38  2.58  3.42  3.36  3.42  3.11  1.87  1.07  0.80  0.65     1.95  0.77  2.46  3.30  1.25
180   60     0.71  0.91  1.21  1.98  2.88  2.93  2.95  2.51  1.40  1.03  0.78  0.63     1.66  0.75  2.02  2.80  1.07
180   70     0.69  0.88  1.16  1.54  2.30  2.46  2.43  1.89  1.31  0.99  0.75  0.62     1.42  0.73  1.67  2.26  1.02
180   80     0.67  0.85  1.11  1.42  1.86  1.98  1.95  1.66  1.24  0.95  0.72  0.60     1.25  0.70  1.47  1.86  0.97
180   90     0.64  0.82  1.06  1.34  1.68  1.74  1.72  1.53  1.17  0.90  0.69  0.58     1.16  0.68  1.36  1.66  0.92
             58.5  48.6  35.0  18.8   6.0   1.7   3.2  12.0  26.3  42.4  55.4  61.1     31.7  56.1  20.2   6.1  41.8
             4.19  4.32  4.55  4.87  4.96  4.48  4.71  5.10  4.15  4.00  3.95  4.18     4.46  4.21  4.72  4.75  3.97
             3.81  4.17  4.55  4.78  4.65  4.11  4.35  4.91  4.14  3.95  3.68  3.71     4.23  3.90  4.66  4.46  3.92
             1.10  1.04  1.00  1.02  1.07  1.09  1.08  1.04  1.00  1.01  1.07  1.13     1.05  1.09  1.03  1.07  1.03
             1.52  1.32  1.16  1.02  0.94  0.92  0.92  0.98  1.07  1.23  1.45  1.60     1.18  1.48  1.04  0.94  1.25
temperature   5.4   5.8   9.1  14.5  18.7  22.0  25.8  27.1  23.9  18.5  13.2   8.1     16.0   6.4  14.1  25.0  18.5
diffusedrad  1.08  1.39  1.80  2.17  2.47  2.59  2.54  2.30  1.98  1.52  1.15  0.96     1.83  1.15  2.15  2.48  1.55
snow10cm     0.00  0.00  0.00  0.00  0.00  0.00  0.00  0.00  0.00  0.00  0.00  0.00     0.00  0.00  0.00  0.00  0.00
