1 51346   伊良湖          34 37.7  137  5.6    6
             2.59  3.32  4.02  4.74  4.98  4.62  5.00  5.24  3.92  3.22  2.61  2.38     3.89  2.76  4.58  4.95  3.25
             2.94  3.71  4.52  5.52  5.76  5.48  6.03  6.30  4.75  3.78  3.13  2.75     4.17  3.03  4.98  5.60  3.49
             2.21  2.53  3.19  3.80  3.94  3.88  3.82  4.25  3.33  2.81  2.15  2.08     3.62  2.49  4.07  4.22  2.96
  0   10     3.12  3.73  4.33  4.88  4.99  4.58  4.97  5.32  4.10  3.54  3.06  2.91     4.13  3.25  4.73  4.96  3.57
  0   20     3.57  4.09  4.55  4.92  4.90  4.45  4.86  5.29  4.21  3.78  3.44  3.38     4.29  3.68  4.79  4.87  3.81
  0   30     3.93  4.36  4.66  4.86  4.71  4.25  4.64  5.16  4.22  3.94  3.74  3.76     4.35  4.02  4.74  4.68  3.97
  0   40     4.20  4.51  4.66  4.68  4.43  3.97  4.34  4.91  4.14  4.01  3.95  4.05     4.32  4.25  4.59  4.41  4.03
  0   50     4.35  4.56  4.55  4.41  4.06  3.62  3.95  4.55  3.97  3.98  4.06  4.23     4.19  4.38  4.34  4.04  4.00
  0   60     4.39  4.49  4.33  4.04  3.62  3.21  3.50  4.09  3.71  3.86  4.06  4.30     3.97  4.39  4.00  3.60  3.88
  0   70     4.32  4.31  4.02  3.59  3.13  2.77  3.00  3.57  3.38  3.65  3.96  4.25     3.66  4.29  3.58  3.11  3.67
  0   80     4.14  4.02  3.61  3.07  2.59  2.29  2.46  2.99  2.98  3.36  3.77  4.10     3.28  4.09  3.09  2.58  3.37
  0   90     3.85  3.64  3.13  2.51  2.04  1.83  1.94  2.36  2.52  2.99  3.48  3.84     2.84  3.77  2.56  2.04  3.00
 15   10     3.10  3.71  4.32  4.87  4.99  4.58  4.97  5.32  4.10  3.52  3.04  2.90     4.12  3.24  4.72  4.96  3.55
 15   20     3.53  4.06  4.52  4.91  4.90  4.46  4.86  5.30  4.20  3.75  3.41  3.35     4.27  3.65  4.78  4.87  3.79
 15   30     3.88  4.30  4.62  4.84  4.72  4.25  4.65  5.16  4.20  3.90  3.69  3.72     4.33  3.97  4.72  4.69  3.93
 15   40     4.12  4.45  4.61  4.67  4.43  3.98  4.35  4.92  4.12  3.96  3.88  4.00     4.29  4.19  4.57  4.41  3.98
 15   50     4.26  4.48  4.50  4.41  4.08  3.64  3.98  4.57  3.95  3.92  3.97  4.17     4.16  4.30  4.33  4.06  3.95
 15   60     4.30  4.40  4.29  4.05  3.65  3.24  3.53  4.13  3.70  3.79  3.97  4.23     3.94  4.31  4.00  3.63  3.82
 15   70     4.22  4.21  3.97  3.61  3.17  2.81  3.05  3.62  3.37  3.58  3.86  4.18     3.64  4.20  3.59  3.16  3.60
 15   80     4.03  3.92  3.57  3.12  2.65  2.35  2.54  3.06  2.98  3.28  3.66  4.02     3.26  3.99  3.11  2.65  3.31
 15   90     3.74  3.53  3.09  2.57  2.13  1.90  2.02  2.47  2.54  2.91  3.37  3.76     2.84  3.67  2.60  2.13  2.94
 30   10     3.04  3.66  4.28  4.85  4.99  4.58  4.98  5.32  4.08  3.48  2.99  2.85     4.09  3.18  4.71  4.96  3.52
 30   20     3.42  3.96  4.46  4.87  4.91  4.46  4.87  5.29  4.15  3.68  3.31  3.25     4.22  3.54  4.75  4.87  3.71
 30   30     3.72  4.16  4.54  4.80  4.73  4.27  4.67  5.17  4.15  3.80  3.54  3.58     4.26  3.82  4.69  4.70  3.83
 30   40     3.92  4.26  4.52  4.64  4.47  4.01  4.38  4.94  4.07  3.84  3.70  3.81     4.21  4.00  4.54  4.45  3.87
 30   50     4.02  4.25  4.39  4.37  4.13  3.68  4.03  4.62  3.89  3.78  3.76  3.94     4.07  4.07  4.30  4.11  3.81
 30   60     4.02  4.15  4.18  4.04  3.74  3.31  3.62  4.22  3.64  3.64  3.73  3.98     3.86  4.05  3.98  3.72  3.67
 30   70     3.91  3.95  3.87  3.62  3.29  2.91  3.17  3.74  3.33  3.41  3.61  3.91     3.56  3.92  3.60  3.27  3.45
 30   80     3.71  3.65  3.48  3.17  2.82  2.48  2.70  3.23  2.95  3.12  3.39  3.73     3.21  3.70  3.16  2.81  3.16
 30   90     3.41  3.27  3.04  2.67  2.35  2.07  2.24  2.71  2.55  2.77  3.10  3.47     2.81  3.38  2.69  2.34  2.81
 45   10     2.96  3.58  4.23  4.82  4.98  4.58  4.97  5.30  4.04  3.42  2.92  2.76     4.05  3.10  4.68  4.95  3.46
 45   20     3.25  3.80  4.36  4.82  4.90  4.47  4.86  5.27  4.09  3.58  3.17  3.09     4.14  3.38  4.70  4.87  3.61
 45   30     3.48  3.94  4.40  4.74  4.74  4.29  4.68  5.15  4.07  3.65  3.35  3.33     4.15  3.58  4.63  4.71  3.69
 45   40     3.62  4.00  4.36  4.56  4.49  4.04  4.42  4.93  3.96  3.65  3.44  3.51     4.08  3.71  4.47  4.46  3.69
 45   50     3.67  3.96  4.22  4.32  4.19  3.74  4.09  4.64  3.80  3.57  3.47  3.59     3.94  3.74  4.24  4.16  3.61
 45   60     3.63  3.82  4.00  3.99  3.82  3.39  3.72  4.27  3.55  3.42  3.42  3.59     3.72  3.68  3.94  3.79  3.46
 45   70     3.49  3.62  3.71  3.62  3.41  3.01  3.30  3.84  3.26  3.19  3.28  3.49     3.44  3.53  3.58  3.38  3.24
 45   80     3.29  3.33  3.35  3.19  2.99  2.63  2.88  3.39  2.91  2.92  3.06  3.31     3.10  3.31  3.18  2.96  2.96
 45   90     3.01  2.97  2.96  2.75  2.56  2.26  2.46  2.90  2.55  2.59  2.79  3.05     2.74  3.01  2.76  2.54  2.64
 60   10     2.84  3.48  4.16  4.78  4.97  4.58  4.97  5.28  3.99  3.35  2.82  2.65     3.99  2.99  4.64  4.94  3.39
 60   20     3.04  3.61  4.23  4.75  4.88  4.47  4.86  5.23  4.01  3.44  2.99  2.88     4.03  3.18  4.62  4.85  3.48
 60   30     3.18  3.68  4.23  4.64  4.73  4.29  4.68  5.10  3.95  3.46  3.10  3.04     4.01  3.30  4.53  4.69  3.50
 60   40     3.24  3.66  4.15  4.46  4.50  4.06  4.44  4.90  3.84  3.42  3.15  3.14     3.91  3.35  4.37  4.47  3.47
 60   50     3.24  3.60  4.00  4.21  4.20  3.77  4.13  4.62  3.65  3.31  3.12  3.16     3.75  3.33  4.14  4.17  3.36
 60   60     3.17  3.44  3.78  3.91  3.88  3.46  3.78  4.28  3.42  3.16  3.04  3.13     3.54  3.25  3.86  3.84  3.21
 60   70     3.02  3.23  3.50  3.56  3.50  3.11  3.40  3.90  3.14  2.94  2.90  3.01     3.27  3.09  3.52  3.47  2.99
 60   80     2.83  2.97  3.18  3.18  3.10  2.74  3.00  3.46  2.83  2.68  2.69  2.82     2.96  2.87  3.15  3.07  2.73
 60   90     2.58  2.64  2.82  2.78  2.71  2.39  2.61  3.04  2.49  2.39  2.45  2.60     2.63  2.61  2.77  2.68  2.44
 75   10     2.71  3.36  4.08  4.73  4.96  4.57  4.96  5.25  3.94  3.27  2.71  2.52     3.92  2.86  4.59  4.93  3.31
 75   20     2.80  3.40  4.07  4.66  4.86  4.46  4.85  5.18  3.91  3.28  2.79  2.63     3.91  2.94  4.53  4.83  3.32
 75   30     2.84  3.37  4.02  4.52  4.70  4.29  4.66  5.03  3.82  3.25  2.81  2.69     3.83  2.97  4.41  4.66  3.29
 75   40     2.83  3.31  3.90  4.32  4.47  4.07  4.43  4.81  3.67  3.15  2.80  2.72     3.71  2.96  4.23  4.43  3.21
 75   50     2.77  3.18  3.72  4.08  4.20  3.79  4.14  4.55  3.48  3.03  2.74  2.69     3.53  2.88  4.00  4.16  3.08
 75   60     2.68  3.02  3.51  3.77  3.87  3.48  3.80  4.22  3.24  2.84  2.62  2.62     3.31  2.77  3.71  3.83  2.90
 75   70     2.53  2.80  3.24  3.45  3.53  3.15  3.44  3.86  2.99  2.65  2.48  2.50     3.05  2.61  3.40  3.49  2.71
 75   80     2.35  2.57  2.95  3.10  3.16  2.82  3.08  3.48  2.69  2.40  2.29  2.33     2.77  2.42  3.07  3.13  2.46
 75   90     2.13  2.30  2.62  2.73  2.78  2.47  2.70  3.08  2.39  2.15  2.08  2.14     2.46  2.19  2.71  2.75  2.21
 90   10     2.58  3.23  3.99  4.67  4.94  4.57  4.95  5.21  3.88  3.18  2.59  2.38     3.85  2.73  4.53  4.91  3.22
 90   20     2.53  3.16  3.90  4.55  4.83  4.45  4.83  5.10  3.79  3.10  2.56  2.37     3.77  2.69  4.43  4.79  3.15
 90   30     2.48  3.06  3.77  4.38  4.65  4.28  4.63  4.92  3.66  3.00  2.50  2.34     3.64  2.63  4.26  4.61  3.06
 90   40     2.40  2.91  3.61  4.14  4.41  4.04  4.39  4.68  3.48  2.87  2.43  2.28     3.47  2.53  4.06  4.37  2.93
 90   50     2.30  2.76  3.41  3.88  4.13  3.77  4.10  4.41  3.27  2.70  2.33  2.21     3.27  2.42  3.81  4.09  2.76
 90   60     2.18  2.57  3.17  3.59  3.82  3.47  3.77  4.10  3.04  2.53  2.20  2.10     3.04  2.28  3.53  3.78  2.59
 90   70     2.04  2.38  2.93  3.27  3.48  3.15  3.42  3.75  2.78  2.32  2.06  1.99     2.80  2.13  3.23  3.44  2.38
 90   80     1.87  2.15  2.65  2.94  3.14  2.83  3.08  3.39  2.51  2.11  1.90  1.84     2.53  1.96  2.91  3.10  2.17
 90   90     1.70  1.94  2.38  2.62  2.79  2.50  2.73  3.03  2.24  1.88  1.71  1.69     2.27  1.78  2.60  2.75  1.95
105   10     2.44  3.11  3.90  4.62  4.92  4.56  4.94  5.17  3.81  3.09  2.47  2.24     3.77  2.60  4.48  4.89  3.12
105   20     2.28  2.92  3.72  4.45  4.79  4.44  4.80  5.01  3.67  2.93  2.34  2.10     3.62  2.43  4.32  4.75  2.98
105   30     2.12  2.72  3.52  4.21  4.58  4.25  4.59  4.79  3.48  2.75  2.19  1.96     3.43  2.27  4.10  4.54  2.81
105   40     1.97  2.52  3.29  3.94  4.32  4.00  4.32  4.51  3.27  2.56  2.05  1.85     3.22  2.11  3.85  4.28  2.63
105   50     1.84  2.32  3.06  3.64  4.02  3.72  4.02  4.21  3.03  2.38  1.91  1.73     2.99  1.96  3.58  3.98  2.44
105   60     1.69  2.13  2.82  3.34  3.70  3.41  3.69  3.89  2.78  2.18  1.78  1.62     2.75  1.81  3.29  3.66  2.25
105   70     1.57  1.94  2.56  3.04  3.36  3.09  3.34  3.56  2.54  1.99  1.63  1.51     2.51  1.67  2.99  3.33  2.05
105   80     1.42  1.75  2.34  2.72  3.03  2.77  2.99  3.21  2.29  1.80  1.51  1.39     2.27  1.52  2.69  2.99  1.87
105   90     1.31  1.58  2.09  2.42  2.70  2.46  2.66  2.87  2.04  1.61  1.36  1.27     2.03  1.39  2.40  2.66  1.67
120   10     2.31  2.99  3.81  4.57  4.90  4.56  4.93  5.12  3.76  3.00  2.36  2.10     3.70  2.47  4.42  4.87  3.04
120   20     2.03  2.69  3.54  4.34  4.74  4.43  4.78  4.92  3.55  2.76  2.11  1.84     3.48  2.19  4.21  4.71  2.81
120   30     1.78  2.39  3.26  4.04  4.50  4.21  4.54  4.64  3.30  2.50  1.88  1.62     3.22  1.93  3.93  4.46  2.56
120   40     1.57  2.13  2.96  3.72  4.20  3.94  4.24  4.32  3.04  2.26  1.69  1.43     2.96  1.71  3.63  4.17  2.33
120   50     1.40  1.90  2.68  3.38  3.87  3.64  3.90  3.96  2.77  2.03  1.52  1.28     2.69  1.53  3.31  3.83  2.11
120   60     1.26  1.70  2.43  3.05  3.52  3.31  3.54  3.61  2.50  1.84  1.39  1.18     2.44  1.38  3.00  3.49  1.91
120   70     1.16  1.53  2.20  2.74  3.18  2.98  3.19  3.27  2.25  1.66  1.26  1.09     2.21  1.26  2.71  3.15  1.73
120   80     1.05  1.38  1.98  2.46  2.85  2.66  2.85  2.95  2.03  1.49  1.16  1.01     1.99  1.15  2.43  2.82  1.56
120   90     0.98  1.25  1.78  2.19  2.54  2.36  2.52  2.63  1.82  1.35  1.06  0.93     1.78  1.05  2.17  2.50  1.41
135   10     2.19  2.89  3.73  4.52  4.89  4.56  4.92  5.09  3.71  2.92  2.26  1.98     3.64  2.35  4.38  4.86  2.96
135   20     1.80  2.48  3.38  4.23  4.70  4.41  4.75  4.84  3.44  2.60  1.91  1.61     3.35  1.96  4.10  4.67  2.65
135   30     1.46  2.09  3.00  3.88  4.42  4.19  4.49  4.50  3.13  2.27  1.59  1.29     3.03  1.61  3.77  4.39  2.33
135   40     1.19  1.76  2.64  3.49  4.08  3.89  4.15  4.11  2.81  1.97  1.35  1.05     2.71  1.34  3.40  4.05  2.04
135   50     1.03  1.51  2.31  3.09  3.69  3.54  3.76  3.69  2.49  1.72  1.17  0.91     2.41  1.15  3.03  3.66  1.79
135   60     0.92  1.32  2.04  2.73  3.30  3.18  3.36  3.28  2.21  1.52  1.05  0.82     2.14  1.02  2.69  3.27  1.59
135   70     0.85  1.18  1.82  2.42  2.94  2.82  2.98  2.92  1.97  1.36  0.96  0.78     1.92  0.94  2.39  2.90  1.43
135   80     0.79  1.08  1.64  2.14  2.61  2.50  2.64  2.60  1.77  1.23  0.90  0.72     1.72  0.87  2.13  2.58  1.30
135   90     0.75  0.99  1.50  1.91  2.32  2.21  2.33  2.33  1.58  1.13  0.83  0.69     1.55  0.81  1.91  2.29  1.18
150   10     2.10  2.81  3.66  4.49  4.88  4.55  4.92  5.06  3.67  2.86  2.18  1.88     3.59  2.26  4.34  4.84  2.90
150   20     1.61  2.32  3.25  4.16  4.67  4.41  4.74  4.77  3.35  2.47  1.74  1.41     3.24  1.78  4.03  4.64  2.52
150   30     1.18  1.84  2.80  3.75  4.37  4.17  4.46  4.38  2.99  2.07  1.35  1.00     2.86  1.34  3.64  4.34  2.13
150   40     0.89  1.43  2.34  3.29  3.98  3.85  4.09  3.92  2.60  1.70  1.05  0.75     2.49  1.02  3.20  3.95  1.78
150   50     0.76  1.16  1.95  2.82  3.53  3.47  3.64  3.41  2.22  1.42  0.89  0.66     2.16  0.86  2.77  3.51  1.51
150   60     0.72  1.02  1.66  2.39  3.06  3.04  3.16  2.92  1.91  1.24  0.82  0.64     1.88  0.79  2.37  3.04  1.32
150   70     0.70  0.94  1.48  2.07  2.65  2.63  2.72  2.52  1.69  1.12  0.78  0.62     1.66  0.75  2.06  2.63  1.20
150   80     0.67  0.89  1.35  1.83  2.32  2.30  2.37  2.23  1.52  1.04  0.74  0.60     1.49  0.72  1.83  2.30  1.10
150   90     0.64  0.85  1.25  1.65  2.06  2.03  2.09  2.00  1.38  0.97  0.71  0.58     1.35  0.69  1.65  2.04  1.02
165   10     2.04  2.76  3.63  4.47  4.87  4.55  4.92  5.04  3.64  2.82  2.12  1.81     3.56  2.20  4.32  4.84  2.86
165   20     1.47  2.21  3.16  4.12  4.65  4.40  4.73  4.73  3.30  2.39  1.62  1.26     3.17  1.65  3.98  4.62  2.44
165   30     0.97  1.65  2.64  3.68  4.34  4.16  4.45  4.32  2.90  1.93  1.15  0.80     2.75  1.14  3.56  4.31  1.99
165   40     0.74  1.16  2.10  3.18  3.94  3.85  4.07  3.82  2.45  1.48  0.83  0.66     2.36  0.85  3.07  3.91  1.58
165   50     0.72  0.92  1.62  2.62  3.46  3.46  3.62  3.24  1.99  1.16  0.80  0.65     2.02  0.76  2.57  3.44  1.31
165   60     0.71  0.90  1.34  2.07  2.93  3.01  3.10  2.61  1.63  1.05  0.77  0.63     1.73  0.75  2.11  2.91  1.15
165   70     0.69  0.87  1.23  1.73  2.36  2.52  2.54  2.11  1.44  1.00  0.75  0.62     1.49  0.72  1.77  2.39  1.06
165   80     0.67  0.84  1.16  1.54  2.02  2.09  2.11  1.85  1.33  0.95  0.72  0.60     1.32  0.70  1.57  2.01  1.00
165   90     0.64  0.82  1.10  1.42  1.80  1.84  1.86  1.68  1.24  0.91  0.69  0.58     1.22  0.68  1.44  1.79  0.94
180   10     2.01  2.75  3.61  4.47  4.86  4.55  4.92  5.04  3.63  2.81  2.10  1.79     3.54  2.18  4.32  4.83  2.85
180   20     1.43  2.16  3.13  4.12  4.64  4.40  4.73  4.72  3.28  2.36  1.58  1.22     3.15  1.60  3.96  4.62  2.40
180   30     0.89  1.56  2.59  3.68  4.32  4.16  4.44  4.30  2.86  1.87  1.08  0.73     2.71  1.06  3.53  4.30  1.94
180   40     0.74  1.01  2.00  3.17  3.92  3.84  4.07  3.80  2.40  1.36  0.82  0.66     2.31  0.80  3.03  3.90  1.53
180   50     0.72  0.92  1.39  2.60  3.44  3.45  3.61  3.22  1.89  1.08  0.80  0.65     1.98  0.76  2.48  3.43  1.25
180   60     0.71  0.90  1.20  2.00  2.90  3.00  3.09  2.58  1.40  1.04  0.77  0.63     1.68  0.75  2.03  2.89  1.07
180   70     0.69  0.87  1.16  1.54  2.32  2.51  2.53  1.91  1.31  1.00  0.75  0.62     1.43  0.72  1.67  2.31  1.02
180   80     0.67  0.84  1.11  1.42  1.87  2.01  2.00  1.66  1.24  0.95  0.72  0.60     1.26  0.70  1.47  1.89  0.97
180   90     0.64  0.82  1.06  1.35  1.68  1.75  1.76  1.54  1.17  0.91  0.69  0.58     1.16  0.68  1.36  1.68  0.92
             58.7  48.9  35.0  18.7   5.9   1.4   2.9  12.0  26.3  42.2  55.5  61.1     31.7  56.2  20.2   5.8  41.8
             4.39  4.56  4.67  4.92  4.99  4.61  5.00  5.32  4.22  4.01  4.07  4.30     4.59  4.40  4.79  4.97  4.03
             3.99  4.39  4.66  4.83  4.67  4.21  4.60  5.12  4.21  3.96  3.79  3.82     4.35  4.06  4.72  4.64  3.99
             1.10  1.04  1.00  1.02  1.07  1.10  1.09  1.04  1.00  1.01  1.07  1.13     1.06  1.09  1.03  1.07  1.03
             1.54  1.32  1.16  1.02  0.94  0.91  0.92  0.98  1.07  1.23  1.45  1.61     1.18  1.49  1.04  0.94  1.25
temperature   5.7   6.0   9.0  14.2  18.4  21.9  25.6  26.9  24.0  18.6  13.3   8.2     16.0   6.6  13.9  24.8  18.6
diffusedrad  1.08  1.39  1.80  2.17  2.46  2.58  2.53  2.28  1.99  1.52  1.15  0.97     1.83  1.15  2.14  2.46  1.55
snow10cm     0.00  0.00  0.00  0.00  0.00  0.00  0.00  0.00  0.00  0.00  0.00  0.00     0.00  0.00  0.00  0.00  0.00
