2 52461   美濃            35 33.4  136 54.6   68
             2.19  2.94  3.73  4.55  4.80  4.55  4.55  4.67  3.71  3.10  2.35  2.00     3.60  2.38  4.36  4.59  3.05
             2.59  3.39  4.26  5.33  5.69  5.41  5.97  5.84  4.46  3.47  2.77  2.29     3.92  2.63  4.82  5.28  3.42
             1.87  2.19  3.08  3.69  4.04  3.65  3.50  3.59  2.97  2.65  1.88  1.65     3.23  2.08  3.98  3.97  2.61
  0   10     2.58  3.27  4.01  4.68  4.81  4.52  4.53  4.75  3.88  3.41  2.71  2.40     3.79  2.75  4.50  4.60  3.33
  0   20     2.91  3.57  4.20  4.73  4.73  4.41  4.43  4.73  3.97  3.65  3.02  2.74     3.92  3.08  4.55  4.52  3.55
  0   30     3.18  3.78  4.30  4.67  4.57  4.21  4.26  4.62  3.99  3.81  3.27  3.02     3.97  3.33  4.51  4.36  3.69
  0   40     3.37  3.91  4.30  4.52  4.30  3.95  4.00  4.41  3.91  3.88  3.43  3.23     3.93  3.50  4.37  4.12  3.74
  0   50     3.47  3.94  4.20  4.26  3.96  3.61  3.66  4.10  3.76  3.86  3.51  3.36     3.81  3.59  4.14  3.79  3.71
  0   60     3.50  3.88  4.00  3.91  3.55  3.22  3.27  3.71  3.52  3.75  3.51  3.40     3.60  3.59  3.82  3.40  3.59
  0   70     3.43  3.72  3.72  3.49  3.08  2.78  2.84  3.27  3.21  3.55  3.42  3.36     3.32  3.50  3.43  2.97  3.39
  0   80     3.29  3.48  3.36  3.01  2.57  2.32  2.37  2.78  2.85  3.27  3.24  3.23     2.98  3.33  2.98  2.49  3.12
  0   90     3.06  3.16  2.92  2.48  2.05  1.87  1.91  2.24  2.42  2.92  2.99  3.03     2.59  3.08  2.48  2.00  2.78
 15   10     2.56  3.26  4.00  4.67  4.81  4.52  4.53  4.75  3.87  3.39  2.70  2.39     3.79  2.74  4.49  4.60  3.32
 15   20     2.88  3.54  4.18  4.72  4.74  4.41  4.44  4.73  3.96  3.62  3.01  2.72     3.91  3.05  4.54  4.53  3.53
 15   30     3.13  3.74  4.27  4.66  4.57  4.22  4.26  4.61  3.97  3.77  3.24  3.00     3.95  3.29  4.50  4.36  3.66
 15   40     3.31  3.85  4.26  4.50  4.30  3.95  4.00  4.41  3.89  3.83  3.40  3.19     3.91  3.45  4.36  4.12  3.71
 15   50     3.41  3.87  4.16  4.26  3.98  3.63  3.68  4.12  3.74  3.80  3.48  3.31     3.79  3.53  4.13  3.81  3.67
 15   60     3.42  3.80  3.96  3.92  3.57  3.24  3.30  3.74  3.51  3.68  3.47  3.35     3.58  3.52  3.82  3.42  3.55
 15   70     3.35  3.64  3.68  3.51  3.12  2.82  2.88  3.30  3.20  3.47  3.37  3.31     3.31  3.43  3.44  3.00  3.35
 15   80     3.20  3.39  3.32  3.04  2.63  2.37  2.42  2.82  2.84  3.19  3.20  3.18     2.97  3.26  3.00  2.54  3.08
 15   90     2.97  3.07  2.88  2.53  2.13  1.94  1.97  2.31  2.43  2.84  2.94  2.97     2.58  3.00  2.51  2.07  2.74
 30   10     2.52  3.22  3.96  4.66  4.81  4.51  4.53  4.74  3.85  3.36  2.66  2.35     3.76  2.70  4.48  4.60  3.29
 30   20     2.80  3.46  4.12  4.68  4.74  4.41  4.44  4.72  3.92  3.55  2.94  2.65     3.87  2.97  4.51  4.52  3.47
 30   30     3.02  3.62  4.19  4.62  4.57  4.23  4.27  4.61  3.92  3.67  3.14  2.88     3.90  3.17  4.46  4.37  3.58
 30   40     3.16  3.70  4.17  4.47  4.34  3.98  4.02  4.41  3.84  3.71  3.27  3.05     3.84  3.30  4.32  4.14  3.61
 30   50     3.23  3.69  4.05  4.21  4.01  3.66  3.72  4.13  3.68  3.66  3.32  3.14     3.71  3.35  4.09  3.84  3.55
 30   60     3.21  3.60  3.86  3.90  3.65  3.30  3.36  3.79  3.45  3.52  3.29  3.16     3.51  3.32  3.80  3.48  3.42
 30   70     3.13  3.43  3.58  3.51  3.22  2.91  2.96  3.38  3.16  3.31  3.19  3.10     3.24  3.22  3.44  3.08  3.22
 30   80     2.96  3.18  3.22  3.08  2.77  2.49  2.54  2.94  2.81  3.04  3.00  2.96     2.92  3.03  3.02  2.66  2.95
 30   90     2.73  2.86  2.83  2.61  2.32  2.09  2.13  2.48  2.44  2.70  2.74  2.75     2.56  2.78  2.58  2.23  2.63
 45   10     2.46  3.15  3.92  4.63  4.80  4.51  4.53  4.73  3.82  3.30  2.60  2.28     3.73  2.63  4.45  4.59  3.24
 45   20     2.67  3.33  4.04  4.63  4.73  4.41  4.43  4.70  3.87  3.45  2.82  2.52     3.80  2.84  4.46  4.51  3.38
 45   30     2.83  3.44  4.06  4.55  4.58  4.24  4.27  4.59  3.84  3.53  2.97  2.70     3.80  2.99  4.40  4.37  3.45
 45   40     2.93  3.48  4.03  4.39  4.34  4.00  4.04  4.40  3.74  3.52  3.05  2.82     3.73  3.08  4.25  4.14  3.44
 45   50     2.96  3.44  3.90  4.16  4.06  3.71  3.75  4.14  3.59  3.46  3.08  2.88     3.59  3.09  4.04  3.87  3.37
 45   60     2.92  3.32  3.69  3.85  3.71  3.37  3.42  3.81  3.36  3.31  3.02  2.86     3.39  3.03  3.75  3.53  3.23
 45   70     2.81  3.15  3.43  3.50  3.32  3.00  3.04  3.44  3.08  3.10  2.90  2.78     3.13  2.91  3.42  3.16  3.03
 45   80     2.65  2.90  3.10  3.09  2.91  2.63  2.67  3.04  2.76  2.84  2.71  2.63     2.83  2.73  3.03  2.78  2.77
 45   90     2.42  2.60  2.74  2.67  2.49  2.25  2.29  2.61  2.42  2.52  2.47  2.42     2.49  2.48  2.63  2.39  2.47
 60   10     2.37  3.07  3.86  4.59  4.79  4.51  4.52  4.70  3.77  3.23  2.52  2.20     3.68  2.55  4.41  4.58  3.17
 60   20     2.52  3.18  3.91  4.56  4.71  4.41  4.42  4.66  3.79  3.32  2.66  2.36     3.71  2.69  4.39  4.50  3.26
 60   30     2.61  3.23  3.91  4.45  4.56  4.24  4.26  4.54  3.73  3.34  2.76  2.48     3.68  2.77  4.31  4.35  3.28
 60   40     2.65  3.21  3.83  4.29  4.34  4.01  4.04  4.35  3.62  3.31  2.79  2.54     3.58  2.80  4.16  4.14  3.24
 60   50     2.64  3.14  3.69  4.05  4.06  3.73  3.77  4.10  3.45  3.20  2.77  2.55     3.43  2.78  3.93  3.87  3.14
 60   60     2.57  3.01  3.49  3.77  3.74  3.42  3.46  3.80  3.23  3.05  2.69  2.51     3.23  2.70  3.67  3.56  2.99
 60   70     2.45  2.82  3.23  3.43  3.38  3.08  3.12  3.46  2.96  2.85  2.56  2.41     2.98  2.56  3.35  3.22  2.79
 60   80     2.29  2.60  2.93  3.06  3.00  2.72  2.76  3.08  2.67  2.60  2.38  2.26     2.70  2.38  3.00  2.85  2.55
 60   90     2.09  2.32  2.60  2.69  2.63  2.37  2.40  2.71  2.36  2.32  2.17  2.08     2.39  2.16  2.64  2.49  2.28
 75   10     2.28  2.97  3.78  4.54  4.78  4.51  4.51  4.67  3.72  3.15  2.43  2.10     3.62  2.45  4.37  4.57  3.10
 75   20     2.33  3.00  3.77  4.47  4.68  4.40  4.41  4.61  3.69  3.16  2.49  2.18     3.60  2.50  4.31  4.47  3.11
 75   30     2.36  2.97  3.72  4.34  4.53  4.23  4.24  4.47  3.60  3.13  2.51  2.22     3.53  2.52  4.19  4.31  3.08
 75   40     2.34  2.92  3.61  4.15  4.31  4.01  4.03  4.27  3.46  3.04  2.49  2.23     3.40  2.50  4.02  4.10  3.00
 75   50     2.28  2.80  3.44  3.92  4.04  3.74  3.76  4.03  3.29  2.92  2.43  2.19     3.24  2.42  3.80  3.85  2.88
 75   60     2.20  2.66  3.24  3.63  3.73  3.43  3.46  3.74  3.06  2.75  2.33  2.13     3.03  2.33  3.53  3.54  2.71
 75   70     2.07  2.47  2.98  3.32  3.40  3.12  3.14  3.42  2.82  2.56  2.21  2.02     2.79  2.19  3.23  3.22  2.53
 75   80     1.92  2.27  2.72  2.98  3.04  2.78  2.81  3.08  2.54  2.32  2.03  1.88     2.53  2.02  2.92  2.89  2.30
 75   90     1.75  2.03  2.42  2.62  2.68  2.44  2.46  2.71  2.26  2.09  1.85  1.73     2.25  1.84  2.57  2.54  2.06
 90   10     2.17  2.87  3.70  4.49  4.76  4.50  4.50  4.64  3.66  3.06  2.33  2.00     3.56  2.35  4.31  4.55  3.02
 90   20     2.14  2.81  3.62  4.37  4.65  4.39  4.39  4.54  3.58  2.99  2.30  1.98     3.48  2.31  4.21  4.44  2.96
 90   30     2.09  2.71  3.49  4.20  4.47  4.21  4.21  4.38  3.46  2.89  2.24  1.95     3.36  2.25  4.05  4.27  2.86
 90   40     2.02  2.59  3.35  3.98  4.25  3.98  3.99  4.16  3.29  2.77  2.17  1.89     3.20  2.17  3.86  4.04  2.74
 90   50     1.93  2.46  3.16  3.73  3.98  3.72  3.72  3.91  3.08  2.61  2.08  1.83     3.02  2.07  3.62  3.78  2.59
 90   60     1.82  2.29  2.94  3.45  3.67  3.42  3.43  3.63  2.87  2.44  1.96  1.74     2.80  1.95  3.35  3.49  2.42
 90   70     1.70  2.12  2.71  3.14  3.34  3.10  3.11  3.31  2.62  2.24  1.84  1.64     2.57  1.82  3.06  3.17  2.23
 90   80     1.56  1.93  2.45  2.83  3.01  2.78  2.79  2.99  2.37  2.04  1.69  1.51     2.33  1.67  2.76  2.85  2.03
 90   90     1.43  1.74  2.20  2.51  2.67  2.46  2.47  2.67  2.11  1.82  1.53  1.39     2.08  1.52  2.46  2.53  1.82
105   10     2.07  2.77  3.62  4.43  4.74  4.50  4.49  4.61  3.61  2.97  2.22  1.89     3.49  2.24  4.26  4.53  2.93
105   20     1.94  2.61  3.46  4.27  4.60  4.37  4.36  4.47  3.47  2.82  2.10  1.78     3.35  2.11  4.11  4.40  2.80
105   30     1.82  2.44  3.27  4.04  4.40  4.18  4.17  4.26  3.29  2.65  1.98  1.67     3.18  1.97  3.90  4.21  2.64
105   40     1.69  2.27  3.06  3.79  4.15  3.94  3.93  4.02  3.09  2.47  1.85  1.57     2.98  1.85  3.66  3.96  2.47
105   50     1.58  2.10  2.85  3.50  3.87  3.66  3.65  3.74  2.86  2.29  1.72  1.48     2.77  1.72  3.40  3.68  2.29
105   60     1.46  1.93  2.62  3.21  3.56  3.36  3.35  3.45  2.63  2.11  1.61  1.37     2.55  1.59  3.13  3.38  2.11
105   70     1.36  1.77  2.38  2.92  3.23  3.04  3.03  3.15  2.40  1.92  1.48  1.28     2.33  1.47  2.84  3.07  1.93
105   80     1.24  1.59  2.17  2.62  2.90  2.73  2.71  2.83  2.16  1.74  1.36  1.18     2.10  1.34  2.56  2.76  1.75
105   90     1.13  1.44  1.94  2.33  2.59  2.42  2.41  2.53  1.93  1.56  1.22  1.08     1.88  1.22  2.29  2.46  1.57
120   10     1.97  2.67  3.54  4.38  4.72  4.49  4.48  4.57  3.55  2.89  2.12  1.79     3.43  2.15  4.21  4.51  2.85
120   20     1.76  2.42  3.30  4.16  4.56  4.36  4.34  4.39  3.36  2.65  1.91  1.59     3.23  1.92  4.01  4.36  2.64
120   30     1.56  2.17  3.04  3.88  4.33  4.14  4.12  4.14  3.13  2.41  1.71  1.41     3.00  1.72  3.75  4.13  2.42
120   40     1.40  1.95  2.77  3.57  4.04  3.88  3.85  3.85  2.88  2.18  1.54  1.27     2.76  1.54  3.46  3.86  2.20
120   50     1.26  1.75  2.51  3.25  3.72  3.57  3.54  3.54  2.62  1.96  1.40  1.15     2.52  1.39  3.16  3.55  1.99
120   60     1.15  1.59  2.28  2.93  3.38  3.25  3.23  3.22  2.38  1.78  1.27  1.05     2.29  1.26  2.87  3.23  1.81
120   70     1.06  1.44  2.06  2.64  3.06  2.93  2.91  2.92  2.14  1.61  1.16  0.98     2.08  1.16  2.59  2.92  1.64
120   80     0.97  1.30  1.86  2.37  2.74  2.62  2.60  2.62  1.93  1.45  1.07  0.90     1.87  1.06  2.32  2.61  1.48
120   90     0.90  1.18  1.67  2.11  2.43  2.32  2.30  2.34  1.73  1.31  0.97  0.83     1.68  0.97  2.07  2.32  1.34
135   10     1.89  2.59  3.46  4.34  4.70  4.49  4.47  4.54  3.51  2.81  2.04  1.70     3.38  2.06  4.17  4.50  2.78
135   20     1.59  2.25  3.15  4.06  4.52  4.34  4.31  4.32  3.26  2.50  1.74  1.41     3.12  1.75  3.91  4.32  2.50
135   30     1.33  1.93  2.81  3.73  4.25  4.11  4.08  4.03  2.97  2.19  1.47  1.17     2.84  1.48  3.60  4.07  2.21
135   40     1.13  1.66  2.48  3.35  3.91  3.82  3.77  3.68  2.66  1.90  1.25  0.99     2.55  1.26  3.25  3.76  1.94
135   50     1.00  1.44  2.19  2.98  3.54  3.48  3.43  3.31  2.37  1.66  1.10  0.88     2.28  1.11  2.90  3.41  1.71
135   60     0.91  1.28  1.94  2.63  3.17  3.12  3.07  2.96  2.11  1.47  1.00  0.81     2.04  1.00  2.58  3.05  1.52
135   70     0.84  1.16  1.74  2.34  2.83  2.78  2.73  2.63  1.89  1.33  0.91  0.76     1.83  0.92  2.30  2.71  1.37
135   80     0.79  1.06  1.56  2.08  2.51  2.46  2.42  2.35  1.70  1.20  0.85  0.71     1.64  0.85  2.05  2.41  1.25
135   90     0.74  0.98  1.43  1.85  2.24  2.18  2.15  2.11  1.52  1.10  0.78  0.67     1.48  0.80  1.84  2.14  1.13
150   10     1.82  2.52  3.41  4.31  4.69  4.48  4.47  4.51  3.47  2.75  1.97  1.63     3.34  1.99  4.13  4.49  2.73
150   20     1.45  2.12  3.04  3.99  4.49  4.33  4.30  4.26  3.18  2.38  1.59  1.26     3.03  1.61  3.84  4.30  2.38
150   30     1.12  1.72  2.63  3.61  4.19  4.10  4.05  3.93  2.84  1.99  1.25  0.96     2.70  1.27  3.48  4.03  2.03
150   40     0.91  1.39  2.21  3.17  3.82  3.78  3.72  3.53  2.47  1.64  1.00  0.78     2.37  1.02  3.07  3.68  1.70
150   50     0.82  1.17  1.87  2.72  3.39  3.40  3.33  3.09  2.13  1.37  0.87  0.71     2.07  0.90  2.66  3.27  1.46
150   60     0.78  1.05  1.61  2.32  2.94  2.98  2.91  2.67  1.84  1.21  0.81  0.68     1.82  0.84  2.29  2.86  1.28
150   70     0.74  0.98  1.45  2.02  2.55  2.59  2.53  2.33  1.63  1.10  0.76  0.65     1.61  0.79  2.00  2.48  1.17
150   80     0.71  0.92  1.32  1.78  2.24  2.27  2.21  2.06  1.48  1.02  0.72  0.62     1.45  0.75  1.78  2.18  1.07
150   90     0.67  0.87  1.22  1.61  1.99  2.00  1.95  1.85  1.34  0.95  0.69  0.59     1.31  0.71  1.61  1.94  0.99
165   10     1.77  2.49  3.38  4.29  4.68  4.48  4.46  4.50  3.45  2.71  1.92  1.58     3.31  1.94  4.12  4.48  2.69
165   20     1.35  2.03  2.96  3.96  4.47  4.33  4.29  4.24  3.13  2.30  1.49  1.16     2.97  1.51  3.79  4.28  2.31
165   30     0.97  1.57  2.49  3.54  4.17  4.09  4.04  3.88  2.75  1.85  1.09  0.81     2.60  1.12  3.40  4.00  1.90
165   40     0.82  1.17  2.01  3.05  3.78  3.77  3.71  3.45  2.34  1.42  0.83  0.72     2.26  0.90  2.95  3.64  1.53
165   50     0.80  1.00  1.58  2.52  3.33  3.39  3.31  2.96  1.91  1.14  0.80  0.70     1.95  0.83  2.48  3.22  1.28
165   60     0.77  0.96  1.34  2.01  2.81  2.95  2.86  2.42  1.59  1.04  0.78  0.68     1.69  0.80  2.06  2.74  1.14
165   70     0.74  0.93  1.23  1.71  2.28  2.47  2.36  2.00  1.42  0.99  0.74  0.65     1.46  0.77  1.74  2.28  1.05
165   80     0.70  0.89  1.16  1.53  1.97  2.07  2.00  1.78  1.31  0.94  0.71  0.62     1.31  0.74  1.55  1.95  0.99
165   90     0.67  0.85  1.09  1.41  1.76  1.83  1.78  1.62  1.22  0.89  0.67  0.59     1.20  0.71  1.42  1.74  0.93
180   10     1.75  2.47  3.36  4.29  4.68  4.48  4.46  4.50  3.44  2.70  1.90  1.56     3.30  1.93  4.11  4.48  2.68
180   20     1.31  1.99  2.93  3.95  4.46  4.32  4.29  4.22  3.11  2.26  1.45  1.13     2.95  1.48  3.78  4.28  2.27
180   30     0.92  1.50  2.44  3.54  4.15  4.08  4.03  3.87  2.72  1.79  1.02  0.77     2.57  1.06  3.38  4.00  1.85
180   40     0.82  1.06  1.91  3.05  3.76  3.77  3.70  3.43  2.29  1.31  0.83  0.72     2.22  0.87  2.91  3.63  1.48
180   50     0.80  1.00  1.37  2.51  3.31  3.38  3.30  2.94  1.82  1.07  0.80  0.70     1.92  0.83  2.39  3.21  1.23
180   60     0.77  0.96  1.23  1.93  2.79  2.94  2.85  2.40  1.40  1.03  0.78  0.68     1.65  0.80  1.98  2.73  1.07
180   70     0.74  0.93  1.18  1.54  2.23  2.46  2.35  1.84  1.31  0.99  0.74  0.65     1.42  0.77  1.65  2.22  1.01
180   80     0.70  0.89  1.12  1.43  1.84  1.99  1.91  1.64  1.24  0.94  0.71  0.62     1.25  0.74  1.46  1.85  0.96
180   90     0.67  0.85  1.07  1.34  1.66  1.75  1.70  1.51  1.16  0.89  0.67  0.59     1.16  0.71  1.36  1.66  0.91
             57.6  48.3  34.9  19.2   6.7   2.2   3.9  12.5  26.5  42.7  54.5  60.1     30.5  55.1  20.4   6.4  41.3
             3.50  3.94  4.31  4.73  4.82  4.54  4.55  4.75  3.99  3.88  3.52  3.40     4.16  3.60  4.55  4.61  3.74
             3.19  3.79  4.30  4.67  4.55  4.20  4.25  4.61  3.98  3.81  3.28  3.04     3.97  3.34  4.51  4.35  3.69
             1.10  1.04  1.00  1.01  1.06  1.08  1.07  1.03  1.00  1.02  1.07  1.12     1.05  1.09  1.02  1.06  1.03
             1.46  1.29  1.15  1.03  0.95  0.92  0.93  0.99  1.07  1.23  1.40  1.52     1.16  1.42  1.04  0.95  1.23
temperature   3.0   3.7   7.3  13.3  17.9  21.7  25.3  26.6  22.8  16.7  10.8   5.4     14.5   4.0  12.8  24.5  16.8
diffusedrad  1.10  1.42  1.80  2.19  2.48  2.63  2.56  2.34  1.97  1.51  1.14  0.98     1.84  1.17  2.15  2.51  1.54
snow10cm     0.04  0.03  0.00  0.00  0.00  0.00  0.00  0.00  0.00  0.00  0.00  0.02     0.01  0.03  0.00  0.00  0.00
