2 52581   大垣            35 20.8  136 37.2    5
             2.19  2.99  3.73  4.59  4.96  4.73  4.67  4.90  3.76  3.12  2.35  2.03     3.67  2.40  4.42  4.76  3.08
             2.52  3.91  4.27  5.39  5.76  5.53  5.77  5.66  4.58  3.45  2.68  2.33     3.85  2.82  4.83  5.26  3.40
             1.90  2.24  3.24  3.91  4.27  3.55  3.59  4.10  3.11  2.71  1.96  1.73     3.41  2.17  3.90  4.36  2.77
  0   10     2.57  3.35  4.01  4.72  4.97  4.69  4.65  4.98  3.93  3.43  2.71  2.44     3.87  2.79  4.56  4.77  3.35
  0   20     2.90  3.65  4.20  4.76  4.89  4.57  4.54  4.96  4.03  3.67  3.02  2.79     4.00  3.11  4.62  4.69  3.57
  0   30     3.15  3.86  4.29  4.71  4.71  4.36  4.36  4.84  4.04  3.83  3.26  3.08     4.04  3.36  4.57  4.52  3.71
  0   40     3.33  3.99  4.29  4.54  4.44  4.08  4.09  4.61  3.96  3.90  3.42  3.29     4.00  3.54  4.42  4.26  3.76
  0   50     3.44  4.02  4.19  4.29  4.07  3.72  3.74  4.29  3.81  3.88  3.50  3.42     3.86  3.62  4.18  3.92  3.73
  0   60     3.46  3.96  3.99  3.93  3.64  3.30  3.34  3.88  3.56  3.77  3.49  3.46     3.65  3.63  3.86  3.50  3.61
  0   70     3.39  3.81  3.71  3.51  3.15  2.85  2.89  3.40  3.25  3.56  3.40  3.42     3.36  3.54  3.46  3.05  3.40
  0   80     3.24  3.57  3.34  3.02  2.62  2.36  2.40  2.87  2.88  3.28  3.22  3.29     3.01  3.37  2.99  2.54  3.13
  0   90     3.02  3.25  2.91  2.48  2.08  1.88  1.92  2.30  2.45  2.93  2.97  3.08     2.61  3.12  2.49  2.03  2.78
 15   10     2.56  3.34  3.99  4.71  4.97  4.69  4.64  4.98  3.92  3.42  2.70  2.43     3.86  2.78  4.56  4.77  3.35
 15   20     2.87  3.63  4.17  4.75  4.89  4.57  4.55  4.96  4.01  3.65  3.00  2.77     3.98  3.09  4.61  4.69  3.55
 15   30     3.11  3.84  4.26  4.69  4.71  4.37  4.36  4.84  4.02  3.79  3.23  3.05     4.02  3.33  4.55  4.52  3.68
 15   40     3.28  3.96  4.25  4.53  4.44  4.09  4.09  4.62  3.94  3.85  3.39  3.25     3.97  3.50  4.41  4.26  3.73
 15   50     3.37  3.98  4.14  4.28  4.09  3.74  3.76  4.31  3.79  3.82  3.46  3.37     3.84  3.58  4.17  3.94  3.69
 15   60     3.38  3.92  3.95  3.94  3.67  3.33  3.36  3.91  3.55  3.69  3.45  3.41     3.63  3.57  3.85  3.53  3.56
 15   70     3.31  3.77  3.66  3.52  3.20  2.89  2.92  3.44  3.24  3.49  3.35  3.36     3.35  3.48  3.46  3.09  3.36
 15   80     3.16  3.52  3.30  3.05  2.68  2.42  2.46  2.93  2.87  3.20  3.17  3.23     3.00  3.30  3.01  2.60  3.08
 15   90     2.94  3.21  2.87  2.53  2.16  1.96  1.99  2.39  2.46  2.85  2.92  3.01     2.61  3.05  2.52  2.11  2.74
 30   10     2.52  3.31  3.96  4.69  4.97  4.69  4.64  4.97  3.90  3.38  2.66  2.39     3.84  2.74  4.54  4.77  3.31
 30   20     2.79  3.56  4.12  4.71  4.89  4.58  4.55  4.95  3.97  3.57  2.93  2.69     3.94  3.01  4.58  4.69  3.49
 30   30     2.99  3.74  4.18  4.65  4.72  4.38  4.37  4.84  3.97  3.69  3.13  2.93     3.97  3.22  4.52  4.53  3.60
 30   40     3.13  3.83  4.16  4.49  4.47  4.12  4.12  4.63  3.89  3.73  3.26  3.10     3.91  3.35  4.38  4.29  3.63
 30   50     3.19  3.83  4.04  4.24  4.14  3.79  3.80  4.33  3.73  3.68  3.31  3.20     3.77  3.41  4.14  3.97  3.57
 30   60     3.18  3.76  3.84  3.92  3.75  3.41  3.43  3.97  3.49  3.54  3.27  3.21     3.56  3.38  3.84  3.60  3.44
 30   70     3.09  3.59  3.56  3.53  3.31  2.99  3.02  3.53  3.20  3.33  3.16  3.15     3.29  3.28  3.46  3.18  3.23
 30   80     2.93  3.35  3.21  3.09  2.84  2.56  2.59  3.06  2.84  3.05  2.98  3.00     2.96  3.09  3.05  2.73  2.96
 30   90     2.70  3.03  2.81  2.62  2.37  2.13  2.16  2.58  2.46  2.71  2.72  2.79     2.59  2.84  2.60  2.29  2.63
 45   10     2.45  3.25  3.91  4.66  4.96  4.69  4.64  4.96  3.87  3.32  2.60  2.32     3.80  2.67  4.51  4.76  3.26
 45   20     2.66  3.45  4.03  4.66  4.88  4.58  4.54  4.92  3.92  3.47  2.81  2.56     3.88  2.89  4.53  4.68  3.40
 45   30     2.82  3.58  4.06  4.59  4.73  4.40  4.38  4.81  3.89  3.55  2.96  2.75     3.88  3.05  4.46  4.53  3.47
 45   40     2.91  3.64  4.02  4.42  4.49  4.14  4.14  4.61  3.79  3.54  3.04  2.87     3.80  3.14  4.31  4.30  3.46
 45   50     2.93  3.61  3.89  4.18  4.19  3.84  3.84  4.34  3.63  3.48  3.06  2.92     3.66  3.16  4.09  4.01  3.39
 45   60     2.89  3.51  3.68  3.87  3.82  3.49  3.50  4.00  3.40  3.33  3.00  2.91     3.45  3.10  3.79  3.66  3.24
 45   70     2.78  3.35  3.42  3.51  3.42  3.10  3.11  3.60  3.12  3.11  2.88  2.82     3.19  2.98  3.45  3.27  3.04
 45   80     2.62  3.11  3.08  3.11  3.00  2.71  2.72  3.18  2.79  2.85  2.69  2.67     2.88  2.80  3.06  2.87  2.77
 45   90     2.40  2.81  2.72  2.68  2.56  2.32  2.33  2.73  2.44  2.53  2.45  2.46     2.54  2.55  2.66  2.46  2.47
 60   10     2.37  3.17  3.85  4.62  4.95  4.68  4.64  4.93  3.82  3.25  2.52  2.23     3.75  2.59  4.47  4.75  3.20
 60   20     2.51  3.31  3.91  4.59  4.87  4.58  4.54  4.89  3.84  3.34  2.66  2.40     3.79  2.74  4.46  4.67  3.28
 60   30     2.60  3.38  3.90  4.48  4.71  4.40  4.37  4.76  3.78  3.36  2.75  2.52     3.75  2.83  4.37  4.51  3.30
 60   40     2.63  3.38  3.82  4.32  4.49  4.17  4.14  4.57  3.67  3.33  2.78  2.58     3.66  2.86  4.21  4.29  3.26
 60   50     2.62  3.33  3.68  4.08  4.19  3.87  3.86  4.31  3.49  3.22  2.75  2.59     3.50  2.85  3.98  4.01  3.15
 60   60     2.55  3.21  3.48  3.79  3.87  3.55  3.54  3.99  3.27  3.07  2.68  2.55     3.29  2.77  3.71  3.69  3.01
 60   70     2.42  3.04  3.22  3.45  3.50  3.19  3.19  3.63  3.00  2.86  2.55  2.45     3.04  2.64  3.39  3.34  2.80
 60   80     2.27  2.82  2.92  3.08  3.09  2.82  2.82  3.23  2.71  2.61  2.36  2.29     2.75  2.46  3.03  2.96  2.56
 60   90     2.07  2.55  2.59  2.70  2.71  2.45  2.45  2.84  2.38  2.33  2.15  2.11     2.44  2.24  2.67  2.58  2.29
 75   10     2.28  3.08  3.78  4.57  4.94  4.68  4.63  4.90  3.77  3.17  2.43  2.13     3.70  2.50  4.43  4.74  3.12
 75   20     2.33  3.13  3.77  4.50  4.84  4.57  4.52  4.83  3.74  3.18  2.49  2.22     3.68  2.56  4.37  4.64  3.13
 75   30     2.35  3.13  3.71  4.37  4.68  4.39  4.35  4.69  3.65  3.15  2.50  2.25     3.60  2.58  4.25  4.48  3.10
 75   40     2.33  3.10  3.60  4.17  4.46  4.16  4.13  4.49  3.51  3.06  2.48  2.26     3.48  2.56  4.08  4.26  3.02
 75   50     2.27  3.00  3.43  3.94  4.18  3.89  3.86  4.24  3.33  2.94  2.42  2.22     3.31  2.50  3.85  3.99  2.90
 75   60     2.19  2.88  3.23  3.65  3.85  3.56  3.55  3.93  3.10  2.76  2.32  2.16     3.10  2.41  3.58  3.68  2.73
 75   70     2.06  2.70  2.98  3.34  3.51  3.23  3.21  3.59  2.85  2.57  2.19  2.05     2.86  2.27  3.27  3.35  2.54
 75   80     1.91  2.51  2.71  3.00  3.15  2.89  2.87  3.24  2.57  2.33  2.02  1.90     2.59  2.11  2.95  3.00  2.31
 75   90     1.74  2.27  2.41  2.64  2.77  2.53  2.52  2.86  2.28  2.10  1.84  1.75     2.31  1.92  2.60  2.64  2.07
 90   10     2.18  2.98  3.70  4.52  4.92  4.67  4.62  4.87  3.71  3.08  2.33  2.03     3.63  2.39  4.38  4.72  3.04
 90   20     2.14  2.94  3.62  4.40  4.80  4.56  4.50  4.76  3.63  3.01  2.30  2.01     3.56  2.36  4.28  4.61  2.98
 90   30     2.09  2.87  3.49  4.23  4.62  4.37  4.32  4.59  3.50  2.91  2.24  1.98     3.44  2.31  4.11  4.43  2.88
 90   40     2.02  2.77  3.34  4.01  4.39  4.14  4.09  4.36  3.33  2.79  2.17  1.92     3.28  2.24  3.91  4.20  2.76
 90   50     1.93  2.65  3.15  3.75  4.11  3.86  3.82  4.10  3.12  2.62  2.08  1.86     3.09  2.15  3.67  3.93  2.61
 90   60     1.82  2.51  2.93  3.47  3.80  3.55  3.51  3.81  2.90  2.45  1.96  1.76     2.87  2.03  3.40  3.63  2.44
 90   70     1.70  2.35  2.70  3.16  3.45  3.22  3.19  3.48  2.65  2.25  1.83  1.66     2.64  1.90  3.11  3.30  2.25
 90   80     1.56  2.16  2.44  2.84  3.12  2.89  2.86  3.14  2.40  2.05  1.68  1.53     2.39  1.75  2.80  2.96  2.04
 90   90     1.43  1.97  2.19  2.53  2.77  2.56  2.54  2.81  2.14  1.83  1.52  1.40     2.14  1.60  2.50  2.63  1.83
105   10     2.08  2.87  3.62  4.46  4.90  4.67  4.61  4.83  3.65  2.99  2.22  1.92     3.57  2.29  4.33  4.70  2.96
105   20     1.95  2.74  3.46  4.29  4.76  4.54  4.47  4.68  3.51  2.84  2.10  1.81     3.43  2.17  4.17  4.57  2.82
105   30     1.83  2.60  3.27  4.07  4.55  4.34  4.28  4.47  3.33  2.67  1.98  1.69     3.25  2.04  3.96  4.36  2.66
105   40     1.70  2.45  3.05  3.81  4.29  4.09  4.03  4.21  3.13  2.48  1.85  1.59     3.06  1.91  3.72  4.11  2.49
105   50     1.59  2.29  2.84  3.52  3.99  3.80  3.74  3.92  2.90  2.31  1.72  1.49     2.84  1.79  3.45  3.82  2.31
105   60     1.47  2.13  2.62  3.23  3.67  3.49  3.43  3.62  2.66  2.12  1.61  1.39     2.62  1.66  3.17  3.51  2.13
105   70     1.37  1.98  2.38  2.94  3.34  3.16  3.11  3.30  2.43  1.93  1.47  1.30     2.39  1.55  2.88  3.19  1.94
105   80     1.25  1.82  2.16  2.63  3.00  2.83  2.78  2.98  2.19  1.75  1.36  1.19     2.16  1.42  2.60  2.86  1.76
105   90     1.15  1.67  1.94  2.34  2.68  2.52  2.47  2.66  1.95  1.56  1.22  1.09     1.94  1.30  2.32  2.55  1.58
120   10     1.98  2.77  3.54  4.41  4.88  4.66  4.59  4.79  3.60  2.91  2.13  1.82     3.51  2.19  4.28  4.68  2.88
120   20     1.77  2.54  3.30  4.19  4.71  4.52  4.45  4.60  3.40  2.67  1.91  1.61     3.31  1.98  4.07  4.52  2.66
120   30     1.58  2.32  3.04  3.91  4.47  4.30  4.23  4.33  3.17  2.43  1.71  1.43     3.08  1.77  3.81  4.29  2.44
120   40     1.42  2.11  2.77  3.59  4.17  4.03  3.95  4.03  2.91  2.19  1.54  1.28     2.83  1.60  3.51  4.00  2.21
120   50     1.28  1.93  2.51  3.27  3.84  3.71  3.63  3.70  2.65  1.97  1.40  1.16     2.59  1.46  3.21  3.68  2.01
120   60     1.17  1.77  2.27  2.95  3.49  3.38  3.30  3.37  2.40  1.79  1.28  1.06     2.35  1.33  2.91  3.35  1.82
120   70     1.08  1.63  2.06  2.65  3.15  3.04  2.98  3.05  2.17  1.62  1.16  0.98     2.13  1.23  2.62  3.02  1.65
120   80     0.99  1.50  1.86  2.38  2.83  2.71  2.66  2.74  1.95  1.46  1.07  0.91     1.92  1.13  2.35  2.71  1.49
120   90     0.92  1.38  1.67  2.12  2.51  2.40  2.35  2.45  1.75  1.32  0.97  0.84     1.72  1.05  2.10  2.40  1.35
135   10     1.90  2.69  3.47  4.37  4.86  4.66  4.59  4.75  3.55  2.83  2.04  1.73     3.45  2.10  4.23  4.67  2.81
135   20     1.61  2.37  3.15  4.09  4.67  4.51  4.42  4.52  3.30  2.52  1.74  1.43     3.19  1.80  3.97  4.48  2.52
135   30     1.35  2.06  2.82  3.75  4.39  4.27  4.18  4.21  3.00  2.20  1.47  1.18     2.91  1.53  3.65  4.22  2.23
135   40     1.15  1.80  2.48  3.37  4.04  3.96  3.87  3.84  2.69  1.91  1.26  1.00     2.62  1.32  3.30  3.89  1.96
135   50     1.02  1.60  2.19  3.00  3.65  3.61  3.51  3.45  2.40  1.67  1.11  0.89     2.34  1.17  2.94  3.52  1.72
135   60     0.93  1.45  1.94  2.65  3.27  3.23  3.14  3.08  2.13  1.48  1.00  0.81     2.09  1.06  2.62  3.15  1.54
135   70     0.87  1.33  1.74  2.35  2.91  2.87  2.79  2.73  1.90  1.33  0.92  0.76     1.88  0.98  2.33  2.80  1.38
135   80     0.81  1.23  1.56  2.09  2.59  2.54  2.48  2.44  1.71  1.20  0.85  0.71     1.69  0.92  2.08  2.49  1.25
135   90     0.77  1.15  1.42  1.86  2.30  2.25  2.19  2.19  1.53  1.10  0.79  0.67     1.52  0.86  1.86  2.21  1.14
150   10     1.83  2.62  3.41  4.34  4.85  4.66  4.58  4.73  3.51  2.77  1.97  1.65     3.41  2.03  4.20  4.66  2.75
150   20     1.47  2.22  3.04  4.02  4.63  4.50  4.41  4.46  3.22  2.39  1.60  1.28     3.11  1.66  3.90  4.46  2.40
150   30     1.15  1.84  2.63  3.63  4.33  4.25  4.15  4.11  2.87  2.00  1.26  0.97     2.77  1.32  3.53  4.17  2.05
150   40     0.94  1.51  2.22  3.19  3.94  3.92  3.81  3.68  2.50  1.66  1.01  0.78     2.43  1.08  3.12  3.80  1.72
150   50     0.84  1.30  1.87  2.73  3.49  3.52  3.41  3.21  2.15  1.38  0.88  0.71     2.12  0.95  2.70  3.38  1.47
150   60     0.80  1.18  1.62  2.33  3.02  3.08  2.97  2.76  1.85  1.22  0.81  0.68     1.86  0.89  2.32  2.94  1.29
150   70     0.77  1.11  1.45  2.02  2.62  2.67  2.57  2.40  1.65  1.11  0.77  0.65     1.65  0.84  2.03  2.55  1.17
150   80     0.74  1.05  1.32  1.79  2.29  2.33  2.25  2.12  1.48  1.02  0.73  0.62     1.48  0.80  1.80  2.24  1.08
150   90     0.70  1.00  1.22  1.62  2.04  2.06  1.99  1.91  1.35  0.96  0.69  0.59     1.34  0.77  1.62  1.98  1.00
165   10     1.79  2.57  3.38  4.32  4.84  4.65  4.58  4.71  3.49  2.74  1.93  1.60     3.38  1.99  4.18  4.65  2.72
165   20     1.37  2.12  2.96  3.98  4.62  4.49  4.40  4.43  3.17  2.32  1.50  1.18     3.05  1.56  3.86  4.44  2.33
165   30     1.00  1.66  2.50  3.56  4.30  4.25  4.14  4.05  2.78  1.87  1.10  0.82     2.67  1.16  3.45  4.15  1.92
165   40     0.85  1.27  2.01  3.08  3.90  3.91  3.80  3.59  2.36  1.44  0.84  0.72     2.31  0.95  3.00  3.77  1.54
165   50     0.82  1.09  1.59  2.54  3.42  3.51  3.39  3.06  1.93  1.14  0.81  0.70     2.00  0.87  2.52  3.32  1.29
165   60     0.80  1.06  1.34  2.02  2.89  3.05  2.92  2.48  1.60  1.04  0.78  0.68     1.72  0.84  2.08  2.82  1.14
165   70     0.77  1.02  1.24  1.71  2.33  2.54  2.40  2.04  1.42  1.00  0.75  0.65     1.49  0.81  1.76  2.33  1.06
165   80     0.73  0.98  1.16  1.53  2.00  2.11  2.03  1.80  1.31  0.94  0.71  0.62     1.33  0.78  1.57  1.98  0.99
165   90     0.70  0.94  1.10  1.41  1.79  1.86  1.80  1.64  1.22  0.90  0.68  0.59     1.22  0.75  1.43  1.77  0.93
180   10     1.77  2.55  3.37  4.32  4.83  4.65  4.58  4.71  3.48  2.73  1.91  1.58     3.37  1.97  4.17  4.65  2.71
180   20     1.34  2.08  2.94  3.98  4.61  4.49  4.40  4.42  3.15  2.28  1.47  1.14     3.02  1.52  3.84  4.44  2.30
180   30     0.95  1.59  2.45  3.56  4.29  4.24  4.14  4.04  2.76  1.81  1.04  0.77     2.64  1.11  3.43  4.14  1.87
180   40     0.85  1.16  1.92  3.07  3.88  3.91  3.79  3.57  2.31  1.32  0.84  0.72     2.28  0.91  2.96  3.76  1.49
180   50     0.82  1.09  1.38  2.53  3.40  3.50  3.38  3.04  1.84  1.07  0.81  0.70     1.96  0.87  2.44  3.31  1.24
180   60     0.80  1.06  1.23  1.95  2.86  3.04  2.91  2.46  1.40  1.03  0.78  0.68     1.68  0.84  2.01  2.80  1.07
180   70     0.77  1.02  1.18  1.54  2.28  2.53  2.40  1.86  1.31  0.99  0.75  0.65     1.44  0.81  1.67  2.26  1.02
180   80     0.73  0.98  1.13  1.43  1.86  2.03  1.93  1.65  1.24  0.94  0.71  0.62     1.27  0.78  1.47  1.87  0.97
180   90     0.70  0.94  1.07  1.35  1.68  1.78  1.72  1.52  1.17  0.90  0.68  0.59     1.17  0.75  1.36  1.67  0.91
             57.3  48.5  34.7  19.1   6.5   1.9   3.6  12.4  26.5  42.6  54.1  60.0     29.9  55.1  20.2   6.3  41.0
             3.46  4.02  4.30  4.76  4.98  4.72  4.67  4.98  4.04  3.90  3.50  3.46     4.23  3.64  4.61  4.78  3.76
             3.15  3.86  4.29  4.71  4.71  4.37  4.36  4.84  4.04  3.83  3.25  3.08     4.04  3.36  4.57  4.52  3.71
             1.10  1.04  1.00  1.01  1.06  1.08  1.07  1.03  1.00  1.02  1.08  1.12     1.05  1.09  1.02  1.06  1.03
             1.44  1.29  1.15  1.03  0.95  0.92  0.93  0.99  1.07  1.23  1.38  1.52     1.16  1.42  1.04  0.95  1.23
temperature   4.5   5.1   8.5  14.3  18.9  22.7  26.5  27.9  24.0  18.1  12.3   7.1     15.8   5.6  13.9  25.7  18.1
diffusedrad  1.13  1.52  1.81  2.18  2.47  2.62  2.56  2.32  1.98  1.51  1.14  0.98     1.85  1.21  2.15  2.50  1.54
snow10cm     0.06  0.08  0.00  0.00  0.00  0.00  0.00  0.00  0.00  0.00  0.00  0.02     0.01  0.05  0.00  0.00  0.00
