2 54396   三条            37 38.4  138 57.3    9
             1.36  2.09  3.04  4.28  4.83  4.66  4.46  4.73  3.44  2.71  1.69  1.17     3.20  1.54  4.05  4.62  2.62
             1.55  2.51  3.40  4.89  5.48  5.66  5.85  5.93  4.00  3.05  1.93  1.54     3.47  1.75  4.32  5.44  2.86
             1.17  1.65  2.59  3.57  4.28  3.93  3.50  3.31  2.70  2.22  1.11  0.84     2.89  1.35  3.69  3.64  2.25
  0   10     1.47  2.23  3.23  4.42  4.85  4.64  4.46  4.82  3.62  2.97  1.89  1.28     3.32  1.66  4.17  4.64  2.83
  0   20     1.56  2.35  3.35  4.48  4.79  4.54  4.38  4.82  3.71  3.17  2.06  1.38     3.38  1.76  4.21  4.58  2.98
  0   30     1.62  2.44  3.41  4.43  4.63  4.35  4.21  4.73  3.73  3.31  2.19  1.45     3.38  1.84  4.16  4.43  3.08
  0   40     1.66  2.49  3.41  4.30  4.38  4.09  3.97  4.53  3.67  3.36  2.27  1.50     3.30  1.88  4.03  4.20  3.10
  0   50     1.67  2.49  3.33  4.08  4.05  3.75  3.66  4.23  3.53  3.35  2.30  1.51     3.16  1.89  3.82  3.88  3.06
  0   60     1.65  2.45  3.19  3.77  3.64  3.35  3.29  3.86  3.32  3.25  2.28  1.50     2.96  1.87  3.53  3.50  2.95
  0   70     1.61  2.37  2.99  3.39  3.17  2.91  2.87  3.41  3.05  3.09  2.21  1.46     2.71  1.81  3.18  3.06  2.78
  0   80     1.54  2.25  2.73  2.94  2.67  2.44  2.42  2.90  2.72  2.86  2.09  1.39     2.41  1.72  2.78  2.59  2.56
  0   90     1.44  2.09  2.43  2.45  2.14  1.97  1.97  2.36  2.34  2.56  1.93  1.29     2.08  1.61  2.34  2.10  2.28
 15   10     1.46  2.22  3.22  4.41  4.85  4.64  4.46  4.82  3.61  2.96  1.89  1.28     3.32  1.65  4.16  4.64  2.82
 15   20     1.55  2.34  3.34  4.47  4.78  4.54  4.38  4.83  3.70  3.15  2.05  1.37     3.38  1.75  4.20  4.58  2.97
 15   30     1.61  2.42  3.40  4.42  4.63  4.36  4.21  4.73  3.71  3.28  2.17  1.44     3.37  1.82  4.15  4.43  3.05
 15   40     1.65  2.46  3.38  4.29  4.38  4.09  3.97  4.53  3.65  3.33  2.24  1.48     3.29  1.86  4.02  4.20  3.07
 15   50     1.65  2.46  3.30  4.07  4.06  3.77  3.67  4.25  3.51  3.30  2.27  1.49     3.15  1.87  3.81  3.90  3.03
 15   60     1.63  2.42  3.16  3.77  3.67  3.38  3.31  3.88  3.31  3.20  2.24  1.48     2.95  1.84  3.53  3.52  2.92
 15   70     1.59  2.34  2.96  3.40  3.21  2.95  2.90  3.43  3.04  3.03  2.17  1.43     2.70  1.78  3.19  3.09  2.75
 15   80     1.51  2.21  2.70  2.96  2.72  2.48  2.46  2.95  2.71  2.80  2.05  1.36     2.41  1.70  2.80  2.63  2.52
 15   90     1.42  2.06  2.40  2.50  2.22  2.03  2.02  2.42  2.34  2.51  1.89  1.26     2.09  1.58  2.37  2.16  2.24
 30   10     1.45  2.20  3.20  4.39  4.84  4.64  4.45  4.82  3.59  2.94  1.86  1.26     3.30  1.64  4.15  4.64  2.80
 30   20     1.52  2.31  3.30  4.43  4.79  4.54  4.38  4.82  3.66  3.10  2.01  1.34     3.35  1.73  4.17  4.58  2.92
 30   30     1.58  2.37  3.34  4.38  4.64  4.36  4.21  4.72  3.67  3.20  2.11  1.40     3.33  1.78  4.12  4.43  2.99
 30   40     1.60  2.40  3.32  4.25  4.41  4.12  3.99  4.54  3.60  3.23  2.16  1.43     3.25  1.81  3.99  4.22  3.00
 30   50     1.60  2.39  3.23  4.03  4.10  3.80  3.70  4.26  3.46  3.19  2.17  1.44     3.11  1.81  3.79  3.92  2.94
 30   60     1.57  2.33  3.08  3.74  3.73  3.44  3.36  3.92  3.25  3.08  2.13  1.41     2.92  1.77  3.52  3.57  2.82
 30   70     1.52  2.24  2.88  3.39  3.31  3.03  2.97  3.51  2.99  2.90  2.05  1.36     2.68  1.71  3.19  3.17  2.65
 30   80     1.45  2.12  2.62  2.98  2.86  2.61  2.57  3.07  2.67  2.66  1.93  1.29     2.40  1.62  2.82  2.75  2.42
 30   90     1.35  1.96  2.33  2.55  2.40  2.19  2.16  2.59  2.33  2.38  1.76  1.19     2.10  1.50  2.43  2.31  2.16
 45   10     1.43  2.17  3.17  4.37  4.83  4.64  4.45  4.80  3.56  2.89  1.83  1.24     3.28  1.62  4.12  4.63  2.76
 45   20     1.49  2.25  3.24  4.38  4.78  4.54  4.37  4.79  3.61  3.01  1.94  1.30     3.31  1.68  4.13  4.57  2.85
 45   30     1.52  2.29  3.25  4.32  4.63  4.37  4.22  4.69  3.59  3.08  2.01  1.34     3.28  1.72  4.07  4.43  2.89
 45   40     1.53  2.30  3.21  4.17  4.41  4.13  3.99  4.51  3.50  3.08  2.04  1.36     3.19  1.73  3.93  4.21  2.87
 45   50     1.51  2.27  3.11  3.97  4.13  3.85  3.73  4.26  3.37  3.01  2.03  1.35     3.05  1.71  3.74  3.94  2.80
 45   60     1.48  2.20  2.95  3.68  3.78  3.50  3.40  3.94  3.16  2.90  1.98  1.31     2.86  1.66  3.47  3.61  2.68
 45   70     1.42  2.11  2.76  3.36  3.40  3.13  3.05  3.57  2.91  2.71  1.89  1.25     2.63  1.59  3.17  3.25  2.50
 45   80     1.34  1.98  2.52  2.98  2.99  2.74  2.68  3.16  2.62  2.49  1.76  1.17     2.37  1.50  2.83  2.86  2.29
 45   90     1.24  1.83  2.25  2.59  2.56  2.35  2.30  2.73  2.29  2.22  1.59  1.07     2.09  1.38  2.47  2.46  2.04
 60   10     1.41  2.14  3.13  4.33  4.82  4.63  4.44  4.77  3.52  2.83  1.78  1.22     3.25  1.59  4.09  4.61  2.71
 60   20     1.44  2.18  3.16  4.31  4.75  4.53  4.35  4.74  3.53  2.90  1.85  1.25     3.25  1.62  4.07  4.54  2.76
 60   30     1.45  2.19  3.14  4.22  4.61  4.37  4.20  4.64  3.49  2.92  1.89  1.27     3.20  1.64  3.99  4.40  2.76
 60   40     1.44  2.17  3.07  4.07  4.40  4.14  3.99  4.46  3.39  2.89  1.89  1.26     3.10  1.62  3.85  4.20  2.72
 60   50     1.41  2.13  2.96  3.85  4.13  3.86  3.73  4.21  3.23  2.80  1.85  1.23     2.95  1.59  3.65  3.93  2.63
 60   60     1.36  2.05  2.80  3.60  3.82  3.55  3.43  3.92  3.04  2.67  1.79  1.19     2.77  1.53  3.40  3.63  2.50
 60   70     1.29  1.95  2.60  3.28  3.45  3.20  3.10  3.57  2.79  2.50  1.69  1.12     2.54  1.45  3.11  3.29  2.33
 60   80     1.21  1.83  2.39  2.94  3.08  2.83  2.74  3.20  2.52  2.27  1.56  1.04     2.30  1.36  2.80  2.92  2.12
 60   90     1.12  1.69  2.13  2.58  2.69  2.47  2.40  2.81  2.22  2.04  1.41  0.95     2.04  1.25  2.47  2.56  1.89
 75   10     1.38  2.10  3.08  4.28  4.80  4.62  4.43  4.74  3.47  2.76  1.73  1.18     3.21  1.55  4.05  4.60  2.65
 75   20     1.38  2.10  3.06  4.22  4.72  4.52  4.33  4.68  3.44  2.77  1.75  1.19     3.18  1.56  4.00  4.51  2.66
 75   30     1.37  2.08  3.01  4.10  4.57  4.35  4.17  4.55  3.37  2.74  1.75  1.18     3.10  1.54  3.89  4.36  2.62
 75   40     1.34  2.03  2.91  3.94  4.36  4.13  3.97  4.37  3.24  2.67  1.72  1.16     2.98  1.51  3.73  4.16  2.54
 75   50     1.29  1.96  2.78  3.72  4.09  3.86  3.71  4.13  3.08  2.56  1.66  1.11     2.83  1.45  3.53  3.90  2.44
 75   60     1.23  1.88  2.62  3.45  3.79  3.55  3.41  3.84  2.87  2.42  1.58  1.05     2.64  1.39  3.29  3.60  2.29
 75   70     1.16  1.78  2.43  3.16  3.46  3.23  3.11  3.52  2.65  2.25  1.48  0.99     2.44  1.31  3.02  3.29  2.13
 75   80     1.08  1.67  2.23  2.84  3.10  2.88  2.78  3.18  2.38  2.05  1.36  0.91     2.21  1.22  2.72  2.95  1.93
 75   90     1.00  1.54  2.00  2.52  2.74  2.53  2.44  2.81  2.13  1.84  1.23  0.82     1.97  1.12  2.42  2.60  1.73
 90   10     1.35  2.05  3.02  4.23  4.78  4.62  4.41  4.70  3.42  2.69  1.68  1.15     3.17  1.51  4.01  4.58  2.59
 90   20     1.32  2.01  2.96  4.13  4.67  4.50  4.30  4.61  3.34  2.63  1.65  1.13     3.10  1.49  3.92  4.47  2.54
 90   30     1.28  1.96  2.86  3.97  4.50  4.32  4.13  4.44  3.23  2.55  1.60  1.09     2.99  1.44  3.78  4.30  2.46
 90   40     1.23  1.88  2.74  3.76  4.28  4.09  3.92  4.23  3.07  2.44  1.54  1.04     2.85  1.39  3.59  4.08  2.35
 90   50     1.18  1.80  2.59  3.53  4.01  3.82  3.66  3.99  2.89  2.30  1.47  0.99     2.69  1.32  3.38  3.83  2.22
 90   60     1.11  1.71  2.42  3.27  3.71  3.52  3.37  3.71  2.69  2.15  1.38  0.93     2.50  1.25  3.13  3.53  2.07
 90   70     1.05  1.62  2.24  2.98  3.39  3.20  3.06  3.39  2.46  1.98  1.27  0.86     2.29  1.18  2.87  3.22  1.90
 90   80     0.97  1.51  2.04  2.70  3.06  2.88  2.76  3.08  2.23  1.81  1.17  0.79     2.08  1.09  2.60  2.90  1.74
 90   90     0.90  1.41  1.85  2.40  2.72  2.55  2.44  2.75  1.98  1.61  1.05  0.71     1.86  1.01  2.32  2.58  1.55
105   10     1.31  2.00  2.96  4.18  4.75  4.61  4.40  4.66  3.36  2.61  1.62  1.12     3.13  1.48  3.97  4.55  2.53
105   20     1.26  1.92  2.85  4.02  4.62  4.48  4.27  4.52  3.24  2.49  1.54  1.06     3.02  1.42  3.83  4.42  2.42
105   30     1.20  1.83  2.70  3.81  4.42  4.28  4.08  4.31  3.07  2.34  1.45  1.00     2.88  1.34  3.65  4.23  2.29
105   40     1.13  1.74  2.54  3.58  4.17  4.03  3.85  4.07  2.88  2.19  1.36  0.94     2.71  1.27  3.43  3.98  2.15
105   50     1.07  1.64  2.38  3.31  3.89  3.75  3.58  3.80  2.68  2.04  1.27  0.88     2.52  1.20  3.19  3.71  2.00
105   60     1.00  1.55  2.21  3.05  3.58  3.44  3.28  3.51  2.46  1.88  1.18  0.82     2.33  1.13  2.94  3.41  1.84
105   70     0.95  1.46  2.02  2.77  3.26  3.12  2.98  3.21  2.25  1.72  1.08  0.76     2.13  1.05  2.69  3.10  1.69
105   80     0.88  1.37  1.86  2.49  2.94  2.81  2.67  2.90  2.03  1.56  0.99  0.69     1.93  0.98  2.43  2.79  1.53
105   90     0.82  1.28  1.68  2.23  2.63  2.50  2.38  2.60  1.82  1.40  0.89  0.63     1.74  0.91  2.18  2.49  1.37
120   10     1.29  1.96  2.91  4.13  4.73  4.60  4.39  4.62  3.31  2.54  1.56  1.09     3.09  1.44  3.92  4.53  2.47
120   20     1.20  1.84  2.74  3.92  4.57  4.45  4.24  4.43  3.13  2.35  1.43  1.00     2.94  1.35  3.74  4.37  2.31
120   30     1.12  1.71  2.55  3.66  4.33  4.23  4.03  4.17  2.92  2.15  1.31  0.93     2.76  1.25  3.51  4.14  2.12
120   40     1.05  1.60  2.35  3.37  4.04  3.96  3.76  3.88  2.69  1.95  1.20  0.85     2.56  1.17  3.25  3.87  1.94
120   50     0.98  1.50  2.16  3.07  3.72  3.64  3.46  3.57  2.46  1.77  1.10  0.79     2.35  1.09  2.98  3.56  1.77
120   60     0.92  1.41  1.99  2.78  3.39  3.32  3.15  3.26  2.24  1.61  1.01  0.73     2.15  1.02  2.72  3.24  1.62
120   70     0.87  1.32  1.82  2.51  3.07  3.00  2.85  2.96  2.02  1.47  0.92  0.68     1.96  0.96  2.47  2.93  1.47
120   80     0.82  1.25  1.66  2.26  2.75  2.68  2.55  2.67  1.83  1.32  0.84  0.63     1.77  0.90  2.23  2.63  1.33
120   90     0.77  1.18  1.52  2.02  2.46  2.38  2.26  2.39  1.64  1.20  0.77  0.57     1.60  0.84  2.00  2.34  1.20
135   10     1.26  1.92  2.87  4.08  4.71  4.59  4.38  4.58  3.27  2.48  1.52  1.06     3.06  1.42  3.89  4.51  2.42
135   20     1.16  1.77  2.65  3.82  4.51  4.43  4.21  4.35  3.04  2.22  1.34  0.95     2.87  1.29  3.66  4.33  2.20
135   30     1.05  1.61  2.41  3.51  4.24  4.19  3.98  4.04  2.77  1.96  1.18  0.85     2.65  1.17  3.38  4.07  1.97
135   40     0.98  1.47  2.17  3.16  3.90  3.88  3.67  3.69  2.49  1.72  1.05  0.78     2.41  1.08  3.08  3.75  1.75
135   50     0.92  1.37  1.96  2.81  3.52  3.53  3.34  3.31  2.23  1.52  0.95  0.72     2.18  1.00  2.76  3.39  1.57
135   60     0.87  1.28  1.78  2.50  3.16  3.16  2.99  2.96  1.99  1.37  0.87  0.68     1.97  0.94  2.48  3.04  1.41
135   70     0.83  1.22  1.62  2.23  2.82  2.82  2.67  2.65  1.79  1.24  0.80  0.63     1.78  0.89  2.23  2.71  1.28
135   80     0.79  1.16  1.48  1.99  2.52  2.51  2.38  2.37  1.62  1.13  0.74  0.59     1.61  0.85  2.00  2.42  1.16
135   90     0.75  1.11  1.37  1.78  2.25  2.23  2.11  2.13  1.45  1.03  0.68  0.55     1.45  0.80  1.80  2.16  1.05
150   10     1.24  1.90  2.83  4.05  4.70  4.59  4.37  4.55  3.23  2.43  1.48  1.04     3.03  1.39  3.86  4.50  2.38
150   20     1.12  1.71  2.57  3.75  4.48  4.42  4.20  4.28  2.96  2.12  1.26  0.91     2.81  1.25  3.60  4.30  2.12
150   30     1.00  1.52  2.29  3.39  4.17  4.17  3.94  3.93  2.65  1.80  1.07  0.80     2.56  1.11  3.28  4.01  1.84
150   40     0.93  1.36  2.00  2.98  3.79  3.84  3.62  3.51  2.31  1.51  0.93  0.73     2.29  1.01  2.92  3.65  1.58
150   50     0.89  1.26  1.76  2.57  3.34  3.44  3.23  3.06  2.01  1.30  0.84  0.70     2.03  0.95  2.56  3.24  1.38
150   60     0.86  1.20  1.58  2.21  2.90  3.00  2.82  2.64  1.76  1.17  0.79  0.66     1.80  0.91  2.23  2.82  1.24
150   70     0.82  1.16  1.45  1.94  2.53  2.61  2.46  2.32  1.58  1.08  0.74  0.62     1.61  0.87  1.98  2.46  1.13
150   80     0.79  1.12  1.35  1.73  2.23  2.30  2.17  2.07  1.43  1.00  0.69  0.58     1.45  0.83  1.77  2.18  1.04
150   90     0.75  1.08  1.26  1.57  2.00  2.04  1.93  1.87  1.30  0.92  0.64  0.54     1.32  0.79  1.61  1.94  0.95
165   10     1.23  1.88  2.81  4.04  4.68  4.59  4.36  4.53  3.21  2.40  1.46  1.02     3.02  1.38  3.84  4.49  2.36
165   20     1.09  1.67  2.52  3.71  4.46  4.42  4.18  4.25  2.92  2.05  1.21  0.88     2.78  1.21  3.56  4.28  2.06
165   30     0.96  1.46  2.20  3.32  4.14  4.17  3.93  3.87  2.57  1.68  0.98  0.76     2.50  1.06  3.22  3.99  1.74
165   40     0.92  1.28  1.87  2.87  3.74  3.83  3.59  3.42  2.19  1.34  0.86  0.73     2.22  0.97  2.82  3.61  1.46
165   50     0.89  1.21  1.58  2.37  3.27  3.43  3.20  2.90  1.80  1.13  0.82  0.70     1.94  0.93  2.41  3.18  1.25
165   60     0.86  1.18  1.43  1.93  2.74  2.97  2.75  2.34  1.54  1.05  0.78  0.66     1.69  0.90  2.03  2.69  1.13
165   70     0.82  1.15  1.34  1.67  2.23  2.47  2.27  1.97  1.40  1.00  0.74  0.62     1.47  0.86  1.75  2.24  1.04
165   80     0.79  1.11  1.27  1.52  1.96  2.11  1.97  1.76  1.29  0.94  0.69  0.58     1.33  0.83  1.58  1.95  0.97
165   90     0.75  1.07  1.19  1.40  1.76  1.88  1.76  1.62  1.20  0.88  0.64  0.54     1.22  0.79  1.45  1.75  0.90
180   10     1.23  1.87  2.80  4.03  4.67  4.59  4.36  4.53  3.21  2.39  1.45  1.02     3.01  1.37  3.84  4.49  2.35
180   20     1.08  1.66  2.50  3.71  4.44  4.42  4.18  4.23  2.90  2.02  1.19  0.87     2.77  1.20  3.55  4.28  2.04
180   30     0.94  1.43  2.17  3.31  4.12  4.17  3.92  3.84  2.55  1.63  0.95  0.75     2.48  1.04  3.20  3.98  1.71
180   40     0.92  1.24  1.81  2.85  3.71  3.84  3.58  3.38  2.15  1.24  0.86  0.73     2.19  0.96  2.79  3.60  1.42
180   50     0.89  1.21  1.44  2.35  3.23  3.44  3.19  2.86  1.72  1.10  0.82  0.70     1.91  0.93  2.34  3.16  1.21
180   60     0.86  1.18  1.38  1.81  2.71  2.98  2.74  2.29  1.40  1.05  0.78  0.66     1.65  0.90  1.97  2.67  1.08
180   70     0.82  1.15  1.32  1.53  2.14  2.48  2.25  1.79  1.32  1.00  0.74  0.62     1.43  0.86  1.66  2.17  1.02
180   80     0.79  1.11  1.25  1.42  1.82  2.04  1.88  1.62  1.24  0.94  0.69  0.58     1.28  0.83  1.50  1.84  0.95
180   90     0.75  1.07  1.18  1.33  1.65  1.82  1.68  1.50  1.16  0.88  0.64  0.54     1.18  0.79  1.39  1.67  0.89
             48.8  45.8  33.8  20.6   8.3   2.7   5.5  15.2  27.3  42.6  51.0  50.5     23.9  48.0  19.6   8.1  38.8
             1.67  2.49  3.42  4.48  4.85  4.66  4.47  4.84  3.73  3.37  2.30  1.51     3.48  1.89  4.21  4.64  3.10
             1.59  2.39  3.39  4.47  4.74  4.48  4.32  4.80  3.73  3.23  2.12  1.41     3.39  1.80  4.20  4.53  3.03
             1.05  1.04  1.01  1.00  1.02  1.04  1.03  1.01  1.00  1.04  1.08  1.07     1.03  1.05  1.01  1.03  1.04
             1.17  1.14  1.12  1.04  0.98  0.96  0.97  1.01  1.08  1.19  1.25  1.21     1.09  1.17  1.05  0.98  1.18
temperature   1.7   1.9   5.0  11.2  16.5  20.5  24.2  25.9  21.7  15.5   9.6   4.6     13.2   2.7  10.9  23.5  15.6
diffusedrad  1.04  1.46  1.85  2.19  2.47  2.64  2.56  2.30  1.94  1.48  1.06  0.86     1.82  1.12  2.17  2.50  1.49
snow10cm     0.38  0.42  0.12  0.00  0.00  0.00  0.00  0.00  0.00  0.00  0.01  0.11     0.09  0.30  0.04  0.00  0.00
