2 54421   津川            37 40.3  139 26.8  100
             1.40  2.13  2.90  4.12  4.63  4.51  4.26  4.63  3.29  2.46  1.55  1.17     3.09  1.56  3.88  4.47  2.43
             1.58  2.68  3.24  4.81  5.33  5.22  5.47  5.56  4.06  2.76  1.91  1.51     3.39  1.82  4.17  5.22  2.75
             1.20  1.81  2.55  3.48  3.91  3.66  3.43  3.52  2.57  2.02  1.09  0.96     2.75  1.38  3.50  3.80  2.03
  0   10     1.50  2.26  3.05  4.24  4.65  4.49  4.26  4.72  3.44  2.66  1.70  1.28     3.19  1.68  3.98  4.49  2.60
  0   20     1.59  2.38  3.15  4.29  4.59  4.40  4.18  4.72  3.52  2.81  1.83  1.37     3.24  1.78  4.01  4.43  2.73
  0   30     1.66  2.47  3.21  4.25  4.44  4.22  4.03  4.63  3.54  2.91  1.93  1.44     3.23  1.86  3.97  4.29  2.79
  0   40     1.71  2.53  3.23  4.13  4.20  3.97  3.81  4.43  3.48  2.94  1.98  1.49     3.16  1.91  3.85  4.07  2.80
  0   50     1.73  2.56  3.19  3.92  3.89  3.65  3.51  4.15  3.34  2.91  2.00  1.51     3.03  1.93  3.67  3.77  2.75
  0   60     1.73  2.55  3.10  3.64  3.51  3.27  3.16  3.78  3.15  2.82  1.97  1.50     2.85  1.93  3.42  3.40  2.64
  0   70     1.70  2.50  2.97  3.29  3.07  2.85  2.77  3.34  2.89  2.67  1.90  1.46     2.62  1.89  3.11  2.99  2.48
  0   80     1.66  2.43  2.80  2.88  2.59  2.40  2.35  2.85  2.58  2.46  1.79  1.40     2.35  1.83  2.76  2.54  2.28
  0   90     1.58  2.32  2.59  2.43  2.09  1.95  1.92  2.32  2.22  2.21  1.65  1.31     2.05  1.74  2.37  2.06  2.03
 15   10     1.50  2.25  3.04  4.23  4.65  4.49  4.26  4.72  3.43  2.65  1.70  1.27     3.18  1.67  3.97  4.49  2.60
 15   20     1.58  2.37  3.14  4.28  4.59  4.39  4.18  4.73  3.51  2.80  1.82  1.36     3.23  1.77  4.00  4.43  2.71
 15   30     1.65  2.46  3.20  4.24  4.44  4.22  4.03  4.63  3.52  2.89  1.91  1.43     3.22  1.85  3.96  4.29  2.77
 15   40     1.69  2.51  3.21  4.12  4.21  3.97  3.80  4.43  3.46  2.91  1.96  1.47     3.15  1.89  3.84  4.07  2.78
 15   50     1.71  2.53  3.16  3.91  3.90  3.66  3.52  4.16  3.33  2.88  1.97  1.49     3.02  1.91  3.66  3.78  2.72
 15   60     1.71  2.52  3.08  3.64  3.53  3.29  3.18  3.80  3.13  2.78  1.93  1.48     2.84  1.90  3.42  3.42  2.61
 15   70     1.68  2.48  2.94  3.29  3.10  2.88  2.80  3.37  2.88  2.63  1.86  1.44     2.61  1.86  3.11  3.02  2.45
 15   80     1.63  2.40  2.77  2.90  2.64  2.44  2.39  2.90  2.57  2.42  1.75  1.37     2.35  1.80  2.77  2.58  2.25
 15   90     1.56  2.29  2.56  2.47  2.16  2.01  1.97  2.39  2.22  2.17  1.61  1.28     2.06  1.71  2.39  2.12  2.00
 30   10     1.49  2.24  3.02  4.22  4.64  4.49  4.25  4.72  3.42  2.63  1.68  1.26     3.17  1.66  3.96  4.49  2.58
 30   20     1.56  2.34  3.11  4.25  4.59  4.40  4.18  4.72  3.48  2.75  1.78  1.34     3.21  1.75  3.98  4.43  2.67
 30   30     1.61  2.41  3.15  4.20  4.45  4.23  4.03  4.62  3.48  2.82  1.85  1.40     3.19  1.81  3.93  4.29  2.72
 30   40     1.65  2.45  3.15  4.08  4.23  3.99  3.82  4.44  3.41  2.83  1.89  1.43     3.11  1.84  3.82  4.09  2.71
 30   50     1.66  2.46  3.10  3.88  3.94  3.69  3.54  4.17  3.27  2.79  1.88  1.43     2.98  1.85  3.64  3.80  2.65
 30   60     1.65  2.44  3.00  3.61  3.59  3.34  3.22  3.84  3.07  2.68  1.84  1.41     2.81  1.84  3.40  3.47  2.53
 30   70     1.62  2.39  2.87  3.29  3.18  2.95  2.86  3.44  2.83  2.52  1.76  1.37     2.59  1.79  3.11  3.09  2.37
 30   80     1.56  2.31  2.69  2.91  2.76  2.55  2.48  3.01  2.53  2.31  1.65  1.30     2.34  1.72  2.79  2.68  2.16
 30   90     1.49  2.20  2.49  2.51  2.32  2.15  2.10  2.54  2.20  2.06  1.50  1.21     2.06  1.63  2.44  2.26  1.92
 45   10     1.47  2.21  3.00  4.19  4.63  4.49  4.25  4.70  3.39  2.60  1.65  1.24     3.15  1.64  3.94  4.48  2.54
 45   20     1.52  2.29  3.06  4.20  4.58  4.40  4.17  4.69  3.43  2.69  1.73  1.30     3.17  1.70  3.95  4.42  2.62
 45   30     1.56  2.34  3.08  4.14  4.44  4.23  4.03  4.60  3.41  2.73  1.77  1.34     3.14  1.75  3.89  4.29  2.64
 45   40     1.58  2.36  3.06  4.01  4.23  4.01  3.82  4.41  3.33  2.71  1.78  1.35     3.05  1.76  3.77  4.08  2.61
 45   50     1.58  2.36  3.00  3.81  3.96  3.73  3.56  4.17  3.19  2.64  1.76  1.35     2.93  1.76  3.59  3.82  2.53
 45   60     1.56  2.32  2.89  3.55  3.63  3.39  3.25  3.85  2.99  2.53  1.71  1.32     2.75  1.73  3.36  3.50  2.41
 45   70     1.52  2.26  2.76  3.25  3.27  3.04  2.92  3.50  2.75  2.37  1.62  1.26     2.54  1.68  3.09  3.15  2.25
 45   80     1.46  2.18  2.60  2.90  2.87  2.67  2.57  3.09  2.47  2.16  1.50  1.19     2.31  1.61  2.79  2.77  2.05
 45   90     1.39  2.07  2.41  2.54  2.47  2.29  2.21  2.67  2.17  1.93  1.36  1.10     2.05  1.52  2.47  2.39  1.82
 60   10     1.44  2.18  2.96  4.16  4.62  4.48  4.24  4.68  3.35  2.55  1.61  1.21     3.12  1.61  3.91  4.47  2.50
 60   20     1.48  2.22  2.99  4.14  4.55  4.39  4.16  4.64  3.36  2.60  1.66  1.25     3.12  1.65  3.90  4.40  2.54
 60   30     1.49  2.25  2.98  4.06  4.42  4.23  4.01  4.54  3.31  2.60  1.67  1.26     3.07  1.67  3.82  4.26  2.53
 60   40     1.49  2.24  2.94  3.92  4.21  4.01  3.81  4.37  3.22  2.56  1.66  1.26     2.98  1.67  3.69  4.06  2.48
 60   50     1.47  2.22  2.87  3.71  3.96  3.74  3.56  4.12  3.06  2.47  1.62  1.24     2.84  1.65  3.51  3.81  2.38
 60   60     1.44  2.18  2.76  3.47  3.65  3.44  3.28  3.84  2.88  2.35  1.55  1.20     2.67  1.61  3.29  3.52  2.26
 60   70     1.40  2.11  2.63  3.17  3.31  3.10  2.96  3.50  2.64  2.19  1.46  1.14     2.47  1.55  3.04  3.19  2.10
 60   80     1.34  2.04  2.48  2.87  2.95  2.75  2.63  3.13  2.39  1.99  1.34  1.06     2.25  1.48  2.77  2.84  1.90
 60   90     1.27  1.94  2.31  2.53  2.58  2.40  2.30  2.75  2.10  1.78  1.20  0.98     2.01  1.40  2.47  2.48  1.70
 75   10     1.42  2.14  2.92  4.11  4.60  4.47  4.23  4.64  3.31  2.49  1.57  1.18     3.09  1.58  3.88  4.45  2.46
 75   20     1.42  2.15  2.91  4.06  4.52  4.38  4.13  4.59  3.28  2.49  1.58  1.19     3.06  1.59  3.83  4.37  2.45
 75   30     1.41  2.14  2.88  3.95  4.38  4.21  3.99  4.46  3.20  2.46  1.56  1.18     2.98  1.58  3.73  4.22  2.41
 75   40     1.39  2.12  2.81  3.79  4.17  4.00  3.79  4.28  3.08  2.38  1.52  1.16     2.87  1.56  3.59  4.02  2.33
 75   50     1.36  2.07  2.72  3.59  3.92  3.73  3.54  4.04  2.92  2.28  1.46  1.12     2.73  1.52  3.41  3.77  2.22
 75   60     1.32  2.02  2.61  3.33  3.63  3.44  3.26  3.75  2.72  2.14  1.38  1.07     2.56  1.47  3.19  3.48  2.08
 75   70     1.27  1.96  2.48  3.07  3.31  3.12  2.97  3.45  2.51  1.99  1.28  1.01     2.37  1.41  2.96  3.18  1.93
 75   80     1.22  1.89  2.35  2.77  2.97  2.79  2.65  3.11  2.26  1.81  1.17  0.94     2.16  1.35  2.69  2.85  1.75
 75   90     1.16  1.81  2.20  2.47  2.62  2.45  2.33  2.75  2.02  1.61  1.05  0.86     1.95  1.27  2.43  2.51  1.56
 90   10     1.39  2.10  2.88  4.07  4.58  4.47  4.21  4.61  3.26  2.44  1.52  1.15     3.06  1.54  3.84  4.43  2.41
 90   20     1.36  2.07  2.83  3.97  4.48  4.36  4.11  4.51  3.19  2.38  1.49  1.13     2.99  1.52  3.76  4.33  2.35
 90   30     1.33  2.03  2.76  3.82  4.32  4.18  3.95  4.35  3.08  2.30  1.44  1.10     2.89  1.49  3.63  4.16  2.27
 90   40     1.29  1.98  2.67  3.63  4.10  3.96  3.74  4.15  2.92  2.20  1.38  1.05     2.76  1.44  3.47  3.95  2.17
 90   50     1.25  1.93  2.56  3.42  3.84  3.70  3.49  3.91  2.75  2.07  1.30  1.01     2.60  1.40  3.27  3.70  2.04
 90   60     1.21  1.87  2.45  3.17  3.55  3.40  3.22  3.63  2.56  1.93  1.22  0.95     2.43  1.34  3.06  3.42  1.90
 90   70     1.16  1.81  2.33  2.90  3.25  3.10  2.92  3.32  2.33  1.77  1.12  0.89     2.24  1.29  2.83  3.11  1.74
 90   80     1.11  1.74  2.20  2.64  2.93  2.78  2.63  3.02  2.12  1.61  1.02  0.82     2.05  1.22  2.59  2.81  1.58
 90   90     1.06  1.68  2.08  2.36  2.60  2.46  2.33  2.69  1.88  1.44  0.91  0.75     1.85  1.17  2.35  2.49  1.41
105   10     1.36  2.06  2.83  4.02  4.56  4.46  4.20  4.57  3.21  2.38  1.48  1.12     3.02  1.51  3.81  4.41  2.36
105   20     1.31  1.99  2.74  3.88  4.43  4.33  4.08  4.43  3.09  2.27  1.41  1.07     2.92  1.46  3.68  4.28  2.25
105   30     1.25  1.92  2.63  3.69  4.24  4.14  3.90  4.23  2.94  2.14  1.32  1.01     2.78  1.39  3.52  4.09  2.13
105   40     1.20  1.85  2.52  3.46  4.00  3.90  3.68  3.99  2.76  2.00  1.24  0.96     2.63  1.34  3.33  3.86  2.00
105   50     1.16  1.78  2.40  3.22  3.73  3.63  3.42  3.73  2.56  1.86  1.15  0.90     2.46  1.28  3.11  3.59  1.86
105   60     1.11  1.72  2.28  2.97  3.43  3.33  3.14  3.44  2.36  1.71  1.06  0.84     2.28  1.22  2.89  3.31  1.71
105   70     1.07  1.67  2.16  2.71  3.12  3.02  2.85  3.15  2.15  1.57  0.97  0.79     2.10  1.17  2.67  3.00  1.56
105   80     1.02  1.62  2.05  2.45  2.82  2.72  2.55  2.84  1.94  1.42  0.88  0.73     1.92  1.12  2.44  2.70  1.41
105   90     0.99  1.57  1.94  2.21  2.52  2.42  2.27  2.55  1.74  1.27  0.79  0.67     1.74  1.08  2.22  2.41  1.27
120   10     1.33  2.02  2.79  3.98  4.54  4.45  4.19  4.53  3.17  2.32  1.44  1.09     2.99  1.48  3.77  4.39  2.31
120   20     1.25  1.91  2.66  3.78  4.38  4.31  4.05  4.34  3.00  2.16  1.32  1.01     2.85  1.39  3.61  4.24  2.16
120   30     1.18  1.81  2.51  3.54  4.15  4.10  3.85  4.10  2.80  1.98  1.21  0.94     2.68  1.31  3.40  4.01  2.00
120   40     1.12  1.72  2.36  3.27  3.88  3.83  3.60  3.81  2.58  1.81  1.11  0.87     2.50  1.24  3.17  3.75  1.83
120   50     1.07  1.65  2.23  3.00  3.57  3.53  3.32  3.50  2.36  1.65  1.01  0.81     2.31  1.18  2.93  3.45  1.68
120   60     1.03  1.59  2.11  2.73  3.26  3.22  3.02  3.20  2.15  1.50  0.93  0.76     2.13  1.13  2.70  3.15  1.53
120   70     1.00  1.54  2.00  2.48  2.95  2.90  2.73  2.90  1.94  1.37  0.85  0.71     1.95  1.09  2.48  2.85  1.39
120   80     0.97  1.51  1.91  2.24  2.65  2.60  2.44  2.62  1.75  1.23  0.77  0.67     1.78  1.05  2.27  2.55  1.25
120   90     0.94  1.48  1.82  2.02  2.36  2.31  2.16  2.35  1.57  1.12  0.70  0.62     1.62  1.01  2.07  2.27  1.13
135   10     1.31  1.99  2.76  3.94  4.52  4.44  4.18  4.49  3.13  2.27  1.40  1.06     2.96  1.45  3.74  4.37  2.27
135   20     1.21  1.85  2.59  3.70  4.33  4.29  4.03  4.27  2.92  2.06  1.25  0.96     2.79  1.34  3.54  4.20  2.08
135   30     1.12  1.72  2.40  3.41  4.07  4.06  3.81  3.97  2.67  1.84  1.11  0.87     2.59  1.24  3.29  3.94  1.87
135   40     1.06  1.61  2.22  3.09  3.75  3.77  3.52  3.62  2.41  1.63  1.00  0.80     2.37  1.16  3.02  3.64  1.68
135   50     1.01  1.53  2.07  2.77  3.39  3.43  3.20  3.26  2.16  1.46  0.90  0.75     2.16  1.10  2.74  3.30  1.51
135   60     0.99  1.49  1.95  2.48  3.05  3.08  2.88  2.92  1.93  1.32  0.83  0.71     1.97  1.06  2.49  2.96  1.36
135   70     0.96  1.46  1.85  2.23  2.72  2.75  2.57  2.61  1.74  1.20  0.76  0.67     1.79  1.03  2.27  2.64  1.23
135   80     0.94  1.44  1.77  2.00  2.43  2.44  2.29  2.34  1.57  1.09  0.70  0.63     1.64  1.00  2.07  2.36  1.12
135   90     0.93  1.42  1.72  1.81  2.17  2.17  2.03  2.10  1.41  0.99  0.64  0.59     1.50  0.98  1.90  2.10  1.01
150   10     1.29  1.96  2.73  3.91  4.50  4.44  4.17  4.46  3.09  2.23  1.37  1.04     2.93  1.43  3.71  4.36  2.23
150   20     1.17  1.80  2.53  3.64  4.30  4.28  4.01  4.20  2.85  1.98  1.19  0.92     2.74  1.30  3.49  4.16  2.01
150   30     1.07  1.64  2.31  3.30  4.01  4.04  3.77  3.86  2.56  1.71  1.03  0.82     2.51  1.18  3.21  3.89  1.76
150   40     1.01  1.51  2.10  2.92  3.65  3.72  3.47  3.45  2.25  1.47  0.90  0.75     2.27  1.09  2.89  3.55  1.54
150   50     0.99  1.45  1.92  2.55  3.23  3.34  3.11  3.01  1.96  1.29  0.83  0.72     2.03  1.05  2.57  3.15  1.36
150   60     0.98  1.42  1.80  2.22  2.81  2.93  2.73  2.61  1.72  1.16  0.78  0.69     1.82  1.03  2.28  2.76  1.22
150   70     0.96  1.41  1.73  1.97  2.46  2.56  2.39  2.29  1.54  1.07  0.73  0.66     1.65  1.01  2.05  2.41  1.12
150   80     0.95  1.40  1.68  1.77  2.17  2.25  2.11  2.05  1.40  0.99  0.68  0.63     1.51  0.99  1.88  2.13  1.02
150   90     0.93  1.40  1.64  1.62  1.94  2.00  1.87  1.85  1.27  0.91  0.63  0.59     1.39  0.97  1.74  1.91  0.94
165   10     1.28  1.94  2.71  3.89  4.49  4.44  4.17  4.45  3.08  2.21  1.36  1.03     2.92  1.42  3.70  4.35  2.21
165   20     1.15  1.76  2.49  3.60  4.28  4.28  4.00  4.17  2.81  1.93  1.16  0.89     2.71  1.27  3.46  4.15  1.96
165   30     1.03  1.58  2.25  3.24  3.98  4.04  3.76  3.80  2.49  1.62  0.96  0.78     2.46  1.13  3.16  3.87  1.69
165   40     1.00  1.44  2.00  2.83  3.60  3.72  3.45  3.36  2.13  1.34  0.86  0.75     2.21  1.06  2.81  3.51  1.44
165   50     0.99  1.40  1.79  2.37  3.16  3.34  3.08  2.86  1.78  1.15  0.82  0.72     1.96  1.04  2.44  3.09  1.25
165   60     0.98  1.40  1.70  1.96  2.67  2.90  2.67  2.32  1.53  1.08  0.78  0.69     1.72  1.02  2.11  2.63  1.13
165   70     0.96  1.40  1.66  1.73  2.19  2.43  2.22  1.96  1.39  1.02  0.73  0.66     1.53  1.01  1.86  2.20  1.04
165   80     0.95  1.40  1.63  1.58  1.93  2.08  1.93  1.76  1.28  0.95  0.68  0.63     1.40  0.99  1.71  1.92  0.97
165   90     0.93  1.40  1.61  1.47  1.73  1.85  1.72  1.61  1.18  0.88  0.63  0.59     1.30  0.97  1.60  1.73  0.90
180   10     1.27  1.94  2.70  3.89  4.49  4.44  4.16  4.44  3.07  2.20  1.35  1.03     2.91  1.41  3.69  4.35  2.21
180   20     1.14  1.75  2.48  3.59  4.27  4.28  4.00  4.15  2.79  1.91  1.14  0.88     2.70  1.26  3.45  4.14  1.95
180   30     1.02  1.56  2.23  3.23  3.96  4.04  3.75  3.78  2.46  1.59  0.94  0.77     2.44  1.12  3.14  3.86  1.66
180   40     1.00  1.41  1.96  2.81  3.58  3.72  3.44  3.33  2.10  1.26  0.86  0.75     2.18  1.05  2.78  3.50  1.40
180   50     0.99  1.40  1.69  2.35  3.13  3.34  3.07  2.83  1.70  1.13  0.82  0.72     1.93  1.04  2.39  3.08  1.22
180   60     0.98  1.40  1.67  1.86  2.64  2.90  2.65  2.27  1.41  1.08  0.78  0.69     1.69  1.02  2.05  2.61  1.09
180   70     0.96  1.40  1.65  1.60  2.10  2.43  2.20  1.78  1.32  1.01  0.73  0.66     1.49  1.01  1.78  2.14  1.02
180   80     0.95  1.40  1.63  1.50  1.80  2.01  1.85  1.61  1.24  0.95  0.68  0.63     1.35  0.99  1.64  1.82  0.95
180   90     0.93  1.40  1.60  1.41  1.63  1.79  1.66  1.49  1.15  0.88  0.63  0.59     1.26  0.97  1.55  1.65  0.89
             54.6  52.3  37.3  20.5   8.3   3.0   5.6  15.1  26.6  40.2  48.2  51.6     23.3  52.7  19.3   8.2  36.5
             1.73  2.56  3.23  4.29  4.65  4.51  4.27  4.74  3.54  2.94  2.00  1.51     3.33  1.93  4.01  4.49  2.80
             1.62  2.41  3.18  4.29  4.55  4.35  4.14  4.70  3.54  2.85  1.87  1.40     3.24  1.81  4.01  4.40  2.75
             1.07  1.06  1.02  1.00  1.02  1.04  1.03  1.01  1.00  1.03  1.07  1.08     1.04  1.07  1.01  1.03  1.03
             1.16  1.13  1.10  1.04  0.98  0.96  0.97  1.02  1.08  1.16  1.21  1.20     1.08  1.16  1.04  0.98  1.15
temperature   0.1   0.4   3.0   9.4  15.0  19.4  23.1  24.6  20.1  13.4   7.3   2.6     11.5   1.0   9.1  22.4  13.6
diffusedrad  1.09  1.57  1.96  2.23  2.48  2.66  2.56  2.30  1.93  1.48  1.04  0.87     1.85  1.18  2.22  2.51  1.49
snow10cm     0.80  0.91  0.61  0.06  0.00  0.00  0.00  0.00  0.00  0.00  0.01  0.25     0.22  0.65  0.22  0.00  0.01
