2 54616   小出            37 14.3  138 57.7   98
             1.39  2.13  2.98  4.24  4.71  4.44  4.36  4.61  3.29  2.58  1.67  1.26     3.14  1.59  3.98  4.47  2.51
             1.64  2.61  3.43  5.11  5.57  5.02  5.76  5.51  4.08  2.96  1.94  1.69     3.40  1.87  4.41  5.07  2.87
             1.16  1.78  2.62  3.48  4.09  3.84  3.64  3.56  2.57  1.98  1.14  1.00     2.90  1.37  3.61  3.78  2.02
  0   10     1.49  2.25  3.13  4.38  4.72  4.42  4.35  4.70  3.44  2.80  1.87  1.38     3.24  1.70  4.08  4.49  2.70
  0   20     1.57  2.36  3.25  4.43  4.67  4.33  4.27  4.69  3.52  2.97  2.02  1.49     3.30  1.81  4.12  4.43  2.84
  0   30     1.63  2.45  3.32  4.41  4.51  4.15  4.11  4.59  3.52  3.08  2.14  1.58     3.29  1.88  4.08  4.29  2.91
  0   40     1.67  2.51  3.35  4.30  4.27  3.90  3.88  4.40  3.46  3.12  2.21  1.63     3.22  1.94  3.97  4.06  2.93
  0   50     1.69  2.53  3.32  4.11  3.94  3.59  3.57  4.11  3.33  3.09  2.23  1.66     3.10  1.96  3.79  3.75  2.88
  0   60     1.69  2.52  3.25  3.85  3.55  3.21  3.21  3.74  3.13  3.00  2.21  1.66     2.92  1.96  3.55  3.39  2.78
  0   70     1.67  2.48  3.14  3.52  3.10  2.80  2.81  3.31  2.87  2.84  2.14  1.63     2.69  1.93  3.25  2.97  2.61
  0   80     1.63  2.41  2.99  3.14  2.61  2.36  2.37  2.82  2.55  2.62  2.02  1.57     2.42  1.87  2.91  2.52  2.40
  0   90     1.56  2.31  2.80  2.71  2.10  1.92  1.93  2.29  2.20  2.35  1.86  1.48     2.13  1.78  2.54  2.05  2.13
 15   10     1.48  2.24  3.13  4.37  4.73  4.42  4.35  4.70  3.43  2.79  1.86  1.37     3.24  1.70  4.07  4.49  2.69
 15   20     1.56  2.35  3.24  4.42  4.66  4.33  4.27  4.70  3.50  2.96  2.01  1.48     3.29  1.80  4.11  4.43  2.82
 15   30     1.62  2.43  3.30  4.40  4.51  4.16  4.11  4.59  3.51  3.05  2.12  1.56     3.28  1.87  4.07  4.29  2.89
 15   40     1.66  2.49  3.32  4.29  4.27  3.91  3.88  4.40  3.44  3.09  2.19  1.62     3.21  1.92  3.96  4.06  2.90
 15   50     1.67  2.51  3.30  4.10  3.96  3.60  3.58  4.12  3.31  3.05  2.20  1.64     3.09  1.94  3.79  3.77  2.85
 15   60     1.67  2.50  3.23  3.85  3.58  3.23  3.23  3.76  3.11  2.95  2.17  1.64     2.91  1.94  3.55  3.41  2.75
 15   70     1.65  2.46  3.12  3.53  3.13  2.83  2.84  3.33  2.85  2.79  2.10  1.60     2.69  1.90  3.26  3.00  2.58
 15   80     1.61  2.38  2.96  3.15  2.66  2.40  2.41  2.86  2.55  2.57  1.98  1.54     2.42  1.84  2.92  2.56  2.37
 15   90     1.54  2.28  2.77  2.75  2.17  1.98  1.98  2.36  2.20  2.30  1.82  1.45     2.13  1.76  2.56  2.11  2.10
 30   10     1.47  2.23  3.11  4.35  4.72  4.42  4.34  4.69  3.41  2.77  1.84  1.36     3.23  1.69  4.06  4.49  2.67
 30   20     1.54  2.32  3.20  4.39  4.67  4.33  4.27  4.68  3.47  2.90  1.97  1.45     3.27  1.77  4.09  4.43  2.78
 30   30     1.59  2.39  3.26  4.36  4.52  4.16  4.11  4.59  3.46  2.98  2.06  1.52     3.25  1.83  4.04  4.29  2.84
 30   40     1.62  2.43  3.27  4.25  4.29  3.93  3.89  4.41  3.40  3.00  2.11  1.56     3.18  1.87  3.94  4.08  2.83
 30   50     1.63  2.44  3.23  4.06  3.99  3.63  3.61  4.13  3.26  2.95  2.11  1.58     3.05  1.88  3.76  3.79  2.77
 30   60     1.62  2.42  3.15  3.82  3.64  3.29  3.27  3.81  3.05  2.84  2.07  1.56     2.88  1.87  3.54  3.46  2.65
 30   70     1.59  2.38  3.04  3.52  3.22  2.90  2.90  3.40  2.81  2.67  1.99  1.52     2.66  1.83  3.26  3.07  2.49
 30   80     1.55  2.30  2.89  3.17  2.79  2.51  2.51  2.97  2.51  2.45  1.86  1.46     2.41  1.77  2.95  2.66  2.27
 30   90     1.48  2.20  2.71  2.80  2.35  2.11  2.12  2.51  2.19  2.19  1.70  1.37     2.14  1.68  2.62  2.25  2.02
 45   10     1.46  2.20  3.08  4.32  4.71  4.42  4.34  4.67  3.38  2.73  1.80  1.34     3.21  1.67  4.04  4.48  2.64
 45   20     1.51  2.28  3.15  4.34  4.66  4.33  4.26  4.66  3.42  2.83  1.91  1.41     3.23  1.73  4.05  4.42  2.72
 45   30     1.54  2.32  3.18  4.30  4.51  4.17  4.11  4.56  3.40  2.88  1.97  1.46     3.20  1.77  4.00  4.28  2.75
 45   40     1.56  2.35  3.17  4.17  4.30  3.94  3.89  4.38  3.31  2.87  1.99  1.48     3.12  1.79  3.88  4.07  2.72
 45   50     1.55  2.34  3.13  4.00  4.02  3.66  3.63  4.14  3.17  2.80  1.98  1.48     2.99  1.79  3.72  3.81  2.65
 45   60     1.54  2.31  3.04  3.76  3.68  3.34  3.32  3.82  2.97  2.68  1.92  1.45     2.82  1.77  3.49  3.49  2.52
 45   70     1.50  2.26  2.93  3.48  3.32  2.99  2.97  3.46  2.73  2.51  1.83  1.40     2.62  1.72  3.24  3.14  2.36
 45   80     1.45  2.18  2.79  3.16  2.91  2.62  2.61  3.06  2.46  2.29  1.70  1.33     2.38  1.65  2.95  2.76  2.15
 45   90     1.39  2.08  2.63  2.83  2.50  2.25  2.25  2.64  2.15  2.05  1.54  1.24     2.13  1.57  2.65  2.38  1.91
 60   10     1.44  2.17  3.05  4.29  4.70  4.41  4.33  4.65  3.35  2.68  1.76  1.30     3.18  1.64  4.01  4.46  2.60
 60   20     1.46  2.22  3.08  4.28  4.63  4.32  4.25  4.62  3.36  2.73  1.82  1.35     3.18  1.68  4.00  4.39  2.64
 60   30     1.48  2.24  3.09  4.21  4.49  4.16  4.10  4.51  3.30  2.74  1.85  1.37     3.13  1.70  3.93  4.26  2.63
 60   40     1.48  2.24  3.06  4.08  4.29  3.94  3.89  4.34  3.21  2.70  1.85  1.37     3.04  1.70  3.81  4.06  2.59
 60   50     1.46  2.22  3.00  3.89  4.02  3.68  3.63  4.09  3.05  2.61  1.81  1.36     2.90  1.68  3.64  3.80  2.49
 60   60     1.43  2.18  2.91  3.68  3.72  3.38  3.34  3.80  2.86  2.48  1.74  1.32     2.74  1.64  3.44  3.51  2.36
 60   70     1.39  2.12  2.80  3.41  3.36  3.04  3.02  3.46  2.62  2.31  1.64  1.26     2.54  1.59  3.19  3.18  2.19
 60   80     1.34  2.04  2.67  3.13  3.00  2.70  2.67  3.10  2.37  2.11  1.52  1.19     2.32  1.52  2.93  2.82  2.00
 60   90     1.28  1.96  2.52  2.82  2.63  2.36  2.34  2.73  2.09  1.89  1.37  1.10     2.09  1.45  2.66  2.47  1.78
 75   10     1.41  2.14  3.01  4.24  4.68  4.41  4.32  4.62  3.30  2.62  1.71  1.27     3.15  1.61  3.98  4.45  2.54
 75   20     1.42  2.15  3.00  4.20  4.60  4.31  4.23  4.56  3.27  2.62  1.73  1.28     3.11  1.62  3.93  4.36  2.54
 75   30     1.41  2.14  2.98  4.09  4.45  4.15  4.07  4.43  3.19  2.59  1.72  1.28     3.04  1.61  3.84  4.21  2.50
 75   40     1.39  2.12  2.92  3.95  4.25  3.93  3.87  4.25  3.07  2.51  1.69  1.26     2.93  1.59  3.71  4.02  2.42
 75   50     1.36  2.08  2.85  3.77  3.99  3.67  3.62  4.01  2.91  2.40  1.63  1.22     2.79  1.55  3.54  3.77  2.32
 75   60     1.32  2.03  2.76  3.54  3.69  3.38  3.33  3.72  2.71  2.26  1.54  1.17     2.62  1.51  3.33  3.48  2.17
 75   70     1.28  1.97  2.65  3.30  3.37  3.07  3.03  3.42  2.50  2.10  1.45  1.12     2.44  1.46  3.11  3.17  2.01
 75   80     1.23  1.91  2.54  3.03  3.02  2.74  2.71  3.08  2.25  1.91  1.33  1.04     2.23  1.39  2.86  2.84  1.83
 75   90     1.18  1.83  2.41  2.76  2.67  2.41  2.38  2.73  2.00  1.71  1.19  0.97     2.02  1.33  2.62  2.50  1.63
 90   10     1.39  2.10  2.96  4.20  4.66  4.40  4.31  4.58  3.26  2.55  1.66  1.23     3.11  1.57  3.94  4.43  2.49
 90   20     1.36  2.07  2.92  4.11  4.56  4.29  4.20  4.49  3.19  2.50  1.63  1.21     3.04  1.55  3.86  4.33  2.44
 90   30     1.33  2.04  2.85  3.97  4.39  4.12  4.04  4.33  3.07  2.41  1.58  1.18     2.94  1.52  3.74  4.16  2.36
 90   40     1.30  1.99  2.78  3.79  4.17  3.90  3.82  4.12  2.92  2.31  1.52  1.14     2.81  1.47  3.58  3.95  2.25
 90   50     1.26  1.94  2.69  3.60  3.91  3.64  3.57  3.88  2.74  2.17  1.44  1.09     2.66  1.43  3.40  3.70  2.12
 90   60     1.22  1.88  2.59  3.38  3.62  3.35  3.29  3.61  2.55  2.03  1.35  1.03     2.49  1.38  3.20  3.41  1.98
 90   70     1.18  1.83  2.49  3.13  3.31  3.05  2.99  3.29  2.33  1.86  1.25  0.98     2.31  1.33  2.98  3.11  1.81
 90   80     1.13  1.77  2.39  2.90  2.99  2.73  2.69  2.99  2.11  1.70  1.14  0.91     2.12  1.27  2.76  2.80  1.65
 90   90     1.09  1.72  2.29  2.65  2.65  2.42  2.38  2.67  1.88  1.51  1.02  0.85     1.93  1.22  2.53  2.49  1.47
105   10     1.36  2.06  2.92  4.15  4.64  4.39  4.30  4.54  3.21  2.49  1.61  1.20     3.07  1.54  3.90  4.41  2.43
105   20     1.31  2.00  2.83  4.01  4.51  4.27  4.17  4.41  3.09  2.37  1.53  1.14     2.97  1.48  3.78  4.28  2.33
105   30     1.26  1.93  2.73  3.83  4.32  4.08  3.99  4.21  2.94  2.23  1.44  1.08     2.84  1.43  3.62  4.09  2.20
105   40     1.22  1.87  2.62  3.62  4.07  3.85  3.76  3.97  2.76  2.09  1.35  1.03     2.68  1.37  3.44  3.86  2.07
105   50     1.17  1.80  2.52  3.39  3.79  3.58  3.49  3.70  2.56  1.95  1.26  0.97     2.52  1.32  3.24  3.59  1.92
105   60     1.13  1.75  2.42  3.17  3.50  3.28  3.21  3.42  2.35  1.79  1.17  0.92     2.34  1.26  3.03  3.30  1.77
105   70     1.10  1.70  2.32  2.94  3.18  2.97  2.91  3.13  2.15  1.64  1.07  0.86     2.16  1.22  2.81  3.00  1.62
105   80     1.06  1.65  2.24  2.71  2.87  2.67  2.61  2.82  1.93  1.48  0.98  0.81     1.99  1.17  2.61  2.70  1.46
105   90     1.03  1.61  2.15  2.49  2.57  2.37  2.32  2.53  1.73  1.33  0.88  0.75     1.81  1.13  2.40  2.41  1.31
120   10     1.34  2.02  2.88  4.10  4.62  4.38  4.29  4.50  3.17  2.43  1.55  1.16     3.04  1.51  3.87  4.39  2.38
120   20     1.27  1.93  2.75  3.92  4.46  4.25  4.15  4.32  3.00  2.25  1.43  1.08     2.90  1.42  3.71  4.24  2.23
120   30     1.20  1.83  2.61  3.68  4.23  4.04  3.94  4.08  2.80  2.06  1.30  1.00     2.73  1.34  3.51  4.02  2.06
120   40     1.15  1.74  2.47  3.43  3.95  3.78  3.68  3.79  2.58  1.88  1.19  0.93     2.55  1.27  3.28  3.75  1.89
120   50     1.10  1.68  2.35  3.17  3.64  3.48  3.39  3.49  2.36  1.71  1.09  0.87     2.36  1.22  3.05  3.45  1.72
120   60     1.06  1.63  2.25  2.92  3.32  3.17  3.09  3.18  2.15  1.56  1.00  0.82     2.18  1.17  2.83  3.15  1.57
120   70     1.04  1.58  2.16  2.70  3.00  2.86  2.79  2.89  1.94  1.42  0.92  0.77     2.01  1.13  2.62  2.85  1.42
120   80     1.01  1.56  2.09  2.49  2.70  2.56  2.49  2.61  1.75  1.27  0.84  0.73     1.84  1.10  2.43  2.55  1.29
120   90     0.99  1.53  2.03  2.30  2.41  2.27  2.21  2.33  1.57  1.16  0.76  0.69     1.69  1.07  2.25  2.27  1.16
135   10     1.31  1.99  2.84  4.06  4.60  4.38  4.28  4.47  3.13  2.37  1.51  1.13     3.01  1.48  3.83  4.37  2.34
135   20     1.23  1.87  2.67  3.83  4.41  4.23  4.12  4.25  2.92  2.14  1.34  1.02     2.84  1.37  3.64  4.20  2.13
135   30     1.15  1.74  2.49  3.55  4.15  4.01  3.89  3.96  2.67  1.90  1.18  0.92     2.63  1.27  3.40  3.95  1.92
135   40     1.09  1.64  2.33  3.24  3.82  3.72  3.60  3.61  2.41  1.69  1.05  0.85     2.42  1.19  3.13  3.64  1.72
135   50     1.05  1.57  2.19  2.94  3.46  3.39  3.27  3.25  2.16  1.50  0.95  0.80     2.21  1.14  2.86  3.30  1.54
135   60     1.02  1.53  2.08  2.67  3.10  3.04  2.94  2.91  1.94  1.35  0.88  0.76     2.02  1.10  2.62  2.96  1.39
135   70     1.01  1.50  2.01  2.44  2.77  2.71  2.62  2.60  1.74  1.22  0.81  0.72     1.85  1.08  2.41  2.64  1.26
135   80     0.99  1.49  1.95  2.25  2.48  2.41  2.33  2.33  1.57  1.11  0.74  0.69     1.70  1.06  2.23  2.36  1.14
135   90     0.98  1.48  1.92  2.09  2.21  2.14  2.07  2.09  1.41  1.01  0.68  0.66     1.56  1.04  2.07  2.10  1.03
150   10     1.30  1.97  2.81  4.03  4.59  4.37  4.27  4.44  3.10  2.33  1.48  1.11     2.98  1.46  3.81  4.36  2.30
150   20     1.20  1.82  2.61  3.77  4.38  4.22  4.10  4.19  2.85  2.05  1.27  0.97     2.79  1.33  3.59  4.17  2.06
150   30     1.10  1.67  2.40  3.44  4.09  3.98  3.86  3.85  2.56  1.76  1.08  0.86     2.56  1.21  3.31  3.90  1.80
150   40     1.05  1.55  2.19  3.08  3.72  3.68  3.55  3.45  2.25  1.50  0.94  0.79     2.31  1.13  3.00  3.56  1.56
150   50     1.03  1.49  2.04  2.71  3.29  3.31  3.17  3.01  1.97  1.31  0.85  0.76     2.08  1.09  2.68  3.16  1.38
150   60     1.02  1.47  1.93  2.40  2.86  2.90  2.78  2.61  1.73  1.18  0.80  0.74     1.87  1.07  2.40  2.76  1.23
150   70     1.01  1.46  1.88  2.18  2.50  2.53  2.43  2.29  1.55  1.08  0.75  0.71     1.70  1.06  2.19  2.42  1.13
150   80     1.00  1.46  1.85  2.01  2.21  2.23  2.14  2.04  1.40  1.00  0.70  0.68     1.56  1.05  2.02  2.14  1.03
150   90     0.99  1.46  1.84  1.89  1.97  1.98  1.90  1.84  1.27  0.92  0.64  0.65     1.45  1.03  1.90  1.90  0.95
165   10     1.29  1.96  2.79  4.02  4.57  4.37  4.26  4.43  3.08  2.30  1.45  1.10     2.97  1.45  3.79  4.35  2.28
165   20     1.18  1.79  2.58  3.73  4.36  4.22  4.09  4.15  2.81  2.00  1.22  0.94     2.75  1.30  3.56  4.15  2.01
165   30     1.07  1.62  2.34  3.38  4.05  3.98  3.85  3.79  2.49  1.67  1.00  0.81     2.50  1.17  3.26  3.87  1.72
165   40     1.04  1.48  2.10  2.98  3.67  3.67  3.53  3.36  2.14  1.35  0.87  0.78     2.25  1.10  2.92  3.52  1.46
165   50     1.03  1.45  1.90  2.54  3.22  3.30  3.15  2.87  1.79  1.15  0.83  0.76     2.00  1.08  2.55  3.11  1.26
165   60     1.02  1.45  1.82  2.14  2.72  2.88  2.72  2.33  1.53  1.08  0.79  0.74     1.77  1.07  2.23  2.64  1.13
165   70     1.01  1.45  1.81  1.93  2.23  2.41  2.25  1.96  1.39  1.01  0.74  0.71     1.58  1.06  1.99  2.21  1.05
165   80     1.00  1.46  1.81  1.81  1.95  2.06  1.95  1.75  1.28  0.95  0.69  0.68     1.45  1.04  1.86  1.92  0.98
165   90     0.99  1.46  1.80  1.74  1.75  1.83  1.74  1.61  1.19  0.89  0.64  0.65     1.36  1.03  1.76  1.73  0.90
180   10     1.29  1.95  2.79  4.01  4.57  4.37  4.26  4.42  3.07  2.29  1.44  1.09     2.96  1.44  3.79  4.35  2.27
180   20     1.17  1.78  2.56  3.72  4.34  4.22  4.09  4.14  2.80  1.97  1.20  0.93     2.74  1.29  3.54  4.15  1.99
180   30     1.05  1.60  2.32  3.37  4.04  3.98  3.84  3.77  2.48  1.63  0.97  0.80     2.49  1.15  3.24  3.87  1.69
180   40     1.04  1.45  2.06  2.96  3.65  3.68  3.52  3.33  2.11  1.27  0.87  0.78     2.23  1.09  2.89  3.51  1.42
180   50     1.03  1.45  1.80  2.51  3.19  3.31  3.14  2.83  1.72  1.12  0.83  0.76     1.98  1.08  2.50  3.09  1.23
180   60     1.02  1.45  1.79  2.04  2.69  2.88  2.71  2.29  1.41  1.07  0.79  0.74     1.74  1.07  2.17  2.63  1.09
180   70     1.01  1.45  1.79  1.79  2.14  2.42  2.24  1.79  1.32  1.01  0.74  0.71     1.54  1.06  1.91  2.15  1.03
180   80     1.00  1.46  1.80  1.73  1.81  2.00  1.86  1.61  1.24  0.95  0.69  0.68     1.40  1.04  1.78  1.82  0.96
180   90     0.99  1.46  1.80  1.68  1.65  1.78  1.67  1.49  1.15  0.89  0.64  0.65     1.32  1.03  1.71  1.65  0.89
             54.8  52.7  40.4  21.8   8.0   2.8   5.2  14.7  26.1  40.9  49.8  54.4     23.9  53.9  20.0   7.9  37.5
             1.69  2.53  3.34  4.43  4.73  4.44  4.36  4.71  3.53  3.12  2.23  1.67     3.40  1.96  4.12  4.49  2.93
             1.59  2.40  3.28  4.43  4.61  4.27  4.22  4.67  3.53  3.02  2.07  1.53     3.30  1.84  4.11  4.38  2.87
             1.06  1.05  1.02  1.00  1.03  1.04  1.03  1.01  1.00  1.03  1.08  1.09     1.04  1.07  1.01  1.03  1.04
             1.14  1.13  1.10  1.04  0.98  0.96  0.97  1.01  1.07  1.17  1.24  1.21     1.09  1.16  1.04  0.98  1.16
temperature   0.1   0.3   2.8   9.1  15.9  20.4  24.1  25.5  21.0  14.5   8.1   2.7     12.0   1.0   9.3  23.3  14.5
diffusedrad  1.12  1.60  2.02  2.31  2.47  2.65  2.56  2.31  1.93  1.49  1.06  0.91     1.87  1.21  2.27  2.50  1.50
snow10cm     0.92  0.98  0.82  0.27  0.01  0.00  0.00  0.00  0.00  0.00  0.00  0.36     0.28  0.76  0.37  0.00  0.00
