2 54711   糸魚川          37  2.3  137 51.7   10
             1.52  2.34  3.17  4.47  4.92  4.60  4.57  4.79  3.42  2.77  1.81  1.38     3.31  1.75  4.18  4.65  2.67
             1.74  2.80  3.70  5.15  5.53  5.31  6.20  6.08  3.90  3.20  2.15  1.77     3.58  2.01  4.48  5.47  2.89
             1.27  1.76  2.67  3.71  4.15  3.98  3.27  3.55  2.70  2.34  1.19  1.08     3.04  1.39  3.83  3.88  2.12
  0   10     1.67  2.52  3.37  4.61  4.94  4.57  4.56  4.88  3.57  3.03  2.03  1.54     3.44  1.91  4.31  4.67  2.87
  0   20     1.80  2.68  3.51  4.67  4.87  4.46  4.47  4.88  3.66  3.23  2.22  1.70     3.51  2.06  4.35  4.60  3.04
  0   30     1.89  2.81  3.59  4.63  4.70  4.28  4.30  4.78  3.67  3.36  2.36  1.82     3.52  2.17  4.31  4.45  3.13
  0   40     1.96  2.89  3.60  4.49  4.45  4.01  4.04  4.57  3.61  3.42  2.45  1.90     3.45  2.25  4.18  4.21  3.16
  0   50     1.99  2.92  3.54  4.26  4.10  3.68  3.71  4.26  3.47  3.39  2.49  1.94     3.31  2.28  3.97  3.89  3.12
  0   60     1.99  2.91  3.42  3.94  3.68  3.29  3.33  3.87  3.26  3.30  2.47  1.94     3.12  2.28  3.68  3.50  3.01
  0   70     1.96  2.86  3.23  3.55  3.20  2.85  2.90  3.42  2.99  3.13  2.40  1.90     2.86  2.24  3.33  3.06  2.84
  0   80     1.89  2.75  2.99  3.09  2.67  2.39  2.43  2.91  2.66  2.89  2.27  1.82     2.56  2.15  2.92  2.57  2.61
  0   90     1.79  2.61  2.70  2.58  2.13  1.92  1.96  2.35  2.29  2.59  2.09  1.70     2.23  2.04  2.47  2.08  2.32
 15   10     1.67  2.51  3.37  4.60  4.94  4.57  4.55  4.88  3.56  3.02  2.02  1.54     3.44  1.91  4.30  4.67  2.87
 15   20     1.78  2.67  3.50  4.66  4.87  4.46  4.47  4.88  3.65  3.21  2.21  1.68     3.50  2.04  4.34  4.61  3.02
 15   30     1.88  2.79  3.57  4.62  4.71  4.28  4.30  4.78  3.66  3.33  2.35  1.80     3.50  2.15  4.30  4.45  3.11
 15   40     1.94  2.86  3.57  4.48  4.45  4.02  4.04  4.57  3.59  3.38  2.43  1.87     3.43  2.22  4.17  4.21  3.13
 15   50     1.97  2.89  3.51  4.25  4.12  3.69  3.73  4.28  3.45  3.35  2.47  1.91     3.30  2.25  3.96  3.90  3.09
 15   60     1.96  2.88  3.38  3.95  3.71  3.31  3.35  3.90  3.25  3.24  2.44  1.90     3.11  2.25  3.68  3.52  2.98
 15   70     1.93  2.82  3.20  3.56  3.24  2.89  2.93  3.45  2.98  3.07  2.37  1.86     2.86  2.20  3.33  3.09  2.80
 15   80     1.86  2.71  2.96  3.12  2.73  2.43  2.48  2.96  2.65  2.83  2.24  1.78     2.56  2.12  2.94  2.62  2.57
 15   90     1.76  2.57  2.67  2.63  2.22  1.99  2.02  2.42  2.29  2.53  2.06  1.66     2.23  2.00  2.51  2.14  2.29
 30   10     1.65  2.49  3.34  4.58  4.93  4.57  4.55  4.88  3.55  2.99  2.00  1.52     3.42  1.89  4.29  4.66  2.84
 30   20     1.75  2.62  3.46  4.62  4.87  4.47  4.47  4.87  3.62  3.15  2.16  1.64     3.48  2.01  4.32  4.60  2.98
 30   30     1.83  2.72  3.51  4.58  4.71  4.29  4.30  4.77  3.61  3.25  2.28  1.74     3.47  2.10  4.27  4.45  3.05
 30   40     1.88  2.78  3.50  4.44  4.48  4.04  4.07  4.58  3.54  3.27  2.35  1.80     3.40  2.15  4.14  4.23  3.06
 30   50     1.90  2.80  3.43  4.21  4.15  3.73  3.76  4.29  3.40  3.23  2.37  1.82     3.26  2.17  3.93  3.93  3.00
 30   60     1.89  2.77  3.30  3.92  3.78  3.37  3.41  3.95  3.19  3.12  2.33  1.80     3.07  2.15  3.67  3.58  2.88
 30   70     1.84  2.70  3.12  3.56  3.34  2.97  3.01  3.53  2.93  2.93  2.24  1.75     2.83  2.10  3.34  3.17  2.70
 30   80     1.77  2.60  2.88  3.14  2.88  2.55  2.59  3.08  2.62  2.69  2.11  1.67     2.55  2.01  2.97  2.74  2.47
 30   90     1.67  2.45  2.61  2.70  2.41  2.14  2.18  2.59  2.28  2.40  1.93  1.54     2.24  1.89  2.57  2.31  2.20
 45   10     1.63  2.45  3.31  4.55  4.92  4.56  4.55  4.86  3.52  2.94  1.96  1.49     3.39  1.86  4.26  4.66  2.81
 45   20     1.71  2.56  3.39  4.56  4.86  4.47  4.46  4.84  3.56  3.06  2.09  1.58     3.43  1.95  4.27  4.59  2.90
 45   30     1.76  2.63  3.42  4.51  4.71  4.30  4.30  4.74  3.54  3.13  2.17  1.65     3.40  2.01  4.21  4.45  2.95
 45   40     1.79  2.66  3.39  4.36  4.48  4.06  4.08  4.55  3.45  3.12  2.21  1.69     3.32  2.05  4.08  4.23  2.93
 45   50     1.79  2.66  3.31  4.15  4.20  3.77  3.80  4.30  3.31  3.06  2.21  1.69     3.19  2.04  3.88  3.96  2.86
 45   60     1.76  2.62  3.17  3.86  3.84  3.43  3.46  3.97  3.10  2.93  2.15  1.66     3.00  2.01  3.62  3.62  2.73
 45   70     1.71  2.54  2.99  3.53  3.45  3.06  3.09  3.59  2.85  2.75  2.06  1.59     2.77  1.95  3.32  3.25  2.55
 45   80     1.64  2.44  2.77  3.14  3.02  2.69  2.71  3.17  2.56  2.52  1.92  1.50     2.51  1.86  2.98  2.86  2.33
 45   90     1.54  2.30  2.52  2.75  2.59  2.30  2.33  2.73  2.25  2.24  1.74  1.38     2.22  1.74  2.62  2.46  2.08
 60   10     1.59  2.41  3.26  4.51  4.91  4.56  4.54  4.83  3.48  2.88  1.91  1.45     3.36  1.82  4.23  4.64  2.76
 60   20     1.64  2.47  3.31  4.49  4.84  4.46  4.45  4.80  3.49  2.95  1.99  1.51     3.37  1.88  4.21  4.57  2.81
 60   30     1.67  2.51  3.30  4.40  4.69  4.29  4.29  4.68  3.44  2.96  2.04  1.54     3.32  1.91  4.13  4.42  2.81
 60   40     1.67  2.51  3.25  4.26  4.48  4.07  4.08  4.51  3.34  2.93  2.04  1.54     3.22  1.91  3.99  4.22  2.77
 60   50     1.66  2.49  3.15  4.03  4.19  3.79  3.80  4.25  3.18  2.84  2.01  1.52     3.08  1.89  3.79  3.95  2.67
 60   60     1.62  2.44  3.01  3.77  3.87  3.48  3.50  3.95  2.98  2.71  1.94  1.48     2.90  1.84  3.55  3.64  2.54
 60   70     1.55  2.35  2.84  3.45  3.50  3.14  3.16  3.60  2.73  2.53  1.84  1.41     2.67  1.77  3.26  3.30  2.37
 60   80     1.48  2.26  2.63  3.11  3.12  2.77  2.79  3.22  2.47  2.30  1.70  1.31     2.43  1.68  2.95  2.93  2.16
 60   90     1.39  2.13  2.41  2.75  2.73  2.42  2.44  2.83  2.18  2.06  1.54  1.20     2.17  1.57  2.63  2.56  1.93
 75   10     1.56  2.36  3.21  4.46  4.89  4.55  4.53  4.80  3.43  2.81  1.85  1.40     3.32  1.77  4.19  4.63  2.70
 75   20     1.57  2.38  3.20  4.40  4.80  4.45  4.43  4.74  3.40  2.82  1.88  1.42     3.29  1.79  4.14  4.54  2.70
 75   30     1.56  2.37  3.16  4.28  4.65  4.28  4.27  4.60  3.32  2.79  1.88  1.41     3.21  1.78  4.03  4.38  2.66
 75   40     1.54  2.35  3.08  4.11  4.43  4.06  4.05  4.41  3.19  2.71  1.85  1.39     3.10  1.76  3.87  4.17  2.58
 75   50     1.51  2.30  2.96  3.89  4.16  3.79  3.79  4.17  3.03  2.60  1.79  1.35     2.95  1.72  3.67  3.92  2.48
 75   60     1.46  2.24  2.82  3.62  3.85  3.49  3.49  3.87  2.82  2.45  1.71  1.29     2.76  1.66  3.43  3.62  2.33
 75   70     1.40  2.15  2.65  3.33  3.52  3.17  3.17  3.55  2.60  2.28  1.60  1.22     2.55  1.59  3.17  3.30  2.16
 75   80     1.32  2.07  2.47  3.01  3.15  2.83  2.84  3.20  2.34  2.07  1.47  1.12     2.33  1.50  2.88  2.96  1.96
 75   90     1.25  1.96  2.27  2.68  2.78  2.48  2.49  2.83  2.09  1.86  1.33  1.02     2.09  1.41  2.58  2.60  1.76
 90   10     1.52  2.30  3.15  4.41  4.87  4.54  4.51  4.76  3.38  2.74  1.79  1.35     3.28  1.72  4.14  4.61  2.63
 90   20     1.49  2.27  3.10  4.30  4.76  4.43  4.40  4.66  3.30  2.68  1.76  1.32     3.21  1.70  4.05  4.50  2.58
 90   30     1.46  2.23  3.00  4.14  4.58  4.25  4.23  4.50  3.19  2.59  1.71  1.29     3.10  1.66  3.91  4.33  2.50
 90   40     1.41  2.17  2.90  3.93  4.36  4.03  4.00  4.28  3.03  2.48  1.65  1.24     2.96  1.61  3.73  4.10  2.38
 90   50     1.36  2.11  2.76  3.70  4.09  3.76  3.74  4.03  2.85  2.33  1.57  1.18     2.79  1.55  3.51  3.84  2.25
 90   60     1.31  2.03  2.61  3.44  3.78  3.46  3.45  3.75  2.65  2.19  1.47  1.11     2.60  1.48  3.27  3.55  2.10
 90   70     1.25  1.96  2.45  3.14  3.44  3.14  3.13  3.43  2.42  2.01  1.37  1.03     2.40  1.41  3.01  3.23  1.93
 90   80     1.18  1.88  2.28  2.85  3.11  2.82  2.81  3.10  2.19  1.83  1.25  0.95     2.19  1.34  2.75  2.91  1.76
 90   90     1.12  1.80  2.11  2.56  2.76  2.50  2.49  2.77  1.95  1.63  1.13  0.87     1.97  1.26  2.48  2.59  1.57
105   10     1.48  2.25  3.10  4.35  4.84  4.53  4.50  4.72  3.33  2.66  1.72  1.30     3.23  1.68  4.10  4.58  2.57
105   20     1.42  2.17  2.98  4.19  4.71  4.41  4.37  4.58  3.20  2.53  1.63  1.23     3.12  1.60  3.96  4.45  2.46
105   30     1.35  2.08  2.84  3.98  4.50  4.21  4.18  4.37  3.04  2.38  1.54  1.16     2.97  1.53  3.77  4.25  2.32
105   40     1.29  1.99  2.69  3.73  4.25  3.97  3.93  4.12  2.85  2.23  1.45  1.09     2.80  1.46  3.56  4.01  2.17
105   50     1.23  1.91  2.54  3.46  3.96  3.69  3.66  3.84  2.65  2.07  1.34  1.02     2.61  1.39  3.32  3.73  2.02
105   60     1.17  1.84  2.39  3.19  3.64  3.39  3.36  3.55  2.43  1.90  1.25  0.94     2.42  1.32  3.08  3.43  1.86
105   70     1.12  1.77  2.23  2.92  3.31  3.07  3.04  3.24  2.22  1.74  1.15  0.88     2.23  1.26  2.82  3.12  1.70
105   80     1.06  1.70  2.08  2.64  2.99  2.76  2.73  2.92  2.00  1.58  1.05  0.81     2.03  1.19  2.57  2.80  1.54
105   90     1.01  1.65  1.93  2.37  2.67  2.45  2.43  2.62  1.79  1.42  0.94  0.74     1.84  1.13  2.32  2.50  1.38
120   10     1.44  2.20  3.04  4.30  4.82  4.53  4.49  4.68  3.28  2.59  1.66  1.26     3.19  1.63  4.05  4.56  2.51
120   20     1.34  2.06  2.87  4.08  4.66  4.38  4.34  4.48  3.10  2.39  1.51  1.15     3.03  1.52  3.87  4.40  2.34
120   30     1.25  1.94  2.68  3.81  4.41  4.17  4.12  4.23  2.89  2.18  1.38  1.04     2.84  1.41  3.63  4.17  2.15
120   40     1.18  1.82  2.49  3.51  4.11  3.90  3.85  3.93  2.66  1.98  1.25  0.95     2.64  1.32  3.37  3.89  1.97
120   50     1.11  1.73  2.31  3.21  3.79  3.59  3.54  3.61  2.44  1.80  1.15  0.88     2.43  1.24  3.10  3.58  1.79
120   60     1.06  1.66  2.15  2.91  3.45  3.27  3.22  3.29  2.21  1.63  1.05  0.81     2.23  1.18  2.84  3.26  1.63
120   70     1.01  1.60  2.01  2.64  3.12  2.95  2.91  2.98  2.00  1.49  0.96  0.76     2.04  1.13  2.59  2.95  1.48
120   80     0.97  1.56  1.88  2.39  2.80  2.63  2.60  2.69  1.80  1.34  0.88  0.70     1.85  1.08  2.36  2.64  1.34
120   90     0.94  1.52  1.76  2.15  2.49  2.34  2.30  2.41  1.62  1.21  0.80  0.64     1.68  1.03  2.13  2.35  1.21
135   10     1.41  2.15  2.99  4.25  4.80  4.52  4.48  4.64  3.24  2.53  1.60  1.22     3.15  1.59  4.02  4.55  2.46
135   20     1.28  1.98  2.77  3.98  4.60  4.37  4.31  4.41  3.01  2.26  1.41  1.07     2.95  1.44  3.78  4.36  2.23
135   30     1.16  1.81  2.53  3.65  4.32  4.13  4.07  4.09  2.75  2.00  1.23  0.94     2.72  1.30  3.50  4.10  1.99
135   40     1.08  1.67  2.30  3.29  3.97  3.83  3.76  3.73  2.48  1.75  1.08  0.84     2.48  1.20  3.19  3.77  1.77
135   50     1.02  1.58  2.10  2.94  3.59  3.48  3.41  3.35  2.21  1.55  0.97  0.78     2.25  1.13  2.87  3.42  1.58
135   60     0.98  1.51  1.93  2.62  3.21  3.12  3.06  2.99  1.98  1.39  0.89  0.72     2.03  1.07  2.59  3.06  1.42
135   70     0.95  1.47  1.80  2.34  2.87  2.78  2.72  2.67  1.78  1.26  0.82  0.68     1.85  1.04  2.34  2.73  1.28
135   80     0.92  1.45  1.69  2.10  2.56  2.47  2.42  2.39  1.60  1.14  0.76  0.64     1.68  1.00  2.12  2.43  1.17
135   90     0.90  1.43  1.60  1.90  2.28  2.19  2.15  2.15  1.44  1.04  0.69  0.60     1.53  0.98  1.93  2.16  1.06
150   10     1.38  2.12  2.95  4.22  4.79  4.51  4.47  4.61  3.20  2.48  1.56  1.19     3.12  1.56  3.99  4.53  2.41
150   20     1.23  1.91  2.69  3.91  4.57  4.35  4.30  4.34  2.94  2.16  1.32  1.01     2.89  1.38  3.72  4.33  2.14
150   30     1.09  1.70  2.40  3.53  4.25  4.11  4.04  3.98  2.63  1.83  1.10  0.85     2.63  1.22  3.40  4.04  1.86
150   40     1.01  1.54  2.12  3.10  3.86  3.79  3.70  3.56  2.31  1.54  0.94  0.76     2.35  1.10  3.03  3.68  1.59
150   50     0.97  1.45  1.89  2.67  3.41  3.40  3.30  3.10  2.00  1.32  0.85  0.73     2.09  1.05  2.65  3.27  1.39
150   60     0.95  1.41  1.72  2.30  2.95  2.97  2.88  2.67  1.75  1.18  0.79  0.69     1.86  1.02  2.33  2.84  1.24
150   70     0.94  1.40  1.62  2.02  2.57  2.58  2.50  2.34  1.56  1.08  0.74  0.66     1.67  1.00  2.07  2.47  1.13
150   80     0.91  1.39  1.54  1.82  2.26  2.27  2.20  2.08  1.42  1.00  0.69  0.63     1.52  0.98  1.87  2.18  1.04
150   90     0.89  1.39  1.48  1.66  2.02  2.01  1.95  1.87  1.29  0.93  0.65  0.59     1.39  0.96  1.72  1.95  0.95
165   10     1.36  2.10  2.93  4.20  4.78  4.51  4.47  4.60  3.18  2.44  1.53  1.17     3.11  1.54  3.97  4.52  2.39
165   20     1.19  1.86  2.64  3.87  4.55  4.34  4.29  4.31  2.90  2.09  1.26  0.96     2.86  1.34  3.68  4.31  2.08
165   30     1.04  1.62  2.31  3.46  4.22  4.10  4.02  3.92  2.56  1.72  1.00  0.79     2.56  1.15  3.33  4.01  1.76
165   40     0.99  1.43  1.98  2.98  3.81  3.77  3.68  3.47  2.19  1.36  0.85  0.75     2.27  1.06  2.92  3.64  1.47
165   50     0.97  1.38  1.70  2.46  3.33  3.38  3.27  2.94  1.81  1.14  0.82  0.73     1.99  1.03  2.50  3.20  1.25
165   60     0.95  1.38  1.56  2.00  2.79  2.93  2.81  2.37  1.54  1.06  0.78  0.69     1.74  1.01  2.12  2.71  1.13
165   70     0.93  1.38  1.50  1.73  2.26  2.44  2.31  1.98  1.39  1.00  0.73  0.66     1.53  0.99  1.83  2.24  1.04
165   80     0.91  1.38  1.45  1.58  1.97  2.06  1.99  1.77  1.28  0.94  0.69  0.63     1.39  0.97  1.67  1.94  0.97
165   90     0.89  1.39  1.41  1.47  1.77  1.83  1.77  1.62  1.19  0.89  0.64  0.59     1.29  0.95  1.55  1.74  0.91
180   10     1.36  2.09  2.92  4.20  4.77  4.51  4.46  4.59  3.17  2.44  1.52  1.16     3.10  1.54  3.96  4.52  2.38
180   20     1.18  1.84  2.62  3.86  4.53  4.34  4.28  4.29  2.88  2.06  1.24  0.95     2.84  1.32  3.67  4.30  2.06
180   30     1.02  1.59  2.28  3.45  4.20  4.09  4.01  3.90  2.53  1.67  0.96  0.78     2.54  1.13  3.31  4.00  1.72
180   40     0.99  1.38  1.92  2.97  3.79  3.76  3.67  3.44  2.15  1.26  0.85  0.75     2.25  1.04  2.89  3.62  1.42
180   50     0.97  1.38  1.55  2.45  3.30  3.37  3.26  2.91  1.73  1.10  0.82  0.73     1.96  1.03  2.43  3.18  1.22
180   60     0.95  1.38  1.50  1.89  2.76  2.92  2.80  2.34  1.39  1.05  0.78  0.69     1.71  1.01  2.05  2.68  1.08
180   70     0.93  1.38  1.47  1.58  2.18  2.42  2.30  1.80  1.31  1.00  0.73  0.66     1.48  0.99  1.74  2.17  1.01
180   80     0.91  1.38  1.44  1.48  1.83  1.98  1.89  1.62  1.23  0.94  0.69  0.63     1.34  0.97  1.58  1.83  0.95
180   90     0.89  1.39  1.40  1.41  1.66  1.75  1.69  1.50  1.15  0.89  0.64  0.59     1.25  0.95  1.49  1.65  0.89
             54.9  52.7  36.3  20.8   7.9   3.2   5.0  14.7  26.8  42.3  51.5  55.1     25.5  54.1  19.9   7.7  39.1
             1.99  2.93  3.60  4.67  4.94  4.59  4.57  4.89  3.68  3.42  2.49  1.94     3.64  2.29  4.35  4.67  3.16
             1.85  2.75  3.56  4.66  4.79  4.37  4.38  4.84  3.68  3.31  2.30  1.77     3.52  2.12  4.34  4.53  3.10
             1.08  1.07  1.01  1.00  1.03  1.05  1.04  1.01  1.00  1.03  1.08  1.10     1.04  1.08  1.01  1.03  1.04
             1.21  1.18  1.12  1.04  0.97  0.95  0.96  1.01  1.08  1.19  1.27  1.28     1.11  1.22  1.05  0.97  1.18
temperature   3.5   3.6   6.4  11.9  16.5  20.5  24.6  26.6  22.6  17.0  11.5   6.6     14.3   4.6  11.6  23.9  17.0
diffusedrad  1.11  1.59  1.90  2.19  2.45  2.63  2.55  2.29  1.94  1.49  1.08  0.91     1.85  1.20  2.18  2.49  1.51
snow10cm     0.60  0.79  0.35  0.06  0.00  0.00  0.00  0.00  0.00  0.00  0.00  0.14     0.16  0.51  0.14  0.00  0.00
