2 55056   魚津            36 49.3  137 25.7   48
             1.53  2.38  3.22  4.36  4.80  4.47  4.31  4.82  3.49  2.86  1.84  1.34     3.28  1.75  4.13  4.53  2.73
             1.75  2.70  3.74  5.02  5.56  5.26  5.75  5.96  3.87  3.24  2.20  1.68     3.55  1.96  4.46  5.44  2.99
             1.35  2.05  2.59  3.64  4.17  3.85  3.11  3.60  2.80  2.36  1.21  1.03     3.02  1.61  3.68  3.73  2.24
  0   10     1.68  2.56  3.43  4.49  4.82  4.44  4.30  4.91  3.64  3.13  2.07  1.51     3.42  1.92  4.25  4.55  2.95
  0   20     1.80  2.74  3.58  4.54  4.75  4.34  4.21  4.91  3.73  3.35  2.27  1.65     3.49  2.06  4.29  4.49  3.12
  0   30     1.90  2.87  3.65  4.50  4.59  4.16  4.06  4.80  3.75  3.49  2.42  1.75     3.49  2.17  4.25  4.34  3.22
  0   40     1.96  2.95  3.65  4.36  4.34  3.91  3.82  4.59  3.68  3.55  2.51  1.82     3.43  2.24  4.11  4.11  3.25
  0   50     1.99  2.97  3.57  4.12  4.00  3.58  3.52  4.28  3.54  3.53  2.55  1.86     3.29  2.27  3.90  3.79  3.21
  0   60     1.98  2.95  3.42  3.80  3.59  3.21  3.16  3.88  3.33  3.43  2.53  1.85     3.10  2.26  3.61  3.42  3.10
  0   70     1.94  2.87  3.21  3.41  3.13  2.79  2.76  3.42  3.05  3.26  2.45  1.81     2.84  2.21  3.25  2.99  2.92
  0   80     1.87  2.74  2.94  2.95  2.62  2.34  2.33  2.91  2.71  3.01  2.32  1.73     2.54  2.12  2.84  2.53  2.68
  0   90     1.77  2.57  2.61  2.46  2.10  1.90  1.90  2.35  2.33  2.69  2.14  1.62     2.20  1.98  2.39  2.05  2.39
 15   10     1.67  2.56  3.43  4.48  4.82  4.44  4.30  4.91  3.63  3.12  2.06  1.50     3.41  1.91  4.24  4.55  2.94
 15   20     1.79  2.72  3.56  4.53  4.75  4.34  4.22  4.91  3.72  3.33  2.25  1.64     3.48  2.05  4.28  4.49  3.10
 15   30     1.88  2.84  3.63  4.49  4.59  4.16  4.06  4.80  3.73  3.46  2.40  1.74     3.48  2.15  4.23  4.34  3.20
 15   40     1.94  2.92  3.62  4.34  4.34  3.91  3.83  4.59  3.67  3.51  2.49  1.80     3.41  2.22  4.10  4.11  3.22
 15   50     1.97  2.94  3.54  4.12  4.01  3.60  3.53  4.30  3.52  3.48  2.52  1.83     3.28  2.25  3.89  3.81  3.18
 15   60     1.96  2.91  3.39  3.81  3.62  3.23  3.18  3.91  3.31  3.38  2.50  1.83     3.08  2.23  3.61  3.44  3.06
 15   70     1.91  2.83  3.18  3.42  3.16  2.82  2.79  3.46  3.04  3.19  2.42  1.78     2.83  2.17  3.25  3.02  2.88
 15   80     1.84  2.70  2.90  2.98  2.67  2.39  2.37  2.96  2.70  2.94  2.29  1.70     2.54  2.08  2.85  2.57  2.64
 15   90     1.74  2.52  2.58  2.50  2.17  1.95  1.95  2.42  2.33  2.63  2.10  1.59     2.21  1.95  2.42  2.11  2.35
 30   10     1.66  2.53  3.40  4.46  4.81  4.44  4.29  4.90  3.62  3.09  2.04  1.48     3.39  1.89  4.23  4.54  2.92
 30   20     1.76  2.68  3.52  4.50  4.75  4.34  4.22  4.90  3.69  3.26  2.21  1.60     3.45  2.01  4.26  4.49  3.05
 30   30     1.84  2.78  3.57  4.45  4.59  4.17  4.06  4.79  3.69  3.37  2.33  1.69     3.44  2.10  4.20  4.34  3.13
 30   40     1.88  2.83  3.55  4.30  4.37  3.93  3.84  4.60  3.61  3.40  2.40  1.74     3.37  2.15  4.07  4.13  3.14
 30   50     1.90  2.83  3.45  4.07  4.05  3.63  3.56  4.31  3.47  3.36  2.42  1.76     3.23  2.16  3.86  3.83  3.08
 30   60     1.88  2.79  3.30  3.78  3.69  3.28  3.23  3.96  3.25  3.24  2.38  1.74     3.04  2.14  3.59  3.49  2.96
 30   70     1.83  2.70  3.09  3.42  3.26  2.90  2.86  3.54  2.99  3.05  2.29  1.69     2.80  2.07  3.25  3.10  2.78
 30   80     1.75  2.57  2.82  3.01  2.81  2.49  2.47  3.08  2.67  2.80  2.15  1.60     2.52  1.97  2.88  2.68  2.54
 30   90     1.64  2.40  2.52  2.56  2.36  2.10  2.08  2.60  2.32  2.50  1.97  1.49     2.21  1.84  2.48  2.26  2.26
 45   10     1.63  2.50  3.37  4.43  4.80  4.43  4.29  4.89  3.59  3.04  2.00  1.46     3.37  1.86  4.20  4.54  2.88
 45   20     1.71  2.60  3.45  4.44  4.74  4.34  4.21  4.87  3.63  3.17  2.13  1.55     3.40  1.95  4.21  4.47  2.98
 45   30     1.76  2.67  3.47  4.38  4.60  4.18  4.06  4.77  3.61  3.24  2.22  1.61     3.38  2.02  4.15  4.34  3.02
 45   40     1.79  2.70  3.43  4.23  4.37  3.94  3.85  4.58  3.52  3.23  2.26  1.64     3.29  2.04  4.01  4.12  3.00
 45   50     1.78  2.69  3.33  4.01  4.09  3.67  3.58  4.32  3.38  3.17  2.25  1.64     3.16  2.04  3.81  3.86  2.94
 45   60     1.75  2.63  3.17  3.72  3.74  3.34  3.27  3.98  3.16  3.05  2.20  1.61     2.97  2.00  3.54  3.53  2.80
 45   70     1.69  2.53  2.96  3.39  3.36  2.98  2.92  3.60  2.91  2.85  2.10  1.54     2.74  1.92  3.24  3.17  2.62
 45   80     1.61  2.40  2.71  3.00  2.95  2.62  2.57  3.19  2.61  2.61  1.96  1.45     2.47  1.82  2.89  2.79  2.39
 45   90     1.51  2.23  2.43  2.61  2.52  2.25  2.21  2.74  2.29  2.33  1.78  1.34     2.19  1.69  2.52  2.40  2.13
 60   10     1.60  2.45  3.32  4.39  4.79  4.43  4.28  4.86  3.54  2.98  1.95  1.42     3.33  1.82  4.17  4.52  2.82
 60   20     1.65  2.51  3.36  4.38  4.72  4.33  4.19  4.82  3.56  3.05  2.03  1.48     3.34  1.88  4.15  4.45  2.88
 60   30     1.67  2.54  3.35  4.28  4.58  4.17  4.05  4.71  3.50  3.07  2.08  1.51     3.29  1.91  4.07  4.31  2.88
 60   40     1.67  2.54  3.28  4.13  4.36  3.96  3.84  4.53  3.41  3.04  2.09  1.51     3.20  1.91  3.92  4.11  2.84
 60   50     1.65  2.50  3.17  3.90  4.08  3.68  3.58  4.27  3.24  2.94  2.05  1.49     3.05  1.88  3.72  3.85  2.75
 60   60     1.61  2.43  3.00  3.63  3.77  3.38  3.29  3.97  3.04  2.81  1.98  1.45     2.86  1.83  3.47  3.55  2.61
 60   70     1.54  2.33  2.80  3.31  3.41  3.05  2.98  3.62  2.79  2.62  1.88  1.38     2.64  1.75  3.18  3.21  2.43
 60   80     1.46  2.21  2.57  2.97  3.03  2.69  2.63  3.23  2.52  2.39  1.73  1.28     2.39  1.65  2.86  2.85  2.22
 60   90     1.36  2.06  2.31  2.61  2.65  2.35  2.30  2.84  2.22  2.14  1.57  1.17     2.13  1.53  2.52  2.50  1.98
 75   10     1.56  2.39  3.26  4.35  4.78  4.42  4.27  4.83  3.50  2.90  1.89  1.38     3.29  1.78  4.13  4.51  2.76
 75   20     1.57  2.41  3.25  4.29  4.68  4.32  4.18  4.76  3.47  2.91  1.92  1.40     3.26  1.79  4.08  4.42  2.77
 75   30     1.57  2.39  3.20  4.17  4.53  4.16  4.02  4.63  3.39  2.88  1.92  1.39     3.19  1.78  3.97  4.27  2.73
 75   40     1.54  2.36  3.11  3.99  4.32  3.94  3.82  4.43  3.25  2.80  1.89  1.37     3.07  1.76  3.81  4.07  2.65
 75   50     1.50  2.30  2.97  3.77  4.06  3.68  3.57  4.19  3.09  2.69  1.83  1.33     2.92  1.71  3.60  3.81  2.54
 75   60     1.45  2.22  2.81  3.49  3.75  3.38  3.29  3.89  2.88  2.53  1.74  1.27     2.73  1.65  3.35  3.52  2.38
 75   70     1.38  2.11  2.61  3.20  3.42  3.07  2.98  3.57  2.65  2.36  1.64  1.20     2.52  1.56  3.08  3.21  2.22
 75   80     1.30  2.00  2.40  2.88  3.06  2.75  2.67  3.22  2.39  2.14  1.50  1.11     2.29  1.47  2.78  2.88  2.01
 75   90     1.21  1.88  2.17  2.54  2.70  2.41  2.35  2.84  2.13  1.93  1.36  1.01     2.04  1.37  2.47  2.53  1.80
 90   10     1.52  2.33  3.20  4.30  4.75  4.42  4.26  4.79  3.44  2.82  1.82  1.33     3.25  1.73  4.08  4.49  2.70
 90   20     1.49  2.29  3.13  4.19  4.64  4.30  4.15  4.69  3.37  2.76  1.79  1.31     3.18  1.70  3.99  4.38  2.64
 90   30     1.46  2.24  3.03  4.03  4.47  4.13  3.99  4.52  3.25  2.67  1.74  1.27     3.07  1.66  3.84  4.21  2.55
 90   40     1.41  2.17  2.91  3.82  4.25  3.91  3.77  4.30  3.09  2.56  1.68  1.23     2.92  1.60  3.66  4.00  2.44
 90   50     1.35  2.09  2.76  3.58  3.98  3.65  3.53  4.05  2.90  2.41  1.60  1.17     2.76  1.54  3.44  3.74  2.30
 90   60     1.29  2.00  2.58  3.32  3.68  3.36  3.25  3.77  2.70  2.26  1.50  1.10     2.57  1.46  3.19  3.46  2.15
 90   70     1.23  1.91  2.40  3.02  3.35  3.05  2.94  3.44  2.46  2.07  1.40  1.03     2.36  1.39  2.92  3.15  1.98
 90   80     1.15  1.80  2.19  2.73  3.03  2.74  2.65  3.12  2.23  1.89  1.28  0.95     2.15  1.30  2.65  2.83  1.80
 90   90     1.08  1.70  2.00  2.43  2.69  2.42  2.35  2.78  1.99  1.69  1.15  0.86     1.93  1.22  2.37  2.52  1.61
105   10     1.48  2.27  3.14  4.25  4.73  4.41  4.25  4.75  3.39  2.74  1.75  1.29     3.20  1.68  4.04  4.47  2.63
105   20     1.42  2.18  3.01  4.09  4.59  4.29  4.13  4.60  3.26  2.61  1.66  1.22     3.09  1.61  3.90  4.34  2.51
105   30     1.35  2.08  2.86  3.88  4.39  4.10  3.94  4.39  3.10  2.45  1.57  1.15     2.94  1.53  3.71  4.14  2.37
105   40     1.28  1.98  2.69  3.63  4.14  3.86  3.71  4.14  2.90  2.29  1.47  1.09     2.77  1.45  3.49  3.90  2.22
105   50     1.22  1.88  2.52  3.36  3.86  3.59  3.45  3.86  2.70  2.13  1.37  1.02     2.58  1.37  3.25  3.63  2.06
105   60     1.15  1.79  2.35  3.09  3.55  3.29  3.17  3.56  2.47  1.96  1.27  0.95     2.38  1.30  2.99  3.34  1.90
105   70     1.09  1.70  2.16  2.81  3.23  2.98  2.87  3.26  2.26  1.79  1.17  0.88     2.18  1.23  2.73  3.04  1.74
105   80     1.03  1.61  1.99  2.52  2.91  2.68  2.57  2.94  2.04  1.62  1.07  0.81     1.98  1.15  2.47  2.73  1.58
105   90     0.98  1.53  1.80  2.25  2.60  2.38  2.29  2.63  1.82  1.45  0.96  0.74     1.79  1.08  2.22  2.43  1.41
120   10     1.44  2.22  3.08  4.20  4.71  4.40  4.24  4.71  3.34  2.67  1.69  1.25     3.16  1.63  4.00  4.45  2.56
120   20     1.34  2.07  2.90  3.98  4.55  4.26  4.10  4.51  3.16  2.46  1.54  1.14     3.00  1.52  3.81  4.29  2.39
120   30     1.25  1.92  2.69  3.72  4.31  4.06  3.90  4.25  2.94  2.24  1.40  1.05     2.81  1.41  3.57  4.07  2.19
120   40     1.17  1.79  2.48  3.42  4.02  3.79  3.64  3.95  2.71  2.03  1.27  0.96     2.60  1.31  3.31  3.79  2.00
120   50     1.10  1.68  2.28  3.12  3.70  3.50  3.35  3.63  2.48  1.84  1.16  0.89     2.39  1.22  3.03  3.49  1.83
120   60     1.04  1.60  2.09  2.82  3.37  3.19  3.05  3.31  2.25  1.67  1.07  0.82     2.19  1.15  2.76  3.18  1.66
120   70     0.99  1.52  1.93  2.54  3.05  2.87  2.75  3.00  2.03  1.52  0.97  0.77     1.99  1.09  2.50  2.87  1.51
120   80     0.94  1.45  1.77  2.28  2.73  2.56  2.46  2.70  1.83  1.37  0.89  0.71     1.81  1.03  2.26  2.58  1.36
120   90     0.90  1.39  1.62  2.04  2.43  2.28  2.18  2.42  1.64  1.24  0.81  0.65     1.63  0.98  2.03  2.29  1.23
135   10     1.41  2.17  3.03  4.15  4.69  4.39  4.23  4.67  3.30  2.60  1.63  1.21     3.12  1.59  3.96  4.43  2.51
135   20     1.28  1.97  2.79  3.89  4.50  4.25  4.08  4.43  3.07  2.32  1.43  1.07     2.92  1.44  3.72  4.25  2.27
135   30     1.16  1.79  2.53  3.57  4.22  4.02  3.85  4.12  2.80  2.04  1.25  0.95     2.69  1.30  3.44  4.00  2.03
135   40     1.07  1.63  2.27  3.21  3.88  3.73  3.56  3.75  2.52  1.79  1.10  0.85     2.45  1.19  3.12  3.68  1.80
135   50     1.01  1.51  2.04  2.86  3.51  3.40  3.24  3.37  2.25  1.57  0.98  0.79     2.21  1.10  2.80  3.34  1.60
135   60     0.96  1.43  1.85  2.54  3.15  3.05  2.91  3.00  2.00  1.41  0.90  0.74     2.00  1.04  2.51  2.99  1.44
135   70     0.93  1.37  1.70  2.26  2.81  2.72  2.59  2.68  1.80  1.27  0.83  0.69     1.80  1.00  2.25  2.66  1.30
135   80     0.89  1.33  1.56  2.02  2.50  2.42  2.30  2.40  1.62  1.15  0.77  0.65     1.63  0.96  2.02  2.37  1.18
135   90     0.86  1.29  1.45  1.80  2.23  2.14  2.04  2.15  1.46  1.06  0.70  0.60     1.48  0.92  1.82  2.11  1.07
150   10     1.38  2.13  2.98  4.12  4.68  4.39  4.22  4.64  3.26  2.55  1.59  1.18     3.09  1.56  3.93  4.42  2.47
150   20     1.23  1.90  2.70  3.82  4.47  4.24  4.06  4.37  2.99  2.21  1.34  1.01     2.86  1.38  3.66  4.22  2.18
150   30     1.09  1.67  2.39  3.45  4.16  4.00  3.82  4.01  2.68  1.87  1.11  0.87     2.59  1.21  3.33  3.94  1.89
150   40     1.00  1.48  2.08  3.03  3.78  3.69  3.51  3.58  2.34  1.56  0.94  0.78     2.31  1.09  2.96  3.60  1.61
150   50     0.96  1.37  1.82  2.61  3.34  3.32  3.15  3.11  2.02  1.33  0.85  0.74     2.05  1.02  2.59  3.19  1.40
150   60     0.93  1.31  1.63  2.24  2.90  2.91  2.75  2.68  1.77  1.18  0.80  0.70     1.82  0.98  2.25  2.78  1.25
150   70     0.91  1.28  1.50  1.96  2.52  2.53  2.40  2.34  1.58  1.09  0.75  0.67     1.63  0.95  1.99  2.43  1.14
150   80     0.88  1.26  1.40  1.74  2.22  2.23  2.11  2.08  1.43  1.00  0.70  0.63     1.47  0.92  1.79  2.14  1.04
150   90     0.85  1.25  1.31  1.58  1.98  1.97  1.87  1.88  1.30  0.93  0.65  0.59     1.35  0.90  1.63  1.91  0.96
165   10     1.37  2.11  2.96  4.11  4.67  4.38  4.22  4.63  3.24  2.51  1.56  1.16     3.08  1.54  3.91  4.41  2.44
165   20     1.19  1.85  2.65  3.78  4.45  4.23  4.05  4.33  2.95  2.14  1.28  0.97     2.82  1.34  3.63  4.20  2.12
165   30     1.03  1.58  2.29  3.38  4.13  3.99  3.81  3.95  2.60  1.74  1.01  0.81     2.53  1.14  3.27  3.92  1.78
165   40     0.97  1.36  1.93  2.92  3.74  3.68  3.50  3.49  2.21  1.37  0.86  0.77     2.23  1.03  2.86  3.55  1.48
165   50     0.95  1.29  1.61  2.41  3.27  3.30  3.12  2.96  1.83  1.13  0.82  0.74     1.95  0.99  2.43  3.13  1.26
165   60     0.93  1.28  1.45  1.95  2.76  2.87  2.70  2.38  1.54  1.05  0.78  0.70     1.70  0.97  2.05  2.65  1.13
165   70     0.91  1.26  1.36  1.68  2.24  2.40  2.24  1.98  1.40  1.00  0.74  0.67     1.49  0.95  1.76  2.21  1.04
165   80     0.88  1.25  1.30  1.52  1.95  2.04  1.93  1.77  1.29  0.94  0.69  0.63     1.35  0.92  1.59  1.91  0.97
165   90     0.85  1.24  1.24  1.40  1.75  1.81  1.72  1.62  1.19  0.89  0.65  0.59     1.24  0.89  1.46  1.72  0.91
180   10     1.36  2.10  2.95  4.11  4.66  4.38  4.21  4.62  3.23  2.50  1.55  1.15     3.07  1.54  3.91  4.41  2.43
180   20     1.18  1.83  2.63  3.78  4.43  4.22  4.05  4.32  2.93  2.11  1.25  0.95     2.81  1.32  3.61  4.20  2.10
180   30     1.01  1.54  2.26  3.38  4.12  3.98  3.80  3.93  2.57  1.69  0.97  0.79     2.50  1.12  3.25  3.91  1.75
180   40     0.97  1.30  1.86  2.91  3.72  3.67  3.49  3.46  2.17  1.26  0.86  0.77     2.21  1.01  2.83  3.54  1.43
180   50     0.95  1.29  1.46  2.40  3.25  3.29  3.11  2.93  1.74  1.09  0.82  0.74     1.92  0.99  2.37  3.11  1.22
180   60     0.93  1.28  1.38  1.85  2.73  2.86  2.69  2.35  1.39  1.04  0.78  0.70     1.67  0.97  1.99  2.63  1.07
180   70     0.91  1.26  1.33  1.53  2.17  2.39  2.23  1.80  1.31  0.99  0.74  0.67     1.45  0.95  1.68  2.14  1.01
180   80     0.88  1.25  1.28  1.42  1.81  1.96  1.85  1.62  1.23  0.94  0.69  0.63     1.30  0.92  1.50  1.81  0.95
180   90     0.85  1.24  1.22  1.34  1.64  1.74  1.66  1.50  1.15  0.89  0.65  0.59     1.20  0.89  1.40  1.63  0.89
             53.5  50.2  34.8  20.1   7.7   3.2   4.9  14.5  26.9  42.7  51.6  53.9     25.8  52.2  19.8   7.7  39.3
             1.99  2.97  3.66  4.54  4.82  4.46  4.31  4.92  3.75  3.55  2.55  1.86     3.62  2.27  4.29  4.55  3.25
             1.86  2.82  3.63  4.53  4.67  4.24  4.13  4.86  3.75  3.44  2.36  1.71     3.50  2.13  4.27  4.41  3.18
             1.07  1.05  1.01  1.00  1.03  1.05  1.04  1.01  1.00  1.03  1.08  1.09     1.04  1.07  1.01  1.04  1.04
             1.22  1.18  1.13  1.04  0.97  0.95  0.96  1.01  1.07  1.20  1.28  1.28     1.11  1.23  1.05  0.97  1.19
temperature   2.5   2.7   5.8  11.7  16.6  20.4  24.2  25.7  21.7  16.0  10.5   5.7     13.6   3.6  11.4  23.4  16.1
diffusedrad  1.11  1.54  1.86  2.18  2.45  2.63  2.53  2.28  1.95  1.50  1.09  0.91     1.84  1.19  2.16  2.48  1.51
snow10cm     0.50  0.57  0.16  0.01  0.00  0.00  0.00  0.00  0.00  0.00  0.00  0.13     0.11  0.40  0.05  0.00  0.00
