2 55166   上市            36 40.2  137 25.4  296
             1.48  2.26  3.00  4.10  4.57  4.32  4.09  4.41  3.12  2.59  1.72  1.30     3.08  1.68  3.89  4.27  2.48
             1.70  2.65  3.54  4.92  5.34  4.89  5.35  5.47  3.62  3.01  2.03  1.62     3.34  1.93  4.36  5.13  2.71
             1.27  1.86  2.39  3.53  4.04  3.74  3.05  3.24  2.59  2.12  1.18  1.02     2.86  1.45  3.60  3.65  2.03
  0   10     1.61  2.41  3.18  4.21  4.59  4.29  4.08  4.49  3.24  2.80  1.91  1.44     3.19  1.82  3.99  4.29  2.65
  0   20     1.72  2.56  3.29  4.25  4.53  4.19  4.00  4.48  3.30  2.96  2.07  1.56     3.24  1.95  4.02  4.22  2.78
  0   30     1.80  2.66  3.34  4.20  4.37  4.02  3.85  4.38  3.30  3.06  2.19  1.66     3.24  2.04  3.97  4.09  2.85
  0   40     1.85  2.73  3.33  4.07  4.13  3.78  3.63  4.19  3.23  3.10  2.26  1.72     3.17  2.10  3.84  3.87  2.86
  0   50     1.88  2.74  3.26  3.85  3.82  3.48  3.35  3.91  3.10  3.06  2.28  1.74     3.04  2.12  3.64  3.58  2.82
  0   60     1.87  2.71  3.12  3.55  3.44  3.12  3.02  3.56  2.91  2.96  2.26  1.73     2.86  2.11  3.37  3.23  2.71
  0   70     1.83  2.64  2.92  3.19  3.00  2.72  2.65  3.15  2.67  2.80  2.18  1.69     2.62  2.06  3.04  2.84  2.55
  0   80     1.76  2.53  2.68  2.77  2.52  2.29  2.25  2.69  2.38  2.58  2.06  1.61     2.35  1.97  2.66  2.41  2.34
  0   90     1.67  2.37  2.39  2.32  2.04  1.87  1.84  2.19  2.05  2.31  1.89  1.51     2.04  1.85  2.25  1.97  2.09
 15   10     1.61  2.41  3.17  4.20  4.59  4.29  4.08  4.49  3.23  2.79  1.90  1.44     3.18  1.82  3.99  4.28  2.64
 15   20     1.71  2.54  3.28  4.24  4.53  4.19  4.00  4.48  3.29  2.94  2.06  1.55     3.24  1.94  4.01  4.22  2.77
 15   30     1.79  2.64  3.32  4.19  4.38  4.03  3.85  4.38  3.29  3.04  2.17  1.64     3.23  2.02  3.96  4.09  2.83
 15   40     1.84  2.70  3.31  4.05  4.13  3.78  3.63  4.19  3.22  3.06  2.24  1.70     3.15  2.08  3.83  3.87  2.84
 15   50     1.86  2.71  3.23  3.84  3.83  3.49  3.36  3.92  3.09  3.02  2.26  1.72     3.03  2.10  3.63  3.59  2.79
 15   60     1.85  2.68  3.09  3.55  3.46  3.13  3.03  3.58  2.90  2.92  2.23  1.71     2.84  2.08  3.37  3.25  2.68
 15   70     1.81  2.61  2.89  3.20  3.03  2.75  2.67  3.17  2.66  2.75  2.15  1.66     2.61  2.02  3.04  2.87  2.52
 15   80     1.74  2.49  2.65  2.79  2.57  2.33  2.28  2.73  2.37  2.53  2.03  1.59     2.34  1.94  2.67  2.45  2.31
 15   90     1.64  2.33  2.36  2.35  2.11  1.92  1.89  2.25  2.05  2.26  1.86  1.48     2.04  1.82  2.27  2.02  2.06
 30   10     1.60  2.39  3.15  4.19  4.59  4.29  4.07  4.48  3.22  2.77  1.88  1.42     3.17  1.80  3.97  4.28  2.62
 30   20     1.68  2.51  3.24  4.21  4.53  4.20  4.00  4.47  3.26  2.90  2.02  1.52     3.21  1.90  3.99  4.22  2.73
 30   30     1.75  2.59  3.27  4.15  4.38  4.03  3.85  4.37  3.25  2.97  2.12  1.60     3.19  1.98  3.94  4.08  2.78
 30   40     1.78  2.63  3.24  4.02  4.16  3.80  3.65  4.19  3.17  2.98  2.17  1.64     3.12  2.02  3.81  3.88  2.77
 30   50     1.79  2.63  3.15  3.80  3.86  3.51  3.38  3.93  3.04  2.93  2.17  1.65     2.99  2.02  3.60  3.61  2.71
 30   60     1.78  2.58  3.01  3.53  3.52  3.18  3.07  3.61  2.85  2.81  2.13  1.63     2.81  2.00  3.35  3.29  2.60
 30   70     1.73  2.50  2.82  3.19  3.11  2.82  2.73  3.23  2.61  2.64  2.04  1.58     2.58  1.94  3.04  2.92  2.43
 30   80     1.66  2.38  2.57  2.81  2.69  2.43  2.36  2.82  2.33  2.42  1.91  1.50     2.32  1.85  2.69  2.54  2.22
 30   90     1.56  2.23  2.30  2.40  2.26  2.05  2.00  2.39  2.03  2.15  1.74  1.39     2.04  1.73  2.32  2.15  1.98
 45   10     1.57  2.36  3.12  4.16  4.58  4.28  4.07  4.47  3.19  2.73  1.85  1.40     3.15  1.77  3.95  4.27  2.59
 45   20     1.64  2.44  3.18  4.16  4.51  4.19  3.99  4.44  3.22  2.82  1.96  1.48     3.17  1.85  3.95  4.21  2.67
 45   30     1.68  2.50  3.19  4.09  4.38  4.04  3.85  4.34  3.19  2.87  2.02  1.53     3.14  1.90  3.89  4.08  2.69
 45   40     1.70  2.52  3.15  3.95  4.16  3.81  3.65  4.16  3.10  2.85  2.05  1.55     3.05  1.92  3.75  3.87  2.66
 45   50     1.70  2.50  3.05  3.74  3.89  3.55  3.40  3.92  2.96  2.78  2.03  1.54     2.92  1.91  3.56  3.62  2.59
 45   60     1.67  2.44  2.89  3.47  3.56  3.23  3.11  3.62  2.77  2.65  1.98  1.51     2.74  1.87  3.31  3.32  2.47
 45   70     1.61  2.35  2.71  3.16  3.20  2.89  2.78  3.27  2.54  2.48  1.88  1.45     2.53  1.80  3.02  2.98  2.30
 45   80     1.54  2.23  2.47  2.80  2.81  2.54  2.45  2.90  2.28  2.27  1.74  1.36     2.28  1.71  2.70  2.63  2.10
 45   90     1.44  2.08  2.22  2.44  2.41  2.18  2.11  2.50  2.00  2.02  1.58  1.25     2.02  1.59  2.36  2.26  1.87
 60   10     1.54  2.31  3.08  4.13  4.57  4.28  4.06  4.44  3.16  2.68  1.81  1.37     3.12  1.74  3.92  4.26  2.55
 60   20     1.58  2.37  3.11  4.10  4.49  4.18  3.98  4.40  3.16  2.73  1.87  1.41     3.12  1.79  3.90  4.19  2.59
 60   30     1.60  2.39  3.09  4.01  4.35  4.03  3.84  4.29  3.10  2.73  1.90  1.44     3.06  1.81  3.82  4.05  2.58
 60   40     1.60  2.38  3.02  3.86  4.15  3.82  3.64  4.12  3.00  2.69  1.90  1.44     2.97  1.80  3.67  3.86  2.53
 60   50     1.58  2.34  2.90  3.65  3.88  3.56  3.40  3.88  2.85  2.59  1.86  1.41     2.83  1.78  3.48  3.61  2.43
 60   60     1.53  2.27  2.75  3.39  3.59  3.27  3.12  3.60  2.67  2.46  1.79  1.37     2.65  1.72  3.24  3.33  2.31
 60   70     1.47  2.18  2.56  3.09  3.24  2.94  2.82  3.28  2.44  2.29  1.69  1.30     2.44  1.65  2.97  3.02  2.14
 60   80     1.40  2.06  2.35  2.77  2.88  2.61  2.50  2.92  2.20  2.09  1.55  1.21     2.21  1.56  2.67  2.68  1.95
 60   90     1.31  1.93  2.12  2.43  2.52  2.28  2.19  2.57  1.94  1.86  1.41  1.11     1.97  1.45  2.36  2.34  1.74
 75   10     1.51  2.27  3.03  4.09  4.55  4.27  4.05  4.42  3.12  2.62  1.76  1.33     3.08  1.70  3.89  4.25  2.50
 75   20     1.52  2.28  3.02  4.03  4.46  4.17  3.96  4.35  3.09  2.62  1.77  1.34     3.05  1.71  3.84  4.16  2.49
 75   30     1.51  2.26  2.96  3.91  4.31  4.02  3.81  4.22  3.01  2.58  1.77  1.33     2.97  1.70  3.73  4.02  2.45
 75   40     1.49  2.23  2.87  3.74  4.11  3.81  3.62  4.04  2.88  2.50  1.73  1.31     2.86  1.67  3.57  3.82  2.37
 75   50     1.45  2.16  2.74  3.52  3.86  3.55  3.38  3.81  2.73  2.39  1.67  1.27     2.71  1.63  3.37  3.58  2.27
 75   60     1.40  2.09  2.59  3.27  3.56  3.27  3.11  3.53  2.54  2.24  1.58  1.21     2.53  1.56  3.14  3.30  2.12
 75   70     1.33  1.99  2.40  2.99  3.25  2.97  2.82  3.23  2.33  2.08  1.48  1.14     2.33  1.49  2.88  3.01  1.97
 75   80     1.26  1.89  2.21  2.69  2.91  2.65  2.53  2.91  2.10  1.89  1.36  1.05     2.12  1.40  2.60  2.69  1.78
 75   90     1.18  1.77  1.99  2.37  2.56  2.33  2.22  2.56  1.86  1.69  1.22  0.96     1.89  1.30  2.31  2.37  1.59
 90   10     1.48  2.22  2.98  4.04  4.53  4.26  4.04  4.38  3.08  2.56  1.70  1.29     3.05  1.66  3.85  4.23  2.45
 90   20     1.45  2.18  2.92  3.94  4.42  4.16  3.94  4.29  3.01  2.50  1.67  1.26     2.98  1.63  3.76  4.13  2.39
 90   30     1.41  2.13  2.82  3.79  4.26  3.99  3.78  4.13  2.90  2.41  1.62  1.23     2.87  1.59  3.62  3.97  2.31
 90   40     1.37  2.06  2.70  3.59  4.04  3.78  3.58  3.92  2.75  2.30  1.55  1.18     2.74  1.54  3.44  3.76  2.20
 90   50     1.31  1.99  2.56  3.36  3.79  3.52  3.34  3.69  2.58  2.17  1.48  1.13     2.58  1.48  3.24  3.52  2.07
 90   60     1.26  1.90  2.39  3.11  3.50  3.24  3.08  3.42  2.39  2.02  1.38  1.06     2.40  1.41  3.00  3.25  1.93
 90   70     1.20  1.81  2.22  2.84  3.18  2.94  2.79  3.12  2.18  1.86  1.28  0.99     2.20  1.33  2.75  2.95  1.77
 90   80     1.13  1.72  2.03  2.56  2.87  2.64  2.50  2.82  1.97  1.69  1.17  0.91     2.00  1.25  2.49  2.66  1.61
 90   90     1.07  1.62  1.86  2.27  2.55  2.34  2.22  2.52  1.75  1.50  1.05  0.83     1.80  1.17  2.23  2.36  1.43
105   10     1.44  2.17  2.93  4.00  4.51  4.26  4.03  4.35  3.04  2.49  1.64  1.25     3.01  1.62  3.81  4.21  2.39
105   20     1.38  2.08  2.82  3.85  4.38  4.14  3.91  4.21  2.93  2.38  1.56  1.19     2.90  1.55  3.68  4.09  2.29
105   30     1.32  1.99  2.68  3.65  4.19  3.96  3.74  4.02  2.78  2.24  1.48  1.12     2.76  1.48  3.51  3.91  2.17
105   40     1.25  1.90  2.52  3.42  3.95  3.73  3.52  3.79  2.61  2.09  1.38  1.06     2.60  1.40  3.30  3.68  2.03
105   50     1.20  1.81  2.36  3.17  3.68  3.47  3.27  3.53  2.42  1.95  1.28  0.99     2.43  1.33  3.07  3.42  1.88
105   60     1.14  1.72  2.20  2.91  3.38  3.18  3.00  3.25  2.22  1.79  1.19  0.92     2.24  1.26  2.83  3.15  1.73
105   70     1.08  1.64  2.02  2.65  3.07  2.88  2.72  2.97  2.03  1.63  1.09  0.86     2.05  1.19  2.58  2.86  1.58
105   80     1.02  1.55  1.86  2.38  2.76  2.58  2.44  2.67  1.82  1.48  1.00  0.79     1.86  1.12  2.34  2.56  1.43
105   90     0.97  1.48  1.70  2.12  2.47  2.29  2.17  2.39  1.62  1.32  0.89  0.72     1.68  1.06  2.09  2.28  1.28
120   10     1.41  2.12  2.88  3.95  4.49  4.25  4.02  4.31  3.00  2.43  1.59  1.21     2.97  1.58  3.77  4.19  2.34
120   20     1.32  1.99  2.72  3.76  4.34  4.12  3.89  4.14  2.85  2.26  1.46  1.12     2.83  1.47  3.61  4.05  2.19
120   30     1.23  1.86  2.54  3.52  4.11  3.92  3.70  3.90  2.67  2.07  1.33  1.03     2.66  1.37  3.39  3.84  2.02
120   40     1.16  1.74  2.35  3.25  3.84  3.67  3.46  3.63  2.46  1.89  1.22  0.95     2.47  1.28  3.14  3.59  1.86
120   50     1.09  1.64  2.16  2.96  3.53  3.38  3.19  3.34  2.25  1.72  1.11  0.88     2.27  1.20  2.89  3.30  1.69
120   60     1.04  1.56  1.99  2.68  3.22  3.08  2.90  3.04  2.05  1.56  1.02  0.81     2.08  1.14  2.63  3.01  1.54
120   70     0.99  1.48  1.84  2.42  2.91  2.78  2.62  2.75  1.85  1.42  0.93  0.76     1.90  1.08  2.39  2.72  1.40
120   80     0.95  1.42  1.68  2.17  2.61  2.48  2.34  2.48  1.66  1.28  0.85  0.70     1.72  1.02  2.15  2.43  1.26
120   90     0.91  1.37  1.54  1.94  2.32  2.20  2.07  2.21  1.49  1.16  0.77  0.65     1.55  0.97  1.93  2.16  1.14
135   10     1.38  2.08  2.84  3.92  4.47  4.25  4.01  4.28  2.97  2.38  1.54  1.18     2.94  1.54  3.74  4.18  2.30
135   20     1.26  1.91  2.63  3.68  4.29  4.10  3.87  4.08  2.78  2.15  1.37  1.05     2.77  1.41  3.54  4.02  2.10
135   30     1.15  1.74  2.40  3.39  4.04  3.89  3.66  3.80  2.56  1.92  1.21  0.94     2.56  1.28  3.28  3.78  1.89
135   40     1.07  1.60  2.18  3.06  3.72  3.61  3.39  3.47  2.32  1.70  1.07  0.85     2.34  1.18  2.99  3.49  1.70
135   50     1.01  1.50  1.97  2.74  3.37  3.29  3.09  3.13  2.08  1.51  0.97  0.79     2.12  1.10  2.69  3.17  1.52
135   60     0.97  1.42  1.80  2.44  3.02  2.96  2.78  2.79  1.87  1.36  0.89  0.74     1.92  1.04  2.42  2.84  1.37
135   70     0.94  1.36  1.65  2.17  2.69  2.64  2.48  2.50  1.68  1.23  0.81  0.70     1.74  1.00  2.17  2.54  1.24
135   80     0.91  1.32  1.52  1.94  2.40  2.35  2.21  2.23  1.51  1.11  0.75  0.65     1.58  0.96  1.95  2.26  1.12
135   90     0.88  1.29  1.41  1.73  2.14  2.08  1.96  2.00  1.35  1.02  0.68  0.61     1.43  0.93  1.76  2.01  1.02
150   10     1.36  2.05  2.81  3.89  4.46  4.24  4.00  4.26  2.94  2.34  1.51  1.15     2.92  1.52  3.72  4.17  2.27
150   20     1.22  1.84  2.56  3.62  4.26  4.09  3.86  4.02  2.73  2.07  1.29  1.00     2.71  1.35  3.48  3.99  2.03
150   30     1.09  1.64  2.29  3.29  3.98  3.87  3.64  3.71  2.47  1.78  1.10  0.87     2.48  1.20  3.19  3.74  1.78
150   40     1.01  1.48  2.02  2.91  3.63  3.58  3.35  3.33  2.18  1.52  0.95  0.79     2.23  1.09  2.85  3.42  1.55
150   50     0.97  1.38  1.79  2.52  3.22  3.23  3.01  2.92  1.91  1.32  0.86  0.75     1.99  1.03  2.51  3.05  1.37
150   60     0.95  1.32  1.61  2.19  2.80  2.84  2.65  2.54  1.69  1.19  0.80  0.71     1.77  1.00  2.20  2.67  1.23
150   70     0.93  1.29  1.49  1.92  2.44  2.48  2.32  2.22  1.51  1.09  0.75  0.68     1.59  0.97  1.95  2.34  1.12
150   80     0.90  1.27  1.39  1.71  2.15  2.18  2.04  1.98  1.37  1.00  0.70  0.64     1.44  0.94  1.75  2.06  1.02
150   90     0.87  1.25  1.30  1.55  1.92  1.93  1.81  1.78  1.24  0.93  0.65  0.60     1.32  0.91  1.59  1.84  0.94
165   10     1.34  2.03  2.78  3.88  4.45  4.24  4.00  4.25  2.93  2.31  1.49  1.13     2.90  1.50  3.70  4.16  2.24
165   20     1.19  1.80  2.52  3.59  4.25  4.09  3.85  3.99  2.69  2.01  1.25  0.96     2.68  1.32  3.45  3.98  1.98
165   30     1.04  1.57  2.22  3.23  3.96  3.86  3.62  3.66  2.41  1.69  1.01  0.82     2.42  1.14  3.13  3.72  1.70
165   40     0.99  1.38  1.90  2.82  3.59  3.57  3.34  3.26  2.09  1.38  0.87  0.78     2.16  1.05  2.77  3.39  1.45
165   50     0.97  1.31  1.62  2.36  3.16  3.21  2.99  2.80  1.77  1.17  0.83  0.75     1.91  1.01  2.38  3.00  1.26
165   60     0.95  1.30  1.47  1.94  2.68  2.80  2.60  2.30  1.52  1.09  0.79  0.71     1.68  0.99  2.03  2.57  1.14
165   70     0.93  1.28  1.39  1.68  2.19  2.36  2.18  1.93  1.38  1.03  0.75  0.68     1.48  0.96  1.75  2.16  1.05
165   80     0.90  1.26  1.32  1.52  1.91  2.01  1.88  1.72  1.27  0.96  0.70  0.64     1.34  0.93  1.58  1.87  0.97
165   90     0.87  1.24  1.25  1.39  1.72  1.78  1.68  1.57  1.17  0.90  0.64  0.60     1.23  0.91  1.45  1.68  0.90
180   10     1.34  2.02  2.78  3.87  4.45  4.24  4.00  4.24  2.92  2.31  1.48  1.13     2.90  1.50  3.70  4.16  2.23
180   20     1.18  1.79  2.50  3.58  4.24  4.09  3.85  3.98  2.68  1.99  1.23  0.95     2.67  1.30  3.44  3.97  1.97
180   30     1.02  1.54  2.19  3.23  3.94  3.86  3.62  3.65  2.39  1.65  0.98  0.80     2.41  1.12  3.12  3.71  1.67
180   40     0.99  1.33  1.85  2.81  3.57  3.56  3.33  3.24  2.06  1.30  0.87  0.78     2.14  1.03  2.74  3.38  1.41
180   50     0.97  1.31  1.50  2.35  3.14  3.20  2.98  2.78  1.71  1.14  0.83  0.75     1.89  1.01  2.33  2.99  1.23
180   60     0.95  1.30  1.42  1.85  2.65  2.79  2.59  2.27  1.41  1.08  0.79  0.71     1.65  0.99  1.98  2.55  1.10
180   70     0.93  1.28  1.36  1.55  2.13  2.35  2.17  1.78  1.32  1.02  0.75  0.68     1.44  0.96  1.68  2.10  1.03
180   80     0.90  1.26  1.30  1.44  1.79  1.93  1.81  1.61  1.23  0.96  0.70  0.64     1.30  0.93  1.51  1.78  0.96
180   90     0.87  1.24  1.24  1.34  1.62  1.71  1.62  1.48  1.14  0.90  0.64  0.60     1.20  0.91  1.40  1.61  0.89
             52.6  48.8  33.1  19.3   7.6   3.2   4.9  13.2  24.9  40.1  49.5  52.5     24.1  51.0  18.7   7.4  37.2
             1.88  2.74  3.35  4.25  4.59  4.31  4.09  4.50  3.31  3.10  2.28  1.74     3.34  2.12  4.02  4.29  2.87
             1.76  2.61  3.32  4.24  4.47  4.13  3.95  4.45  3.31  3.01  2.13  1.61     3.25  1.99  4.01  4.18  2.82
             1.07  1.05  1.01  1.00  1.03  1.04  1.04  1.01  1.00  1.03  1.07  1.08     1.04  1.07  1.01  1.03  1.03
             1.19  1.15  1.11  1.03  0.98  0.96  0.97  1.01  1.06  1.16  1.24  1.24     1.09  1.19  1.04  0.98  1.15
temperature   0.2   0.3   3.4   9.8  15.0  18.9  22.7  24.0  19.8  13.8   8.4   3.2     11.6   1.2   9.4  21.9  14.0
diffusedrad  1.11  1.54  1.86  2.20  2.46  2.64  2.52  2.31  1.93  1.51  1.08  0.91     1.84  1.19  2.17  2.49  1.51
snow10cm     0.57  0.61  0.18  0.01  0.00  0.00  0.00  0.00  0.00  0.00  0.00  0.17     0.13  0.45  0.06  0.00  0.00
