2 56036   珠洲            37 26.8  137 17.2    4
             1.46  2.22  3.28  4.54  5.04  4.75  4.53  4.80  3.57  2.87  1.81  1.27     3.35  1.65  4.29  4.69  2.75
             1.69  2.62  3.77  5.35  5.73  5.72  5.79  5.87  4.00  3.28  2.11  1.58     3.65  1.85  4.66  5.51  2.93
             1.24  1.76  2.78  3.62  4.25  3.85  3.23  3.76  2.85  2.44  1.20  1.01     3.15  1.45  3.90  3.97  2.40
  0   10     1.60  2.39  3.51  4.69  5.07  4.72  4.52  4.90  3.73  3.17  2.04  1.41     3.48  1.80  4.42  4.71  2.98
  0   20     1.72  2.55  3.67  4.75  5.00  4.61  4.43  4.90  3.84  3.40  2.25  1.54     3.55  1.93  4.47  4.65  3.16
  0   30     1.81  2.66  3.75  4.72  4.83  4.42  4.27  4.80  3.87  3.55  2.40  1.63     3.56  2.03  4.43  4.50  3.27
  0   40     1.87  2.72  3.75  4.58  4.57  4.14  4.02  4.60  3.81  3.62  2.50  1.70     3.49  2.09  4.30  4.25  3.31
  0   50     1.89  2.73  3.68  4.34  4.21  3.79  3.70  4.30  3.67  3.61  2.54  1.73     3.35  2.12  4.08  3.93  3.27
  0   60     1.88  2.70  3.53  4.00  3.78  3.38  3.32  3.90  3.45  3.52  2.52  1.72     3.14  2.10  3.77  3.53  3.16
  0   70     1.84  2.61  3.31  3.59  3.29  2.93  2.89  3.44  3.17  3.34  2.45  1.68     2.88  2.04  3.40  3.09  2.99
  0   80     1.76  2.48  3.03  3.11  2.74  2.44  2.43  2.93  2.82  3.09  2.32  1.60     2.56  1.95  2.96  2.60  2.74
  0   90     1.66  2.31  2.69  2.58  2.18  1.96  1.96  2.37  2.42  2.77  2.14  1.49     2.21  1.82  2.48  2.10  2.45
 15   10     1.60  2.38  3.50  4.68  5.07  4.72  4.52  4.90  3.73  3.15  2.04  1.40     3.47  1.79  4.42  4.71  2.97
 15   20     1.71  2.53  3.65  4.74  5.00  4.61  4.44  4.91  3.83  3.37  2.23  1.52     3.54  1.92  4.46  4.65  3.15
 15   30     1.79  2.63  3.72  4.70  4.84  4.42  4.27  4.80  3.85  3.51  2.38  1.62     3.54  2.01  4.42  4.50  3.25
 15   40     1.85  2.69  3.72  4.56  4.57  4.14  4.02  4.60  3.79  3.58  2.48  1.67     3.47  2.07  4.28  4.25  3.28
 15   50     1.87  2.70  3.65  4.33  4.23  3.81  3.71  4.31  3.65  3.56  2.51  1.70     3.34  2.09  4.07  3.94  3.24
 15   60     1.85  2.66  3.50  4.00  3.81  3.41  3.34  3.93  3.43  3.45  2.49  1.69     3.13  2.07  3.77  3.56  3.13
 15   70     1.81  2.57  3.27  3.60  3.33  2.97  2.92  3.48  3.15  3.27  2.42  1.65     2.87  2.01  3.40  3.12  2.95
 15   80     1.73  2.44  2.99  3.14  2.81  2.49  2.47  2.98  2.81  3.02  2.29  1.57     2.56  1.91  2.98  2.65  2.71
 15   90     1.63  2.26  2.65  2.63  2.27  2.02  2.02  2.45  2.42  2.70  2.11  1.46     2.22  1.78  2.52  2.17  2.41
 30   10     1.58  2.36  3.47  4.66  5.06  4.71  4.51  4.89  3.71  3.12  2.01  1.39     3.46  1.78  4.40  4.71  2.95
 30   20     1.68  2.49  3.60  4.70  5.00  4.62  4.44  4.89  3.79  3.30  2.19  1.49     3.52  1.89  4.44  4.65  3.09
 30   30     1.75  2.57  3.66  4.66  4.84  4.43  4.27  4.79  3.80  3.42  2.31  1.57     3.51  1.96  4.39  4.50  3.18
 30   40     1.79  2.61  3.65  4.52  4.60  4.18  4.04  4.61  3.73  3.46  2.39  1.61     3.43  2.00  4.26  4.28  3.19
 30   50     1.80  2.61  3.55  4.28  4.27  3.85  3.74  4.32  3.59  3.42  2.41  1.63     3.29  2.01  4.04  3.97  3.14
 30   60     1.78  2.56  3.40  3.98  3.89  3.48  3.39  3.98  3.37  3.31  2.38  1.61     3.09  1.98  3.75  3.62  3.02
 30   70     1.73  2.46  3.18  3.60  3.43  3.06  3.00  3.55  3.10  3.12  2.29  1.55     2.84  1.91  3.40  3.21  2.84
 30   80     1.65  2.32  2.90  3.16  2.96  2.62  2.58  3.10  2.77  2.87  2.15  1.47     2.55  1.81  3.01  2.77  2.60
 30   90     1.54  2.15  2.58  2.69  2.47  2.20  2.17  2.62  2.41  2.56  1.97  1.36     2.23  1.68  2.58  2.33  2.32
 45   10     1.56  2.33  3.44  4.62  5.05  4.71  4.51  4.88  3.68  3.06  1.97  1.36     3.43  1.75  4.37  4.70  2.90
 45   20     1.63  2.42  3.53  4.64  4.99  4.61  4.43  4.86  3.73  3.21  2.11  1.44     3.47  1.83  4.39  4.63  3.02
 45   30     1.68  2.48  3.56  4.58  4.84  4.44  4.27  4.76  3.72  3.29  2.20  1.49     3.44  1.88  4.33  4.49  3.07
 45   40     1.70  2.50  3.52  4.43  4.61  4.19  4.05  4.58  3.63  3.29  2.24  1.52     3.36  1.91  4.19  4.27  3.05
 45   50     1.69  2.47  3.42  4.21  4.31  3.90  3.77  4.32  3.49  3.23  2.24  1.51     3.21  1.89  3.98  4.00  2.99
 45   60     1.66  2.40  3.26  3.91  3.94  3.55  3.44  3.99  3.27  3.11  2.19  1.48     3.02  1.85  3.70  3.66  2.86
 45   70     1.60  2.30  3.05  3.56  3.54  3.16  3.08  3.61  3.01  2.91  2.10  1.42     2.78  1.77  3.38  3.29  2.67
 45   80     1.51  2.16  2.78  3.16  3.11  2.77  2.70  3.20  2.71  2.67  1.96  1.33     2.50  1.67  3.02  2.89  2.45
 45   90     1.41  2.00  2.49  2.74  2.66  2.37  2.32  2.75  2.38  2.39  1.78  1.22     2.21  1.54  2.63  2.48  2.18
 60   10     1.52  2.28  3.38  4.58  5.04  4.71  4.50  4.85  3.63  3.00  1.92  1.33     3.40  1.71  4.33  4.68  2.85
 60   20     1.57  2.34  3.43  4.57  4.96  4.61  4.41  4.81  3.65  3.09  2.00  1.38     3.40  1.76  4.32  4.61  2.91
 60   30     1.59  2.36  3.43  4.47  4.82  4.44  4.26  4.70  3.60  3.11  2.06  1.40     3.35  1.78  4.24  4.47  2.92
 60   40     1.59  2.35  3.36  4.32  4.60  4.21  4.05  4.53  3.51  3.08  2.07  1.40     3.25  1.78  4.09  4.26  2.89
 60   50     1.56  2.30  3.25  4.09  4.31  3.92  3.78  4.27  3.34  2.99  2.03  1.38     3.10  1.75  3.88  3.99  2.79
 60   60     1.51  2.22  3.08  3.81  3.98  3.60  3.47  3.97  3.14  2.86  1.97  1.33     2.91  1.69  3.63  3.68  2.66
 60   70     1.44  2.11  2.87  3.48  3.61  3.24  3.14  3.62  2.88  2.67  1.87  1.26     2.68  1.61  3.32  3.33  2.48
 60   80     1.36  1.99  2.63  3.12  3.20  2.86  2.78  3.23  2.61  2.44  1.73  1.17     2.43  1.50  2.98  2.96  2.26
 60   90     1.26  1.83  2.36  2.74  2.80  2.50  2.42  2.84  2.30  2.19  1.57  1.07     2.16  1.39  2.63  2.59  2.02
 75   10     1.49  2.23  3.32  4.53  5.02  4.70  4.49  4.81  3.58  2.92  1.86  1.29     3.35  1.67  4.29  4.67  2.79
 75   20     1.50  2.24  3.32  4.47  4.92  4.59  4.39  4.75  3.55  2.94  1.89  1.30     3.32  1.68  4.24  4.58  2.79
 75   30     1.49  2.22  3.27  4.34  4.77  4.42  4.23  4.62  3.48  2.91  1.89  1.29     3.25  1.67  4.13  4.42  2.76
 75   40     1.46  2.18  3.17  4.16  4.55  4.20  4.02  4.43  3.34  2.83  1.87  1.27     3.12  1.64  3.96  4.21  2.68
 75   50     1.42  2.11  3.04  3.94  4.28  3.92  3.76  4.19  3.18  2.73  1.81  1.22     2.97  1.59  3.75  3.96  2.57
 75   60     1.36  2.03  2.87  3.65  3.95  3.60  3.46  3.89  2.97  2.57  1.73  1.17     2.77  1.52  3.49  3.65  2.42
 75   70     1.29  1.92  2.67  3.35  3.61  3.27  3.15  3.56  2.73  2.40  1.63  1.10     2.56  1.43  3.21  3.33  2.25
 75   80     1.21  1.80  2.45  3.02  3.24  2.92  2.81  3.22  2.47  2.18  1.50  1.01     2.32  1.34  2.90  2.98  2.05
 75   90     1.12  1.67  2.21  2.66  2.85  2.57  2.47  2.84  2.20  1.96  1.35  0.92     2.07  1.23  2.57  2.63  1.84
 90   10     1.45  2.18  3.26  4.47  4.99  4.69  4.48  4.77  3.52  2.84  1.79  1.25     3.31  1.63  4.24  4.65  2.72
 90   20     1.42  2.14  3.19  4.36  4.88  4.57  4.36  4.67  3.44  2.78  1.77  1.22     3.23  1.59  4.14  4.54  2.66
 90   30     1.38  2.08  3.09  4.19  4.70  4.39  4.19  4.51  3.32  2.69  1.72  1.19     3.12  1.55  3.99  4.36  2.58
 90   40     1.34  2.01  2.96  3.98  4.47  4.16  3.97  4.29  3.17  2.58  1.66  1.14     2.97  1.49  3.80  4.14  2.47
 90   50     1.28  1.92  2.81  3.73  4.19  3.88  3.71  4.04  2.97  2.43  1.58  1.08     2.80  1.43  3.58  3.88  2.33
 90   60     1.22  1.83  2.62  3.46  3.88  3.57  3.42  3.75  2.77  2.28  1.49  1.01     2.61  1.35  3.32  3.58  2.18
 90   70     1.14  1.72  2.44  3.15  3.53  3.25  3.10  3.44  2.53  2.10  1.38  0.94     2.40  1.27  3.04  3.26  2.00
 90   80     1.07  1.61  2.23  2.85  3.19  2.92  2.79  3.11  2.30  1.91  1.27  0.86     2.17  1.18  2.76  2.94  1.83
 90   90     1.00  1.50  2.03  2.54  2.84  2.58  2.47  2.78  2.05  1.71  1.14  0.78     1.95  1.09  2.47  2.61  1.63
105   10     1.41  2.13  3.19  4.41  4.97  4.68  4.46  4.73  3.46  2.76  1.72  1.21     3.26  1.58  4.19  4.62  2.65
105   20     1.35  2.03  3.06  4.24  4.82  4.55  4.33  4.58  3.33  2.62  1.64  1.14     3.14  1.51  4.04  4.49  2.53
105   30     1.28  1.94  2.90  4.02  4.61  4.35  4.14  4.37  3.16  2.46  1.54  1.08     2.99  1.43  3.85  4.29  2.39
105   40     1.21  1.84  2.73  3.76  4.35  4.10  3.90  4.12  2.96  2.30  1.45  1.01     2.81  1.35  3.61  4.04  2.24
105   50     1.15  1.73  2.55  3.48  4.05  3.81  3.62  3.84  2.75  2.14  1.35  0.94     2.62  1.27  3.36  3.76  2.08
105   60     1.08  1.63  2.37  3.20  3.73  3.49  3.33  3.55  2.53  1.97  1.26  0.87     2.42  1.20  3.10  3.46  1.92
105   70     1.02  1.54  2.18  2.92  3.40  3.17  3.02  3.25  2.31  1.80  1.15  0.81     2.21  1.12  2.83  3.14  1.75
105   80     0.95  1.44  2.00  2.62  3.06  2.84  2.70  2.93  2.09  1.64  1.06  0.74     2.01  1.04  2.56  2.83  1.59
105   90     0.89  1.35  1.82  2.34  2.74  2.53  2.40  2.62  1.87  1.47  0.95  0.67     1.80  0.97  2.30  2.52  1.43
120   10     1.37  2.08  3.13  4.36  4.94  4.67  4.45  4.69  3.41  2.68  1.66  1.17     3.22  1.54  4.14  4.60  2.58
120   20     1.28  1.94  2.93  4.13  4.77  4.52  4.30  4.49  3.22  2.46  1.51  1.07     3.05  1.43  3.94  4.44  2.40
120   30     1.19  1.79  2.72  3.84  4.51  4.30  4.08  4.23  2.99  2.24  1.37  0.98     2.85  1.32  3.69  4.20  2.20
120   40     1.11  1.67  2.50  3.53  4.20  4.01  3.81  3.92  2.75  2.03  1.25  0.90     2.64  1.22  3.41  3.92  2.01
120   50     1.04  1.55  2.29  3.21  3.87  3.70  3.50  3.60  2.51  1.84  1.14  0.83     2.42  1.14  3.13  3.60  1.83
120   60     0.97  1.46  2.10  2.91  3.52  3.37  3.19  3.28  2.28  1.66  1.05  0.76     2.21  1.06  2.84  3.28  1.67
120   70     0.92  1.37  1.93  2.62  3.19  3.04  2.88  2.98  2.06  1.51  0.96  0.71     2.01  1.00  2.58  2.96  1.51
120   80     0.87  1.29  1.77  2.36  2.86  2.71  2.58  2.69  1.86  1.37  0.88  0.65     1.82  0.94  2.33  2.66  1.37
120   90     0.82  1.23  1.61  2.10  2.55  2.41  2.28  2.41  1.67  1.24  0.80  0.60     1.64  0.88  2.09  2.37  1.24
135   10     1.34  2.03  3.07  4.31  4.92  4.66  4.44  4.65  3.36  2.61  1.60  1.13     3.18  1.50  4.10  4.58  2.52
135   20     1.22  1.85  2.82  4.02  4.71  4.50  4.27  4.41  3.12  2.32  1.40  1.00     2.97  1.36  3.85  4.39  2.28
135   30     1.10  1.67  2.54  3.67  4.41  4.25  4.03  4.09  2.84  2.03  1.22  0.89     2.73  1.22  3.54  4.13  2.03
135   40     1.01  1.52  2.28  3.29  4.05  3.94  3.72  3.73  2.54  1.77  1.07  0.81     2.48  1.11  3.21  3.79  1.79
135   50     0.95  1.40  2.04  2.92  3.65  3.58  3.37  3.34  2.27  1.56  0.96  0.74     2.23  1.03  2.87  3.43  1.60
135   60     0.90  1.31  1.85  2.59  3.27  3.20  3.02  2.98  2.02  1.39  0.88  0.69     2.01  0.97  2.57  3.07  1.43
135   70     0.86  1.24  1.69  2.31  2.91  2.85  2.69  2.66  1.81  1.26  0.81  0.65     1.81  0.92  2.30  2.74  1.30
135   80     0.82  1.19  1.55  2.06  2.60  2.54  2.40  2.38  1.64  1.14  0.75  0.60     1.64  0.87  2.07  2.44  1.18
135   90     0.78  1.14  1.43  1.84  2.32  2.25  2.13  2.14  1.47  1.05  0.69  0.56     1.48  0.83  1.86  2.17  1.07
150   10     1.32  2.00  3.02  4.27  4.91  4.66  4.43  4.62  3.33  2.55  1.56  1.11     3.15  1.47  4.07  4.57  2.48
150   20     1.17  1.78  2.72  3.94  4.67  4.49  4.25  4.34  3.04  2.20  1.31  0.95     2.91  1.30  3.78  4.36  2.18
150   30     1.03  1.56  2.39  3.54  4.34  4.23  4.00  3.98  2.70  1.85  1.09  0.82     2.63  1.14  3.43  4.07  1.88
150   40     0.94  1.38  2.07  3.09  3.93  3.89  3.66  3.55  2.35  1.53  0.92  0.74     2.34  1.02  3.03  3.70  1.60
150   50     0.90  1.27  1.80  2.64  3.46  3.48  3.26  3.08  2.02  1.31  0.83  0.70     2.06  0.96  2.63  3.27  1.39
150   60     0.88  1.21  1.61  2.26  2.98  3.03  2.85  2.65  1.77  1.16  0.78  0.67     1.82  0.92  2.28  2.84  1.24
150   70     0.84  1.17  1.48  1.97  2.59  2.63  2.48  2.32  1.58  1.07  0.73  0.64     1.63  0.88  2.01  2.48  1.13
150   80     0.81  1.13  1.37  1.76  2.29  2.31  2.18  2.07  1.43  0.99  0.69  0.59     1.47  0.84  1.81  2.18  1.04
150   90     0.78  1.10  1.29  1.59  2.04  2.04  1.93  1.86  1.30  0.92  0.64  0.56     1.34  0.81  1.64  1.95  0.95
165   10     1.30  1.98  3.00  4.26  4.89  4.65  4.43  4.60  3.30  2.52  1.53  1.09     3.13  1.46  4.05  4.56  2.45
165   20     1.13  1.73  2.66  3.90  4.65  4.48  4.25  4.31  2.99  2.13  1.25  0.92     2.87  1.26  3.74  4.34  2.12
165   30     0.98  1.48  2.29  3.47  4.31  4.22  3.98  3.92  2.62  1.72  0.98  0.77     2.56  1.08  3.36  4.04  1.77
165   40     0.93  1.27  1.91  2.97  3.88  3.87  3.64  3.45  2.21  1.33  0.84  0.73     2.25  0.98  2.92  3.65  1.46
165   50     0.90  1.21  1.58  2.42  3.38  3.46  3.23  2.92  1.81  1.10  0.81  0.70     1.96  0.94  2.46  3.21  1.24
165   60     0.87  1.18  1.42  1.94  2.82  2.98  2.78  2.35  1.53  1.03  0.77  0.67     1.69  0.91  2.06  2.70  1.11
165   70     0.84  1.15  1.33  1.66  2.27  2.46  2.28  1.96  1.38  0.98  0.73  0.64     1.48  0.88  1.76  2.24  1.03
165   80     0.81  1.12  1.27  1.51  1.98  2.09  1.97  1.75  1.28  0.93  0.68  0.59     1.33  0.84  1.59  1.94  0.96
165   90     0.78  1.09  1.21  1.39  1.78  1.85  1.75  1.61  1.19  0.87  0.63  0.56     1.23  0.81  1.46  1.74  0.90
180   10     1.29  1.97  2.99  4.25  4.89  4.65  4.42  4.60  3.29  2.50  1.52  1.08     3.12  1.45  4.04  4.56  2.44
180   20     1.12  1.71  2.64  3.90  4.64  4.47  4.24  4.29  2.97  2.10  1.22  0.90     2.85  1.24  3.73  4.34  2.10
180   30     0.96  1.45  2.25  3.46  4.29  4.21  3.97  3.90  2.59  1.66  0.94  0.76     2.54  1.05  3.34  4.03  1.73
180   40     0.93  1.23  1.83  2.96  3.86  3.86  3.63  3.43  2.17  1.22  0.84  0.73     2.22  0.96  2.88  3.64  1.41
180   50     0.90  1.21  1.41  2.40  3.35  3.44  3.23  2.89  1.71  1.07  0.81  0.70     1.93  0.94  2.39  3.19  1.20
180   60     0.87  1.18  1.35  1.82  2.79  2.97  2.77  2.31  1.37  1.02  0.77  0.67     1.66  0.91  1.98  2.68  1.05
180   70     0.84  1.15  1.30  1.51  2.18  2.45  2.27  1.78  1.29  0.98  0.73  0.64     1.43  0.88  1.66  2.17  1.00
180   80     0.81  1.12  1.25  1.41  1.83  1.99  1.88  1.61  1.22  0.93  0.68  0.59     1.28  0.84  1.50  1.83  0.94
180   90     0.78  1.09  1.19  1.33  1.66  1.77  1.69  1.50  1.14  0.87  0.63  0.56     1.18  0.81  1.39  1.65  0.88
             52.2  47.7  35.6  21.1   8.2   3.4   5.3  15.1  27.9  43.7  52.4  53.2     25.6  50.6  20.5   7.9  40.1
             1.89  2.73  3.76  4.75  5.07  4.74  4.53  4.91  3.87  3.63  2.54  1.73     3.68  2.12  4.47  4.72  3.31
             1.77  2.61  3.72  4.74  4.92  4.51  4.35  4.86  3.87  3.49  2.34  1.59     3.56  1.99  4.46  4.57  3.23
             1.07  1.05  1.01  1.00  1.03  1.05  1.04  1.01  1.00  1.04  1.09  1.09     1.04  1.07  1.01  1.03  1.04
             1.21  1.18  1.13  1.04  0.98  0.95  0.96  1.01  1.08  1.22  1.29  1.25     1.11  1.21  1.05  0.97  1.20
temperature   2.4   2.4   5.0  10.3  15.2  19.3  23.4  25.1  21.0  15.2   9.9   5.3     12.9   3.4  10.2  22.6  15.4
diffusedrad  1.06  1.47  1.84  2.15  2.44  2.61  2.54  2.27  1.93  1.47  1.07  0.88     1.81  1.14  2.15  2.48  1.49
snow10cm     0.39  0.41  0.13  0.01  0.00  0.00  0.00  0.00  0.00  0.00  0.00  0.11     0.09  0.30  0.04  0.00  0.00
