2 56116   志賀            37  8.6  136 43.5    6
             1.39  2.16  3.28  4.48  4.94  4.67  4.43  4.86  3.62  2.94  1.81  1.23     3.32  1.60  4.24  4.65  2.79
             1.61  2.67  3.86  5.32  5.73  5.60  5.79  5.81  4.12  3.37  2.18  1.53     3.63  1.84  4.66  5.32  3.12
             1.18  1.80  2.74  3.84  4.14  3.95  3.45  3.59  2.96  2.41  1.20  0.99     3.02  1.35  3.84  3.75  2.32
  0   10     1.51  2.32  3.51  4.63  4.97  4.64  4.42  4.96  3.79  3.24  2.04  1.37     3.45  1.73  4.37  4.67  3.02
  0   20     1.61  2.47  3.67  4.68  4.90  4.53  4.33  4.95  3.90  3.48  2.23  1.48     3.52  1.85  4.42  4.61  3.20
  0   30     1.68  2.56  3.74  4.64  4.74  4.34  4.17  4.85  3.92  3.64  2.38  1.56     3.52  1.94  4.37  4.46  3.31
  0   40     1.72  2.62  3.74  4.50  4.48  4.08  3.93  4.64  3.86  3.71  2.47  1.61     3.45  1.98  4.24  4.22  3.35
  0   50     1.73  2.62  3.66  4.26  4.12  3.73  3.62  4.33  3.72  3.70  2.51  1.63     3.30  1.99  4.01  3.89  3.31
  0   60     1.71  2.57  3.50  3.93  3.70  3.33  3.25  3.93  3.50  3.60  2.49  1.62     3.09  1.97  3.71  3.50  3.20
  0   70     1.67  2.48  3.26  3.52  3.22  2.88  2.83  3.46  3.20  3.42  2.42  1.58     2.83  1.91  3.33  3.06  3.02
  0   80     1.59  2.34  2.97  3.05  2.69  2.41  2.38  2.94  2.85  3.17  2.29  1.50     2.51  1.81  2.90  2.58  2.77
  0   90     1.49  2.15  2.61  2.53  2.15  1.93  1.93  2.38  2.44  2.84  2.11  1.39     2.16  1.68  2.43  2.08  2.46
 15   10     1.51  2.32  3.50  4.62  4.97  4.64  4.42  4.95  3.78  3.23  2.03  1.36     3.44  1.73  4.36  4.67  3.01
 15   20     1.60  2.45  3.65  4.67  4.90  4.54  4.34  4.95  3.88  3.45  2.22  1.47     3.51  1.84  4.41  4.61  3.19
 15   30     1.67  2.54  3.71  4.63  4.74  4.35  4.17  4.85  3.90  3.60  2.36  1.55     3.51  1.92  4.36  4.46  3.29
 15   40     1.70  2.59  3.71  4.49  4.47  4.08  3.93  4.64  3.84  3.66  2.45  1.60     3.43  1.96  4.22  4.22  3.32
 15   50     1.71  2.59  3.62  4.25  4.14  3.75  3.63  4.34  3.70  3.64  2.48  1.61     3.29  1.97  4.01  3.91  3.27
 15   60     1.69  2.54  3.46  3.93  3.73  3.35  3.26  3.96  3.48  3.54  2.46  1.60     3.08  1.94  3.71  3.52  3.16
 15   70     1.64  2.44  3.23  3.53  3.26  2.92  2.86  3.50  3.19  3.35  2.38  1.55     2.82  1.88  3.34  3.10  2.98
 15   80     1.56  2.29  2.93  3.08  2.75  2.46  2.43  3.00  2.84  3.09  2.25  1.47     2.51  1.78  2.92  2.63  2.73
 15   90     1.46  2.11  2.57  2.57  2.23  2.00  1.99  2.45  2.44  2.76  2.08  1.37     2.17  1.65  2.46  2.15  2.43
 30   10     1.50  2.29  3.48  4.59  4.96  4.64  4.42  4.95  3.76  3.19  2.01  1.35     3.43  1.71  4.34  4.67  2.99
 30   20     1.57  2.41  3.60  4.63  4.90  4.54  4.34  4.94  3.84  3.38  2.17  1.44     3.48  1.81  4.38  4.61  3.13
 30   30     1.63  2.49  3.65  4.59  4.74  4.36  4.18  4.84  3.85  3.50  2.29  1.51     3.47  1.87  4.33  4.46  3.22
 30   40     1.66  2.51  3.63  4.45  4.51  4.11  3.95  4.65  3.78  3.54  2.36  1.54     3.39  1.90  4.19  4.24  3.23
 30   50     1.66  2.50  3.53  4.21  4.18  3.79  3.66  4.36  3.63  3.51  2.38  1.55     3.25  1.90  3.97  3.94  3.17
 30   60     1.63  2.44  3.37  3.91  3.80  3.42  3.32  4.01  3.42  3.39  2.35  1.52     3.05  1.86  3.69  3.58  3.05
 30   70     1.57  2.33  3.13  3.53  3.36  3.01  2.94  3.58  3.14  3.19  2.26  1.47     2.79  1.79  3.34  3.18  2.86
 30   80     1.49  2.19  2.84  3.10  2.90  2.58  2.53  3.12  2.80  2.94  2.12  1.39     2.50  1.69  2.95  2.74  2.62
 30   90     1.39  2.00  2.51  2.64  2.42  2.16  2.13  2.63  2.43  2.62  1.94  1.28     2.18  1.56  2.52  2.31  2.33
 45   10     1.47  2.26  3.44  4.56  4.95  4.63  4.41  4.93  3.73  3.13  1.97  1.32     3.40  1.69  4.32  4.66  2.94
 45   20     1.53  2.35  3.53  4.58  4.89  4.54  4.33  4.91  3.79  3.28  2.10  1.39     3.43  1.76  4.33  4.59  3.06
 45   30     1.57  2.40  3.54  4.51  4.74  4.37  4.18  4.81  3.77  3.36  2.18  1.44     3.41  1.80  4.27  4.45  3.11
 45   40     1.58  2.40  3.51  4.36  4.51  4.12  3.96  4.62  3.68  3.36  2.22  1.46     3.31  1.81  4.13  4.23  3.09
 45   50     1.56  2.37  3.40  4.14  4.22  3.83  3.68  4.36  3.53  3.31  2.22  1.45     3.17  1.79  3.92  3.96  3.02
 45   60     1.52  2.29  3.22  3.84  3.86  3.49  3.36  4.03  3.31  3.18  2.17  1.41     2.97  1.74  3.64  3.63  2.89
 45   70     1.46  2.18  3.00  3.50  3.46  3.11  3.00  3.64  3.05  2.98  2.07  1.35     2.73  1.66  3.32  3.25  2.70
 45   80     1.38  2.03  2.72  3.10  3.04  2.72  2.64  3.22  2.74  2.74  1.93  1.26     2.46  1.56  2.95  2.86  2.47
 45   90     1.27  1.86  2.42  2.69  2.60  2.33  2.27  2.77  2.40  2.44  1.75  1.16     2.16  1.43  2.57  2.46  2.20
 60   10     1.45  2.22  3.38  4.52  4.94  4.63  4.40  4.90  3.68  3.07  1.92  1.29     3.37  1.65  4.28  4.64  2.89
 60   20     1.48  2.27  3.43  4.50  4.86  4.53  4.31  4.86  3.70  3.15  2.00  1.34     3.37  1.70  4.26  4.57  2.95
 60   30     1.49  2.28  3.42  4.41  4.72  4.36  4.16  4.75  3.65  3.18  2.04  1.36     3.32  1.71  4.18  4.42  2.96
 60   40     1.48  2.26  3.34  4.25  4.50  4.14  3.95  4.57  3.56  3.15  2.05  1.35     3.22  1.70  4.03  4.22  2.92
 60   50     1.45  2.21  3.22  4.02  4.21  3.85  3.69  4.31  3.39  3.06  2.02  1.32     3.06  1.66  3.82  3.95  2.82
 60   60     1.40  2.12  3.04  3.75  3.89  3.54  3.39  4.01  3.18  2.92  1.95  1.28     2.87  1.60  3.56  3.64  2.69
 60   70     1.33  2.00  2.83  3.42  3.52  3.19  3.06  3.65  2.92  2.73  1.85  1.21     2.64  1.51  3.25  3.30  2.50
 60   80     1.24  1.87  2.57  3.06  3.13  2.81  2.71  3.26  2.64  2.50  1.71  1.12     2.38  1.41  2.92  2.93  2.28
 60   90     1.15  1.70  2.29  2.69  2.74  2.45  2.36  2.87  2.33  2.23  1.55  1.02     2.11  1.29  2.57  2.56  2.04
 75   10     1.42  2.17  3.32  4.47  4.92  4.62  4.39  4.86  3.63  2.99  1.86  1.26     3.33  1.62  4.24  4.63  2.82
 75   20     1.42  2.18  3.31  4.41  4.83  4.52  4.29  4.80  3.60  3.00  1.89  1.27     3.29  1.62  4.18  4.54  2.83
 75   30     1.41  2.15  3.26  4.29  4.67  4.35  4.13  4.67  3.52  2.98  1.88  1.26     3.21  1.61  4.07  4.38  2.79
 75   40     1.37  2.10  3.16  4.10  4.46  4.12  3.93  4.47  3.39  2.90  1.86  1.23     3.09  1.57  3.90  4.17  2.71
 75   50     1.33  2.03  3.01  3.88  4.18  3.85  3.67  4.23  3.22  2.79  1.80  1.19     2.93  1.51  3.69  3.92  2.60
 75   60     1.27  1.93  2.83  3.60  3.86  3.54  3.38  3.93  3.00  2.63  1.71  1.13     2.73  1.44  3.43  3.62  2.45
 75   70     1.19  1.81  2.62  3.29  3.53  3.22  3.07  3.60  2.77  2.45  1.61  1.06     2.52  1.35  3.15  3.29  2.28
 75   80     1.11  1.69  2.39  2.96  3.16  2.87  2.75  3.24  2.50  2.23  1.48  0.97     2.28  1.26  2.84  2.95  2.07
 75   90     1.02  1.54  2.13  2.61  2.78  2.52  2.41  2.86  2.22  2.00  1.34  0.88     2.03  1.15  2.51  2.60  1.85
 90   10     1.38  2.12  3.26  4.41  4.90  4.61  4.38  4.82  3.57  2.90  1.79  1.22     3.28  1.58  4.19  4.61  2.75
 90   20     1.35  2.08  3.19  4.30  4.78  4.50  4.27  4.72  3.49  2.84  1.76  1.20     3.21  1.54  4.09  4.50  2.70
 90   30     1.31  2.02  3.08  4.14  4.60  4.32  4.09  4.55  3.37  2.74  1.71  1.16     3.09  1.50  3.94  4.32  2.61
 90   40     1.26  1.94  2.94  3.92  4.37  4.09  3.88  4.33  3.21  2.63  1.65  1.11     2.94  1.44  3.75  4.10  2.50
 90   50     1.20  1.85  2.78  3.67  4.10  3.82  3.62  4.08  3.01  2.48  1.57  1.06     2.77  1.37  3.52  3.84  2.36
 90   60     1.14  1.74  2.59  3.40  3.79  3.51  3.34  3.79  2.80  2.33  1.47  0.99     2.58  1.29  3.26  3.55  2.20
 90   70     1.07  1.63  2.39  3.10  3.45  3.19  3.03  3.47  2.57  2.14  1.37  0.92     2.36  1.21  2.98  3.23  2.03
 90   80     0.99  1.51  2.17  2.80  3.12  2.87  2.72  3.13  2.32  1.95  1.26  0.84     2.14  1.11  2.69  2.91  1.84
 90   90     0.92  1.39  1.95  2.49  2.77  2.54  2.41  2.80  2.07  1.74  1.13  0.76     1.92  1.02  2.40  2.58  1.65
105   10     1.35  2.07  3.19  4.36  4.87  4.61  4.37  4.78  3.51  2.82  1.72  1.19     3.24  1.53  4.14  4.58  2.68
105   20     1.29  1.98  3.06  4.19  4.73  4.48  4.24  4.63  3.38  2.67  1.64  1.13     3.12  1.47  3.99  4.45  2.56
105   30     1.23  1.88  2.89  3.97  4.52  4.28  4.05  4.42  3.20  2.51  1.54  1.06     2.96  1.39  3.79  4.25  2.42
105   40     1.16  1.77  2.71  3.72  4.26  4.03  3.81  4.16  3.00  2.34  1.45  1.00     2.78  1.31  3.56  4.00  2.26
105   50     1.09  1.67  2.53  3.44  3.97  3.75  3.54  3.88  2.79  2.18  1.35  0.93     2.59  1.23  3.31  3.72  2.10
105   60     1.03  1.55  2.34  3.15  3.65  3.44  3.25  3.58  2.56  2.01  1.25  0.86     2.39  1.15  3.05  3.42  1.94
105   70     0.96  1.45  2.13  2.87  3.32  3.12  2.95  3.27  2.34  1.83  1.15  0.80     2.18  1.07  2.78  3.11  1.77
105   80     0.89  1.34  1.94  2.58  2.99  2.79  2.64  2.96  2.11  1.66  1.05  0.73     1.98  0.99  2.50  2.80  1.61
105   90     0.83  1.25  1.75  2.29  2.67  2.48  2.35  2.64  1.89  1.49  0.94  0.66     1.77  0.91  2.24  2.49  1.44
120   10     1.32  2.02  3.13  4.31  4.85  4.60  4.35  4.74  3.46  2.73  1.66  1.15     3.19  1.50  4.09  4.56  2.62
120   20     1.23  1.89  2.93  4.08  4.68  4.45  4.21  4.54  3.26  2.51  1.51  1.06     3.03  1.39  3.90  4.40  2.43
120   30     1.14  1.75  2.71  3.80  4.43  4.23  4.00  4.27  3.03  2.28  1.37  0.97     2.83  1.29  3.65  4.17  2.23
120   40     1.07  1.61  2.48  3.49  4.13  3.96  3.73  3.96  2.79  2.06  1.25  0.90     2.62  1.19  3.37  3.88  2.03
120   50     1.00  1.49  2.27  3.18  3.79  3.64  3.43  3.64  2.54  1.87  1.14  0.83     2.40  1.11  3.08  3.57  1.85
120   60     0.93  1.39  2.06  2.87  3.46  3.32  3.13  3.31  2.31  1.69  1.05  0.76     2.19  1.03  2.80  3.25  1.68
120   70     0.88  1.30  1.88  2.58  3.13  2.99  2.82  3.00  2.09  1.54  0.96  0.71     1.99  0.96  2.53  2.94  1.53
120   80     0.82  1.21  1.71  2.32  2.80  2.67  2.52  2.71  1.88  1.39  0.88  0.65     1.80  0.89  2.28  2.63  1.38
120   90     0.77  1.13  1.54  2.07  2.49  2.37  2.23  2.43  1.69  1.26  0.79  0.59     1.61  0.83  2.04  2.34  1.25
135   10     1.29  1.98  3.07  4.26  4.83  4.59  4.34  4.70  3.41  2.66  1.61  1.12     3.15  1.46  4.05  4.54  2.56
135   20     1.18  1.80  2.81  3.98  4.63  4.43  4.18  4.46  3.16  2.36  1.41  1.00     2.95  1.33  3.81  4.36  2.31
135   30     1.07  1.63  2.53  3.64  4.33  4.19  3.95  4.14  2.88  2.07  1.23  0.89     2.71  1.20  3.50  4.09  2.06
135   40     0.99  1.47  2.26  3.26  3.98  3.88  3.65  3.76  2.58  1.80  1.08  0.81     2.46  1.09  3.17  3.76  1.82
135   50     0.93  1.35  2.01  2.90  3.59  3.53  3.31  3.38  2.29  1.58  0.97  0.75     2.21  1.01  2.84  3.40  1.61
135   60     0.88  1.25  1.81  2.57  3.21  3.16  2.97  3.01  2.04  1.41  0.89  0.70     1.99  0.94  2.53  3.04  1.45
135   70     0.83  1.17  1.64  2.28  2.86  2.81  2.65  2.69  1.83  1.27  0.82  0.65     1.79  0.88  2.26  2.71  1.31
135   80     0.79  1.10  1.48  2.04  2.55  2.50  2.35  2.40  1.65  1.15  0.75  0.60     1.61  0.83  2.02  2.42  1.19
135   90     0.74  1.04  1.36  1.81  2.28  2.21  2.09  2.15  1.48  1.06  0.69  0.56     1.46  0.78  1.81  2.15  1.08
150   10     1.27  1.95  3.02  4.22  4.81  4.59  4.34  4.67  3.37  2.60  1.56  1.10     3.13  1.44  4.02  4.53  2.51
150   20     1.14  1.74  2.72  3.90  4.59  4.42  4.17  4.39  3.08  2.24  1.32  0.95     2.89  1.27  3.74  4.33  2.21
150   30     1.01  1.52  2.38  3.51  4.27  4.17  3.92  4.02  2.74  1.88  1.10  0.83     2.61  1.12  3.39  4.04  1.90
150   40     0.93  1.34  2.05  3.07  3.87  3.84  3.59  3.58  2.38  1.55  0.93  0.75     2.32  1.01  3.00  3.67  1.62
150   50     0.89  1.23  1.77  2.63  3.41  3.44  3.21  3.11  2.05  1.31  0.84  0.71     2.05  0.94  2.60  3.25  1.40
150   60     0.85  1.15  1.56  2.25  2.95  3.00  2.80  2.68  1.78  1.17  0.79  0.68     1.80  0.89  2.25  2.83  1.25
150   70     0.82  1.10  1.42  1.96  2.56  2.60  2.44  2.34  1.59  1.07  0.74  0.64     1.61  0.85  1.98  2.46  1.13
150   80     0.78  1.05  1.31  1.74  2.25  2.28  2.15  2.08  1.44  1.00  0.69  0.59     1.45  0.81  1.77  2.17  1.04
150   90     0.74  1.00  1.21  1.58  2.01  2.02  1.91  1.87  1.31  0.93  0.64  0.55     1.31  0.76  1.60  1.93  0.96
165   10     1.26  1.93  3.00  4.21  4.80  4.58  4.33  4.66  3.35  2.57  1.53  1.08     3.11  1.42  4.00  4.52  2.48
165   20     1.11  1.69  2.66  3.86  4.57  4.41  4.16  4.36  3.03  2.17  1.26  0.92     2.85  1.24  3.70  4.31  2.15
165   30     0.97  1.45  2.28  3.44  4.24  4.16  3.90  3.96  2.65  1.74  1.00  0.78     2.55  1.07  3.32  4.01  1.80
165   40     0.92  1.24  1.89  2.95  3.82  3.82  3.57  3.49  2.24  1.35  0.85  0.74     2.24  0.97  2.89  3.63  1.48
165   50     0.89  1.16  1.54  2.42  3.34  3.42  3.18  2.95  1.83  1.10  0.82  0.71     1.95  0.92  2.43  3.19  1.25
165   60     0.85  1.13  1.37  1.94  2.79  2.96  2.74  2.37  1.54  1.03  0.78  0.68     1.68  0.89  2.03  2.69  1.11
165   70     0.82  1.09  1.27  1.66  2.26  2.45  2.26  1.97  1.39  0.98  0.73  0.64     1.46  0.85  1.73  2.23  1.03
165   80     0.78  1.04  1.20  1.50  1.96  2.07  1.95  1.76  1.28  0.93  0.69  0.59     1.31  0.80  1.55  1.93  0.96
165   90     0.74  1.00  1.13  1.38  1.77  1.84  1.74  1.61  1.19  0.88  0.64  0.55     1.20  0.76  1.43  1.73  0.90
180   10     1.25  1.92  2.99  4.21  4.80  4.58  4.33  4.65  3.34  2.56  1.52  1.07     3.10  1.42  4.00  4.52  2.47
180   20     1.10  1.68  2.64  3.86  4.56  4.41  4.15  4.34  3.01  2.13  1.23  0.91     2.84  1.23  3.69  4.30  2.13
180   30     0.95  1.42  2.24  3.44  4.22  4.15  3.90  3.95  2.62  1.68  0.96  0.77     2.52  1.04  3.30  4.00  1.75
180   40     0.92  1.19  1.81  2.95  3.80  3.81  3.57  3.47  2.19  1.23  0.85  0.74     2.21  0.95  2.85  3.62  1.42
180   50     0.89  1.16  1.37  2.40  3.31  3.41  3.18  2.93  1.73  1.06  0.82  0.71     1.91  0.92  2.36  3.17  1.20
180   60     0.85  1.13  1.30  1.83  2.77  2.94  2.73  2.34  1.37  1.02  0.78  0.68     1.64  0.89  1.96  2.67  1.06
180   70     0.82  1.09  1.24  1.51  2.18  2.44  2.25  1.79  1.29  0.97  0.73  0.64     1.41  0.85  1.64  2.16  1.00
180   80     0.78  1.04  1.18  1.41  1.82  1.98  1.86  1.62  1.22  0.93  0.69  0.59     1.26  0.80  1.47  1.82  0.94
180   90     0.74  1.00  1.11  1.33  1.66  1.76  1.67  1.50  1.14  0.88  0.64  0.55     1.16  0.76  1.36  1.64  0.89
             48.9  45.4  34.6  21.2   8.0   3.2   5.1  14.0  27.8  43.7  51.8  51.1     25.1  48.0  20.2   7.8  39.9
             1.73  2.62  3.75  4.69  4.97  4.66  4.43  4.96  3.92  3.72  2.51  1.63     3.63  2.00  4.42  4.67  3.35
             1.65  2.52  3.71  4.68  4.83  4.45  4.26  4.91  3.92  3.57  2.31  1.52     3.53  1.90  4.41  4.54  3.27
             1.05  1.04  1.01  1.00  1.03  1.05  1.04  1.01  1.00  1.04  1.09  1.07     1.04  1.05  1.01  1.03  1.04
             1.19  1.17  1.13  1.04  0.98  0.95  0.96  1.01  1.08  1.21  1.28  1.24     1.10  1.20  1.05  0.97  1.19
temperature   3.2   3.2   5.8  11.1  15.8  20.0  24.0  25.9  21.7  15.9  10.7   6.2     13.6   4.2  10.9  23.3  16.1
diffusedrad  1.04  1.44  1.82  2.16  2.44  2.61  2.53  2.27  1.94  1.48  1.07  0.87     1.81  1.12  2.14  2.47  1.50
snow10cm     0.33  0.29  0.04  0.00  0.00  0.00  0.00  0.00  0.00  0.00  0.00  0.08     0.06  0.23  0.01  0.00  0.00
