1 56227   金沢            36 35.3  136   38    6
             1.51  2.26  3.29  4.45  4.90  4.53  4.43  4.86  3.59  2.93  1.92  1.40     3.34  1.72  4.21  4.61  2.81
             1.72  2.76  3.85  5.10  5.69  5.48  5.81  5.90  4.11  3.39  2.22  1.77     3.59  1.97  4.51  5.32  3.12
             1.24  1.92  2.77  3.74  4.13  3.82  3.27  3.41  3.03  2.32  1.44  1.15     3.03  1.52  3.75  3.63  2.45
  0   10     1.67  2.43  3.51  4.59  4.92  4.50  4.41  4.96  3.75  3.22  2.17  1.58     3.48  1.89  4.34  4.62  3.05
  0   20     1.79  2.58  3.66  4.64  4.84  4.39  4.33  4.95  3.85  3.45  2.39  1.74     3.55  2.04  4.38  4.55  3.23
  0   30     1.88  2.69  3.73  4.59  4.68  4.21  4.16  4.84  3.87  3.60  2.55  1.86     3.56  2.14  4.34  4.40  3.34
  0   40     1.94  2.74  3.73  4.45  4.42  3.95  3.92  4.63  3.81  3.67  2.66  1.94     3.49  2.21  4.20  4.16  3.38
  0   50     1.96  2.75  3.65  4.20  4.07  3.61  3.60  4.31  3.66  3.65  2.70  1.98     3.35  2.23  3.97  3.84  3.34
  0   60     1.94  2.70  3.49  3.87  3.65  3.23  3.23  3.91  3.44  3.55  2.69  1.97     3.14  2.21  3.67  3.45  3.22
  0   70     1.90  2.61  3.26  3.46  3.17  2.80  2.81  3.44  3.15  3.37  2.61  1.93     2.87  2.14  3.30  3.02  3.04
  0   80     1.81  2.46  2.96  2.99  2.64  2.34  2.36  2.92  2.79  3.11  2.47  1.84     2.56  2.04  2.87  2.54  2.79
  0   90     1.70  2.27  2.62  2.48  2.11  1.89  1.91  2.35  2.39  2.78  2.27  1.72     2.21  1.90  2.40  2.05  2.48
 15   10     1.66  2.42  3.50  4.57  4.92  4.50  4.41  4.96  3.75  3.21  2.16  1.58     3.47  1.89  4.33  4.62  3.04
 15   20     1.78  2.56  3.64  4.63  4.85  4.39  4.33  4.95  3.84  3.42  2.37  1.73     3.54  2.02  4.37  4.56  3.21
 15   30     1.86  2.67  3.71  4.58  4.68  4.21  4.16  4.84  3.85  3.56  2.53  1.84     3.54  2.12  4.32  4.40  3.32
 15   40     1.92  2.71  3.70  4.43  4.42  3.95  3.92  4.63  3.78  3.62  2.63  1.92     3.47  2.18  4.18  4.17  3.35
 15   50     1.93  2.71  3.61  4.20  4.09  3.63  3.61  4.33  3.64  3.59  2.67  1.95     3.33  2.20  3.96  3.86  3.30
 15   60     1.92  2.66  3.45  3.88  3.67  3.25  3.24  3.94  3.42  3.48  2.65  1.94     3.13  2.17  3.67  3.48  3.19
 15   70     1.87  2.56  3.22  3.48  3.21  2.84  2.84  3.48  3.13  3.30  2.57  1.90     2.87  2.11  3.30  3.05  3.00
 15   80     1.78  2.42  2.93  3.02  2.70  2.39  2.40  2.97  2.79  3.04  2.43  1.81     2.56  2.00  2.88  2.59  2.75
 15   90     1.66  2.23  2.58  2.53  2.19  1.95  1.96  2.43  2.39  2.71  2.24  1.68     2.21  1.86  2.43  2.12  2.45
 30   10     1.64  2.40  3.48  4.55  4.91  4.50  4.41  4.95  3.73  3.18  2.14  1.56     3.45  1.87  4.31  4.62  3.01
 30   20     1.74  2.52  3.60  4.59  4.85  4.40  4.33  4.94  3.80  3.36  2.32  1.69     3.51  1.99  4.34  4.55  3.16
 30   30     1.82  2.60  3.65  4.54  4.69  4.22  4.17  4.84  3.81  3.47  2.46  1.78     3.50  2.07  4.29  4.41  3.25
 30   40     1.86  2.63  3.62  4.39  4.45  3.98  3.94  4.64  3.73  3.51  2.54  1.85     3.43  2.11  4.15  4.18  3.26
 30   50     1.86  2.62  3.52  4.15  4.12  3.67  3.64  4.35  3.58  3.46  2.56  1.87     3.28  2.12  3.93  3.89  3.20
 30   60     1.84  2.56  3.36  3.85  3.75  3.31  3.30  3.99  3.36  3.34  2.52  1.85     3.09  2.08  3.65  3.53  3.08
 30   70     1.78  2.45  3.13  3.47  3.31  2.92  2.92  3.56  3.08  3.14  2.43  1.79     2.83  2.01  3.30  3.13  2.89
 30   80     1.69  2.30  2.84  3.05  2.85  2.51  2.51  3.10  2.75  2.89  2.29  1.70     2.54  1.90  2.92  2.71  2.64
 30   90     1.57  2.11  2.52  2.59  2.38  2.10  2.11  2.61  2.39  2.57  2.09  1.57     2.22  1.75  2.50  2.27  2.35
 45   10     1.62  2.36  3.44  4.52  4.91  4.49  4.41  4.93  3.69  3.12  2.10  1.53     3.43  1.84  4.29  4.61  2.97
 45   20     1.69  2.46  3.53  4.53  4.84  4.40  4.32  4.91  3.75  3.26  2.24  1.63     3.46  1.93  4.30  4.54  3.08
 45   30     1.74  2.51  3.54  4.47  4.69  4.23  4.17  4.81  3.73  3.33  2.34  1.70     3.44  1.98  4.23  4.40  3.13
 45   40     1.76  2.52  3.50  4.31  4.45  3.99  3.94  4.62  3.63  3.33  2.38  1.73     3.35  2.00  4.09  4.18  3.12
 45   50     1.75  2.48  3.39  4.09  4.17  3.71  3.67  4.35  3.48  3.27  2.38  1.74     3.21  1.99  3.88  3.91  3.05
 45   60     1.71  2.40  3.22  3.79  3.81  3.38  3.35  4.01  3.26  3.14  2.33  1.70     3.01  1.94  3.61  3.58  2.91
 45   70     1.64  2.29  3.00  3.45  3.41  3.01  2.99  3.63  3.00  2.94  2.22  1.64     2.77  1.86  3.29  3.21  2.72
 45   80     1.55  2.14  2.73  3.05  2.99  2.64  2.62  3.20  2.69  2.69  2.07  1.54     2.49  1.74  2.92  2.82  2.48
 45   90     1.43  1.96  2.43  2.64  2.56  2.26  2.25  2.75  2.36  2.40  1.89  1.41     2.20  1.60  2.55  2.42  2.21
 60   10     1.58  2.32  3.39  4.48  4.89  4.49  4.40  4.90  3.65  3.06  2.04  1.49     3.39  1.80  4.25  4.60  2.92
 60   20     1.63  2.37  3.43  4.46  4.81  4.39  4.31  4.87  3.67  3.14  2.13  1.55     3.40  1.85  4.24  4.52  2.98
 60   30     1.65  2.39  3.42  4.36  4.67  4.23  4.16  4.75  3.62  3.16  2.19  1.59     3.35  1.87  4.15  4.38  2.99
 60   40     1.64  2.37  3.34  4.21  4.45  4.00  3.94  4.57  3.51  3.13  2.20  1.59     3.25  1.87  4.00  4.17  2.94
 60   50     1.62  2.31  3.22  3.98  4.16  3.73  3.68  4.31  3.35  3.03  2.16  1.57     3.09  1.83  3.79  3.90  2.84
 60   60     1.56  2.22  3.05  3.70  3.84  3.42  3.38  4.00  3.14  2.89  2.09  1.53     2.90  1.77  3.53  3.60  2.71
 60   70     1.48  2.11  2.83  3.37  3.48  3.08  3.05  3.64  2.88  2.70  1.98  1.45     2.67  1.68  3.23  3.26  2.52
 60   80     1.39  1.97  2.58  3.02  3.08  2.72  2.70  3.24  2.60  2.46  1.83  1.35     2.41  1.57  2.90  2.89  2.30
 60   90     1.28  1.80  2.31  2.65  2.70  2.38  2.35  2.85  2.29  2.20  1.66  1.23     2.14  1.44  2.55  2.53  2.05
 75   10     1.55  2.27  3.33  4.43  4.88  4.48  4.39  4.87  3.60  2.98  1.97  1.44     3.35  1.75  4.21  4.58  2.85
 75   20     1.55  2.27  3.32  4.37  4.78  4.38  4.29  4.80  3.57  2.99  2.01  1.46     3.32  1.76  4.16  4.49  2.86
 75   30     1.54  2.25  3.26  4.25  4.62  4.21  4.13  4.67  3.49  2.96  2.01  1.46     3.24  1.75  4.04  4.34  2.82
 75   40     1.51  2.20  3.16  4.06  4.41  3.99  3.92  4.47  3.35  2.88  1.98  1.44     3.12  1.72  3.88  4.13  2.74
 75   50     1.47  2.12  3.02  3.84  4.14  3.73  3.67  4.22  3.19  2.77  1.92  1.40     2.96  1.66  3.66  3.87  2.63
 75   60     1.40  2.03  2.84  3.56  3.82  3.42  3.37  3.92  2.97  2.60  1.83  1.34     2.76  1.59  3.40  3.57  2.47
 75   70     1.32  1.90  2.63  3.25  3.48  3.11  3.06  3.59  2.73  2.43  1.72  1.26     2.54  1.50  3.12  3.25  2.29
 75   80     1.24  1.78  2.40  2.93  3.13  2.78  2.74  3.24  2.47  2.20  1.58  1.16     2.30  1.39  2.82  2.92  2.08
 75   90     1.14  1.63  2.15  2.58  2.75  2.44  2.41  2.86  2.19  1.98  1.43  1.06     2.05  1.27  2.49  2.57  1.87
 90   10     1.50  2.21  3.27  4.38  4.85  4.47  4.38  4.83  3.54  2.90  1.90  1.39     3.30  1.70  4.17  4.56  2.78
 90   20     1.48  2.17  3.19  4.27  4.74  4.36  4.27  4.73  3.46  2.83  1.87  1.37     3.23  1.67  4.07  4.45  2.72
 90   30     1.43  2.11  3.08  4.11  4.56  4.19  4.09  4.56  3.34  2.74  1.82  1.33     3.11  1.62  3.92  4.28  2.63
 90   40     1.38  2.02  2.95  3.89  4.33  3.96  3.88  4.34  3.18  2.62  1.75  1.28     2.97  1.56  3.73  4.06  2.52
 90   50     1.32  1.93  2.79  3.64  4.06  3.70  3.62  4.08  2.98  2.47  1.67  1.22     2.79  1.49  3.50  3.80  2.38
 90   60     1.25  1.83  2.60  3.37  3.75  3.40  3.34  3.79  2.78  2.31  1.57  1.15     2.60  1.41  3.24  3.51  2.22
 90   70     1.17  1.71  2.41  3.07  3.42  3.09  3.03  3.47  2.54  2.13  1.46  1.07     2.38  1.32  2.97  3.19  2.04
 90   80     1.09  1.59  2.19  2.77  3.09  2.77  2.72  3.13  2.30  1.94  1.34  0.98     2.16  1.22  2.68  2.87  1.86
 90   90     1.01  1.47  1.98  2.46  2.74  2.46  2.41  2.80  2.05  1.73  1.21  0.89     1.93  1.12  2.40  2.55  1.66
105   10     1.46  2.16  3.20  4.33  4.83  4.47  4.37  4.79  3.49  2.81  1.83  1.34     3.26  1.65  4.12  4.54  2.71
105   20     1.40  2.06  3.07  4.16  4.69  4.34  4.24  4.64  3.35  2.67  1.73  1.27     3.14  1.58  3.97  4.41  2.59
105   30     1.33  1.96  2.91  3.95  4.48  4.15  4.05  4.43  3.18  2.51  1.63  1.20     2.98  1.49  3.78  4.21  2.44
105   40     1.25  1.85  2.73  3.69  4.23  3.91  3.81  4.17  2.98  2.34  1.53  1.13     2.80  1.41  3.55  3.96  2.29
105   50     1.18  1.74  2.54  3.42  3.94  3.63  3.54  3.88  2.77  2.18  1.42  1.06     2.61  1.33  3.30  3.69  2.12
105   60     1.11  1.63  2.36  3.13  3.62  3.34  3.25  3.59  2.54  2.00  1.33  0.98     2.40  1.24  3.04  3.39  1.96
105   70     1.04  1.52  2.15  2.85  3.29  3.02  2.95  3.28  2.32  1.83  1.22  0.91     2.20  1.16  2.77  3.08  1.79
105   80     0.96  1.41  1.97  2.56  2.96  2.71  2.64  2.96  2.09  1.66  1.12  0.83     1.99  1.07  2.50  2.77  1.62
105   90     0.90  1.32  1.78  2.28  2.65  2.41  2.35  2.64  1.87  1.48  1.00  0.76     1.78  0.99  2.23  2.46  1.45
120   10     1.43  2.11  3.14  4.28  4.81  4.46  4.35  4.75  3.44  2.73  1.76  1.29     3.21  1.61  4.07  4.52  2.64
120   20     1.32  1.96  2.94  4.06  4.64  4.32  4.21  4.55  3.25  2.52  1.60  1.18     3.05  1.49  3.88  4.36  2.45
120   30     1.23  1.82  2.73  3.78  4.39  4.11  4.00  4.29  3.02  2.29  1.45  1.08     2.85  1.37  3.63  4.13  2.25
120   40     1.14  1.68  2.50  3.48  4.10  3.84  3.73  3.98  2.78  2.07  1.31  0.99     2.63  1.27  3.36  3.85  2.05
120   50     1.06  1.56  2.29  3.17  3.77  3.54  3.44  3.65  2.54  1.87  1.20  0.91     2.42  1.18  3.07  3.54  1.87
120   60     0.99  1.45  2.09  2.86  3.43  3.23  3.13  3.33  2.30  1.69  1.10  0.84     2.20  1.09  2.79  3.23  1.70
120   70     0.93  1.36  1.91  2.57  3.10  2.91  2.82  3.01  2.08  1.54  1.00  0.78     2.00  1.02  2.53  2.91  1.54
120   80     0.87  1.27  1.74  2.31  2.78  2.60  2.52  2.72  1.87  1.39  0.92  0.71     1.81  0.95  2.28  2.61  1.39
120   90     0.82  1.19  1.57  2.06  2.47  2.30  2.23  2.43  1.68  1.26  0.83  0.66     1.63  0.89  2.04  2.32  1.26
135   10     1.39  2.06  3.08  4.23  4.79  4.45  4.34  4.71  3.39  2.66  1.70  1.25     3.17  1.57  4.04  4.50  2.58
135   20     1.26  1.87  2.83  3.96  4.59  4.30  4.19  4.47  3.15  2.37  1.48  1.10     2.96  1.41  3.79  4.32  2.34
135   30     1.13  1.69  2.55  3.62  4.31  4.08  3.95  4.15  2.87  2.08  1.28  0.97     2.72  1.26  3.49  4.06  2.08
135   40     1.04  1.53  2.28  3.26  3.96  3.78  3.65  3.78  2.57  1.81  1.12  0.87     2.47  1.14  3.17  3.74  1.84
135   50     0.97  1.40  2.04  2.90  3.57  3.44  3.32  3.39  2.29  1.59  1.00  0.80     2.23  1.05  2.84  3.38  1.63
135   60     0.91  1.30  1.84  2.56  3.20  3.08  2.97  3.02  2.04  1.42  0.92  0.74     2.00  0.98  2.53  3.03  1.46
135   70     0.86  1.22  1.67  2.28  2.85  2.75  2.65  2.70  1.83  1.28  0.84  0.69     1.80  0.93  2.27  2.70  1.32
135   80     0.82  1.16  1.52  2.03  2.54  2.44  2.35  2.41  1.65  1.16  0.78  0.64     1.62  0.87  2.03  2.40  1.20
135   90     0.78  1.10  1.39  1.80  2.26  2.16  2.09  2.16  1.48  1.06  0.71  0.60     1.47  0.82  1.82  2.13  1.09
150   10     1.37  2.03  3.04  4.20  4.77  4.45  4.34  4.68  3.36  2.61  1.65  1.22     3.14  1.54  4.00  4.49  2.54
150   20     1.21  1.80  2.74  3.89  4.56  4.29  4.17  4.41  3.07  2.26  1.38  1.03     2.90  1.35  3.73  4.29  2.24
150   30     1.06  1.58  2.41  3.50  4.25  4.05  3.92  4.04  2.74  1.90  1.14  0.88     2.62  1.17  3.39  4.01  1.93
150   40     0.96  1.39  2.08  3.07  3.85  3.74  3.60  3.61  2.39  1.58  0.96  0.78     2.33  1.04  3.00  3.65  1.64
150   50     0.91  1.27  1.80  2.63  3.40  3.36  3.22  3.13  2.06  1.34  0.86  0.73     2.06  0.97  2.61  3.24  1.42
150   60     0.88  1.19  1.60  2.25  2.94  2.94  2.81  2.70  1.79  1.18  0.80  0.70     1.82  0.92  2.26  2.82  1.26
150   70     0.84  1.14  1.45  1.96  2.55  2.55  2.45  2.35  1.59  1.08  0.75  0.66     1.62  0.88  1.99  2.45  1.14
150   80     0.81  1.10  1.34  1.74  2.25  2.24  2.15  2.09  1.44  1.00  0.71  0.62     1.46  0.84  1.78  2.16  1.05
150   90     0.77  1.05  1.25  1.58  2.00  1.98  1.90  1.88  1.31  0.94  0.66  0.58     1.33  0.80  1.61  1.92  0.97
165   10     1.35  2.01  3.01  4.18  4.76  4.45  4.33  4.67  3.33  2.57  1.62  1.20     3.12  1.52  3.99  4.48  2.51
165   20     1.17  1.76  2.68  3.85  4.54  4.29  4.16  4.37  3.02  2.18  1.31  0.99     2.86  1.31  3.69  4.27  2.17
165   30     1.00  1.50  2.31  3.44  4.21  4.05  3.91  3.98  2.66  1.77  1.03  0.81     2.56  1.11  3.32  3.98  1.82
165   40     0.94  1.28  1.92  2.96  3.81  3.73  3.59  3.52  2.25  1.38  0.86  0.76     2.25  0.99  2.90  3.61  1.50
165   50     0.91  1.19  1.58  2.44  3.33  3.34  3.20  2.98  1.85  1.13  0.82  0.73     1.96  0.95  2.45  3.17  1.26
165   60     0.88  1.16  1.40  1.95  2.80  2.90  2.75  2.40  1.55  1.04  0.79  0.70     1.69  0.91  2.05  2.69  1.13
165   70     0.84  1.12  1.31  1.67  2.26  2.42  2.28  1.99  1.40  0.99  0.74  0.66     1.47  0.88  1.75  2.23  1.04
165   80     0.81  1.09  1.24  1.51  1.96  2.05  1.95  1.77  1.29  0.94  0.70  0.62     1.33  0.84  1.57  1.92  0.98
165   90     0.77  1.04  1.17  1.39  1.76  1.81  1.74  1.61  1.20  0.89  0.65  0.58     1.22  0.80  1.44  1.72  0.91
180   10     1.34  2.00  3.00  4.18  4.76  4.44  4.33  4.66  3.32  2.56  1.61  1.19     3.12  1.51  3.98  4.48  2.50
180   20     1.16  1.74  2.66  3.85  4.53  4.28  4.16  4.36  3.00  2.15  1.29  0.97     2.85  1.29  3.68  4.27  2.15
180   30     0.98  1.47  2.27  3.43  4.20  4.04  3.91  3.97  2.63  1.71  0.98  0.79     2.53  1.08  3.30  3.97  1.77
180   40     0.94  1.23  1.85  2.95  3.79  3.72  3.58  3.50  2.21  1.27  0.86  0.76     2.22  0.98  2.86  3.60  1.45
180   50     0.91  1.19  1.42  2.42  3.31  3.34  3.19  2.96  1.76  1.08  0.82  0.73     1.93  0.95  2.38  3.16  1.22
180   60     0.88  1.16  1.33  1.86  2.77  2.89  2.75  2.37  1.39  1.03  0.79  0.70     1.66  0.91  1.99  2.67  1.07
180   70     0.84  1.12  1.27  1.52  2.19  2.41  2.27  1.81  1.30  0.99  0.74  0.66     1.43  0.88  1.66  2.16  1.01
180   80     0.81  1.09  1.21  1.41  1.82  1.96  1.86  1.62  1.23  0.94  0.70  0.62     1.27  0.84  1.48  1.82  0.95
180   90     0.77  1.04  1.15  1.33  1.65  1.74  1.67  1.50  1.15  0.89  0.65  0.58     1.18  0.80  1.38  1.64  0.90
             51.2  46.0  34.4  20.1   7.5   2.9   4.7  13.5  27.1  43.0  52.3  54.3     25.7  50.1  19.7   7.5  39.8
             1.96  2.75  3.74  4.64  4.92  4.52  4.43  4.96  3.87  3.67  2.70  1.98     3.68  2.23  4.38  4.63  3.38
             1.84  2.65  3.71  4.62  4.76  4.30  4.24  4.90  3.87  3.55  2.49  1.81     3.56  2.10  4.37  4.48  3.30
             1.07  1.04  1.01  1.00  1.03  1.05  1.04  1.01  1.00  1.03  1.08  1.09     1.04  1.07  1.02  1.04  1.04
             1.21  1.17  1.13  1.04  0.97  0.95  0.96  1.01  1.08  1.21  1.30  1.29     1.11  1.23  1.05  0.97  1.20
temperature   3.6   3.8   6.9  12.6  17.3  21.2  25.3  27.0  22.7  17.0  11.5   6.6     14.6   4.7  12.3  24.5  17.1
diffusedrad  1.09  1.48  1.83  2.16  2.43  2.61  2.52  2.27  1.95  1.49  1.10  0.92     1.82  1.16  2.14  2.47  1.51
snow10cm     0.32  0.32  0.08  0.00  0.00  0.00  0.00  0.00  0.00  0.00  0.00  0.08     0.07  0.24  0.03  0.00  0.00
