2 57206   今庄            35   46  136   12  128
             1.55  2.27  2.99  4.08  4.50  4.26  4.15  4.46  3.35  2.76  1.87  1.41     3.14  1.74  3.86  4.29  2.66
             1.77  2.60  3.39  4.77  5.17  5.25  5.18  5.49  3.97  3.14  2.16  1.83     3.39  1.95  4.19  4.84  2.85
             1.36  1.83  2.59  3.52  3.88  3.46  3.13  3.50  2.65  2.29  1.24  1.08     2.86  1.51  3.50  3.63  2.18
  0   10     1.68  2.42  3.15  4.18  4.51  4.23  4.14  4.53  3.48  3.00  2.09  1.58     3.25  1.89  3.95  4.30  2.85
  0   20     1.79  2.55  3.25  4.22  4.44  4.13  4.06  4.51  3.55  3.18  2.27  1.72     3.31  2.02  3.97  4.23  3.00
  0   30     1.87  2.65  3.31  4.16  4.29  3.96  3.90  4.41  3.55  3.29  2.41  1.83     3.30  2.12  3.92  4.09  3.08
  0   40     1.93  2.71  3.30  4.02  4.05  3.72  3.67  4.21  3.48  3.33  2.49  1.91     3.23  2.18  3.79  3.87  3.10
  0   50     1.95  2.72  3.23  3.80  3.73  3.41  3.38  3.92  3.34  3.30  2.52  1.94     3.10  2.21  3.59  3.57  3.05
  0   60     1.94  2.70  3.11  3.51  3.35  3.06  3.04  3.56  3.13  3.19  2.50  1.94     2.92  2.19  3.32  3.22  2.94
  0   70     1.91  2.63  2.94  3.15  2.93  2.66  2.65  3.14  2.86  3.02  2.41  1.89     2.68  2.14  3.00  2.82  2.76
  0   80     1.84  2.53  2.71  2.73  2.46  2.24  2.24  2.68  2.54  2.78  2.27  1.81     2.40  2.06  2.64  2.39  2.53
  0   90     1.74  2.39  2.45  2.29  1.98  1.82  1.83  2.17  2.18  2.48  2.09  1.69     2.09  1.94  2.24  1.94  2.25
 15   10     1.67  2.42  3.14  4.18  4.51  4.23  4.14  4.53  3.47  2.99  2.08  1.57     3.24  1.89  3.94  4.30  2.85
 15   20     1.78  2.54  3.24  4.21  4.44  4.14  4.06  4.51  3.54  3.16  2.26  1.71     3.30  2.01  3.96  4.24  2.99
 15   30     1.86  2.63  3.29  4.15  4.29  3.96  3.90  4.40  3.54  3.26  2.39  1.82     3.29  2.10  3.91  4.09  3.06
 15   40     1.91  2.68  3.27  4.01  4.05  3.72  3.68  4.21  3.46  3.29  2.47  1.89     3.22  2.16  3.78  3.87  3.08
 15   50     1.93  2.69  3.20  3.80  3.75  3.43  3.39  3.93  3.32  3.25  2.49  1.92     3.09  2.18  3.58  3.58  3.02
 15   60     1.92  2.67  3.08  3.51  3.37  3.08  3.05  3.58  3.11  3.14  2.46  1.91     2.91  2.17  3.32  3.24  2.90
 15   70     1.88  2.60  2.90  3.15  2.96  2.69  2.68  3.17  2.85  2.96  2.38  1.86     2.67  2.11  3.00  2.85  2.73
 15   80     1.81  2.50  2.68  2.75  2.51  2.29  2.28  2.72  2.53  2.72  2.24  1.78     2.40  2.03  2.65  2.43  2.50
 15   90     1.71  2.36  2.42  2.32  2.05  1.88  1.88  2.24  2.18  2.42  2.05  1.66     2.10  1.91  2.26  2.00  2.22
 30   10     1.66  2.40  3.12  4.16  4.50  4.23  4.14  4.52  3.46  2.96  2.06  1.56     3.23  1.87  3.93  4.30  2.82
 30   20     1.75  2.50  3.21  4.18  4.44  4.14  4.06  4.50  3.51  3.10  2.21  1.68     3.27  1.98  3.94  4.23  2.94
 30   30     1.82  2.58  3.24  4.12  4.29  3.97  3.90  4.40  3.50  3.18  2.33  1.76     3.26  2.05  3.88  4.09  3.00
 30   40     1.86  2.62  3.21  3.98  4.07  3.74  3.69  4.21  3.42  3.20  2.38  1.82     3.18  2.10  3.75  3.88  3.00
 30   50     1.87  2.62  3.13  3.76  3.77  3.46  3.42  3.95  3.27  3.14  2.39  1.84     3.05  2.11  3.56  3.61  2.93
 30   60     1.85  2.58  3.01  3.48  3.43  3.13  3.10  3.62  3.06  3.02  2.35  1.82     2.87  2.08  3.31  3.28  2.81
 30   70     1.80  2.51  2.83  3.15  3.04  2.76  2.74  3.23  2.80  2.83  2.25  1.77     2.64  2.02  3.00  2.91  2.63
 30   80     1.73  2.40  2.61  2.77  2.62  2.38  2.37  2.81  2.50  2.59  2.11  1.68     2.38  1.94  2.67  2.52  2.40
 30   90     1.63  2.26  2.37  2.37  2.21  2.01  2.00  2.38  2.17  2.30  1.92  1.56     2.10  1.82  2.31  2.13  2.13
 45   10     1.64  2.37  3.10  4.13  4.50  4.23  4.13  4.51  3.43  2.91  2.02  1.53     3.21  1.84  3.91  4.29  2.79
 45   20     1.71  2.45  3.15  4.13  4.43  4.13  4.05  4.48  3.46  3.02  2.14  1.62     3.23  1.93  3.90  4.22  2.87
 45   30     1.75  2.50  3.16  4.06  4.29  3.98  3.90  4.37  3.43  3.07  2.22  1.68     3.20  1.98  3.84  4.08  2.90
 45   40     1.77  2.52  3.12  3.91  4.07  3.75  3.69  4.19  3.33  3.05  2.25  1.72     3.12  2.00  3.70  3.88  2.88
 45   50     1.77  2.50  3.03  3.70  3.80  3.49  3.44  3.94  3.18  2.98  2.23  1.72     2.98  1.99  3.51  3.62  2.80
 45   60     1.74  2.45  2.90  3.43  3.48  3.18  3.14  3.63  2.97  2.85  2.17  1.68     2.80  1.96  3.27  3.32  2.67
 45   70     1.68  2.37  2.73  3.12  3.12  2.83  2.80  3.28  2.73  2.65  2.07  1.62     2.58  1.89  2.99  2.97  2.48
 45   80     1.61  2.26  2.52  2.77  2.74  2.49  2.46  2.90  2.44  2.43  1.92  1.52     2.34  1.80  2.68  2.62  2.26
 45   90     1.51  2.13  2.29  2.41  2.35  2.14  2.12  2.50  2.14  2.16  1.74  1.41     2.07  1.68  2.35  2.25  2.01
 60   10     1.61  2.33  3.06  4.10  4.49  4.22  4.13  4.49  3.39  2.86  1.97  1.49     3.18  1.81  3.88  4.28  2.74
 60   20     1.65  2.38  3.08  4.08  4.41  4.13  4.04  4.44  3.40  2.92  2.04  1.55     3.17  1.86  3.86  4.20  2.78
 60   30     1.67  2.40  3.06  3.98  4.27  3.97  3.89  4.32  3.34  2.92  2.08  1.58     3.12  1.88  3.77  4.06  2.78
 60   40     1.67  2.39  3.00  3.83  4.06  3.76  3.69  4.15  3.23  2.88  2.08  1.58     3.03  1.88  3.63  3.87  2.73
 60   50     1.64  2.36  2.90  3.61  3.80  3.50  3.44  3.90  3.07  2.77  2.04  1.56     2.88  1.86  3.44  3.62  2.63
 60   60     1.60  2.29  2.76  3.36  3.50  3.21  3.16  3.61  2.87  2.64  1.97  1.52     2.71  1.80  3.21  3.33  2.49
 60   70     1.54  2.21  2.60  3.06  3.17  2.90  2.85  3.29  2.63  2.45  1.85  1.44     2.50  1.73  2.94  3.01  2.31
 60   80     1.46  2.11  2.40  2.74  2.81  2.56  2.53  2.93  2.37  2.23  1.71  1.35     2.27  1.64  2.65  2.67  2.10
 60   90     1.37  1.99  2.20  2.41  2.46  2.23  2.20  2.57  2.09  1.99  1.54  1.24     2.02  1.53  2.36  2.34  1.87
 75   10     1.57  2.29  3.02  4.06  4.47  4.22  4.12  4.46  3.35  2.79  1.91  1.45     3.14  1.77  3.85  4.27  2.68
 75   20     1.58  2.30  3.00  4.00  4.38  4.12  4.03  4.39  3.32  2.79  1.93  1.47     3.11  1.78  3.79  4.18  2.68
 75   30     1.57  2.28  2.95  3.88  4.23  3.96  3.87  4.26  3.23  2.75  1.92  1.46     3.03  1.77  3.69  4.03  2.64
 75   40     1.55  2.25  2.86  3.71  4.03  3.75  3.67  4.07  3.10  2.67  1.89  1.44     2.92  1.75  3.53  3.83  2.55
 75   50     1.51  2.19  2.74  3.50  3.78  3.50  3.43  3.83  2.93  2.56  1.83  1.40     2.77  1.70  3.34  3.59  2.44
 75   60     1.46  2.13  2.61  3.24  3.48  3.22  3.16  3.55  2.73  2.40  1.73  1.34     2.59  1.64  3.11  3.31  2.29
 75   70     1.39  2.04  2.44  2.96  3.17  2.92  2.86  3.24  2.50  2.22  1.62  1.26     2.39  1.56  2.86  3.01  2.12
 75   80     1.32  1.95  2.27  2.67  2.84  2.61  2.56  2.92  2.25  2.01  1.49  1.17     2.17  1.48  2.59  2.69  1.92
 75   90     1.24  1.85  2.08  2.35  2.50  2.29  2.25  2.58  2.00  1.80  1.34  1.08     1.95  1.39  2.31  2.37  1.72
 90   10     1.54  2.25  2.97  4.02  4.46  4.21  4.11  4.43  3.30  2.73  1.85  1.40     3.10  1.73  3.81  4.25  2.63
 90   20     1.51  2.21  2.91  3.92  4.35  4.11  4.00  4.33  3.23  2.66  1.81  1.37     3.04  1.70  3.73  4.15  2.57
 90   30     1.47  2.16  2.82  3.77  4.18  3.94  3.84  4.17  3.11  2.57  1.76  1.34     2.93  1.66  3.59  3.98  2.48
 90   40     1.43  2.10  2.71  3.57  3.97  3.73  3.63  3.96  2.95  2.45  1.69  1.29     2.79  1.61  3.42  3.77  2.37
 90   50     1.37  2.03  2.58  3.34  3.71  3.48  3.39  3.72  2.77  2.31  1.61  1.23     2.63  1.55  3.21  3.53  2.23
 90   60     1.32  1.96  2.43  3.09  3.43  3.20  3.12  3.44  2.57  2.15  1.50  1.16     2.45  1.48  2.98  3.25  2.07
 90   70     1.25  1.88  2.28  2.82  3.11  2.90  2.83  3.15  2.34  1.98  1.39  1.09     2.25  1.41  2.74  2.96  1.90
 90   80     1.19  1.79  2.11  2.54  2.81  2.60  2.54  2.83  2.11  1.79  1.27  1.01     2.05  1.33  2.48  2.66  1.73
 90   90     1.12  1.71  1.95  2.26  2.49  2.30  2.25  2.53  1.88  1.60  1.14  0.93     1.85  1.25  2.23  2.36  1.54
105   10     1.50  2.20  2.92  3.98  4.44  4.21  4.10  4.39  3.26  2.65  1.78  1.35     3.06  1.68  3.78  4.23  2.56
105   20     1.44  2.12  2.82  3.84  4.31  4.09  3.98  4.26  3.14  2.53  1.69  1.29     2.96  1.62  3.65  4.11  2.45
105   30     1.38  2.04  2.69  3.64  4.12  3.91  3.81  4.07  2.98  2.38  1.59  1.22     2.82  1.54  3.48  3.93  2.32
105   40     1.31  1.95  2.54  3.41  3.88  3.69  3.58  3.83  2.79  2.22  1.49  1.15     2.65  1.47  3.28  3.70  2.17
105   50     1.25  1.87  2.40  3.16  3.61  3.43  3.33  3.56  2.59  2.06  1.38  1.08     2.48  1.40  3.06  3.44  2.01
105   60     1.19  1.79  2.25  2.90  3.32  3.14  3.05  3.28  2.37  1.89  1.28  1.00     2.29  1.33  2.82  3.16  1.85
105   70     1.14  1.72  2.09  2.64  3.02  2.84  2.77  2.99  2.16  1.72  1.18  0.94     2.10  1.27  2.58  2.87  1.69
105   80     1.08  1.65  1.95  2.37  2.71  2.55  2.48  2.69  1.95  1.56  1.07  0.87     1.91  1.20  2.34  2.57  1.53
105   90     1.03  1.59  1.81  2.11  2.41  2.26  2.20  2.40  1.73  1.39  0.96  0.80     1.73  1.14  2.11  2.29  1.36
120   10     1.47  2.16  2.88  3.94  4.42  4.20  4.09  4.36  3.21  2.59  1.72  1.31     3.03  1.64  3.74  4.22  2.51
120   20     1.38  2.04  2.73  3.75  4.27  4.08  3.96  4.19  3.05  2.40  1.57  1.20     2.88  1.54  3.58  4.08  2.34
120   30     1.29  1.92  2.56  3.51  4.05  3.88  3.77  3.95  2.85  2.19  1.43  1.10     2.71  1.44  3.37  3.87  2.16
120   40     1.21  1.81  2.38  3.24  3.78  3.63  3.52  3.67  2.62  1.99  1.30  1.02     2.52  1.35  3.13  3.61  1.97
120   50     1.14  1.72  2.21  2.96  3.48  3.35  3.24  3.37  2.40  1.80  1.19  0.94     2.32  1.27  2.88  3.32  1.80
120   60     1.09  1.64  2.06  2.68  3.17  3.05  2.95  3.07  2.18  1.64  1.09  0.87     2.12  1.20  2.64  3.02  1.63
120   70     1.04  1.58  1.92  2.42  2.86  2.75  2.66  2.78  1.96  1.49  0.99  0.82     1.94  1.15  2.40  2.73  1.48
120   80     1.00  1.53  1.79  2.17  2.56  2.45  2.38  2.50  1.76  1.34  0.90  0.76     1.76  1.10  2.17  2.44  1.33
120   90     0.96  1.48  1.67  1.94  2.27  2.17  2.10  2.23  1.58  1.21  0.81  0.71     1.60  1.05  1.96  2.17  1.20
135   10     1.44  2.12  2.84  3.90  4.41  4.20  4.08  4.33  3.18  2.53  1.67  1.27     3.00  1.61  3.71  4.20  2.46
135   20     1.32  1.97  2.65  3.67  4.23  4.06  3.94  4.12  2.97  2.28  1.47  1.13     2.82  1.47  3.52  4.04  2.24
135   30     1.21  1.81  2.44  3.39  3.98  3.85  3.73  3.85  2.72  2.02  1.28  1.00     2.61  1.34  3.27  3.81  2.01
135   40     1.12  1.68  2.23  3.07  3.67  3.58  3.46  3.52  2.46  1.78  1.13  0.90     2.38  1.24  2.99  3.52  1.79
135   50     1.06  1.59  2.04  2.75  3.33  3.27  3.15  3.17  2.20  1.57  1.01  0.83     2.16  1.16  2.70  3.19  1.59
135   60     1.02  1.52  1.88  2.45  2.98  2.94  2.83  2.83  1.96  1.41  0.92  0.78     1.96  1.11  2.44  2.86  1.43
135   70     0.98  1.47  1.75  2.18  2.66  2.62  2.52  2.52  1.76  1.27  0.85  0.74     1.78  1.06  2.20  2.55  1.29
135   80     0.96  1.44  1.63  1.95  2.37  2.32  2.24  2.25  1.58  1.15  0.78  0.69     1.61  1.03  1.98  2.27  1.17
135   90     0.93  1.41  1.54  1.74  2.10  2.06  1.98  2.01  1.42  1.05  0.71  0.65     1.47  1.00  1.80  2.02  1.06
150   10     1.41  2.09  2.81  3.88  4.39  4.19  4.08  4.31  3.15  2.49  1.63  1.24     2.97  1.58  3.69  4.19  2.42
150   20     1.27  1.91  2.58  3.62  4.21  4.05  3.93  4.08  2.91  2.18  1.38  1.07     2.77  1.42  3.47  4.02  2.16
150   30     1.14  1.72  2.34  3.30  3.93  3.84  3.71  3.76  2.62  1.87  1.16  0.92     2.52  1.26  3.19  3.77  1.88
150   40     1.05  1.57  2.08  2.93  3.59  3.55  3.42  3.38  2.31  1.58  0.98  0.82     2.27  1.15  2.87  3.45  1.62
150   50     1.01  1.48  1.87  2.54  3.19  3.21  3.07  2.96  2.01  1.36  0.88  0.78     2.03  1.09  2.54  3.08  1.42
150   60     0.99  1.43  1.71  2.20  2.78  2.82  2.70  2.57  1.76  1.21  0.82  0.74     1.81  1.05  2.23  2.70  1.26
150   70     0.97  1.41  1.60  1.93  2.42  2.46  2.35  2.25  1.57  1.11  0.77  0.71     1.63  1.03  1.99  2.35  1.15
150   80     0.95  1.39  1.52  1.73  2.13  2.16  2.07  1.99  1.42  1.02  0.72  0.67     1.48  1.00  1.79  2.07  1.05
150   90     0.92  1.38  1.45  1.56  1.90  1.91  1.83  1.79  1.28  0.94  0.67  0.64     1.36  0.98  1.64  1.84  0.96
165   10     1.40  2.07  2.79  3.87  4.39  4.19  4.07  4.30  3.13  2.46  1.60  1.22     2.96  1.56  3.68  4.19  2.40
165   20     1.24  1.87  2.54  3.59  4.19  4.05  3.92  4.05  2.87  2.12  1.33  1.03     2.73  1.38  3.44  4.01  2.11
165   30     1.09  1.66  2.27  3.24  3.91  3.83  3.69  3.72  2.55  1.76  1.06  0.85     2.47  1.20  3.14  3.75  1.79
165   40     1.03  1.48  1.98  2.84  3.56  3.54  3.40  3.31  2.20  1.42  0.89  0.80     2.20  1.10  2.79  3.42  1.50
165   50     1.01  1.41  1.72  2.39  3.14  3.19  3.05  2.85  1.84  1.18  0.85  0.78     1.95  1.07  2.42  3.03  1.29
165   60     0.99  1.40  1.57  1.97  2.67  2.79  2.65  2.34  1.56  1.09  0.81  0.74     1.72  1.05  2.07  2.60  1.15
165   70     0.97  1.40  1.50  1.70  2.19  2.36  2.22  1.95  1.41  1.03  0.76  0.71     1.52  1.02  1.80  2.18  1.06
165   80     0.95  1.39  1.45  1.54  1.90  1.99  1.90  1.73  1.29  0.97  0.71  0.67     1.37  1.00  1.63  1.88  0.99
165   90     0.92  1.38  1.40  1.41  1.70  1.76  1.69  1.58  1.20  0.91  0.66  0.64     1.27  0.98  1.50  1.68  0.92
180   10     1.39  2.07  2.78  3.87  4.38  4.19  4.07  4.29  3.12  2.45  1.59  1.21     2.95  1.56  3.68  4.18  2.39
180   20     1.23  1.86  2.53  3.59  4.18  4.05  3.92  4.04  2.85  2.10  1.30  1.01     2.72  1.37  3.43  4.00  2.09
180   30     1.07  1.64  2.25  3.24  3.90  3.83  3.69  3.70  2.53  1.72  1.02  0.83     2.45  1.18  3.13  3.74  1.76
180   40     1.03  1.43  1.93  2.83  3.54  3.54  3.40  3.30  2.17  1.33  0.89  0.80     2.18  1.09  2.77  3.41  1.46
180   50     1.01  1.41  1.61  2.38  3.13  3.19  3.05  2.83  1.78  1.13  0.85  0.78     1.93  1.07  2.37  3.02  1.25
180   60     0.99  1.40  1.52  1.90  2.65  2.79  2.65  2.32  1.42  1.08  0.81  0.74     1.69  1.05  2.03  2.59  1.10
180   70     0.97  1.40  1.48  1.57  2.15  2.35  2.21  1.81  1.33  1.02  0.76  0.71     1.48  1.02  1.73  2.13  1.04
180   80     0.95  1.39  1.44  1.46  1.79  1.93  1.83  1.62  1.25  0.97  0.71  0.67     1.33  1.00  1.56  1.79  0.97
180   90     0.92  1.38  1.39  1.37  1.62  1.70  1.63  1.49  1.16  0.91  0.66  0.64     1.24  0.98  1.46  1.61  0.91
             52.7  49.1  33.6  18.6   6.9   2.6   4.2  12.5  25.1  40.5  50.1  53.9     24.4  51.8  18.0   6.8  37.7
             1.95  2.72  3.31  4.22  4.51  4.25  4.15  4.54  3.56  3.33  2.52  1.94     3.42  2.21  3.97  4.31  3.10
             1.83  2.60  3.28  4.20  4.38  4.07  4.00  4.48  3.56  3.24  2.34  1.77     3.31  2.07  3.96  4.18  3.05
             1.07  1.05  1.01  1.00  1.03  1.04  1.04  1.01  1.00  1.03  1.08  1.10     1.04  1.07  1.01  1.03  1.03
             1.18  1.15  1.10  1.03  0.97  0.96  0.96  1.00  1.06  1.17  1.25  1.26     1.09  1.19  1.03  0.97  1.16
temperature   1.6   1.7   4.9  11.3  16.2  20.1  24.0  25.2  21.0  14.8   9.3   4.2     12.9   2.5  10.8  23.1  15.0
diffusedrad  1.15  1.60  1.90  2.21  2.45  2.61  2.51  2.32  1.96  1.53  1.12  0.94     1.86  1.23  2.19  2.48  1.53
snow10cm     0.61  0.76  0.35  0.02  0.00  0.00  0.00  0.00  0.00  0.00  0.00  0.20     0.16  0.53  0.13  0.00  0.00
