2 60051   今津            35 24.7  136  1.7   88
             1.63  2.51  3.08  4.27  4.67  4.38  4.41  4.71  3.63  2.84  2.01  1.53     3.31  1.89  4.01  4.50  2.83
             1.94  3.53  3.61  5.55  5.40  6.19  5.73  5.92  4.38  3.24  2.27  1.85     3.73  2.26  4.61  5.37  3.23
             0.92  1.31  2.10  3.46  4.12  3.60  3.36  3.68  3.09  2.36  1.41  1.30     3.00  1.24  3.58  3.79  2.36
  0   10     1.79  2.70  3.25  4.38  4.69  4.35  4.40  4.79  3.79  3.08  2.24  1.73     3.43  2.08  4.11  4.51  3.04
  0   20     1.92  2.86  3.36  4.41  4.61  4.24  4.30  4.77  3.87  3.26  2.45  1.90     3.50  2.23  4.13  4.44  3.19
  0   30     2.02  2.96  3.41  4.35  4.45  4.06  4.14  4.65  3.88  3.38  2.60  2.03     3.49  2.34  4.07  4.28  3.29
  0   40     2.08  3.00  3.38  4.20  4.20  3.81  3.89  4.44  3.80  3.42  2.69  2.12     3.42  2.40  3.93  4.04  3.31
  0   50     2.10  3.00  3.29  3.96  3.87  3.49  3.57  4.13  3.65  3.38  2.73  2.16     3.28  2.42  3.71  3.73  3.25
  0   60     2.09  2.94  3.13  3.65  3.47  3.12  3.20  3.74  3.42  3.27  2.70  2.16     3.07  2.39  3.41  3.35  3.13
  0   70     2.03  2.82  2.91  3.26  3.02  2.71  2.78  3.30  3.12  3.09  2.61  2.11     2.81  2.32  3.06  2.93  2.94
  0   80     1.94  2.66  2.64  2.82  2.53  2.27  2.33  2.80  2.77  2.84  2.46  2.01     2.50  2.20  2.66  2.47  2.69
  0   90     1.81  2.45  2.32  2.34  2.03  1.84  1.89  2.26  2.36  2.54  2.26  1.87     2.16  2.04  2.23  2.00  2.39
 15   10     1.78  2.70  3.25  4.37  4.69  4.35  4.40  4.79  3.78  3.06  2.24  1.73     3.43  2.07  4.10  4.51  3.03
 15   20     1.91  2.84  3.35  4.40  4.62  4.24  4.31  4.77  3.86  3.24  2.44  1.89     3.49  2.21  4.12  4.44  3.18
 15   30     2.00  2.94  3.38  4.34  4.45  4.06  4.13  4.65  3.86  3.34  2.58  2.01     3.48  2.32  4.06  4.28  3.26
 15   40     2.06  2.98  3.36  4.19  4.20  3.81  3.89  4.44  3.78  3.38  2.67  2.10     3.40  2.38  3.91  4.05  3.27
 15   50     2.08  2.97  3.26  3.96  3.88  3.50  3.58  4.14  3.63  3.33  2.69  2.13     3.26  2.39  3.70  3.74  3.22
 15   60     2.06  2.90  3.10  3.65  3.49  3.14  3.21  3.77  3.40  3.21  2.66  2.12     3.06  2.36  3.41  3.37  3.09
 15   70     2.00  2.78  2.88  3.27  3.06  2.74  2.81  3.33  3.11  3.03  2.57  2.07     2.80  2.28  3.07  2.96  2.90
 15   80     1.90  2.62  2.60  2.84  2.58  2.32  2.38  2.84  2.75  2.78  2.42  1.97     2.50  2.16  2.68  2.52  2.65
 15   90     1.77  2.41  2.29  2.38  2.11  1.90  1.95  2.33  2.37  2.47  2.22  1.83     2.17  2.00  2.26  2.06  2.35
 30   10     1.76  2.67  3.23  4.35  4.68  4.34  4.40  4.78  3.76  3.04  2.21  1.71     3.41  2.05  4.09  4.51  3.00
 30   20     1.87  2.80  3.31  4.37  4.62  4.25  4.31  4.75  3.83  3.18  2.38  1.85     3.46  2.17  4.10  4.44  3.13
 30   30     1.95  2.88  3.33  4.30  4.46  4.07  4.14  4.64  3.82  3.27  2.51  1.95     3.44  2.26  4.03  4.29  3.20
 30   40     1.99  2.90  3.29  4.15  4.22  3.84  3.91  4.44  3.73  3.28  2.58  2.02     3.36  2.30  3.89  4.06  3.19
 30   50     2.00  2.88  3.18  3.92  3.92  3.54  3.61  4.16  3.57  3.22  2.59  2.04     3.22  2.31  3.67  3.77  3.12
 30   60     1.97  2.80  3.02  3.63  3.55  3.19  3.27  3.81  3.35  3.09  2.54  2.02     3.02  2.26  3.40  3.42  2.99
 30   70     1.90  2.67  2.80  3.26  3.14  2.82  2.89  3.40  3.06  2.90  2.44  1.96     2.77  2.18  3.07  3.04  2.80
 30   80     1.80  2.50  2.53  2.87  2.71  2.43  2.49  2.95  2.72  2.65  2.28  1.85     2.48  2.05  2.70  2.62  2.55
 30   90     1.67  2.29  2.23  2.44  2.27  2.04  2.09  2.49  2.36  2.35  2.08  1.71     2.17  1.89  2.32  2.21  2.26
 45   10     1.74  2.64  3.19  4.32  4.68  4.34  4.39  4.76  3.73  2.99  2.17  1.67     3.39  2.02  4.07  4.50  2.96
 45   20     1.82  2.73  3.25  4.32  4.60  4.25  4.30  4.73  3.77  3.10  2.30  1.78     3.41  2.11  4.06  4.42  3.06
 45   30     1.87  2.78  3.25  4.24  4.46  4.08  4.14  4.62  3.74  3.15  2.39  1.86     3.38  2.17  3.98  4.28  3.09
 45   40     1.89  2.78  3.19  4.09  4.23  3.85  3.92  4.42  3.64  3.13  2.42  1.90     3.29  2.19  3.84  4.07  3.06
 45   50     1.88  2.73  3.07  3.86  3.95  3.57  3.64  4.16  3.48  3.05  2.41  1.90     3.14  2.17  3.63  3.79  2.98
 45   60     1.83  2.64  2.90  3.58  3.61  3.25  3.32  3.83  3.25  2.92  2.35  1.86     2.94  2.11  3.36  3.47  2.84
 45   70     1.76  2.51  2.69  3.25  3.23  2.90  2.96  3.45  2.98  2.72  2.23  1.78     2.71  2.02  3.06  3.10  2.65
 45   80     1.65  2.34  2.43  2.87  2.84  2.54  2.60  3.05  2.67  2.48  2.07  1.67     2.44  1.89  2.71  2.73  2.41
 45   90     1.52  2.14  2.16  2.48  2.43  2.19  2.23  2.63  2.34  2.20  1.88  1.53     2.15  1.73  2.36  2.35  2.14
 60   10     1.70  2.60  3.15  4.29  4.67  4.34  4.39  4.74  3.69  2.93  2.12  1.63     3.35  1.98  4.04  4.49  2.91
 60   20     1.75  2.65  3.17  4.26  4.59  4.24  4.29  4.69  3.70  2.99  2.20  1.70     3.35  2.03  4.01  4.41  2.96
 60   30     1.77  2.66  3.15  4.15  4.44  4.08  4.13  4.57  3.64  3.00  2.24  1.74     3.30  2.06  3.91  4.26  2.96
 60   40     1.76  2.63  3.06  4.00  4.22  3.86  3.92  4.38  3.52  2.95  2.24  1.74     3.19  2.05  3.76  4.05  2.91
 60   50     1.73  2.56  2.93  3.77  3.95  3.59  3.65  4.12  3.35  2.84  2.20  1.72     3.04  2.01  3.55  3.79  2.80
 60   60     1.67  2.46  2.76  3.50  3.63  3.29  3.35  3.82  3.14  2.70  2.12  1.67     2.84  1.93  3.30  3.48  2.65
 60   70     1.59  2.33  2.55  3.19  3.29  2.97  3.02  3.47  2.87  2.51  2.00  1.58     2.61  1.83  3.01  3.15  2.46
 60   80     1.49  2.17  2.32  2.84  2.91  2.62  2.68  3.09  2.59  2.29  1.84  1.47     2.36  1.71  2.69  2.80  2.24
 60   90     1.36  1.98  2.06  2.49  2.55  2.29  2.33  2.71  2.28  2.04  1.67  1.34     2.09  1.56  2.37  2.44  1.99
 75   10     1.66  2.54  3.11  4.25  4.65  4.34  4.38  4.71  3.64  2.87  2.05  1.58     3.31  1.93  4.00  4.47  2.85
 75   20     1.67  2.55  3.08  4.18  4.56  4.23  4.28  4.64  3.61  2.87  2.08  1.60     3.28  1.94  3.94  4.38  2.85
 75   30     1.66  2.52  3.02  4.05  4.40  4.07  4.11  4.50  3.52  2.83  2.07  1.60     3.19  1.93  3.82  4.23  2.81
 75   40     1.62  2.46  2.91  3.87  4.19  3.86  3.90  4.30  3.37  2.74  2.04  1.58     3.07  1.89  3.66  4.02  2.71
 75   50     1.57  2.37  2.76  3.65  3.93  3.60  3.65  4.05  3.20  2.62  1.97  1.53     2.91  1.82  3.45  3.77  2.60
 75   60     1.50  2.26  2.59  3.38  3.62  3.30  3.35  3.75  2.98  2.46  1.87  1.46     2.71  1.74  3.19  3.47  2.43
 75   70     1.41  2.12  2.39  3.08  3.29  2.99  3.04  3.43  2.73  2.28  1.75  1.37     2.49  1.64  2.92  3.15  2.25
 75   80     1.32  1.98  2.17  2.77  2.95  2.67  2.71  3.09  2.46  2.06  1.60  1.26     2.25  1.52  2.63  2.83  2.04
 75   90     1.21  1.81  1.93  2.43  2.59  2.35  2.39  2.72  2.18  1.85  1.45  1.15     2.00  1.39  2.32  2.49  1.83
 90   10     1.61  2.49  3.06  4.20  4.64  4.33  4.37  4.68  3.59  2.80  1.98  1.52     3.27  1.88  3.96  4.46  2.79
 90   20     1.58  2.44  2.99  4.09  4.53  4.22  4.26  4.58  3.51  2.73  1.95  1.50     3.20  1.84  3.87  4.35  2.73
 90   30     1.54  2.37  2.88  3.93  4.35  4.05  4.08  4.41  3.38  2.63  1.89  1.46     3.08  1.79  3.72  4.18  2.63
 90   40     1.48  2.28  2.74  3.72  4.13  3.83  3.86  4.18  3.21  2.52  1.81  1.40     2.93  1.72  3.53  3.96  2.51
 90   50     1.41  2.17  2.58  3.48  3.86  3.57  3.61  3.93  3.01  2.37  1.73  1.34     2.75  1.64  3.31  3.70  2.37
 90   60     1.33  2.05  2.40  3.22  3.56  3.29  3.32  3.64  2.79  2.21  1.61  1.25     2.56  1.55  3.06  3.42  2.20
 90   70     1.25  1.92  2.21  2.93  3.24  2.98  3.01  3.33  2.55  2.02  1.50  1.17     2.34  1.45  2.79  3.10  2.02
 90   80     1.16  1.78  2.00  2.63  2.92  2.67  2.70  3.00  2.30  1.84  1.37  1.07     2.12  1.34  2.52  2.79  1.84
 90   90     1.07  1.64  1.80  2.34  2.59  2.36  2.39  2.67  2.05  1.64  1.23  0.98     1.90  1.23  2.24  2.48  1.64
105   10     1.57  2.43  3.00  4.16  4.62  4.32  4.36  4.64  3.54  2.73  1.91  1.47     3.23  1.82  3.92  4.44  2.73
105   20     1.50  2.33  2.88  4.00  4.48  4.21  4.23  4.50  3.40  2.60  1.81  1.39     3.11  1.74  3.79  4.31  2.60
105   30     1.42  2.22  2.73  3.80  4.29  4.02  4.04  4.30  3.23  2.44  1.71  1.31     2.96  1.65  3.61  4.12  2.46
105   40     1.34  2.10  2.56  3.56  4.04  3.79  3.81  4.04  3.03  2.28  1.60  1.23     2.78  1.55  3.39  3.88  2.30
105   50     1.26  1.97  2.38  3.29  3.76  3.52  3.54  3.76  2.81  2.11  1.48  1.15     2.59  1.46  3.14  3.61  2.13
105   60     1.18  1.85  2.20  3.01  3.45  3.23  3.25  3.47  2.57  1.94  1.38  1.07     2.38  1.36  2.89  3.31  1.96
105   70     1.10  1.73  2.01  2.74  3.14  2.92  2.94  3.16  2.35  1.76  1.26  0.99     2.17  1.27  2.63  3.01  1.79
105   80     1.02  1.60  1.82  2.46  2.81  2.62  2.63  2.85  2.11  1.60  1.15  0.91     1.96  1.17  2.36  2.70  1.62
105   90     0.95  1.49  1.64  2.18  2.51  2.32  2.33  2.53  1.88  1.43  1.03  0.82     1.76  1.09  2.11  2.40  1.44
120   10     1.53  2.38  2.95  4.11  4.60  4.32  4.35  4.61  3.49  2.66  1.84  1.42     3.19  1.77  3.89  4.42  2.66
120   20     1.42  2.23  2.79  3.91  4.44  4.19  4.21  4.42  3.30  2.46  1.68  1.29     3.03  1.65  3.71  4.27  2.48
120   30     1.31  2.07  2.59  3.66  4.22  3.99  4.00  4.17  3.08  2.25  1.53  1.18     2.84  1.52  3.49  4.05  2.29
120   40     1.21  1.92  2.38  3.37  3.93  3.73  3.74  3.88  2.83  2.05  1.39  1.08     2.63  1.40  3.23  3.78  2.09
120   50     1.13  1.78  2.18  3.08  3.62  3.44  3.44  3.56  2.59  1.85  1.26  0.99     2.41  1.30  2.96  3.48  1.90
120   60     1.05  1.66  1.99  2.78  3.30  3.13  3.13  3.24  2.34  1.68  1.16  0.91     2.20  1.21  2.69  3.17  1.73
120   70     0.98  1.55  1.81  2.50  2.97  2.82  2.82  2.93  2.11  1.52  1.05  0.84     1.99  1.13  2.43  2.86  1.56
120   80     0.92  1.45  1.64  2.24  2.66  2.52  2.52  2.63  1.90  1.37  0.96  0.77     1.80  1.04  2.18  2.56  1.41
120   90     0.86  1.35  1.48  1.99  2.36  2.23  2.23  2.35  1.70  1.23  0.87  0.71     1.61  0.97  1.94  2.27  1.27
135   10     1.49  2.33  2.91  4.08  4.58  4.31  4.34  4.58  3.44  2.60  1.79  1.37     3.15  1.73  3.86  4.41  2.61
135   20     1.35  2.14  2.69  3.83  4.41  4.17  4.19  4.36  3.21  2.34  1.57  1.21     2.96  1.56  3.64  4.24  2.38
135   30     1.21  1.94  2.45  3.53  4.14  3.96  3.96  4.06  2.94  2.08  1.37  1.05     2.72  1.40  3.38  3.99  2.13
135   40     1.10  1.76  2.21  3.19  3.82  3.68  3.67  3.71  2.64  1.83  1.20  0.94     2.48  1.27  3.07  3.69  1.89
135   50     1.02  1.61  1.98  2.84  3.46  3.36  3.34  3.34  2.36  1.61  1.07  0.86     2.24  1.16  2.76  3.34  1.68
135   60     0.96  1.50  1.78  2.53  3.10  3.02  2.99  2.98  2.10  1.44  0.98  0.80     2.01  1.08  2.47  3.00  1.50
135   70     0.90  1.41  1.62  2.24  2.76  2.69  2.67  2.65  1.88  1.30  0.90  0.74     1.81  1.02  2.21  2.67  1.36
135   80     0.86  1.33  1.46  2.00  2.46  2.38  2.36  2.36  1.69  1.17  0.82  0.69     1.63  0.96  1.97  2.37  1.23
135   90     0.81  1.25  1.34  1.77  2.18  2.11  2.09  2.11  1.51  1.07  0.76  0.64     1.47  0.90  1.76  2.11  1.11
150   10     1.46  2.30  2.88  4.05  4.57  4.31  4.33  4.55  3.41  2.55  1.74  1.33     3.13  1.70  3.83  4.40  2.57
150   20     1.29  2.06  2.63  3.77  4.38  4.17  4.17  4.30  3.14  2.24  1.48  1.13     2.90  1.49  3.59  4.21  2.29
150   30     1.13  1.82  2.34  3.43  4.09  3.95  3.94  3.97  2.81  1.92  1.23  0.95     2.63  1.30  3.29  3.95  1.99
150   40     1.01  1.62  2.05  3.03  3.74  3.65  3.62  3.56  2.46  1.62  1.04  0.84     2.35  1.15  2.94  3.61  1.71
150   50     0.95  1.47  1.79  2.63  3.32  3.29  3.25  3.12  2.13  1.39  0.93  0.78     2.09  1.07  2.58  3.22  1.48
150   60     0.91  1.38  1.59  2.26  2.89  2.90  2.85  2.70  1.85  1.24  0.86  0.75     1.85  1.01  2.25  2.81  1.32
150   70     0.88  1.32  1.45  1.97  2.51  2.52  2.48  2.35  1.65  1.13  0.81  0.70     1.65  0.97  1.98  2.45  1.20
150   80     0.84  1.26  1.33  1.75  2.21  2.21  2.17  2.08  1.49  1.04  0.76  0.66     1.48  0.92  1.76  2.15  1.10
150   90     0.80  1.20  1.23  1.58  1.96  1.95  1.92  1.87  1.35  0.96  0.70  0.62     1.34  0.87  1.59  1.91  1.00
165   10     1.44  2.27  2.86  4.04  4.56  4.31  4.33  4.54  3.39  2.52  1.71  1.31     3.11  1.68  3.82  4.39  2.54
165   20     1.25  2.02  2.58  3.74  4.36  4.16  4.17  4.27  3.09  2.18  1.41  1.08     2.86  1.45  3.56  4.20  2.23
165   30     1.06  1.74  2.27  3.37  4.07  3.94  3.93  3.92  2.74  1.81  1.12  0.88     2.57  1.23  3.23  3.93  1.89
165   40     0.97  1.50  1.93  2.94  3.70  3.64  3.61  3.49  2.34  1.46  0.92  0.81     2.28  1.10  2.86  3.58  1.57
165   50     0.95  1.38  1.62  2.46  3.27  3.28  3.23  3.00  1.94  1.20  0.89  0.78     2.00  1.04  2.45  3.17  1.34
165   60     0.91  1.34  1.44  2.00  2.78  2.87  2.80  2.45  1.63  1.11  0.84  0.75     1.74  1.00  2.07  2.71  1.19
165   70     0.88  1.29  1.33  1.71  2.27  2.42  2.33  2.03  1.46  1.05  0.80  0.70     1.52  0.96  1.77  2.26  1.10
165   80     0.84  1.24  1.25  1.54  1.96  2.03  1.98  1.80  1.34  0.98  0.75  0.66     1.37  0.91  1.58  1.94  1.02
165   90     0.80  1.19  1.16  1.41  1.75  1.80  1.76  1.64  1.24  0.92  0.70  0.62     1.25  0.87  1.44  1.73  0.95
180   10     1.44  2.27  2.85  4.04  4.56  4.31  4.33  4.54  3.38  2.52  1.70  1.30     3.10  1.67  3.81  4.39  2.53
180   20     1.23  2.00  2.57  3.74  4.35  4.16  4.17  4.27  3.08  2.16  1.39  1.06     2.85  1.43  3.55  4.20  2.21
180   30     1.04  1.71  2.24  3.37  4.06  3.94  3.92  3.91  2.71  1.77  1.08  0.85     2.55  1.20  3.22  3.92  1.85
180   40     0.97  1.44  1.88  2.94  3.69  3.64  3.61  3.47  2.31  1.37  0.92  0.81     2.25  1.08  2.84  3.57  1.53
180   50     0.95  1.38  1.50  2.45  3.25  3.28  3.23  2.98  1.86  1.15  0.89  0.78     1.98  1.04  2.40  3.16  1.30
180   60     0.91  1.34  1.38  1.94  2.76  2.87  2.80  2.43  1.45  1.10  0.84  0.75     1.71  1.00  2.02  2.70  1.13
180   70     0.88  1.29  1.30  1.57  2.23  2.41  2.33  1.88  1.36  1.04  0.80  0.70     1.48  0.96  1.70  2.20  1.07
180   80     0.84  1.24  1.23  1.45  1.84  1.97  1.90  1.67  1.28  0.98  0.75  0.66     1.32  0.91  1.51  1.84  1.00
180   90     0.80  1.19  1.15  1.36  1.66  1.73  1.69  1.53  1.20  0.92  0.70  0.62     1.21  0.87  1.39  1.65  0.94
             50.7  43.7  31.2  18.9   6.6   2.3   3.9  12.3  25.7  40.3  50.3  53.9     24.6  49.0  17.6   6.5  37.7
             2.10  3.01  3.41  4.41  4.69  4.37  4.41  4.79  3.89  3.42  2.73  2.17     3.62  2.42  4.13  4.52  3.31
             1.97  2.91  3.39  4.39  4.55  4.17  4.24  4.73  3.89  3.32  2.52  1.97     3.50  2.28  4.11  4.38  3.25
             1.07  1.03  1.01  1.00  1.03  1.05  1.04  1.01  1.00  1.03  1.08  1.10     1.04  1.07  1.01  1.03  1.04
             1.21  1.16  1.10  1.03  0.97  0.95  0.96  1.00  1.07  1.17  1.25  1.29     1.10  1.22  1.03  0.97  1.16
temperature   2.5   2.8   6.0  11.6  16.6  20.7  24.5  25.9  22.2  16.1  10.3   5.2     13.7   3.5  11.4  23.7  16.2
diffusedrad  1.14  1.70  1.87  2.24  2.52  2.63  2.58  2.39  2.03  1.56  1.18  0.98     1.90  1.27  2.21  2.54  1.59
snow10cm     0.29  0.32  0.06  0.00  0.00  0.00  0.00  0.00  0.00  0.00  0.00  0.08     0.06  0.23  0.02  0.00  0.00
