2 60196   東近江          35  3.7  136 11.4  128
             1.95  2.62  3.37  4.33  4.66  4.36  4.42  4.81  3.70  3.05  2.29  1.84     3.45  2.14  4.12  4.53  3.01
             2.19  3.58  3.87  5.14  5.36  5.04  5.44  5.93  4.31  3.48  2.77  2.19     3.75  2.47  4.63  5.17  3.29
             1.67  2.00  2.82  3.52  4.27  3.73  3.56  3.94  3.10  2.47  1.80  1.61     3.21  1.87  3.71  3.96  2.73
  0   10     2.22  2.87  3.59  4.44  4.67  4.33  4.41  4.89  3.86  3.33  2.59  2.14     3.61  2.41  4.23  4.54  3.26
  0   20     2.45  3.07  3.73  4.47  4.59  4.22  4.31  4.87  3.95  3.54  2.86  2.40     3.71  2.64  4.26  4.47  3.45
  0   30     2.62  3.21  3.78  4.42  4.43  4.04  4.14  4.74  3.95  3.67  3.06  2.61     3.72  2.81  4.21  4.31  3.56
  0   40     2.73  3.28  3.76  4.26  4.18  3.79  3.89  4.52  3.87  3.73  3.19  2.75     3.66  2.92  4.07  4.07  3.60
  0   50     2.79  3.28  3.66  4.02  3.84  3.47  3.57  4.21  3.71  3.69  3.25  2.83     3.52  2.96  3.84  3.75  3.55
  0   60     2.77  3.21  3.48  3.69  3.45  3.10  3.19  3.80  3.48  3.58  3.23  2.85     3.32  2.94  3.54  3.37  3.43
  0   70     2.70  3.06  3.23  3.29  3.00  2.69  2.78  3.34  3.17  3.38  3.13  2.79     3.05  2.85  3.17  2.94  3.23
  0   80     2.57  2.86  2.91  2.85  2.51  2.26  2.32  2.83  2.81  3.11  2.96  2.67     2.72  2.70  2.75  2.47  2.96
  0   90     2.38  2.60  2.54  2.35  2.02  1.83  1.88  2.27  2.39  2.77  2.72  2.49     2.35  2.49  2.30  1.99  2.63
 15   10     2.21  2.86  3.58  4.43  4.67  4.33  4.41  4.89  3.85  3.31  2.59  2.13     3.61  2.40  4.23  4.54  3.25
 15   20     2.43  3.06  3.71  4.46  4.60  4.22  4.32  4.87  3.94  3.51  2.84  2.38     3.69  2.62  4.26  4.47  3.43
 15   30     2.59  3.19  3.76  4.40  4.43  4.04  4.14  4.74  3.94  3.64  3.04  2.58     3.71  2.79  4.20  4.31  3.54
 15   40     2.69  3.25  3.73  4.25  4.18  3.79  3.89  4.53  3.85  3.68  3.16  2.72     3.64  2.89  4.05  4.07  3.56
 15   50     2.74  3.25  3.62  4.01  3.86  3.48  3.58  4.22  3.69  3.64  3.21  2.79     3.51  2.93  3.83  3.76  3.51
 15   60     2.72  3.17  3.44  3.69  3.47  3.12  3.21  3.83  3.46  3.51  3.19  2.80     3.30  2.90  3.54  3.39  3.39
 15   70     2.65  3.03  3.19  3.30  3.04  2.72  2.81  3.38  3.16  3.31  3.09  2.75     3.03  2.81  3.18  2.97  3.19
 15   80     2.51  2.82  2.87  2.87  2.56  2.31  2.38  2.88  2.80  3.03  2.91  2.62     2.71  2.65  2.77  2.52  2.92
 15   90     2.32  2.56  2.50  2.39  2.09  1.89  1.94  2.36  2.40  2.70  2.67  2.44     2.36  2.44  2.33  2.06  2.59
 30   10     2.18  2.84  3.55  4.42  4.67  4.32  4.41  4.88  3.84  3.28  2.55  2.10     3.59  2.37  4.21  4.54  3.22
 30   20     2.37  3.01  3.66  4.43  4.60  4.22  4.32  4.85  3.90  3.45  2.78  2.32     3.66  2.57  4.23  4.46  3.38
 30   30     2.50  3.12  3.70  4.37  4.44  4.05  4.15  4.74  3.89  3.55  2.95  2.49     3.66  2.70  4.17  4.31  3.46
 30   40     2.59  3.16  3.65  4.21  4.20  3.81  3.91  4.53  3.80  3.57  3.05  2.61     3.59  2.78  4.02  4.09  3.47
 30   50     2.61  3.13  3.54  3.97  3.89  3.52  3.62  4.24  3.63  3.51  3.07  2.66     3.45  2.80  3.80  3.79  3.41
 30   60     2.58  3.05  3.35  3.67  3.53  3.17  3.27  3.88  3.41  3.37  3.03  2.65     3.25  2.76  3.52  3.44  3.27
 30   70     2.48  2.90  3.10  3.31  3.12  2.80  2.89  3.46  3.11  3.16  2.92  2.58     2.99  2.65  3.18  3.05  3.06
 30   80     2.34  2.69  2.79  2.90  2.69  2.41  2.48  3.00  2.77  2.89  2.74  2.45     2.68  2.49  2.79  2.63  2.80
 30   90     2.15  2.42  2.45  2.46  2.26  2.03  2.09  2.53  2.40  2.57  2.49  2.27     2.34  2.28  2.39  2.21  2.49
 45   10     2.14  2.79  3.52  4.39  4.66  4.32  4.40  4.87  3.80  3.23  2.50  2.05     3.56  2.33  4.19  4.53  3.18
 45   20     2.28  2.92  3.59  4.39  4.59  4.22  4.31  4.83  3.84  3.36  2.68  2.23     3.60  2.48  4.19  4.46  3.29
 45   30     2.38  3.00  3.60  4.31  4.44  4.06  4.15  4.72  3.81  3.42  2.80  2.35     3.59  2.58  4.11  4.31  3.34
 45   40     2.42  3.01  3.54  4.15  4.21  3.83  3.92  4.52  3.71  3.40  2.86  2.43     3.50  2.62  3.96  4.09  3.32
 45   50     2.42  2.97  3.41  3.92  3.93  3.55  3.64  4.24  3.55  3.32  2.86  2.45     3.36  2.61  3.75  3.81  3.24
 45   60     2.36  2.86  3.22  3.63  3.59  3.23  3.32  3.91  3.31  3.18  2.79  2.42     3.15  2.55  3.48  3.49  3.09
 45   70     2.26  2.71  2.98  3.29  3.21  2.88  2.96  3.52  3.04  2.96  2.66  2.33     2.90  2.43  3.16  3.12  2.89
 45   80     2.11  2.50  2.68  2.91  2.82  2.52  2.60  3.11  2.71  2.71  2.48  2.19     2.61  2.27  2.80  2.74  2.63
 45   90     1.92  2.25  2.37  2.51  2.42  2.17  2.23  2.67  2.38  2.40  2.25  2.01     2.30  2.06  2.43  2.36  2.34
 60   10     2.08  2.73  3.47  4.36  4.65  4.32  4.40  4.84  3.76  3.17  2.43  1.99     3.52  2.27  4.16  4.52  3.12
 60   20     2.17  2.82  3.50  4.33  4.57  4.22  4.30  4.79  3.77  3.24  2.54  2.10     3.53  2.36  4.13  4.44  3.18
 60   30     2.21  2.85  3.47  4.22  4.42  4.06  4.14  4.66  3.71  3.25  2.61  2.18     3.48  2.41  4.04  4.29  3.19
 60   40     2.22  2.82  3.38  4.06  4.21  3.84  3.93  4.47  3.59  3.20  2.63  2.21     3.38  2.42  3.88  4.08  3.14
 60   50     2.19  2.76  3.25  3.83  3.93  3.57  3.66  4.21  3.42  3.09  2.58  2.19     3.22  2.38  3.67  3.81  3.03
 60   60     2.11  2.64  3.05  3.55  3.62  3.27  3.35  3.90  3.20  2.94  2.50  2.14     3.02  2.30  3.41  3.51  2.88
 60   70     2.00  2.48  2.82  3.23  3.27  2.95  3.02  3.55  2.93  2.73  2.37  2.04     2.78  2.17  3.11  3.17  2.68
 60   80     1.86  2.29  2.55  2.88  2.90  2.61  2.68  3.15  2.64  2.49  2.19  1.90     2.51  2.01  2.77  2.81  2.44
 60   90     1.68  2.05  2.26  2.53  2.53  2.27  2.33  2.77  2.32  2.22  1.99  1.74     2.22  1.83  2.44  2.46  2.17
 75   10     2.01  2.67  3.41  4.31  4.64  4.32  4.39  4.81  3.71  3.09  2.35  1.91     3.47  2.20  4.12  4.51  3.05
 75   20     2.04  2.69  3.39  4.25  4.55  4.21  4.29  4.74  3.68  3.09  2.39  1.96     3.44  2.23  4.06  4.41  3.05
 75   30     2.04  2.67  3.32  4.12  4.39  4.05  4.12  4.60  3.59  3.05  2.40  1.97     3.36  2.23  3.94  4.26  3.01
 75   40     2.00  2.61  3.21  3.93  4.17  3.84  3.91  4.39  3.44  2.96  2.36  1.96     3.23  2.19  3.77  4.05  2.92
 75   50     1.94  2.51  3.04  3.70  3.91  3.58  3.65  4.14  3.26  2.84  2.29  1.91     3.07  2.12  3.55  3.79  2.80
 75   60     1.85  2.39  2.85  3.43  3.60  3.28  3.36  3.84  3.03  2.66  2.19  1.84     2.86  2.03  3.29  3.49  2.63
 75   70     1.72  2.22  2.62  3.13  3.28  2.98  3.04  3.50  2.79  2.47  2.06  1.74     2.63  1.90  3.01  3.17  2.44
 75   80     1.59  2.05  2.38  2.81  2.94  2.66  2.72  3.15  2.51  2.23  1.89  1.60     2.38  1.75  2.71  2.84  2.21
 75   90     1.44  1.85  2.11  2.47  2.58  2.34  2.39  2.78  2.23  2.00  1.71  1.47     2.11  1.58  2.39  2.50  1.98
 90   10     1.94  2.60  3.35  4.27  4.62  4.31  4.38  4.78  3.66  3.01  2.26  1.83     3.42  2.12  4.08  4.49  2.98
 90   20     1.90  2.55  3.27  4.16  4.51  4.20  4.27  4.67  3.57  2.94  2.23  1.80     3.34  2.08  3.98  4.38  2.91
 90   30     1.84  2.48  3.15  4.00  4.34  4.03  4.09  4.50  3.44  2.84  2.17  1.77     3.22  2.03  3.83  4.21  2.81
 90   40     1.77  2.38  3.00  3.78  4.11  3.81  3.87  4.28  3.27  2.71  2.08  1.70     3.06  1.95  3.63  3.99  2.69
 90   50     1.68  2.26  2.83  3.54  3.85  3.56  3.62  4.02  3.07  2.55  1.99  1.63     2.88  1.86  3.40  3.73  2.53
 90   60     1.58  2.12  2.62  3.27  3.55  3.27  3.33  3.73  2.85  2.38  1.87  1.54     2.67  1.75  3.15  3.44  2.36
 90   70     1.46  1.97  2.41  2.98  3.23  2.96  3.02  3.40  2.60  2.18  1.74  1.44     2.45  1.63  2.87  3.13  2.17
 90   80     1.34  1.80  2.17  2.67  2.91  2.66  2.70  3.06  2.35  1.98  1.59  1.32     2.21  1.49  2.58  2.81  1.97
 90   90     1.21  1.63  1.94  2.38  2.58  2.35  2.40  2.73  2.09  1.77  1.43  1.21     1.98  1.35  2.30  2.49  1.76
105   10     1.86  2.52  3.28  4.22  4.61  4.30  4.37  4.74  3.60  2.93  2.17  1.75     3.36  2.04  4.04  4.47  2.90
105   20     1.76  2.41  3.15  4.07  4.47  4.19  4.24  4.60  3.47  2.79  2.05  1.65     3.24  1.94  3.89  4.34  2.77
105   30     1.65  2.28  2.97  3.86  4.28  4.01  4.06  4.39  3.29  2.62  1.93  1.55     3.07  1.83  3.70  4.15  2.61
105   40     1.54  2.14  2.78  3.61  4.03  3.77  3.82  4.13  3.09  2.44  1.81  1.46     2.88  1.71  3.47  3.91  2.44
105   50     1.44  2.00  2.58  3.34  3.75  3.51  3.55  3.85  2.86  2.26  1.68  1.36     2.68  1.60  3.22  3.63  2.27
105   60     1.33  1.85  2.38  3.06  3.45  3.21  3.25  3.54  2.62  2.08  1.56  1.26     2.47  1.48  2.96  3.34  2.08
105   70     1.22  1.71  2.16  2.78  3.13  2.91  2.95  3.23  2.39  1.89  1.43  1.17     2.25  1.37  2.69  3.03  1.90
105   80     1.11  1.56  1.95  2.49  2.81  2.61  2.64  2.91  2.15  1.71  1.31  1.07     2.03  1.25  2.42  2.72  1.72
105   90     1.01  1.42  1.74  2.21  2.50  2.31  2.34  2.60  1.92  1.53  1.17  0.97     1.81  1.14  2.15  2.42  1.54
120   10     1.79  2.45  3.22  4.18  4.59  4.30  4.36  4.71  3.55  2.85  2.08  1.67     3.31  1.97  4.00  4.46  2.83
120   20     1.63  2.27  3.02  3.98  4.43  4.17  4.22  4.52  3.36  2.63  1.89  1.50     3.14  1.80  3.81  4.31  2.63
120   30     1.47  2.08  2.80  3.72  4.21  3.98  4.02  4.26  3.13  2.40  1.70  1.35     2.93  1.64  3.57  4.09  2.41
120   40     1.33  1.90  2.56  3.43  3.93  3.72  3.75  3.96  2.88  2.17  1.54  1.22     2.70  1.49  3.31  3.81  2.20
120   50     1.21  1.74  2.33  3.12  3.62  3.43  3.46  3.64  2.63  1.96  1.40  1.11     2.47  1.36  3.02  3.51  2.00
120   60     1.11  1.60  2.11  2.82  3.29  3.13  3.15  3.31  2.38  1.78  1.27  1.02     2.25  1.24  2.74  3.19  1.81
120   70     1.02  1.47  1.91  2.54  2.97  2.81  2.83  3.00  2.15  1.61  1.16  0.94     2.03  1.14  2.47  2.88  1.64
120   80     0.93  1.34  1.72  2.27  2.66  2.51  2.53  2.69  1.93  1.45  1.06  0.86     1.83  1.04  2.22  2.58  1.48
120   90     0.85  1.23  1.54  2.02  2.36  2.22  2.24  2.40  1.73  1.31  0.96  0.79     1.64  0.96  1.97  2.29  1.33
135   10     1.74  2.39  3.17  4.14  4.57  4.30  4.35  4.68  3.51  2.79  2.01  1.60     3.27  1.91  3.96  4.44  2.77
135   20     1.51  2.15  2.91  3.89  4.40  4.16  4.20  4.45  3.27  2.50  1.74  1.37     3.05  1.68  3.73  4.27  2.50
135   30     1.31  1.90  2.63  3.58  4.14  3.95  3.98  4.15  2.99  2.20  1.49  1.17     2.79  1.46  3.45  4.03  2.23
135   40     1.15  1.69  2.34  3.24  3.82  3.67  3.69  3.79  2.69  1.92  1.29  1.01     2.52  1.28  3.13  3.72  1.97
135   50     1.03  1.51  2.08  2.89  3.46  3.35  3.35  3.41  2.40  1.69  1.14  0.91     2.27  1.15  2.81  3.37  1.74
135   60     0.94  1.37  1.86  2.56  3.10  3.01  3.01  3.04  2.13  1.50  1.03  0.83     2.03  1.05  2.51  3.02  1.56
135   70     0.87  1.26  1.67  2.27  2.76  2.68  2.68  2.70  1.91  1.35  0.95  0.78     1.82  0.97  2.23  2.69  1.40
135   80     0.81  1.16  1.50  2.02  2.46  2.38  2.37  2.41  1.71  1.22  0.88  0.72     1.64  0.90  1.99  2.39  1.27
135   90     0.75  1.07  1.36  1.80  2.18  2.10  2.10  2.16  1.53  1.12  0.81  0.68     1.47  0.83  1.78  2.12  1.15
150   10     1.69  2.34  3.13  4.11  4.56  4.29  4.35  4.65  3.48  2.73  1.95  1.55     3.24  1.86  3.93  4.43  2.72
150   20     1.42  2.05  2.82  3.83  4.37  4.15  4.19  4.40  3.20  2.38  1.62  1.26     2.97  1.57  3.67  4.25  2.40
150   30     1.17  1.75  2.49  3.48  4.09  3.94  3.95  4.05  2.87  2.02  1.31  1.01     2.68  1.31  3.35  3.98  2.07
150   40     0.99  1.49  2.14  3.08  3.74  3.64  3.64  3.64  2.51  1.69  1.08  0.85     2.37  1.11  2.99  3.64  1.76
150   50     0.91  1.30  1.84  2.67  3.33  3.29  3.27  3.19  2.17  1.43  0.95  0.78     2.09  1.00  2.61  3.25  1.51
150   60     0.86  1.19  1.61  2.29  2.90  2.90  2.86  2.75  1.88  1.27  0.88  0.75     1.84  0.93  2.27  2.84  1.34
150   70     0.81  1.11  1.45  2.00  2.52  2.52  2.49  2.39  1.67  1.15  0.83  0.71     1.64  0.88  1.99  2.47  1.22
150   80     0.76  1.04  1.32  1.77  2.21  2.21  2.18  2.12  1.50  1.06  0.78  0.67     1.47  0.82  1.77  2.17  1.12
150   90     0.71  0.98  1.21  1.59  1.96  1.95  1.93  1.90  1.36  0.99  0.73  0.63     1.33  0.77  1.59  1.92  1.03
165   10     1.66  2.31  3.10  4.10  4.55  4.29  4.34  4.64  3.46  2.70  1.91  1.51     3.21  1.83  3.92  4.43  2.69
165   20     1.35  1.98  2.77  3.80  4.35  4.15  4.18  4.37  3.15  2.32  1.54  1.18     2.93  1.50  3.64  4.23  2.33
165   30     1.06  1.63  2.39  3.42  4.07  3.93  3.94  4.00  2.79  1.90  1.17  0.90     2.60  1.20  3.29  3.96  1.95
165   40     0.93  1.32  1.99  2.99  3.71  3.64  3.63  3.56  2.38  1.50  0.92  0.81     2.28  1.02  2.89  3.61  1.60
165   50     0.89  1.16  1.63  2.50  3.27  3.28  3.25  3.06  1.97  1.22  0.89  0.78     1.99  0.94  2.47  3.19  1.36
165   60     0.85  1.12  1.41  2.03  2.79  2.87  2.82  2.50  1.64  1.11  0.85  0.74     1.73  0.90  2.07  2.73  1.20
165   70     0.81  1.06  1.29  1.73  2.27  2.42  2.35  2.06  1.47  1.05  0.81  0.71     1.50  0.86  1.77  2.28  1.11
165   80     0.76  1.01  1.21  1.55  1.97  2.04  1.99  1.82  1.35  1.00  0.77  0.67     1.34  0.81  1.58  1.95  1.04
165   90     0.71  0.95  1.12  1.42  1.76  1.80  1.76  1.65  1.25  0.94  0.72  0.63     1.23  0.76  1.43  1.74  0.97
180   10     1.64  2.30  3.09  4.10  4.55  4.29  4.34  4.63  3.45  2.69  1.90  1.50     3.21  1.81  3.91  4.42  2.68
180   20     1.32  1.95  2.75  3.80  4.35  4.15  4.18  4.36  3.13  2.29  1.50  1.16     2.91  1.48  3.63  4.23  2.31
180   30     1.02  1.58  2.36  3.42  4.06  3.93  3.94  3.99  2.76  1.85  1.12  0.86     2.57  1.15  3.28  3.95  1.91
180   40     0.93  1.24  1.93  2.98  3.69  3.63  3.62  3.55  2.34  1.40  0.92  0.81     2.25  0.99  2.87  3.60  1.55
180   50     0.89  1.16  1.48  2.49  3.26  3.27  3.25  3.04  1.89  1.15  0.89  0.78     1.96  0.94  2.41  3.19  1.31
180   60     0.85  1.12  1.32  1.97  2.77  2.87  2.81  2.48  1.46  1.10  0.85  0.74     1.70  0.90  2.02  2.72  1.14
180   70     0.81  1.06  1.26  1.58  2.24  2.42  2.34  1.90  1.37  1.05  0.81  0.71     1.46  0.86  1.69  2.22  1.08
180   80     0.76  1.01  1.18  1.46  1.85  1.97  1.91  1.68  1.28  1.00  0.77  0.67     1.29  0.81  1.50  1.85  1.01
180   90     0.71  0.95  1.11  1.37  1.66  1.73  1.70  1.54  1.20  0.94  0.72  0.63     1.19  0.76  1.38  1.66  0.95
             53.4  44.8  32.2  18.2   6.3   2.1   3.6  12.1  25.6  41.1  52.2  57.1     27.3  51.6  18.4   6.4  39.3
             2.79  3.29  3.79  4.48  4.68  4.35  4.43  4.89  3.96  3.73  3.25  2.85     3.87  2.97  4.27  4.55  3.60
             2.58  3.18  3.78  4.44  4.48  4.10  4.19  4.79  3.96  3.65  3.01  2.56     3.73  2.77  4.23  4.36  3.54
             1.08  1.03  1.00  1.01  1.04  1.06  1.06  1.02  1.00  1.02  1.08  1.11     1.04  1.08  1.02  1.05  1.03
             1.32  1.21  1.12  1.03  0.96  0.94  0.95  1.00  1.07  1.20  1.31  1.39     1.13  1.31  1.04  0.96  1.19
temperature   2.8   3.1   6.5  12.2  17.2  21.2  25.0  26.1  22.3  16.0  10.2   5.2     14.0   3.7  12.0  24.1  16.2
diffusedrad  1.17  1.54  1.87  2.25  2.52  2.64  2.59  2.39  2.04  1.59  1.23  1.03     1.91  1.25  2.21  2.54  1.62
snow10cm     0.04  0.07  0.00  0.00  0.00  0.00  0.00  0.00  0.00  0.00  0.00  0.03     0.01  0.05  0.00  0.00  0.00
