2 62091   堺              34 33.3  135 29.1   20
             2.18  2.82  3.65  4.68  5.05  4.72  5.11  5.25  3.92  3.21  2.46  2.04     3.76  2.35  4.46  5.03  3.19
             2.67  3.52  4.38  5.70  5.91  5.73  6.85  6.56  4.82  3.73  2.80  2.42     4.27  2.73  5.11  6.00  3.46
             1.92  2.20  2.88  3.86  4.47  3.83  3.86  4.33  2.98  2.64  2.10  1.69     3.41  2.06  4.07  4.20  2.64
  0   10     2.55  3.15  3.90  4.79  5.06  4.68  5.08  5.34  4.09  3.52  2.83  2.43     3.95  2.71  4.58  5.03  3.48
  0   20     2.86  3.42  4.08  4.83  4.97  4.55  4.95  5.31  4.20  3.77  3.15  2.76     4.07  3.01  4.63  4.94  3.70
  0   30     3.10  3.61  4.16  4.77  4.78  4.34  4.74  5.17  4.21  3.92  3.40  3.03     4.10  3.25  4.57  4.75  3.84
  0   40     3.27  3.71  4.14  4.60  4.50  4.05  4.42  4.92  4.13  3.99  3.56  3.23     4.04  3.40  4.41  4.46  3.89
  0   50     3.36  3.73  4.04  4.33  4.11  3.68  4.01  4.56  3.96  3.96  3.64  3.34     3.89  3.48  4.16  4.08  3.85
  0   60     3.37  3.66  3.84  3.96  3.67  3.27  3.55  4.10  3.70  3.84  3.63  3.37     3.66  3.47  3.82  3.64  3.72
  0   70     3.30  3.50  3.56  3.52  3.16  2.80  3.04  3.58  3.37  3.63  3.53  3.32     3.36  3.37  3.41  3.14  3.51
  0   80     3.15  3.26  3.20  3.02  2.61  2.31  2.48  2.99  2.97  3.34  3.34  3.19     2.99  3.20  2.94  2.60  3.22
  0   90     2.92  2.95  2.78  2.47  2.06  1.83  1.94  2.36  2.52  2.97  3.07  2.97     2.57  2.95  2.44  2.04  2.85
 15   10     2.53  3.14  3.89  4.78  5.06  4.68  5.08  5.34  4.09  3.50  2.82  2.42     3.94  2.69  4.58  5.03  3.47
 15   20     2.83  3.40  4.05  4.82  4.98  4.55  4.96  5.31  4.18  3.73  3.13  2.74     4.06  2.99  4.62  4.94  3.68
 15   30     3.06  3.58  4.12  4.75  4.79  4.34  4.74  5.17  4.19  3.88  3.37  3.00     4.08  3.21  4.55  4.75  3.81
 15   40     3.22  3.68  4.11  4.58  4.50  4.06  4.43  4.93  4.11  3.93  3.52  3.18     4.02  3.36  4.40  4.47  3.85
 15   50     3.30  3.69  4.00  4.32  4.14  3.71  4.04  4.58  3.94  3.89  3.60  3.29     3.87  3.43  4.15  4.11  3.81
 15   60     3.30  3.62  3.80  3.97  3.70  3.29  3.59  4.14  3.69  3.76  3.58  3.31     3.65  3.41  3.82  3.67  3.68
 15   70     3.22  3.46  3.51  3.54  3.21  2.85  3.09  3.63  3.36  3.55  3.47  3.26     3.35  3.31  3.42  3.19  3.46
 15   80     3.06  3.22  3.16  3.06  2.68  2.38  2.56  3.06  2.96  3.25  3.28  3.12     2.98  3.13  2.96  2.67  3.17
 15   90     2.83  2.90  2.74  2.52  2.15  1.92  2.04  2.47  2.53  2.89  3.02  2.90     2.58  2.88  2.47  2.14  2.81
 30   10     2.49  3.11  3.86  4.76  5.06  4.68  5.08  5.33  4.07  3.47  2.78  2.38     3.92  2.66  4.56  5.03  3.44
 30   20     2.75  3.34  4.00  4.78  4.98  4.56  4.96  5.30  4.14  3.66  3.06  2.66     4.02  2.92  4.59  4.94  3.62
 30   30     2.94  3.49  4.05  4.71  4.80  4.36  4.76  5.18  4.14  3.78  3.26  2.88     4.03  3.11  4.52  4.77  3.73
 30   40     3.07  3.56  4.01  4.54  4.54  4.09  4.47  4.94  4.05  3.81  3.39  3.04     3.96  3.22  4.37  4.50  3.75
 30   50     3.12  3.55  3.90  4.29  4.19  3.76  4.11  4.62  3.87  3.75  3.43  3.12     3.81  3.26  4.13  4.16  3.68
 30   60     3.10  3.46  3.70  3.96  3.79  3.37  3.68  4.21  3.63  3.60  3.39  3.12     3.59  3.23  3.81  3.76  3.54
 30   70     3.00  3.29  3.42  3.54  3.33  2.96  3.22  3.74  3.31  3.38  3.27  3.05     3.29  3.11  3.43  3.31  3.32
 30   80     2.83  3.05  3.07  3.10  2.85  2.52  2.74  3.23  2.94  3.09  3.07  2.90     2.95  2.93  3.01  2.83  3.04
 30   90     2.60  2.74  2.69  2.62  2.37  2.10  2.26  2.70  2.54  2.74  2.80  2.68     2.57  2.67  2.56  2.36  2.69
 45   10     2.43  3.05  3.81  4.73  5.06  4.68  5.08  5.31  4.03  3.41  2.72  2.31     3.88  2.60  4.53  5.02  3.38
 45   20     2.63  3.23  3.92  4.73  4.97  4.56  4.96  5.28  4.08  3.56  2.93  2.54     3.95  2.80  4.54  4.93  3.52
 45   30     2.77  3.34  3.93  4.64  4.81  4.38  4.77  5.15  4.06  3.63  3.08  2.71     3.94  2.94  4.46  4.77  3.59
 45   40     2.85  3.38  3.88  4.47  4.56  4.12  4.50  4.94  3.95  3.62  3.16  2.81     3.86  3.02  4.30  4.52  3.58
 45   50     2.86  3.34  3.75  4.23  4.24  3.81  4.17  4.63  3.78  3.54  3.17  2.86     3.70  3.02  4.07  4.20  3.50
 45   60     2.81  3.24  3.54  3.91  3.87  3.46  3.78  4.27  3.53  3.39  3.11  2.83     3.48  2.96  3.77  3.84  3.34
 45   70     2.70  3.07  3.28  3.54  3.45  3.07  3.36  3.83  3.24  3.16  2.98  2.73     3.20  2.83  3.42  3.42  3.13
 45   80     2.53  2.83  2.95  3.13  3.02  2.68  2.92  3.38  2.89  2.89  2.77  2.57     2.88  2.64  3.03  2.99  2.85
 45   90     2.30  2.54  2.61  2.69  2.58  2.29  2.49  2.90  2.53  2.56  2.52  2.37     2.53  2.40  2.63  2.56  2.54
 60   10     2.35  2.98  3.76  4.69  5.05  4.68  5.08  5.29  3.98  3.34  2.64  2.23     3.84  2.52  4.50  5.01  3.32
 60   20     2.48  3.10  3.80  4.66  4.96  4.56  4.96  5.24  4.00  3.42  2.77  2.38     3.86  2.65  4.47  4.92  3.40
 60   30     2.55  3.15  3.79  4.54  4.79  4.39  4.77  5.10  3.94  3.44  2.87  2.49     3.82  2.73  4.38  4.75  3.41
 60   40     2.58  3.15  3.70  4.37  4.56  4.15  4.52  4.90  3.82  3.40  2.89  2.53     3.71  2.75  4.21  4.52  3.37
 60   50     2.56  3.09  3.56  4.13  4.26  3.85  4.21  4.61  3.64  3.28  2.86  2.54     3.55  2.73  3.98  4.23  3.26
 60   60     2.48  2.96  3.35  3.83  3.92  3.52  3.85  4.27  3.40  3.13  2.78  2.48     3.33  2.64  3.70  3.88  3.10
 60   70     2.35  2.79  3.10  3.48  3.54  3.17  3.46  3.88  3.12  2.90  2.63  2.37     3.07  2.51  3.37  3.51  2.89
 60   80     2.19  2.57  2.80  3.10  3.13  2.80  3.06  3.45  2.81  2.65  2.44  2.22     2.77  2.33  3.01  3.10  2.63
 60   90     1.98  2.31  2.49  2.72  2.73  2.43  2.65  3.02  2.48  2.36  2.21  2.03     2.45  2.11  2.65  2.70  2.35
 75   10     2.26  2.89  3.69  4.64  5.03  4.68  5.07  5.25  3.93  3.25  2.54  2.13     3.78  2.43  4.45  5.00  3.24
 75   20     2.30  2.94  3.67  4.57  4.93  4.56  4.95  5.18  3.90  3.25  2.60  2.20     3.75  2.48  4.39  4.90  3.25
 75   30     2.32  2.93  3.61  4.43  4.76  4.38  4.76  5.03  3.80  3.22  2.61  2.23     3.67  2.49  4.27  4.72  3.21
 75   40     2.29  2.88  3.49  4.23  4.53  4.15  4.51  4.80  3.65  3.13  2.58  2.23     3.54  2.47  4.08  4.49  3.12
 75   50     2.23  2.78  3.32  3.99  4.25  3.87  4.22  4.54  3.47  3.00  2.52  2.18     3.36  2.40  3.85  4.21  2.99
 75   60     2.13  2.65  3.12  3.69  3.92  3.55  3.88  4.21  3.23  2.82  2.40  2.11     3.14  2.30  3.58  3.88  2.82
 75   70     2.00  2.47  2.87  3.37  3.56  3.22  3.50  3.84  2.96  2.62  2.27  2.00     2.89  2.15  3.27  3.52  2.62
 75   80     1.85  2.28  2.61  3.02  3.19  2.87  3.13  3.47  2.68  2.37  2.08  1.85     2.62  1.99  2.94  3.16  2.38
 75   90     1.67  2.05  2.31  2.66  2.81  2.52  2.75  3.06  2.37  2.13  1.89  1.69     2.33  1.80  2.59  2.78  2.13
 90   10     2.16  2.80  3.61  4.59  5.01  4.67  5.06  5.21  3.87  3.16  2.43  2.03     3.72  2.33  4.40  4.98  3.15
 90   20     2.12  2.76  3.53  4.47  4.90  4.55  4.93  5.10  3.78  3.09  2.40  2.00     3.63  2.29  4.30  4.86  3.09
 90   30     2.06  2.69  3.40  4.29  4.71  4.37  4.73  4.92  3.64  2.98  2.34  1.97     3.51  2.24  4.13  4.67  2.99
 90   40     1.99  2.59  3.25  4.06  4.47  4.13  4.47  4.68  3.46  2.85  2.25  1.91     3.34  2.16  3.93  4.43  2.85
 90   50     1.88  2.46  3.06  3.79  4.18  3.85  4.18  4.40  3.25  2.68  2.15  1.83     3.14  2.06  3.68  4.14  2.69
 90   60     1.78  2.32  2.84  3.51  3.86  3.54  3.85  4.08  3.02  2.50  2.02  1.73     2.92  1.94  3.40  3.82  2.51
 90   70     1.65  2.15  2.62  3.19  3.51  3.21  3.49  3.73  2.76  2.30  1.89  1.63     2.68  1.81  3.11  3.48  2.32
 90   80     1.51  1.97  2.36  2.87  3.16  2.88  3.13  3.37  2.49  2.08  1.73  1.49     2.42  1.66  2.80  3.12  2.10
 90   90     1.36  1.78  2.12  2.55  2.81  2.55  2.77  3.01  2.22  1.86  1.57  1.36     2.16  1.50  2.49  2.78  1.88
105   10     2.06  2.71  3.54  4.53  5.00  4.67  5.05  5.17  3.81  3.07  2.32  1.93     3.65  2.23  4.36  4.96  3.07
105   20     1.94  2.57  3.38  4.36  4.85  4.54  4.90  5.02  3.66  2.91  2.19  1.81     3.51  2.11  4.20  4.82  2.92
105   30     1.80  2.43  3.19  4.13  4.64  4.34  4.68  4.79  3.47  2.73  2.06  1.69     3.33  1.98  3.99  4.60  2.75
105   40     1.68  2.29  2.98  3.87  4.37  4.09  4.41  4.51  3.25  2.54  1.93  1.59     3.12  1.85  3.74  4.34  2.57
105   50     1.56  2.13  2.77  3.57  4.07  3.80  4.09  4.19  3.01  2.36  1.78  1.48     2.90  1.73  3.47  4.03  2.38
105   60     1.44  1.97  2.55  3.27  3.74  3.48  3.75  3.87  2.76  2.16  1.66  1.37     2.67  1.59  3.19  3.70  2.19
105   70     1.32  1.82  2.32  2.97  3.40  3.15  3.40  3.54  2.52  1.96  1.52  1.28     2.43  1.47  2.89  3.36  2.00
105   80     1.20  1.65  2.10  2.66  3.05  2.82  3.04  3.19  2.27  1.78  1.40  1.16     2.19  1.34  2.60  3.02  1.82
105   90     1.09  1.50  1.88  2.36  2.72  2.51  2.70  2.84  2.02  1.59  1.26  1.06     1.96  1.22  2.32  2.68  1.62
120   10     1.97  2.62  3.46  4.48  4.97  4.66  5.04  5.13  3.75  2.98  2.22  1.83     3.59  2.14  4.31  4.94  2.98
120   20     1.76  2.40  3.24  4.25  4.81  4.52  4.87  4.92  3.54  2.74  2.00  1.63     3.39  1.93  4.10  4.77  2.76
120   30     1.56  2.18  2.98  3.97  4.56  4.31  4.63  4.64  3.29  2.49  1.79  1.44     3.15  1.73  3.84  4.52  2.52
120   40     1.40  1.98  2.72  3.65  4.25  4.03  4.32  4.30  3.02  2.24  1.60  1.29     2.90  1.55  3.54  4.22  2.29
120   50     1.26  1.80  2.46  3.31  3.91  3.71  3.97  3.95  2.75  2.02  1.45  1.16     2.65  1.41  3.23  3.88  2.07
120   60     1.13  1.64  2.23  2.99  3.56  3.38  3.60  3.59  2.49  1.82  1.32  1.06     2.40  1.28  2.92  3.52  1.88
120   70     1.04  1.49  2.02  2.68  3.21  3.04  3.24  3.25  2.24  1.65  1.19  0.98     2.17  1.17  2.63  3.18  1.69
120   80     0.94  1.36  1.82  2.40  2.87  2.71  2.89  2.92  2.01  1.48  1.10  0.89     1.95  1.06  2.36  2.84  1.53
120   90     0.87  1.24  1.63  2.13  2.55  2.40  2.56  2.61  1.80  1.34  0.99  0.82     1.75  0.98  2.10  2.52  1.38
135   10     1.89  2.54  3.40  4.44  4.96  4.66  5.03  5.09  3.70  2.91  2.13  1.74     3.54  2.06  4.27  4.93  2.91
135   20     1.60  2.24  3.10  4.16  4.76  4.51  4.85  4.84  3.44  2.59  1.82  1.46     3.28  1.76  4.01  4.73  2.62
135   30     1.34  1.95  2.78  3.81  4.48  4.28  4.57  4.50  3.12  2.26  1.54  1.21     2.98  1.50  3.69  4.45  2.31
135   40     1.14  1.69  2.45  3.42  4.12  3.97  4.22  4.10  2.79  1.96  1.31  1.02     2.68  1.28  3.33  4.10  2.02
135   50     1.00  1.49  2.16  3.04  3.73  3.61  3.82  3.67  2.48  1.71  1.14  0.90     2.40  1.13  2.97  3.70  1.78
135   60     0.90  1.33  1.92  2.68  3.33  3.23  3.41  3.26  2.20  1.51  1.03  0.82     2.13  1.02  2.64  3.30  1.58
135   70     0.83  1.21  1.71  2.37  2.96  2.87  3.02  2.89  1.96  1.35  0.94  0.76     1.91  0.93  2.35  2.93  1.42
135   80     0.77  1.11  1.54  2.10  2.63  2.54  2.67  2.58  1.75  1.22  0.87  0.71     1.71  0.86  2.09  2.60  1.28
135   90     0.72  1.02  1.40  1.86  2.33  2.24  2.36  2.31  1.57  1.12  0.80  0.66     1.53  0.80  1.86  2.30  1.16
150   10     1.82  2.47  3.35  4.41  4.95  4.66  5.02  5.07  3.66  2.85  2.06  1.67     3.50  1.99  4.23  4.92  2.86
150   20     1.47  2.11  2.99  4.09  4.73  4.50  4.83  4.78  3.35  2.46  1.68  1.31     3.19  1.63  3.94  4.70  2.50
150   30     1.14  1.74  2.61  3.69  4.42  4.26  4.54  4.38  2.98  2.06  1.32  1.00     2.85  1.29  3.57  4.39  2.12
150   40     0.92  1.43  2.21  3.24  4.03  3.93  4.16  3.92  2.59  1.70  1.05  0.80     2.50  1.05  3.16  4.00  1.78
150   50     0.82  1.21  1.87  2.77  3.56  3.53  3.70  3.40  2.21  1.41  0.90  0.72     2.17  0.92  2.73  3.54  1.51
150   60     0.77  1.08  1.61  2.35  3.08  3.09  3.20  2.91  1.90  1.23  0.83  0.69     1.90  0.85  2.35  3.07  1.32
150   70     0.73  1.00  1.44  2.03  2.66  2.67  2.75  2.51  1.68  1.12  0.78  0.66     1.67  0.80  2.04  2.64  1.19
150   80     0.69  0.94  1.31  1.79  2.33  2.33  2.39  2.21  1.51  1.03  0.74  0.63     1.49  0.75  1.81  2.31  1.10
150   90     0.66  0.88  1.21  1.61  2.06  2.05  2.11  1.98  1.37  0.96  0.71  0.59     1.35  0.71  1.63  2.04  1.01
165   10     1.78  2.43  3.32  4.39  4.94  4.66  5.02  5.05  3.64  2.81  2.02  1.62     3.47  1.94  4.21  4.91  2.82
165   20     1.37  2.01  2.93  4.05  4.72  4.50  4.83  4.74  3.29  2.38  1.58  1.21     3.13  1.53  3.90  4.69  2.42
165   30     1.00  1.58  2.48  3.62  4.40  4.25  4.54  4.33  2.89  1.92  1.15  0.85     2.75  1.15  3.50  4.37  1.99
165   40     0.82  1.20  2.02  3.13  3.99  3.93  4.15  3.82  2.44  1.48  0.85  0.74     2.38  0.92  3.04  3.96  1.59
165   50     0.80  1.00  1.60  2.58  3.50  3.52  3.68  3.24  1.98  1.16  0.82  0.71     2.05  0.84  2.56  3.48  1.32
165   60     0.76  0.96  1.35  2.04  2.95  3.06  3.15  2.60  1.62  1.05  0.79  0.69     1.75  0.81  2.12  2.94  1.16
165   70     0.73  0.92  1.24  1.71  2.37  2.55  2.56  2.09  1.43  1.00  0.76  0.66     1.50  0.77  1.77  2.40  1.06
165   80     0.69  0.88  1.16  1.52  2.02  2.11  2.12  1.83  1.32  0.95  0.73  0.63     1.33  0.73  1.57  2.02  1.00
165   90     0.66  0.83  1.09  1.40  1.80  1.85  1.87  1.67  1.23  0.91  0.69  0.59     1.22  0.69  1.43  1.80  0.94
180   10     1.76  2.41  3.31  4.38  4.93  4.65  5.02  5.05  3.63  2.80  2.00  1.61     3.46  1.93  4.21  4.91  2.81
180   20     1.34  1.97  2.90  4.03  4.71  4.50  4.83  4.73  3.28  2.35  1.54  1.18     3.11  1.50  3.88  4.69  2.39
180   30     0.95  1.52  2.44  3.60  4.39  4.25  4.53  4.32  2.86  1.86  1.09  0.81     2.72  1.09  3.48  4.37  1.94
180   40     0.82  1.09  1.94  3.10  3.97  3.92  4.15  3.81  2.40  1.36  0.85  0.74     2.35  0.89  3.00  3.96  1.54
180   50     0.80  1.00  1.42  2.54  3.48  3.52  3.68  3.22  1.89  1.07  0.82  0.71     2.01  0.84  2.48  3.48  1.26
180   60     0.76  0.96  1.24  1.95  2.94  3.06  3.15  2.58  1.40  1.04  0.79  0.69     1.71  0.81  2.04  2.93  1.08
180   70     0.73  0.92  1.18  1.50  2.34  2.55  2.56  1.91  1.31  0.99  0.76  0.66     1.45  0.77  1.67  2.34  1.02
180   80     0.69  0.88  1.13  1.38  1.88  2.03  2.01  1.66  1.24  0.95  0.73  0.63     1.27  0.73  1.46  1.90  0.97
180   90     0.66  0.83  1.07  1.30  1.69  1.77  1.77  1.53  1.17  0.91  0.69  0.59     1.17  0.69  1.35  1.69  0.92
             56.0  47.0  33.6  19.1   5.8   1.2   2.7  11.9  26.3  42.1  53.7  58.8     28.5  53.8  19.5   5.6  40.5
             3.38  3.73  4.16  4.83  5.07  4.72  5.11  5.34  4.22  3.99  3.64  3.37     4.30  3.48  4.63  5.04  3.89
             3.07  3.58  4.15  4.78  4.82  4.38  4.78  5.20  4.21  3.91  3.36  2.99     4.10  3.22  4.58  4.78  3.83
             1.10  1.04  1.00  1.01  1.05  1.08  1.07  1.03  1.00  1.02  1.08  1.13     1.05  1.09  1.02  1.06  1.04
             1.41  1.27  1.14  1.02  0.95  0.93  0.94  0.99  1.07  1.22  1.37  1.47     1.15  1.38  1.04  0.95  1.22
temperature   5.1   5.5   8.7  14.2  18.8  22.7  26.7  27.9  24.0  17.7  12.3   7.5     15.9   6.0  13.9  25.8  18.0
diffusedrad  1.10  1.40  1.80  2.17  2.46  2.57  2.51  2.27  1.98  1.52  1.17  0.99     1.83  1.17  2.14  2.45  1.56
snow10cm     0.00  0.00  0.00  0.00  0.00  0.00  0.00  0.00  0.00  0.00  0.00  0.00     0.00  0.00  0.00  0.00  0.00
