1 62078   大阪            34 40.9  135 31.1   23
             2.15  2.72  3.49  4.46  4.83  4.52  4.74  4.82  3.69  3.05  2.35  2.03     3.57  2.30  4.26  4.69  3.03
             2.51  3.39  4.13  5.34  5.74  5.56  6.01  6.04  4.56  3.72  2.86  2.48     3.96  2.66  4.84  5.45  3.39
             1.85  2.33  2.89  3.79  4.24  3.83  3.74  4.00  3.01  2.62  2.09  1.89     3.33  2.19  3.96  3.96  2.77
  0   10     2.52  3.03  3.73  4.56  4.84  4.48  4.71  4.89  3.86  3.35  2.70  2.44     3.76  2.66  4.38  4.69  3.30
  0   20     2.84  3.29  3.89  4.61  4.75  4.36  4.60  4.87  3.95  3.58  3.01  2.79     3.88  2.97  4.42  4.61  3.51
  0   30     3.09  3.47  3.97  4.54  4.58  4.16  4.40  4.74  3.96  3.72  3.25  3.08     3.91  3.21  4.36  4.44  3.64
  0   40     3.26  3.57  3.95  4.38  4.30  3.89  4.12  4.51  3.88  3.78  3.40  3.29     3.86  3.38  4.21  4.17  3.69
  0   50     3.36  3.59  3.85  4.13  3.94  3.54  3.75  4.19  3.72  3.76  3.48  3.42     3.73  3.46  3.97  3.83  3.65
  0   60     3.37  3.52  3.66  3.78  3.52  3.15  3.34  3.78  3.48  3.64  3.47  3.46     3.51  3.45  3.65  3.42  3.53
  0   70     3.30  3.37  3.40  3.36  3.04  2.71  2.87  3.31  3.17  3.44  3.37  3.41     3.23  3.36  3.27  2.96  3.33
  0   80     3.15  3.14  3.06  2.89  2.52  2.25  2.37  2.78  2.80  3.17  3.19  3.28     2.88  3.19  2.82  2.47  3.05
  0   90     2.92  2.84  2.66  2.37  2.00  1.79  1.87  2.21  2.37  2.82  2.94  3.06     2.49  2.94  2.34  1.96  2.71
 15   10     2.50  3.02  3.72  4.56  4.84  4.47  4.71  4.89  3.85  3.33  2.69  2.43     3.75  2.65  4.37  4.69  3.29
 15   20     2.81  3.27  3.87  4.59  4.76  4.36  4.60  4.87  3.94  3.55  2.99  2.77     3.87  2.95  4.41  4.61  3.49
 15   30     3.04  3.45  3.93  4.53  4.58  4.16  4.40  4.74  3.94  3.68  3.22  3.05     3.89  3.18  4.35  4.43  3.61
 15   40     3.21  3.54  3.92  4.37  4.31  3.89  4.13  4.52  3.86  3.73  3.37  3.25     3.84  3.33  4.20  4.18  3.65
 15   50     3.29  3.56  3.81  4.12  3.96  3.56  3.77  4.21  3.70  3.69  3.44  3.37     3.71  3.40  3.97  3.85  3.61
 15   60     3.29  3.48  3.62  3.79  3.55  3.17  3.37  3.81  3.46  3.57  3.42  3.40     3.49  3.39  3.65  3.45  3.48
 15   70     3.22  3.33  3.35  3.38  3.09  2.75  2.91  3.35  3.16  3.36  3.32  3.35     3.21  3.30  3.27  3.00  3.28
 15   80     3.06  3.10  3.01  2.92  2.58  2.31  2.44  2.84  2.79  3.08  3.14  3.21     2.87  3.12  2.84  2.53  3.00
 15   90     2.83  2.80  2.62  2.42  2.08  1.87  1.96  2.31  2.38  2.74  2.88  2.99     2.49  2.87  2.37  2.04  2.67
 30   10     2.46  2.99  3.69  4.54  4.84  4.47  4.71  4.88  3.83  3.29  2.66  2.39     3.73  2.61  4.36  4.69  3.26
 30   20     2.72  3.21  3.82  4.56  4.76  4.37  4.61  4.86  3.90  3.48  2.92  2.69     3.82  2.88  4.38  4.61  3.43
 30   30     2.92  3.36  3.87  4.49  4.59  4.18  4.42  4.74  3.89  3.59  3.12  2.93     3.84  3.07  4.32  4.45  3.53
 30   40     3.05  3.43  3.83  4.33  4.34  3.92  4.16  4.53  3.81  3.61  3.24  3.10     3.78  3.19  4.17  4.20  3.55
 30   50     3.11  3.42  3.71  4.09  4.01  3.61  3.83  4.24  3.64  3.56  3.28  3.19     3.64  3.24  3.94  3.89  3.49
 30   60     3.09  3.34  3.52  3.77  3.63  3.24  3.44  3.87  3.41  3.42  3.24  3.19     3.43  3.21  3.64  3.52  3.36
 30   70     2.99  3.17  3.26  3.38  3.20  2.85  3.02  3.44  3.12  3.21  3.13  3.13     3.16  3.10  3.28  3.11  3.15
 30   80     2.83  2.94  2.93  2.96  2.74  2.44  2.58  2.98  2.77  2.94  2.94  2.98     2.84  2.92  2.88  2.66  2.88
 30   90     2.60  2.64  2.56  2.51  2.28  2.04  2.15  2.50  2.39  2.60  2.68  2.76     2.48  2.67  2.45  2.23  2.56
 45   10     2.40  2.94  3.65  4.51  4.83  4.48  4.71  4.87  3.79  3.24  2.60  2.32     3.69  2.55  4.33  4.68  3.21
 45   20     2.60  3.11  3.74  4.51  4.75  4.37  4.60  4.84  3.84  3.38  2.80  2.56     3.76  2.76  4.33  4.60  3.34
 45   30     2.75  3.22  3.76  4.43  4.59  4.19  4.43  4.72  3.81  3.44  2.94  2.74     3.75  2.90  4.26  4.45  3.40
 45   40     2.83  3.26  3.71  4.26  4.36  3.95  4.18  4.52  3.71  3.44  3.02  2.86     3.67  2.98  4.11  4.22  3.39
 45   50     2.85  3.22  3.58  4.03  4.06  3.66  3.87  4.24  3.55  3.36  3.04  2.91     3.53  2.99  3.89  3.92  3.32
 45   60     2.80  3.12  3.38  3.73  3.70  3.32  3.52  3.91  3.32  3.22  2.98  2.89     3.32  2.94  3.60  3.58  3.17
 45   70     2.69  2.96  3.13  3.38  3.30  2.95  3.13  3.51  3.04  3.00  2.85  2.80     3.06  2.81  3.27  3.20  2.96
 45   80     2.52  2.73  2.82  2.98  2.90  2.58  2.73  3.10  2.71  2.75  2.65  2.64     2.76  2.63  2.90  2.80  2.70
 45   90     2.30  2.45  2.49  2.57  2.48  2.21  2.34  2.66  2.38  2.43  2.41  2.43     2.43  2.39  2.51  2.40  2.41
 60   10     2.31  2.87  3.59  4.47  4.82  4.47  4.70  4.85  3.75  3.17  2.52  2.23     3.65  2.47  4.29  4.67  3.15
 60   20     2.45  2.98  3.63  4.44  4.74  4.37  4.60  4.80  3.76  3.25  2.65  2.40     3.67  2.61  4.27  4.59  3.22
 60   30     2.53  3.04  3.62  4.33  4.58  4.20  4.42  4.67  3.71  3.27  2.74  2.51     3.63  2.69  4.18  4.43  3.24
 60   40     2.56  3.03  3.53  4.17  4.36  3.97  4.20  4.48  3.59  3.23  2.76  2.57     3.54  2.72  4.02  4.22  3.19
 60   50     2.54  2.98  3.40  3.93  4.07  3.69  3.91  4.22  3.42  3.12  2.73  2.58     3.38  2.70  3.80  3.94  3.09
 60   60     2.47  2.85  3.20  3.65  3.75  3.38  3.57  3.90  3.20  2.97  2.66  2.53     3.18  2.62  3.53  3.62  2.94
 60   70     2.34  2.69  2.96  3.32  3.38  3.04  3.22  3.55  2.93  2.76  2.52  2.42     2.93  2.49  3.22  3.27  2.74
 60   80     2.19  2.48  2.67  2.96  2.99  2.68  2.85  3.16  2.64  2.52  2.33  2.27     2.65  2.31  2.88  2.90  2.50
 60   90     1.98  2.22  2.37  2.59  2.62  2.33  2.47  2.77  2.33  2.24  2.12  2.08     2.34  2.09  2.53  2.52  2.23
 75   10     2.22  2.79  3.53  4.42  4.81  4.47  4.70  4.82  3.70  3.09  2.42  2.13     3.59  2.38  4.25  4.66  3.07
 75   20     2.27  2.83  3.51  4.36  4.71  4.36  4.59  4.75  3.67  3.10  2.48  2.21     3.57  2.44  4.19  4.57  3.08
 75   30     2.29  2.82  3.45  4.23  4.54  4.19  4.41  4.61  3.58  3.06  2.49  2.25     3.49  2.45  4.07  4.40  3.04
 75   40     2.27  2.78  3.34  4.03  4.33  3.97  4.18  4.40  3.44  2.97  2.47  2.25     3.37  2.43  3.90  4.18  2.96
 75   50     2.21  2.68  3.17  3.80  4.06  3.71  3.91  4.15  3.26  2.85  2.40  2.21     3.20  2.37  3.68  3.92  2.84
 75   60     2.12  2.56  2.98  3.52  3.74  3.40  3.59  3.85  3.04  2.68  2.30  2.14     2.99  2.27  3.41  3.61  2.67
 75   70     1.98  2.38  2.74  3.21  3.40  3.08  3.25  3.51  2.79  2.49  2.17  2.03     2.75  2.13  3.12  3.28  2.48
 75   80     1.84  2.20  2.49  2.89  3.05  2.75  2.91  3.17  2.52  2.25  1.99  1.88     2.49  1.97  2.81  2.94  2.25
 75   90     1.66  1.97  2.21  2.54  2.68  2.41  2.55  2.80  2.23  2.02  1.81  1.72     2.22  1.78  2.47  2.59  2.02
 90   10     2.13  2.70  3.46  4.38  4.79  4.47  4.69  4.78  3.65  3.01  2.32  2.03     3.53  2.28  4.21  4.65  2.99
 90   20     2.09  2.66  3.38  4.26  4.68  4.35  4.57  4.68  3.56  2.94  2.29  2.00     3.46  2.25  4.11  4.53  2.93
 90   30     2.03  2.59  3.26  4.09  4.49  4.18  4.38  4.51  3.43  2.83  2.23  1.97     3.33  2.20  3.95  4.36  2.83
 90   40     1.96  2.49  3.11  3.88  4.27  3.95  4.14  4.29  3.27  2.71  2.15  1.91     3.18  2.12  3.75  4.13  2.71
 90   50     1.86  2.38  2.93  3.62  4.00  3.69  3.87  4.02  3.06  2.55  2.06  1.84     2.99  2.02  3.52  3.86  2.56
 90   60     1.76  2.23  2.71  3.35  3.69  3.39  3.56  3.73  2.84  2.38  1.94  1.74     2.78  1.91  3.25  3.56  2.39
 90   70     1.63  2.07  2.50  3.05  3.35  3.07  3.23  3.41  2.60  2.19  1.81  1.64     2.55  1.78  2.97  3.24  2.20
 90   80     1.49  1.90  2.26  2.74  3.02  2.75  2.90  3.08  2.35  1.98  1.66  1.50     2.30  1.63  2.67  2.91  2.00
 90   90     1.35  1.71  2.02  2.44  2.68  2.44  2.57  2.75  2.09  1.77  1.50  1.38     2.06  1.48  2.38  2.58  1.79
105   10     2.03  2.61  3.38  4.33  4.77  4.46  4.68  4.75  3.59  2.92  2.22  1.92     3.47  2.19  4.16  4.63  2.91
105   20     1.90  2.48  3.24  4.16  4.63  4.34  4.54  4.60  3.45  2.77  2.10  1.80     3.34  2.06  4.01  4.49  2.77
105   30     1.77  2.35  3.06  3.95  4.43  4.15  4.34  4.39  3.27  2.60  1.97  1.68     3.16  1.93  3.81  4.29  2.61
105   40     1.65  2.20  2.86  3.69  4.18  3.91  4.08  4.14  3.07  2.42  1.84  1.58     2.97  1.81  3.58  4.04  2.44
105   50     1.53  2.06  2.65  3.41  3.89  3.63  3.79  3.85  2.84  2.24  1.71  1.48     2.76  1.69  3.32  3.76  2.27
105   60     1.41  1.90  2.44  3.12  3.57  3.33  3.48  3.55  2.60  2.06  1.59  1.37     2.54  1.56  3.05  3.45  2.08
105   70     1.30  1.75  2.22  2.84  3.25  3.02  3.15  3.24  2.38  1.87  1.46  1.27     2.31  1.44  2.77  3.14  1.90
105   80     1.18  1.59  2.01  2.54  2.91  2.70  2.82  2.92  2.14  1.70  1.34  1.17     2.09  1.31  2.49  2.81  1.73
105   90     1.07  1.45  1.80  2.25  2.60  2.40  2.50  2.60  1.91  1.51  1.20  1.06     1.86  1.20  2.22  2.50  1.54
120   10     1.93  2.52  3.31  4.28  4.75  4.46  4.67  4.71  3.54  2.84  2.12  1.82     3.41  2.09  4.12  4.61  2.83
120   20     1.72  2.31  3.10  4.06  4.59  4.33  4.52  4.52  3.34  2.61  1.91  1.61     3.22  1.88  3.92  4.46  2.62
120   30     1.53  2.10  2.86  3.79  4.36  4.12  4.29  4.26  3.11  2.37  1.71  1.42     2.99  1.68  3.67  4.22  2.40
120   40     1.36  1.91  2.61  3.49  4.07  3.85  4.01  3.96  2.86  2.14  1.53  1.27     2.75  1.51  3.39  3.94  2.18
120   50     1.23  1.74  2.37  3.17  3.74  3.55  3.69  3.63  2.61  1.93  1.39  1.14     2.51  1.37  3.09  3.62  1.97
120   60     1.11  1.58  2.14  2.86  3.40  3.23  3.35  3.31  2.36  1.74  1.26  1.04     2.28  1.24  2.80  3.29  1.79
120   70     1.02  1.44  1.94  2.56  3.07  2.91  3.02  2.99  2.12  1.57  1.14  0.96     2.06  1.14  2.52  2.97  1.61
120   80     0.92  1.31  1.75  2.30  2.75  2.59  2.69  2.69  1.91  1.42  1.05  0.88     1.86  1.04  2.26  2.66  1.46
120   90     0.85  1.20  1.56  2.05  2.44  2.30  2.38  2.40  1.71  1.28  0.95  0.81     1.66  0.95  2.02  2.36  1.31
135   10     1.85  2.44  3.25  4.24  4.74  4.46  4.66  4.68  3.49  2.77  2.04  1.72     3.36  2.01  4.08  4.60  2.77
135   20     1.56  2.16  2.97  3.97  4.55  4.31  4.50  4.45  3.25  2.47  1.74  1.43     3.11  1.72  3.83  4.42  2.48
135   30     1.30  1.88  2.67  3.64  4.28  4.09  4.24  4.14  2.96  2.16  1.47  1.17     2.83  1.45  3.53  4.16  2.19
135   40     1.10  1.63  2.36  3.28  3.94  3.80  3.92  3.78  2.65  1.87  1.25  0.98     2.55  1.24  3.19  3.83  1.93
135   50     0.96  1.44  2.08  2.91  3.57  3.46  3.56  3.40  2.36  1.63  1.10  0.86     2.28  1.09  2.85  3.47  1.70
135   60     0.87  1.29  1.85  2.57  3.19  3.10  3.18  3.02  2.09  1.45  0.98  0.78     2.03  0.98  2.54  3.10  1.51
135   70     0.80  1.17  1.65  2.28  2.84  2.75  2.82  2.68  1.87  1.30  0.90  0.73     1.82  0.90  2.25  2.75  1.35
135   80     0.75  1.07  1.49  2.02  2.52  2.44  2.50  2.39  1.67  1.17  0.83  0.68     1.63  0.83  2.01  2.44  1.23
135   90     0.69  0.99  1.35  1.79  2.24  2.16  2.21  2.14  1.50  1.07  0.77  0.64     1.46  0.78  1.79  2.17  1.11
150   10     1.78  2.38  3.21  4.21  4.72  4.45  4.65  4.65  3.46  2.71  1.97  1.65     3.32  1.94  4.05  4.59  2.71
150   20     1.43  2.03  2.87  3.91  4.52  4.31  4.48  4.39  3.17  2.35  1.60  1.28     3.03  1.58  3.77  4.39  2.37
150   30     1.10  1.68  2.51  3.53  4.23  4.08  4.22  4.04  2.83  1.97  1.26  0.95     2.70  1.25  3.42  4.11  2.02
150   40     0.88  1.38  2.13  3.10  3.85  3.77  3.87  3.62  2.46  1.63  1.00  0.75     2.37  1.01  3.03  3.75  1.70
150   50     0.78  1.17  1.81  2.66  3.41  3.39  3.45  3.15  2.11  1.36  0.86  0.68     2.07  0.88  2.63  3.33  1.44
150   60     0.74  1.05  1.56  2.27  2.96  2.97  3.00  2.71  1.82  1.19  0.80  0.65     1.81  0.81  2.26  2.90  1.27
150   70     0.70  0.97  1.40  1.96  2.56  2.57  2.59  2.35  1.61  1.08  0.75  0.62     1.60  0.77  1.97  2.50  1.15
150   80     0.67  0.91  1.27  1.73  2.24  2.24  2.26  2.07  1.45  1.00  0.71  0.59     1.43  0.72  1.75  2.19  1.05
150   90     0.63  0.86  1.17  1.56  1.98  1.98  1.99  1.86  1.31  0.93  0.68  0.57     1.29  0.68  1.57  1.94  0.97
165   10     1.74  2.34  3.18  4.19  4.72  4.45  4.65  4.64  3.43  2.68  1.93  1.60     3.30  1.89  4.03  4.58  2.68
165   20     1.33  1.94  2.81  3.87  4.51  4.30  4.48  4.36  3.12  2.27  1.51  1.17     2.97  1.48  3.73  4.38  2.30
165   30     0.96  1.53  2.39  3.47  4.21  4.07  4.21  3.99  2.74  1.84  1.10  0.80     2.61  1.10  3.36  4.09  1.90
165   40     0.78  1.16  1.96  3.00  3.82  3.76  3.86  3.54  2.33  1.42  0.82  0.69     2.26  0.88  2.92  3.72  1.52
165   50     0.76  0.98  1.56  2.48  3.36  3.38  3.44  3.02  1.90  1.12  0.79  0.67     1.95  0.80  2.47  3.28  1.27
165   60     0.73  0.94  1.32  1.98  2.84  2.94  2.95  2.45  1.57  1.02  0.76  0.65     1.68  0.77  2.05  2.78  1.12
165   70     0.70  0.90  1.21  1.66  2.29  2.46  2.42  1.99  1.39  0.97  0.73  0.62     1.45  0.74  1.72  2.29  1.03
165   80     0.67  0.85  1.14  1.48  1.96  2.04  2.02  1.75  1.28  0.92  0.70  0.59     1.28  0.70  1.53  1.94  0.97
165   90     0.63  0.81  1.06  1.36  1.75  1.80  1.79  1.59  1.19  0.88  0.67  0.57     1.17  0.67  1.39  1.73  0.91
180   10     1.72  2.33  3.17  4.18  4.71  4.45  4.65  4.64  3.42  2.67  1.91  1.58     3.29  1.88  4.02  4.58  2.67
180   20     1.30  1.91  2.79  3.86  4.50  4.30  4.48  4.36  3.10  2.24  1.47  1.13     2.95  1.45  3.71  4.38  2.27
180   30     0.90  1.47  2.35  3.45  4.20  4.07  4.21  3.98  2.72  1.78  1.04  0.75     2.58  1.04  3.33  4.09  1.85
180   40     0.78  1.06  1.88  2.97  3.80  3.76  3.86  3.53  2.29  1.31  0.81  0.69     2.23  0.84  2.89  3.71  1.47
180   50     0.76  0.98  1.39  2.45  3.34  3.38  3.44  3.00  1.82  1.04  0.79  0.67     1.92  0.80  2.39  3.27  1.22
180   60     0.73  0.94  1.22  1.88  2.82  2.94  2.95  2.43  1.37  1.01  0.76  0.65     1.64  0.77  1.97  2.77  1.05
180   70     0.70  0.90  1.16  1.47  2.26  2.46  2.42  1.83  1.28  0.96  0.73  0.62     1.40  0.74  1.63  2.24  0.99
180   80     0.67  0.85  1.10  1.35  1.83  1.97  1.93  1.60  1.21  0.92  0.70  0.59     1.23  0.70  1.43  1.83  0.94
180   90     0.63  0.81  1.04  1.27  1.65  1.72  1.71  1.48  1.14  0.88  0.67  0.57     1.13  0.67  1.32  1.63  0.89
             56.6  47.0  33.4  19.1   5.9   1.4   3.0  11.9  26.0  41.9  53.7  59.6     29.2  54.4  19.4   5.7  40.6
             3.38  3.59  3.97  4.61  4.84  4.51  4.74  4.89  3.96  3.79  3.48  3.46     4.10  3.46  4.42  4.70  3.69
             3.07  3.46  3.96  4.55  4.59  4.18  4.42  4.76  3.96  3.71  3.23  3.06     3.91  3.20  4.37  4.45  3.63
             1.10  1.04  1.00  1.01  1.05  1.08  1.07  1.03  1.00  1.02  1.08  1.13     1.05  1.09  1.02  1.06  1.03
             1.43  1.27  1.13  1.02  0.95  0.92  0.93  0.99  1.07  1.22  1.37  1.51     1.15  1.40  1.04  0.95  1.22
temperature   6.0   6.3   9.4  15.1  19.7  23.5  27.4  28.7  24.9  19.0  13.6   8.6     16.9   7.0  14.7  26.5  19.2
diffusedrad  1.05  1.35  1.75  2.11  2.40  2.53  2.48  2.21  1.91  1.46  1.11  0.94     1.78  1.11  2.09  2.41  1.50
snow10cm     0.00  0.00  0.00  0.00  0.00  0.00  0.00  0.00  0.00  0.00  0.00  0.00     0.00  0.00  0.00  0.00  0.00
