2 63071   兎和野高原      35 25.9  134   35  540
             1.51  2.17  2.85  3.95  4.45  4.28  4.02  4.10  2.97  2.50  1.76  1.41     3.00  1.70  3.75  4.13  2.41
             1.85  2.74  3.40  4.45  5.21  5.05  5.67  5.11  3.49  3.01  2.05  1.92     3.28  2.01  4.08  4.94  2.81
             1.29  1.81  2.14  3.49  3.79  3.35  3.06  3.45  2.46  2.02  1.26  1.05     2.69  1.38  3.31  3.67  2.03
  0   10     1.63  2.31  2.98  4.03  4.46  4.25  4.00  4.16  3.06  2.67  1.94  1.58     3.09  1.84  3.82  4.14  2.56
  0   20     1.73  2.42  3.07  4.05  4.39  4.14  3.92  4.14  3.11  2.81  2.09  1.71     3.13  1.95  3.84  4.07  2.67
  0   30     1.80  2.50  3.11  4.00  4.24  3.97  3.77  4.04  3.10  2.88  2.20  1.82     3.12  2.04  3.78  3.93  2.73
  0   40     1.85  2.54  3.10  3.86  4.00  3.72  3.55  3.86  3.02  2.90  2.26  1.89     3.05  2.09  3.65  3.71  2.73
  0   50     1.87  2.55  3.03  3.65  3.68  3.41  3.27  3.60  2.90  2.85  2.28  1.92     2.92  2.11  3.45  3.43  2.67
  0   60     1.86  2.52  2.92  3.36  3.31  3.06  2.94  3.27  2.71  2.75  2.24  1.91     2.74  2.10  3.20  3.09  2.57
  0   70     1.82  2.46  2.75  3.02  2.89  2.66  2.58  2.90  2.48  2.59  2.16  1.87     2.52  2.05  2.89  2.71  2.41
  0   80     1.76  2.37  2.55  2.62  2.43  2.23  2.18  2.49  2.21  2.38  2.03  1.79     2.25  1.97  2.53  2.30  2.21
  0   90     1.67  2.25  2.31  2.20  1.96  1.81  1.78  2.04  1.91  2.12  1.86  1.67     1.96  1.86  2.15  1.88  1.96
 15   10     1.63  2.30  2.98  4.02  4.46  4.24  4.00  4.16  3.06  2.66  1.94  1.57     3.09  1.83  3.82  4.14  2.55
 15   20     1.72  2.41  3.06  4.04  4.39  4.15  3.92  4.14  3.10  2.79  2.08  1.70     3.13  1.94  3.83  4.07  2.66
 15   30     1.79  2.48  3.10  3.98  4.24  3.97  3.77  4.03  3.09  2.86  2.18  1.80     3.11  2.02  3.77  3.92  2.71
 15   40     1.83  2.52  3.08  3.85  4.00  3.73  3.56  3.86  3.01  2.86  2.24  1.87     3.03  2.07  3.64  3.71  2.71
 15   50     1.85  2.52  3.01  3.64  3.70  3.43  3.28  3.60  2.88  2.81  2.25  1.89     2.91  2.09  3.45  3.44  2.65
 15   60     1.84  2.50  2.89  3.36  3.33  3.07  2.96  3.29  2.70  2.70  2.21  1.88     2.73  2.07  3.19  3.11  2.54
 15   70     1.80  2.43  2.72  3.02  2.92  2.69  2.60  2.92  2.46  2.54  2.13  1.84     2.51  2.02  2.89  2.74  2.38
 15   80     1.74  2.34  2.52  2.64  2.47  2.28  2.22  2.51  2.19  2.33  2.00  1.75     2.25  1.94  2.54  2.34  2.17
 15   90     1.65  2.21  2.28  2.22  2.02  1.87  1.84  2.09  1.90  2.07  1.82  1.64     1.97  1.83  2.17  1.93  1.93
 30   10     1.61  2.29  2.96  4.00  4.46  4.24  4.00  4.15  3.05  2.64  1.92  1.55     3.07  1.82  3.81  4.13  2.54
 30   20     1.69  2.38  3.03  4.01  4.39  4.15  3.92  4.12  3.08  2.75  2.04  1.67     3.10  1.91  3.81  4.06  2.62
 30   30     1.75  2.44  3.05  3.95  4.24  3.98  3.77  4.03  3.05  2.80  2.13  1.75     3.08  1.98  3.75  3.93  2.66
 30   40     1.78  2.46  3.02  3.81  4.02  3.75  3.56  3.85  2.97  2.79  2.17  1.80     3.00  2.02  3.62  3.72  2.64
 30   50     1.79  2.46  2.94  3.60  3.73  3.46  3.30  3.61  2.83  2.73  2.16  1.82     2.87  2.02  3.42  3.46  2.57
 30   60     1.78  2.42  2.82  3.34  3.38  3.12  2.99  3.31  2.65  2.61  2.11  1.80     2.69  2.00  3.18  3.14  2.46
 30   70     1.73  2.35  2.66  3.01  3.00  2.76  2.66  2.96  2.42  2.44  2.02  1.74     2.48  1.94  2.89  2.79  2.29
 30   80     1.67  2.25  2.46  2.65  2.58  2.38  2.30  2.58  2.16  2.23  1.88  1.66     2.23  1.86  2.56  2.42  2.09
 30   90     1.58  2.13  2.23  2.27  2.17  2.00  1.95  2.19  1.88  1.98  1.71  1.54     1.97  1.75  2.22  2.05  1.86
 45   10     1.59  2.26  2.94  3.98  4.45  4.24  4.00  4.14  3.03  2.61  1.88  1.52     3.05  1.79  3.79  4.13  2.51
 45   20     1.65  2.33  2.98  3.98  4.38  4.14  3.91  4.10  3.04  2.68  1.98  1.61     3.07  1.87  3.78  4.05  2.57
 45   30     1.69  2.37  2.98  3.90  4.24  3.98  3.77  4.00  3.00  2.70  2.03  1.67     3.03  1.91  3.71  3.92  2.58
 45   40     1.71  2.38  2.94  3.75  4.02  3.76  3.57  3.83  2.91  2.67  2.05  1.70     2.94  1.93  3.57  3.72  2.54
 45   50     1.71  2.35  2.85  3.55  3.75  3.49  3.32  3.59  2.77  2.60  2.03  1.70     2.81  1.92  3.38  3.46  2.46
 45   60     1.68  2.31  2.72  3.29  3.43  3.18  3.03  3.31  2.58  2.47  1.96  1.66     2.63  1.88  3.15  3.17  2.34
 45   70     1.63  2.23  2.56  2.98  3.07  2.83  2.71  2.98  2.36  2.30  1.86  1.60     2.43  1.82  2.87  2.84  2.17
 45   80     1.56  2.13  2.37  2.65  2.70  2.48  2.38  2.64  2.11  2.09  1.72  1.51     2.19  1.73  2.57  2.50  1.98
 45   90     1.47  2.01  2.16  2.30  2.32  2.14  2.05  2.28  1.85  1.86  1.55  1.39     1.95  1.62  2.26  2.16  1.75
 60   10     1.57  2.23  2.90  3.95  4.44  4.24  3.99  4.12  3.00  2.56  1.84  1.49     3.03  1.76  3.77  4.12  2.47
 60   20     1.60  2.27  2.92  3.92  4.36  4.14  3.91  4.07  2.99  2.60  1.90  1.54     3.02  1.80  3.73  4.04  2.50
 60   30     1.62  2.28  2.90  3.82  4.21  3.98  3.76  3.95  2.93  2.59  1.92  1.57     2.96  1.82  3.64  3.90  2.48
 60   40     1.62  2.27  2.83  3.67  4.01  3.77  3.57  3.78  2.82  2.54  1.91  1.57     2.86  1.82  3.50  3.71  2.42
 60   50     1.59  2.23  2.73  3.46  3.75  3.51  3.33  3.56  2.67  2.44  1.86  1.55     2.72  1.79  3.32  3.46  2.32
 60   60     1.55  2.17  2.60  3.21  3.45  3.21  3.05  3.28  2.49  2.31  1.78  1.50     2.55  1.74  3.09  3.18  2.19
 60   70     1.50  2.09  2.45  2.93  3.12  2.90  2.75  2.99  2.28  2.13  1.67  1.43     2.35  1.67  2.83  2.88  2.03
 60   80     1.43  2.00  2.26  2.61  2.76  2.56  2.44  2.66  2.05  1.94  1.54  1.34     2.13  1.59  2.55  2.56  1.84
 60   90     1.34  1.89  2.08  2.30  2.41  2.23  2.13  2.33  1.80  1.72  1.39  1.23     1.91  1.49  2.26  2.23  1.64
 75   10     1.54  2.20  2.87  3.91  4.42  4.23  3.98  4.09  2.97  2.52  1.79  1.45     3.00  1.73  3.73  4.10  2.42
 75   20     1.54  2.20  2.85  3.85  4.34  4.13  3.89  4.03  2.93  2.50  1.80  1.46     2.96  1.73  3.68  4.02  2.41
 75   30     1.53  2.18  2.79  3.73  4.18  3.97  3.74  3.90  2.85  2.46  1.79  1.46     2.88  1.72  3.57  3.87  2.36
 75   40     1.51  2.14  2.71  3.56  3.98  3.76  3.55  3.71  2.72  2.38  1.75  1.44     2.77  1.70  3.42  3.67  2.28
 75   50     1.47  2.09  2.59  3.35  3.73  3.51  3.31  3.49  2.57  2.26  1.68  1.39     2.62  1.65  3.22  3.44  2.17
 75   60     1.43  2.02  2.47  3.11  3.43  3.22  3.05  3.23  2.38  2.12  1.59  1.33     2.45  1.60  3.00  3.17  2.03
 75   70     1.36  1.95  2.31  2.83  3.12  2.92  2.76  2.94  2.18  1.95  1.48  1.26     2.25  1.52  2.75  2.87  1.87
 75   80     1.30  1.86  2.15  2.55  2.79  2.61  2.47  2.64  1.96  1.77  1.35  1.17     2.05  1.44  2.50  2.57  1.69
 75   90     1.23  1.76  1.97  2.25  2.46  2.29  2.17  2.33  1.73  1.58  1.22  1.07     1.84  1.35  2.23  2.27  1.51
 90   10     1.50  2.16  2.83  3.88  4.41  4.23  3.97  4.07  2.93  2.46  1.74  1.40     2.96  1.69  3.70  4.09  2.38
 90   20     1.48  2.12  2.77  3.78  4.30  4.12  3.87  3.97  2.86  2.40  1.70  1.38     2.90  1.66  3.62  3.99  2.32
 90   30     1.44  2.08  2.68  3.63  4.13  3.95  3.71  3.82  2.75  2.31  1.65  1.34     2.79  1.62  3.48  3.83  2.24
 90   40     1.40  2.02  2.58  3.44  3.91  3.74  3.51  3.62  2.61  2.20  1.57  1.29     2.66  1.57  3.31  3.62  2.13
 90   50     1.35  1.95  2.45  3.21  3.66  3.48  3.28  3.39  2.44  2.07  1.49  1.23     2.50  1.51  3.11  3.38  2.00
 90   60     1.30  1.88  2.31  2.97  3.38  3.21  3.02  3.14  2.26  1.92  1.39  1.17     2.33  1.45  2.88  3.12  1.86
 90   70     1.24  1.80  2.17  2.71  3.07  2.90  2.73  2.86  2.06  1.76  1.29  1.09     2.14  1.38  2.65  2.83  1.70
 90   80     1.18  1.73  2.01  2.43  2.76  2.60  2.45  2.56  1.85  1.59  1.17  1.01     1.95  1.31  2.40  2.54  1.54
 90   90     1.12  1.65  1.86  2.16  2.45  2.30  2.17  2.29  1.65  1.42  1.05  0.93     1.75  1.24  2.16  2.25  1.37
105   10     1.47  2.12  2.78  3.84  4.39  4.22  3.96  4.04  2.90  2.41  1.68  1.36     2.93  1.65  3.67  4.08  2.33
105   20     1.42  2.05  2.69  3.70  4.26  4.10  3.85  3.92  2.79  2.30  1.60  1.29     2.83  1.59  3.55  3.96  2.23
105   30     1.36  1.97  2.57  3.51  4.07  3.92  3.68  3.74  2.65  2.17  1.51  1.22     2.70  1.52  3.38  3.78  2.11
105   40     1.30  1.89  2.43  3.29  3.83  3.70  3.46  3.52  2.49  2.02  1.41  1.15     2.54  1.45  3.19  3.56  1.97
105   50     1.24  1.81  2.29  3.05  3.56  3.43  3.22  3.26  2.31  1.88  1.31  1.08     2.37  1.38  2.97  3.31  1.83
105   60     1.19  1.74  2.15  2.79  3.27  3.15  2.95  3.00  2.12  1.72  1.21  1.01     2.19  1.31  2.74  3.03  1.68
105   70     1.14  1.67  2.01  2.54  2.97  2.85  2.67  2.73  1.92  1.56  1.11  0.94     2.01  1.25  2.51  2.75  1.53
105   80     1.08  1.60  1.87  2.28  2.66  2.55  2.39  2.45  1.73  1.42  1.00  0.87     1.83  1.19  2.27  2.46  1.38
105   90     1.04  1.55  1.74  2.02  2.37  2.26  2.12  2.18  1.53  1.26  0.90  0.81     1.65  1.13  2.04  2.19  1.23
120   10     1.44  2.08  2.75  3.80  4.37  4.22  3.96  4.01  2.87  2.36  1.63  1.32     2.90  1.61  3.64  4.06  2.29
120   20     1.36  1.98  2.61  3.62  4.22  4.09  3.83  3.86  2.73  2.20  1.50  1.21     2.77  1.52  3.49  3.93  2.14
120   30     1.28  1.87  2.46  3.40  4.00  3.90  3.65  3.64  2.56  2.03  1.37  1.11     2.61  1.42  3.29  3.73  1.99
120   40     1.21  1.77  2.29  3.14  3.74  3.65  3.41  3.39  2.37  1.85  1.25  1.03     2.42  1.33  3.06  3.48  1.82
120   50     1.15  1.68  2.13  2.87  3.44  3.36  3.14  3.11  2.17  1.68  1.14  0.95     2.23  1.26  2.81  3.21  1.66
120   60     1.10  1.62  1.98  2.60  3.13  3.06  2.86  2.83  1.97  1.52  1.04  0.88     2.05  1.20  2.57  2.92  1.51
120   70     1.05  1.56  1.85  2.33  2.82  2.76  2.58  2.55  1.78  1.39  0.95  0.83     1.87  1.15  2.34  2.63  1.37
120   80     1.01  1.50  1.73  2.10  2.52  2.46  2.30  2.29  1.59  1.25  0.87  0.77     1.70  1.10  2.12  2.35  1.24
120   90     0.98  1.47  1.61  1.87  2.24  2.17  2.04  2.04  1.43  1.12  0.78  0.72     1.54  1.05  1.91  2.08  1.11
135   10     1.41  2.05  2.71  3.77  4.36  4.21  3.95  3.99  2.84  2.31  1.59  1.28     2.87  1.58  3.61  4.05  2.25
135   20     1.31  1.92  2.54  3.55  4.19  4.08  3.81  3.81  2.67  2.11  1.42  1.14     2.71  1.46  3.43  3.90  2.07
135   30     1.20  1.78  2.35  3.28  3.94  3.87  3.61  3.56  2.47  1.89  1.25  1.01     2.52  1.33  3.19  3.68  1.87
135   40     1.13  1.67  2.16  2.98  3.63  3.60  3.35  3.27  2.25  1.69  1.11  0.92     2.31  1.24  2.92  3.40  1.68
135   50     1.07  1.58  1.98  2.67  3.29  3.28  3.05  2.95  2.02  1.50  1.00  0.85     2.10  1.17  2.65  3.09  1.51
135   60     1.03  1.51  1.83  2.38  2.95  2.94  2.75  2.63  1.81  1.35  0.91  0.80     1.91  1.11  2.39  2.77  1.36
135   70     1.00  1.47  1.71  2.12  2.63  2.62  2.45  2.35  1.63  1.22  0.84  0.75     1.73  1.07  2.15  2.48  1.23
135   80     0.98  1.44  1.60  1.90  2.33  2.33  2.17  2.10  1.47  1.11  0.77  0.71     1.57  1.04  1.94  2.20  1.11
135   90     0.95  1.41  1.51  1.69  2.07  2.06  1.92  1.87  1.31  1.00  0.70  0.67     1.43  1.01  1.76  1.95  1.01
150   10     1.39  2.03  2.69  3.75  4.35  4.21  3.94  3.97  2.82  2.28  1.55  1.25     2.85  1.56  3.59  4.04  2.22
150   20     1.26  1.87  2.49  3.50  4.16  4.07  3.80  3.77  2.63  2.04  1.35  1.08     2.67  1.41  3.38  3.88  2.00
150   30     1.15  1.71  2.27  3.20  3.90  3.85  3.59  3.49  2.39  1.78  1.15  0.93     2.45  1.26  3.12  3.65  1.77
150   40     1.07  1.57  2.04  2.85  3.56  3.56  3.31  3.16  2.14  1.54  0.99  0.84     2.22  1.16  2.81  3.35  1.55
150   50     1.03  1.49  1.84  2.49  3.16  3.22  2.99  2.79  1.89  1.34  0.89  0.79     1.99  1.10  2.50  3.00  1.37
150   60     1.01  1.44  1.69  2.16  2.76  2.83  2.63  2.43  1.67  1.20  0.83  0.76     1.78  1.07  2.20  2.63  1.23
150   70     0.99  1.42  1.58  1.89  2.40  2.46  2.30  2.13  1.49  1.10  0.78  0.73     1.61  1.05  1.96  2.30  1.12
150   80     0.97  1.40  1.50  1.69  2.11  2.16  2.02  1.89  1.35  1.01  0.72  0.69     1.46  1.02  1.76  2.02  1.03
150   90     0.95  1.39  1.43  1.52  1.87  1.91  1.78  1.69  1.22  0.93  0.67  0.66     1.34  1.00  1.61  1.79  0.94
165   10     1.38  2.02  2.67  3.73  4.34  4.21  3.94  3.96  2.81  2.26  1.53  1.23     2.84  1.54  3.58  4.04  2.20
165   20     1.24  1.84  2.45  3.47  4.15  4.07  3.80  3.75  2.60  1.99  1.30  1.04     2.64  1.37  3.36  3.87  1.96
165   30     1.10  1.66  2.21  3.15  3.88  3.85  3.58  3.46  2.35  1.70  1.07  0.87     2.41  1.21  3.08  3.63  1.71
165   40     1.04  1.50  1.95  2.77  3.53  3.56  3.31  3.11  2.07  1.42  0.90  0.82     2.16  1.12  2.75  3.32  1.46
165   50     1.03  1.43  1.71  2.35  3.12  3.21  2.97  2.70  1.77  1.21  0.87  0.79     1.93  1.08  2.39  2.96  1.28
165   60     1.01  1.42  1.57  1.94  2.66  2.81  2.59  2.26  1.53  1.12  0.82  0.76     1.71  1.06  2.06  2.55  1.16
165   70     0.99  1.41  1.50  1.68  2.17  2.37  2.18  1.90  1.38  1.05  0.77  0.73     1.51  1.04  1.78  2.15  1.07
165   80     0.97  1.40  1.45  1.52  1.88  2.00  1.87  1.69  1.27  0.98  0.72  0.69     1.37  1.02  1.62  1.85  0.99
165   90     0.95  1.39  1.39  1.39  1.69  1.76  1.66  1.53  1.16  0.91  0.67  0.66     1.26  1.00  1.49  1.65  0.91
180   10     1.38  2.01  2.66  3.73  4.34  4.21  3.94  3.96  2.80  2.25  1.53  1.22     2.84  1.54  3.58  4.04  2.19
180   20     1.23  1.83  2.44  3.46  4.14  4.06  3.80  3.74  2.59  1.98  1.28  1.03     2.63  1.36  3.35  3.87  1.95
180   30     1.09  1.64  2.19  3.14  3.87  3.85  3.58  3.45  2.34  1.67  1.03  0.85     2.39  1.19  3.07  3.63  1.68
180   40     1.04  1.46  1.91  2.75  3.52  3.56  3.30  3.10  2.05  1.35  0.90  0.82     2.15  1.11  2.73  3.32  1.43
180   50     1.03  1.43  1.62  2.33  3.11  3.21  2.97  2.69  1.73  1.17  0.87  0.79     1.91  1.08  2.35  2.96  1.25
180   60     1.01  1.42  1.53  1.87  2.65  2.81  2.59  2.24  1.43  1.11  0.82  0.76     1.69  1.06  2.02  2.55  1.12
180   70     0.99  1.41  1.49  1.55  2.15  2.37  2.18  1.79  1.33  1.05  0.77  0.73     1.48  1.04  1.73  2.11  1.05
180   80     0.97  1.40  1.44  1.43  1.78  1.93  1.80  1.60  1.24  0.98  0.72  0.69     1.33  1.02  1.55  1.78  0.98
180   90     0.95  1.39  1.39  1.34  1.61  1.70  1.61  1.46  1.14  0.91  0.67  0.66     1.23  1.00  1.44  1.59  0.91
             52.2  47.6  32.3  18.3   6.6   2.4   4.1  11.9  22.8  37.6  47.8  53.3     22.7  51.1  17.4   6.2  35.3
             1.87  2.55  3.11  4.05  4.47  4.27  4.02  4.16  3.11  2.90  2.28  1.92     3.23  2.11  3.84  4.14  2.73
             1.75  2.44  3.09  4.05  4.36  4.10  3.89  4.12  3.11  2.83  2.13  1.74     3.13  1.98  3.83  4.04  2.69
             1.07  1.05  1.01  1.00  1.03  1.04  1.03  1.01  1.00  1.02  1.07  1.10     1.04  1.07  1.01  1.03  1.03
             1.15  1.12  1.08  1.03  0.98  0.96  0.97  1.00  1.05  1.13  1.21  1.23     1.08  1.17  1.03  0.98  1.13
temperature   1.2   1.4   4.4  10.8  15.8  19.8  23.6  24.5  20.1  14.0   8.8   3.7     12.3   2.1  10.3  22.6  14.3
diffusedrad  1.16  1.60  1.89  2.22  2.44  2.60  2.50  2.33  1.92  1.53  1.12  0.96     1.86  1.24  2.18  2.48  1.52
snow10cm     0.69  0.81  0.38  0.02  0.00  0.00  0.00  0.00  0.00  0.00  0.00  0.23     0.18  0.58  0.13  0.00  0.00
