2 63216   柏原            35  8.9  135  2.9   95
             1.91  2.56  3.23  4.24  4.63  4.35  4.25  4.50  3.43  2.84  2.05  1.70     3.31  2.06  4.03  4.37  2.77
             2.27  3.74  3.76  5.16  5.42  5.39  5.22  5.50  3.88  3.42  2.41  1.90     3.65  2.50  4.46  4.99  3.02
             1.57  1.95  2.67  3.46  3.97  3.60  3.13  3.49  2.86  2.30  1.53  1.45     2.97  1.80  3.61  3.57  2.41
  0   10     2.17  2.79  3.42  4.32  4.64  4.32  4.24  4.57  3.56  3.07  2.29  1.95     3.44  2.30  4.13  4.37  2.97
  0   20     2.39  2.98  3.54  4.36  4.56  4.21  4.15  4.55  3.63  3.25  2.50  2.16     3.52  2.51  4.15  4.30  3.13
  0   30     2.55  3.11  3.59  4.30  4.40  4.03  3.98  4.43  3.63  3.36  2.65  2.33     3.53  2.66  4.09  4.15  3.21
  0   40     2.66  3.17  3.56  4.15  4.15  3.78  3.75  4.23  3.55  3.39  2.75  2.45     3.47  2.76  3.95  3.92  3.23
  0   50     2.71  3.17  3.46  3.91  3.82  3.46  3.44  3.94  3.40  3.36  2.78  2.51     3.33  2.79  3.73  3.61  3.18
  0   60     2.70  3.09  3.29  3.60  3.43  3.10  3.09  3.57  3.19  3.24  2.75  2.51     3.13  2.77  3.44  3.25  3.06
  0   70     2.63  2.96  3.05  3.21  2.99  2.69  2.70  3.15  2.91  3.06  2.66  2.46     2.87  2.68  3.08  2.85  2.88
  0   80     2.49  2.76  2.75  2.78  2.50  2.26  2.27  2.68  2.58  2.81  2.51  2.35     2.56  2.53  2.68  2.40  2.63
  0   90     2.31  2.52  2.40  2.30  2.01  1.83  1.85  2.17  2.21  2.51  2.30  2.18     2.22  2.34  2.24  1.95  2.34
 15   10     2.16  2.79  3.41  4.32  4.64  4.32  4.23  4.57  3.56  3.06  2.28  1.94     3.44  2.30  4.12  4.37  2.97
 15   20     2.37  2.97  3.52  4.34  4.57  4.21  4.15  4.55  3.62  3.23  2.48  2.15     3.51  2.49  4.14  4.30  3.11
 15   30     2.52  3.09  3.56  4.28  4.40  4.03  3.98  4.43  3.61  3.33  2.63  2.31     3.51  2.64  4.08  4.15  3.19
 15   40     2.62  3.14  3.53  4.13  4.15  3.78  3.75  4.23  3.53  3.35  2.72  2.42     3.45  2.73  3.94  3.92  3.20
 15   50     2.66  3.13  3.43  3.90  3.84  3.48  3.46  3.95  3.38  3.30  2.75  2.47     3.31  2.76  3.72  3.63  3.15
 15   60     2.65  3.06  3.25  3.60  3.45  3.12  3.11  3.59  3.17  3.19  2.71  2.47     3.11  2.72  3.43  3.27  3.02
 15   70     2.57  2.92  3.01  3.22  3.02  2.72  2.72  3.18  2.89  3.00  2.62  2.41     2.86  2.63  3.08  2.88  2.84
 15   80     2.43  2.72  2.71  2.80  2.55  2.30  2.32  2.72  2.57  2.75  2.47  2.30     2.55  2.48  2.69  2.45  2.59
 15   90     2.25  2.47  2.37  2.34  2.08  1.89  1.91  2.24  2.21  2.44  2.26  2.14     2.22  2.29  2.26  2.01  2.30
 30   10     2.13  2.76  3.38  4.30  4.64  4.31  4.23  4.56  3.54  3.03  2.26  1.92     3.42  2.27  4.11  4.37  2.94
 30   20     2.31  2.92  3.48  4.31  4.56  4.21  4.15  4.53  3.59  3.17  2.43  2.10     3.48  2.44  4.12  4.30  3.06
 30   30     2.44  3.01  3.51  4.25  4.41  4.04  3.99  4.42  3.57  3.25  2.56  2.23     3.47  2.56  4.05  4.15  3.13
 30   40     2.52  3.05  3.46  4.09  4.17  3.80  3.76  4.23  3.48  3.25  2.63  2.32     3.40  2.63  3.91  3.93  3.12
 30   50     2.54  3.03  3.35  3.87  3.87  3.51  3.48  3.96  3.33  3.19  2.63  2.35     3.26  2.64  3.69  3.65  3.05
 30   60     2.50  2.94  3.17  3.57  3.51  3.17  3.15  3.63  3.12  3.06  2.59  2.34     3.06  2.59  3.42  3.31  2.92
 30   70     2.41  2.79  2.93  3.21  3.11  2.80  2.79  3.24  2.85  2.87  2.48  2.27     2.81  2.49  3.08  2.94  2.73
 30   80     2.27  2.59  2.64  2.83  2.67  2.41  2.41  2.81  2.54  2.62  2.32  2.15     2.52  2.34  2.71  2.54  2.49
 30   90     2.08  2.34  2.31  2.40  2.25  2.03  2.03  2.38  2.20  2.33  2.11  1.99     2.20  2.14  2.32  2.15  2.21
 45   10     2.09  2.72  3.35  4.27  4.63  4.31  4.23  4.55  3.51  2.98  2.21  1.87     3.39  2.23  4.08  4.36  2.90
 45   20     2.22  2.84  3.42  4.27  4.55  4.21  4.14  4.51  3.54  3.09  2.35  2.01     3.43  2.36  4.08  4.29  2.99
 45   30     2.31  2.90  3.41  4.19  4.40  4.05  3.99  4.40  3.50  3.13  2.44  2.11     3.40  2.44  4.00  4.14  3.02
 45   40     2.36  2.91  3.35  4.03  4.18  3.82  3.77  4.21  3.40  3.11  2.47  2.17     3.32  2.48  3.86  3.94  3.00
 45   50     2.35  2.86  3.23  3.81  3.90  3.54  3.50  3.95  3.25  3.03  2.46  2.18     3.17  2.46  3.64  3.67  2.91
 45   60     2.29  2.76  3.04  3.52  3.56  3.23  3.20  3.64  3.03  2.89  2.39  2.14     2.98  2.40  3.38  3.36  2.77
 45   70     2.19  2.61  2.81  3.19  3.18  2.87  2.86  3.28  2.78  2.69  2.27  2.06     2.73  2.29  3.06  3.00  2.58
 45   80     2.05  2.42  2.53  2.83  2.80  2.52  2.50  2.90  2.48  2.46  2.11  1.93     2.46  2.13  2.72  2.64  2.35
 45   90     1.86  2.18  2.24  2.44  2.40  2.17  2.16  2.50  2.17  2.18  1.91  1.77     2.16  1.94  2.36  2.27  2.09
 60   10     2.03  2.67  3.31  4.24  4.62  4.31  4.22  4.53  3.48  2.93  2.16  1.82     3.36  2.17  4.05  4.35  2.86
 60   20     2.11  2.74  3.33  4.21  4.54  4.21  4.13  4.48  3.48  2.98  2.24  1.91     3.36  2.25  4.02  4.27  2.90
 60   30     2.16  2.76  3.30  4.10  4.38  4.05  3.98  4.35  3.41  2.98  2.29  1.97     3.31  2.29  3.93  4.12  2.89
 60   40     2.16  2.74  3.21  3.94  4.17  3.83  3.77  4.17  3.30  2.93  2.28  1.98     3.21  2.29  3.77  3.92  2.84
 60   50     2.13  2.67  3.08  3.72  3.90  3.56  3.52  3.92  3.13  2.83  2.24  1.96     3.05  2.25  3.56  3.67  2.73
 60   60     2.05  2.55  2.88  3.44  3.59  3.26  3.22  3.62  2.92  2.68  2.16  1.91     2.86  2.17  3.31  3.37  2.59
 60   70     1.94  2.40  2.67  3.14  3.24  2.94  2.91  3.29  2.68  2.49  2.03  1.81     2.63  2.05  3.02  3.05  2.40
 60   80     1.80  2.21  2.41  2.79  2.87  2.60  2.58  2.93  2.41  2.27  1.87  1.69     2.37  1.90  2.69  2.70  2.18
 60   90     1.62  1.99  2.13  2.45  2.51  2.26  2.24  2.57  2.12  2.01  1.69  1.54     2.10  1.72  2.37  2.36  1.94
 75   10     1.96  2.60  3.25  4.20  4.61  4.31  4.21  4.50  3.44  2.86  2.09  1.75     3.32  2.11  4.02  4.34  2.80
 75   20     1.99  2.62  3.23  4.13  4.51  4.20  4.12  4.43  3.40  2.86  2.12  1.79     3.28  2.13  3.96  4.25  2.79
 75   30     1.98  2.60  3.16  4.00  4.35  4.04  3.96  4.29  3.31  2.81  2.11  1.79     3.20  2.13  3.84  4.09  2.74
 75   40     1.95  2.54  3.05  3.82  4.14  3.83  3.75  4.09  3.17  2.73  2.07  1.77     3.07  2.09  3.67  3.89  2.66
 75   50     1.88  2.44  2.89  3.60  3.88  3.57  3.50  3.85  3.00  2.60  2.00  1.72     2.91  2.02  3.45  3.64  2.53
 75   60     1.79  2.32  2.71  3.33  3.57  3.28  3.22  3.57  2.79  2.44  1.90  1.65     2.71  1.92  3.20  3.36  2.38
 75   70     1.67  2.16  2.48  3.03  3.25  2.97  2.92  3.25  2.55  2.26  1.78  1.56     2.49  1.79  2.92  3.04  2.20
 75   80     1.54  1.99  2.25  2.73  2.91  2.65  2.61  2.92  2.30  2.04  1.62  1.44     2.25  1.66  2.63  2.73  1.99
 75   90     1.39  1.79  1.99  2.40  2.56  2.33  2.29  2.58  2.03  1.83  1.47  1.31     2.00  1.50  2.31  2.40  1.78
 90   10     1.89  2.54  3.19  4.15  4.59  4.30  4.21  4.47  3.39  2.79  2.02  1.69     3.27  2.04  3.98  4.32  2.73
 90   20     1.86  2.49  3.12  4.05  4.48  4.19  4.10  4.37  3.31  2.73  1.99  1.66     3.19  2.00  3.88  4.22  2.67
 90   30     1.80  2.42  3.00  3.89  4.30  4.02  3.93  4.20  3.19  2.63  1.93  1.62     3.08  1.94  3.73  4.05  2.58
 90   40     1.73  2.32  2.86  3.68  4.08  3.80  3.72  3.99  3.03  2.51  1.85  1.56     2.92  1.87  3.54  3.84  2.46
 90   50     1.63  2.20  2.69  3.43  3.81  3.54  3.47  3.73  2.83  2.36  1.76  1.49     2.75  1.77  3.31  3.58  2.31
 90   60     1.54  2.07  2.49  3.17  3.52  3.26  3.19  3.46  2.62  2.19  1.64  1.40     2.55  1.67  3.06  3.30  2.15
 90   70     1.42  1.92  2.29  2.89  3.19  2.95  2.89  3.16  2.40  2.01  1.52  1.31     2.33  1.55  2.79  3.00  1.98
 90   80     1.30  1.76  2.06  2.59  2.87  2.65  2.59  2.84  2.15  1.82  1.39  1.19     2.10  1.42  2.51  2.69  1.79
 90   90     1.17  1.60  1.84  2.30  2.55  2.34  2.29  2.53  1.92  1.63  1.25  1.09     1.88  1.28  2.23  2.39  1.60
105   10     1.82  2.47  3.14  4.11  4.57  4.29  4.20  4.44  3.35  2.72  1.95  1.62     3.22  1.97  3.94  4.31  2.67
105   20     1.72  2.36  3.01  3.96  4.44  4.17  4.08  4.30  3.22  2.59  1.85  1.53     3.10  1.87  3.80  4.18  2.55
105   30     1.62  2.23  2.85  3.75  4.24  3.99  3.89  4.10  3.06  2.44  1.74  1.44     2.95  1.76  3.61  4.00  2.41
105   40     1.50  2.10  2.66  3.52  3.99  3.76  3.67  3.86  2.87  2.27  1.63  1.35     2.76  1.65  3.39  3.76  2.25
105   50     1.40  1.96  2.47  3.25  3.71  3.50  3.41  3.58  2.66  2.11  1.51  1.26     2.57  1.54  3.14  3.50  2.09
105   60     1.29  1.81  2.27  2.97  3.41  3.20  3.12  3.30  2.43  1.94  1.40  1.16     2.36  1.42  2.88  3.21  1.92
105   70     1.19  1.68  2.06  2.70  3.10  2.90  2.83  3.00  2.21  1.76  1.28  1.08     2.15  1.32  2.62  2.91  1.75
105   80     1.08  1.53  1.86  2.42  2.77  2.59  2.53  2.70  1.99  1.59  1.17  0.99     1.94  1.20  2.35  2.61  1.58
105   90     0.98  1.40  1.67  2.14  2.47  2.30  2.24  2.40  1.77  1.42  1.04  0.90     1.73  1.09  2.09  2.31  1.41
120   10     1.76  2.40  3.08  4.07  4.55  4.29  4.19  4.41  3.30  2.66  1.88  1.55     3.18  1.91  3.90  4.29  2.61
120   20     1.60  2.23  2.90  3.87  4.40  4.16  4.05  4.23  3.13  2.46  1.72  1.41     3.01  1.75  3.72  4.15  2.44
120   30     1.44  2.05  2.69  3.62  4.17  3.96  3.86  3.99  2.93  2.26  1.55  1.27     2.82  1.59  3.49  3.94  2.25
120   40     1.30  1.88  2.46  3.34  3.89  3.71  3.61  3.71  2.70  2.05  1.41  1.16     2.60  1.45  3.23  3.67  2.05
120   50     1.19  1.72  2.24  3.04  3.58  3.42  3.32  3.40  2.46  1.86  1.28  1.06     2.38  1.32  2.96  3.38  1.87
120   60     1.08  1.58  2.03  2.75  3.26  3.11  3.02  3.10  2.24  1.68  1.17  0.97     2.17  1.21  2.68  3.08  1.70
120   70     0.99  1.46  1.84  2.46  2.94  2.80  2.72  2.80  2.02  1.52  1.07  0.90     1.96  1.11  2.41  2.77  1.53
120   80     0.90  1.33  1.66  2.21  2.63  2.50  2.43  2.51  1.81  1.37  0.97  0.82     1.76  1.02  2.17  2.48  1.38
120   90     0.83  1.22  1.48  1.97  2.33  2.21  2.15  2.24  1.62  1.23  0.88  0.75     1.58  0.93  1.93  2.20  1.24
135   10     1.70  2.35  3.03  4.03  4.54  4.29  4.18  4.38  3.27  2.60  1.82  1.50     3.14  1.85  3.87  4.28  2.56
135   20     1.48  2.12  2.80  3.79  4.36  4.15  4.04  4.17  3.06  2.35  1.60  1.30     2.93  1.63  3.65  4.12  2.34
135   30     1.28  1.89  2.53  3.49  4.10  3.94  3.82  3.89  2.81  2.08  1.39  1.12     2.69  1.43  3.38  3.88  2.09
135   40     1.13  1.68  2.27  3.15  3.78  3.66  3.54  3.56  2.53  1.83  1.22  0.98     2.45  1.26  3.07  3.59  1.86
135   50     1.01  1.51  2.02  2.82  3.43  3.34  3.23  3.21  2.27  1.62  1.09  0.89     2.20  1.14  2.75  3.26  1.66
135   60     0.93  1.38  1.80  2.50  3.07  3.00  2.90  2.86  2.02  1.45  0.99  0.82     1.98  1.04  2.46  2.92  1.49
135   70     0.85  1.27  1.62  2.22  2.73  2.67  2.58  2.55  1.81  1.30  0.91  0.77     1.77  0.96  2.19  2.60  1.34
135   80     0.79  1.17  1.46  1.98  2.43  2.37  2.29  2.27  1.63  1.18  0.83  0.71     1.59  0.89  1.95  2.31  1.21
135   90     0.73  1.09  1.32  1.75  2.16  2.09  2.03  2.03  1.46  1.07  0.77  0.66     1.43  0.83  1.74  2.05  1.10
150   10     1.65  2.30  3.00  4.01  4.53  4.28  4.17  4.36  3.24  2.56  1.78  1.45     3.11  1.80  3.84  4.27  2.52
150   20     1.39  2.02  2.72  3.73  4.33  4.14  4.03  4.12  2.99  2.25  1.51  1.21     2.87  1.54  3.60  4.10  2.25
150   30     1.15  1.74  2.41  3.40  4.06  3.92  3.80  3.81  2.70  1.93  1.25  0.99     2.60  1.29  3.29  3.84  1.96
150   40     0.98  1.50  2.09  3.01  3.71  3.63  3.50  3.43  2.38  1.64  1.05  0.85     2.31  1.11  2.93  3.52  1.69
150   50     0.89  1.32  1.80  2.61  3.29  3.28  3.15  3.02  2.08  1.40  0.94  0.79     2.05  1.00  2.57  3.15  1.47
150   60     0.84  1.21  1.59  2.24  2.87  2.88  2.77  2.62  1.82  1.25  0.87  0.75     1.81  0.94  2.23  2.76  1.31
150   70     0.80  1.14  1.43  1.96  2.50  2.51  2.41  2.28  1.62  1.14  0.82  0.71     1.61  0.88  1.96  2.40  1.19
150   80     0.75  1.07  1.30  1.73  2.19  2.20  2.12  2.02  1.46  1.05  0.77  0.67     1.44  0.83  1.74  2.11  1.09
150   90     0.69  1.00  1.19  1.56  1.94  1.94  1.87  1.81  1.32  0.97  0.71  0.63     1.30  0.78  1.56  1.87  1.00
165   10     1.62  2.27  2.97  3.99  4.52  4.28  4.17  4.35  3.22  2.53  1.75  1.42     3.09  1.77  3.83  4.27  2.50
165   20     1.32  1.96  2.67  3.70  4.32  4.14  4.02  4.10  2.96  2.19  1.44  1.14     2.83  1.48  3.56  4.09  2.20
165   30     1.05  1.63  2.32  3.34  4.04  3.92  3.79  3.77  2.64  1.83  1.14  0.90     2.53  1.19  3.23  3.83  1.87
165   40     0.92  1.34  1.95  2.92  3.67  3.62  3.49  3.37  2.28  1.47  0.93  0.82     2.23  1.02  2.85  3.50  1.56
165   50     0.88  1.20  1.61  2.45  3.25  3.27  3.13  2.91  1.92  1.22  0.90  0.79     1.96  0.95  2.44  3.10  1.34
165   60     0.84  1.15  1.41  1.99  2.77  2.86  2.73  2.40  1.62  1.12  0.85  0.75     1.71  0.91  2.05  2.66  1.20
165   70     0.79  1.09  1.29  1.70  2.26  2.41  2.29  2.00  1.46  1.06  0.81  0.71     1.49  0.87  1.75  2.23  1.11
165   80     0.75  1.04  1.21  1.53  1.95  2.03  1.95  1.77  1.34  1.00  0.76  0.67     1.33  0.82  1.56  1.91  1.03
165   90     0.69  0.98  1.12  1.40  1.74  1.79  1.73  1.60  1.23  0.93  0.71  0.63     1.21  0.77  1.42  1.71  0.96
180   10     1.61  2.26  2.97  3.98  4.52  4.28  4.17  4.34  3.21  2.52  1.74  1.41     3.09  1.76  3.82  4.26  2.49
180   20     1.30  1.94  2.65  3.69  4.32  4.14  4.02  4.09  2.94  2.17  1.42  1.12     2.82  1.45  3.55  4.08  2.18
180   30     1.01  1.59  2.29  3.32  4.03  3.91  3.79  3.76  2.62  1.79  1.10  0.87     2.51  1.16  3.21  3.82  1.84
180   40     0.92  1.27  1.90  2.90  3.66  3.62  3.49  3.36  2.25  1.39  0.93  0.82     2.21  1.00  2.82  3.49  1.53
180   50     0.88  1.20  1.48  2.42  3.23  3.27  3.13  2.90  1.86  1.17  0.90  0.79     1.93  0.95  2.38  3.10  1.31
180   60     0.84  1.15  1.33  1.91  2.75  2.86  2.73  2.39  1.48  1.11  0.85  0.75     1.68  0.91  2.00  2.66  1.15
180   70     0.79  1.09  1.26  1.54  2.23  2.41  2.28  1.86  1.38  1.06  0.81  0.71     1.45  0.87  1.68  2.18  1.08
180   80     0.75  1.04  1.19  1.42  1.84  1.96  1.87  1.65  1.29  1.00  0.76  0.67     1.29  0.82  1.48  1.83  1.01
180   90     0.69  0.98  1.11  1.33  1.66  1.72  1.67  1.52  1.20  0.93  0.71  0.63     1.18  0.77  1.37  1.64  0.95
             53.0  44.3  31.5  18.6   6.4   2.1   3.8  12.0  24.4  39.8  50.3  55.6     26.1  50.7  18.4   6.3  37.6
             2.71  3.18  3.59  4.36  4.64  4.34  4.25  4.57  3.64  3.39  2.78  2.51     3.66  2.79  4.15  4.38  3.23
             2.49  3.07  3.58  4.33  4.48  4.11  4.06  4.49  3.64  3.32  2.60  2.27     3.54  2.61  4.13  4.22  3.19
             1.09  1.04  1.00  1.01  1.04  1.06  1.05  1.02  1.00  1.02  1.07  1.11     1.04  1.08  1.02  1.04  1.03
             1.30  1.20  1.11  1.02  0.97  0.94  0.96  1.00  1.06  1.17  1.27  1.34     1.11  1.28  1.03  0.97  1.17
temperature   2.9   3.3   6.6  12.6  17.5  21.5  25.4  26.4  22.3  15.9  10.2   5.2     14.2   3.8  12.2  24.4  16.1
diffusedrad  1.16  1.55  1.87  2.24  2.52  2.63  2.57  2.39  2.04  1.58  1.19  1.02     1.90  1.24  2.21  2.53  1.60
snow10cm     0.02  0.11  0.00  0.00  0.00  0.00  0.00  0.00  0.00  0.00  0.00  0.05     0.01  0.06  0.00  0.00  0.00
