2 63331   西脇            35    0  134 59.9   72
             2.14  2.64  3.33  4.30  4.58  4.30  4.28  4.59  3.61  3.04  2.26  1.89     3.41  2.22  4.07  4.39  2.97
             2.53  3.33  3.75  5.12  5.16  5.77  5.24  5.58  3.99  3.83  2.63  2.12     3.70  2.48  4.41  5.18  3.29
             1.71  2.02  2.74  3.37  3.92  3.53  3.32  3.50  3.01  2.50  1.75  1.59     3.06  1.98  3.59  3.48  2.69
  0   10     2.47  2.92  3.54  4.38  4.59  4.26  4.26  4.66  3.75  3.31  2.56  2.21     3.58  2.53  4.17  4.39  3.21
  0   20     2.75  3.13  3.67  4.42  4.52  4.16  4.17  4.63  3.84  3.52  2.81  2.49     3.68  2.79  4.20  4.32  3.39
  0   30     2.97  3.28  3.72  4.36  4.36  3.98  4.01  4.52  3.84  3.65  3.01  2.71     3.70  2.98  4.15  4.17  3.50
  0   40     3.12  3.36  3.70  4.21  4.11  3.73  3.77  4.31  3.76  3.70  3.13  2.86     3.65  3.11  4.00  3.94  3.53
  0   50     3.19  3.36  3.60  3.96  3.78  3.42  3.46  4.01  3.60  3.67  3.19  2.95     3.52  3.17  3.78  3.63  3.48
  0   60     3.19  3.28  3.42  3.64  3.39  3.06  3.10  3.63  3.37  3.55  3.16  2.96     3.31  3.15  3.48  3.27  3.36
  0   70     3.12  3.13  3.17  3.25  2.96  2.66  2.71  3.20  3.08  3.35  3.06  2.91     3.05  3.05  3.13  2.86  3.16
  0   80     2.97  2.92  2.86  2.81  2.48  2.24  2.28  2.72  2.72  3.08  2.90  2.78     2.73  2.89  2.71  2.41  2.90
  0   90     2.75  2.64  2.49  2.33  2.00  1.81  1.85  2.20  2.32  2.75  2.66  2.59     2.37  2.66  2.27  1.95  2.58
 15   10     2.46  2.91  3.53  4.38  4.59  4.26  4.26  4.66  3.75  3.29  2.55  2.20     3.57  2.52  4.17  4.39  3.20
 15   20     2.72  3.12  3.65  4.41  4.52  4.16  4.17  4.63  3.82  3.49  2.80  2.47     3.66  2.77  4.19  4.32  3.37
 15   30     2.93  3.26  3.70  4.34  4.36  3.98  4.01  4.51  3.82  3.61  2.98  2.68     3.68  2.95  4.13  4.17  3.47
 15   40     3.07  3.33  3.67  4.19  4.11  3.74  3.77  4.31  3.74  3.65  3.10  2.82     3.63  3.07  3.99  3.94  3.50
 15   50     3.13  3.32  3.56  3.96  3.80  3.44  3.47  4.02  3.58  3.61  3.15  2.90     3.50  3.12  3.77  3.64  3.44
 15   60     3.12  3.24  3.38  3.64  3.41  3.08  3.12  3.65  3.35  3.48  3.12  2.91     3.29  3.09  3.48  3.29  3.32
 15   70     3.04  3.09  3.13  3.26  2.99  2.69  2.73  3.23  3.06  3.28  3.02  2.85     3.03  3.00  3.13  2.89  3.12
 15   80     2.89  2.87  2.82  2.84  2.53  2.28  2.32  2.76  2.71  3.01  2.85  2.73     2.72  2.83  2.73  2.46  2.85
 15   90     2.67  2.60  2.46  2.36  2.06  1.88  1.91  2.27  2.33  2.67  2.61  2.53     2.36  2.60  2.29  2.02  2.54
 30   10     2.42  2.88  3.50  4.36  4.59  4.26  4.26  4.65  3.73  3.26  2.52  2.17     3.55  2.49  4.15  4.39  3.17
 30   20     2.65  3.06  3.61  4.37  4.52  4.16  4.17  4.62  3.79  3.43  2.73  2.40     3.63  2.70  4.17  4.32  3.32
 30   30     2.82  3.18  3.64  4.31  4.36  3.99  4.01  4.51  3.78  3.52  2.89  2.58     3.63  2.86  4.10  4.17  3.40
 30   40     2.93  3.22  3.59  4.15  4.13  3.76  3.78  4.31  3.69  3.54  2.98  2.70     3.56  2.95  3.96  3.95  3.40
 30   50     2.97  3.20  3.48  3.92  3.83  3.47  3.50  4.04  3.52  3.48  3.01  2.76     3.43  2.98  3.74  3.67  3.34
 30   60     2.94  3.11  3.29  3.62  3.47  3.13  3.17  3.69  3.30  3.34  2.96  2.75     3.23  2.93  3.46  3.33  3.20
 30   70     2.84  2.95  3.04  3.26  3.07  2.77  2.81  3.29  3.01  3.13  2.85  2.67     2.98  2.82  3.12  2.96  3.00
 30   80     2.68  2.73  2.74  2.86  2.65  2.38  2.42  2.86  2.68  2.87  2.67  2.54     2.67  2.65  2.75  2.56  2.74
 30   90     2.46  2.45  2.40  2.43  2.22  2.01  2.04  2.42  2.32  2.54  2.43  2.34     2.34  2.42  2.35  2.15  2.43
 45   10     2.36  2.83  3.46  4.33  4.58  4.26  4.26  4.63  3.70  3.21  2.46  2.11     3.52  2.44  4.13  4.38  3.12
 45   20     2.54  2.97  3.54  4.33  4.50  4.16  4.17  4.60  3.74  3.34  2.63  2.30     3.57  2.60  4.12  4.31  3.23
 45   30     2.66  3.05  3.54  4.25  4.36  4.00  4.01  4.48  3.70  3.39  2.75  2.43     3.55  2.72  4.05  4.17  3.28
 45   40     2.73  3.07  3.48  4.09  4.13  3.77  3.80  4.29  3.60  3.37  2.80  2.51     3.47  2.77  3.90  3.95  3.26
 45   50     2.73  3.02  3.35  3.86  3.86  3.50  3.52  4.03  3.44  3.29  2.80  2.54     3.33  2.76  3.69  3.68  3.17
 45   60     2.68  2.91  3.16  3.57  3.52  3.19  3.21  3.71  3.21  3.15  2.73  2.50     3.13  2.70  3.42  3.37  3.03
 45   70     2.56  2.75  2.92  3.24  3.15  2.84  2.87  3.34  2.94  2.93  2.60  2.41     2.88  2.58  3.10  3.02  2.83
 45   80     2.40  2.53  2.63  2.87  2.77  2.49  2.52  2.95  2.63  2.68  2.42  2.26     2.60  2.40  2.75  2.65  2.57
 45   90     2.18  2.27  2.32  2.47  2.38  2.14  2.17  2.54  2.30  2.37  2.19  2.08     2.29  2.18  2.39  2.28  2.29
 60   10     2.29  2.77  3.42  4.30  4.57  4.26  4.25  4.61  3.66  3.15  2.40  2.04     3.48  2.37  4.10  4.37  3.07
 60   20     2.40  2.86  3.44  4.27  4.49  4.16  4.16  4.56  3.66  3.21  2.50  2.17     3.49  2.48  4.07  4.29  3.13
 60   30     2.46  2.89  3.42  4.16  4.34  4.00  4.00  4.43  3.60  3.22  2.57  2.25     3.45  2.53  3.97  4.14  3.13
 60   40     2.48  2.87  3.33  4.00  4.13  3.78  3.79  4.25  3.48  3.17  2.57  2.27     3.35  2.54  3.82  3.94  3.08
 60   50     2.46  2.80  3.19  3.77  3.86  3.52  3.54  4.00  3.31  3.06  2.53  2.27     3.19  2.51  3.61  3.69  2.97
 60   60     2.37  2.67  2.99  3.49  3.55  3.22  3.24  3.69  3.09  2.91  2.45  2.21     2.99  2.42  3.35  3.38  2.82
 60   70     2.25  2.51  2.77  3.18  3.21  2.90  2.92  3.36  2.83  2.70  2.31  2.10     2.75  2.29  3.05  3.06  2.62
 60   80     2.09  2.31  2.50  2.83  2.84  2.57  2.59  2.99  2.55  2.46  2.14  1.96     2.48  2.12  2.72  2.72  2.38
 60   90     1.89  2.07  2.21  2.49  2.48  2.24  2.25  2.62  2.25  2.19  1.94  1.79     2.20  1.92  2.39  2.37  2.12
 75   10     2.21  2.70  3.36  4.26  4.56  4.25  4.24  4.59  3.61  3.07  2.32  1.97     3.43  2.29  4.06  4.36  3.00
 75   20     2.24  2.73  3.34  4.19  4.47  4.15  4.14  4.51  3.58  3.07  2.36  2.02     3.40  2.33  4.00  4.27  3.00
 75   30     2.25  2.71  3.27  4.06  4.30  3.99  3.98  4.37  3.49  3.03  2.35  2.03     3.32  2.33  3.88  4.12  2.96
 75   40     2.21  2.65  3.15  3.87  4.09  3.78  3.78  4.17  3.34  2.94  2.32  2.02     3.19  2.29  3.71  3.91  2.87
 75   50     2.15  2.55  2.99  3.65  3.84  3.52  3.53  3.93  3.16  2.81  2.25  1.97     3.03  2.22  3.49  3.66  2.74
 75   60     2.05  2.42  2.80  3.38  3.53  3.23  3.24  3.64  2.94  2.64  2.14  1.89     2.83  2.12  3.24  3.37  2.58
 75   70     1.92  2.25  2.57  3.08  3.21  2.93  2.93  3.31  2.70  2.45  2.01  1.78     2.59  1.98  2.95  3.06  2.38
 75   80     1.77  2.06  2.33  2.76  2.88  2.62  2.62  2.98  2.43  2.21  1.84  1.65     2.35  1.83  2.66  2.74  2.16
 75   90     1.60  1.85  2.06  2.43  2.53  2.30  2.31  2.63  2.15  1.98  1.67  1.50     2.08  1.65  2.34  2.41  1.93
 90   10     2.12  2.63  3.30  4.21  4.54  4.25  4.24  4.55  3.56  3.00  2.23  1.88     3.38  2.21  4.02  4.35  2.93
 90   20     2.08  2.58  3.22  4.10  4.43  4.14  4.13  4.45  3.48  2.92  2.19  1.85     3.30  2.17  3.92  4.24  2.87
 90   30     2.01  2.50  3.10  3.94  4.26  3.97  3.96  4.29  3.35  2.82  2.13  1.81     3.18  2.11  3.77  4.07  2.77
 90   40     1.94  2.40  2.96  3.73  4.04  3.75  3.74  4.07  3.18  2.69  2.05  1.75     3.02  2.03  3.57  3.85  2.64
 90   50     1.84  2.28  2.78  3.48  3.77  3.50  3.49  3.81  2.98  2.53  1.95  1.67     2.84  1.93  3.35  3.60  2.49
 90   60     1.73  2.14  2.57  3.22  3.48  3.22  3.21  3.53  2.76  2.36  1.83  1.58     2.63  1.81  3.09  3.32  2.32
 90   70     1.60  1.97  2.37  2.93  3.16  2.92  2.91  3.22  2.52  2.16  1.70  1.47     2.41  1.68  2.82  3.02  2.13
 90   80     1.46  1.80  2.13  2.63  2.84  2.61  2.61  2.89  2.27  1.96  1.55  1.34     2.18  1.54  2.53  2.70  1.93
 90   90     1.32  1.62  1.91  2.34  2.52  2.31  2.31  2.58  2.03  1.75  1.40  1.23     1.94  1.39  2.25  2.40  1.73
105   10     2.03  2.55  3.24  4.17  4.53  4.24  4.22  4.52  3.51  2.92  2.14  1.79     3.32  2.12  3.98  4.33  2.86
105   20     1.91  2.43  3.10  4.01  4.39  4.13  4.10  4.38  3.38  2.77  2.03  1.69     3.19  2.01  3.84  4.20  2.73
105   30     1.78  2.29  2.93  3.81  4.20  3.95  3.92  4.18  3.21  2.60  1.91  1.58     3.03  1.89  3.65  4.02  2.57
105   40     1.66  2.15  2.74  3.56  3.95  3.72  3.69  3.94  3.00  2.42  1.78  1.48     2.84  1.76  3.42  3.78  2.40
105   50     1.54  2.00  2.54  3.29  3.68  3.45  3.43  3.65  2.79  2.25  1.65  1.39     2.64  1.64  3.17  3.51  2.23
105   60     1.42  1.85  2.34  3.01  3.38  3.17  3.15  3.36  2.55  2.06  1.53  1.28     2.42  1.51  2.91  3.23  2.05
105   70     1.30  1.70  2.13  2.74  3.07  2.87  2.85  3.06  2.32  1.87  1.40  1.19     2.21  1.40  2.64  2.93  1.87
105   80     1.18  1.54  1.92  2.46  2.75  2.56  2.55  2.76  2.09  1.70  1.28  1.08     1.99  1.27  2.37  2.62  1.69
105   90     1.07  1.40  1.72  2.17  2.45  2.27  2.26  2.45  1.86  1.51  1.15  0.98     1.77  1.15  2.11  2.33  1.50
120   10     1.94  2.47  3.18  4.13  4.51  4.24  4.22  4.49  3.46  2.84  2.06  1.71     3.27  2.04  3.94  4.31  2.79
120   20     1.75  2.28  2.98  3.92  4.36  4.11  4.08  4.31  3.28  2.62  1.87  1.54     3.09  1.86  3.75  4.17  2.59
120   30     1.56  2.09  2.76  3.67  4.13  3.92  3.88  4.07  3.06  2.39  1.68  1.37     2.88  1.68  3.52  3.96  2.38
120   40     1.41  1.90  2.53  3.38  3.86  3.67  3.63  3.78  2.82  2.17  1.52  1.24     2.66  1.51  3.26  3.69  2.17
120   50     1.27  1.73  2.30  3.08  3.55  3.38  3.35  3.47  2.57  1.95  1.38  1.12     2.43  1.37  2.98  3.40  1.97
120   60     1.15  1.58  2.08  2.78  3.23  3.08  3.04  3.15  2.33  1.76  1.26  1.02     2.21  1.25  2.70  3.09  1.78
120   70     1.05  1.44  1.89  2.50  2.91  2.77  2.74  2.85  2.10  1.60  1.14  0.94     2.00  1.15  2.43  2.79  1.61
120   80     0.96  1.31  1.70  2.24  2.61  2.47  2.45  2.56  1.88  1.44  1.05  0.86     1.79  1.04  2.18  2.49  1.46
120   90     0.88  1.19  1.51  1.99  2.31  2.19  2.16  2.28  1.69  1.29  0.94  0.79     1.60  0.95  1.94  2.21  1.31
135   10     1.87  2.41  3.13  4.09  4.49  4.23  4.21  4.46  3.42  2.77  1.99  1.64     3.23  1.97  3.90  4.30  2.73
135   20     1.60  2.15  2.88  3.85  4.32  4.10  4.07  4.25  3.20  2.49  1.73  1.39     3.00  1.72  3.68  4.14  2.47
135   30     1.36  1.90  2.60  3.54  4.07  3.89  3.85  3.96  2.92  2.19  1.49  1.18     2.75  1.48  3.40  3.90  2.20
135   40     1.17  1.67  2.32  3.20  3.75  3.62  3.57  3.63  2.63  1.92  1.29  1.02     2.48  1.29  3.09  3.61  1.95
135   50     1.04  1.48  2.06  2.85  3.40  3.30  3.25  3.27  2.35  1.68  1.14  0.91     2.23  1.14  2.77  3.27  1.72
135   60     0.95  1.34  1.84  2.53  3.05  2.97  2.92  2.91  2.09  1.50  1.03  0.83     2.00  1.04  2.47  2.93  1.54
135   70     0.87  1.22  1.65  2.25  2.71  2.64  2.60  2.59  1.87  1.35  0.94  0.77     1.79  0.95  2.20  2.61  1.39
135   80     0.81  1.11  1.48  2.00  2.41  2.35  2.30  2.31  1.68  1.22  0.87  0.71     1.60  0.88  1.96  2.32  1.25
135   90     0.75  1.02  1.34  1.77  2.14  2.07  2.04  2.06  1.51  1.11  0.80  0.67     1.44  0.81  1.75  2.06  1.14
150   10     1.81  2.35  3.09  4.06  4.48  4.23  4.20  4.44  3.39  2.72  1.93  1.58     3.19  1.92  3.88  4.29  2.68
150   20     1.48  2.04  2.79  3.79  4.29  4.09  4.05  4.20  3.13  2.38  1.61  1.28     2.93  1.60  3.62  4.12  2.37
150   30     1.19  1.73  2.46  3.44  4.02  3.88  3.83  3.88  2.81  2.02  1.31  1.01     2.63  1.31  3.31  3.86  2.05
150   40     0.98  1.46  2.13  3.04  3.68  3.59  3.53  3.49  2.46  1.69  1.08  0.84     2.33  1.09  2.95  3.54  1.75
150   50     0.89  1.26  1.83  2.63  3.27  3.25  3.17  3.06  2.14  1.43  0.95  0.77     2.06  0.97  2.58  3.16  1.50
150   60     0.84  1.14  1.60  2.26  2.85  2.86  2.79  2.65  1.86  1.26  0.88  0.73     1.81  0.91  2.24  2.77  1.33
150   70     0.79  1.06  1.44  1.97  2.48  2.49  2.43  2.31  1.65  1.15  0.83  0.70     1.61  0.85  1.96  2.41  1.21
150   80     0.74  0.99  1.31  1.75  2.17  2.18  2.13  2.04  1.49  1.06  0.78  0.66     1.44  0.80  1.74  2.12  1.11
150   90     0.70  0.92  1.20  1.57  1.93  1.92  1.88  1.83  1.35  0.98  0.73  0.62     1.30  0.75  1.57  1.88  1.02
165   10     1.77  2.32  3.06  4.05  4.48  4.23  4.20  4.43  3.37  2.69  1.90  1.54     3.17  1.88  3.86  4.29  2.65
165   20     1.40  1.97  2.74  3.75  4.28  4.09  4.05  4.17  3.08  2.31  1.53  1.20     2.88  1.52  3.59  4.10  2.31
165   30     1.06  1.60  2.37  3.38  4.00  3.87  3.82  3.84  2.74  1.90  1.17  0.89     2.55  1.18  3.25  3.84  1.94
165   40     0.90  1.27  1.98  2.95  3.65  3.59  3.52  3.42  2.35  1.50  0.93  0.80     2.24  0.99  2.86  3.51  1.59
165   50     0.87  1.11  1.62  2.48  3.23  3.24  3.16  2.95  1.95  1.22  0.89  0.77     1.96  0.91  2.44  3.12  1.36
165   60     0.83  1.06  1.41  2.01  2.75  2.84  2.75  2.43  1.64  1.12  0.86  0.73     1.70  0.87  2.06  2.67  1.20
165   70     0.79  1.00  1.29  1.71  2.25  2.40  2.30  2.01  1.46  1.06  0.81  0.70     1.48  0.83  1.75  2.24  1.11
165   80     0.74  0.95  1.21  1.54  1.94  2.02  1.96  1.78  1.34  1.00  0.77  0.66     1.33  0.78  1.56  1.92  1.04
165   90     0.70  0.89  1.12  1.41  1.74  1.78  1.73  1.62  1.25  0.94  0.72  0.62     1.21  0.73  1.42  1.71  0.97
180   10     1.76  2.31  3.06  4.04  4.47  4.23  4.20  4.43  3.37  2.68  1.88  1.53     3.16  1.87  3.86  4.29  2.64
180   20     1.37  1.94  2.72  3.74  4.28  4.09  4.05  4.17  3.07  2.28  1.50  1.17     2.86  1.49  3.58  4.10  2.28
180   30     1.01  1.55  2.34  3.37  4.00  3.87  3.82  3.83  2.71  1.85  1.12  0.85     2.53  1.14  3.23  3.84  1.90
180   40     0.90  1.19  1.92  2.93  3.64  3.58  3.52  3.42  2.32  1.41  0.93  0.80     2.21  0.96  2.83  3.50  1.55
180   50     0.87  1.11  1.48  2.45  3.21  3.23  3.15  2.94  1.88  1.15  0.89  0.77     1.93  0.91  2.38  3.11  1.31
180   60     0.83  1.06  1.33  1.93  2.74  2.83  2.75  2.42  1.47  1.11  0.86  0.73     1.67  0.87  2.00  2.67  1.14
180   70     0.79  1.00  1.26  1.55  2.22  2.39  2.30  1.88  1.37  1.05  0.81  0.70     1.44  0.83  1.68  2.19  1.08
180   80     0.74  0.95  1.18  1.43  1.84  1.95  1.88  1.66  1.29  1.00  0.77  0.66     1.28  0.78  1.48  1.83  1.02
180   90     0.70  0.89  1.11  1.34  1.65  1.72  1.67  1.53  1.20  0.94  0.72  0.62     1.17  0.73  1.37  1.64  0.95
             54.9  45.0  31.9  18.6   6.3   2.1   3.7  11.9  25.1  40.9  51.9  57.3     28.1  52.3  18.7   6.2  39.1
             3.20  3.36  3.73  4.42  4.60  4.29  4.28  4.66  3.85  3.70  3.19  2.97     3.85  3.17  4.20  4.40  3.53
             2.93  3.26  3.72  4.38  4.39  4.02  4.04  4.55  3.84  3.63  2.98  2.67     3.70  2.95  4.16  4.21  3.48
             1.09  1.03  1.00  1.01  1.05  1.07  1.06  1.02  1.00  1.02  1.07  1.11     1.04  1.08  1.02  1.05  1.03
             1.37  1.23  1.12  1.02  0.96  0.93  0.94  0.99  1.06  1.19  1.32  1.41     1.13  1.34  1.03  0.96  1.19
temperature   3.0   3.6   7.0  12.8  17.5  21.6  25.4  26.6  22.6  16.2  10.4   5.2     14.3   3.9  12.4  24.5  16.4
diffusedrad  1.19  1.49  1.87  2.25  2.52  2.63  2.58  2.39  2.04  1.60  1.22  1.03     1.90  1.24  2.21  2.53  1.62
snow10cm     0.00  0.01  0.00  0.00  0.00  0.00  0.00  0.00  0.00  0.00  0.00  0.00     0.00  0.01  0.00  0.00  0.00
