2 63411   三田            34 53.6  135 12.7  150
             2.10  2.63  3.39  4.42  4.70  4.42  4.50  4.78  3.68  3.12  2.32  1.97     3.50  2.23  4.17  4.57  3.04
             2.41  3.22  4.08  5.23  5.75  5.69  5.89  5.65  4.32  3.70  2.70  2.25     3.84  2.51  4.55  5.22  3.35
             1.74  1.92  2.76  3.42  3.91  3.63  3.37  3.69  2.91  2.57  1.92  1.65     3.07  1.93  3.61  3.56  2.65
  0   10     2.44  2.91  3.61  4.52  4.71  4.38  4.48  4.86  3.84  3.41  2.65  2.35     3.68  2.57  4.28  4.57  3.30
  0   20     2.74  3.15  3.76  4.56  4.63  4.27  4.38  4.83  3.93  3.65  2.94  2.67     3.79  2.85  4.32  4.49  3.51
  0   30     2.97  3.31  3.82  4.50  4.46  4.09  4.20  4.71  3.94  3.80  3.16  2.93     3.82  3.07  4.26  4.33  3.63
  0   40     3.13  3.39  3.81  4.34  4.21  3.82  3.94  4.49  3.86  3.86  3.31  3.12     3.77  3.21  4.12  4.08  3.68
  0   50     3.21  3.40  3.70  4.09  3.86  3.49  3.60  4.17  3.70  3.83  3.38  3.23     3.64  3.28  3.88  3.75  3.64
  0   60     3.22  3.33  3.52  3.75  3.46  3.11  3.22  3.77  3.46  3.71  3.36  3.26     3.43  3.27  3.58  3.37  3.51
  0   70     3.15  3.19  3.27  3.34  3.00  2.69  2.79  3.31  3.16  3.51  3.27  3.21     3.16  3.18  3.20  2.93  3.31
  0   80     3.00  2.97  2.94  2.88  2.50  2.25  2.32  2.79  2.79  3.23  3.09  3.08     2.82  3.02  2.77  2.45  3.04
  0   90     2.79  2.69  2.56  2.37  2.00  1.81  1.86  2.24  2.38  2.88  2.84  2.87     2.44  2.78  2.31  1.97  2.70
 15   10     2.43  2.91  3.60  4.51  4.71  4.38  4.48  4.85  3.84  3.40  2.64  2.34     3.67  2.56  4.28  4.57  3.29
 15   20     2.71  3.13  3.74  4.55  4.63  4.28  4.38  4.83  3.92  3.62  2.92  2.65     3.78  2.83  4.31  4.50  3.49
 15   30     2.93  3.28  3.79  4.48  4.46  4.09  4.20  4.70  3.92  3.75  3.14  2.90     3.80  3.04  4.25  4.33  3.60
 15   40     3.08  3.36  3.77  4.33  4.21  3.83  3.94  4.49  3.84  3.80  3.28  3.08     3.75  3.17  4.10  4.09  3.64
 15   50     3.15  3.37  3.67  4.08  3.88  3.51  3.62  4.18  3.68  3.76  3.34  3.18     3.62  3.23  3.88  3.77  3.59
 15   60     3.15  3.29  3.48  3.76  3.48  3.14  3.24  3.79  3.45  3.64  3.32  3.20     3.41  3.21  3.57  3.39  3.47
 15   70     3.07  3.14  3.22  3.36  3.04  2.73  2.82  3.35  3.15  3.43  3.21  3.15     3.14  3.12  3.21  2.96  3.26
 15   80     2.92  2.93  2.90  2.91  2.56  2.30  2.38  2.84  2.78  3.15  3.04  3.01     2.81  2.95  2.79  2.51  2.99
 15   90     2.70  2.64  2.52  2.42  2.07  1.88  1.93  2.32  2.38  2.80  2.79  2.81     2.44  2.72  2.34  2.04  2.66
 30   10     2.39  2.88  3.57  4.50  4.71  4.38  4.47  4.85  3.82  3.36  2.61  2.30     3.65  2.52  4.26  4.57  3.26
 30   20     2.63  3.07  3.69  4.51  4.63  4.28  4.38  4.82  3.88  3.54  2.86  2.58     3.74  2.76  4.28  4.49  3.43
 30   30     2.82  3.20  3.73  4.45  4.47  4.10  4.21  4.71  3.88  3.65  3.04  2.79     3.75  2.94  4.22  4.34  3.52
 30   40     2.93  3.26  3.69  4.29  4.23  3.85  3.96  4.49  3.79  3.68  3.15  2.94     3.69  3.04  4.07  4.10  3.54
 30   50     2.98  3.24  3.58  4.05  3.92  3.55  3.66  4.21  3.62  3.63  3.19  3.01     3.55  3.08  3.85  3.81  3.48
 30   60     2.96  3.16  3.39  3.74  3.55  3.20  3.30  3.85  3.39  3.48  3.15  3.01     3.35  3.04  3.56  3.45  3.34
 30   70     2.86  3.00  3.13  3.36  3.14  2.82  2.91  3.43  3.10  3.27  3.03  2.94     3.08  2.94  3.21  3.05  3.13
 30   80     2.70  2.78  2.82  2.94  2.69  2.42  2.50  2.97  2.76  3.00  2.85  2.80     2.77  2.76  2.82  2.63  2.87
 30   90     2.48  2.50  2.47  2.50  2.25  2.03  2.09  2.50  2.38  2.65  2.59  2.59     2.42  2.52  2.41  2.21  2.54
 45   10     2.33  2.83  3.53  4.47  4.71  4.38  4.47  4.83  3.78  3.30  2.55  2.24     3.62  2.47  4.24  4.56  3.21
 45   20     2.52  2.98  3.62  4.46  4.62  4.28  4.37  4.80  3.83  3.44  2.75  2.45     3.68  2.65  4.24  4.48  3.34
 45   30     2.65  3.07  3.63  4.38  4.47  4.11  4.21  4.68  3.80  3.51  2.88  2.62     3.67  2.78  4.16  4.33  3.39
 45   40     2.73  3.10  3.57  4.22  4.24  3.88  3.98  4.48  3.70  3.50  2.94  2.72     3.59  2.85  4.01  4.11  3.38
 45   50     2.74  3.06  3.44  3.99  3.95  3.59  3.69  4.21  3.53  3.43  2.95  2.76     3.44  2.85  3.79  3.83  3.30
 45   60     2.69  2.95  3.25  3.69  3.61  3.27  3.36  3.88  3.30  3.28  2.89  2.73     3.24  2.79  3.52  3.50  3.15
 45   70     2.58  2.80  3.01  3.34  3.23  2.90  3.00  3.48  3.03  3.06  2.76  2.64     2.98  2.67  3.19  3.13  2.95
 45   80     2.42  2.58  2.71  2.96  2.83  2.54  2.62  3.08  2.70  2.80  2.57  2.49     2.69  2.49  2.83  2.74  2.69
 45   90     2.20  2.31  2.39  2.55  2.43  2.18  2.25  2.65  2.37  2.48  2.34  2.29     2.37  2.27  2.46  2.36  2.39
 60   10     2.25  2.77  3.48  4.43  4.70  4.38  4.47  4.81  3.74  3.23  2.48  2.16     3.57  2.39  4.20  4.55  3.15
 60   20     2.38  2.86  3.52  4.40  4.61  4.28  4.37  4.76  3.75  3.31  2.60  2.31     3.60  2.52  4.17  4.47  3.22
 60   30     2.45  2.90  3.50  4.29  4.46  4.11  4.20  4.63  3.69  3.33  2.68  2.41     3.55  2.59  4.08  4.32  3.23
 60   40     2.48  2.89  3.41  4.13  4.24  3.89  3.98  4.44  3.58  3.29  2.70  2.45     3.46  2.61  3.92  4.11  3.19
 60   50     2.45  2.83  3.27  3.89  3.96  3.62  3.71  4.18  3.40  3.18  2.66  2.45     3.30  2.58  3.71  3.84  3.08
 60   60     2.38  2.71  3.08  3.61  3.65  3.31  3.40  3.86  3.18  3.03  2.58  2.40     3.10  2.49  3.44  3.52  2.93
 60   70     2.25  2.55  2.85  3.29  3.29  2.98  3.06  3.52  2.92  2.81  2.45  2.29     2.86  2.37  3.14  3.19  2.73
 60   80     2.10  2.35  2.57  2.92  2.92  2.64  2.71  3.13  2.62  2.56  2.26  2.14     2.58  2.20  2.80  2.83  2.48
 60   90     1.90  2.11  2.28  2.57  2.55  2.29  2.36  2.74  2.31  2.28  2.06  1.96     2.28  1.99  2.46  2.46  2.22
 75   10     2.17  2.69  3.42  4.38  4.68  4.38  4.46  4.78  3.69  3.15  2.39  2.07     3.52  2.31  4.16  4.54  3.08
 75   20     2.21  2.72  3.40  4.32  4.59  4.27  4.36  4.71  3.66  3.16  2.44  2.13     3.50  2.36  4.10  4.44  3.08
 75   30     2.22  2.71  3.34  4.19  4.42  4.10  4.19  4.56  3.57  3.12  2.44  2.16     3.42  2.37  3.98  4.28  3.04
 75   40     2.19  2.66  3.23  3.99  4.21  3.89  3.97  4.35  3.42  3.03  2.42  2.16     3.29  2.34  3.81  4.07  2.96
 75   50     2.14  2.56  3.06  3.76  3.94  3.63  3.71  4.11  3.25  2.90  2.35  2.11     3.13  2.27  3.59  3.81  2.83
 75   60     2.04  2.44  2.88  3.48  3.63  3.33  3.41  3.81  3.02  2.73  2.25  2.04     2.92  2.17  3.33  3.52  2.67
 75   70     1.91  2.27  2.64  3.17  3.31  3.01  3.08  3.47  2.77  2.54  2.11  1.93     2.69  2.04  3.04  3.19  2.47
 75   80     1.77  2.09  2.40  2.85  2.96  2.69  2.76  3.13  2.50  2.30  1.94  1.79     2.43  1.88  2.74  2.86  2.25
 75   90     1.60  1.87  2.12  2.51  2.60  2.37  2.42  2.76  2.21  2.06  1.76  1.63     2.16  1.70  2.41  2.52  2.01
 90   10     2.08  2.61  3.36  4.34  4.66  4.37  4.45  4.74  3.64  3.07  2.29  1.97     3.46  2.22  4.12  4.52  3.00
 90   20     2.04  2.57  3.28  4.22  4.55  4.26  4.34  4.64  3.55  3.00  2.26  1.94     3.39  2.18  4.02  4.41  2.94
 90   30     1.98  2.50  3.16  4.06  4.37  4.09  4.16  4.47  3.42  2.89  2.20  1.91     3.27  2.13  3.86  4.24  2.84
 90   40     1.91  2.40  3.01  3.84  4.15  3.87  3.93  4.25  3.25  2.76  2.12  1.85     3.11  2.05  3.67  4.01  2.71
 90   50     1.81  2.28  2.84  3.59  3.88  3.61  3.67  3.98  3.05  2.60  2.02  1.77     2.92  1.95  3.44  3.75  2.56
 90   60     1.71  2.14  2.63  3.32  3.58  3.31  3.38  3.69  2.83  2.42  1.90  1.68     2.72  1.84  3.17  3.46  2.38
 90   70     1.58  1.98  2.42  3.02  3.25  3.00  3.06  3.37  2.59  2.23  1.77  1.57     2.49  1.71  2.90  3.15  2.20
 90   80     1.45  1.82  2.18  2.71  2.93  2.69  2.74  3.03  2.33  2.02  1.62  1.44     2.25  1.57  2.61  2.82  1.99
 90   90     1.31  1.64  1.95  2.41  2.60  2.38  2.43  2.71  2.08  1.80  1.46  1.32     2.01  1.42  2.32  2.51  1.78
105   10     1.99  2.53  3.29  4.29  4.64  4.37  4.44  4.71  3.58  2.98  2.19  1.87     3.41  2.13  4.07  4.50  2.92
105   20     1.87  2.41  3.15  4.13  4.51  4.25  4.31  4.56  3.44  2.83  2.07  1.76     3.27  2.01  3.93  4.37  2.78
105   30     1.74  2.27  2.98  3.91  4.31  4.06  4.12  4.36  3.27  2.65  1.95  1.64     3.11  1.89  3.73  4.18  2.62
105   40     1.62  2.14  2.78  3.66  4.06  3.83  3.88  4.10  3.06  2.47  1.82  1.54     2.91  1.76  3.50  3.94  2.45
105   50     1.51  1.99  2.58  3.38  3.78  3.55  3.60  3.81  2.84  2.29  1.69  1.44     2.71  1.65  3.25  3.65  2.27
105   60     1.39  1.84  2.38  3.09  3.47  3.26  3.30  3.51  2.60  2.10  1.57  1.33     2.49  1.52  2.98  3.36  2.09
105   70     1.28  1.70  2.16  2.81  3.15  2.95  2.99  3.20  2.37  1.91  1.44  1.24     2.27  1.40  2.71  3.05  1.91
105   80     1.16  1.54  1.95  2.52  2.83  2.64  2.68  2.88  2.14  1.73  1.32  1.13     2.04  1.27  2.43  2.73  1.73
105   90     1.05  1.40  1.75  2.23  2.52  2.34  2.37  2.57  1.90  1.54  1.19  1.03     1.82  1.16  2.17  2.43  1.54
120   10     1.90  2.45  3.23  4.24  4.63  4.36  4.43  4.67  3.53  2.90  2.10  1.78     3.35  2.04  4.03  4.49  2.84
120   20     1.70  2.25  3.02  4.03  4.47  4.23  4.29  4.49  3.34  2.67  1.90  1.58     3.16  1.84  3.84  4.34  2.63
120   30     1.51  2.06  2.79  3.76  4.24  4.03  4.08  4.23  3.11  2.42  1.70  1.40     2.94  1.66  3.60  4.11  2.41
120   40     1.35  1.87  2.55  3.46  3.96  3.77  3.81  3.93  2.86  2.19  1.53  1.26     2.71  1.49  3.32  3.84  2.19
120   50     1.22  1.70  2.32  3.15  3.64  3.48  3.51  3.60  2.61  1.97  1.38  1.14     2.48  1.35  3.04  3.53  1.99
120   60     1.10  1.55  2.10  2.84  3.31  3.16  3.19  3.28  2.36  1.77  1.26  1.03     2.25  1.23  2.75  3.21  1.80
120   70     1.01  1.42  1.90  2.55  2.99  2.85  2.87  2.96  2.13  1.61  1.15  0.96     2.03  1.13  2.48  2.89  1.63
120   80     0.92  1.29  1.71  2.28  2.67  2.54  2.56  2.66  1.91  1.45  1.05  0.87     1.83  1.03  2.22  2.59  1.47
120   90     0.84  1.17  1.53  2.03  2.37  2.25  2.27  2.38  1.71  1.30  0.95  0.80     1.63  0.94  1.98  2.30  1.32
135   10     1.82  2.38  3.17  4.20  4.61  4.36  4.42  4.64  3.49  2.83  2.02  1.69     3.30  1.96  4.00  4.47  2.78
135   20     1.55  2.11  2.91  3.94  4.43  4.22  4.27  4.41  3.25  2.52  1.74  1.42     3.06  1.69  3.76  4.30  2.50
135   30     1.30  1.85  2.61  3.62  4.17  4.00  4.03  4.11  2.96  2.21  1.48  1.18     2.79  1.44  3.47  4.05  2.21
135   40     1.11  1.62  2.32  3.26  3.84  3.72  3.74  3.76  2.66  1.92  1.27  1.00     2.52  1.24  3.14  3.74  1.95
135   50     0.98  1.44  2.06  2.90  3.48  3.39  3.39  3.38  2.36  1.67  1.11  0.89     2.25  1.10  2.81  3.39  1.72
135   60     0.89  1.29  1.83  2.57  3.11  3.04  3.04  3.00  2.10  1.48  1.00  0.81     2.01  1.00  2.50  3.03  1.53
135   70     0.82  1.18  1.64  2.27  2.77  2.71  2.70  2.67  1.88  1.33  0.92  0.75     1.80  0.92  2.23  2.69  1.37
135   80     0.76  1.08  1.47  2.02  2.46  2.40  2.40  2.38  1.68  1.20  0.85  0.70     1.62  0.85  1.99  2.39  1.24
135   90     0.70  0.99  1.34  1.79  2.19  2.12  2.12  2.13  1.51  1.10  0.78  0.65     1.45  0.78  1.77  2.12  1.13
150   10     1.76  2.32  3.13  4.17  4.60  4.36  4.42  4.62  3.45  2.77  1.96  1.63     3.27  1.90  3.97  4.46  2.73
150   20     1.42  2.00  2.81  3.88  4.41  4.21  4.26  4.36  3.17  2.40  1.61  1.28     2.98  1.57  3.70  4.28  2.39
150   30     1.12  1.67  2.47  3.51  4.12  3.99  4.01  4.02  2.83  2.02  1.28  0.98     2.67  1.26  3.37  4.00  2.04
150   40     0.91  1.40  2.11  3.10  3.76  3.69  3.69  3.61  2.47  1.67  1.03  0.80     2.35  1.03  2.99  3.66  1.72
150   50     0.81  1.20  1.80  2.66  3.34  3.32  3.30  3.15  2.13  1.39  0.90  0.72     2.06  0.91  2.60  3.26  1.47
150   60     0.77  1.08  1.57  2.28  2.90  2.92  2.89  2.71  1.84  1.22  0.83  0.69     1.81  0.85  2.25  2.84  1.30
150   70     0.73  1.01  1.41  1.98  2.52  2.53  2.50  2.36  1.63  1.11  0.78  0.66     1.60  0.80  1.97  2.46  1.18
150   80     0.69  0.94  1.28  1.75  2.20  2.22  2.19  2.08  1.47  1.03  0.74  0.62     1.43  0.75  1.74  2.16  1.08
150   90     0.65  0.88  1.18  1.57  1.96  1.95  1.93  1.86  1.33  0.95  0.70  0.59     1.30  0.71  1.57  1.92  1.00
165   10     1.72  2.29  3.10  4.16  4.59  4.35  4.42  4.61  3.43  2.73  1.92  1.58     3.24  1.86  3.95  4.46  2.69
165   20     1.33  1.92  2.75  3.84  4.39  4.21  4.25  4.33  3.12  2.32  1.52  1.18     2.93  1.48  3.66  4.26  2.32
165   30     0.98  1.54  2.36  3.45  4.10  3.98  4.00  3.97  2.75  1.88  1.13  0.84     2.58  1.12  3.30  3.99  1.92
165   40     0.82  1.20  1.95  3.00  3.73  3.68  3.68  3.53  2.35  1.46  0.86  0.74     2.25  0.92  2.89  3.63  1.56
165   50     0.80  1.03  1.58  2.49  3.29  3.31  3.29  3.02  1.93  1.16  0.83  0.71     1.95  0.85  2.45  3.21  1.31
165   60     0.76  0.99  1.35  2.00  2.79  2.90  2.84  2.46  1.60  1.05  0.80  0.69     1.69  0.81  2.05  2.73  1.15
165   70     0.73  0.94  1.24  1.69  2.26  2.43  2.36  2.02  1.42  1.00  0.77  0.66     1.46  0.77  1.73  2.27  1.06
165   80     0.69  0.89  1.16  1.51  1.95  2.03  1.99  1.78  1.31  0.95  0.73  0.62     1.30  0.73  1.54  1.93  1.00
165   90     0.65  0.84  1.08  1.39  1.74  1.79  1.76  1.62  1.22  0.90  0.69  0.59     1.19  0.69  1.40  1.72  0.94
180   10     1.70  2.27  3.09  4.15  4.59  4.35  4.42  4.60  3.42  2.73  1.90  1.56     3.23  1.85  3.94  4.46  2.68
180   20     1.30  1.89  2.73  3.83  4.38  4.21  4.25  4.33  3.11  2.29  1.48  1.15     2.91  1.45  3.65  4.26  2.29
180   30     0.93  1.48  2.33  3.43  4.09  3.98  4.00  3.96  2.73  1.83  1.07  0.80     2.55  1.07  3.28  3.98  1.88
180   40     0.82  1.11  1.88  2.97  3.72  3.68  3.68  3.52  2.31  1.35  0.86  0.74     2.22  0.89  2.86  3.62  1.51
180   50     0.80  1.03  1.42  2.46  3.27  3.31  3.29  3.01  1.85  1.08  0.83  0.71     1.92  0.85  2.38  3.20  1.25
180   60     0.76  0.99  1.26  1.91  2.77  2.89  2.84  2.45  1.41  1.04  0.80  0.69     1.65  0.81  1.98  2.73  1.08
180   70     0.73  0.94  1.20  1.51  2.23  2.43  2.35  1.86  1.32  1.00  0.77  0.66     1.42  0.77  1.65  2.21  1.03
180   80     0.69  0.89  1.13  1.39  1.83  1.96  1.90  1.64  1.24  0.95  0.73  0.62     1.25  0.73  1.45  1.84  0.97
180   90     0.65  0.84  1.07  1.31  1.65  1.72  1.69  1.51  1.17  0.90  0.69  0.59     1.15  0.69  1.34  1.64  0.92
             55.9  46.1  32.8  19.0   6.2   1.8   3.4  12.0  25.8  42.0  53.2  58.8     28.8  53.7  19.2   6.1  40.2
             3.23  3.41  3.83  4.56  4.72  4.41  4.50  4.86  3.95  3.86  3.38  3.26     4.00  3.29  4.32  4.58  3.68
             2.95  3.29  3.82  4.51  4.49  4.11  4.22  4.73  3.94  3.78  3.14  2.90     3.82  3.05  4.27  4.35  3.62
             1.09  1.04  1.00  1.01  1.05  1.07  1.07  1.03  1.00  1.02  1.08  1.12     1.05  1.09  1.02  1.06  1.03
             1.40  1.25  1.13  1.02  0.96  0.93  0.94  0.99  1.07  1.21  1.35  1.47     1.14  1.38  1.03  0.95  1.21
temperature   2.3   2.9   6.5  12.4  17.2  21.4  25.2  26.2  22.1  15.6   9.7   4.4     13.8   3.2  12.0  24.3  15.8
diffusedrad  1.09  1.40  1.79  2.18  2.46  2.58  2.53  2.31  1.97  1.52  1.16  0.98     1.83  1.16  2.15  2.47  1.55
snow10cm     0.00  0.01  0.00  0.00  0.00  0.00  0.00  0.00  0.00  0.00  0.00  0.00     0.00  0.01  0.00  0.00  0.00
