2 65162   龍神            33 56.7  135 33.4  410
             2.02  2.67  3.40  4.25  4.54  4.21  4.24  4.36  3.44  2.99  2.24  1.98     3.36  2.23  4.07  4.27  2.89
             2.65  3.25  3.98  5.20  5.59  4.81  5.57  5.52  4.18  3.45  2.98  2.45     3.71  2.68  4.69  4.78  3.21
             1.53  1.86  2.46  3.22  3.84  3.29  3.16  3.39  2.89  2.50  1.66  1.57     2.85  1.81  3.45  3.45  2.39
  0   10     2.28  2.93  3.60  4.33  4.55  4.17  4.22  4.41  3.56  3.23  2.51  2.30     3.51  2.51  4.16  4.27  3.10
  0   20     2.50  3.14  3.73  4.36  4.47  4.07  4.13  4.38  3.63  3.41  2.74  2.58     3.59  2.74  4.18  4.19  3.26
  0   30     2.67  3.28  3.77  4.29  4.30  3.89  3.96  4.26  3.61  3.51  2.92  2.79     3.61  2.91  4.12  4.04  3.35
  0   40     2.78  3.34  3.74  4.13  4.05  3.65  3.72  4.05  3.53  3.54  3.02  2.94     3.54  3.02  3.97  3.81  3.36
  0   50     2.82  3.33  3.63  3.88  3.72  3.34  3.41  3.77  3.37  3.49  3.06  3.02     3.40  3.06  3.75  3.50  3.31
  0   60     2.81  3.25  3.44  3.56  3.33  2.99  3.05  3.42  3.15  3.37  3.02  3.03     3.20  3.03  3.45  3.15  3.18
  0   70     2.72  3.09  3.19  3.17  2.90  2.60  2.66  3.01  2.87  3.17  2.92  2.96     2.94  2.93  3.09  2.75  2.99
  0   80     2.58  2.87  2.86  2.74  2.42  2.18  2.23  2.56  2.54  2.91  2.75  2.83     2.62  2.76  2.67  2.33  2.73
  0   90     2.38  2.59  2.49  2.26  1.95  1.77  1.81  2.08  2.17  2.58  2.52  2.63     2.27  2.53  2.23  1.89  2.42
 15   10     2.27  2.93  3.59  4.33  4.55  4.17  4.22  4.41  3.56  3.22  2.50  2.29     3.50  2.50  4.16  4.27  3.09
 15   20     2.48  3.12  3.71  4.35  4.47  4.07  4.13  4.38  3.62  3.38  2.73  2.56     3.58  2.72  4.17  4.19  3.24
 15   30     2.64  3.25  3.75  4.27  4.30  3.89  3.96  4.25  3.60  3.48  2.89  2.76     3.59  2.89  4.11  4.03  3.32
 15   40     2.74  3.31  3.71  4.12  4.05  3.65  3.72  4.06  3.51  3.50  2.99  2.90     3.52  2.99  3.96  3.81  3.33
 15   50     2.78  3.30  3.60  3.88  3.74  3.35  3.42  3.78  3.35  3.44  3.02  2.98     3.39  3.02  3.74  3.52  3.27
 15   60     2.75  3.21  3.41  3.57  3.36  3.00  3.07  3.43  3.13  3.31  2.98  2.98     3.18  2.98  3.44  3.17  3.14
 15   70     2.66  3.06  3.15  3.19  2.94  2.62  2.69  3.04  2.86  3.11  2.88  2.91     2.92  2.88  3.09  2.78  2.95
 15   80     2.52  2.83  2.83  2.76  2.48  2.23  2.28  2.60  2.53  2.84  2.71  2.77     2.61  2.71  2.69  2.37  2.69
 15   90     2.32  2.55  2.46  2.30  2.02  1.84  1.87  2.14  2.17  2.52  2.47  2.57     2.27  2.48  2.26  1.95  2.39
 30   10     2.24  2.90  3.56  4.31  4.55  4.17  4.22  4.40  3.54  3.19  2.47  2.26     3.48  2.47  4.14  4.26  3.07
 30   20     2.42  3.07  3.67  4.32  4.47  4.07  4.13  4.36  3.58  3.33  2.67  2.49     3.55  2.66  4.15  4.19  3.19
 30   30     2.56  3.18  3.69  4.24  4.31  3.90  3.97  4.25  3.56  3.40  2.81  2.67     3.54  2.80  4.08  4.04  3.26
 30   40     2.63  3.21  3.64  4.09  4.08  3.67  3.73  4.05  3.46  3.40  2.89  2.78     3.47  2.88  3.93  3.82  3.25
 30   50     2.65  3.18  3.51  3.85  3.77  3.38  3.45  3.79  3.30  3.33  2.90  2.83     3.33  2.89  3.71  3.54  3.18
 30   60     2.60  3.09  3.32  3.55  3.42  3.05  3.12  3.47  3.09  3.19  2.84  2.81     3.13  2.83  3.43  3.21  3.04
 30   70     2.50  2.92  3.06  3.19  3.02  2.70  2.76  3.09  2.81  2.98  2.72  2.73     2.87  2.72  3.09  2.85  2.84
 30   80     2.35  2.69  2.75  2.79  2.60  2.33  2.38  2.69  2.50  2.72  2.54  2.59     2.58  2.54  2.71  2.46  2.59
 30   90     2.15  2.41  2.41  2.37  2.18  1.96  2.00  2.27  2.16  2.40  2.31  2.38     2.25  2.31  2.32  2.08  2.29
 45   10     2.20  2.85  3.53  4.29  4.54  4.17  4.22  4.39  3.52  3.14  2.43  2.21     3.46  2.42  4.12  4.26  3.03
 45   20     2.33  2.98  3.60  4.28  4.46  4.07  4.12  4.35  3.54  3.25  2.58  2.39     3.50  2.57  4.11  4.18  3.12
 45   30     2.43  3.06  3.59  4.19  4.31  3.91  3.97  4.23  3.50  3.28  2.67  2.52     3.47  2.67  4.03  4.04  3.15
 45   40     2.47  3.07  3.53  4.03  4.09  3.69  3.75  4.04  3.39  3.25  2.71  2.59     3.38  2.71  3.88  3.83  3.12
 45   50     2.46  3.01  3.39  3.80  3.80  3.41  3.48  3.79  3.23  3.17  2.70  2.61     3.24  2.69  3.66  3.56  3.03
 45   60     2.39  2.90  3.19  3.51  3.47  3.11  3.17  3.49  3.00  3.01  2.63  2.57     3.04  2.62  3.39  3.25  2.88
 45   70     2.28  2.73  2.95  3.17  3.10  2.77  2.83  3.13  2.75  2.80  2.50  2.47     2.79  2.49  3.08  2.91  2.68
 45   80     2.12  2.51  2.65  2.81  2.72  2.43  2.48  2.77  2.45  2.55  2.31  2.31     2.51  2.31  2.73  2.56  2.44
 45   90     1.92  2.24  2.34  2.42  2.34  2.09  2.13  2.39  2.15  2.26  2.09  2.11     2.21  2.09  2.37  2.20  2.17
 60   10     2.14  2.79  3.48  4.25  4.54  4.17  4.21  4.37  3.48  3.09  2.36  2.14     3.42  2.36  4.09  4.25  2.98
 60   20     2.22  2.88  3.50  4.22  4.45  4.07  4.12  4.32  3.48  3.14  2.46  2.26     3.43  2.45  4.06  4.17  3.02
 60   30     2.27  2.90  3.48  4.11  4.30  3.91  3.96  4.19  3.41  3.13  2.51  2.33     3.37  2.50  3.96  4.02  3.02
 60   40     2.27  2.88  3.38  3.94  4.09  3.70  3.75  4.00  3.29  3.08  2.51  2.36     3.27  2.50  3.80  3.82  2.96
 60   50     2.23  2.80  3.23  3.71  3.81  3.44  3.50  3.76  3.12  2.96  2.46  2.34     3.11  2.46  3.59  3.56  2.84
 60   60     2.14  2.67  3.03  3.44  3.50  3.14  3.20  3.47  2.91  2.80  2.37  2.27     2.91  2.36  3.33  3.27  2.69
 60   70     2.02  2.50  2.80  3.13  3.17  2.83  2.88  3.15  2.66  2.60  2.23  2.16     2.68  2.23  3.03  2.96  2.50
 60   80     1.87  2.29  2.52  2.78  2.80  2.51  2.56  2.81  2.39  2.36  2.05  2.01     2.41  2.06  2.70  2.62  2.27
 60   90     1.68  2.05  2.23  2.44  2.45  2.18  2.22  2.46  2.10  2.09  1.86  1.83     2.13  1.85  2.38  2.29  2.02
 75   10     2.07  2.73  3.43  4.22  4.52  4.17  4.21  4.35  3.44  3.02  2.29  2.06     3.37  2.28  4.06  4.24  2.92
 75   20     2.09  2.75  3.40  4.15  4.43  4.06  4.11  4.27  3.40  3.01  2.32  2.11     3.34  2.31  3.99  4.15  2.91
 75   30     2.09  2.72  3.33  4.02  4.27  3.90  3.95  4.13  3.31  2.96  2.31  2.12     3.26  2.31  3.87  4.00  2.86
 75   40     2.04  2.66  3.21  3.83  4.06  3.69  3.74  3.94  3.17  2.86  2.27  2.10     3.13  2.27  3.70  3.79  2.77
 75   50     1.97  2.55  3.04  3.60  3.80  3.44  3.49  3.71  2.99  2.73  2.20  2.04     2.96  2.19  3.48  3.55  2.64
 75   60     1.88  2.42  2.85  3.33  3.50  3.16  3.21  3.43  2.78  2.56  2.08  1.96     2.76  2.09  3.23  3.27  2.47
 75   70     1.75  2.24  2.61  3.04  3.18  2.86  2.90  3.12  2.54  2.37  1.95  1.84     2.53  1.94  2.94  2.96  2.29
 75   80     1.61  2.06  2.37  2.73  2.85  2.55  2.59  2.80  2.29  2.14  1.78  1.70     2.29  1.79  2.65  2.65  2.07
 75   90     1.44  1.84  2.09  2.39  2.50  2.24  2.28  2.47  2.02  1.91  1.61  1.54     2.03  1.61  2.33  2.33  1.85
 90   10     2.00  2.65  3.37  4.17  4.51  4.16  4.20  4.32  3.40  2.95  2.21  1.97     3.33  2.21  4.02  4.23  2.86
 90   20     1.95  2.60  3.29  4.07  4.40  4.05  4.09  4.22  3.32  2.88  2.17  1.94     3.25  2.17  3.92  4.12  2.79
 90   30     1.89  2.53  3.16  3.91  4.23  3.89  3.92  4.06  3.19  2.77  2.11  1.90     3.13  2.11  3.77  3.96  2.69
 90   40     1.82  2.42  3.01  3.70  4.01  3.68  3.71  3.85  3.03  2.64  2.02  1.82     2.98  2.02  3.57  3.75  2.57
 90   50     1.72  2.29  2.83  3.45  3.75  3.43  3.46  3.61  2.83  2.48  1.92  1.74     2.79  1.92  3.34  3.50  2.41
 90   60     1.61  2.14  2.62  3.19  3.45  3.15  3.18  3.34  2.63  2.31  1.80  1.64     2.59  1.80  3.09  3.22  2.24
 90   70     1.48  1.98  2.41  2.90  3.13  2.85  2.88  3.04  2.39  2.11  1.67  1.53     2.37  1.66  2.81  2.92  2.06
 90   80     1.35  1.80  2.17  2.60  2.82  2.56  2.58  2.73  2.15  1.91  1.52  1.39     2.13  1.52  2.53  2.62  1.86
 90   90     1.22  1.62  1.94  2.31  2.50  2.26  2.29  2.43  1.92  1.70  1.37  1.27     1.90  1.37  2.25  2.33  1.66
105   10     1.92  2.58  3.30  4.13  4.50  4.16  4.19  4.29  3.36  2.88  2.13  1.89     3.28  2.13  3.98  4.21  2.79
105   20     1.82  2.46  3.17  3.98  4.37  4.04  4.07  4.17  3.23  2.74  2.02  1.78     3.15  2.02  3.84  4.09  2.67
105   30     1.70  2.32  3.00  3.78  4.17  3.87  3.90  3.98  3.07  2.58  1.90  1.66     2.99  1.90  3.65  3.91  2.52
105   40     1.59  2.18  2.80  3.54  3.94  3.65  3.67  3.74  2.88  2.40  1.77  1.56     2.81  1.77  3.42  3.69  2.35
105   50     1.47  2.02  2.60  3.27  3.66  3.39  3.41  3.48  2.67  2.23  1.64  1.45     2.61  1.65  3.18  3.42  2.18
105   60     1.35  1.87  2.39  3.00  3.36  3.11  3.12  3.20  2.44  2.04  1.52  1.34     2.39  1.52  2.92  3.14  2.00
105   70     1.24  1.71  2.16  2.72  3.05  2.81  2.83  2.91  2.22  1.86  1.39  1.24     2.18  1.40  2.64  2.85  1.82
105   80     1.12  1.55  1.96  2.44  2.73  2.51  2.53  2.61  2.00  1.68  1.27  1.13     1.96  1.26  2.38  2.55  1.65
105   90     1.02  1.40  1.75  2.16  2.43  2.23  2.24  2.32  1.77  1.49  1.14  1.02     1.75  1.15  2.11  2.26  1.47
120   10     1.86  2.50  3.25  4.10  4.48  4.15  4.18  4.27  3.32  2.81  2.05  1.80     3.23  2.05  3.94  4.20  2.73
120   20     1.69  2.31  3.05  3.90  4.33  4.03  4.06  4.11  3.15  2.61  1.87  1.62     3.06  1.87  3.76  4.07  2.54
120   30     1.52  2.12  2.83  3.65  4.12  3.85  3.86  3.88  2.95  2.39  1.69  1.45     2.86  1.70  3.53  3.86  2.34
120   40     1.38  1.93  2.59  3.37  3.85  3.60  3.61  3.61  2.72  2.17  1.53  1.31     2.64  1.54  3.27  3.61  2.14
120   50     1.25  1.76  2.35  3.07  3.54  3.33  3.33  3.32  2.49  1.96  1.39  1.18     2.41  1.40  2.99  3.33  1.95
120   60     1.13  1.60  2.13  2.77  3.22  3.03  3.03  3.02  2.25  1.78  1.26  1.08     2.19  1.27  2.71  3.03  1.76
120   70     1.04  1.46  1.93  2.49  2.91  2.73  2.73  2.73  2.03  1.61  1.14  0.99     1.98  1.16  2.44  2.73  1.59
120   80     0.94  1.32  1.73  2.23  2.60  2.43  2.43  2.44  1.82  1.44  1.05  0.90     1.78  1.05  2.19  2.44  1.44
120   90     0.86  1.20  1.55  1.98  2.30  2.15  2.15  2.17  1.63  1.30  0.94  0.83     1.59  0.96  1.94  2.16  1.29
135   10     1.79  2.44  3.19  4.06  4.47  4.15  4.18  4.24  3.28  2.75  1.99  1.73     3.19  1.99  3.91  4.19  2.67
135   20     1.57  2.19  2.94  3.83  4.30  4.02  4.04  4.05  3.08  2.49  1.74  1.48     2.98  1.75  3.69  4.04  2.44
135   30     1.36  1.93  2.66  3.53  4.06  3.83  3.83  3.79  2.83  2.21  1.51  1.26     2.73  1.51  3.42  3.82  2.18
135   40     1.18  1.70  2.38  3.20  3.75  3.56  3.56  3.48  2.56  1.95  1.31  1.08     2.48  1.32  3.11  3.54  1.94
135   50     1.06  1.51  2.11  2.86  3.40  3.26  3.24  3.15  2.30  1.72  1.16  0.96     2.23  1.18  2.79  3.21  1.73
135   60     0.96  1.36  1.88  2.54  3.05  2.93  2.91  2.81  2.05  1.53  1.05  0.88     2.00  1.07  2.49  2.88  1.54
135   70     0.89  1.23  1.69  2.25  2.72  2.61  2.59  2.50  1.84  1.38  0.96  0.81     1.79  0.98  2.22  2.57  1.39
135   80     0.82  1.13  1.51  2.00  2.41  2.31  2.30  2.23  1.64  1.24  0.88  0.75     1.60  0.90  1.97  2.28  1.26
135   90     0.75  1.03  1.37  1.77  2.14  2.04  2.03  1.99  1.47  1.13  0.81  0.70     1.44  0.83  1.76  2.02  1.14
150   10     1.75  2.39  3.15  4.04  4.46  4.15  4.17  4.22  3.26  2.71  1.94  1.67     3.16  1.94  3.88  4.18  2.63
150   20     1.47  2.09  2.86  3.77  4.28  4.02  4.03  4.01  3.02  2.39  1.63  1.36     2.91  1.64  3.64  4.02  2.35
150   30     1.21  1.77  2.53  3.44  4.02  3.81  3.81  3.72  2.74  2.06  1.35  1.09     2.63  1.36  3.33  3.78  2.05
150   40     1.03  1.50  2.19  3.06  3.68  3.54  3.52  3.37  2.42  1.75  1.12  0.90     2.34  1.14  2.98  3.48  1.76
150   50     0.93  1.29  1.88  2.65  3.29  3.21  3.17  2.98  2.12  1.49  0.98  0.82     2.07  1.01  2.61  3.12  1.53
150   60     0.87  1.17  1.64  2.28  2.87  2.84  2.79  2.59  1.85  1.32  0.90  0.78     1.82  0.94  2.26  2.74  1.36
150   70     0.82  1.08  1.47  1.99  2.49  2.47  2.43  2.26  1.64  1.20  0.85  0.73     1.62  0.88  1.98  2.39  1.23
150   80     0.77  1.00  1.33  1.76  2.18  2.16  2.13  2.00  1.48  1.11  0.80  0.69     1.45  0.82  1.76  2.10  1.13
150   90     0.71  0.93  1.22  1.58  1.93  1.91  1.88  1.78  1.34  1.02  0.74  0.65     1.31  0.76  1.58  1.86  1.03
165   10     1.72  2.36  3.13  4.02  4.45  4.15  4.17  4.21  3.24  2.68  1.90  1.63     3.14  1.90  3.87  4.18  2.61
165   20     1.40  2.01  2.81  3.74  4.27  4.02  4.03  3.99  2.98  2.33  1.56  1.28     2.87  1.56  3.61  4.01  2.29
165   30     1.11  1.65  2.44  3.39  4.00  3.81  3.81  3.69  2.68  1.96  1.22  0.96     2.56  1.24  3.27  3.77  1.95
165   40     0.94  1.32  2.04  2.97  3.65  3.54  3.51  3.31  2.33  1.58  0.97  0.84     2.25  1.03  2.89  3.46  1.63
165   50     0.91  1.13  1.67  2.51  3.24  3.20  3.16  2.88  1.96  1.30  0.92  0.81     1.98  0.95  2.47  3.08  1.40
165   60     0.86  1.08  1.43  2.04  2.78  2.82  2.76  2.41  1.66  1.18  0.88  0.77     1.72  0.90  2.09  2.66  1.24
165   70     0.81  1.02  1.31  1.73  2.28  2.39  2.32  2.00  1.48  1.11  0.83  0.73     1.50  0.85  1.77  2.24  1.14
165   80     0.77  0.96  1.22  1.55  1.95  2.01  1.96  1.76  1.36  1.05  0.79  0.69     1.34  0.80  1.57  1.91  1.06
165   90     0.71  0.90  1.14  1.42  1.74  1.77  1.73  1.60  1.25  0.98  0.73  0.65     1.22  0.75  1.43  1.70  0.99
180   10     1.71  2.35  3.12  4.01  4.45  4.15  4.17  4.21  3.23  2.67  1.89  1.62     3.13  1.89  3.86  4.18  2.60
180   20     1.38  1.98  2.79  3.73  4.26  4.01  4.03  3.98  2.97  2.31  1.53  1.25     2.85  1.54  3.59  4.01  2.27
180   30     1.07  1.60  2.41  3.37  3.99  3.81  3.80  3.68  2.66  1.92  1.17  0.92     2.53  1.20  3.25  3.76  1.92
180   40     0.94  1.24  1.98  2.95  3.64  3.53  3.51  3.31  2.30  1.50  0.95  0.84     2.23  1.00  2.86  3.45  1.59
180   50     0.91  1.13  1.54  2.48  3.23  3.20  3.16  2.87  1.91  1.23  0.92  0.81     1.95  0.95  2.42  3.08  1.35
180   60     0.86  1.08  1.34  1.97  2.76  2.81  2.76  2.40  1.50  1.17  0.88  0.77     1.69  0.90  2.03  2.66  1.19
180   70     0.81  1.02  1.27  1.56  2.26  2.39  2.32  1.89  1.40  1.11  0.83  0.73     1.47  0.85  1.70  2.20  1.11
180   80     0.77  0.96  1.20  1.43  1.84  1.95  1.89  1.65  1.31  1.05  0.79  0.69     1.29  0.80  1.49  1.83  1.05
180   90     0.71  0.90  1.12  1.34  1.65  1.71  1.67  1.51  1.21  0.98  0.73  0.65     1.18  0.75  1.37  1.63  0.98
             52.0  43.8  31.1  17.6   5.5   1.5   3.0  10.9  23.3  38.7  50.2  56.1     26.5  50.5  17.9   5.3  37.3
             2.83  3.35  3.78  4.36  4.56  4.20  4.24  4.41  3.63  3.54  3.06  3.03     3.75  3.06  4.19  4.28  3.37
             2.62  3.24  3.77  4.32  4.37  3.96  4.03  4.31  3.62  3.49  2.86  2.72     3.61  2.86  4.15  4.10  3.32
             1.08  1.03  1.00  1.01  1.04  1.06  1.05  1.02  1.00  1.01  1.07  1.11     1.04  1.08  1.02  1.05  1.03
             1.30  1.21  1.11  1.01  0.96  0.94  0.95  0.99  1.05  1.17  1.28  1.37     1.11  1.29  1.03  0.96  1.17
temperature   2.1   2.7   6.2  11.4  15.8  19.5  23.1  23.8  20.6  14.8   9.4   4.2     12.8   3.0  11.1  22.1  14.9
diffusedrad  1.20  1.52  1.90  2.25  2.52  2.62  2.57  2.40  2.06  1.67  1.25  1.09     1.92  1.27  2.22  2.53  1.66
snow10cm     0.01  0.00  0.00  0.00  0.00  0.00  0.00  0.00  0.00  0.00  0.00  0.00     0.00  0.00  0.00  0.00  0.00
