2 66127   奈義            35  6.7  134 10.2  212
             1.91  2.61  3.36  4.38  4.70  4.41  4.34  4.36  3.50  2.96  2.11  1.73     3.36  2.09  4.15  4.37  2.86
             2.22  3.21  3.86  5.38  5.61  5.51  6.64  5.19  4.15  3.46  2.43  1.89     3.76  2.37  4.62  5.36  3.27
             1.58  1.73  2.80  3.38  4.06  3.49  3.29  3.51  2.76  2.48  1.69  1.49     3.08  1.84  3.57  3.82  2.49
  0   10     2.17  2.87  3.56  4.50  4.71  4.37  4.32  4.42  3.63  3.21  2.37  2.00     3.51  2.35  4.26  4.37  3.07
  0   20     2.38  3.06  3.70  4.53  4.64  4.26  4.23  4.39  3.71  3.41  2.59  2.23     3.60  2.56  4.29  4.29  3.24
  0   30     2.54  3.20  3.76  4.47  4.47  4.08  4.06  4.28  3.71  3.54  2.76  2.40     3.61  2.72  4.23  4.14  3.33
  0   40     2.65  3.27  3.73  4.31  4.22  3.82  3.82  4.09  3.63  3.58  2.86  2.53     3.54  2.82  4.09  3.91  3.36
  0   50     2.70  3.27  3.63  4.07  3.88  3.50  3.51  3.81  3.48  3.54  2.90  2.59     3.41  2.85  3.86  3.60  3.31
  0   60     2.69  3.19  3.45  3.74  3.48  3.12  3.14  3.46  3.26  3.43  2.87  2.60     3.20  2.83  3.56  3.24  3.19
  0   70     2.62  3.06  3.20  3.33  3.03  2.71  2.74  3.06  2.97  3.24  2.78  2.55     2.94  2.74  3.19  2.83  3.00
  0   80     2.49  2.86  2.89  2.88  2.53  2.27  2.30  2.61  2.63  2.98  2.62  2.43     2.62  2.59  2.77  2.39  2.75
  0   90     2.30  2.60  2.52  2.38  2.03  1.83  1.86  2.12  2.25  2.66  2.41  2.27     2.27  2.39  2.31  1.94  2.44
 15   10     2.15  2.86  3.55  4.50  4.71  4.37  4.32  4.42  3.63  3.20  2.36  1.99     3.50  2.34  4.25  4.37  3.06
 15   20     2.36  3.05  3.68  4.53  4.64  4.26  4.23  4.39  3.70  3.38  2.58  2.21     3.58  2.54  4.28  4.30  3.22
 15   30     2.51  3.18  3.73  4.46  4.47  4.08  4.06  4.28  3.69  3.50  2.73  2.38     3.59  2.69  4.22  4.14  3.31
 15   40     2.61  3.24  3.70  4.31  4.22  3.83  3.83  4.09  3.61  3.53  2.83  2.50     3.52  2.78  4.08  3.91  3.32
 15   50     2.65  3.23  3.59  4.07  3.89  3.51  3.52  3.82  3.46  3.48  2.86  2.55     3.39  2.81  3.85  3.62  3.27
 15   60     2.63  3.15  3.41  3.75  3.50  3.15  3.16  3.47  3.24  3.36  2.83  2.55     3.18  2.78  3.55  3.26  3.14
 15   70     2.56  3.01  3.16  3.36  3.06  2.74  2.77  3.08  2.96  3.17  2.73  2.50     2.92  2.69  3.19  2.86  2.95
 15   80     2.43  2.81  2.85  2.92  2.58  2.32  2.35  2.64  2.62  2.90  2.57  2.38     2.62  2.54  2.78  2.44  2.70
 15   90     2.24  2.55  2.49  2.43  2.10  1.90  1.93  2.19  2.25  2.58  2.36  2.21     2.27  2.34  2.34  2.00  2.40
 30   10     2.13  2.83  3.52  4.48  4.71  4.37  4.32  4.41  3.61  3.17  2.33  1.97     3.49  2.31  4.24  4.37  3.04
 30   20     2.30  3.00  3.63  4.51  4.64  4.27  4.23  4.38  3.66  3.32  2.52  2.15     3.55  2.48  4.26  4.29  3.17
 30   30     2.43  3.10  3.67  4.45  4.48  4.09  4.07  4.27  3.65  3.41  2.65  2.30     3.55  2.61  4.20  4.14  3.24
 30   40     2.50  3.14  3.62  4.30  4.24  3.85  3.84  4.08  3.56  3.42  2.73  2.39     3.47  2.68  4.05  3.92  3.24
 30   50     2.52  3.12  3.51  4.07  3.93  3.55  3.55  3.83  3.40  3.36  2.74  2.43     3.33  2.69  3.83  3.64  3.17
 30   60     2.49  3.03  3.32  3.76  3.56  3.20  3.21  3.50  3.18  3.22  2.69  2.42     3.13  2.65  3.55  3.30  3.03
 30   70     2.40  2.88  3.07  3.39  3.15  2.82  2.84  3.13  2.91  3.02  2.58  2.35     2.88  2.54  3.20  2.93  2.84
 30   80     2.26  2.67  2.77  2.98  2.71  2.43  2.45  2.72  2.59  2.77  2.42  2.22     2.58  2.39  2.82  2.53  2.59
 30   90     2.08  2.42  2.43  2.54  2.27  2.04  2.06  2.31  2.24  2.45  2.20  2.05     2.26  2.18  2.41  2.14  2.30
 45   10     2.08  2.79  3.49  4.46  4.71  4.37  4.32  4.39  3.58  3.12  2.29  1.92     3.46  2.26  4.22  4.36  3.00
 45   20     2.22  2.91  3.56  4.47  4.62  4.26  4.23  4.36  3.61  3.23  2.43  2.07     3.50  2.40  4.22  4.28  3.09
 45   30     2.31  2.99  3.57  4.40  4.47  4.10  4.07  4.24  3.58  3.28  2.52  2.17     3.48  2.49  4.15  4.14  3.13
 45   40     2.35  3.00  3.51  4.25  4.25  3.87  3.85  4.06  3.48  3.26  2.57  2.23     3.39  2.53  4.00  3.93  3.10
 45   50     2.34  2.95  3.38  4.03  3.96  3.58  3.57  3.81  3.31  3.19  2.55  2.25     3.24  2.51  3.79  3.65  3.02
 45   60     2.28  2.85  3.19  3.74  3.62  3.26  3.26  3.51  3.10  3.04  2.48  2.21     3.04  2.44  3.52  3.35  2.87
 45   70     2.18  2.69  2.95  3.40  3.23  2.91  2.91  3.16  2.84  2.83  2.36  2.12     2.80  2.33  3.19  2.99  2.68
 45   80     2.04  2.49  2.66  3.03  2.83  2.54  2.55  2.79  2.53  2.59  2.19  1.99     2.52  2.17  2.84  2.63  2.44
 45   90     1.86  2.25  2.35  2.62  2.43  2.19  2.19  2.41  2.22  2.29  1.99  1.83     2.22  1.98  2.47  2.26  2.17
 60   10     2.02  2.73  3.44  4.43  4.69  4.36  4.31  4.37  3.54  3.06  2.23  1.86     3.42  2.21  4.19  4.35  2.94
 60   20     2.11  2.81  3.47  4.42  4.61  4.26  4.22  4.32  3.54  3.12  2.32  1.96     3.43  2.29  4.16  4.27  2.99
 60   30     2.15  2.83  3.44  4.33  4.45  4.10  4.06  4.20  3.48  3.12  2.37  2.02     3.38  2.33  4.07  4.12  2.99
 60   40     2.16  2.81  3.35  4.17  4.24  3.88  3.85  4.02  3.37  3.07  2.36  2.03     3.28  2.33  3.92  3.91  2.93
 60   50     2.12  2.74  3.21  3.96  3.96  3.61  3.59  3.78  3.20  2.96  2.32  2.02     3.12  2.29  3.71  3.66  2.83
 60   60     2.04  2.62  3.02  3.68  3.64  3.30  3.28  3.48  2.98  2.81  2.24  1.96     2.92  2.21  3.45  3.36  2.68
 60   70     1.93  2.47  2.79  3.37  3.29  2.97  2.96  3.17  2.73  2.61  2.11  1.86     2.69  2.09  3.15  3.04  2.48
 60   80     1.79  2.27  2.52  3.01  2.91  2.63  2.63  2.82  2.46  2.38  1.94  1.74     2.43  1.93  2.81  2.69  2.26
 60   90     1.62  2.05  2.24  2.66  2.54  2.29  2.28  2.47  2.17  2.11  1.76  1.58     2.15  1.75  2.48  2.35  2.01
 75   10     1.96  2.67  3.38  4.39  4.68  4.36  4.30  4.35  3.50  2.99  2.16  1.80     3.38  2.14  4.15  4.34  2.88
 75   20     1.98  2.68  3.36  4.34  4.58  4.25  4.21  4.28  3.46  2.98  2.19  1.83     3.35  2.17  4.10  4.25  2.88
 75   30     1.98  2.66  3.29  4.23  4.42  4.09  4.04  4.14  3.37  2.94  2.18  1.84     3.27  2.16  3.98  4.09  2.83
 75   40     1.94  2.60  3.18  4.06  4.20  3.87  3.83  3.94  3.23  2.85  2.14  1.82     3.14  2.12  3.81  3.88  2.74
 75   50     1.88  2.50  3.01  3.84  3.94  3.61  3.58  3.71  3.06  2.72  2.07  1.77     2.97  2.05  3.60  3.63  2.62
 75   60     1.79  2.38  2.83  3.58  3.63  3.32  3.29  3.43  2.84  2.56  1.97  1.70     2.77  1.95  3.34  3.35  2.46
 75   70     1.67  2.22  2.59  3.28  3.29  3.00  2.97  3.12  2.60  2.37  1.84  1.60     2.54  1.83  3.05  3.03  2.27
 75   80     1.54  2.04  2.35  2.96  2.95  2.68  2.66  2.81  2.35  2.14  1.68  1.47     2.30  1.69  2.76  2.71  2.06
 75   90     1.39  1.84  2.09  2.63  2.60  2.36  2.34  2.48  2.07  1.91  1.52  1.34     2.05  1.52  2.44  2.39  1.84
 90   10     1.89  2.60  3.32  4.34  4.66  4.35  4.29  4.32  3.46  2.91  2.08  1.73     3.33  2.07  4.11  4.32  2.82
 90   20     1.85  2.55  3.24  4.26  4.55  4.24  4.18  4.22  3.37  2.84  2.04  1.70     3.25  2.03  4.02  4.21  2.75
 90   30     1.79  2.47  3.12  4.11  4.37  4.07  4.01  4.06  3.25  2.73  1.99  1.65     3.14  1.97  3.87  4.05  2.65
 90   40     1.72  2.37  2.97  3.92  4.14  3.85  3.79  3.85  3.08  2.61  1.90  1.59     2.98  1.90  3.68  3.83  2.53
 90   50     1.63  2.25  2.80  3.68  3.87  3.59  3.54  3.60  2.88  2.46  1.81  1.52     2.80  1.80  3.45  3.58  2.38
 90   60     1.53  2.12  2.59  3.42  3.57  3.30  3.26  3.33  2.67  2.28  1.69  1.43     2.60  1.70  3.19  3.30  2.21
 90   70     1.42  1.96  2.38  3.14  3.24  2.99  2.95  3.04  2.44  2.10  1.57  1.34     2.38  1.57  2.92  2.99  2.04
 90   80     1.30  1.80  2.15  2.83  2.91  2.68  2.64  2.72  2.19  1.90  1.43  1.22     2.15  1.44  2.63  2.68  1.84
 90   90     1.17  1.63  1.92  2.54  2.59  2.37  2.34  2.43  1.96  1.70  1.29  1.11     1.92  1.30  2.35  2.38  1.65
105   10     1.82  2.52  3.26  4.30  4.64  4.35  4.29  4.29  3.41  2.83  2.01  1.65     3.28  2.00  4.07  4.31  2.75
105   20     1.72  2.41  3.12  4.16  4.51  4.23  4.16  4.16  3.28  2.69  1.90  1.56     3.16  1.90  3.93  4.18  2.62
105   30     1.61  2.28  2.95  3.97  4.30  4.04  3.97  3.96  3.11  2.53  1.79  1.47     3.00  1.79  3.74  3.99  2.48
105   40     1.50  2.14  2.76  3.74  4.05  3.81  3.74  3.73  2.92  2.35  1.67  1.37     2.81  1.67  3.52  3.76  2.31
105   50     1.40  2.00  2.56  3.49  3.77  3.54  3.47  3.46  2.70  2.18  1.55  1.28     2.62  1.56  3.27  3.49  2.14
105   60     1.29  1.85  2.35  3.21  3.46  3.24  3.19  3.18  2.48  2.00  1.43  1.19     2.41  1.44  3.01  3.20  1.97
105   70     1.19  1.71  2.14  2.94  3.14  2.94  2.89  2.90  2.25  1.81  1.31  1.10     2.19  1.33  2.74  2.91  1.79
105   80     1.08  1.56  1.93  2.66  2.81  2.62  2.58  2.60  2.03  1.65  1.19  1.00     1.98  1.22  2.47  2.60  1.62
105   90     0.98  1.43  1.73  2.37  2.50  2.33  2.29  2.31  1.80  1.46  1.07  0.91     1.76  1.11  2.20  2.31  1.44
120   10     1.75  2.46  3.20  4.25  4.62  4.34  4.28  4.26  3.36  2.76  1.94  1.59     3.23  1.93  4.02  4.29  2.69
120   20     1.60  2.28  3.00  4.07  4.46  4.21  4.14  4.09  3.19  2.55  1.76  1.43     3.06  1.77  3.84  4.15  2.50
120   30     1.44  2.09  2.77  3.83  4.23  4.01  3.94  3.86  2.97  2.33  1.59  1.29     2.86  1.61  3.61  3.94  2.30
120   40     1.31  1.91  2.54  3.55  3.95  3.75  3.68  3.59  2.74  2.11  1.44  1.17     2.65  1.46  3.35  3.67  2.10
120   50     1.19  1.75  2.31  3.26  3.63  3.46  3.39  3.29  2.50  1.91  1.31  1.07     2.42  1.34  3.07  3.38  1.91
120   60     1.09  1.61  2.09  2.96  3.30  3.15  3.08  2.99  2.27  1.72  1.20  0.97     2.20  1.22  2.79  3.07  1.73
120   70     1.00  1.48  1.89  2.68  2.98  2.84  2.77  2.70  2.04  1.56  1.09  0.90     1.99  1.13  2.52  2.77  1.56
120   80     0.91  1.35  1.71  2.42  2.66  2.53  2.48  2.43  1.83  1.41  0.99  0.82     1.79  1.03  2.26  2.48  1.41
120   90     0.83  1.24  1.52  2.17  2.36  2.23  2.19  2.16  1.64  1.26  0.90  0.76     1.61  0.94  2.02  2.20  1.27
135   10     1.70  2.40  3.14  4.21  4.61  4.34  4.27  4.24  3.32  2.70  1.87  1.53     3.19  1.87  3.99  4.28  2.63
135   20     1.48  2.16  2.89  3.98  4.43  4.20  4.12  4.04  3.11  2.43  1.64  1.32     2.98  1.65  3.77  4.12  2.39
135   30     1.28  1.92  2.61  3.68  4.17  3.98  3.90  3.77  2.85  2.14  1.42  1.13     2.74  1.44  3.48  3.88  2.14
135   40     1.13  1.70  2.33  3.34  3.84  3.70  3.61  3.45  2.57  1.88  1.24  0.99     2.48  1.27  3.17  3.59  1.90
135   50     1.02  1.53  2.07  3.00  3.47  3.37  3.28  3.11  2.29  1.65  1.10  0.89     2.23  1.15  2.85  3.26  1.68
135   60     0.93  1.39  1.85  2.68  3.11  3.03  2.95  2.78  2.05  1.47  1.00  0.82     2.00  1.05  2.55  2.92  1.50
135   70     0.86  1.28  1.66  2.40  2.77  2.70  2.62  2.48  1.83  1.32  0.92  0.76     1.80  0.97  2.27  2.60  1.36
135   80     0.80  1.18  1.49  2.15  2.46  2.39  2.33  2.21  1.64  1.20  0.84  0.71     1.62  0.90  2.03  2.31  1.23
135   90     0.74  1.10  1.35  1.92  2.18  2.11  2.06  1.96  1.47  1.09  0.78  0.66     1.45  0.83  1.82  2.04  1.11
150   10     1.65  2.35  3.10  4.18  4.60  4.34  4.26  4.21  3.29  2.65  1.82  1.48     3.16  1.83  3.96  4.27  2.59
150   20     1.39  2.06  2.80  3.91  4.40  4.19  4.11  3.99  3.04  2.32  1.54  1.22     2.92  1.56  3.70  4.10  2.30
150   30     1.15  1.76  2.47  3.56  4.12  3.97  3.87  3.69  2.74  1.98  1.27  1.00     2.63  1.30  3.38  3.85  2.00
150   40     0.98  1.51  2.13  3.17  3.76  3.67  3.57  3.34  2.41  1.66  1.06  0.85     2.34  1.12  3.02  3.53  1.71
150   50     0.90  1.33  1.83  2.75  3.34  3.31  3.21  2.94  2.10  1.41  0.94  0.79     2.07  1.01  2.64  3.15  1.48
150   60     0.85  1.22  1.61  2.38  2.90  2.91  2.81  2.55  1.83  1.25  0.88  0.75     1.83  0.94  2.30  2.76  1.32
150   70     0.80  1.14  1.44  2.09  2.52  2.53  2.45  2.23  1.63  1.14  0.82  0.71     1.63  0.89  2.02  2.40  1.20
150   80     0.76  1.08  1.32  1.86  2.21  2.21  2.14  1.97  1.47  1.05  0.77  0.67     1.46  0.83  1.79  2.11  1.10
150   90     0.71  1.01  1.21  1.69  1.96  1.95  1.89  1.77  1.33  0.97  0.72  0.63     1.32  0.78  1.62  1.87  1.01
165   10     1.62  2.32  3.08  4.16  4.59  4.33  4.26  4.21  3.28  2.62  1.79  1.45     3.14  1.80  3.94  4.27  2.56
165   20     1.33  1.99  2.75  3.86  4.39  4.19  4.10  3.97  3.00  2.26  1.47  1.16     2.87  1.49  3.67  4.09  2.24
165   30     1.05  1.65  2.38  3.49  4.10  3.96  3.87  3.66  2.67  1.87  1.15  0.90     2.56  1.20  3.32  3.83  1.90
165   40     0.92  1.35  1.98  3.05  3.73  3.67  3.56  3.28  2.31  1.49  0.94  0.81     2.26  1.03  2.92  3.50  1.58
165   50     0.89  1.20  1.62  2.56  3.29  3.30  3.19  2.84  1.93  1.22  0.90  0.78     1.98  0.95  2.49  3.11  1.35
165   60     0.85  1.15  1.41  2.09  2.79  2.89  2.77  2.36  1.63  1.11  0.86  0.75     1.72  0.92  2.10  2.67  1.20
165   70     0.80  1.10  1.29  1.79  2.27  2.43  2.31  1.97  1.46  1.05  0.81  0.71     1.50  0.87  1.78  2.24  1.11
165   80     0.76  1.04  1.21  1.61  1.96  2.04  1.97  1.75  1.34  1.00  0.76  0.67     1.34  0.82  1.59  1.92  1.03
165   90     0.71  0.98  1.13  1.48  1.75  1.80  1.74  1.58  1.24  0.94  0.71  0.63     1.22  0.77  1.45  1.71  0.96
180   10     1.61  2.31  3.07  4.14  4.59  4.33  4.26  4.20  3.27  2.61  1.78  1.44     3.13  1.78  3.94  4.27  2.55
180   20     1.30  1.97  2.73  3.84  4.38  4.19  4.10  3.97  2.99  2.23  1.44  1.13     2.86  1.47  3.65  4.09  2.22
180   30     1.01  1.61  2.35  3.45  4.09  3.96  3.87  3.65  2.65  1.82  1.11  0.86     2.54  1.16  3.30  3.83  1.86
180   40     0.92  1.27  1.92  3.00  3.72  3.66  3.56  3.27  2.27  1.39  0.93  0.81     2.23  1.00  2.88  3.50  1.53
180   50     0.89  1.20  1.48  2.50  3.28  3.30  3.19  2.83  1.86  1.16  0.90  0.78     1.95  0.95  2.42  3.11  1.31
180   60     0.85  1.15  1.33  1.97  2.78  2.89  2.77  2.35  1.47  1.11  0.86  0.75     1.69  0.92  2.03  2.67  1.14
180   70     0.80  1.10  1.26  1.58  2.25  2.43  2.31  1.85  1.38  1.05  0.81  0.71     1.46  0.87  1.70  2.20  1.08
180   80     0.76  1.04  1.19  1.46  1.85  1.97  1.89  1.64  1.29  1.00  0.76  0.67     1.29  0.82  1.50  1.84  1.01
180   90     0.71  0.98  1.11  1.37  1.67  1.73  1.68  1.51  1.20  0.94  0.71  0.63     1.19  0.77  1.38  1.64  0.95
             53.1  44.8  32.2  18.8   6.4   2.1   3.7  11.8  24.7  40.6  50.8  56.0     26.6  51.0  18.9   6.0  38.2
             2.70  3.27  3.76  4.53  4.72  4.40  4.34  4.42  3.72  3.58  2.90  2.60     3.75  2.85  4.29  4.38  3.36
             2.49  3.16  3.75  4.50  4.54  4.15  4.13  4.33  3.72  3.50  2.71  2.35     3.61  2.67  4.26  4.20  3.31
             1.08  1.03  1.00  1.01  1.04  1.06  1.05  1.02  1.00  1.02  1.07  1.11     1.04  1.08  1.02  1.04  1.03
             1.30  1.21  1.12  1.03  0.97  0.94  0.95  0.99  1.06  1.18  1.28  1.36     1.12  1.29  1.04  0.96  1.18
temperature   1.7   2.3   5.8  11.7  16.7  20.8  24.5  25.4  21.3  14.8   8.9   3.7     13.1   2.6  11.4  23.6  15.0
diffusedrad  1.16  1.56  1.87  2.25  2.52  2.63  2.58  2.39  2.04  1.59  1.20  1.02     1.90  1.25  2.22  2.53  1.61
snow10cm     0.04  0.10  0.01  0.00  0.00  0.00  0.00  0.00  0.00  0.00  0.00  0.04     0.02  0.06  0.00  0.00  0.00
