2 66306   和気            34 48.9  134   11   35
             2.12  2.75  3.59  4.50  4.88  4.53  4.62  4.80  3.74  3.21  2.38  2.03     3.60  2.30  4.32  4.65  3.11
             2.34  3.35  4.07  5.52  5.71  5.38  6.06  5.79  4.30  3.72  2.73  2.28     3.92  2.57  4.71  5.57  3.41
             1.83  1.92  3.03  3.77  4.32  3.59  3.61  3.88  3.06  2.81  1.95  1.75     3.34  1.96  3.97  4.00  2.71
  0   10     2.46  3.07  3.84  4.63  4.89  4.49  4.59  4.87  3.91  3.52  2.74  2.42     3.78  2.65  4.45  4.65  3.39
  0   20     2.76  3.33  4.00  4.66  4.80  4.37  4.49  4.85  4.00  3.77  3.04  2.76     3.90  2.95  4.49  4.57  3.60
  0   30     2.99  3.51  4.08  4.60  4.63  4.18  4.30  4.72  4.01  3.93  3.28  3.03     3.94  3.18  4.44  4.40  3.74
  0   40     3.15  3.61  4.07  4.44  4.35  3.90  4.03  4.50  3.93  4.00  3.43  3.23     3.89  3.33  4.29  4.14  3.79
  0   50     3.23  3.62  3.97  4.18  3.99  3.56  3.68  4.18  3.77  3.97  3.51  3.35     3.75  3.40  4.05  3.81  3.75
  0   60     3.24  3.55  3.77  3.83  3.57  3.17  3.28  3.78  3.53  3.86  3.49  3.38     3.54  3.39  3.73  3.41  3.63
  0   70     3.17  3.40  3.50  3.41  3.09  2.74  2.83  3.31  3.21  3.65  3.40  3.33     3.25  3.30  3.33  2.96  3.42
  0   80     3.02  3.17  3.15  2.94  2.56  2.28  2.36  2.80  2.84  3.36  3.21  3.20     2.91  3.13  2.88  2.48  3.14
  0   90     2.80  2.87  2.74  2.41  2.04  1.82  1.88  2.24  2.41  2.99  2.96  2.99     2.51  2.89  2.40  1.98  2.79
 15   10     2.44  3.06  3.82  4.63  4.89  4.49  4.59  4.87  3.90  3.50  2.73  2.41     3.78  2.64  4.44  4.65  3.38
 15   20     2.73  3.31  3.98  4.66  4.81  4.37  4.49  4.85  3.99  3.73  3.02  2.73     3.89  2.92  4.48  4.57  3.58
 15   30     2.94  3.48  4.05  4.60  4.63  4.18  4.30  4.72  3.99  3.88  3.25  3.00     3.92  3.14  4.42  4.40  3.70
 15   40     3.09  3.58  4.03  4.44  4.36  3.91  4.04  4.50  3.91  3.93  3.39  3.18     3.86  3.28  4.28  4.15  3.75
 15   50     3.17  3.58  3.92  4.19  4.01  3.58  3.70  4.20  3.75  3.90  3.46  3.29     3.73  3.35  4.04  3.82  3.70
 15   60     3.17  3.51  3.73  3.86  3.59  3.19  3.31  3.80  3.51  3.77  3.44  3.32     3.52  3.33  3.72  3.43  3.57
 15   70     3.09  3.35  3.45  3.45  3.13  2.77  2.87  3.35  3.20  3.55  3.34  3.26     3.23  3.23  3.34  3.00  3.36
 15   80     2.93  3.12  3.10  2.98  2.63  2.33  2.41  2.85  2.83  3.26  3.15  3.13     2.89  3.06  2.90  2.53  3.08
 15   90     2.71  2.82  2.70  2.48  2.12  1.90  1.96  2.32  2.42  2.90  2.90  2.91     2.51  2.81  2.43  2.06  2.74
 30   10     2.40  3.03  3.79  4.61  4.88  4.49  4.59  4.86  3.88  3.46  2.69  2.37     3.75  2.60  4.43  4.65  3.34
 30   20     2.65  3.25  3.93  4.64  4.80  4.38  4.49  4.83  3.95  3.66  2.95  2.65     3.85  2.85  4.46  4.57  3.52
 30   30     2.83  3.39  3.98  4.58  4.64  4.19  4.31  4.72  3.94  3.77  3.14  2.88     3.86  3.03  4.40  4.41  3.62
 30   40     2.95  3.46  3.94  4.43  4.38  3.94  4.05  4.50  3.85  3.80  3.26  3.03     3.80  3.15  4.25  4.17  3.64
 30   50     2.99  3.45  3.82  4.19  4.06  3.63  3.74  4.22  3.68  3.75  3.30  3.11     3.66  3.18  4.02  3.86  3.58
 30   60     2.97  3.36  3.63  3.88  3.67  3.26  3.37  3.85  3.45  3.60  3.26  3.12     3.45  3.15  3.72  3.49  3.44
 30   70     2.87  3.19  3.35  3.49  3.24  2.87  2.97  3.43  3.15  3.39  3.14  3.04     3.18  3.04  3.36  3.09  3.23
 30   80     2.71  2.96  3.02  3.06  2.77  2.46  2.54  2.97  2.80  3.10  2.94  2.90     2.85  2.86  2.95  2.66  2.95
 30   90     2.49  2.66  2.64  2.61  2.31  2.06  2.13  2.50  2.42  2.74  2.69  2.68     2.49  2.61  2.52  2.23  2.62
 45   10     2.34  2.98  3.75  4.59  4.88  4.49  4.59  4.84  3.84  3.40  2.63  2.30     3.72  2.54  4.41  4.64  3.29
 45   20     2.53  3.15  3.84  4.61  4.79  4.38  4.49  4.81  3.89  3.55  2.83  2.53     3.78  2.73  4.41  4.56  3.42
 45   30     2.67  3.25  3.86  4.54  4.64  4.20  4.32  4.69  3.86  3.62  2.97  2.70     3.77  2.87  4.34  4.40  3.48
 45   40     2.74  3.28  3.81  4.39  4.40  3.96  4.08  4.49  3.76  3.62  3.04  2.81     3.70  2.94  4.20  4.18  3.47
 45   50     2.75  3.24  3.67  4.16  4.09  3.67  3.78  4.21  3.59  3.54  3.05  2.85     3.55  2.94  3.97  3.88  3.39
 45   60     2.69  3.14  3.48  3.86  3.74  3.33  3.44  3.88  3.36  3.38  2.99  2.82     3.34  2.88  3.69  3.55  3.24
 45   70     2.59  2.97  3.21  3.51  3.33  2.96  3.06  3.48  3.08  3.16  2.85  2.73     3.08  2.76  3.35  3.17  3.03
 45   80     2.42  2.74  2.90  3.12  2.92  2.59  2.67  3.08  2.75  2.89  2.66  2.57     2.77  2.58  2.98  2.78  2.77
 45   90     2.20  2.46  2.55  2.70  2.50  2.22  2.29  2.65  2.40  2.56  2.42  2.36     2.44  2.34  2.59  2.38  2.46
 60   10     2.27  2.91  3.69  4.56  4.87  4.48  4.58  4.82  3.80  3.33  2.55  2.22     3.67  2.46  4.37  4.63  3.23
 60   20     2.39  3.02  3.73  4.55  4.78  4.38  4.48  4.77  3.81  3.41  2.68  2.37     3.70  2.59  4.35  4.54  3.30
 60   30     2.46  3.06  3.72  4.46  4.62  4.20  4.31  4.64  3.75  3.43  2.76  2.48     3.66  2.67  4.27  4.38  3.31
 60   40     2.48  3.06  3.63  4.31  4.39  3.98  4.08  4.45  3.63  3.38  2.78  2.52     3.56  2.69  4.11  4.17  3.27
 60   50     2.46  3.00  3.49  4.09  4.11  3.70  3.80  4.19  3.46  3.28  2.75  2.52     3.40  2.66  3.89  3.90  3.16
 60   60     2.38  2.87  3.28  3.81  3.77  3.38  3.48  3.86  3.23  3.12  2.67  2.47     3.19  2.57  3.62  3.57  3.00
 60   70     2.26  2.70  3.04  3.49  3.41  3.04  3.14  3.52  2.96  2.89  2.52  2.36     2.94  2.44  3.31  3.23  2.79
 60   80     2.10  2.49  2.74  3.12  3.02  2.69  2.77  3.13  2.66  2.65  2.34  2.21     2.66  2.27  2.96  2.87  2.55
 60   90     1.90  2.23  2.43  2.75  2.63  2.34  2.41  2.74  2.35  2.35  2.12  2.02     2.36  2.05  2.61  2.49  2.27
 75   10     2.18  2.83  3.62  4.51  4.85  4.48  4.57  4.79  3.75  3.24  2.45  2.12     3.62  2.38  4.33  4.61  3.15
 75   20     2.22  2.86  3.61  4.47  4.75  4.37  4.47  4.72  3.71  3.25  2.51  2.19     3.59  2.42  4.28  4.52  3.15
 75   30     2.23  2.85  3.54  4.36  4.58  4.20  4.29  4.57  3.62  3.21  2.51  2.22     3.52  2.44  4.16  4.35  3.12
 75   40     2.20  2.80  3.42  4.19  4.36  3.98  4.07  4.36  3.48  3.12  2.49  2.22     3.39  2.41  3.99  4.13  3.03
 75   50     2.14  2.71  3.25  3.97  4.09  3.71  3.80  4.11  3.29  2.99  2.42  2.17     3.22  2.34  3.77  3.87  2.90
 75   60     2.05  2.57  3.06  3.70  3.77  3.40  3.49  3.81  3.07  2.81  2.31  2.10     3.01  2.24  3.51  3.57  2.73
 75   70     1.92  2.40  2.81  3.39  3.42  3.08  3.15  3.47  2.81  2.61  2.17  1.98     2.77  2.10  3.21  3.23  2.53
 75   80     1.77  2.21  2.55  3.07  3.07  2.75  2.82  3.13  2.54  2.36  1.99  1.84     2.51  1.94  2.90  2.90  2.30
 75   90     1.60  1.98  2.26  2.72  2.70  2.42  2.48  2.76  2.24  2.12  1.81  1.68     2.23  1.75  2.56  2.55  2.06
 90   10     2.09  2.74  3.55  4.47  4.84  4.47  4.56  4.76  3.69  3.15  2.35  2.02     3.56  2.28  4.28  4.60  3.07
 90   20     2.05  2.69  3.47  4.38  4.72  4.36  4.45  4.65  3.61  3.08  2.32  1.99     3.48  2.24  4.19  4.49  3.00
 90   30     1.99  2.62  3.34  4.24  4.53  4.18  4.26  4.48  3.47  2.96  2.26  1.95     3.36  2.19  4.04  4.31  2.90
 90   40     1.92  2.52  3.19  4.04  4.29  3.95  4.03  4.25  3.30  2.83  2.17  1.89     3.20  2.11  3.84  4.08  2.77
 90   50     1.81  2.39  3.00  3.80  4.02  3.69  3.76  3.98  3.09  2.67  2.08  1.81     3.01  2.01  3.61  3.81  2.61
 90   60     1.71  2.25  2.78  3.54  3.71  3.39  3.46  3.69  2.87  2.48  1.94  1.72     2.80  1.89  3.34  3.52  2.43
 90   70     1.58  2.08  2.56  3.25  3.37  3.07  3.14  3.37  2.63  2.28  1.82  1.61     2.56  1.76  3.06  3.19  2.24
 90   80     1.45  1.91  2.31  2.93  3.03  2.75  2.81  3.03  2.36  2.07  1.66  1.47     2.31  1.61  2.76  2.86  2.03
 90   90     1.31  1.72  2.07  2.63  2.69  2.43  2.49  2.71  2.11  1.85  1.50  1.35     2.07  1.46  2.46  2.54  1.82
105   10     2.00  2.65  3.47  4.42  4.82  4.47  4.55  4.72  3.64  3.06  2.25  1.92     3.50  2.19  4.24  4.58  2.98
105   20     1.88  2.52  3.32  4.28  4.67  4.34  4.42  4.58  3.49  2.90  2.12  1.80     3.36  2.06  4.09  4.45  2.84
105   30     1.75  2.37  3.14  4.09  4.46  4.15  4.22  4.37  3.31  2.72  1.99  1.68     3.19  1.94  3.90  4.25  2.67
105   40     1.62  2.23  2.93  3.86  4.20  3.91  3.97  4.11  3.11  2.52  1.86  1.57     2.99  1.81  3.66  4.00  2.50
105   50     1.51  2.08  2.72  3.59  3.91  3.63  3.69  3.81  2.88  2.34  1.73  1.47     2.78  1.69  3.41  3.71  2.31
105   60     1.39  1.91  2.50  3.31  3.59  3.33  3.38  3.51  2.64  2.15  1.60  1.36     2.56  1.55  3.13  3.41  2.13
105   70     1.28  1.77  2.27  3.03  3.26  3.02  3.06  3.20  2.40  1.94  1.47  1.26     2.33  1.44  2.86  3.09  1.94
105   80     1.16  1.60  2.05  2.75  2.92  2.69  2.74  2.88  2.16  1.77  1.34  1.15     2.10  1.30  2.57  2.77  1.76
105   90     1.05  1.46  1.84  2.45  2.60  2.39  2.43  2.56  1.92  1.57  1.21  1.05     1.88  1.19  2.30  2.46  1.56
120   10     1.91  2.56  3.40  4.37  4.80  4.46  4.54  4.69  3.58  2.97  2.16  1.82     3.44  2.10  4.19  4.56  2.90
120   20     1.71  2.35  3.18  4.18  4.63  4.33  4.39  4.50  3.39  2.73  1.94  1.61     3.25  1.89  4.00  4.41  2.69
120   30     1.52  2.14  2.93  3.93  4.39  4.12  4.18  4.24  3.15  2.47  1.73  1.43     3.02  1.70  3.75  4.18  2.45
120   40     1.36  1.94  2.67  3.64  4.09  3.86  3.90  3.93  2.90  2.23  1.55  1.28     2.78  1.52  3.47  3.90  2.23
120   50     1.23  1.76  2.42  3.34  3.76  3.55  3.59  3.61  2.64  2.00  1.40  1.15     2.54  1.38  3.18  3.58  2.02
120   60     1.11  1.61  2.19  3.04  3.42  3.23  3.26  3.27  2.39  1.80  1.28  1.04     2.30  1.25  2.88  3.25  1.82
120   70     1.01  1.46  1.98  2.75  3.09  2.91  2.93  2.96  2.15  1.63  1.16  0.96     2.08  1.15  2.61  2.93  1.65
120   80     0.92  1.33  1.78  2.49  2.76  2.59  2.62  2.66  1.92  1.47  1.06  0.88     1.87  1.04  2.34  2.62  1.49
120   90     0.84  1.21  1.59  2.23  2.45  2.29  2.32  2.37  1.73  1.32  0.96  0.81     1.68  0.96  2.09  2.33  1.34
135   10     1.83  2.48  3.34  4.33  4.78  4.46  4.54  4.66  3.54  2.90  2.07  1.73     3.39  2.02  4.15  4.55  2.84
135   20     1.55  2.20  3.05  4.08  4.59  4.32  4.38  4.42  3.29  2.57  1.77  1.44     3.14  1.73  3.91  4.37  2.55
135   30     1.31  1.92  2.73  3.77  4.32  4.09  4.13  4.12  3.00  2.25  1.50  1.19     2.86  1.47  3.61  4.12  2.25
135   40     1.12  1.67  2.42  3.42  3.97  3.80  3.82  3.76  2.69  1.94  1.28  1.01     2.58  1.26  3.27  3.79  1.97
135   50     0.99  1.47  2.13  3.07  3.59  3.46  3.47  3.38  2.39  1.69  1.12  0.89     2.30  1.11  2.93  3.43  1.73
135   60     0.89  1.32  1.89  2.74  3.21  3.10  3.10  3.00  2.12  1.49  1.01  0.81     2.06  1.01  2.61  3.07  1.54
135   70     0.82  1.20  1.69  2.45  2.85  2.76  2.76  2.67  1.89  1.34  0.92  0.75     1.84  0.92  2.33  2.73  1.38
135   80     0.76  1.10  1.52  2.19  2.53  2.44  2.44  2.38  1.70  1.21  0.85  0.70     1.65  0.85  2.08  2.42  1.25
135   90     0.71  1.01  1.37  1.96  2.25  2.16  2.16  2.12  1.52  1.10  0.79  0.66     1.48  0.79  1.86  2.15  1.14
150   10     1.77  2.42  3.29  4.29  4.77  4.46  4.53  4.63  3.50  2.84  2.01  1.66     3.35  1.95  4.12  4.54  2.78
150   20     1.43  2.07  2.94  4.00  4.56  4.31  4.36  4.37  3.21  2.45  1.64  1.30     3.06  1.60  3.84  4.35  2.43
150   30     1.13  1.72  2.56  3.65  4.26  4.08  4.11  4.03  2.87  2.05  1.30  0.99     2.73  1.28  3.49  4.07  2.07
150   40     0.92  1.42  2.18  3.23  3.88  3.77  3.77  3.61  2.50  1.68  1.04  0.79     2.40  1.04  3.10  3.72  1.74
150   50     0.82  1.21  1.85  2.80  3.44  3.39  3.38  3.15  2.15  1.40  0.89  0.72     2.10  0.92  2.69  3.31  1.48
150   60     0.77  1.09  1.60  2.41  2.98  2.97  2.94  2.71  1.85  1.22  0.83  0.69     1.84  0.85  2.33  2.88  1.30
150   70     0.73  1.01  1.43  2.11  2.58  2.58  2.55  2.35  1.64  1.11  0.78  0.66     1.63  0.80  2.04  2.49  1.18
150   80     0.69  0.94  1.30  1.88  2.25  2.25  2.22  2.08  1.48  1.02  0.74  0.62     1.46  0.75  1.81  2.18  1.08
150   90     0.65  0.88  1.19  1.70  2.00  1.98  1.96  1.86  1.34  0.95  0.70  0.59     1.32  0.71  1.63  1.93  1.00
165   10     1.73  2.38  3.26  4.27  4.76  4.46  4.53  4.62  3.48  2.80  1.97  1.61     3.32  1.91  4.10  4.54  2.75
165   20     1.34  1.98  2.88  3.96  4.55  4.31  4.36  4.35  3.16  2.37  1.54  1.20     3.00  1.51  3.80  4.34  2.36
165   30     0.99  1.57  2.45  3.56  4.24  4.08  4.10  3.98  2.79  1.91  1.14  0.84     2.64  1.13  3.42  4.05  1.94
165   40     0.83  1.20  2.00  3.10  3.85  3.76  3.77  3.54  2.37  1.46  0.86  0.73     2.29  0.92  2.98  3.69  1.56
165   50     0.80  1.02  1.59  2.59  3.39  3.39  3.36  3.03  1.94  1.15  0.83  0.71     1.98  0.84  2.52  3.26  1.30
165   60     0.77  0.98  1.35  2.09  2.86  2.95  2.90  2.46  1.60  1.04  0.80  0.68     1.71  0.81  2.10  2.77  1.15
165   70     0.73  0.94  1.24  1.77  2.31  2.47  2.39  2.02  1.42  0.99  0.76  0.66     1.48  0.77  1.77  2.29  1.06
165   80     0.69  0.89  1.16  1.60  1.98  2.06  2.01  1.77  1.31  0.94  0.73  0.62     1.31  0.73  1.58  1.95  0.99
165   90     0.65  0.84  1.09  1.47  1.77  1.81  1.77  1.61  1.22  0.90  0.69  0.59     1.20  0.69  1.44  1.73  0.94
180   10     1.72  2.37  3.25  4.25  4.76  4.46  4.53  4.62  3.47  2.79  1.95  1.59     3.31  1.89  4.09  4.54  2.74
180   20     1.31  1.95  2.86  3.93  4.54  4.31  4.36  4.34  3.15  2.34  1.51  1.16     2.98  1.47  3.78  4.34  2.33
180   30     0.94  1.51  2.41  3.52  4.24  4.07  4.10  3.98  2.76  1.85  1.08  0.80     2.61  1.08  3.39  4.05  1.90
180   40     0.83  1.10  1.92  3.05  3.84  3.76  3.77  3.53  2.33  1.35  0.85  0.73     2.26  0.89  2.94  3.69  1.51
180   50     0.80  1.02  1.41  2.52  3.38  3.38  3.36  3.02  1.86  1.07  0.83  0.71     1.95  0.84  2.44  3.25  1.25
180   60     0.77  0.98  1.25  1.96  2.85  2.95  2.90  2.46  1.41  1.03  0.80  0.68     1.67  0.81  2.02  2.77  1.08
180   70     0.73  0.94  1.19  1.55  2.29  2.47  2.40  1.87  1.32  0.99  0.76  0.66     1.43  0.77  1.67  2.25  1.02
180   80     0.69  0.89  1.13  1.43  1.86  1.99  1.93  1.64  1.24  0.94  0.73  0.62     1.26  0.73  1.47  1.85  0.97
180   90     0.65  0.84  1.07  1.34  1.67  1.74  1.70  1.52  1.17  0.90  0.69  0.59     1.16  0.69  1.36  1.65  0.92
             55.9  46.8  33.6  19.0   6.1   1.6   3.2  12.7  25.9  42.4  53.5  59.1     29.1  53.9  19.6   5.9  40.6
             3.25  3.63  4.09  4.66  4.90  4.52  4.61  4.87  4.02  4.00  3.51  3.39     4.12  3.41  4.49  4.66  3.79
             2.97  3.50  4.08  4.61  4.65  4.20  4.32  4.74  4.01  3.92  3.26  3.01     3.94  3.16  4.44  4.42  3.73
             1.09  1.04  1.00  1.01  1.05  1.08  1.07  1.03  1.00  1.02  1.08  1.13     1.05  1.09  1.02  1.06  1.03
             1.40  1.27  1.14  1.02  0.95  0.93  0.94  0.99  1.07  1.22  1.37  1.48     1.15  1.39  1.04  0.95  1.22
temperature   2.6   3.3   6.6  12.3  17.1  21.3  25.2  26.0  22.0  15.4   9.7   4.6     13.8   3.5  12.0  24.2  15.7
diffusedrad  1.10  1.41  1.80  2.18  2.47  2.59  2.53  2.31  1.98  1.52  1.16  0.99     1.84  1.16  2.15  2.48  1.55
snow10cm     0.00  0.01  0.00  0.00  0.00  0.00  0.00  0.00  0.00  0.00  0.00  0.00     0.00  0.00  0.00  0.00  0.00
