2 67496   大竹            34 13.3  132 13.2    1
             2.28  2.87  3.64  4.43  4.85  4.51  4.65  4.79  3.87  3.32  2.50  2.18     3.66  2.44  4.31  4.65  3.23
             2.70  3.48  4.41  5.59  6.18  5.60  6.75  5.78  4.83  3.89  3.12  2.59     4.09  2.80  5.02  5.83  3.64
             1.84  2.11  2.82  3.69  3.30  3.51  3.35  3.65  3.05  2.93  1.95  1.88     3.25  2.14  3.45  3.99  2.82
  0   10     2.66  3.21  3.88  4.55  4.86  4.46  4.61  4.85  4.04  3.67  2.88  2.62     3.86  2.83  4.43  4.64  3.53
  0   20     2.99  3.48  4.04  4.58  4.77  4.34  4.50  4.83  4.14  3.93  3.21  2.99     3.98  3.15  4.46  4.56  3.76
  0   30     3.25  3.67  4.12  4.51  4.59  4.14  4.31  4.70  4.14  4.11  3.46  3.29     4.02  3.40  4.41  4.38  3.90
  0   40     3.44  3.77  4.11  4.34  4.31  3.87  4.03  4.47  4.06  4.18  3.63  3.51     3.98  3.57  4.25  4.12  3.96
  0   50     3.53  3.79  4.00  4.09  3.95  3.52  3.68  4.14  3.89  4.16  3.70  3.65     3.84  3.66  4.01  3.78  3.92
  0   60     3.54  3.71  3.80  3.75  3.52  3.13  3.27  3.75  3.64  4.04  3.69  3.69     3.63  3.65  3.69  3.38  3.79
  0   70     3.47  3.55  3.52  3.33  3.04  2.69  2.81  3.27  3.31  3.82  3.58  3.63     3.34  3.55  3.30  2.93  3.57
  0   80     3.31  3.31  3.16  2.86  2.52  2.23  2.33  2.75  2.91  3.51  3.39  3.49     2.98  3.37  2.85  2.44  3.27
  0   90     3.06  2.99  2.75  2.35  1.99  1.78  1.85  2.20  2.47  3.13  3.12  3.25     2.58  3.10  2.36  1.95  2.90
 15   10     2.64  3.20  3.86  4.55  4.86  4.46  4.61  4.85  4.03  3.66  2.87  2.60     3.85  2.81  4.42  4.64  3.52
 15   20     2.95  3.46  4.02  4.58  4.77  4.35  4.51  4.82  4.12  3.91  3.18  2.96     3.97  3.12  4.45  4.56  3.74
 15   30     3.20  3.64  4.08  4.51  4.59  4.15  4.31  4.70  4.12  4.07  3.42  3.24     4.00  3.36  4.39  4.38  3.87
 15   40     3.36  3.73  4.06  4.35  4.32  3.88  4.04  4.47  4.04  4.14  3.58  3.45     3.95  3.52  4.24  4.13  3.92
 15   50     3.45  3.74  3.95  4.10  3.97  3.54  3.69  4.16  3.87  4.11  3.64  3.57     3.81  3.59  4.00  3.80  3.87
 15   60     3.45  3.66  3.74  3.76  3.55  3.16  3.30  3.77  3.62  3.98  3.62  3.60     3.60  3.57  3.69  3.41  3.74
 15   70     3.36  3.49  3.46  3.36  3.09  2.73  2.85  3.31  3.29  3.75  3.51  3.54     3.31  3.47  3.30  2.96  3.52
 15   80     3.20  3.25  3.11  2.91  2.59  2.29  2.39  2.81  2.90  3.45  3.31  3.39     2.97  3.28  2.87  2.50  3.22
 15   90     2.95  2.92  2.70  2.41  2.08  1.86  1.93  2.29  2.47  3.07  3.04  3.15     2.57  3.01  2.40  2.02  2.86
 30   10     2.59  3.16  3.83  4.54  4.86  4.46  4.61  4.84  4.01  3.62  2.83  2.55     3.83  2.77  4.41  4.64  3.48
 30   20     2.86  3.39  3.96  4.56  4.77  4.35  4.50  4.81  4.08  3.84  3.10  2.86     3.92  3.04  4.43  4.56  3.67
 30   30     3.06  3.53  4.01  4.49  4.60  4.16  4.32  4.69  4.07  3.98  3.30  3.11     3.94  3.23  4.37  4.39  3.79
 30   40     3.19  3.61  3.97  4.33  4.34  3.90  4.06  4.47  3.98  4.03  3.42  3.28     3.88  3.36  4.21  4.14  3.81
 30   50     3.24  3.59  3.85  4.10  4.02  3.59  3.74  4.18  3.80  3.98  3.46  3.36     3.74  3.40  3.99  3.84  3.75
 30   60     3.22  3.50  3.64  3.78  3.62  3.22  3.37  3.81  3.56  3.84  3.42  3.37     3.53  3.36  3.68  3.47  3.60
 30   70     3.11  3.32  3.36  3.40  3.19  2.83  2.96  3.39  3.24  3.62  3.29  3.29     3.25  3.24  3.32  3.06  3.38
 30   80     2.94  3.07  3.02  2.98  2.73  2.42  2.53  2.93  2.88  3.32  3.08  3.12     2.92  3.04  2.91  2.63  3.09
 30   90     2.69  2.75  2.63  2.53  2.27  2.03  2.11  2.46  2.47  2.94  2.81  2.88     2.55  2.77  2.48  2.20  2.74
 45   10     2.52  3.10  3.79  4.51  4.85  4.46  4.61  4.83  3.97  3.56  2.76  2.48     3.79  2.70  4.38  4.63  3.43
 45   20     2.73  3.28  3.88  4.52  4.76  4.35  4.51  4.79  4.02  3.74  2.97  2.72     3.86  2.91  4.39  4.55  3.58
 45   30     2.88  3.39  3.90  4.44  4.60  4.17  4.33  4.66  3.98  3.83  3.12  2.90     3.85  3.06  4.31  4.39  3.64
 45   40     2.96  3.42  3.83  4.29  4.36  3.93  4.09  4.46  3.88  3.85  3.20  3.02     3.77  3.13  4.16  4.16  3.64
 45   50     2.97  3.37  3.69  4.05  4.05  3.63  3.78  4.17  3.70  3.79  3.20  3.06     3.62  3.13  3.93  3.86  3.56
 45   60     2.91  3.26  3.49  3.77  3.69  3.30  3.44  3.84  3.46  3.63  3.13  3.03     3.41  3.07  3.65  3.53  3.41
 45   70     2.80  3.08  3.22  3.41  3.29  2.93  3.06  3.45  3.17  3.42  2.98  2.93     3.15  2.94  3.31  3.15  3.19
 45   80     2.61  2.83  2.91  3.03  2.88  2.55  2.66  3.03  2.83  3.13  2.78  2.76     2.84  2.74  2.94  2.75  2.91
 45   90     2.37  2.55  2.55  2.63  2.46  2.19  2.27  2.61  2.46  2.79  2.52  2.53     2.49  2.48  2.55  2.36  2.59
 60   10     2.44  3.03  3.73  4.48  4.84  4.46  4.60  4.80  3.93  3.49  2.68  2.38     3.74  2.62  4.35  4.62  3.37
 60   20     2.57  3.14  3.77  4.46  4.75  4.35  4.50  4.75  3.93  3.60  2.81  2.55     3.77  2.75  4.33  4.53  3.45
 60   30     2.64  3.19  3.75  4.37  4.58  4.18  4.32  4.62  3.88  3.65  2.90  2.65     3.73  2.83  4.23  4.37  3.47
 60   40     2.68  3.18  3.65  4.21  4.35  3.95  4.09  4.41  3.75  3.62  2.91  2.71     3.63  2.86  4.07  4.15  3.43
 60   50     2.65  3.11  3.51  3.99  4.07  3.67  3.81  4.15  3.57  3.53  2.88  2.71     3.47  2.82  3.86  3.88  3.33
 60   60     2.56  2.98  3.29  3.70  3.72  3.35  3.48  3.83  3.33  3.38  2.79  2.65     3.25  2.73  3.57  3.55  3.16
 60   70     2.43  2.80  3.05  3.39  3.37  3.01  3.13  3.48  3.05  3.16  2.63  2.52     3.00  2.59  3.27  3.21  2.95
 60   80     2.26  2.57  2.74  3.03  2.98  2.66  2.77  3.09  2.73  2.91  2.44  2.37     2.71  2.40  2.92  2.84  2.69
 60   90     2.03  2.31  2.44  2.67  2.59  2.31  2.41  2.69  2.41  2.59  2.21  2.16     2.40  2.17  2.56  2.47  2.40
 75   10     2.34  2.94  3.66  4.44  4.82  4.46  4.60  4.77  3.88  3.40  2.58  2.28     3.68  2.52  4.31  4.61  3.29
 75   20     2.38  2.98  3.64  4.39  4.72  4.35  4.49  4.69  3.83  3.44  2.63  2.34     3.66  2.57  4.25  4.51  3.30
 75   30     2.40  2.97  3.56  4.28  4.55  4.17  4.31  4.55  3.74  3.42  2.63  2.38     3.58  2.58  4.13  4.34  3.26
 75   40     2.36  2.90  3.45  4.10  4.32  3.95  4.08  4.34  3.59  3.36  2.60  2.37     3.45  2.54  3.96  4.12  3.18
 75   50     2.30  2.81  3.27  3.88  4.05  3.68  3.81  4.07  3.39  3.23  2.52  2.32     3.28  2.48  3.73  3.85  3.05
 75   60     2.19  2.66  3.07  3.61  3.73  3.38  3.50  3.78  3.16  3.07  2.42  2.24     3.07  2.36  3.47  3.55  2.88
 75   70     2.06  2.48  2.82  3.30  3.37  3.05  3.16  3.43  2.89  2.87  2.26  2.11     2.82  2.22  3.17  3.22  2.67
 75   80     1.90  2.28  2.56  2.98  3.02  2.72  2.82  3.08  2.61  2.63  2.08  1.96     2.55  2.04  2.85  2.88  2.44
 75   90     1.70  2.04  2.27  2.64  2.66  2.39  2.48  2.73  2.30  2.36  1.88  1.78     2.27  1.84  2.52  2.53  2.18
 90   10     2.24  2.85  3.59  4.39  4.81  4.46  4.59  4.74  3.82  3.31  2.47  2.17     3.62  2.42  4.26  4.59  3.20
 90   20     2.19  2.80  3.50  4.30  4.69  4.34  4.47  4.63  3.72  3.26  2.43  2.13     3.54  2.37  4.16  4.48  3.13
 90   30     2.12  2.72  3.37  4.16  4.50  4.16  4.28  4.46  3.58  3.17  2.36  2.08     3.41  2.31  4.01  4.30  3.04
 90   40     2.04  2.61  3.21  3.96  4.26  3.93  4.04  4.23  3.40  3.05  2.26  2.02     3.25  2.22  3.81  4.07  2.91
 90   50     1.93  2.47  3.02  3.72  3.98  3.66  3.77  3.95  3.19  2.90  2.16  1.92     3.06  2.11  3.57  3.79  2.75
 90   60     1.82  2.33  2.80  3.45  3.67  3.37  3.47  3.66  2.95  2.72  2.02  1.83     2.84  1.99  3.31  3.50  2.56
 90   70     1.68  2.14  2.57  3.17  3.34  3.05  3.15  3.34  2.70  2.53  1.89  1.70     2.60  1.84  3.02  3.18  2.37
 90   80     1.54  1.97  2.32  2.85  2.99  2.72  2.81  3.00  2.42  2.31  1.71  1.56     2.35  1.69  2.72  2.84  2.15
 90   90     1.38  1.76  2.07  2.55  2.65  2.41  2.49  2.67  2.16  2.09  1.56  1.42     2.10  1.52  2.42  2.52  1.94
105   10     2.13  2.76  3.51  4.35  4.79  4.45  4.58  4.71  3.76  3.21  2.37  2.05     3.55  2.31  4.21  4.58  3.11
105   20     2.00  2.62  3.36  4.21  4.65  4.32  4.45  4.56  3.60  3.07  2.22  1.92     3.41  2.18  4.07  4.44  2.96
105   30     1.86  2.46  3.17  4.01  4.43  4.13  4.24  4.34  3.41  2.90  2.08  1.79     3.24  2.04  3.87  4.24  2.80
105   40     1.72  2.30  2.96  3.78  4.17  3.89  3.99  4.09  3.19  2.72  1.94  1.66     3.03  1.89  3.64  3.99  2.62
105   50     1.59  2.15  2.73  3.52  3.87  3.61  3.70  3.79  2.96  2.54  1.79  1.55     2.82  1.76  3.38  3.70  2.43
105   60     1.47  1.97  2.51  3.24  3.56  3.31  3.39  3.48  2.71  2.36  1.66  1.43     2.59  1.62  3.10  3.39  2.24
105   70     1.34  1.81  2.29  2.96  3.23  3.00  3.07  3.17  2.46  2.16  1.52  1.32     2.36  1.49  2.82  3.08  2.05
105   80     1.22  1.65  2.05  2.67  2.89  2.68  2.75  2.85  2.22  1.98  1.38  1.20     2.13  1.36  2.54  2.76  1.86
105   90     1.10  1.49  1.84  2.38  2.56  2.37  2.43  2.53  1.97  1.78  1.25  1.10     1.90  1.23  2.26  2.44  1.67
120   10     2.04  2.67  3.44  4.30  4.77  4.45  4.57  4.67  3.70  3.11  2.26  1.94     3.49  2.21  4.17  4.56  3.03
120   20     1.81  2.44  3.21  4.11  4.60  4.31  4.42  4.48  3.49  2.88  2.03  1.71     3.29  1.99  3.98  4.41  2.80
120   30     1.60  2.21  2.96  3.87  4.36  4.11  4.20  4.22  3.24  2.64  1.81  1.51     3.06  1.77  3.73  4.18  2.56
120   40     1.43  2.00  2.70  3.58  4.07  3.84  3.92  3.92  2.97  2.40  1.61  1.34     2.81  1.59  3.45  3.89  2.33
120   50     1.28  1.80  2.44  3.29  3.73  3.54  3.60  3.59  2.71  2.18  1.45  1.20     2.57  1.43  3.15  3.58  2.11
120   60     1.15  1.64  2.20  2.99  3.39  3.21  3.27  3.25  2.45  1.98  1.32  1.08     2.33  1.29  2.86  3.25  1.91
120   70     1.05  1.50  1.98  2.70  3.05  2.89  2.94  2.93  2.20  1.80  1.19  1.00     2.10  1.18  2.58  2.92  1.73
120   80     0.95  1.35  1.79  2.42  2.73  2.58  2.62  2.63  1.97  1.64  1.09  0.91     1.89  1.07  2.31  2.61  1.56
120   90     0.87  1.23  1.59  2.17  2.42  2.28  2.32  2.34  1.76  1.48  0.99  0.84     1.69  0.98  2.06  2.31  1.41
135   10     1.95  2.59  3.38  4.26  4.75  4.44  4.56  4.64  3.65  3.03  2.17  1.85     3.44  2.13  4.13  4.55  2.95
135   20     1.64  2.28  3.09  4.03  4.57  4.30  4.40  4.41  3.39  2.71  1.85  1.52     3.18  1.82  3.89  4.37  2.65
135   30     1.37  1.98  2.76  3.72  4.29  4.08  4.16  4.11  3.08  2.38  1.56  1.24     2.89  1.53  3.59  4.12  2.34
135   40     1.16  1.71  2.44  3.38  3.95  3.79  3.84  3.75  2.76  2.08  1.32  1.04     2.60  1.30  3.25  3.79  2.05
135   50     1.01  1.50  2.15  3.02  3.57  3.45  3.48  3.36  2.44  1.82  1.15  0.91     2.32  1.14  2.91  3.43  1.80
135   60     0.91  1.34  1.90  2.70  3.19  3.09  3.12  2.99  2.16  1.62  1.03  0.82     2.07  1.02  2.59  3.06  1.60
135   70     0.83  1.21  1.69  2.40  2.83  2.74  2.76  2.65  1.92  1.46  0.94  0.76     1.85  0.93  2.31  2.72  1.44
135   80     0.77  1.10  1.52  2.15  2.50  2.43  2.44  2.36  1.72  1.33  0.86  0.71     1.66  0.86  2.06  2.41  1.30
135   90     0.71  1.02  1.37  1.92  2.22  2.14  2.16  2.09  1.54  1.22  0.80  0.67     1.49  0.80  1.84  2.13  1.19
150   10     1.89  2.52  3.33  4.23  4.75  4.44  4.56  4.62  3.62  2.96  2.10  1.77     3.40  2.06  4.10  4.54  2.89
150   20     1.51  2.14  2.98  3.95  4.54  4.30  4.39  4.37  3.31  2.56  1.71  1.37     3.09  1.67  3.82  4.35  2.53
150   30     1.17  1.77  2.59  3.60  4.25  4.07  4.13  4.02  2.95  2.15  1.34  1.02     2.76  1.32  3.48  4.07  2.15
150   40     0.93  1.45  2.20  3.20  3.87  3.76  3.80  3.60  2.56  1.77  1.06  0.80     2.42  1.06  3.09  3.72  1.80
150   50     0.82  1.22  1.86  2.77  3.42  3.38  3.39  3.14  2.19  1.48  0.90  0.72     2.11  0.92  2.68  3.31  1.52
150   60     0.77  1.09  1.60  2.39  2.96  2.96  2.96  2.70  1.88  1.29  0.83  0.69     1.84  0.85  2.32  2.87  1.34
150   70     0.73  1.01  1.43  2.08  2.56  2.56  2.55  2.34  1.66  1.17  0.79  0.66     1.63  0.80  2.02  2.48  1.21
150   80     0.70  0.94  1.30  1.85  2.23  2.23  2.22  2.06  1.49  1.09  0.75  0.63     1.46  0.76  1.79  2.17  1.11
150   90     0.66  0.89  1.19  1.67  1.98  1.96  1.96  1.84  1.35  1.02  0.71  0.60     1.32  0.71  1.61  1.92  1.02
165   10     1.84  2.48  3.30  4.21  4.74  4.44  4.56  4.61  3.59  2.92  2.06  1.72     3.37  2.01  4.08  4.54  2.86
165   20     1.41  2.06  2.92  3.91  4.53  4.30  4.39  4.33  3.26  2.46  1.61  1.26     3.04  1.58  3.79  4.34  2.44
165   30     1.01  1.62  2.48  3.53  4.23  4.07  4.13  3.97  2.87  1.98  1.17  0.86     2.66  1.16  3.41  4.06  2.01
165   40     0.82  1.23  2.02  3.08  3.84  3.76  3.79  3.53  2.42  1.51  0.86  0.72     2.30  0.92  2.98  3.69  1.60
165   50     0.79  1.02  1.60  2.58  3.38  3.38  3.39  3.02  1.97  1.18  0.83  0.70     1.99  0.84  2.52  3.26  1.33
165   60     0.76  0.98  1.35  2.08  2.86  2.95  2.92  2.46  1.61  1.06  0.80  0.68     1.71  0.81  2.10  2.78  1.16
165   70     0.73  0.93  1.23  1.76  2.31  2.47  2.41  2.00  1.42  1.01  0.77  0.66     1.47  0.77  1.77  2.29  1.06
165   80     0.70  0.89  1.15  1.58  1.96  2.04  2.01  1.75  1.30  0.96  0.73  0.63     1.31  0.74  1.57  1.93  1.00
165   90     0.66  0.84  1.09  1.45  1.75  1.79  1.76  1.59  1.22  0.92  0.70  0.60     1.20  0.70  1.43  1.72  0.94
180   10     1.83  2.46  3.29  4.20  4.74  4.44  4.56  4.60  3.59  2.90  2.04  1.70     3.36  2.00  4.08  4.53  2.84
180   20     1.37  2.02  2.90  3.89  4.53  4.30  4.40  4.32  3.25  2.42  1.57  1.22     3.02  1.54  3.77  4.34  2.41
180   30     0.96  1.55  2.44  3.50  4.23  4.07  4.14  3.95  2.84  1.91  1.11  0.81     2.63  1.11  3.39  4.05  1.96
180   40     0.82  1.12  1.95  3.04  3.84  3.76  3.80  3.50  2.39  1.39  0.85  0.72     2.27  0.89  2.94  3.69  1.54
180   50     0.79  1.01  1.44  2.53  3.38  3.38  3.40  2.99  1.90  1.07  0.83  0.70     1.95  0.84  2.45  3.26  1.26
180   60     0.76  0.98  1.24  1.98  2.86  2.95  2.93  2.42  1.40  1.03  0.80  0.68     1.67  0.81  2.02  2.77  1.08
180   70     0.73  0.93  1.18  1.55  2.30  2.47  2.42  1.83  1.31  0.99  0.77  0.66     1.43  0.77  1.68  2.24  1.02
180   80     0.70  0.89  1.13  1.43  1.85  1.98  1.93  1.58  1.24  0.95  0.73  0.63     1.25  0.74  1.47  1.83  0.97
180   90     0.66  0.84  1.07  1.34  1.66  1.73  1.70  1.46  1.17  0.91  0.70  0.60     1.15  0.70  1.36  1.63  0.92
             56.3  46.7  33.3  17.9   5.6   1.1   2.7  12.2  25.8  42.6  53.5  59.3     29.7  54.2  19.0   5.6  40.8
             3.55  3.79  4.13  4.58  4.87  4.50  4.64  4.86  4.15  4.19  3.71  3.69     4.22  3.66  4.46  4.65  3.96
             3.25  3.67  4.12  4.51  4.60  4.15  4.31  4.70  4.15  4.10  3.45  3.29     4.02  3.40  4.41  4.39  3.90
             1.09  1.03  1.00  1.02  1.06  1.08  1.08  1.03  1.00  1.02  1.08  1.12     1.05  1.08  1.03  1.06  1.03
             1.43  1.28  1.13  1.02  0.95  0.92  0.93  0.98  1.07  1.23  1.38  1.51     1.15  1.40  1.03  0.94  1.23
temperature   4.8   5.5   8.6  14.1  18.6  22.4  26.4  27.6  23.8  17.9  12.2   7.2     15.8   5.8  13.8  25.5  18.0
diffusedrad  1.12  1.41  1.80  2.17  2.44  2.54  2.50  2.30  1.97  1.52  1.17  1.00     1.83  1.18  2.14  2.45  1.56
snow10cm     0.00  0.00  0.00  0.00  0.00  0.00  0.00  0.00  0.00  0.00  0.00  0.00     0.00  0.00  0.00  0.00  0.00
