2 67576   呉市蒲刈        34  9.9  132 44.9   48
             2.09  2.72  3.50  4.43  4.81  4.45  4.86  5.02  3.78  3.17  2.28  1.96     3.59  2.25  4.25  4.78  3.08
             2.48  3.34  4.20  5.50  5.79  5.18  6.48  6.05  4.62  3.86  2.70  2.25     3.95  2.58  4.93  5.71  3.42
             1.85  1.83  2.74  3.81  3.81  3.42  3.82  3.95  3.06  2.87  1.87  1.62     3.22  1.84  3.72  4.11  2.65
  0   10     2.40  3.02  3.72  4.55  4.82  4.41  4.82  5.08  3.94  3.48  2.59  2.31     3.76  2.58  4.36  4.77  3.34
  0   20     2.67  3.26  3.87  4.58  4.73  4.29  4.71  5.05  4.04  3.71  2.85  2.60     3.86  2.84  4.39  4.68  3.53
  0   30     2.88  3.43  3.94  4.51  4.55  4.09  4.50  4.92  4.04  3.86  3.05  2.83     3.88  3.05  4.33  4.50  3.65
  0   40     3.02  3.51  3.92  4.34  4.28  3.82  4.20  4.67  3.96  3.92  3.17  3.00     3.82  3.18  4.18  4.23  3.68
  0   50     3.09  3.52  3.81  4.09  3.92  3.49  3.83  4.33  3.79  3.89  3.22  3.09     3.67  3.23  3.94  3.88  3.63
  0   60     3.09  3.44  3.62  3.75  3.50  3.10  3.39  3.91  3.54  3.77  3.20  3.11     3.45  3.21  3.62  3.46  3.50
  0   70     3.01  3.29  3.35  3.33  3.03  2.67  2.90  3.40  3.22  3.56  3.10  3.05     3.16  3.12  3.24  2.99  3.29
  0   80     2.86  3.06  3.01  2.86  2.51  2.22  2.39  2.85  2.84  3.28  2.92  2.92     2.81  2.95  2.79  2.49  3.01
  0   90     2.65  2.76  2.62  2.35  1.99  1.78  1.88  2.27  2.41  2.92  2.68  2.72     2.42  2.71  2.32  1.97  2.67
 15   10     2.38  3.01  3.71  4.55  4.82  4.41  4.83  5.08  3.94  3.47  2.58  2.29     3.75  2.56  4.36  4.77  3.33
 15   20     2.64  3.24  3.85  4.58  4.73  4.29  4.71  5.05  4.02  3.69  2.83  2.57     3.85  2.82  4.38  4.68  3.51
 15   30     2.84  3.40  3.90  4.51  4.55  4.10  4.50  4.92  4.02  3.84  3.02  2.80     3.86  3.01  4.32  4.50  3.62
 15   40     2.96  3.48  3.88  4.35  4.29  3.83  4.21  4.68  3.94  3.89  3.13  2.95     3.80  3.13  4.17  4.24  3.65
 15   50     3.02  3.48  3.76  4.10  3.94  3.50  3.84  4.35  3.77  3.85  3.17  3.04     3.65  3.18  3.93  3.90  3.60
 15   60     3.01  3.39  3.57  3.76  3.52  3.13  3.42  3.93  3.52  3.72  3.14  3.05     3.43  3.15  3.62  3.49  3.46
 15   70     2.93  3.23  3.30  3.36  3.07  2.71  2.95  3.45  3.20  3.51  3.04  2.98     3.14  3.05  3.24  3.04  3.25
 15   80     2.78  3.00  2.96  2.91  2.57  2.27  2.46  2.91  2.83  3.22  2.86  2.85     2.80  2.88  2.81  2.55  2.97
 15   90     2.56  2.71  2.57  2.41  2.07  1.85  1.97  2.36  2.41  2.86  2.62  2.64     2.42  2.64  2.35  2.06  2.63
 30   10     2.35  2.98  3.68  4.54  4.82  4.41  4.82  5.07  3.91  3.44  2.54  2.25     3.73  2.53  4.34  4.77  3.30
 30   20     2.57  3.18  3.80  4.56  4.73  4.30  4.71  5.04  3.98  3.63  2.76  2.50     3.81  2.75  4.36  4.68  3.46
 30   30     2.73  3.31  3.83  4.49  4.56  4.11  4.52  4.92  3.97  3.75  2.92  2.69     3.82  2.91  4.30  4.51  3.55
 30   40     2.83  3.36  3.79  4.33  4.31  3.86  4.24  4.68  3.87  3.79  3.01  2.81     3.74  3.00  4.14  4.26  3.56
 30   50     2.86  3.34  3.67  4.10  3.99  3.55  3.90  4.38  3.70  3.73  3.03  2.87     3.59  3.02  3.92  3.94  3.49
 30   60     2.82  3.25  3.47  3.78  3.60  3.19  3.50  3.99  3.46  3.60  2.98  2.86     3.38  2.98  3.62  3.56  3.35
 30   70     2.73  3.08  3.20  3.40  3.17  2.80  3.07  3.55  3.16  3.39  2.86  2.78     3.10  2.86  3.26  3.14  3.13
 30   80     2.56  2.84  2.88  2.98  2.71  2.40  2.62  3.05  2.81  3.10  2.67  2.64     2.77  2.68  2.86  2.69  2.86
 30   90     2.35  2.55  2.51  2.53  2.26  2.01  2.17  2.56  2.41  2.75  2.43  2.43     2.41  2.44  2.44  2.25  2.53
 45   10     2.29  2.93  3.64  4.51  4.81  4.41  4.82  5.05  3.88  3.38  2.49  2.20     3.70  2.47  4.32  4.76  3.25
 45   20     2.46  3.08  3.72  4.52  4.72  4.30  4.71  5.02  3.92  3.54  2.66  2.39     3.75  2.64  4.32  4.68  3.37
 45   30     2.57  3.17  3.73  4.44  4.56  4.12  4.52  4.88  3.89  3.62  2.77  2.53     3.73  2.76  4.25  4.51  3.42
 45   40     2.63  3.19  3.67  4.29  4.32  3.89  4.27  4.68  3.79  3.63  2.82  2.61     3.65  2.81  4.09  4.28  3.41
 45   50     2.63  3.14  3.53  4.06  4.02  3.59  3.95  4.38  3.61  3.56  2.81  2.63     3.49  2.80  3.87  3.97  3.33
 45   60     2.57  3.04  3.34  3.77  3.67  3.26  3.59  4.03  3.37  3.41  2.74  2.60     3.28  2.73  3.59  3.63  3.17
 45   70     2.46  2.87  3.08  3.42  3.27  2.90  3.19  3.62  3.09  3.20  2.60  2.50     3.02  2.61  3.25  3.23  2.96
 45   80     2.30  2.63  2.77  3.04  2.86  2.52  2.77  3.18  2.75  2.93  2.42  2.35     2.71  2.42  2.89  2.82  2.70
 45   90     2.08  2.36  2.44  2.63  2.45  2.17  2.36  2.73  2.40  2.61  2.19  2.15     2.38  2.20  2.50  2.42  2.40
 60   10     2.22  2.86  3.58  4.48  4.80  4.41  4.82  5.03  3.84  3.32  2.42  2.12     3.66  2.40  4.29  4.75  3.19
 60   20     2.32  2.96  3.62  4.47  4.71  4.30  4.71  4.98  3.84  3.41  2.52  2.25     3.67  2.51  4.26  4.66  3.26
 60   30     2.38  3.00  3.59  4.38  4.54  4.13  4.52  4.84  3.78  3.45  2.59  2.33     3.63  2.57  4.17  4.50  3.27
 60   40     2.40  2.98  3.50  4.21  4.32  3.90  4.28  4.63  3.66  3.42  2.59  2.36     3.52  2.58  4.01  4.27  3.22
 60   50     2.36  2.91  3.36  4.00  4.04  3.63  3.98  4.36  3.48  3.33  2.55  2.35     3.36  2.54  3.80  3.99  3.12
 60   60     2.28  2.78  3.15  3.71  3.70  3.31  3.64  4.02  3.25  3.18  2.46  2.29     3.15  2.45  3.52  3.65  2.96
 60   70     2.16  2.61  2.91  3.40  3.34  2.98  3.27  3.65  2.98  2.96  2.31  2.17     2.90  2.31  3.22  3.30  2.75
 60   80     2.00  2.39  2.62  3.04  2.96  2.63  2.89  3.25  2.67  2.73  2.14  2.03     2.61  2.14  2.87  2.92  2.51
 60   90     1.80  2.15  2.33  2.67  2.57  2.29  2.51  2.83  2.35  2.43  1.93  1.84     2.31  1.93  2.52  2.54  2.24
 75   10     2.14  2.79  3.52  4.44  4.79  4.40  4.81  5.00  3.79  3.24  2.34  2.04     3.61  2.32  4.25  4.74  3.12
 75   20     2.17  2.81  3.50  4.39  4.69  4.29  4.69  4.92  3.75  3.27  2.38  2.09     3.58  2.36  4.19  4.64  3.13
 75   30     2.17  2.80  3.42  4.28  4.51  4.12  4.51  4.77  3.65  3.25  2.37  2.10     3.50  2.36  4.07  4.47  3.09
 75   40     2.13  2.73  3.31  4.11  4.29  3.90  4.26  4.55  3.50  3.18  2.33  2.09     3.37  2.32  3.90  4.24  3.00
 75   50     2.07  2.64  3.14  3.88  4.02  3.64  3.98  4.28  3.31  3.06  2.25  2.03     3.19  2.25  3.68  3.97  2.87
 75   60     1.97  2.50  2.94  3.62  3.70  3.34  3.66  3.97  3.09  2.90  2.15  1.95     2.98  2.14  3.42  3.66  2.71
 75   70     1.84  2.33  2.70  3.30  3.35  3.01  3.31  3.61  2.82  2.70  2.01  1.84     2.73  2.00  3.12  3.31  2.51
 75   80     1.70  2.13  2.45  2.99  3.00  2.69  2.95  3.25  2.55  2.47  1.84  1.70     2.48  1.84  2.81  2.96  2.29
 75   90     1.52  1.91  2.17  2.65  2.64  2.37  2.60  2.87  2.25  2.22  1.66  1.54     2.20  1.66  2.49  2.61  2.04
 90   10     2.05  2.70  3.45  4.40  4.77  4.40  4.80  4.96  3.73  3.15  2.25  1.95     3.55  2.23  4.21  4.72  3.05
 90   20     2.01  2.65  3.37  4.31  4.65  4.29  4.67  4.85  3.64  3.11  2.21  1.91     3.47  2.19  4.11  4.60  2.98
 90   30     1.95  2.58  3.25  4.16  4.47  4.11  4.48  4.67  3.50  3.01  2.15  1.87     3.35  2.13  3.96  4.42  2.89
 90   40     1.87  2.47  3.09  3.96  4.23  3.88  4.23  4.43  3.33  2.90  2.05  1.80     3.19  2.05  3.76  4.18  2.76
 90   50     1.77  2.34  2.91  3.72  3.95  3.62  3.94  4.15  3.12  2.76  1.96  1.72     3.00  1.94  3.53  3.90  2.61
 90   60     1.66  2.20  2.69  3.46  3.65  3.33  3.63  3.84  2.89  2.58  1.83  1.62     2.78  1.83  3.27  3.60  2.43
 90   70     1.53  2.02  2.47  3.17  3.31  3.01  3.29  3.51  2.64  2.40  1.70  1.51     2.55  1.69  2.98  3.27  2.25
 90   80     1.40  1.85  2.23  2.86  2.97  2.69  2.94  3.15  2.37  2.18  1.54  1.38     2.30  1.54  2.69  2.93  2.03
 90   90     1.26  1.66  1.99  2.56  2.64  2.38  2.61  2.81  2.12  1.97  1.40  1.25     2.05  1.39  2.39  2.60  1.83
105   10     1.97  2.62  3.38  4.35  4.75  4.39  4.79  4.92  3.68  3.06  2.16  1.86     3.50  2.15  4.16  4.70  2.97
105   20     1.85  2.49  3.24  4.21  4.61  4.27  4.65  4.77  3.53  2.93  2.04  1.74     3.36  2.03  4.02  4.56  2.83
105   30     1.73  2.34  3.06  4.02  4.40  4.08  4.44  4.55  3.34  2.78  1.91  1.63     3.19  1.90  3.83  4.36  2.68
105   40     1.60  2.19  2.85  3.79  4.14  3.85  4.17  4.28  3.13  2.60  1.79  1.51     2.99  1.77  3.59  4.10  2.51
105   50     1.48  2.04  2.64  3.53  3.85  3.57  3.87  3.97  2.90  2.43  1.65  1.41     2.78  1.65  3.34  3.80  2.33
105   60     1.37  1.88  2.43  3.24  3.54  3.27  3.55  3.65  2.66  2.26  1.52  1.30     2.56  1.52  3.07  3.49  2.15
105   70     1.25  1.73  2.21  2.96  3.21  2.96  3.21  3.32  2.41  2.06  1.40  1.20     2.33  1.39  2.79  3.17  1.96
105   80     1.14  1.56  1.99  2.68  2.88  2.65  2.88  3.00  2.17  1.89  1.27  1.09     2.10  1.26  2.51  2.84  1.78
105   90     1.02  1.41  1.78  2.39  2.55  2.34  2.54  2.66  1.93  1.70  1.15  1.00     1.87  1.14  2.24  2.51  1.59
120   10     1.89  2.54  3.32  4.30  4.74  4.39  4.78  4.89  3.62  2.98  2.08  1.77     3.44  2.06  4.12  4.69  2.90
120   20     1.70  2.33  3.11  4.12  4.57  4.26  4.62  4.69  3.42  2.77  1.88  1.58     3.25  1.87  3.93  4.52  2.69
120   30     1.51  2.12  2.87  3.87  4.33  4.06  4.39  4.42  3.18  2.54  1.69  1.40     3.03  1.68  3.69  4.29  2.47
120   40     1.36  1.92  2.62  3.59  4.04  3.80  4.09  4.09  2.92  2.31  1.52  1.26     2.79  1.51  3.42  4.00  2.25
120   50     1.22  1.74  2.37  3.29  3.71  3.50  3.76  3.75  2.66  2.10  1.37  1.14     2.55  1.37  3.13  3.67  2.04
120   60     1.11  1.58  2.14  2.99  3.37  3.18  3.42  3.40  2.41  1.91  1.25  1.03     2.31  1.24  2.84  3.33  1.85
120   70     1.01  1.44  1.93  2.70  3.04  2.86  3.07  3.06  2.17  1.74  1.13  0.95     2.09  1.13  2.56  3.00  1.68
120   80     0.92  1.30  1.74  2.43  2.72  2.55  2.74  2.75  1.93  1.58  1.03  0.86     1.88  1.02  2.30  2.68  1.52
120   90     0.83  1.18  1.55  2.18  2.41  2.25  2.42  2.46  1.73  1.43  0.93  0.79     1.68  0.94  2.05  2.38  1.37
135   10     1.82  2.46  3.26  4.27  4.72  4.39  4.77  4.86  3.58  2.90  2.01  1.69     3.39  1.99  4.08  4.67  2.83
135   20     1.56  2.19  2.99  4.03  4.54  4.25  4.60  4.61  3.33  2.61  1.74  1.43     3.15  1.72  3.85  4.49  2.56
135   30     1.32  1.91  2.68  3.73  4.27  4.03  4.34  4.29  3.03  2.31  1.49  1.20     2.88  1.47  3.56  4.22  2.27
135   40     1.13  1.67  2.38  3.38  3.93  3.74  4.01  3.91  2.72  2.02  1.28  1.02     2.60  1.27  3.23  3.89  2.01
135   50     1.00  1.47  2.10  3.03  3.55  3.41  3.63  3.50  2.41  1.78  1.13  0.90     2.33  1.12  2.90  3.52  1.77
135   60     0.91  1.31  1.86  2.70  3.17  3.06  3.25  3.11  2.13  1.59  1.01  0.82     2.08  1.01  2.58  3.13  1.58
135   70     0.83  1.19  1.66  2.41  2.81  2.72  2.88  2.76  1.90  1.44  0.93  0.76     1.86  0.93  2.30  2.78  1.42
135   80     0.77  1.08  1.49  2.16  2.49  2.40  2.54  2.45  1.70  1.31  0.85  0.71     1.66  0.85  2.05  2.46  1.29
135   90     0.71  1.00  1.35  1.93  2.21  2.12  2.24  2.17  1.53  1.20  0.79  0.66     1.49  0.79  1.83  2.18  1.17
150   10     1.76  2.41  3.22  4.23  4.71  4.39  4.77  4.83  3.54  2.84  1.95  1.63     3.36  1.93  4.05  4.66  2.78
150   20     1.44  2.06  2.89  3.96  4.51  4.24  4.59  4.56  3.25  2.48  1.62  1.30     3.08  1.61  3.79  4.46  2.45
150   30     1.16  1.73  2.53  3.61  4.22  4.02  4.32  4.19  2.90  2.10  1.31  1.02     2.76  1.30  3.45  4.17  2.11
150   40     0.95  1.43  2.16  3.20  3.85  3.72  3.96  3.75  2.53  1.75  1.07  0.83     2.43  1.07  3.07  3.81  1.78
150   50     0.84  1.22  1.84  2.78  3.41  3.35  3.53  3.26  2.17  1.47  0.93  0.75     2.13  0.94  2.67  3.38  1.52
150   60     0.79  1.09  1.59  2.39  2.96  2.94  3.07  2.79  1.87  1.29  0.86  0.72     1.86  0.87  2.31  2.93  1.34
150   70     0.75  1.01  1.42  2.09  2.55  2.54  2.64  2.41  1.65  1.18  0.81  0.68     1.64  0.81  2.02  2.53  1.21
150   80     0.71  0.94  1.29  1.85  2.23  2.22  2.29  2.12  1.48  1.09  0.76  0.64     1.47  0.76  1.79  2.21  1.11
150   90     0.67  0.88  1.18  1.67  1.97  1.95  2.02  1.89  1.34  1.02  0.71  0.61     1.33  0.72  1.61  1.95  1.02
165   10     1.73  2.37  3.19  4.21  4.71  4.39  4.77  4.81  3.52  2.80  1.91  1.59     3.33  1.90  4.04  4.66  2.75
165   20     1.37  1.99  2.83  3.91  4.50  4.24  4.59  4.52  3.20  2.39  1.54  1.22     3.02  1.52  3.75  4.45  2.38
165   30     1.03  1.59  2.43  3.53  4.20  4.02  4.32  4.14  2.82  1.95  1.17  0.89     2.67  1.17  3.39  4.16  1.98
165   40     0.85  1.23  2.00  3.08  3.82  3.71  3.96  3.66  2.40  1.52  0.91  0.77     2.33  0.95  2.97  3.78  1.61
165   50     0.82  1.03  1.60  2.58  3.37  3.35  3.52  3.12  1.96  1.20  0.87  0.74     2.02  0.87  2.52  3.33  1.34
165   60     0.79  0.99  1.36  2.09  2.85  2.92  3.03  2.52  1.62  1.09  0.83  0.71     1.73  0.83  2.10  2.82  1.18
165   70     0.75  0.94  1.24  1.77  2.30  2.45  2.48  2.04  1.43  1.03  0.79  0.68     1.49  0.79  1.77  2.32  1.08
165   80     0.71  0.89  1.16  1.59  1.96  2.03  2.06  1.78  1.31  0.98  0.75  0.64     1.32  0.75  1.57  1.96  1.01
165   90     0.67  0.84  1.09  1.46  1.75  1.79  1.81  1.61  1.22  0.93  0.71  0.61     1.21  0.70  1.43  1.74  0.95
180   10     1.71  2.36  3.18  4.20  4.71  4.39  4.77  4.80  3.51  2.79  1.90  1.57     3.33  1.88  4.03  4.66  2.73
180   20     1.34  1.95  2.81  3.89  4.50  4.24  4.60  4.50  3.19  2.35  1.51  1.19     3.01  1.49  3.73  4.45  2.35
180   30     0.98  1.53  2.39  3.50  4.20  4.02  4.33  4.11  2.80  1.89  1.12  0.85     2.64  1.12  3.36  4.15  1.94
180   40     0.85  1.14  1.93  3.04  3.82  3.72  3.97  3.63  2.36  1.41  0.90  0.77     2.29  0.92  2.93  3.77  1.56
180   50     0.82  1.03  1.45  2.53  3.36  3.35  3.53  3.08  1.89  1.10  0.87  0.74     1.98  0.87  2.45  3.32  1.29
180   60     0.79  0.99  1.26  1.98  2.85  2.92  3.04  2.48  1.41  1.06  0.83  0.71     1.69  0.83  2.03  2.81  1.10
180   70     0.75  0.94  1.20  1.55  2.29  2.46  2.49  1.84  1.31  1.02  0.79  0.68     1.44  0.79  1.68  2.26  1.04
180   80     0.71  0.89  1.14  1.43  1.85  1.97  1.97  1.59  1.24  0.97  0.75  0.64     1.26  0.75  1.47  1.84  0.99
180   90     0.67  0.84  1.07  1.34  1.66  1.72  1.74  1.47  1.17  0.92  0.71  0.61     1.16  0.70  1.36  1.64  0.93
             54.5  45.7  32.6  17.8   5.5   1.1   2.5  12.4  25.5  41.7  51.7  57.4     27.4  52.3  18.5   5.8  39.1
             3.10  3.53  3.94  4.58  4.83  4.44  4.85  5.09  4.05  3.93  3.22  3.11     4.06  3.24  4.39  4.78  3.68
             2.83  3.39  3.93  4.54  4.61  4.15  4.56  4.96  4.05  3.83  3.00  2.78     3.89  3.00  4.36  4.56  3.63
             1.10  1.04  1.00  1.01  1.05  1.07  1.06  1.03  1.00  1.03  1.07  1.12     1.05  1.09  1.02  1.05  1.03
             1.35  1.25  1.12  1.02  0.96  0.93  0.94  0.99  1.07  1.21  1.32  1.42     1.13  1.34  1.04  0.95  1.20
temperature   5.4   5.6   8.4  13.6  17.9  21.6  25.7  26.8  23.4  17.8  12.6   7.9     15.6   6.3  13.3  24.7  17.9
diffusedrad  1.12  1.41  1.80  2.17  2.45  2.54  2.50  2.28  1.97  1.54  1.19  1.01     1.83  1.18  2.14  2.44  1.57
snow10cm     0.00  0.00  0.00  0.00  0.00  0.00  0.00  0.00  0.00  0.00  0.00  0.00     0.00  0.00  0.00  0.00  0.00
