2 68091   鹿島            35 31.2  133  1.3    5
             1.40  2.02  3.14  4.39  4.95  4.53  4.64  4.85  3.63  3.00  1.95  1.37     3.32  1.60  4.16  4.67  2.86
             1.71  2.82  3.71  5.22  6.11  5.44  6.34  6.09  4.11  3.58  2.31  1.78     3.65  2.00  4.55  5.57  3.10
             1.12  1.41  2.65  3.49  4.16  3.80  3.16  3.66  3.11  2.61  1.35  1.01     3.06  1.20  3.65  3.88  2.66
  0   10     1.51  2.17  3.32  4.51  4.97  4.49  4.62  4.92  3.78  3.26  2.18  1.52     3.44  1.74  4.27  4.68  3.08
  0   20     1.60  2.28  3.44  4.55  4.89  4.38  4.52  4.90  3.87  3.48  2.37  1.65     3.49  1.84  4.29  4.60  3.24
  0   30     1.66  2.35  3.48  4.49  4.71  4.19  4.34  4.79  3.88  3.61  2.51  1.75     3.48  1.92  4.23  4.44  3.34
  0   40     1.69  2.37  3.46  4.34  4.44  3.92  4.07  4.57  3.80  3.67  2.60  1.80     3.39  1.96  4.08  4.19  3.36
  0   50     1.69  2.34  3.36  4.09  4.08  3.59  3.73  4.25  3.65  3.64  2.63  1.83     3.24  1.95  3.85  3.86  3.31
  0   60     1.66  2.27  3.19  3.77  3.65  3.20  3.33  3.85  3.42  3.53  2.60  1.81     3.02  1.91  3.54  3.46  3.18
  0   70     1.59  2.15  2.96  3.37  3.17  2.77  2.88  3.38  3.12  3.34  2.51  1.76     2.75  1.83  3.17  3.01  2.99
  0   80     1.50  1.99  2.68  2.91  2.64  2.32  2.41  2.87  2.77  3.07  2.37  1.67     2.43  1.72  2.74  2.53  2.73
  0   90     1.38  1.80  2.34  2.41  2.10  1.87  1.93  2.31  2.36  2.74  2.17  1.54     2.08  1.57  2.28  2.03  2.43
 15   10     1.50  2.17  3.31  4.51  4.96  4.49  4.62  4.92  3.78  3.25  2.17  1.52     3.43  1.73  4.26  4.68  3.06
 15   20     1.59  2.27  3.42  4.55  4.89  4.38  4.52  4.90  3.86  3.44  2.36  1.64     3.48  1.83  4.29  4.60  3.22
 15   30     1.65  2.33  3.46  4.49  4.71  4.19  4.34  4.78  3.86  3.57  2.49  1.73     3.47  1.90  4.22  4.44  3.31
 15   40     1.68  2.35  3.43  4.34  4.45  3.93  4.08  4.57  3.78  3.61  2.57  1.78     3.38  1.94  4.07  4.19  3.32
 15   50     1.67  2.32  3.33  4.10  4.10  3.60  3.74  4.26  3.63  3.57  2.59  1.80     3.23  1.93  3.84  3.87  3.26
 15   60     1.63  2.24  3.15  3.78  3.68  3.23  3.35  3.87  3.40  3.45  2.56  1.78     3.01  1.89  3.54  3.48  3.13
 15   70     1.57  2.12  2.92  3.39  3.21  2.81  2.92  3.42  3.10  3.25  2.47  1.73     2.74  1.80  3.17  3.05  2.94
 15   80     1.48  1.96  2.63  2.95  2.70  2.37  2.46  2.91  2.75  2.99  2.32  1.63     2.43  1.69  2.76  2.58  2.69
 15   90     1.36  1.77  2.31  2.46  2.18  1.93  2.00  2.39  2.36  2.66  2.13  1.51     2.09  1.54  2.32  2.11  2.38
 30   10     1.49  2.15  3.29  4.50  4.96  4.49  4.62  4.91  3.76  3.21  2.15  1.50     3.42  1.72  4.25  4.67  3.04
 30   20     1.57  2.24  3.38  4.53  4.88  4.38  4.52  4.89  3.82  3.38  2.31  1.61     3.46  1.80  4.26  4.60  3.17
 30   30     1.61  2.29  3.40  4.47  4.72  4.20  4.35  4.78  3.81  3.47  2.42  1.68     3.43  1.86  4.20  4.44  3.23
 30   40     1.63  2.29  3.35  4.32  4.46  3.95  4.09  4.56  3.72  3.49  2.48  1.72     3.34  1.88  4.05  4.20  3.23
 30   50     1.62  2.25  3.25  4.09  4.14  3.65  3.78  4.28  3.56  3.44  2.48  1.73     3.19  1.86  3.83  3.90  3.16
 30   60     1.57  2.16  3.07  3.79  3.75  3.28  3.41  3.91  3.34  3.30  2.43  1.70     2.98  1.81  3.54  3.53  3.02
 30   70     1.50  2.04  2.84  3.42  3.31  2.90  3.01  3.49  3.05  3.10  2.33  1.63     2.72  1.72  3.19  3.13  2.83
 30   80     1.40  1.87  2.56  3.01  2.84  2.49  2.59  3.02  2.72  2.84  2.18  1.54     2.42  1.60  2.80  2.70  2.58
 30   90     1.28  1.68  2.25  2.56  2.37  2.09  2.16  2.55  2.35  2.52  1.98  1.41     2.10  1.46  2.39  2.27  2.28
 45   10     1.47  2.13  3.25  4.47  4.95  4.49  4.61  4.89  3.72  3.16  2.11  1.47     3.39  1.69  4.23  4.66  3.00
 45   20     1.53  2.19  3.31  4.49  4.87  4.38  4.51  4.86  3.77  3.28  2.23  1.55     3.42  1.76  4.22  4.59  3.09
 45   30     1.55  2.21  3.31  4.42  4.71  4.21  4.34  4.74  3.73  3.34  2.30  1.60     3.37  1.79  4.15  4.43  3.12
 45   40     1.55  2.19  3.25  4.27  4.47  3.97  4.11  4.54  3.63  3.33  2.34  1.62     3.27  1.79  4.00  4.21  3.10
 45   50     1.53  2.13  3.12  4.05  4.17  3.68  3.81  4.26  3.47  3.25  2.32  1.61     3.12  1.76  3.78  3.92  3.01
 45   60     1.47  2.04  2.95  3.76  3.81  3.35  3.47  3.93  3.25  3.10  2.25  1.57     2.91  1.69  3.51  3.59  2.87
 45   70     1.39  1.91  2.72  3.42  3.40  2.98  3.10  3.53  2.97  2.90  2.13  1.49     2.66  1.60  3.18  3.21  2.67
 45   80     1.29  1.75  2.46  3.04  2.98  2.60  2.70  3.12  2.66  2.65  1.98  1.39     2.39  1.48  2.83  2.81  2.43
 45   90     1.17  1.56  2.17  2.63  2.55  2.24  2.32  2.69  2.33  2.34  1.79  1.27     2.09  1.34  2.45  2.41  2.15
 60   10     1.45  2.09  3.21  4.44  4.94  4.48  4.61  4.87  3.68  3.09  2.05  1.44     3.36  1.66  4.20  4.65  2.94
 60   20     1.47  2.12  3.23  4.43  4.85  4.38  4.51  4.82  3.69  3.16  2.13  1.49     3.36  1.69  4.17  4.57  2.99
 60   30     1.48  2.12  3.20  4.34  4.69  4.21  4.33  4.69  3.63  3.17  2.17  1.51     3.29  1.70  4.08  4.41  2.99
 60   40     1.46  2.08  3.11  4.19  4.46  3.98  4.11  4.49  3.51  3.12  2.16  1.50     3.18  1.68  3.92  4.19  2.93
 60   50     1.42  2.00  2.98  3.97  4.17  3.71  3.83  4.23  3.34  3.02  2.11  1.47     3.02  1.63  3.71  3.92  2.83
 60   60     1.35  1.90  2.79  3.69  3.83  3.39  3.50  3.90  3.12  2.87  2.03  1.41     2.81  1.55  3.44  3.60  2.67
 60   70     1.27  1.76  2.58  3.38  3.47  3.05  3.16  3.55  2.86  2.66  1.91  1.33     2.58  1.45  3.14  3.25  2.48
 60   80     1.17  1.61  2.33  3.03  3.07  2.70  2.80  3.16  2.57  2.43  1.76  1.23     2.32  1.34  2.81  2.89  2.25
 60   90     1.05  1.44  2.06  2.67  2.67  2.35  2.43  2.76  2.27  2.15  1.59  1.12     2.05  1.20  2.47  2.51  2.00
 75   10     1.42  2.05  3.16  4.40  4.92  4.48  4.59  4.83  3.64  3.02  1.99  1.40     3.33  1.62  4.16  4.63  2.88
 75   20     1.41  2.04  3.14  4.35  4.82  4.37  4.49  4.76  3.60  3.02  2.01  1.41     3.29  1.62  4.11  4.54  2.88
 75   30     1.40  2.01  3.06  4.24  4.65  4.20  4.32  4.61  3.51  2.98  2.00  1.40     3.20  1.60  3.98  4.37  2.83
 75   40     1.35  1.94  2.96  4.07  4.42  3.97  4.09  4.40  3.37  2.89  1.96  1.37     3.06  1.55  3.81  4.15  2.74
 75   50     1.30  1.85  2.80  3.85  4.14  3.71  3.82  4.14  3.18  2.76  1.89  1.32     2.90  1.49  3.60  3.89  2.61
 75   60     1.22  1.74  2.62  3.59  3.82  3.41  3.51  3.84  2.96  2.60  1.79  1.25     2.70  1.41  3.34  3.59  2.45
 75   70     1.14  1.61  2.40  3.28  3.46  3.08  3.18  3.49  2.71  2.40  1.67  1.17     2.47  1.30  3.05  3.25  2.26
 75   80     1.04  1.46  2.18  2.97  3.11  2.75  2.84  3.15  2.45  2.18  1.53  1.07     2.23  1.19  2.75  2.91  2.05
 75   90     0.93  1.30  1.93  2.63  2.73  2.42  2.50  2.78  2.16  1.94  1.38  0.96     1.97  1.07  2.43  2.56  1.83
 90   10     1.38  2.01  3.10  4.35  4.90  4.47  4.58  4.80  3.59  2.94  1.93  1.36     3.28  1.58  4.12  4.62  2.82
 90   20     1.35  1.96  3.03  4.26  4.78  4.36  4.46  4.69  3.50  2.87  1.89  1.33     3.21  1.55  4.03  4.50  2.75
 90   30     1.30  1.89  2.92  4.12  4.59  4.17  4.28  4.51  3.37  2.76  1.83  1.28     3.09  1.49  3.88  4.32  2.65
 90   40     1.25  1.80  2.77  3.92  4.35  3.95  4.04  4.28  3.20  2.63  1.75  1.23     2.93  1.43  3.68  4.09  2.53
 90   50     1.18  1.70  2.61  3.68  4.07  3.68  3.77  4.00  3.00  2.48  1.66  1.16     2.75  1.35  3.45  3.82  2.38
 90   60     1.10  1.58  2.42  3.42  3.75  3.38  3.47  3.71  2.77  2.30  1.55  1.09     2.55  1.26  3.20  3.52  2.21
 90   70     1.01  1.45  2.21  3.14  3.41  3.07  3.15  3.39  2.54  2.12  1.44  1.01     2.33  1.16  2.92  3.20  2.03
 90   80     0.92  1.31  2.00  2.83  3.06  2.74  2.81  3.04  2.28  1.91  1.30  0.92     2.10  1.05  2.63  2.87  1.83
 90   90     0.83  1.17  1.78  2.53  2.72  2.43  2.50  2.71  2.04  1.71  1.18  0.83     1.87  0.94  2.35  2.55  1.64
105   10     1.35  1.96  3.05  4.31  4.88  4.46  4.57  4.76  3.53  2.86  1.86  1.31     3.24  1.54  4.08  4.60  2.75
105   20     1.29  1.88  2.92  4.17  4.74  4.34  4.44  4.61  3.39  2.71  1.76  1.25     3.12  1.47  3.94  4.46  2.62
105   30     1.22  1.77  2.77  3.98  4.52  4.14  4.23  4.39  3.21  2.55  1.66  1.17     2.97  1.39  3.75  4.26  2.47
105   40     1.14  1.66  2.59  3.75  4.25  3.90  3.98  4.13  3.01  2.37  1.55  1.10     2.79  1.30  3.53  4.00  2.31
105   50     1.06  1.54  2.39  3.49  3.95  3.62  3.69  3.84  2.79  2.19  1.44  1.02     2.59  1.21  3.28  3.72  2.14
105   60     0.99  1.42  2.20  3.21  3.63  3.32  3.39  3.52  2.56  2.01  1.33  0.94     2.38  1.12  3.01  3.41  1.97
105   70     0.90  1.30  2.00  2.93  3.29  3.01  3.07  3.21  2.32  1.82  1.22  0.87     2.16  1.02  2.74  3.10  1.79
105   80     0.82  1.17  1.80  2.65  2.95  2.69  2.75  2.89  2.10  1.65  1.10  0.79     1.95  0.93  2.47  2.78  1.62
105   90     0.75  1.05  1.62  2.36  2.62  2.38  2.43  2.57  1.86  1.47  0.99  0.71     1.74  0.84  2.20  2.46  1.44
120   10     1.32  1.92  3.00  4.26  4.86  4.46  4.56  4.72  3.48  2.78  1.80  1.27     3.20  1.50  4.04  4.58  2.69
120   20     1.23  1.80  2.82  4.07  4.69  4.32  4.41  4.53  3.29  2.56  1.65  1.17     3.04  1.40  3.86  4.42  2.50
120   30     1.14  1.66  2.61  3.83  4.44  4.11  4.19  4.26  3.06  2.34  1.49  1.07     2.85  1.29  3.63  4.19  2.30
120   40     1.05  1.53  2.40  3.54  4.13  3.84  3.91  3.95  2.82  2.11  1.35  0.98     2.63  1.19  3.36  3.90  2.09
120   50     0.97  1.40  2.18  3.25  3.80  3.54  3.59  3.62  2.57  1.91  1.23  0.90     2.41  1.09  3.08  3.58  1.90
120   60     0.89  1.28  1.98  2.96  3.45  3.22  3.26  3.29  2.33  1.72  1.12  0.82     2.19  1.00  2.79  3.26  1.72
120   70     0.82  1.16  1.79  2.67  3.11  2.90  2.94  2.96  2.10  1.55  1.02  0.76     1.98  0.91  2.52  2.93  1.56
120   80     0.75  1.05  1.61  2.40  2.78  2.59  2.62  2.66  1.88  1.40  0.93  0.69     1.78  0.83  2.27  2.62  1.40
120   90     0.68  0.95  1.44  2.16  2.47  2.29  2.32  2.38  1.68  1.25  0.84  0.63     1.59  0.75  2.02  2.33  1.26
135   10     1.29  1.89  2.95  4.22  4.84  4.45  4.55  4.69  3.44  2.72  1.75  1.24     3.17  1.47  4.00  4.57  2.63
135   20     1.18  1.73  2.72  3.98  4.65  4.31  4.39  4.45  3.20  2.43  1.54  1.10     2.97  1.34  3.78  4.38  2.39
135   30     1.06  1.56  2.47  3.68  4.36  4.08  4.14  4.14  2.92  2.14  1.34  0.97     2.74  1.20  3.50  4.12  2.13
135   40     0.97  1.40  2.21  3.34  4.01  3.79  3.83  3.77  2.63  1.86  1.18  0.88     2.49  1.08  3.19  3.79  1.89
135   50     0.89  1.27  1.97  2.99  3.62  3.44  3.47  3.38  2.34  1.63  1.05  0.80     2.24  0.99  2.86  3.43  1.68
135   60     0.83  1.15  1.76  2.67  3.23  3.09  3.11  3.01  2.08  1.45  0.96  0.74     2.01  0.91  2.56  3.07  1.50
135   70     0.77  1.05  1.59  2.39  2.87  2.75  2.76  2.68  1.86  1.31  0.88  0.69     1.80  0.83  2.28  2.73  1.35
135   80     0.71  0.96  1.43  2.14  2.54  2.44  2.44  2.38  1.67  1.18  0.81  0.63     1.61  0.77  2.04  2.42  1.22
135   90     0.65  0.88  1.29  1.92  2.26  2.15  2.16  2.12  1.50  1.08  0.74  0.58     1.44  0.70  1.82  2.14  1.11
150   10     1.27  1.86  2.92  4.19  4.83  4.45  4.55  4.67  3.40  2.67  1.70  1.21     3.14  1.45  3.98  4.55  2.59
150   20     1.14  1.67  2.65  3.91  4.62  4.30  4.37  4.40  3.13  2.32  1.45  1.04     2.92  1.28  3.72  4.36  2.30
150   30     1.00  1.47  2.35  3.56  4.31  4.06  4.11  4.04  2.81  1.97  1.21  0.90     2.65  1.13  3.40  4.07  2.00
150   40     0.91  1.29  2.04  3.16  3.91  3.75  3.78  3.62  2.46  1.64  1.03  0.80     2.37  1.00  3.04  3.72  1.71
150   50     0.85  1.16  1.77  2.74  3.46  3.38  3.37  3.15  2.12  1.39  0.92  0.75     2.09  0.92  2.65  3.30  1.48
150   60     0.80  1.06  1.56  2.37  2.99  2.96  2.94  2.71  1.85  1.22  0.86  0.71     1.84  0.86  2.31  2.87  1.31
150   70     0.75  0.98  1.41  2.07  2.59  2.57  2.55  2.36  1.64  1.12  0.80  0.66     1.63  0.80  2.02  2.49  1.19
150   80     0.70  0.91  1.28  1.86  2.27  2.25  2.23  2.08  1.48  1.03  0.75  0.62     1.45  0.74  1.80  2.18  1.09
150   90     0.65  0.84  1.17  1.67  2.02  1.98  1.97  1.86  1.34  0.95  0.70  0.57     1.31  0.68  1.62  1.94  1.00
165   10     1.26  1.84  2.89  4.16  4.83  4.45  4.55  4.65  3.38  2.63  1.68  1.19     3.13  1.43  3.96  4.55  2.56
165   20     1.11  1.63  2.60  3.86  4.60  4.30  4.37  4.37  3.09  2.25  1.39  1.01     2.88  1.25  3.69  4.34  2.24
165   30     0.96  1.41  2.27  3.48  4.29  4.06  4.11  3.99  2.73  1.85  1.11  0.84     2.59  1.07  3.35  4.05  1.90
165   40     0.88  1.20  1.91  3.04  3.88  3.75  3.77  3.54  2.33  1.45  0.93  0.78     2.29  0.95  2.94  3.69  1.57
165   50     0.84  1.09  1.59  2.54  3.41  3.37  3.36  3.02  1.93  1.18  0.89  0.75     2.00  0.89  2.51  3.25  1.33
165   60     0.80  1.03  1.39  2.07  2.87  2.94  2.89  2.45  1.62  1.09  0.84  0.71     1.73  0.85  2.11  2.76  1.18
165   70     0.75  0.97  1.28  1.77  2.32  2.46  2.39  2.02  1.45  1.03  0.80  0.66     1.49  0.79  1.79  2.29  1.09
165   80     0.70  0.90  1.19  1.61  1.99  2.06  2.02  1.78  1.33  0.97  0.75  0.62     1.33  0.74  1.60  1.96  1.02
165   90     0.65  0.83  1.11  1.48  1.79  1.82  1.79  1.62  1.24  0.92  0.69  0.57     1.21  0.68  1.46  1.74  0.95
180   10     1.25  1.84  2.89  4.15  4.83  4.45  4.55  4.64  3.38  2.63  1.67  1.19     3.12  1.43  3.96  4.54  2.56
180   20     1.10  1.62  2.59  3.84  4.60  4.30  4.37  4.35  3.07  2.23  1.37  0.99     2.87  1.24  3.68  4.34  2.22
180   30     0.94  1.38  2.24  3.45  4.28  4.06  4.11  3.97  2.71  1.80  1.08  0.82     2.57  1.05  3.32  4.05  1.86
180   40     0.88  1.16  1.86  3.00  3.88  3.75  3.77  3.51  2.30  1.35  0.93  0.78     2.26  0.94  2.91  3.67  1.53
180   50     0.84  1.09  1.46  2.49  3.40  3.37  3.36  2.98  1.86  1.13  0.89  0.75     1.97  0.89  2.45  3.24  1.29
180   60     0.80  1.03  1.33  1.95  2.87  2.94  2.90  2.41  1.45  1.08  0.84  0.71     1.69  0.85  2.05  2.75  1.13
180   70     0.75  0.97  1.26  1.58  2.29  2.46  2.39  1.83  1.36  1.03  0.80  0.66     1.45  0.79  1.71  2.23  1.06
180   80     0.70  0.90  1.18  1.46  1.88  1.99  1.94  1.62  1.28  0.97  0.75  0.62     1.27  0.74  1.51  1.85  1.00
180   90     0.65  0.83  1.10  1.37  1.70  1.75  1.72  1.49  1.20  0.92  0.69  0.57     1.17  0.68  1.39  1.66  0.94
             44.5  39.1  31.4  18.8   6.7   2.2   3.8  13.3  25.8  41.6  49.8  50.7     23.1  44.4  18.1   6.8  38.0
             1.69  2.37  3.48  4.55  4.97  4.52  4.64  4.93  3.89  3.67  2.63  1.83     3.60  1.96  4.29  4.68  3.36
             1.62  2.31  3.46  4.54  4.84  4.33  4.47  4.88  3.88  3.53  2.42  1.68     3.50  1.87  4.28  4.56  3.28
             1.04  1.03  1.01  1.00  1.03  1.04  1.04  1.01  1.00  1.04  1.09  1.09     1.03  1.05  1.01  1.03  1.04
             1.16  1.14  1.10  1.03  0.98  0.96  0.96  1.01  1.07  1.18  1.24  1.23     1.09  1.18  1.04  0.98  1.16
temperature   4.5   4.7   7.3  12.4  16.9  20.8  24.7  25.9  21.9  16.3  11.5   7.1     14.5   5.4  12.2  23.8  16.6
diffusedrad  1.03  1.37  1.85  2.25  2.53  2.64  2.59  2.39  2.03  1.56  1.17  0.93     1.86  1.11  2.21  2.54  1.59
snow10cm     0.08  0.02  0.00  0.00  0.00  0.00  0.00  0.00  0.00  0.00  0.00  0.03     0.01  0.04  0.00  0.00  0.00
