1 69076   米子            35   26  133 20.3    6
             1.78  2.40  3.44  4.64  5.25  4.92  4.83  5.05  3.83  3.27  2.21  1.70     3.61  1.96  4.45  4.93  3.10
             1.92  2.88  3.78  5.07  5.80  5.59  6.27  5.89  4.15  3.61  2.40  1.91     3.68  2.10  4.69  5.58  3.20
             1.33  1.90  2.60  3.55  4.31  3.84  3.35  3.49  2.98  2.61  1.62  1.17     3.05  1.63  3.71  3.78  2.62
  0   10     1.95  2.60  3.65  4.77  5.26  4.88  4.80  5.13  4.00  3.57  2.49  1.93     3.75  2.16  4.56  4.94  3.35
  0   20     2.10  2.75  3.79  4.81  5.18  4.75  4.70  5.11  4.09  3.81  2.73  2.12     3.83  2.32  4.59  4.86  3.54
  0   30     2.21  2.84  3.85  4.75  5.00  4.55  4.50  4.99  4.10  3.96  2.91  2.27     3.83  2.44  4.53  4.68  3.66
  0   40     2.27  2.88  3.82  4.59  4.71  4.25  4.23  4.76  4.02  4.03  3.02  2.37     3.75  2.51  4.37  4.41  3.69
  0   50     2.29  2.87  3.72  4.33  4.32  3.88  3.87  4.43  3.85  4.00  3.06  2.42     3.59  2.53  4.12  4.06  3.64
  0   60     2.27  2.79  3.54  3.98  3.86  3.45  3.46  4.01  3.61  3.88  3.04  2.41     3.36  2.49  3.79  3.64  3.51
  0   70     2.19  2.66  3.29  3.55  3.35  2.98  2.99  3.52  3.30  3.67  2.94  2.35     3.07  2.40  3.40  3.17  3.30
  0   80     2.08  2.48  2.97  3.07  2.78  2.48  2.50  2.98  2.92  3.38  2.77  2.24     2.72  2.27  2.94  2.65  3.03
  0   90     1.93  2.26  2.60  2.54  2.21  1.98  2.00  2.40  2.49  3.02  2.55  2.09     2.34  2.09  2.45  2.13  2.69
 15   10     1.95  2.59  3.64  4.77  5.26  4.88  4.80  5.13  3.99  3.55  2.48  1.92     3.75  2.15  4.56  4.94  3.34
 15   20     2.09  2.73  3.77  4.81  5.18  4.76  4.70  5.11  4.07  3.78  2.71  2.11     3.82  2.31  4.59  4.86  3.52
 15   30     2.19  2.83  3.82  4.75  4.99  4.55  4.51  4.99  4.07  3.92  2.88  2.25     3.81  2.42  4.52  4.68  3.62
 15   40     2.25  2.86  3.79  4.59  4.71  4.26  4.24  4.76  4.00  3.97  2.98  2.34     3.73  2.48  4.36  4.42  3.65
 15   50     2.26  2.84  3.68  4.34  4.34  3.90  3.89  4.44  3.83  3.92  3.02  2.38     3.57  2.49  4.12  4.08  3.59
 15   60     2.23  2.76  3.50  3.99  3.89  3.48  3.48  4.03  3.59  3.79  2.99  2.37     3.34  2.45  3.79  3.67  3.46
 15   70     2.16  2.62  3.24  3.58  3.39  3.02  3.03  3.56  3.28  3.58  2.89  2.31     3.06  2.36  3.40  3.21  3.25
 15   80     2.04  2.44  2.92  3.11  2.84  2.54  2.56  3.03  2.91  3.29  2.72  2.20     2.72  2.23  2.96  2.71  2.97
 15   90     1.89  2.22  2.56  2.59  2.29  2.06  2.08  2.48  2.49  2.92  2.49  2.04     2.34  2.05  2.48  2.21  2.64
 30   10     1.93  2.57  3.61  4.76  5.26  4.88  4.80  5.12  3.97  3.51  2.45  1.90     3.73  2.13  4.54  4.93  3.31
 30   20     2.05  2.69  3.72  4.79  5.18  4.76  4.70  5.09  4.04  3.70  2.65  2.06     3.79  2.27  4.56  4.85  3.46
 30   30     2.13  2.76  3.75  4.73  5.00  4.56  4.52  4.98  4.03  3.81  2.79  2.18     3.77  2.36  4.49  4.69  3.54
 30   40     2.17  2.78  3.71  4.57  4.73  4.29  4.25  4.76  3.93  3.84  2.87  2.25     3.68  2.40  4.34  4.43  3.55
 30   50     2.17  2.74  3.59  4.33  4.38  3.95  3.93  4.46  3.76  3.77  2.89  2.27     3.52  2.40  4.10  4.11  3.48
 30   60     2.13  2.65  3.40  4.00  3.97  3.55  3.54  4.08  3.53  3.63  2.84  2.25     3.30  2.34  3.79  3.72  3.33
 30   70     2.05  2.52  3.15  3.61  3.50  3.12  3.13  3.64  3.22  3.41  2.72  2.17     3.02  2.25  3.42  3.30  3.12
 30   80     1.93  2.33  2.84  3.18  3.00  2.68  2.68  3.15  2.87  3.12  2.55  2.06     2.70  2.11  3.00  2.84  2.85
 30   90     1.77  2.10  2.49  2.71  2.50  2.24  2.25  2.65  2.48  2.77  2.32  1.90     2.35  1.92  2.57  2.38  2.52
 45   10     1.89  2.54  3.58  4.73  5.25  4.88  4.79  5.10  3.93  3.45  2.40  1.86     3.70  2.10  4.52  4.92  3.26
 45   20     1.99  2.63  3.65  4.75  5.17  4.76  4.69  5.07  3.98  3.60  2.56  1.98     3.73  2.20  4.52  4.84  3.38
 45   30     2.04  2.67  3.65  4.67  5.00  4.57  4.52  4.94  3.94  3.66  2.65  2.06     3.70  2.26  4.44  4.68  3.42
 45   40     2.06  2.66  3.59  4.52  4.74  4.31  4.27  4.74  3.84  3.65  2.70  2.11     3.60  2.28  4.28  4.44  3.40
 45   50     2.04  2.60  3.45  4.28  4.42  3.99  3.96  4.44  3.66  3.57  2.69  2.11     3.43  2.25  4.05  4.13  3.31
 45   60     1.98  2.50  3.27  3.98  4.04  3.63  3.61  4.10  3.43  3.41  2.62  2.06     3.22  2.18  3.76  3.78  3.15
 45   70     1.89  2.36  3.02  3.62  3.60  3.23  3.22  3.68  3.14  3.19  2.49  1.98     2.95  2.07  3.41  3.38  2.94
 45   80     1.76  2.17  2.73  3.22  3.15  2.81  2.81  3.25  2.81  2.91  2.31  1.85     2.65  1.93  3.03  2.96  2.68
 45   90     1.61  1.96  2.41  2.79  2.70  2.41  2.41  2.80  2.46  2.58  2.10  1.69     2.33  1.75  2.63  2.54  2.38
 60   10     1.85  2.49  3.53  4.69  5.24  4.87  4.79  5.07  3.89  3.38  2.34  1.80     3.66  2.05  4.49  4.91  3.20
 60   20     1.91  2.54  3.55  4.68  5.15  4.76  4.68  5.03  3.90  3.46  2.43  1.89     3.66  2.11  4.46  4.82  3.26
 60   30     1.93  2.55  3.52  4.59  4.97  4.57  4.50  4.89  3.83  3.47  2.48  1.93     3.60  2.13  4.36  4.66  3.26
 60   40     1.92  2.51  3.43  4.43  4.73  4.33  4.27  4.68  3.71  3.42  2.48  1.93     3.49  2.12  4.20  4.43  3.21
 60   50     1.87  2.44  3.29  4.20  4.42  4.02  3.98  4.41  3.53  3.31  2.44  1.91     3.32  2.07  3.97  4.14  3.09
 60   60     1.80  2.32  3.09  3.91  4.06  3.67  3.64  4.07  3.29  3.15  2.35  1.84     3.10  1.99  3.69  3.79  2.93
 60   70     1.70  2.17  2.86  3.58  3.67  3.31  3.28  3.70  3.02  2.92  2.21  1.74     2.85  1.87  3.37  3.43  2.72
 60   80     1.58  1.99  2.58  3.20  3.25  2.93  2.91  3.30  2.71  2.67  2.05  1.62     2.56  1.73  3.01  3.04  2.48
 60   90     1.43  1.80  2.29  2.82  2.83  2.54  2.52  2.88  2.40  2.37  1.85  1.47     2.27  1.57  2.65  2.65  2.20
 75   10     1.81  2.44  3.47  4.65  5.22  4.87  4.78  5.04  3.84  3.30  2.26  1.75     3.62  2.00  4.45  4.89  3.13
 75   20     1.81  2.44  3.45  4.60  5.12  4.75  4.67  4.96  3.80  3.30  2.30  1.77     3.58  2.01  4.39  4.79  3.13
 75   30     1.80  2.41  3.37  4.49  4.93  4.56  4.49  4.81  3.70  3.25  2.28  1.77     3.49  1.99  4.26  4.62  3.08
 75   40     1.75  2.34  3.25  4.30  4.69  4.32  4.25  4.59  3.55  3.16  2.25  1.74     3.35  1.95  4.08  4.38  2.99
 75   50     1.69  2.25  3.09  4.07  4.40  4.03  3.97  4.32  3.36  3.02  2.17  1.69     3.17  1.88  3.85  4.11  2.85
 75   60     1.61  2.12  2.89  3.80  4.05  3.70  3.65  4.01  3.13  2.84  2.07  1.61     2.96  1.78  3.58  3.79  2.68
 75   70     1.50  1.97  2.66  3.47  3.68  3.34  3.30  3.64  2.86  2.63  1.93  1.51     2.71  1.66  3.27  3.43  2.47
 75   80     1.39  1.81  2.41  3.14  3.29  2.99  2.95  3.28  2.59  2.39  1.77  1.39     2.45  1.53  2.95  3.07  2.25
 75   90     1.25  1.63  2.14  2.78  2.90  2.62  2.59  2.90  2.28  2.13  1.60  1.26     2.17  1.38  2.61  2.71  2.00
 90   10     1.76  2.39  3.40  4.60  5.20  4.86  4.77  5.00  3.78  3.21  2.18  1.69     3.57  1.94  4.40  4.88  3.06
 90   20     1.72  2.33  3.33  4.51  5.07  4.73  4.64  4.89  3.69  3.13  2.14  1.65     3.49  1.90  4.30  4.75  2.99
 90   30     1.66  2.26  3.20  4.36  4.87  4.54  4.45  4.71  3.55  3.01  2.08  1.61     3.36  1.84  4.14  4.56  2.88
 90   40     1.60  2.16  3.05  4.15  4.61  4.29  4.20  4.47  3.38  2.88  1.99  1.54     3.19  1.77  3.94  4.32  2.75
 90   50     1.51  2.04  2.87  3.90  4.32  4.00  3.92  4.18  3.16  2.71  1.90  1.47     3.00  1.67  3.69  4.03  2.59
 90   60     1.42  1.92  2.66  3.62  3.98  3.68  3.61  3.87  2.93  2.52  1.77  1.38     2.78  1.57  3.42  3.72  2.40
 90   70     1.31  1.76  2.44  3.32  3.62  3.33  3.28  3.54  2.68  2.32  1.65  1.28     2.54  1.45  3.13  3.38  2.21
 90   80     1.21  1.62  2.21  2.99  3.25  2.98  2.92  3.17  2.40  2.09  1.49  1.17     2.29  1.33  2.82  3.03  2.00
 90   90     1.10  1.46  1.97  2.68  2.89  2.64  2.59  2.83  2.15  1.87  1.35  1.06     2.05  1.21  2.51  2.69  1.79
105   10     1.71  2.33  3.34  4.55  5.18  4.85  4.75  4.96  3.73  3.12  2.11  1.62     3.52  1.89  4.36  4.86  2.98
105   20     1.62  2.23  3.20  4.41  5.02  4.71  4.61  4.81  3.58  2.96  1.99  1.54     3.39  1.80  4.21  4.71  2.84
105   30     1.53  2.11  3.03  4.20  4.79  4.50  4.40  4.58  3.39  2.78  1.87  1.44     3.22  1.69  4.01  4.50  2.68
105   40     1.44  1.98  2.83  3.96  4.51  4.24  4.14  4.31  3.18  2.58  1.75  1.35     3.02  1.59  3.77  4.23  2.50
105   50     1.34  1.85  2.62  3.69  4.19  3.94  3.84  4.00  2.94  2.38  1.62  1.26     2.81  1.48  3.50  3.93  2.32
105   60     1.25  1.71  2.42  3.39  3.85  3.61  3.52  3.67  2.70  2.19  1.50  1.17     2.58  1.37  3.22  3.60  2.13
105   70     1.15  1.57  2.20  3.10  3.49  3.27  3.19  3.35  2.45  1.98  1.37  1.08     2.35  1.27  2.93  3.27  1.94
105   80     1.06  1.43  1.98  2.81  3.13  2.92  2.86  3.02  2.21  1.80  1.25  0.98     2.12  1.16  2.64  2.93  1.75
105   90     0.96  1.30  1.78  2.50  2.78  2.59  2.52  2.68  1.96  1.60  1.12  0.89     1.89  1.05  2.35  2.60  1.56
120   10     1.66  2.28  3.28  4.50  5.16  4.84  4.74  4.93  3.67  3.04  2.03  1.56     3.47  1.83  4.31  4.84  2.91
120   20     1.53  2.13  3.08  4.30  4.97  4.70  4.59  4.72  3.47  2.79  1.85  1.43     3.30  1.69  4.12  4.67  2.70
120   30     1.41  1.96  2.85  4.04  4.71  4.47  4.35  4.45  3.23  2.54  1.67  1.29     3.08  1.55  3.87  4.42  2.48
120   40     1.29  1.80  2.62  3.75  4.38  4.17  4.06  4.12  2.97  2.29  1.50  1.18     2.85  1.42  3.58  4.12  2.26
120   50     1.19  1.65  2.38  3.43  4.02  3.84  3.73  3.78  2.71  2.06  1.37  1.08     2.60  1.31  3.28  3.79  2.05
120   60     1.10  1.52  2.16  3.13  3.65  3.49  3.39  3.43  2.45  1.86  1.25  0.98     2.37  1.20  2.98  3.44  1.85
120   70     1.02  1.40  1.95  2.82  3.29  3.14  3.05  3.09  2.21  1.68  1.14  0.91     2.14  1.11  2.69  3.10  1.68
120   80     0.94  1.27  1.76  2.54  2.95  2.80  2.73  2.78  1.98  1.52  1.03  0.83     1.93  1.01  2.42  2.77  1.51
120   90     0.86  1.17  1.58  2.28  2.62  2.48  2.41  2.48  1.77  1.36  0.94  0.76     1.73  0.93  2.16  2.46  1.36
135   10     1.62  2.23  3.23  4.46  5.14  4.84  4.73  4.89  3.63  2.96  1.96  1.51     3.43  1.79  4.28  4.82  2.85
135   20     1.45  2.03  2.97  4.21  4.93  4.68  4.56  4.64  3.38  2.64  1.72  1.32     3.21  1.60  4.04  4.63  2.58
135   30     1.30  1.83  2.69  3.88  4.62  4.43  4.30  4.32  3.08  2.32  1.49  1.15     2.95  1.43  3.73  4.35  2.29
135   40     1.17  1.64  2.40  3.52  4.25  4.11  3.98  3.94  2.77  2.01  1.29  1.02     2.67  1.28  3.39  4.01  2.02
135   50     1.07  1.48  2.14  3.16  3.83  3.73  3.61  3.53  2.46  1.76  1.15  0.93     2.40  1.16  3.04  3.62  1.79
135   60     1.00  1.36  1.91  2.82  3.42  3.34  3.23  3.14  2.19  1.56  1.04  0.86     2.16  1.07  2.72  3.24  1.60
135   70     0.93  1.25  1.72  2.52  3.03  2.97  2.87  2.79  1.95  1.40  0.96  0.80     1.93  0.99  2.42  2.88  1.44
135   80     0.87  1.15  1.55  2.26  2.69  2.63  2.54  2.49  1.75  1.27  0.88  0.74     1.74  0.92  2.17  2.55  1.30
135   90     0.81  1.07  1.40  2.02  2.39  2.32  2.25  2.21  1.58  1.16  0.81  0.69     1.56  0.85  1.94  2.26  1.18
150   10     1.59  2.19  3.19  4.42  5.13  4.84  4.73  4.87  3.59  2.90  1.91  1.47     3.40  1.75  4.25  4.81  2.80
150   20     1.39  1.96  2.88  4.13  4.89  4.67  4.55  4.59  3.30  2.52  1.61  1.24     3.14  1.53  3.97  4.60  2.48
150   30     1.20  1.71  2.55  3.76  4.56  4.41  4.28  4.22  2.95  2.12  1.33  1.04     2.85  1.32  3.62  4.30  2.13
150   40     1.07  1.50  2.21  3.33  4.14  4.07  3.93  3.78  2.58  1.76  1.11  0.91     2.53  1.16  3.23  3.92  1.82
150   50     1.00  1.34  1.90  2.89  3.66  3.65  3.51  3.29  2.23  1.48  0.98  0.85     2.23  1.06  2.82  3.48  1.56
150   60     0.95  1.23  1.67  2.49  3.16  3.19  3.06  2.83  1.94  1.30  0.92  0.80     1.96  1.00  2.44  3.03  1.39
150   70     0.90  1.16  1.51  2.18  2.73  2.76  2.65  2.46  1.72  1.19  0.86  0.76     1.74  0.94  2.14  2.62  1.25
150   80     0.85  1.08  1.38  1.95  2.39  2.41  2.31  2.17  1.55  1.10  0.81  0.71     1.56  0.88  1.91  2.30  1.15
150   90     0.79  1.01  1.26  1.76  2.12  2.12  2.04  1.94  1.41  1.02  0.75  0.66     1.41  0.82  1.72  2.04  1.06
165   10     1.56  2.17  3.16  4.40  5.12  4.84  4.73  4.86  3.57  2.87  1.88  1.45     3.38  1.73  4.23  4.81  2.77
165   20     1.34  1.91  2.83  4.08  4.88  4.67  4.54  4.56  3.25  2.44  1.53  1.19     3.10  1.48  3.93  4.59  2.41
165   30     1.13  1.63  2.46  3.67  4.54  4.41  4.27  4.17  2.88  1.99  1.20  0.95     2.78  1.24  3.56  4.29  2.02
165   40     1.03  1.38  2.06  3.20  4.11  4.07  3.92  3.70  2.45  1.55  0.98  0.88     2.44  1.10  3.12  3.90  1.66
165   50     0.99  1.25  1.70  2.68  3.60  3.65  3.49  3.16  2.02  1.25  0.94  0.84     2.13  1.03  2.66  3.43  1.41
165   60     0.95  1.19  1.48  2.17  3.03  3.17  3.01  2.57  1.69  1.15  0.90  0.80     1.84  0.98  2.23  2.92  1.25
165   70     0.90  1.13  1.37  1.86  2.44  2.64  2.48  2.11  1.51  1.09  0.85  0.76     1.60  0.93  1.89  2.41  1.15
165   80     0.85  1.06  1.27  1.68  2.09  2.20  2.10  1.86  1.39  1.03  0.80  0.71     1.42  0.87  1.68  2.05  1.08
165   90     0.79  1.00  1.19  1.55  1.88  1.94  1.85  1.69  1.29  0.98  0.75  0.66     1.30  0.82  1.54  1.83  1.00
180   10     1.56  2.16  3.16  4.39  5.12  4.84  4.73  4.86  3.56  2.86  1.87  1.44     3.38  1.72  4.22  4.81  2.76
180   20     1.33  1.89  2.82  4.05  4.88  4.67  4.55  4.56  3.24  2.42  1.51  1.16     3.09  1.46  3.92  4.59  2.39
180   30     1.11  1.60  2.42  3.64  4.54  4.41  4.27  4.17  2.85  1.93  1.16  0.93     2.75  1.21  3.53  4.29  1.98
180   40     1.03  1.32  2.00  3.16  4.10  4.07  3.92  3.70  2.42  1.44  0.98  0.88     2.42  1.08  3.09  3.89  1.61
180   50     0.99  1.25  1.55  2.62  3.60  3.65  3.50  3.16  1.95  1.19  0.94  0.84     2.10  1.03  2.59  3.43  1.36
180   60     0.95  1.19  1.41  2.05  3.02  3.17  3.01  2.56  1.51  1.14  0.90  0.80     1.81  0.98  2.16  2.91  1.18
180   70     0.90  1.13  1.33  1.65  2.41  2.64  2.48  1.96  1.42  1.09  0.85  0.76     1.55  0.93  1.80  2.36  1.12
180   80     0.85  1.06  1.26  1.52  1.97  2.12  2.01  1.74  1.33  1.03  0.80  0.71     1.37  0.87  1.58  1.96  1.05
180   90     0.79  1.00  1.18  1.43  1.78  1.86  1.79  1.61  1.25  0.98  0.75  0.66     1.25  0.82  1.46  1.75  0.99
             49.3  41.9  32.2  18.8   6.6   2.1   3.8  13.3  25.8  42.0  51.1  54.0     24.9  48.2  18.5   6.3  39.0
             2.29  2.88  3.85  4.81  5.27  4.91  4.82  5.14  4.10  4.03  3.06  2.42     3.97  2.53  4.59  4.94  3.69
             2.16  2.80  3.83  4.79  5.10  4.66  4.61  5.07  4.10  3.90  2.82  2.20     3.84  2.39  4.57  4.78  3.61
             1.06  1.03  1.01  1.00  1.03  1.05  1.05  1.01  1.00  1.03  1.09  1.10     1.04  1.06  1.01  1.04  1.04
             1.21  1.17  1.11  1.03  0.97  0.95  0.95  1.00  1.07  1.19  1.28  1.29     1.10  1.22  1.04  0.97  1.18
temperature   4.4   4.7   7.7  13.0  17.7  21.4  25.6  26.8  22.6  16.9  11.8   7.1     15.0   5.4  12.8  24.6  17.1
diffusedrad  1.24  1.58  1.99  2.37  2.65  2.80  2.70  2.49  2.14  1.68  1.27  1.09     2.00  1.30  2.34  2.66  1.70
snow10cm     0.14  0.11  0.02  0.00  0.00  0.00  0.00  0.00  0.00  0.00  0.00  0.04     0.03  0.10  0.01  0.00  0.00
