2 69246   智頭            35 15.8  134 14.4  182
             1.71  2.37  3.09  4.21  4.61  4.33  4.19  4.39  3.33  2.86  1.95  1.59     3.22  1.89  3.97  4.30  2.72
             2.06  2.95  3.69  4.89  5.51  5.27  5.68  5.26  3.80  3.44  2.22  1.84     3.49  2.22  4.36  5.09  2.95
             1.45  1.73  2.52  3.67  3.89  3.58  3.24  3.61  2.69  2.56  1.26  1.29     2.94  1.60  3.57  3.63  2.47
  0   10     1.90  2.56  3.26  4.32  4.62  4.29  4.17  4.46  3.46  3.11  2.19  1.81     3.35  2.09  4.07  4.31  2.92
  0   20     2.05  2.72  3.37  4.35  4.55  4.19  4.08  4.43  3.53  3.30  2.38  2.00     3.41  2.26  4.09  4.24  3.07
  0   30     2.17  2.83  3.42  4.29  4.38  4.01  3.92  4.32  3.53  3.42  2.53  2.15     3.42  2.39  4.03  4.09  3.16
  0   40     2.25  2.89  3.40  4.14  4.13  3.76  3.69  4.12  3.45  3.46  2.62  2.25     3.35  2.47  3.89  3.86  3.18
  0   50     2.29  2.90  3.31  3.91  3.80  3.44  3.39  3.84  3.31  3.43  2.65  2.31     3.21  2.50  3.67  3.56  3.13
  0   60     2.28  2.85  3.15  3.59  3.41  3.08  3.04  3.49  3.10  3.32  2.63  2.31     3.02  2.48  3.38  3.20  3.02
  0   70     2.23  2.76  2.93  3.21  2.96  2.67  2.65  3.07  2.83  3.14  2.54  2.26     2.77  2.42  3.04  2.80  2.84
  0   80     2.13  2.61  2.66  2.77  2.48  2.24  2.23  2.62  2.51  2.89  2.39  2.16     2.48  2.30  2.64  2.36  2.60
  0   90     2.00  2.42  2.35  2.30  1.99  1.81  1.81  2.12  2.15  2.57  2.20  2.01     2.15  2.15  2.21  1.92  2.31
 15   10     1.89  2.56  3.25  4.32  4.62  4.29  4.17  4.45  3.46  3.09  2.18  1.80     3.34  2.08  4.06  4.31  2.91
 15   20     2.04  2.71  3.36  4.35  4.55  4.19  4.09  4.43  3.52  3.27  2.37  1.99     3.40  2.25  4.09  4.24  3.05
 15   30     2.15  2.81  3.40  4.29  4.38  4.01  3.92  4.32  3.51  3.38  2.51  2.13     3.40  2.37  4.02  4.08  3.13
 15   40     2.23  2.87  3.37  4.14  4.14  3.77  3.69  4.13  3.44  3.42  2.59  2.23     3.33  2.44  3.88  3.86  3.15
 15   50     2.26  2.87  3.27  3.92  3.82  3.46  3.40  3.85  3.29  3.37  2.62  2.27     3.20  2.47  3.67  3.57  3.09
 15   60     2.25  2.82  3.12  3.61  3.43  3.10  3.06  3.50  3.08  3.25  2.59  2.27     3.01  2.44  3.38  3.22  2.98
 15   70     2.19  2.72  2.90  3.23  3.00  2.70  2.68  3.10  2.81  3.07  2.50  2.22     2.76  2.38  3.04  2.83  2.79
 15   80     2.09  2.57  2.63  2.81  2.53  2.29  2.28  2.65  2.50  2.81  2.35  2.12     2.47  2.26  2.66  2.41  2.55
 15   90     1.96  2.38  2.31  2.35  2.06  1.88  1.87  2.19  2.15  2.50  2.15  1.97     2.15  2.10  2.24  1.98  2.27
 30   10     1.87  2.54  3.23  4.31  4.62  4.29  4.17  4.45  3.44  3.06  2.15  1.78     3.33  2.06  4.05  4.30  2.88
 30   20     2.00  2.67  3.32  4.33  4.54  4.20  4.08  4.42  3.49  3.21  2.32  1.94     3.38  2.20  4.06  4.23  3.01
 30   30     2.09  2.75  3.34  4.27  4.39  4.02  3.93  4.31  3.47  3.30  2.44  2.06     3.37  2.30  4.00  4.09  3.07
 30   40     2.15  2.79  3.30  4.13  4.16  3.79  3.70  4.12  3.39  3.31  2.50  2.14     3.29  2.36  3.86  3.87  3.07
 30   50     2.17  2.78  3.20  3.90  3.85  3.49  3.43  3.86  3.23  3.25  2.51  2.17     3.15  2.37  3.65  3.60  3.00
 30   60     2.14  2.72  3.04  3.62  3.49  3.15  3.10  3.54  3.03  3.12  2.46  2.15     2.96  2.34  3.38  3.26  2.87
 30   70     2.08  2.61  2.82  3.26  3.09  2.78  2.75  3.16  2.77  2.93  2.36  2.09     2.72  2.26  3.06  2.90  2.69
 30   80     1.98  2.46  2.56  2.87  2.65  2.40  2.37  2.75  2.47  2.68  2.21  1.98     2.45  2.14  2.69  2.50  2.45
 30   90     1.84  2.27  2.26  2.45  2.23  2.01  2.00  2.32  2.14  2.38  2.01  1.83     2.14  1.98  2.31  2.11  2.17
 45   10     1.84  2.50  3.20  4.29  4.61  4.29  4.16  4.43  3.41  3.01  2.11  1.74     3.30  2.03  4.03  4.30  2.85
 45   20     1.94  2.60  3.26  4.29  4.53  4.19  4.08  4.40  3.44  3.13  2.24  1.87     3.33  2.13  4.03  4.22  2.94
 45   30     2.00  2.66  3.26  4.22  4.39  4.03  3.93  4.28  3.40  3.17  2.32  1.95     3.30  2.21  3.96  4.08  2.96
 45   40     2.03  2.67  3.20  4.08  4.16  3.80  3.71  4.10  3.31  3.16  2.36  2.00     3.22  2.24  3.82  3.87  2.94
 45   50     2.03  2.64  3.08  3.87  3.88  3.52  3.45  3.85  3.15  3.08  2.34  2.01     3.08  2.23  3.61  3.61  2.86
 45   60     1.99  2.57  2.92  3.60  3.55  3.21  3.15  3.55  2.95  2.94  2.28  1.97     2.89  2.18  3.35  3.30  2.72
 45   70     1.91  2.46  2.71  3.27  3.17  2.86  2.81  3.19  2.70  2.74  2.16  1.90     2.66  2.09  3.05  2.96  2.54
 45   80     1.81  2.31  2.46  2.91  2.78  2.50  2.46  2.82  2.41  2.51  2.01  1.78     2.40  1.97  2.71  2.60  2.31
 45   90     1.67  2.13  2.19  2.52  2.39  2.15  2.12  2.44  2.11  2.22  1.82  1.64     2.12  1.81  2.36  2.24  2.05
 60   10     1.79  2.46  3.16  4.25  4.60  4.29  4.16  4.41  3.38  2.96  2.06  1.69     3.27  1.98  4.00  4.29  2.80
 60   20     1.86  2.52  3.18  4.24  4.52  4.19  4.07  4.36  3.38  3.01  2.14  1.77     3.27  2.05  3.98  4.21  2.84
 60   30     1.89  2.54  3.15  4.16  4.37  4.03  3.91  4.24  3.32  3.02  2.18  1.82     3.22  2.08  3.89  4.06  2.84
 60   40     1.89  2.52  3.07  4.01  4.16  3.81  3.71  4.06  3.21  2.97  2.17  1.83     3.12  2.08  3.74  3.86  2.78
 60   50     1.86  2.47  2.94  3.80  3.88  3.55  3.46  3.82  3.04  2.87  2.13  1.81     2.97  2.05  3.54  3.61  2.68
 60   60     1.80  2.38  2.77  3.54  3.57  3.25  3.17  3.52  2.84  2.73  2.05  1.76     2.78  1.98  3.29  3.31  2.54
 60   70     1.72  2.27  2.57  3.24  3.23  2.93  2.86  3.21  2.60  2.52  1.93  1.68     2.56  1.89  3.01  3.00  2.35
 60   80     1.62  2.13  2.33  2.89  2.86  2.59  2.54  2.86  2.34  2.30  1.78  1.56     2.32  1.77  2.70  2.66  2.14
 60   90     1.49  1.97  2.09  2.56  2.50  2.25  2.21  2.50  2.06  2.05  1.61  1.43     2.06  1.63  2.38  2.32  1.91
 75   10     1.75  2.40  3.11  4.21  4.59  4.29  4.15  4.38  3.34  2.89  2.00  1.64     3.23  1.93  3.97  4.27  2.74
 75   20     1.76  2.42  3.09  4.17  4.49  4.18  4.05  4.31  3.30  2.88  2.02  1.67     3.19  1.95  3.92  4.18  2.73
 75   30     1.76  2.40  3.02  4.07  4.33  4.02  3.90  4.18  3.21  2.84  2.01  1.67     3.12  1.94  3.81  4.03  2.69
 75   40     1.73  2.35  2.92  3.90  4.12  3.81  3.69  3.98  3.08  2.76  1.98  1.65     3.00  1.91  3.65  3.83  2.60
 75   50     1.68  2.28  2.77  3.69  3.86  3.55  3.45  3.75  2.91  2.63  1.90  1.60     2.84  1.86  3.44  3.58  2.48
 75   60     1.61  2.19  2.61  3.44  3.56  3.26  3.17  3.47  2.71  2.47  1.81  1.54     2.65  1.78  3.20  3.30  2.33
 75   70     1.52  2.07  2.40  3.15  3.23  2.95  2.87  3.16  2.48  2.29  1.69  1.45     2.44  1.68  2.93  2.99  2.15
 75   80     1.43  1.95  2.19  2.85  2.90  2.64  2.57  2.84  2.23  2.07  1.54  1.34     2.21  1.57  2.65  2.68  1.95
 75   90     1.31  1.80  1.96  2.52  2.55  2.32  2.26  2.51  1.97  1.86  1.40  1.22     1.97  1.44  2.34  2.36  1.74
 90   10     1.70  2.35  3.05  4.17  4.57  4.28  4.14  4.35  3.29  2.81  1.93  1.58     3.19  1.87  3.93  4.26  2.68
 90   20     1.66  2.31  2.99  4.09  4.46  4.17  4.04  4.25  3.21  2.75  1.89  1.55     3.11  1.84  3.84  4.15  2.62
 90   30     1.62  2.25  2.88  3.95  4.28  4.00  3.87  4.09  3.09  2.64  1.84  1.51     3.00  1.79  3.70  3.99  2.52
 90   40     1.56  2.17  2.75  3.76  4.06  3.78  3.66  3.88  2.94  2.52  1.76  1.46     2.86  1.73  3.52  3.77  2.41
 90   50     1.49  2.08  2.59  3.53  3.80  3.53  3.41  3.63  2.75  2.38  1.67  1.39     2.69  1.65  3.31  3.52  2.27
 90   60     1.42  1.99  2.41  3.29  3.50  3.24  3.14  3.37  2.55  2.21  1.56  1.31     2.50  1.57  3.07  3.25  2.11
 90   70     1.33  1.87  2.22  3.01  3.18  2.94  2.85  3.07  2.33  2.03  1.45  1.22     2.29  1.48  2.81  2.95  1.94
 90   80     1.25  1.76  2.02  2.72  2.86  2.63  2.55  2.76  2.09  1.84  1.32  1.12     2.08  1.38  2.53  2.65  1.75
 90   90     1.15  1.64  1.82  2.43  2.54  2.33  2.26  2.46  1.87  1.64  1.19  1.03     1.86  1.27  2.26  2.35  1.56
105   10     1.64  2.29  3.00  4.13  4.55  4.27  4.13  4.32  3.25  2.74  1.86  1.52     3.14  1.82  3.89  4.24  2.62
105   20     1.57  2.20  2.88  4.00  4.42  4.15  4.01  4.19  3.12  2.61  1.76  1.44     3.03  1.74  3.77  4.12  2.50
105   30     1.49  2.10  2.73  3.82  4.21  3.97  3.83  3.99  2.96  2.45  1.66  1.35     2.88  1.64  3.59  3.93  2.36
105   40     1.40  1.99  2.56  3.60  3.97  3.74  3.61  3.76  2.78  2.28  1.55  1.27     2.71  1.55  3.38  3.70  2.20
105   50     1.32  1.89  2.38  3.35  3.69  3.48  3.35  3.49  2.58  2.11  1.44  1.19     2.52  1.47  3.14  3.44  2.04
105   60     1.24  1.77  2.21  3.08  3.39  3.19  3.07  3.21  2.36  1.94  1.33  1.10     2.33  1.37  2.89  3.16  1.88
105   70     1.17  1.68  2.02  2.82  3.08  2.88  2.79  2.92  2.15  1.76  1.22  1.02     2.13  1.29  2.64  2.86  1.71
105   80     1.09  1.57  1.84  2.55  2.76  2.58  2.49  2.63  1.94  1.60  1.11  0.93     1.92  1.20  2.38  2.57  1.55
105   90     1.02  1.48  1.66  2.27  2.46  2.29  2.21  2.33  1.72  1.42  1.00  0.86     1.72  1.12  2.13  2.27  1.38
120   10     1.59  2.24  2.95  4.09  4.53  4.27  4.12  4.29  3.21  2.67  1.80  1.46     3.10  1.76  3.86  4.23  2.56
120   20     1.47  2.10  2.78  3.91  4.37  4.14  3.99  4.12  3.04  2.47  1.64  1.33     2.95  1.63  3.69  4.08  2.38
120   30     1.36  1.95  2.59  3.68  4.15  3.94  3.79  3.89  2.84  2.25  1.49  1.20     2.76  1.50  3.47  3.87  2.19
120   40     1.25  1.81  2.38  3.41  3.87  3.69  3.55  3.61  2.62  2.04  1.34  1.10     2.56  1.39  3.22  3.62  2.00
120   50     1.17  1.69  2.18  3.13  3.56  3.40  3.27  3.31  2.39  1.85  1.22  1.00     2.35  1.29  2.96  3.33  1.82
120   60     1.09  1.59  1.99  2.85  3.24  3.10  2.97  3.01  2.17  1.66  1.12  0.92     2.14  1.20  2.69  3.02  1.65
120   70     1.03  1.50  1.81  2.58  2.92  2.79  2.68  2.72  1.96  1.51  1.02  0.86     1.95  1.13  2.44  2.73  1.50
120   80     0.97  1.41  1.65  2.33  2.61  2.49  2.39  2.44  1.75  1.36  0.93  0.79     1.76  1.05  2.19  2.44  1.35
120   90     0.91  1.34  1.49  2.09  2.32  2.20  2.12  2.18  1.57  1.22  0.84  0.73     1.58  0.99  1.96  2.16  1.21
135   10     1.55  2.19  2.91  4.05  4.51  4.26  4.11  4.26  3.17  2.61  1.74  1.41     3.06  1.72  3.82  4.21  2.51
135   20     1.39  2.01  2.69  3.83  4.34  4.13  3.97  4.06  2.96  2.35  1.53  1.23     2.87  1.54  3.62  4.05  2.28
135   30     1.24  1.82  2.45  3.54  4.08  3.91  3.76  3.79  2.72  2.07  1.33  1.06     2.65  1.37  3.36  3.82  2.04
135   40     1.13  1.65  2.20  3.22  3.76  3.64  3.48  3.46  2.46  1.82  1.17  0.94     2.41  1.24  3.06  3.53  1.81
135   50     1.04  1.52  1.98  2.89  3.40  3.32  3.17  3.12  2.20  1.60  1.04  0.86     2.18  1.14  2.76  3.20  1.61
135   60     0.98  1.42  1.78  2.59  3.04  2.98  2.85  2.78  1.96  1.42  0.94  0.80     1.96  1.07  2.47  2.87  1.44
135   70     0.93  1.35  1.62  2.31  2.71  2.65  2.53  2.48  1.75  1.28  0.87  0.74     1.77  1.01  2.21  2.56  1.30
135   80     0.89  1.28  1.47  2.07  2.40  2.35  2.25  2.21  1.58  1.16  0.80  0.70     1.60  0.96  1.98  2.27  1.18
135   90     0.85  1.24  1.34  1.86  2.13  2.08  1.99  1.97  1.41  1.06  0.73  0.65     1.44  0.91  1.78  2.01  1.07
150   10     1.52  2.16  2.87  4.02  4.50  4.26  4.11  4.24  3.14  2.56  1.70  1.37     3.04  1.68  3.80  4.21  2.47
150   20     1.32  1.93  2.62  3.76  4.31  4.12  3.96  4.01  2.90  2.25  1.44  1.15     2.81  1.47  3.56  4.03  2.19
150   30     1.15  1.70  2.33  3.43  4.03  3.90  3.74  3.71  2.62  1.92  1.20  0.95     2.56  1.27  3.26  3.78  1.91
150   40     1.02  1.51  2.04  3.05  3.67  3.61  3.44  3.34  2.31  1.61  1.01  0.83     2.29  1.12  2.92  3.46  1.64
150   50     0.96  1.37  1.78  2.66  3.26  3.25  3.10  2.93  2.01  1.37  0.90  0.77     2.03  1.04  2.57  3.09  1.43
150   60     0.93  1.30  1.58  2.30  2.83  2.86  2.72  2.54  1.76  1.21  0.84  0.74     1.80  0.99  2.24  2.71  1.27
150   70     0.90  1.25  1.44  2.02  2.46  2.49  2.37  2.22  1.57  1.11  0.78  0.70     1.61  0.95  1.97  2.36  1.15
150   80     0.86  1.21  1.33  1.80  2.16  2.18  2.07  1.96  1.41  1.02  0.73  0.66     1.45  0.91  1.76  2.07  1.06
150   90     0.83  1.18  1.23  1.63  1.92  1.92  1.83  1.76  1.28  0.94  0.68  0.62     1.32  0.88  1.59  1.84  0.97
165   10     1.50  2.13  2.85  4.00  4.50  4.26  4.11  4.23  3.12  2.53  1.67  1.34     3.02  1.66  3.78  4.20  2.44
165   20     1.28  1.88  2.57  3.71  4.30  4.12  3.96  3.99  2.87  2.18  1.38  1.09     2.78  1.42  3.53  4.02  2.14
165   30     1.07  1.62  2.25  3.36  4.01  3.90  3.73  3.67  2.56  1.80  1.09  0.87     2.49  1.19  3.21  3.76  1.82
165   40     0.98  1.39  1.92  2.94  3.65  3.60  3.43  3.28  2.21  1.44  0.90  0.80     2.21  1.05  2.83  3.44  1.51
165   50     0.95  1.28  1.61  2.48  3.21  3.25  3.08  2.83  1.85  1.18  0.86  0.77     1.95  1.00  2.43  3.05  1.30
165   60     0.93  1.25  1.42  2.02  2.73  2.84  2.68  2.33  1.57  1.08  0.82  0.74     1.70  0.97  2.06  2.62  1.16
165   70     0.90  1.22  1.32  1.74  2.22  2.39  2.24  1.94  1.41  1.02  0.77  0.70     1.49  0.94  1.76  2.19  1.07
165   80     0.86  1.19  1.24  1.57  1.91  2.01  1.91  1.72  1.29  0.97  0.73  0.66     1.34  0.91  1.58  1.88  1.00
165   90     0.83  1.16  1.17  1.44  1.71  1.77  1.69  1.56  1.19  0.91  0.68  0.62     1.23  0.87  1.44  1.67  0.93
180   10     1.49  2.13  2.85  3.98  4.50  4.26  4.11  4.23  3.12  2.53  1.66  1.33     3.01  1.65  3.77  4.20  2.43
180   20     1.26  1.86  2.56  3.69  4.29  4.12  3.96  3.99  2.85  2.16  1.35  1.07     2.76  1.40  3.52  4.02  2.12
180   30     1.04  1.58  2.23  3.33  4.00  3.89  3.73  3.66  2.54  1.76  1.05  0.84     2.47  1.16  3.19  3.76  1.78
180   40     0.98  1.33  1.87  2.90  3.64  3.60  3.43  3.27  2.18  1.35  0.90  0.80     2.19  1.03  2.80  3.43  1.47
180   50     0.95  1.28  1.49  2.42  3.20  3.24  3.08  2.82  1.79  1.12  0.86  0.77     1.92  1.00  2.37  3.05  1.26
180   60     0.93  1.25  1.36  1.91  2.72  2.84  2.67  2.32  1.43  1.08  0.82  0.74     1.67  0.97  2.00  2.61  1.11
180   70     0.90  1.22  1.29  1.55  2.19  2.39  2.24  1.81  1.33  1.02  0.77  0.70     1.45  0.94  1.68  2.15  1.04
180   80     0.86  1.19  1.23  1.43  1.80  1.94  1.83  1.61  1.25  0.97  0.73  0.66     1.29  0.91  1.49  1.80  0.98
180   90     0.83  1.16  1.16  1.34  1.63  1.71  1.63  1.48  1.16  0.91  0.68  0.62     1.19  0.87  1.37  1.61  0.92
             53.2  46.4  31.8  18.8   6.5   2.2   3.8  12.0  24.6  40.7  50.3  55.3     25.3  51.5  18.2   6.2  37.9
             2.29  2.90  3.42  4.35  4.63  4.32  4.19  4.46  3.54  3.46  2.65  2.31     3.54  2.50  4.09  4.31  3.18
             2.12  2.79  3.41  4.33  4.47  4.11  4.01  4.39  3.54  3.37  2.47  2.09     3.42  2.33  4.07  4.17  3.13
             1.08  1.04  1.00  1.00  1.04  1.05  1.04  1.02  1.00  1.03  1.07  1.11     1.04  1.07  1.01  1.04  1.03
             1.24  1.18  1.10  1.03  0.97  0.95  0.96  1.00  1.06  1.18  1.27  1.31     1.10  1.24  1.03  0.97  1.17
temperature   1.6   1.9   5.5  11.4  16.3  20.3  24.1  25.0  20.8  14.6   9.1   4.1     12.9   2.5  11.1  23.1  14.8
diffusedrad  1.15  1.54  1.84  2.19  2.44  2.59  2.50  2.31  1.96  1.53  1.14  0.98     1.85  1.22  2.15  2.47  1.54
snow10cm     0.34  0.43  0.09  0.00  0.00  0.00  0.00  0.00  0.00  0.00  0.00  0.10     0.08  0.29  0.03  0.00  0.00
