2 72161   財田            34  7.2  133 46.3   65
             1.99  2.72  3.53  4.57  4.85  4.46  4.84  4.91  3.72  3.20  2.29  1.89     3.58  2.20  4.31  4.74  3.07
             2.43  3.56  4.19  5.53  5.67  5.09  6.28  5.98  4.28  4.00  2.84  2.37     3.88  2.72  4.88  5.58  3.35
             1.65  1.84  2.70  3.91  4.21  3.74  3.86  3.76  3.27  2.76  1.61  1.39     3.32  1.79  3.73  4.01  2.78
  0   10     2.24  3.00  3.74  4.68  4.85  4.42  4.81  4.96  3.86  3.47  2.58  2.19     3.73  2.48  4.43  4.73  3.31
  0   20     2.46  3.22  3.89  4.71  4.76  4.30  4.69  4.93  3.94  3.69  2.83  2.44     3.82  2.70  4.45  4.64  3.49
  0   30     2.62  3.36  3.95  4.64  4.59  4.11  4.49  4.80  3.94  3.82  3.01  2.64     3.83  2.87  4.39  4.47  3.59
  0   40     2.72  3.44  3.92  4.47  4.31  3.84  4.20  4.57  3.86  3.87  3.13  2.77     3.76  2.98  4.24  4.20  3.62
  0   50     2.77  3.43  3.81  4.21  3.95  3.50  3.83  4.24  3.69  3.83  3.17  2.84     3.61  3.01  3.99  3.86  3.56
  0   60     2.75  3.35  3.62  3.86  3.53  3.13  3.40  3.83  3.45  3.70  3.14  2.85     3.38  2.98  3.67  3.45  3.43
  0   70     2.66  3.19  3.35  3.43  3.06  2.70  2.92  3.35  3.14  3.49  3.03  2.78     3.09  2.88  3.28  2.99  3.22
  0   80     2.52  2.96  3.01  2.94  2.54  2.25  2.42  2.82  2.77  3.20  2.86  2.65     2.75  2.71  2.83  2.50  2.94
  0   90     2.33  2.67  2.62  2.42  2.02  1.81  1.91  2.25  2.36  2.85  2.62  2.46     2.36  2.49  2.35  1.99  2.61
 15   10     2.23  2.99  3.73  4.68  4.85  4.42  4.81  4.96  3.86  3.46  2.57  2.18     3.73  2.47  4.42  4.73  3.29
 15   20     2.43  3.20  3.86  4.71  4.77  4.30  4.70  4.93  3.93  3.66  2.81  2.42     3.81  2.69  4.45  4.64  3.47
 15   30     2.59  3.34  3.92  4.64  4.58  4.11  4.49  4.80  3.92  3.78  2.98  2.61     3.81  2.84  4.38  4.47  3.56
 15   40     2.68  3.40  3.88  4.48  4.32  3.85  4.21  4.57  3.84  3.81  3.09  2.73     3.74  2.94  4.23  4.21  3.58
 15   50     2.72  3.39  3.77  4.22  3.97  3.52  3.85  4.25  3.67  3.76  3.13  2.80     3.59  2.97  3.99  3.87  3.52
 15   60     2.69  3.30  3.57  3.87  3.56  3.15  3.43  3.85  3.43  3.63  3.09  2.79     3.36  2.93  3.67  3.48  3.38
 15   70     2.60  3.14  3.30  3.46  3.10  2.73  2.96  3.39  3.12  3.41  2.98  2.73     3.08  2.82  3.29  3.03  3.17
 15   80     2.46  2.92  2.96  2.99  2.60  2.31  2.48  2.87  2.76  3.12  2.81  2.60     2.74  2.66  2.85  2.55  2.90
 15   90     2.26  2.63  2.58  2.48  2.10  1.88  2.00  2.34  2.36  2.77  2.57  2.40     2.36  2.43  2.39  2.07  2.56
 30   10     2.20  2.96  3.70  4.67  4.85  4.42  4.81  4.95  3.84  3.42  2.54  2.15     3.71  2.44  4.41  4.73  3.27
 30   20     2.37  3.14  3.82  4.69  4.76  4.31  4.70  4.92  3.90  3.59  2.75  2.36     3.78  2.63  4.42  4.64  3.41
 30   30     2.50  3.25  3.85  4.63  4.60  4.13  4.51  4.80  3.88  3.68  2.89  2.52     3.77  2.76  4.36  4.48  3.49
 30   40     2.57  3.30  3.80  4.46  4.34  3.87  4.23  4.57  3.78  3.70  2.98  2.62     3.69  2.83  4.20  4.22  3.48
 30   50     2.59  3.27  3.68  4.22  4.02  3.57  3.90  4.28  3.61  3.63  2.99  2.66     3.53  2.84  3.97  3.91  3.41
 30   60     2.54  3.17  3.48  3.90  3.63  3.21  3.50  3.90  3.38  3.47  2.94  2.64     3.31  2.78  3.67  3.54  3.26
 30   70     2.44  3.00  3.21  3.50  3.20  2.83  3.08  3.47  3.08  3.25  2.81  2.56     3.04  2.67  3.31  3.12  3.05
 30   80     2.29  2.77  2.89  3.07  2.74  2.42  2.63  3.00  2.73  2.97  2.63  2.42     2.71  2.49  2.90  2.68  2.78
 30   90     2.09  2.48  2.52  2.61  2.29  2.04  2.19  2.52  2.36  2.62  2.39  2.22     2.36  2.27  2.47  2.25  2.46
 45   10     2.15  2.91  3.67  4.65  4.84  4.42  4.81  4.94  3.81  3.37  2.49  2.10     3.68  2.39  4.39  4.72  3.22
 45   20     2.29  3.05  3.74  4.66  4.76  4.31  4.70  4.90  3.84  3.49  2.65  2.26     3.72  2.53  4.39  4.63  3.33
 45   30     2.37  3.13  3.75  4.58  4.60  4.13  4.51  4.77  3.80  3.54  2.75  2.38     3.69  2.63  4.31  4.47  3.36
 45   40     2.41  3.14  3.68  4.42  4.36  3.90  4.26  4.56  3.70  3.52  2.80  2.44     3.60  2.67  4.15  4.24  3.34
 45   50     2.40  3.08  3.54  4.18  4.05  3.60  3.94  4.27  3.52  3.44  2.78  2.45     3.44  2.65  3.92  3.94  3.25
 45   60     2.33  2.97  3.34  3.88  3.70  3.28  3.58  3.94  3.29  3.27  2.71  2.41     3.23  2.57  3.64  3.60  3.09
 45   70     2.22  2.80  3.08  3.52  3.29  2.92  3.19  3.53  3.01  3.05  2.57  2.31     2.96  2.44  3.30  3.21  2.88
 45   80     2.07  2.57  2.78  3.13  2.89  2.54  2.77  3.11  2.68  2.78  2.39  2.16     2.66  2.27  2.93  2.81  2.62
 45   90     1.87  2.30  2.44  2.71  2.47  2.19  2.37  2.68  2.34  2.45  2.16  1.98     2.33  2.05  2.54  2.41  2.32
 60   10     2.09  2.85  3.61  4.62  4.84  4.42  4.80  4.91  3.77  3.30  2.42  2.04     3.64  2.33  4.36  4.71  3.16
 60   20     2.18  2.94  3.64  4.60  4.75  4.31  4.69  4.86  3.77  3.37  2.52  2.14     3.65  2.42  4.33  4.62  3.22
 60   30     2.21  2.96  3.62  4.51  4.58  4.14  4.51  4.72  3.70  3.37  2.57  2.21     3.59  2.46  4.23  4.46  3.22
 60   40     2.22  2.94  3.52  4.35  4.35  3.91  4.27  4.52  3.58  3.31  2.57  2.22     3.48  2.46  4.07  4.23  3.15
 60   50     2.17  2.86  3.37  4.12  4.07  3.64  3.98  4.25  3.40  3.20  2.53  2.20     3.31  2.41  3.85  3.96  3.04
 60   60     2.09  2.73  3.16  3.83  3.73  3.32  3.63  3.92  3.17  3.03  2.44  2.13     3.10  2.32  3.57  3.62  2.88
 60   70     1.97  2.56  2.92  3.50  3.37  2.99  3.27  3.56  2.90  2.81  2.29  2.02     2.85  2.18  3.27  3.27  2.67
 60   80     1.82  2.34  2.63  3.13  2.98  2.65  2.89  3.17  2.61  2.56  2.11  1.88     2.56  2.02  2.92  2.90  2.43
 60   90     1.64  2.10  2.34  2.76  2.60  2.30  2.51  2.77  2.30  2.27  1.91  1.71     2.27  1.81  2.56  2.52  2.16
 75   10     2.03  2.78  3.55  4.58  4.82  4.41  4.79  4.88  3.72  3.23  2.34  1.96     3.59  2.26  4.32  4.70  3.10
 75   20     2.05  2.80  3.53  4.53  4.72  4.30  4.68  4.81  3.68  3.22  2.38  2.00     3.56  2.28  4.26  4.60  3.09
 75   30     2.04  2.78  3.45  4.41  4.55  4.13  4.50  4.66  3.58  3.17  2.37  2.01     3.47  2.28  4.14  4.43  3.04
 75   40     2.00  2.71  3.34  4.23  4.32  3.91  4.26  4.44  3.43  3.07  2.33  1.98     3.34  2.23  3.96  4.20  2.94
 75   50     1.93  2.61  3.16  4.00  4.05  3.65  3.98  4.18  3.25  2.93  2.25  1.92     3.16  2.15  3.74  3.93  2.81
 75   60     1.83  2.47  2.96  3.73  3.73  3.35  3.65  3.87  3.02  2.75  2.14  1.84     2.95  2.05  3.47  3.62  2.64
 75   70     1.70  2.29  2.72  3.41  3.38  3.02  3.30  3.52  2.76  2.54  2.00  1.73     2.70  1.91  3.17  3.28  2.44
 75   80     1.56  2.10  2.46  3.09  3.03  2.70  2.95  3.17  2.49  2.30  1.83  1.59     2.44  1.75  2.86  2.94  2.21
 75   90     1.40  1.87  2.18  2.73  2.67  2.37  2.59  2.80  2.20  2.06  1.65  1.44     2.16  1.57  2.53  2.59  1.97
 90   10     1.96  2.70  3.49  4.53  4.81  4.41  4.79  4.85  3.67  3.14  2.26  1.88     3.54  2.18  4.27  4.68  3.02
 90   20     1.92  2.65  3.40  4.44  4.69  4.29  4.66  4.74  3.58  3.07  2.22  1.85     3.46  2.14  4.18  4.57  2.95
 90   30     1.85  2.57  3.28  4.29  4.50  4.12  4.47  4.57  3.45  2.95  2.15  1.80     3.33  2.08  4.02  4.38  2.85
 90   40     1.78  2.46  3.12  4.09  4.26  3.89  4.22  4.33  3.27  2.81  2.06  1.73     3.17  1.99  3.82  4.15  2.71
 90   50     1.67  2.33  2.94  3.84  3.99  3.63  3.94  4.05  3.06  2.64  1.96  1.65     2.98  1.88  3.59  3.87  2.56
 90   60     1.57  2.18  2.71  3.57  3.68  3.34  3.63  3.76  2.84  2.46  1.83  1.55     2.76  1.77  3.32  3.57  2.37
 90   70     1.45  2.01  2.49  3.27  3.34  3.02  3.29  3.43  2.59  2.25  1.70  1.44     2.52  1.63  3.04  3.25  2.18
 90   80     1.32  1.84  2.25  2.95  3.00  2.70  2.94  3.08  2.33  2.03  1.54  1.31     2.27  1.49  2.73  2.90  1.97
 90   90     1.18  1.65  2.01  2.64  2.66  2.39  2.60  2.75  2.08  1.82  1.39  1.19     2.03  1.34  2.44  2.58  1.76
105   10     1.89  2.63  3.42  4.48  4.79  4.40  4.78  4.82  3.62  3.06  2.17  1.80     3.49  2.11  4.23  4.67  2.95
105   20     1.78  2.50  3.27  4.34  4.65  4.28  4.64  4.67  3.48  2.91  2.06  1.70     3.36  1.99  4.09  4.53  2.81
105   30     1.67  2.36  3.10  4.15  4.44  4.09  4.43  4.46  3.30  2.73  1.93  1.59     3.19  1.87  3.89  4.33  2.65
105   40     1.55  2.21  2.89  3.91  4.18  3.86  4.17  4.19  3.09  2.53  1.80  1.49     2.99  1.75  3.66  4.07  2.48
105   50     1.44  2.05  2.68  3.64  3.89  3.58  3.87  3.89  2.86  2.35  1.67  1.38     2.77  1.63  3.40  3.78  2.29
105   60     1.33  1.89  2.46  3.35  3.57  3.28  3.54  3.58  2.62  2.15  1.54  1.27     2.55  1.50  3.13  3.47  2.10
105   70     1.21  1.74  2.24  3.06  3.24  2.97  3.21  3.26  2.38  1.95  1.41  1.18     2.32  1.38  2.85  3.15  1.91
105   80     1.10  1.57  2.02  2.77  2.90  2.65  2.87  2.93  2.15  1.76  1.28  1.06     2.09  1.24  2.56  2.82  1.73
105   90     0.99  1.42  1.80  2.47  2.58  2.35  2.54  2.60  1.90  1.56  1.15  0.97     1.86  1.13  2.28  2.50  1.54
120   10     1.82  2.55  3.36  4.44  4.77  4.40  4.77  4.78  3.57  2.98  2.10  1.73     3.44  2.03  4.19  4.65  2.88
120   20     1.66  2.35  3.15  4.25  4.61  4.27  4.61  4.59  3.38  2.75  1.90  1.56     3.26  1.86  4.00  4.49  2.68
120   30     1.49  2.15  2.91  4.00  4.37  4.07  4.38  4.33  3.15  2.51  1.71  1.40     3.04  1.68  3.76  4.26  2.46
120   40     1.35  1.95  2.66  3.71  4.08  3.81  4.09  4.02  2.90  2.27  1.54  1.26     2.80  1.52  3.48  3.97  2.24
120   50     1.22  1.77  2.41  3.40  3.75  3.51  3.76  3.68  2.64  2.04  1.40  1.14     2.56  1.38  3.19  3.65  2.03
120   60     1.11  1.62  2.18  3.09  3.41  3.19  3.42  3.34  2.39  1.84  1.27  1.04     2.33  1.25  2.89  3.32  1.84
120   70     1.01  1.47  1.97  2.79  3.07  2.87  3.08  3.02  2.15  1.66  1.16  0.95     2.10  1.15  2.61  2.99  1.66
120   80     0.92  1.33  1.77  2.52  2.75  2.56  2.74  2.71  1.93  1.50  1.05  0.86     1.89  1.04  2.35  2.67  1.49
120   90     0.84  1.21  1.58  2.26  2.43  2.26  2.42  2.42  1.73  1.34  0.95  0.79     1.69  0.95  2.09  2.37  1.34
135   10     1.76  2.48  3.30  4.40  4.75  4.39  4.76  4.75  3.52  2.92  2.03  1.66     3.40  1.97  4.15  4.64  2.82
135   20     1.54  2.22  3.03  4.16  4.57  4.26  4.59  4.52  3.29  2.62  1.77  1.43     3.17  1.73  3.92  4.46  2.56
135   30     1.33  1.96  2.73  3.84  4.30  4.04  4.34  4.22  3.01  2.30  1.52  1.22     2.90  1.50  3.63  4.20  2.28
135   40     1.17  1.72  2.43  3.49  3.97  3.76  4.01  3.85  2.71  2.01  1.32  1.05     2.62  1.31  3.30  3.88  2.01
135   50     1.04  1.52  2.15  3.13  3.59  3.43  3.64  3.46  2.41  1.76  1.17  0.94     2.35  1.17  2.96  3.51  1.78
135   60     0.95  1.37  1.91  2.80  3.21  3.08  3.26  3.07  2.15  1.56  1.05  0.86     2.11  1.06  2.64  3.13  1.59
135   70     0.87  1.24  1.71  2.50  2.85  2.74  2.89  2.73  1.91  1.40  0.96  0.79     1.88  0.97  2.35  2.79  1.42
135   80     0.80  1.13  1.54  2.23  2.53  2.42  2.55  2.43  1.71  1.26  0.88  0.74     1.69  0.89  2.10  2.47  1.29
135   90     0.74  1.04  1.39  2.00  2.24  2.14  2.25  2.16  1.54  1.15  0.81  0.68     1.51  0.82  1.88  2.19  1.17
150   10     1.72  2.43  3.26  4.36  4.75  4.39  4.76  4.73  3.49  2.86  1.97  1.61     3.36  1.92  4.12  4.63  2.78
150   20     1.45  2.11  2.94  4.08  4.55  4.25  4.58  4.47  3.22  2.50  1.65  1.32     3.09  1.63  3.86  4.44  2.46
150   30     1.20  1.78  2.59  3.72  4.26  4.03  4.32  4.12  2.89  2.13  1.36  1.06     2.79  1.35  3.52  4.16  2.12
150   40     1.01  1.50  2.22  3.31  3.89  3.73  3.96  3.70  2.54  1.78  1.12  0.89     2.47  1.14  3.14  3.80  1.81
150   50     0.92  1.29  1.90  2.87  3.45  3.37  3.54  3.24  2.19  1.49  0.98  0.81     2.17  1.01  2.74  3.38  1.55
150   60     0.86  1.17  1.65  2.48  3.00  2.96  3.09  2.79  1.90  1.31  0.90  0.77     1.91  0.93  2.37  2.94  1.37
150   70     0.81  1.08  1.48  2.16  2.59  2.57  2.66  2.41  1.68  1.19  0.85  0.73     1.68  0.87  2.08  2.55  1.24
150   80     0.76  1.00  1.34  1.92  2.26  2.25  2.32  2.13  1.51  1.10  0.80  0.68     1.50  0.81  1.84  2.23  1.14
150   90     0.70  0.93  1.23  1.74  2.00  1.97  2.04  1.90  1.37  1.02  0.75  0.64     1.36  0.76  1.66  1.97  1.04
165   10     1.69  2.40  3.23  4.34  4.74  4.39  4.76  4.71  3.47  2.83  1.94  1.57     3.34  1.89  4.10  4.62  2.75
165   20     1.38  2.04  2.88  4.03  4.54  4.25  4.58  4.44  3.18  2.43  1.58  1.25     3.05  1.55  3.82  4.42  2.40
165   30     1.09  1.66  2.48  3.65  4.24  4.03  4.31  4.07  2.82  2.00  1.22  0.95     2.71  1.24  3.46  4.14  2.02
165   40     0.94  1.32  2.06  3.19  3.86  3.73  3.96  3.62  2.42  1.58  0.96  0.84     2.37  1.03  3.04  3.77  1.66
165   50     0.90  1.13  1.67  2.67  3.40  3.36  3.53  3.11  2.01  1.27  0.92  0.81     2.06  0.94  2.58  3.34  1.40
165   60     0.85  1.07  1.43  2.17  2.89  2.94  3.04  2.54  1.67  1.15  0.88  0.77     1.78  0.90  2.16  2.84  1.23
165   70     0.81  1.02  1.30  1.84  2.35  2.48  2.51  2.07  1.48  1.09  0.83  0.73     1.54  0.85  1.83  2.36  1.13
165   80     0.76  0.96  1.22  1.65  2.00  2.07  2.09  1.82  1.36  1.03  0.79  0.68     1.37  0.80  1.62  1.99  1.06
165   90     0.70  0.90  1.14  1.51  1.78  1.82  1.84  1.65  1.26  0.97  0.74  0.64     1.25  0.75  1.48  1.77  0.99
180   10     1.68  2.38  3.22  4.33  4.74  4.39  4.76  4.70  3.47  2.82  1.93  1.56     3.33  1.87  4.10  4.62  2.74
180   20     1.36  2.01  2.86  4.01  4.53  4.25  4.58  4.42  3.16  2.41  1.55  1.22     3.03  1.53  3.80  4.42  2.37
180   30     1.05  1.61  2.45  3.61  4.23  4.03  4.32  4.04  2.80  1.95  1.18  0.91     2.68  1.19  3.43  4.13  1.98
180   40     0.94  1.23  2.00  3.14  3.85  3.73  3.96  3.59  2.39  1.49  0.95  0.84     2.34  1.00  3.00  3.76  1.61
180   50     0.90  1.12  1.52  2.62  3.40  3.36  3.54  3.07  1.94  1.19  0.92  0.81     2.03  0.94  2.51  3.32  1.35
180   60     0.85  1.07  1.33  2.05  2.89  2.94  3.05  2.50  1.48  1.14  0.88  0.77     1.75  0.90  2.09  2.83  1.17
180   70     0.81  1.02  1.26  1.61  2.33  2.48  2.52  1.89  1.38  1.09  0.83  0.73     1.50  0.85  1.73  2.30  1.10
180   80     0.76  0.96  1.19  1.48  1.88  2.00  2.00  1.64  1.29  1.03  0.79  0.68     1.31  0.80  1.52  1.88  1.04
180   90     0.70  0.90  1.12  1.39  1.69  1.75  1.76  1.50  1.21  0.97  0.74  0.64     1.20  0.75  1.40  1.67  0.97
             51.9  44.3  32.0  17.7   5.5   1.3   2.6  12.1  24.7  40.4  50.8  55.5     26.1  50.2  18.2   5.7  38.2
             2.77  3.44  3.95  4.71  4.86  4.45  4.84  4.96  3.95  3.87  3.17  2.85     3.99  3.01  4.46  4.74  3.62
             2.56  3.31  3.93  4.68  4.67  4.19  4.58  4.86  3.95  3.78  2.95  2.57     3.84  2.81  4.43  4.55  3.56
             1.08  1.04  1.01  1.01  1.04  1.06  1.06  1.02  1.00  1.02  1.07  1.11     1.04  1.08  1.02  1.05  1.03
             1.29  1.22  1.11  1.02  0.96  0.94  0.95  0.99  1.06  1.18  1.29  1.36     1.11  1.29  1.03  0.96  1.18
temperature   4.3   4.7   7.9  13.4  18.1  22.0  26.0  26.7  22.9  16.9  11.5   6.6     15.1   5.2  13.1  24.9  17.1
diffusedrad  1.19  1.52  1.90  2.28  2.53  2.63  2.60  2.40  2.06  1.66  1.25  1.08     1.92  1.26  2.23  2.54  1.66
snow10cm     0.00  0.00  0.00  0.00  0.00  0.00  0.00  0.00  0.00  0.00  0.00  0.00     0.00  0.00  0.00  0.00  0.00
