2 73076   今治            34  4.6  132 59.4    2
             2.18  2.88  3.75  4.68  5.15  4.82  5.19  5.27  3.96  3.27  2.39  2.00     3.80  2.36  4.53  5.09  3.21
             2.57  3.41  4.48  5.72  6.22  5.61  6.87  6.43  4.85  3.92  2.87  2.29     4.18  2.69  5.18  6.10  3.53
             1.89  2.04  2.83  4.10  4.23  3.64  4.00  4.22  3.37  2.85  1.94  1.67     3.43  1.98  3.96  4.49  2.85
  0   10     2.53  3.22  4.01  4.81  5.15  4.77  5.15  5.34  4.14  3.60  2.73  2.36     3.98  2.70  4.66  5.09  3.49
  0   20     2.83  3.49  4.19  4.84  5.06  4.63  5.02  5.31  4.24  3.85  3.02  2.67     4.10  3.00  4.70  4.99  3.71
  0   30     3.06  3.68  4.28  4.77  4.86  4.41  4.79  5.16  4.25  4.02  3.24  2.91     4.12  3.22  4.64  4.79  3.84
  0   40     3.22  3.79  4.26  4.60  4.56  4.11  4.46  4.91  4.17  4.09  3.38  3.08     4.05  3.36  4.47  4.49  3.88
  0   50     3.30  3.80  4.15  4.32  4.17  3.72  4.05  4.54  3.99  4.06  3.44  3.18     3.89  3.43  4.21  4.10  3.83
  0   60     3.30  3.73  3.95  3.96  3.70  3.29  3.57  4.09  3.73  3.94  3.42  3.20     3.65  3.41  3.87  3.65  3.69
  0   70     3.22  3.56  3.66  3.51  3.19  2.81  3.04  3.55  3.39  3.72  3.32  3.14     3.34  3.31  3.45  3.13  3.48
  0   80     3.07  3.32  3.29  3.00  2.62  2.31  2.48  2.96  2.98  3.42  3.13  3.01     2.96  3.13  2.97  2.58  3.18
  0   90     2.84  3.00  2.85  2.45  2.05  1.82  1.92  2.33  2.52  3.04  2.88  2.80     2.54  2.88  2.45  2.02  2.81
 15   10     2.51  3.21  4.00  4.81  5.15  4.77  5.15  5.34  4.13  3.59  2.71  2.35     3.98  2.69  4.65  5.09  3.48
 15   20     2.79  3.47  4.16  4.84  5.06  4.64  5.02  5.31  4.23  3.83  2.99  2.64     4.08  2.97  4.69  4.99  3.69
 15   30     3.01  3.65  4.24  4.77  4.86  4.41  4.79  5.16  4.23  3.99  3.20  2.87     4.10  3.18  4.62  4.79  3.81
 15   40     3.15  3.75  4.22  4.61  4.57  4.12  4.48  4.92  4.14  4.05  3.34  3.03     4.03  3.31  4.46  4.50  3.84
 15   50     3.23  3.75  4.10  4.34  4.19  3.74  4.07  4.56  3.97  4.01  3.39  3.12     3.87  3.37  4.21  4.13  3.79
 15   60     3.22  3.67  3.89  3.98  3.74  3.32  3.61  4.12  3.71  3.88  3.36  3.13     3.64  3.34  3.87  3.68  3.65
 15   70     3.13  3.51  3.60  3.55  3.24  2.86  3.09  3.61  3.37  3.66  3.25  3.07     3.33  3.24  3.46  3.19  3.43
 15   80     2.97  3.26  3.23  3.06  2.69  2.38  2.56  3.03  2.98  3.36  3.07  2.93     2.96  3.06  2.99  2.65  3.14
 15   90     2.74  2.94  2.80  2.53  2.15  1.90  2.03  2.44  2.53  2.99  2.81  2.72     2.55  2.80  2.49  2.12  2.78
 30   10     2.47  3.18  3.96  4.80  5.15  4.77  5.15  5.33  4.11  3.56  2.68  2.31     3.96  2.65  4.64  5.08  3.45
 30   20     2.71  3.40  4.11  4.83  5.06  4.64  5.02  5.30  4.19  3.77  2.92  2.56     4.04  2.89  4.66  4.99  3.63
 30   30     2.89  3.55  4.16  4.76  4.88  4.44  4.82  5.17  4.18  3.90  3.10  2.76     4.05  3.07  4.60  4.81  3.73
 30   40     3.00  3.62  4.12  4.59  4.60  4.15  4.51  4.92  4.08  3.94  3.20  2.89     3.97  3.17  4.44  4.53  3.74
 30   50     3.04  3.61  4.00  4.34  4.25  3.81  4.14  4.60  3.90  3.89  3.23  2.95     3.81  3.20  4.20  4.18  3.67
 30   60     3.01  3.51  3.79  4.01  3.83  3.40  3.71  4.18  3.65  3.75  3.18  2.94     3.58  3.16  3.87  3.77  3.53
 30   70     2.91  3.34  3.49  3.60  3.37  2.98  3.24  3.72  3.33  3.54  3.06  2.87     3.29  3.04  3.49  3.31  3.31
 30   80     2.74  3.08  3.14  3.15  2.87  2.54  2.75  3.19  2.95  3.24  2.86  2.72     2.94  2.85  3.05  2.82  3.02
 30   90     2.51  2.76  2.74  2.67  2.37  2.11  2.27  2.66  2.54  2.88  2.61  2.50     2.55  2.59  2.60  2.35  2.67
 45   10     2.41  3.12  3.92  4.77  5.15  4.77  5.15  5.31  4.07  3.50  2.62  2.25     3.92  2.59  4.61  5.08  3.40
 45   20     2.59  3.30  4.02  4.79  5.05  4.65  5.03  5.27  4.12  3.67  2.81  2.44     3.98  2.78  4.62  4.98  3.54
 45   30     2.72  3.41  4.04  4.71  4.88  4.45  4.83  5.13  4.09  3.76  2.93  2.59     3.96  2.91  4.54  4.80  3.59
 45   40     2.79  3.44  3.98  4.56  4.62  4.19  4.55  4.92  3.98  3.77  3.00  2.68     3.87  2.97  4.39  4.55  3.59
 45   50     2.79  3.39  3.83  4.31  4.29  3.86  4.20  4.60  3.80  3.71  2.99  2.71     3.71  2.96  4.14  4.22  3.50
 45   60     2.74  3.28  3.63  4.00  3.92  3.50  3.81  4.24  3.56  3.56  2.92  2.67     3.49  2.90  3.85  3.85  3.35
 45   70     2.62  3.10  3.35  3.63  3.48  3.11  3.38  3.80  3.25  3.34  2.78  2.57     3.20  2.76  3.49  3.43  3.13
 45   80     2.45  2.85  3.02  3.22  3.04  2.69  2.93  3.34  2.90  3.06  2.59  2.41     2.88  2.57  3.10  2.99  2.85
 45   90     2.22  2.56  2.65  2.79  2.60  2.30  2.49  2.86  2.53  2.73  2.34  2.21     2.52  2.33  2.68  2.55  2.53
 60   10     2.33  3.04  3.86  4.74  5.14  4.77  5.14  5.28  4.03  3.43  2.54  2.17     3.87  2.51  4.58  5.07  3.33
 60   20     2.45  3.16  3.90  4.73  5.04  4.65  5.03  5.23  4.04  3.54  2.66  2.30     3.89  2.64  4.56  4.97  3.41
 60   30     2.51  3.21  3.88  4.64  4.86  4.46  4.83  5.09  3.98  3.58  2.73  2.39     3.85  2.70  4.46  4.79  3.43
 60   40     2.54  3.20  3.79  4.47  4.63  4.22  4.57  4.87  3.85  3.56  2.74  2.42     3.74  2.72  4.30  4.55  3.38
 60   50     2.50  3.13  3.64  4.25  4.32  3.92  4.25  4.59  3.66  3.46  2.70  2.41     3.57  2.68  4.07  4.25  3.28
 60   60     2.42  2.99  3.42  3.94  3.96  3.57  3.88  4.23  3.42  3.31  2.61  2.35     3.34  2.59  3.77  3.89  3.12
 60   70     2.29  2.82  3.17  3.61  3.58  3.21  3.48  3.85  3.14  3.09  2.46  2.23     3.08  2.45  3.45  3.51  2.90
 60   80     2.13  2.59  2.85  3.23  3.16  2.83  3.08  3.42  2.81  2.85  2.28  2.08     2.78  2.27  3.08  3.11  2.65
 60   90     1.92  2.33  2.53  2.85  2.75  2.46  2.67  2.98  2.48  2.54  2.06  1.90     2.45  2.05  2.71  2.70  2.36
 75   10     2.24  2.96  3.79  4.69  5.12  4.77  5.14  5.25  3.97  3.35  2.45  2.08     3.82  2.43  4.53  5.05  3.26
 75   20     2.28  3.00  3.77  4.65  5.02  4.65  5.01  5.17  3.93  3.38  2.50  2.13     3.79  2.47  4.48  4.94  3.27
 75   30     2.29  2.98  3.69  4.54  4.83  4.46  4.82  5.01  3.84  3.37  2.49  2.15     3.71  2.48  4.35  4.76  3.23
 75   40     2.25  2.92  3.58  4.35  4.59  4.22  4.56  4.78  3.68  3.30  2.46  2.14     3.57  2.44  4.17  4.52  3.15
 75   50     2.19  2.83  3.40  4.12  4.30  3.94  4.26  4.50  3.48  3.18  2.38  2.08     3.39  2.37  3.94  4.23  3.02
 75   60     2.08  2.68  3.19  3.85  3.97  3.61  3.91  4.18  3.25  3.02  2.28  2.00     3.17  2.26  3.67  3.90  2.85
 75   70     1.95  2.50  2.93  3.52  3.59  3.26  3.53  3.80  2.97  2.81  2.13  1.88     2.91  2.11  3.35  3.53  2.64
 75   80     1.80  2.30  2.66  3.19  3.22  2.91  3.15  3.42  2.69  2.58  1.95  1.74     2.63  1.95  3.02  3.16  2.40
 75   90     1.61  2.06  2.36  2.82  2.84  2.56  2.77  3.03  2.37  2.32  1.77  1.58     2.34  1.75  2.67  2.78  2.15
 90   10     2.15  2.87  3.71  4.64  5.10  4.76  5.13  5.21  3.91  3.26  2.36  1.99     3.76  2.34  4.49  5.03  3.17
 90   20     2.11  2.81  3.62  4.55  4.98  4.64  4.99  5.09  3.81  3.21  2.32  1.95     3.67  2.29  4.38  4.91  3.11
 90   30     2.04  2.74  3.49  4.40  4.78  4.44  4.79  4.91  3.67  3.12  2.25  1.91     3.54  2.23  4.22  4.71  3.01
 90   40     1.96  2.63  3.32  4.20  4.53  4.20  4.52  4.66  3.49  3.01  2.15  1.84     3.38  2.14  4.01  4.46  2.88
 90   50     1.85  2.49  3.13  3.94  4.24  3.92  4.22  4.36  3.27  2.86  2.06  1.75     3.17  2.03  3.77  4.17  2.73
 90   60     1.75  2.35  2.90  3.67  3.91  3.60  3.88  4.05  3.03  2.68  1.92  1.66     2.95  1.92  3.49  3.84  2.54
 90   70     1.61  2.16  2.67  3.37  3.55  3.26  3.52  3.70  2.77  2.49  1.79  1.54     2.70  1.77  3.20  3.50  2.35
 90   80     1.48  1.98  2.41  3.04  3.19  2.92  3.14  3.32  2.49  2.27  1.63  1.41     2.44  1.62  2.88  3.13  2.13
 90   90     1.33  1.78  2.15  2.73  2.83  2.58  2.79  2.96  2.23  2.06  1.47  1.28     2.18  1.46  2.57  2.78  1.92
105   10     2.06  2.77  3.63  4.59  5.09  4.76  5.12  5.17  3.85  3.16  2.26  1.89     3.70  2.24  4.43  5.02  3.09
105   20     1.93  2.63  3.47  4.45  4.93  4.62  4.97  5.01  3.69  3.03  2.13  1.78     3.55  2.11  4.28  4.87  2.95
105   30     1.80  2.48  3.27  4.25  4.71  4.42  4.74  4.78  3.50  2.87  2.00  1.66     3.37  1.98  4.08  4.64  2.79
105   40     1.66  2.32  3.05  4.00  4.43  4.16  4.45  4.49  3.28  2.69  1.86  1.54     3.16  1.84  3.83  4.37  2.61
105   50     1.54  2.16  2.82  3.73  4.12  3.86  4.13  4.17  3.03  2.51  1.73  1.44     2.94  1.72  3.56  4.06  2.42
105   60     1.42  1.99  2.60  3.43  3.79  3.54  3.79  3.83  2.78  2.33  1.59  1.33     2.70  1.58  3.27  3.72  2.23
105   70     1.30  1.83  2.36  3.14  3.44  3.20  3.43  3.50  2.52  2.13  1.46  1.23     2.46  1.45  2.98  3.38  2.04
105   80     1.18  1.66  2.13  2.85  3.08  2.86  3.07  3.15  2.28  1.96  1.33  1.11     2.22  1.32  2.68  3.03  1.85
105   90     1.07  1.50  1.91  2.54  2.74  2.54  2.71  2.80  2.02  1.76  1.20  1.02     1.98  1.20  2.39  2.68  1.66
120   10     1.97  2.68  3.55  4.54  5.07  4.75  5.11  5.13  3.79  3.07  2.17  1.80     3.64  2.15  4.39  5.00  3.01
120   20     1.76  2.46  3.31  4.34  4.89  4.61  4.94  4.92  3.58  2.85  1.96  1.61     3.43  1.94  4.18  4.82  2.79
120   30     1.56  2.23  3.05  4.08  4.63  4.39  4.68  4.63  3.32  2.61  1.75  1.43     3.20  1.74  3.92  4.57  2.56
120   40     1.40  2.01  2.78  3.78  4.32  4.10  4.37  4.29  3.05  2.38  1.57  1.28     2.94  1.56  3.63  4.25  2.33
120   50     1.26  1.82  2.51  3.47  3.96  3.77  4.01  3.93  2.77  2.16  1.41  1.15     2.69  1.41  3.31  3.90  2.11
120   60     1.14  1.66  2.26  3.15  3.60  3.43  3.64  3.56  2.50  1.96  1.29  1.04     2.44  1.28  3.01  3.54  1.92
120   70     1.03  1.51  2.04  2.85  3.24  3.08  3.27  3.21  2.25  1.79  1.17  0.96     2.20  1.17  2.71  3.19  1.74
120   80     0.94  1.36  1.84  2.57  2.90  2.75  2.91  2.88  2.01  1.63  1.06  0.87     1.98  1.06  2.44  2.85  1.57
120   90     0.86  1.24  1.64  2.31  2.57  2.43  2.58  2.58  1.80  1.48  0.96  0.80     1.77  0.97  2.17  2.53  1.41
135   10     1.89  2.60  3.49  4.50  5.05  4.75  5.10  5.10  3.74  2.99  2.09  1.72     3.58  2.07  4.34  4.98  2.94
135   20     1.61  2.29  3.18  4.25  4.85  4.60  4.92  4.84  3.47  2.68  1.80  1.45     3.33  1.78  4.09  4.78  2.65
135   30     1.35  1.99  2.84  3.92  4.55  4.36  4.63  4.49  3.16  2.36  1.53  1.21     3.03  1.52  3.77  4.49  2.35
135   40     1.15  1.73  2.50  3.55  4.18  4.04  4.27  4.09  2.82  2.06  1.31  1.03     2.73  1.30  3.41  4.13  2.06
135   50     1.01  1.51  2.20  3.18  3.78  3.67  3.86  3.65  2.50  1.81  1.14  0.91     2.44  1.14  3.05  3.73  1.82
135   60     0.91  1.35  1.94  2.83  3.37  3.28  3.44  3.24  2.21  1.62  1.03  0.83     2.17  1.03  2.71  3.32  1.62
135   70     0.83  1.22  1.73  2.52  2.98  2.91  3.04  2.87  1.96  1.46  0.94  0.76     1.94  0.94  2.41  2.94  1.45
135   80     0.78  1.11  1.55  2.26  2.64  2.57  2.69  2.55  1.75  1.33  0.86  0.71     1.73  0.87  2.15  2.60  1.32
135   90     0.72  1.03  1.40  2.02  2.34  2.27  2.37  2.27  1.58  1.22  0.80  0.66     1.56  0.80  1.92  2.30  1.20
150   10     1.83  2.53  3.44  4.46  5.04  4.75  5.10  5.07  3.70  2.92  2.03  1.66     3.54  2.01  4.31  4.97  2.88
150   20     1.48  2.16  3.06  4.16  4.82  4.59  4.90  4.78  3.39  2.54  1.67  1.32     3.24  1.65  4.01  4.76  2.53
150   30     1.17  1.78  2.66  3.79  4.50  4.34  4.60  4.38  3.01  2.14  1.33  1.03     2.90  1.33  3.65  4.44  2.16
150   40     0.95  1.46  2.25  3.35  4.09  4.01  4.21  3.91  2.61  1.77  1.07  0.83     2.54  1.08  3.23  4.04  1.82
150   50     0.84  1.23  1.89  2.89  3.61  3.60  3.74  3.39  2.23  1.48  0.92  0.75     2.21  0.94  2.80  3.58  1.54
150   60     0.79  1.10  1.62  2.48  3.12  3.14  3.23  2.89  1.91  1.30  0.85  0.71     1.93  0.87  2.41  3.09  1.35
150   70     0.75  1.01  1.44  2.16  2.68  2.70  2.77  2.48  1.68  1.18  0.80  0.68     1.70  0.81  2.09  2.65  1.22
150   80     0.71  0.95  1.31  1.91  2.33  2.35  2.40  2.18  1.51  1.10  0.76  0.64     1.51  0.77  1.85  2.31  1.12
150   90     0.67  0.89  1.20  1.73  2.07  2.06  2.11  1.95  1.37  1.02  0.72  0.61     1.37  0.72  1.67  2.04  1.04
165   10     1.79  2.49  3.40  4.44  5.03  4.75  5.10  5.05  3.68  2.88  1.99  1.62     3.52  1.97  4.29  4.97  2.85
165   20     1.40  2.07  3.00  4.11  4.81  4.59  4.91  4.74  3.33  2.44  1.58  1.23     3.18  1.56  3.97  4.75  2.45
165   30     1.03  1.63  2.54  3.70  4.48  4.34  4.61  4.32  2.93  1.98  1.18  0.89     2.80  1.18  3.57  4.42  2.03
165   40     0.84  1.23  2.06  3.21  4.06  4.01  4.21  3.81  2.47  1.52  0.89  0.77     2.42  0.95  3.11  4.01  1.63
165   50     0.81  1.02  1.62  2.67  3.56  3.59  3.73  3.23  2.00  1.19  0.85  0.74     2.09  0.86  2.62  3.52  1.35
165   60     0.78  0.98  1.35  2.14  3.00  3.12  3.19  2.59  1.63  1.07  0.82  0.71     1.78  0.82  2.16  2.97  1.17
165   70     0.75  0.94  1.23  1.79  2.39  2.59  2.59  2.07  1.43  1.02  0.78  0.68     1.52  0.79  1.81  2.42  1.08
165   80     0.71  0.89  1.16  1.61  2.02  2.12  2.13  1.80  1.31  0.97  0.75  0.64     1.34  0.75  1.60  2.02  1.01
165   90     0.67  0.84  1.09  1.48  1.80  1.86  1.86  1.64  1.23  0.93  0.70  0.61     1.23  0.71  1.46  1.79  0.95
180   10     1.77  2.48  3.40  4.42  5.03  4.75  5.10  5.04  3.67  2.86  1.97  1.60     3.51  1.95  4.29  4.96  2.84
180   20     1.36  2.03  2.98  4.09  4.81  4.60  4.91  4.71  3.32  2.40  1.55  1.20     3.16  1.53  3.96  4.74  2.42
180   30     0.98  1.56  2.50  3.66  4.48  4.35  4.62  4.29  2.90  1.91  1.13  0.85     2.77  1.13  3.55  4.42  1.98
180   40     0.84  1.13  1.98  3.16  4.06  4.01  4.22  3.77  2.43  1.40  0.88  0.77     2.39  0.91  3.07  4.00  1.57
180   50     0.81  1.01  1.44  2.61  3.56  3.60  3.75  3.19  1.92  1.08  0.85  0.74     2.05  0.86  2.53  3.51  1.29
180   60     0.78  0.98  1.23  2.02  3.00  3.12  3.20  2.54  1.40  1.05  0.82  0.71     1.74  0.82  2.08  2.95  1.09
180   70     0.75  0.94  1.18  1.55  2.38  2.60  2.61  1.86  1.31  1.00  0.78  0.68     1.47  0.79  1.70  2.35  1.03
180   80     0.71  0.89  1.12  1.42  1.89  2.05  2.03  1.58  1.24  0.96  0.75  0.64     1.27  0.75  1.48  1.89  0.98
180   90     0.67  0.84  1.07  1.34  1.70  1.78  1.78  1.47  1.17  0.92  0.70  0.61     1.17  0.71  1.37  1.68  0.93
             55.3  46.6  33.6  18.1   5.4   0.7   2.2  12.4  25.9  42.1  52.4  57.6     27.6  52.9  19.0   5.5  39.7
             3.31  3.81  4.28  4.85  5.17  4.81  5.19  5.34  4.26  4.09  3.44  3.20     4.31  3.43  4.70  5.10  3.88
             3.01  3.65  4.27  4.80  4.92  4.47  4.85  5.21  4.26  3.99  3.19  2.86     4.12  3.17  4.66  4.84  3.81
             1.10  1.04  1.00  1.01  1.05  1.08  1.07  1.02  1.00  1.03  1.08  1.12     1.05  1.09  1.02  1.06  1.03
             1.38  1.27  1.14  1.03  0.96  0.93  0.93  0.99  1.08  1.22  1.33  1.43     1.14  1.36  1.04  0.95  1.21
temperature   5.8   5.9   8.7  13.5  18.0  21.8  25.9  27.1  23.8  18.3  13.1   8.3     15.9   6.7  13.4  24.9  18.4
diffusedrad  1.13  1.42  1.80  2.16  2.44  2.54  2.49  2.25  1.98  1.53  1.19  1.01     1.83  1.19  2.14  2.43  1.57
snow10cm     0.00  0.00  0.00  0.00  0.00  0.00  0.00  0.00  0.00  0.00  0.00  0.00     0.00  0.00  0.00  0.00  0.00
