1 73166   松山            33 50.6  132 46.6   32
             2.28  3.02  3.78  4.70  5.07  4.63  5.03  5.18  4.01  3.48  2.59  2.15     3.83  2.48  4.52  4.95  3.36
             2.51  3.38  4.25  5.42  5.98  5.54  6.43  6.10  4.88  3.89  2.92  2.39     4.00  2.63  4.88  5.64  3.59
             1.81  2.23  2.80  3.93  4.01  3.73  3.94  4.13  3.31  2.88  2.00  1.71     3.45  2.06  3.86  4.16  2.88
  0   10     2.63  3.37  4.03  4.82  5.08  4.58  4.99  5.25  4.19  3.84  2.97  2.55     4.03  2.85  4.64  4.94  3.67
  0   20     2.93  3.65  4.20  4.86  4.98  4.46  4.86  5.21  4.29  4.12  3.30  2.89     4.14  3.16  4.68  4.84  3.90
  0   30     3.16  3.85  4.28  4.78  4.79  4.25  4.64  5.07  4.30  4.30  3.54  3.16     4.18  3.39  4.62  4.65  4.05
  0   40     3.32  3.96  4.26  4.61  4.49  3.96  4.32  4.82  4.21  4.37  3.71  3.36     4.12  3.55  4.45  4.37  4.10
  0   50     3.40  3.98  4.15  4.33  4.10  3.60  3.93  4.46  4.03  4.35  3.78  3.47     3.96  3.62  4.19  4.00  4.05
  0   60     3.40  3.89  3.94  3.96  3.65  3.18  3.47  4.01  3.76  4.22  3.76  3.49     3.73  3.60  3.85  3.56  3.91
  0   70     3.32  3.72  3.65  3.51  3.15  2.73  2.96  3.49  3.42  3.99  3.65  3.43     3.42  3.49  3.44  3.06  3.69
  0   80     3.16  3.46  3.28  3.00  2.59  2.25  2.43  2.92  3.01  3.67  3.44  3.29     3.04  3.30  2.96  2.53  3.37
  0   90     2.92  3.13  2.84  2.45  2.04  1.79  1.90  2.31  2.54  3.26  3.16  3.06     2.62  3.03  2.44  2.00  2.99
 15   10     2.61  3.36  4.01  4.82  5.08  4.58  4.99  5.25  4.18  3.83  2.96  2.54     4.02  2.84  4.64  4.94  3.66
 15   20     2.89  3.63  4.17  4.85  4.98  4.46  4.86  5.21  4.27  4.09  3.27  2.86     4.13  3.13  4.67  4.85  3.88
 15   30     3.11  3.82  4.24  4.78  4.78  4.25  4.64  5.07  4.27  4.26  3.51  3.12     4.16  3.35  4.60  4.66  4.01
 15   40     3.26  3.92  4.22  4.61  4.50  3.97  4.34  4.83  4.19  4.33  3.66  3.30     4.09  3.49  4.44  4.38  4.06
 15   50     3.33  3.92  4.10  4.34  4.13  3.61  3.95  4.48  4.01  4.30  3.72  3.40     3.94  3.55  4.19  4.01  4.01
 15   60     3.32  3.84  3.89  3.98  3.68  3.21  3.51  4.04  3.74  4.16  3.69  3.42     3.71  3.52  3.85  3.59  3.87
 15   70     3.23  3.66  3.59  3.55  3.19  2.77  3.01  3.54  3.40  3.93  3.58  3.35     3.40  3.41  3.44  3.11  3.63
 15   80     3.06  3.40  3.22  3.06  2.66  2.31  2.50  2.98  3.00  3.60  3.37  3.20     3.03  3.22  2.98  2.60  3.33
 15   90     2.82  3.06  2.79  2.53  2.13  1.87  2.00  2.41  2.55  3.20  3.09  2.97     2.62  2.95  2.48  2.09  2.95
 30   10     2.57  3.32  3.98  4.81  5.08  4.59  4.99  5.24  4.16  3.79  2.92  2.50     3.99  2.79  4.62  4.94  3.62
 30   20     2.81  3.56  4.12  4.84  4.98  4.46  4.86  5.20  4.23  4.02  3.19  2.78     4.09  3.05  4.64  4.84  3.82
 30   30     2.99  3.71  4.17  4.77  4.80  4.27  4.66  5.07  4.22  4.17  3.39  3.00     4.10  3.23  4.58  4.67  3.93
 30   40     3.11  3.79  4.12  4.60  4.53  4.00  4.37  4.83  4.12  4.22  3.51  3.15     4.03  3.35  4.41  4.40  3.95
 30   50     3.14  3.77  4.00  4.34  4.18  3.67  4.02  4.51  3.94  4.17  3.54  3.22     3.88  3.38  4.17  4.07  3.88
 30   60     3.11  3.67  3.78  4.01  3.77  3.29  3.60  4.10  3.69  4.02  3.49  3.21     3.64  3.33  3.85  3.66  3.73
 30   70     3.00  3.48  3.49  3.60  3.31  2.88  3.15  3.65  3.36  3.79  3.36  3.12     3.35  3.20  3.47  3.23  3.50
 30   80     2.82  3.22  3.14  3.15  2.83  2.46  2.68  3.13  2.98  3.47  3.14  2.96     3.00  3.00  3.04  2.76  3.20
 30   90     2.58  2.88  2.73  2.67  2.34  2.05  2.21  2.62  2.56  3.08  2.86  2.73     2.61  2.73  2.58  2.29  2.83
 45   10     2.50  3.26  3.94  4.79  5.07  4.59  4.99  5.22  4.12  3.73  2.85  2.43     3.96  2.73  4.60  4.93  3.57
 45   20     2.69  3.45  4.03  4.80  4.98  4.47  4.87  5.18  4.17  3.92  3.06  2.65     4.02  2.93  4.60  4.84  3.72
 45   30     2.82  3.56  4.05  4.72  4.80  4.28  4.67  5.04  4.13  4.01  3.20  2.81     4.01  3.06  4.52  4.67  3.78
 45   40     2.89  3.59  3.98  4.56  4.55  4.03  4.41  4.83  4.03  4.04  3.28  2.91     3.92  3.13  4.37  4.42  3.78
 45   50     2.89  3.54  3.84  4.31  4.22  3.72  4.07  4.51  3.84  3.97  3.28  2.94     3.76  3.12  4.12  4.10  3.69
 45   60     2.83  3.43  3.63  4.00  3.85  3.38  3.69  4.16  3.59  3.81  3.20  2.90     3.54  3.05  3.83  3.74  3.53
 45   70     2.71  3.24  3.35  3.62  3.43  3.00  3.28  3.73  3.28  3.58  3.05  2.79     3.25  2.91  3.47  3.33  3.30
 45   80     2.52  2.98  3.02  3.22  2.99  2.60  2.84  3.27  2.93  3.28  2.84  2.63     2.93  2.71  3.08  2.90  3.02
 45   90     2.29  2.67  2.65  2.78  2.56  2.23  2.42  2.81  2.55  2.92  2.57  2.40     2.57  2.46  2.66  2.48  2.68
 60   10     2.42  3.18  3.88  4.75  5.06  4.59  4.98  5.19  4.07  3.66  2.77  2.34     3.91  2.65  4.56  4.92  3.50
 60   20     2.54  3.30  3.92  4.74  4.96  4.47  4.87  5.14  4.08  3.77  2.90  2.49     3.93  2.78  4.54  4.83  3.58
 60   30     2.61  3.35  3.90  4.65  4.78  4.29  4.67  5.00  4.02  3.83  2.98  2.58     3.89  2.85  4.44  4.65  3.61
 60   40     2.63  3.35  3.80  4.48  4.55  4.05  4.42  4.78  3.89  3.80  2.99  2.62     3.78  2.87  4.28  4.42  3.56
 60   50     2.59  3.27  3.65  4.25  4.25  3.77  4.11  4.50  3.70  3.70  2.96  2.62     3.61  2.83  4.05  4.13  3.45
 60   60     2.50  3.13  3.42  3.94  3.89  3.43  3.75  4.15  3.45  3.54  2.86  2.55     3.38  2.73  3.75  3.78  3.29
 60   70     2.37  2.94  3.17  3.61  3.52  3.09  3.37  3.77  3.17  3.31  2.70  2.42     3.12  2.58  3.43  3.41  3.06
 60   80     2.19  2.70  2.85  3.23  3.11  2.73  2.98  3.35  2.84  3.05  2.50  2.26     2.81  2.38  3.06  3.02  2.79
 60   90     1.97  2.42  2.53  2.84  2.70  2.37  2.58  2.92  2.50  2.72  2.25  2.06     2.49  2.15  2.69  2.62  2.49
 75   10     2.34  3.10  3.80  4.71  5.04  4.58  4.97  5.16  4.02  3.57  2.66  2.25     3.85  2.56  4.52  4.91  3.42
 75   20     2.37  3.13  3.79  4.66  4.94  4.47  4.85  5.08  3.98  3.60  2.72  2.30     3.82  2.60  4.46  4.80  3.43
 75   30     2.38  3.12  3.71  4.55  4.76  4.29  4.66  4.93  3.88  3.59  2.71  2.33     3.74  2.61  4.34  4.63  3.39
 75   40     2.33  3.06  3.59  4.36  4.52  4.06  4.41  4.70  3.72  3.52  2.68  2.31     3.60  2.57  4.16  4.39  3.31
 75   50     2.27  2.95  3.40  4.13  4.23  3.78  4.12  4.42  3.52  3.39  2.60  2.25     3.42  2.49  3.92  4.11  3.17
 75   60     2.16  2.80  3.19  3.85  3.90  3.47  3.78  4.10  3.28  3.22  2.48  2.17     3.20  2.38  3.65  3.79  3.00
 75   70     2.02  2.61  2.93  3.51  3.53  3.13  3.42  3.73  3.00  3.01  2.33  2.04     2.94  2.22  3.33  3.42  2.78
 75   80     1.86  2.40  2.66  3.18  3.17  2.79  3.05  3.35  2.71  2.76  2.13  1.89     2.66  2.05  3.00  3.06  2.53
 75   90     1.66  2.15  2.36  2.82  2.79  2.46  2.68  2.96  2.39  2.48  1.93  1.71     2.37  1.84  2.65  2.70  2.27
 90   10     2.24  3.00  3.73  4.66  5.03  4.58  4.96  5.13  3.96  3.46  2.56  2.14     3.79  2.46  4.47  4.89  3.33
 90   20     2.19  2.94  3.64  4.57  4.91  4.46  4.84  5.01  3.86  3.42  2.51  2.11     3.70  2.41  4.37  4.77  3.26
 90   30     2.12  2.86  3.51  4.42  4.71  4.27  4.63  4.83  3.72  3.32  2.44  2.06     3.57  2.35  4.21  4.58  3.16
 90   40     2.04  2.75  3.33  4.21  4.46  4.04  4.38  4.58  3.53  3.20  2.34  1.99     3.40  2.26  4.00  4.33  3.02
 90   50     1.93  2.60  3.14  3.95  4.17  3.77  4.08  4.28  3.31  3.05  2.23  1.89     3.20  2.14  3.75  4.04  2.86
 90   60     1.81  2.45  2.91  3.68  3.85  3.46  3.75  3.97  3.06  2.86  2.09  1.79     2.97  2.02  3.48  3.73  2.67
 90   70     1.67  2.26  2.67  3.37  3.50  3.14  3.41  3.63  2.80  2.66  1.95  1.67     2.73  1.86  3.18  3.39  2.47
 90   80     1.53  2.07  2.41  3.04  3.13  2.80  3.04  3.26  2.51  2.42  1.77  1.52     2.46  1.71  2.86  3.03  2.23
 90   90     1.37  1.85  2.15  2.72  2.78  2.48  2.69  2.90  2.25  2.19  1.60  1.38     2.20  1.54  2.55  2.69  2.02
105   10     2.14  2.90  3.65  4.61  5.01  4.58  4.96  5.09  3.90  3.36  2.45  2.04     3.72  2.36  4.42  4.87  3.24
105   20     2.01  2.75  3.49  4.47  4.86  4.45  4.81  4.93  3.74  3.22  2.31  1.91     3.58  2.23  4.27  4.73  3.09
105   30     1.88  2.59  3.29  4.26  4.64  4.25  4.59  4.70  3.54  3.04  2.16  1.78     3.39  2.08  4.07  4.51  2.91
105   40     1.74  2.42  3.07  4.02  4.37  4.00  4.31  4.42  3.31  2.85  2.01  1.66     3.18  1.94  3.82  4.25  2.73
105   50     1.61  2.26  2.84  3.74  4.06  3.72  4.00  4.11  3.07  2.67  1.86  1.54     2.96  1.80  3.55  3.94  2.53
105   60     1.48  2.08  2.61  3.44  3.73  3.41  3.67  3.77  2.81  2.48  1.72  1.42     2.72  1.66  3.26  3.61  2.34
105   70     1.35  1.91  2.37  3.15  3.38  3.08  3.32  3.44  2.55  2.27  1.58  1.31     2.48  1.53  2.97  3.28  2.13
105   80     1.23  1.73  2.14  2.85  3.03  2.75  2.97  3.10  2.30  2.08  1.43  1.19     2.23  1.38  2.67  2.94  1.94
105   90     1.11  1.57  1.91  2.54  2.69  2.44  2.63  2.75  2.04  1.87  1.29  1.09     1.99  1.25  2.38  2.60  1.74
120   10     2.05  2.80  3.57  4.56  4.99  4.57  4.95  5.05  3.84  3.26  2.35  1.94     3.66  2.26  4.38  4.86  3.15
120   20     1.84  2.57  3.34  4.36  4.82  4.44  4.78  4.85  3.62  3.02  2.11  1.72     3.46  2.04  4.17  4.69  2.92
120   30     1.64  2.33  3.07  4.10  4.57  4.22  4.54  4.57  3.36  2.76  1.88  1.52     3.21  1.83  3.91  4.44  2.67
120   40     1.46  2.10  2.80  3.80  4.26  3.95  4.24  4.23  3.09  2.51  1.68  1.36     2.96  1.64  3.62  4.14  2.43
120   50     1.32  1.90  2.53  3.48  3.91  3.64  3.89  3.87  2.81  2.28  1.51  1.22     2.70  1.48  3.31  3.80  2.20
120   60     1.19  1.73  2.28  3.17  3.55  3.31  3.53  3.51  2.54  2.07  1.37  1.10     2.44  1.34  3.00  3.45  1.99
120   70     1.08  1.57  2.06  2.86  3.20  2.97  3.17  3.16  2.28  1.89  1.25  1.02     2.21  1.22  2.71  3.10  1.80
120   80     0.98  1.42  1.85  2.58  2.86  2.65  2.83  2.84  2.03  1.72  1.14  0.92     1.99  1.11  2.43  2.77  1.63
120   90     0.90  1.29  1.65  2.31  2.53  2.34  2.50  2.53  1.82  1.56  1.03  0.85     1.78  1.01  2.17  2.46  1.47
135   10     1.97  2.72  3.51  4.52  4.97  4.57  4.94  5.02  3.79  3.17  2.26  1.85     3.61  2.18  4.34  4.84  3.07
135   20     1.68  2.40  3.20  4.27  4.78  4.42  4.76  4.77  3.52  2.84  1.93  1.55     3.34  1.88  4.08  4.65  2.76
135   30     1.42  2.08  2.87  3.94  4.49  4.20  4.49  4.43  3.20  2.49  1.64  1.28     3.04  1.60  3.77  4.37  2.44
135   40     1.21  1.80  2.53  3.57  4.13  3.90  4.15  4.04  2.86  2.17  1.39  1.09     2.74  1.37  3.41  4.03  2.14
135   50     1.06  1.58  2.22  3.20  3.73  3.54  3.75  3.62  2.53  1.90  1.21  0.95     2.44  1.20  3.05  3.64  1.88
135   60     0.96  1.40  1.96  2.85  3.33  3.17  3.35  3.20  2.24  1.69  1.08  0.86     2.17  1.08  2.71  3.24  1.67
135   70     0.88  1.27  1.75  2.54  2.95  2.82  2.97  2.84  1.99  1.53  0.99  0.80     1.94  0.98  2.41  2.88  1.50
135   80     0.82  1.16  1.57  2.27  2.62  2.49  2.62  2.52  1.78  1.39  0.91  0.74     1.74  0.91  2.15  2.54  1.36
135   90     0.75  1.07  1.42  2.03  2.32  2.19  2.31  2.24  1.59  1.28  0.84  0.69     1.56  0.84  1.92  2.25  1.24
150   10     1.91  2.65  3.46  4.48  4.97  4.57  4.94  4.99  3.75  3.10  2.19  1.78     3.57  2.12  4.30  4.83  3.01
150   20     1.56  2.25  3.09  4.18  4.75  4.42  4.75  4.71  3.43  2.68  1.79  1.41     3.25  1.74  4.01  4.63  2.63
150   30     1.23  1.86  2.69  3.81  4.44  4.18  4.47  4.33  3.06  2.25  1.42  1.08     2.90  1.39  3.65  4.33  2.24
150   40     1.00  1.52  2.28  3.37  4.04  3.87  4.10  3.87  2.65  1.85  1.12  0.86     2.55  1.13  3.23  3.94  1.88
150   50     0.89  1.28  1.92  2.92  3.58  3.48  3.65  3.36  2.27  1.54  0.96  0.78     2.22  0.98  2.81  3.50  1.59
150   60     0.83  1.14  1.65  2.50  3.10  3.04  3.16  2.88  1.94  1.34  0.88  0.74     1.93  0.90  2.42  3.03  1.39
150   70     0.79  1.05  1.47  2.18  2.67  2.63  2.72  2.48  1.70  1.22  0.83  0.70     1.70  0.85  2.10  2.61  1.25
150   80     0.75  0.98  1.33  1.93  2.32  2.29  2.35  2.17  1.53  1.13  0.79  0.67     1.52  0.80  1.86  2.27  1.15
150   90     0.70  0.92  1.22  1.74  2.05  2.00  2.07  1.94  1.39  1.06  0.75  0.63     1.37  0.75  1.67  2.00  1.06
165   10     1.87  2.61  3.43  4.46  4.96  4.57  4.94  4.97  3.73  3.05  2.14  1.73     3.54  2.07  4.28  4.83  2.97
165   20     1.47  2.16  3.03  4.14  4.74  4.42  4.75  4.67  3.38  2.58  1.69  1.31     3.19  1.65  3.97  4.62  2.55
165   30     1.09  1.70  2.57  3.73  4.43  4.18  4.47  4.27  2.97  2.07  1.24  0.93     2.81  1.24  3.58  4.31  2.10
165   40     0.89  1.29  2.09  3.24  4.02  3.87  4.10  3.78  2.51  1.58  0.92  0.79     2.42  0.99  3.12  3.92  1.67
165   50     0.86  1.06  1.65  2.71  3.53  3.48  3.64  3.22  2.04  1.22  0.88  0.76     2.09  0.89  2.63  3.45  1.38
165   60     0.82  1.01  1.38  2.17  2.98  3.03  3.12  2.60  1.66  1.09  0.84  0.73     1.79  0.86  2.18  2.92  1.20
165   70     0.79  0.97  1.26  1.82  2.39  2.53  2.55  2.08  1.45  1.03  0.81  0.70     1.53  0.82  1.82  2.39  1.10
165   80     0.75  0.92  1.18  1.63  2.03  2.08  2.10  1.81  1.33  0.99  0.77  0.67     1.36  0.78  1.61  2.00  1.03
165   90     0.70  0.88  1.11  1.50  1.80  1.83  1.84  1.65  1.24  0.95  0.74  0.63     1.24  0.74  1.47  1.77  0.97
180   10     1.86  2.59  3.42  4.45  4.96  4.57  4.94  4.96  3.72  3.03  2.13  1.71     3.53  2.05  4.28  4.83  2.96
180   20     1.44  2.12  3.01  4.11  4.74  4.42  4.76  4.65  3.37  2.53  1.65  1.27     3.17  1.61  3.95  4.61  2.52
180   30     1.04  1.63  2.53  3.69  4.42  4.19  4.48  4.25  2.94  2.00  1.18  0.88     2.77  1.18  3.55  4.30  2.04
180   40     0.89  1.17  2.02  3.20  4.02  3.87  4.11  3.75  2.47  1.45  0.90  0.79     2.38  0.95  3.08  3.91  1.61
180   50     0.86  1.05  1.48  2.65  3.53  3.48  3.65  3.18  1.96  1.09  0.88  0.76     2.05  0.89  2.55  3.44  1.31
180   60     0.82  1.01  1.26  2.05  2.98  3.03  3.14  2.55  1.43  1.06  0.84  0.73     1.74  0.86  2.10  2.91  1.11
180   70     0.79  0.97  1.20  1.58  2.39  2.54  2.57  1.89  1.33  1.02  0.81  0.70     1.48  0.82  1.72  2.33  1.05
180   80     0.75  0.92  1.15  1.45  1.90  2.02  2.01  1.61  1.25  0.98  0.77  0.67     1.29  0.78  1.50  1.88  1.00
180   90     0.70  0.88  1.09  1.36  1.71  1.75  1.77  1.49  1.19  0.94  0.74  0.63     1.19  0.74  1.39  1.67  0.95
             54.8  46.5  33.2  17.8   5.2   0.7   2.1  12.1  25.7  42.5  52.8  57.9     28.5  52.9  18.8   5.4  40.3
             3.41  3.98  4.29  4.86  5.09  4.62  5.02  5.25  4.31  4.38  3.78  3.50     4.37  3.62  4.68  4.95  4.10
             3.13  3.83  4.28  4.80  4.82  4.28  4.68  5.10  4.30  4.28  3.51  3.13     4.18  3.36  4.63  4.69  4.03
             1.09  1.04  1.00  1.01  1.06  1.08  1.07  1.03  1.00  1.02  1.08  1.12     1.05  1.08  1.02  1.06  1.03
             1.37  1.27  1.13  1.02  0.95  0.92  0.93  0.98  1.07  1.23  1.36  1.46     1.14  1.37  1.03  0.95  1.22
temperature   5.9   6.4   9.5  14.6  19.0  22.7  26.9  27.7  24.3  18.6  13.3   8.4     16.4   6.9  14.4  25.8  18.7
diffusedrad  1.20  1.48  1.85  2.21  2.48  2.54  2.51  2.31  2.01  1.58  1.25  1.07     1.87  1.25  2.18  2.46  1.61
snow10cm     0.00  0.00  0.00  0.00  0.00  0.00  0.00  0.00  0.00  0.00  0.00  0.00     0.00  0.00  0.00  0.00  0.00
