2 73276   久万            33 39.8  132 53.7  511
             1.90  2.59  3.31  4.22  4.52  4.14  4.40  4.29  3.43  3.06  2.10  1.83     3.31  2.10  4.02  4.28  2.86
             2.52  3.06  4.02  5.40  5.35  5.02  6.33  5.10  4.33  3.67  2.59  2.33     3.76  2.52  4.54  5.37  3.30
             1.40  1.63  2.37  3.32  3.65  2.95  2.66  2.69  2.25  2.34  1.23  1.44     2.47  1.58  3.14  2.96  1.99
  0   10     2.12  2.83  3.49  4.32  4.52  4.10  4.37  4.33  3.54  3.32  2.34  2.09     3.45  2.34  4.11  4.27  3.06
  0   20     2.30  3.01  3.60  4.34  4.44  4.00  4.27  4.29  3.60  3.50  2.53  2.30     3.52  2.54  4.13  4.19  3.21
  0   30     2.44  3.13  3.65  4.26  4.27  3.83  4.09  4.17  3.59  3.62  2.68  2.47     3.52  2.68  4.06  4.03  3.29
  0   40     2.52  3.18  3.61  4.10  4.02  3.59  3.83  3.97  3.50  3.65  2.76  2.58     3.44  2.76  3.91  3.80  3.30
  0   50     2.55  3.17  3.50  3.86  3.69  3.29  3.51  3.69  3.34  3.60  2.78  2.63     3.30  2.78  3.68  3.50  3.24
  0   60     2.52  3.08  3.31  3.54  3.31  2.94  3.13  3.35  3.12  3.47  2.74  2.62     3.10  2.74  3.39  3.14  3.11
  0   70     2.44  2.93  3.06  3.15  2.88  2.56  2.71  2.95  2.84  3.27  2.64  2.55     2.83  2.64  3.03  2.74  2.92
  0   80     2.30  2.72  2.75  2.71  2.40  2.16  2.27  2.51  2.51  3.00  2.48  2.43     2.52  2.48  2.62  2.31  2.66
  0   90     2.12  2.45  2.39  2.24  1.93  1.76  1.82  2.04  2.15  2.66  2.27  2.25     2.17  2.27  2.19  1.87  2.36
 15   10     2.11  2.82  3.48  4.32  4.52  4.10  4.37  4.32  3.54  3.31  2.33  2.08     3.44  2.33  4.11  4.27  3.06
 15   20     2.28  3.00  3.59  4.33  4.44  4.00  4.27  4.29  3.59  3.49  2.52  2.28     3.51  2.52  4.12  4.19  3.20
 15   30     2.41  3.11  3.62  4.26  4.27  3.83  4.09  4.17  3.57  3.59  2.65  2.44     3.50  2.65  4.05  4.03  3.27
 15   40     2.48  3.15  3.58  4.11  4.02  3.59  3.84  3.98  3.48  3.62  2.73  2.54     3.43  2.73  3.90  3.80  3.28
 15   50     2.50  3.13  3.46  3.87  3.71  3.30  3.52  3.70  3.33  3.56  2.75  2.59     3.28  2.74  3.68  3.51  3.21
 15   60     2.47  3.04  3.27  3.55  3.33  2.96  3.15  3.36  3.11  3.43  2.70  2.57     3.08  2.69  3.38  3.16  3.08
 15   70     2.38  2.89  3.02  3.18  2.91  2.59  2.74  2.98  2.83  3.22  2.59  2.50     2.82  2.59  3.04  2.77  2.88
 15   80     2.25  2.67  2.71  2.75  2.46  2.20  2.32  2.54  2.50  2.95  2.43  2.37     2.51  2.43  2.64  2.35  2.63
 15   90     2.06  2.40  2.36  2.29  2.00  1.81  1.89  2.10  2.15  2.62  2.22  2.19     2.17  2.22  2.22  1.94  2.33
 30   10     2.08  2.79  3.45  4.31  4.52  4.10  4.37  4.32  3.52  3.28  2.30  2.05     3.42  2.31  4.09  4.26  3.04
 30   20     2.23  2.94  3.54  4.32  4.43  4.00  4.27  4.28  3.56  3.44  2.47  2.23     3.48  2.47  4.10  4.18  3.15
 30   30     2.33  3.03  3.56  4.25  4.28  3.84  4.10  4.16  3.53  3.52  2.58  2.36     3.46  2.58  4.03  4.03  3.21
 30   40     2.39  3.06  3.50  4.09  4.04  3.61  3.86  3.97  3.44  3.53  2.63  2.44     3.38  2.63  3.88  3.81  3.20
 30   50     2.39  3.02  3.38  3.86  3.74  3.33  3.56  3.71  3.27  3.46  2.63  2.46     3.23  2.63  3.66  3.53  3.12
 30   60     2.34  2.92  3.19  3.56  3.38  3.00  3.21  3.39  3.06  3.31  2.57  2.43     3.03  2.57  3.38  3.20  2.98
 30   70     2.25  2.76  2.94  3.20  2.99  2.65  2.83  3.03  2.78  3.11  2.45  2.35     2.78  2.45  3.04  2.84  2.78
 30   80     2.10  2.54  2.64  2.81  2.57  2.29  2.43  2.62  2.48  2.84  2.29  2.21     2.49  2.29  2.67  2.45  2.53
 30   90     1.92  2.27  2.31  2.39  2.16  1.94  2.04  2.22  2.14  2.52  2.07  2.03     2.17  2.07  2.29  2.07  2.24
 45   10     2.04  2.75  3.42  4.29  4.51  4.10  4.37  4.30  3.50  3.24  2.26  2.00     3.40  2.27  4.07  4.26  3.00
 45   20     2.15  2.87  3.48  4.29  4.43  4.00  4.27  4.26  3.52  3.36  2.38  2.14     3.43  2.39  4.06  4.18  3.09
 45   30     2.22  2.92  3.47  4.20  4.27  3.84  4.10  4.14  3.47  3.40  2.46  2.24     3.40  2.46  3.98  4.03  3.11
 45   40     2.25  2.92  3.40  4.05  4.05  3.62  3.88  3.95  3.36  3.39  2.48  2.28     3.30  2.48  3.83  3.82  3.08
 45   50     2.23  2.86  3.26  3.82  3.76  3.35  3.59  3.70  3.20  3.31  2.46  2.28     3.15  2.46  3.62  3.55  2.99
 45   60     2.16  2.75  3.07  3.55  3.44  3.06  3.27  3.40  2.98  3.15  2.38  2.23     2.95  2.38  3.35  3.24  2.84
 45   70     2.05  2.58  2.83  3.21  3.07  2.73  2.91  3.06  2.72  2.95  2.25  2.13     2.71  2.25  3.04  2.90  2.64
 45   80     1.91  2.36  2.55  2.85  2.69  2.38  2.54  2.70  2.43  2.69  2.09  1.99     2.43  2.09  2.69  2.54  2.40
 45   90     1.72  2.12  2.24  2.47  2.31  2.05  2.18  2.33  2.12  2.39  1.88  1.81     2.13  1.88  2.34  2.19  2.13
 60   10     1.99  2.70  3.38  4.26  4.50  4.10  4.37  4.28  3.46  3.18  2.21  1.95     3.36  2.21  4.04  4.25  2.95
 60   20     2.06  2.77  3.39  4.24  4.42  4.00  4.27  4.23  3.45  3.25  2.28  2.04     3.37  2.29  4.01  4.17  2.99
 60   30     2.08  2.78  3.36  4.14  4.25  3.84  4.10  4.10  3.39  3.26  2.31  2.08     3.31  2.31  3.92  4.01  2.99
 60   40     2.08  2.75  3.26  3.98  4.04  3.63  3.88  3.91  3.26  3.21  2.30  2.09     3.20  2.30  3.76  3.81  2.92
 60   50     2.03  2.66  3.12  3.77  3.77  3.38  3.61  3.68  3.10  3.11  2.25  2.06     3.04  2.25  3.55  3.56  2.82
 60   60     1.94  2.53  2.92  3.49  3.46  3.09  3.30  3.38  2.88  2.95  2.16  1.99     2.84  2.15  3.29  3.26  2.66
 60   70     1.83  2.37  2.69  3.19  3.13  2.78  2.97  3.07  2.63  2.74  2.02  1.88     2.61  2.02  3.00  2.94  2.46
 60   80     1.69  2.16  2.42  2.85  2.77  2.46  2.63  2.73  2.36  2.51  1.86  1.74     2.35  1.86  2.68  2.61  2.24
 60   90     1.51  1.94  2.14  2.51  2.41  2.15  2.29  2.38  2.08  2.23  1.67  1.57     2.07  1.67  2.35  2.27  1.99
 75   10     1.93  2.63  3.32  4.22  4.49  4.10  4.36  4.26  3.43  3.12  2.14  1.88     3.32  2.15  4.01  4.24  2.89
 75   20     1.94  2.65  3.30  4.17  4.39  4.00  4.25  4.19  3.38  3.12  2.16  1.91     3.29  2.17  3.95  4.15  2.89
 75   30     1.93  2.61  3.22  4.06  4.23  3.84  4.09  4.05  3.29  3.09  2.14  1.91     3.20  2.15  3.84  3.99  2.84
 75   40     1.88  2.54  3.10  3.88  4.01  3.63  3.87  3.85  3.15  3.00  2.10  1.88     3.07  2.10  3.67  3.78  2.75
 75   50     1.81  2.44  2.93  3.66  3.76  3.38  3.61  3.61  2.96  2.88  2.01  1.81     2.91  2.02  3.45  3.54  2.62
 75   60     1.72  2.30  2.74  3.41  3.46  3.11  3.32  3.34  2.75  2.71  1.91  1.73     2.71  1.92  3.20  3.25  2.46
 75   70     1.60  2.13  2.51  3.11  3.13  2.80  3.00  3.04  2.51  2.51  1.78  1.62     2.48  1.78  2.92  2.94  2.27
 75   80     1.46  1.95  2.27  2.81  2.81  2.50  2.67  2.72  2.27  2.29  1.62  1.49     2.24  1.63  2.63  2.63  2.06
 75   90     1.31  1.74  2.01  2.48  2.47  2.20  2.35  2.40  2.00  2.05  1.46  1.34     1.99  1.46  2.32  2.32  1.84
 90   10     1.87  2.57  3.27  4.18  4.48  4.09  4.35  4.24  3.38  3.04  2.07  1.81     3.28  2.08  3.98  4.23  2.83
 90   20     1.83  2.51  3.19  4.10  4.37  3.99  4.24  4.14  3.30  2.99  2.03  1.78     3.20  2.04  3.88  4.12  2.77
 90   30     1.76  2.43  3.07  3.95  4.19  3.82  4.07  3.98  3.17  2.89  1.97  1.73     3.09  1.98  3.74  3.96  2.68
 90   40     1.69  2.33  2.91  3.76  3.96  3.61  3.84  3.77  3.01  2.77  1.88  1.66     2.93  1.89  3.54  3.74  2.55
 90   50     1.59  2.19  2.74  3.52  3.70  3.37  3.58  3.52  2.81  2.62  1.78  1.57     2.75  1.78  3.32  3.49  2.40
 90   60     1.49  2.05  2.53  3.27  3.41  3.09  3.29  3.25  2.60  2.44  1.66  1.47     2.55  1.67  3.07  3.21  2.23
 90   70     1.37  1.89  2.32  2.99  3.10  2.80  2.98  2.96  2.37  2.26  1.53  1.36     2.33  1.54  2.80  2.92  2.06
 90   80     1.25  1.72  2.09  2.69  2.77  2.50  2.66  2.65  2.13  2.05  1.39  1.24     2.10  1.40  2.52  2.61  1.85
 90   90     1.12  1.54  1.86  2.40  2.46  2.22  2.36  2.36  1.90  1.84  1.25  1.12     1.87  1.26  2.24  2.31  1.66
105   10     1.81  2.50  3.21  4.14  4.46  4.09  4.34  4.21  3.34  2.97  2.00  1.75     3.24  2.02  3.94  4.21  2.77
105   20     1.71  2.38  3.08  4.01  4.33  3.98  4.22  4.08  3.21  2.84  1.90  1.65     3.12  1.91  3.81  4.09  2.65
105   30     1.61  2.25  2.91  3.83  4.14  3.80  4.03  3.89  3.05  2.69  1.78  1.54     2.96  1.80  3.63  3.91  2.51
105   40     1.49  2.10  2.72  3.61  3.89  3.58  3.79  3.66  2.86  2.52  1.67  1.44     2.78  1.68  3.41  3.68  2.35
105   50     1.39  1.96  2.52  3.36  3.62  3.33  3.52  3.40  2.65  2.35  1.54  1.34     2.58  1.56  3.16  3.42  2.18
105   60     1.28  1.79  2.31  3.08  3.32  3.05  3.23  3.12  2.43  2.17  1.42  1.23     2.37  1.43  2.90  3.13  2.01
105   70     1.17  1.65  2.10  2.81  3.01  2.76  2.92  2.83  2.20  1.98  1.30  1.13     2.15  1.31  2.64  2.84  1.83
105   80     1.06  1.49  1.89  2.54  2.69  2.46  2.61  2.55  1.98  1.80  1.18  1.02     1.94  1.19  2.37  2.54  1.65
105   90     0.95  1.34  1.69  2.26  2.39  2.18  2.31  2.25  1.75  1.61  1.06  0.93     1.73  1.07  2.11  2.25  1.48
120   10     1.75  2.43  3.16  4.11  4.45  4.09  4.34  4.19  3.30  2.90  1.94  1.68     3.19  1.95  3.90  4.20  2.71
120   20     1.60  2.26  2.97  3.93  4.30  3.97  4.20  4.03  3.14  2.70  1.77  1.52     3.03  1.79  3.73  4.07  2.54
120   30     1.45  2.07  2.75  3.71  4.08  3.78  4.00  3.81  2.93  2.49  1.61  1.37     2.84  1.63  3.51  3.86  2.34
120   40     1.32  1.88  2.52  3.44  3.81  3.55  3.74  3.54  2.71  2.28  1.46  1.24     2.62  1.48  3.26  3.61  2.15
120   50     1.20  1.71  2.29  3.15  3.50  3.27  3.44  3.25  2.47  2.07  1.32  1.13     2.40  1.35  2.98  3.32  1.96
120   60     1.09  1.56  2.07  2.87  3.19  2.98  3.13  2.95  2.24  1.88  1.21  1.02     2.18  1.22  2.71  3.02  1.77
120   70     0.99  1.42  1.87  2.59  2.87  2.68  2.81  2.66  2.02  1.71  1.09  0.94     1.97  1.12  2.44  2.72  1.61
120   80     0.90  1.28  1.69  2.33  2.56  2.39  2.51  2.38  1.80  1.55  0.99  0.85     1.77  1.01  2.19  2.43  1.45
120   90     0.82  1.16  1.50  2.08  2.27  2.11  2.22  2.12  1.61  1.40  0.90  0.78     1.58  0.92  1.95  2.15  1.30
135   10     1.70  2.38  3.11  4.07  4.43  4.08  4.33  4.16  3.27  2.83  1.88  1.62     3.16  1.90  3.87  4.19  2.66
135   20     1.50  2.14  2.87  3.86  4.27  3.96  4.18  3.98  3.07  2.57  1.66  1.41     2.96  1.68  3.67  4.04  2.44
135   30     1.31  1.90  2.61  3.58  4.03  3.76  3.96  3.72  2.82  2.30  1.45  1.22     2.72  1.48  3.40  3.82  2.19
135   40     1.16  1.68  2.33  3.26  3.72  3.51  3.67  3.42  2.55  2.04  1.27  1.06     2.47  1.30  3.10  3.53  1.95
135   50     1.04  1.49  2.07  2.93  3.37  3.21  3.34  3.08  2.29  1.80  1.13  0.95     2.23  1.16  2.79  3.21  1.74
135   60     0.95  1.34  1.85  2.62  3.02  2.88  3.00  2.75  2.04  1.62  1.02  0.87     2.00  1.05  2.50  2.88  1.56
135   70     0.87  1.22  1.65  2.34  2.69  2.57  2.67  2.45  1.82  1.46  0.94  0.80     1.79  0.96  2.23  2.56  1.41
135   80     0.80  1.11  1.49  2.09  2.38  2.28  2.36  2.18  1.63  1.33  0.86  0.74     1.60  0.89  1.99  2.27  1.27
135   90     0.73  1.02  1.34  1.86  2.11  2.01  2.08  1.93  1.46  1.21  0.79  0.68     1.44  0.81  1.77  2.01  1.15
150   10     1.66  2.33  3.07  4.04  4.43  4.08  4.33  4.15  3.24  2.78  1.84  1.58     3.13  1.86  3.85  4.18  2.62
150   20     1.42  2.05  2.79  3.80  4.25  3.96  4.18  3.94  3.01  2.47  1.57  1.32     2.90  1.59  3.61  4.02  2.35
150   30     1.19  1.75  2.48  3.48  3.99  3.75  3.94  3.65  2.73  2.13  1.32  1.08     2.63  1.34  3.32  3.78  2.06
150   40     1.02  1.49  2.15  3.11  3.65  3.49  3.64  3.31  2.42  1.81  1.11  0.92     2.34  1.14  2.97  3.48  1.78
150   50     0.93  1.30  1.86  2.72  3.26  3.16  3.27  2.92  2.11  1.55  0.98  0.84     2.08  1.02  2.61  3.12  1.55
150   60     0.87  1.17  1.62  2.36  2.85  2.80  2.87  2.54  1.84  1.38  0.90  0.79     1.83  0.94  2.27  2.74  1.37
150   70     0.82  1.08  1.45  2.06  2.47  2.44  2.49  2.22  1.64  1.25  0.84  0.75     1.63  0.88  2.00  2.38  1.25
150   80     0.76  1.00  1.32  1.83  2.16  2.13  2.17  1.96  1.47  1.16  0.79  0.70     1.46  0.82  1.77  2.09  1.14
150   90     0.71  0.93  1.21  1.65  1.91  1.88  1.91  1.75  1.33  1.07  0.73  0.65     1.31  0.76  1.59  1.85  1.04
165   10     1.63  2.30  3.05  4.03  4.42  4.08  4.33  4.13  3.23  2.75  1.81  1.54     3.11  1.83  3.83  4.18  2.60
165   20     1.37  1.99  2.75  3.76  4.24  3.95  4.17  3.92  2.97  2.40  1.51  1.25     2.86  1.53  3.58  4.01  2.29
165   30     1.10  1.65  2.40  3.42  3.97  3.75  3.94  3.62  2.67  2.01  1.21  0.98     2.56  1.25  3.26  3.77  1.97
165   40     0.95  1.34  2.02  3.01  3.63  3.49  3.63  3.26  2.33  1.63  0.98  0.87     2.26  1.05  2.89  3.46  1.65
165   50     0.91  1.15  1.67  2.56  3.22  3.16  3.26  2.84  1.96  1.33  0.93  0.83     1.99  0.96  2.48  3.09  1.41
165   60     0.87  1.09  1.43  2.10  2.76  2.78  2.84  2.38  1.66  1.21  0.88  0.79     1.73  0.92  2.10  2.67  1.25
165   70     0.82  1.03  1.31  1.79  2.27  2.37  2.38  1.97  1.48  1.14  0.83  0.75     1.51  0.87  1.79  2.24  1.15
165   80     0.76  0.97  1.22  1.60  1.94  1.99  1.99  1.74  1.35  1.07  0.78  0.70     1.34  0.81  1.59  1.91  1.07
165   90     0.71  0.91  1.13  1.47  1.72  1.75  1.75  1.57  1.24  1.00  0.73  0.65     1.22  0.76  1.44  1.69  0.99
180   10     1.63  2.29  3.05  4.02  4.42  4.08  4.33  4.13  3.22  2.74  1.80  1.53     3.10  1.82  3.83  4.18  2.59
180   20     1.34  1.96  2.73  3.74  4.24  3.95  4.18  3.90  2.96  2.37  1.49  1.23     2.84  1.51  3.57  4.01  2.27
180   30     1.07  1.60  2.37  3.39  3.97  3.75  3.94  3.60  2.65  1.96  1.17  0.95     2.54  1.21  3.24  3.77  1.93
180   40     0.95  1.26  1.97  2.98  3.63  3.49  3.64  3.24  2.30  1.54  0.97  0.87     2.23  1.03  2.86  3.45  1.60
180   50     0.91  1.15  1.55  2.52  3.22  3.16  3.27  2.81  1.91  1.24  0.93  0.83     1.96  0.96  2.43  3.08  1.36
180   60     0.87  1.09  1.35  2.02  2.76  2.78  2.84  2.35  1.51  1.19  0.88  0.79     1.70  0.92  2.04  2.66  1.19
180   70     0.82  1.03  1.28  1.60  2.26  2.37  2.38  1.85  1.40  1.13  0.83  0.75     1.48  0.87  1.71  2.20  1.12
180   80     0.76  0.97  1.20  1.47  1.84  1.94  1.92  1.61  1.30  1.06  0.78  0.70     1.30  0.81  1.50  1.82  1.05
180   90     0.71  0.91  1.12  1.37  1.65  1.69  1.69  1.47  1.21  1.00  0.73  0.65     1.18  0.76  1.38  1.62  0.98
             50.1  42.6  30.3  16.8   5.3   1.4   2.6  11.2  23.0  39.0  48.5  53.6     25.0  48.5  17.2   5.2  36.3
             2.55  3.19  3.65  4.34  4.53  4.13  4.40  4.33  3.61  3.65  2.78  2.63     3.65  2.78  4.13  4.28  3.31
             2.37  3.08  3.63  4.31  4.36  3.92  4.19  4.24  3.60  3.57  2.61  2.39     3.52  2.61  4.10  4.12  3.26
             1.08  1.04  1.01  1.01  1.04  1.05  1.05  1.02  1.00  1.02  1.07  1.10     1.04  1.07  1.02  1.04  1.03
             1.25  1.19  1.10  1.02  0.96  0.95  0.95  0.99  1.05  1.17  1.24  1.31     1.10  1.25  1.03  0.96  1.15
temperature   1.4   2.2   5.8  11.3  16.0  19.9  23.7  24.0  20.4  14.1   8.5   3.4     12.6   2.3  11.0  22.5  14.3
diffusedrad  1.19  1.52  1.90  2.25  2.52  2.62  2.57  2.39  2.05  1.69  1.23  1.09     1.92  1.27  2.22  2.53  1.66
snow10cm     0.01  0.01  0.00  0.00  0.00  0.00  0.00  0.00  0.00  0.00  0.00  0.00     0.00  0.01  0.00  0.00  0.00
