2 73516   御荘            32 57.8  132 34.2   12
             2.27  3.04  3.66  4.58  4.78  4.22  5.02  5.02  4.04  3.42  2.59  2.19     3.74  2.50  4.34  4.75  3.35
             2.67  3.56  4.44  5.37  5.64  5.12  6.21  6.01  5.10  4.10  3.14  2.59     4.13  2.78  5.00  5.58  3.70
             1.98  2.26  2.67  3.70  3.79  3.21  3.86  4.13  3.34  2.75  2.17  1.80     3.44  2.12  3.68  4.07  2.89
  0   10     2.61  3.40  3.89  4.69  4.77  4.17  4.97  5.08  4.22  3.77  2.96  2.59     3.93  2.87  4.45  4.74  3.65
  0   20     2.91  3.67  4.05  4.71  4.67  4.06  4.84  5.04  4.32  4.03  3.28  2.93     4.04  3.17  4.48  4.64  3.88
  0   30     3.14  3.87  4.11  4.63  4.49  3.87  4.61  4.89  4.32  4.20  3.52  3.20     4.07  3.40  4.41  4.45  4.01
  0   40     3.29  3.97  4.08  4.45  4.21  3.61  4.28  4.63  4.22  4.26  3.68  3.40     4.01  3.55  4.25  4.18  4.06
  0   50     3.37  3.98  3.97  4.17  3.85  3.29  3.89  4.28  4.04  4.23  3.75  3.50     3.86  3.62  4.00  3.82  4.00
  0   60     3.36  3.90  3.76  3.81  3.42  2.92  3.42  3.85  3.76  4.09  3.72  3.52     3.63  3.59  3.66  3.40  3.86
  0   70     3.27  3.72  3.47  3.38  2.95  2.52  2.91  3.34  3.41  3.86  3.60  3.46     3.32  3.48  3.27  2.92  3.63
  0   80     3.11  3.45  3.11  2.88  2.43  2.10  2.37  2.79  2.99  3.54  3.40  3.31     2.96  3.29  2.81  2.42  3.31
  0   90     2.87  3.11  2.69  2.34  1.92  1.69  1.85  2.20  2.51  3.14  3.11  3.07     2.54  3.02  2.32  1.91  2.92
 15   10     2.60  3.38  3.88  4.69  4.77  4.17  4.97  5.08  4.21  3.76  2.95  2.58     3.92  2.85  4.45  4.74  3.64
 15   20     2.88  3.65  4.02  4.71  4.68  4.06  4.84  5.04  4.30  4.01  3.26  2.90     4.03  3.14  4.47  4.64  3.86
 15   30     3.09  3.84  4.08  4.63  4.49  3.87  4.61  4.89  4.30  4.16  3.49  3.16     4.05  3.36  4.40  4.46  3.98
 15   40     3.23  3.93  4.04  4.46  4.22  3.62  4.30  4.65  4.20  4.22  3.63  3.34     3.99  3.50  4.24  4.19  4.02
 15   50     3.29  3.93  3.92  4.19  3.87  3.30  3.91  4.30  4.02  4.18  3.69  3.44     3.84  3.55  3.99  3.84  3.96
 15   60     3.27  3.84  3.71  3.83  3.45  2.95  3.46  3.88  3.75  4.03  3.66  3.45     3.61  3.52  3.66  3.43  3.81
 15   70     3.18  3.65  3.42  3.42  2.99  2.55  2.96  3.40  3.40  3.80  3.54  3.38     3.31  3.40  3.27  2.97  3.58
 15   80     3.01  3.39  3.06  2.94  2.50  2.15  2.45  2.85  2.99  3.48  3.33  3.22     2.95  3.21  2.83  2.48  3.26
 15   90     2.77  3.04  2.65  2.42  2.01  1.75  1.95  2.30  2.53  3.08  3.04  2.98     2.54  2.93  2.36  2.00  2.88
 30   10     2.55  3.35  3.85  4.68  4.77  4.17  4.97  5.07  4.19  3.72  2.91  2.53     3.90  2.81  4.43  4.74  3.61
 30   20     2.79  3.58  3.97  4.70  4.68  4.06  4.84  5.03  4.26  3.94  3.18  2.82     3.99  3.06  4.45  4.64  3.79
 30   30     2.97  3.73  4.00  4.62  4.50  3.89  4.63  4.89  4.25  4.07  3.37  3.04     4.00  3.24  4.38  4.47  3.90
 30   40     3.08  3.80  3.95  4.45  4.24  3.64  4.34  4.65  4.14  4.11  3.48  3.18     3.92  3.35  4.21  4.21  3.91
 30   50     3.11  3.78  3.82  4.20  3.92  3.35  3.98  4.34  3.95  4.05  3.51  3.25     3.77  3.38  3.98  3.89  3.84
 30   60     3.07  3.67  3.61  3.86  3.53  3.01  3.56  3.94  3.69  3.90  3.46  3.23     3.54  3.32  3.67  3.50  3.68
 30   70     2.96  3.48  3.32  3.47  3.11  2.64  3.10  3.50  3.35  3.67  3.32  3.14     3.25  3.19  3.30  3.08  3.44
 30   80     2.78  3.21  2.98  3.03  2.65  2.27  2.63  3.00  2.97  3.35  3.10  2.97     2.91  2.98  2.89  2.63  3.14
 30   90     2.54  2.87  2.59  2.56  2.21  1.90  2.17  2.50  2.54  2.96  2.81  2.73     2.53  2.71  2.45  2.19  2.77
 45   10     2.49  3.29  3.80  4.66  4.77  4.17  4.97  5.05  4.15  3.67  2.85  2.46     3.86  2.75  4.41  4.73  3.56
 45   20     2.67  3.47  3.88  4.66  4.67  4.07  4.85  5.01  4.20  3.84  3.05  2.68     3.92  2.94  4.41  4.64  3.70
 45   30     2.80  3.58  3.89  4.57  4.50  3.90  4.65  4.86  4.16  3.93  3.19  2.85     3.91  3.07  4.32  4.47  3.76
 45   40     2.86  3.60  3.83  4.42  4.26  3.67  4.38  4.65  4.05  3.94  3.26  2.94     3.82  3.14  4.17  4.23  3.75
 45   50     2.86  3.55  3.67  4.17  3.95  3.39  4.04  4.35  3.85  3.86  3.25  2.97     3.66  3.13  3.93  3.92  3.66
 45   60     2.79  3.43  3.47  3.87  3.61  3.08  3.66  3.99  3.60  3.70  3.17  2.93     3.44  3.05  3.65  3.58  3.49
 45   70     2.67  3.23  3.19  3.49  3.21  2.74  3.24  3.58  3.28  3.47  3.01  2.81     3.16  2.90  3.30  3.19  3.26
 45   80     2.48  2.97  2.88  3.10  2.80  2.38  2.81  3.14  2.93  3.18  2.80  2.64     2.84  2.70  2.93  2.78  2.97
 45   90     2.25  2.66  2.52  2.68  2.40  2.04  2.39  2.69  2.54  2.82  2.53  2.41     2.50  2.44  2.53  2.37  2.63
 60   10     2.41  3.21  3.75  4.62  4.76  4.17  4.97  5.03  4.11  3.59  2.76  2.38     3.81  2.67  4.38  4.72  3.49
 60   20     2.53  3.33  3.78  4.61  4.66  4.07  4.85  4.97  4.11  3.70  2.89  2.52     3.84  2.79  4.35  4.63  3.57
 60   30     2.59  3.37  3.75  4.51  4.49  3.90  4.66  4.83  4.05  3.74  2.97  2.62     3.79  2.86  4.25  4.46  3.59
 60   40     2.61  3.36  3.65  4.34  4.27  3.69  4.40  4.61  3.91  3.71  2.98  2.65     3.68  2.87  4.09  4.23  3.53
 60   50     2.57  3.28  3.50  4.11  3.98  3.43  4.09  4.34  3.72  3.61  2.94  2.64     3.52  2.83  3.87  3.95  3.42
 60   60     2.47  3.13  3.28  3.81  3.64  3.12  3.73  3.99  3.46  3.45  2.84  2.57     3.29  2.73  3.58  3.62  3.25
 60   70     2.34  2.95  3.03  3.49  3.29  2.81  3.35  3.62  3.18  3.22  2.67  2.44     3.03  2.58  3.27  3.26  3.02
 60   80     2.16  2.70  2.73  3.12  2.91  2.49  2.95  3.22  2.84  2.96  2.47  2.28     2.73  2.38  2.92  2.89  2.76
 60   90     1.94  2.42  2.42  2.74  2.53  2.16  2.56  2.80  2.50  2.63  2.23  2.07     2.42  2.14  2.56  2.51  2.45
 75   10     2.33  3.12  3.68  4.59  4.75  4.17  4.96  5.00  4.05  3.51  2.66  2.28     3.76  2.58  4.34  4.71  3.41
 75   20     2.36  3.15  3.66  4.54  4.64  4.07  4.84  4.92  4.01  3.54  2.71  2.34     3.73  2.62  4.28  4.61  3.42
 75   30     2.36  3.14  3.58  4.42  4.47  3.90  4.65  4.77  3.91  3.52  2.71  2.36     3.65  2.62  4.16  4.44  3.38
 75   40     2.32  3.07  3.46  4.24  4.24  3.69  4.39  4.54  3.75  3.44  2.67  2.34     3.51  2.58  3.98  4.21  3.29
 75   50     2.25  2.96  3.28  4.00  3.97  3.44  4.10  4.27  3.54  3.32  2.58  2.28     3.33  2.50  3.75  3.94  3.15
 75   60     2.14  2.81  3.07  3.73  3.66  3.16  3.77  3.96  3.30  3.15  2.47  2.19     3.12  2.38  3.48  3.63  2.97
 75   70     1.99  2.62  2.82  3.40  3.31  2.85  3.40  3.59  3.01  2.93  2.31  2.06     2.86  2.22  3.18  3.28  2.75
 75   80     1.83  2.40  2.55  3.08  2.96  2.54  3.03  3.23  2.72  2.68  2.12  1.90     2.59  2.04  2.86  2.93  2.51
 75   90     1.64  2.15  2.26  2.73  2.61  2.23  2.66  2.85  2.40  2.41  1.91  1.72     2.30  1.84  2.53  2.58  2.24
 90   10     2.23  3.02  3.61  4.54  4.73  4.17  4.96  4.97  3.99  3.41  2.56  2.18     3.70  2.48  4.29  4.70  3.32
 90   20     2.18  2.96  3.52  4.45  4.62  4.06  4.83  4.86  3.89  3.36  2.51  2.13     3.62  2.43  4.20  4.58  3.25
 90   30     2.11  2.88  3.39  4.30  4.43  3.89  4.63  4.67  3.75  3.26  2.44  2.08     3.49  2.36  4.04  4.40  3.15
 90   40     2.03  2.76  3.22  4.10  4.19  3.68  4.37  4.44  3.56  3.14  2.33  2.01     3.32  2.27  3.84  4.16  3.01
 90   50     1.91  2.62  3.04  3.84  3.92  3.43  4.07  4.15  3.33  2.99  2.23  1.91     3.12  2.15  3.60  3.88  2.85
 90   60     1.80  2.46  2.81  3.57  3.61  3.15  3.75  3.84  3.08  2.80  2.08  1.80     2.90  2.02  3.33  3.58  2.65
 90   70     1.65  2.26  2.58  3.28  3.28  2.85  3.40  3.51  2.82  2.60  1.94  1.68     2.65  1.86  3.04  3.25  2.45
 90   80     1.51  2.07  2.33  2.95  2.94  2.55  3.03  3.15  2.53  2.37  1.75  1.53     2.39  1.71  2.74  2.91  2.22
 90   90     1.35  1.86  2.07  2.64  2.61  2.26  2.68  2.80  2.26  2.14  1.59  1.39     2.14  1.53  2.44  2.58  2.00
105   10     2.14  2.92  3.54  4.49  4.72  4.17  4.95  4.93  3.93  3.31  2.45  2.07     3.64  2.38  4.25  4.68  3.23
105   20     2.01  2.77  3.38  4.36  4.58  4.05  4.81  4.78  3.77  3.17  2.31  1.94     3.49  2.24  4.11  4.55  3.08
105   30     1.87  2.61  3.19  4.16  4.38  3.88  4.59  4.56  3.57  3.00  2.16  1.80     3.31  2.09  3.91  4.34  2.91
105   40     1.73  2.44  2.98  3.92  4.12  3.65  4.31  4.29  3.34  2.81  2.01  1.68     3.11  1.95  3.67  4.09  2.72
105   50     1.60  2.27  2.75  3.65  3.83  3.39  4.00  3.98  3.10  2.63  1.86  1.56     2.88  1.81  3.41  3.79  2.53
105   60     1.47  2.08  2.53  3.35  3.51  3.11  3.67  3.66  2.83  2.43  1.71  1.43     2.65  1.66  3.13  3.48  2.33
105   70     1.34  1.92  2.30  3.07  3.19  2.81  3.32  3.33  2.57  2.22  1.57  1.33     2.41  1.53  2.85  3.15  2.12
105   80     1.22  1.74  2.07  2.77  2.85  2.51  2.97  3.00  2.31  2.04  1.42  1.20     2.17  1.38  2.56  2.83  1.93
105   90     1.10  1.57  1.85  2.47  2.53  2.22  2.62  2.66  2.05  1.83  1.28  1.09     1.94  1.25  2.28  2.50  1.72
120   10     2.05  2.83  3.47  4.45  4.70  4.17  4.94  4.90  3.87  3.22  2.35  1.97     3.58  2.28  4.21  4.67  3.15
120   20     1.84  2.59  3.25  4.26  4.54  4.04  4.78  4.71  3.65  2.98  2.11  1.75     3.38  2.06  4.02  4.51  2.92
120   30     1.64  2.35  2.99  4.01  4.31  3.86  4.54  4.44  3.40  2.73  1.88  1.55     3.14  1.84  3.77  4.28  2.67
120   40     1.46  2.12  2.73  3.72  4.03  3.61  4.24  4.12  3.11  2.48  1.68  1.38     2.89  1.65  3.49  3.99  2.43
120   50     1.31  1.91  2.47  3.41  3.70  3.33  3.90  3.77  2.83  2.25  1.51  1.23     2.63  1.48  3.19  3.67  2.20
120   60     1.18  1.74  2.22  3.10  3.36  3.03  3.54  3.42  2.56  2.04  1.37  1.11     2.39  1.34  2.89  3.33  1.99
120   70     1.07  1.58  2.00  2.79  3.03  2.73  3.18  3.08  2.29  1.86  1.24  1.02     2.16  1.22  2.61  2.99  1.80
120   80     0.97  1.42  1.80  2.51  2.70  2.43  2.83  2.76  2.04  1.69  1.13  0.92     1.94  1.11  2.34  2.67  1.62
120   90     0.88  1.29  1.60  2.25  2.39  2.14  2.50  2.46  1.83  1.53  1.02  0.85     1.73  1.01  2.08  2.37  1.46
135   10     1.97  2.74  3.41  4.41  4.69  4.16  4.94  4.87  3.82  3.13  2.26  1.88     3.52  2.20  4.17  4.66  3.07
135   20     1.68  2.42  3.12  4.17  4.51  4.04  4.77  4.64  3.55  2.81  1.94  1.58     3.27  1.89  3.94  4.48  2.77
135   30     1.42  2.10  2.80  3.86  4.25  3.84  4.50  4.32  3.23  2.47  1.64  1.30     2.98  1.61  3.64  4.22  2.45
135   40     1.21  1.82  2.48  3.50  3.92  3.57  4.16  3.94  2.89  2.16  1.39  1.09     2.68  1.37  3.30  3.89  2.15
135   50     1.05  1.59  2.18  3.14  3.55  3.26  3.77  3.54  2.55  1.89  1.21  0.95     2.39  1.20  2.96  3.52  1.88
135   60     0.95  1.41  1.93  2.79  3.17  2.93  3.36  3.14  2.25  1.68  1.07  0.86     2.13  1.07  2.63  3.14  1.67
135   70     0.86  1.27  1.72  2.49  2.81  2.60  2.97  2.78  2.00  1.51  0.97  0.79     1.90  0.98  2.34  2.79  1.49
135   80     0.80  1.15  1.53  2.22  2.49  2.30  2.62  2.46  1.78  1.37  0.90  0.74     1.70  0.90  2.08  2.46  1.35
135   90     0.74  1.07  1.38  1.98  2.20  2.03  2.31  2.19  1.60  1.26  0.83  0.69     1.52  0.83  1.86  2.17  1.23
150   10     1.91  2.68  3.36  4.38  4.68  4.16  4.94  4.85  3.79  3.07  2.19  1.81     3.48  2.13  4.14  4.65  3.02
150   20     1.56  2.28  3.02  4.09  4.49  4.04  4.76  4.59  3.47  2.66  1.80  1.43     3.18  1.76  3.87  4.46  2.64
150   30     1.23  1.88  2.64  3.74  4.21  3.83  4.48  4.23  3.09  2.24  1.42  1.09     2.84  1.40  3.53  4.18  2.25
150   40     1.00  1.54  2.25  3.32  3.85  3.55  4.11  3.79  2.68  1.85  1.13  0.86     2.49  1.13  3.14  3.82  1.89
150   50     0.87  1.28  1.90  2.88  3.42  3.21  3.67  3.31  2.29  1.54  0.95  0.76     2.17  0.97  2.73  3.40  1.59
150   60     0.81  1.13  1.63  2.47  2.97  2.83  3.18  2.83  1.95  1.34  0.87  0.72     1.89  0.89  2.36  2.95  1.38
150   70     0.77  1.04  1.45  2.15  2.56  2.46  2.73  2.44  1.71  1.21  0.81  0.69     1.67  0.83  2.05  2.54  1.24
150   80     0.73  0.98  1.31  1.90  2.23  2.14  2.36  2.13  1.53  1.12  0.78  0.66     1.49  0.79  1.81  2.21  1.14
150   90     0.69  0.92  1.20  1.71  1.97  1.88  2.06  1.90  1.38  1.04  0.73  0.63     1.34  0.74  1.63  1.95  1.05
165   10     1.87  2.63  3.33  4.35  4.68  4.16  4.94  4.83  3.76  3.02  2.15  1.76     3.46  2.09  4.12  4.64  2.98
165   20     1.47  2.19  2.96  4.05  4.49  4.04  4.76  4.55  3.41  2.56  1.70  1.33     3.13  1.66  3.83  4.45  2.56
165   30     1.10  1.72  2.53  3.66  4.20  3.83  4.48  4.18  3.00  2.08  1.25  0.94     2.75  1.25  3.46  4.16  2.11
165   40     0.87  1.30  2.08  3.20  3.83  3.55  4.12  3.71  2.54  1.60  0.92  0.77     2.37  0.98  3.03  3.79  1.69
165   50     0.84  1.04  1.65  2.68  3.38  3.21  3.67  3.18  2.06  1.23  0.85  0.75     2.04  0.88  2.57  3.35  1.38
165   60     0.80  1.00  1.37  2.16  2.88  2.82  3.15  2.59  1.66  1.08  0.83  0.72     1.75  0.84  2.14  2.85  1.19
165   70     0.77  0.95  1.24  1.80  2.33  2.38  2.58  2.07  1.45  1.03  0.79  0.69     1.51  0.80  1.79  2.35  1.09
165   80     0.73  0.91  1.16  1.60  1.97  1.98  2.10  1.79  1.32  0.98  0.76  0.66     1.33  0.77  1.58  1.96  1.02
165   90     0.69  0.87  1.09  1.47  1.74  1.73  1.84  1.62  1.23  0.94  0.72  0.63     1.21  0.73  1.44  1.73  0.96
180   10     1.86  2.62  3.33  4.34  4.68  4.17  4.94  4.82  3.76  3.00  2.13  1.74     3.45  2.07  4.12  4.64  2.96
180   20     1.44  2.15  2.94  4.03  4.48  4.04  4.77  4.54  3.40  2.52  1.66  1.30     3.11  1.63  3.82  4.45  2.53
180   30     1.04  1.66  2.50  3.63  4.20  3.83  4.49  4.15  2.98  2.00  1.19  0.89     2.71  1.20  3.44  4.16  2.06
180   40     0.87  1.19  2.01  3.15  3.83  3.56  4.13  3.68  2.50  1.47  0.88  0.77     2.34  0.94  3.00  3.79  1.62
180   50     0.84  1.03  1.50  2.63  3.38  3.22  3.68  3.14  1.98  1.08  0.85  0.75     2.01  0.87  2.50  3.35  1.31
180   60     0.80  1.00  1.25  2.06  2.88  2.82  3.17  2.54  1.44  1.05  0.83  0.72     1.71  0.84  2.06  2.84  1.11
180   70     0.77  0.95  1.19  1.56  2.33  2.39  2.60  1.91  1.31  1.01  0.79  0.69     1.46  0.80  1.69  2.30  1.04
180   80     0.73  0.91  1.13  1.43  1.85  1.93  2.02  1.60  1.24  0.97  0.76  0.66     1.27  0.77  1.47  1.85  0.99
180   90     0.69  0.87  1.07  1.34  1.66  1.67  1.76  1.47  1.17  0.93  0.72  0.63     1.16  0.73  1.36  1.63  0.94
             54.2  45.9  32.1  17.0   4.5   0.4   1.3  11.3  25.1  41.5  52.2  57.4     28.2  52.3  18.0   4.8  39.5
             3.37  3.99  4.11  4.72  4.79  4.21  5.01  5.08  4.33  4.26  3.75  3.53     4.26  3.62  4.48  4.75  4.06
             3.10  3.84  4.11  4.65  4.53  3.91  4.65  4.92  4.33  4.17  3.49  3.16     4.07  3.37  4.43  4.49  4.00
             1.09  1.04  1.00  1.02  1.06  1.08  1.08  1.03  1.00  1.02  1.07  1.12     1.05  1.08  1.02  1.06  1.03
             1.37  1.26  1.12  1.02  0.95  0.93  0.93  0.98  1.07  1.22  1.35  1.44     1.14  1.36  1.03  0.94  1.21
temperature   7.1   7.7  10.6  15.2  19.1  22.4  26.3  27.1  24.1  18.8  13.9   9.2     16.8   8.0  15.0  25.3  18.9
diffusedrad  1.16  1.46  1.81  2.16  2.43  2.47  2.48  2.28  1.98  1.55  1.22  1.05     1.84  1.22  2.13  2.41  1.58
snow10cm     0.00  0.00  0.00  0.00  0.00  0.00  0.00  0.00  0.00  0.00  0.00  0.00     0.00  0.00  0.00  0.00  0.00
