2 74056   本川            33 45.9  133 20.3  560
             2.08  2.69  3.40  4.31  4.68  4.39  4.55  4.36  3.47  3.09  2.08  1.96     3.42  2.24  4.13  4.43  2.88
             2.58  3.20  4.07  5.29  5.43  5.19  6.03  5.09  4.17  4.27  3.18  3.44     3.86  2.95  4.64  5.33  3.62
             1.62  2.08  2.55  3.66  3.86  3.57  3.34  2.96  2.71  2.37  1.51  1.06     2.99  1.90  3.46  3.71  2.37
  0   10     2.36  2.95  3.60  4.41  4.68  4.35  4.52  4.40  3.59  3.33  2.31  2.28     3.56  2.53  4.23  4.42  3.08
  0   20     2.59  3.16  3.72  4.43  4.59  4.24  4.41  4.36  3.65  3.52  2.51  2.54     3.64  2.76  4.25  4.34  3.23
  0   30     2.77  3.29  3.77  4.36  4.42  4.05  4.22  4.24  3.64  3.64  2.65  2.75     3.65  2.94  4.18  4.17  3.31
  0   40     2.88  3.36  3.74  4.20  4.16  3.78  3.95  4.04  3.55  3.67  2.73  2.89     3.58  3.04  4.03  3.92  3.32
  0   50     2.93  3.35  3.62  3.95  3.81  3.45  3.62  3.75  3.40  3.62  2.75  2.97     3.44  3.08  3.79  3.61  3.26
  0   60     2.91  3.26  3.44  3.62  3.41  3.08  3.22  3.40  3.17  3.49  2.71  2.97     3.22  3.05  3.49  3.23  3.13
  0   70     2.83  3.10  3.18  3.22  2.96  2.66  2.78  3.00  2.89  3.29  2.61  2.91     2.95  2.95  3.12  2.81  2.93
  0   80     2.68  2.88  2.86  2.77  2.46  2.23  2.32  2.55  2.55  3.02  2.45  2.77     2.63  2.78  2.70  2.36  2.67
  0   90     2.47  2.60  2.48  2.28  1.97  1.79  1.85  2.07  2.18  2.68  2.24  2.57     2.27  2.55  2.24  1.91  2.37
 15   10     2.34  2.94  3.59  4.41  4.68  4.35  4.52  4.39  3.59  3.32  2.30  2.27     3.56  2.52  4.22  4.42  3.07
 15   20     2.56  3.14  3.70  4.43  4.59  4.24  4.41  4.36  3.64  3.50  2.49  2.52     3.63  2.74  4.24  4.34  3.21
 15   30     2.73  3.27  3.74  4.36  4.42  4.05  4.22  4.24  3.62  3.60  2.62  2.72     3.63  2.90  4.17  4.17  3.28
 15   40     2.84  3.33  3.70  4.20  4.16  3.79  3.96  4.04  3.54  3.62  2.70  2.85     3.56  3.00  4.02  3.93  3.28
 15   50     2.88  3.31  3.59  3.96  3.83  3.47  3.63  3.76  3.38  3.56  2.71  2.92     3.42  3.03  3.79  3.62  3.22
 15   60     2.85  3.22  3.39  3.63  3.43  3.10  3.25  3.42  3.15  3.42  2.67  2.92     3.21  3.00  3.49  3.25  3.08
 15   70     2.76  3.06  3.13  3.25  3.00  2.70  2.82  3.02  2.87  3.21  2.57  2.85     2.94  2.89  3.13  2.85  2.88
 15   80     2.61  2.83  2.81  2.81  2.52  2.28  2.37  2.58  2.54  2.94  2.41  2.71     2.62  2.72  2.71  2.41  2.63
 15   90     2.40  2.55  2.44  2.34  2.04  1.86  1.93  2.13  2.18  2.60  2.19  2.51     2.27  2.48  2.28  1.97  2.33
 30   10     2.31  2.92  3.56  4.40  4.68  4.35  4.52  4.39  3.57  3.28  2.28  2.23     3.54  2.49  4.21  4.42  3.04
 30   20     2.50  3.09  3.66  4.41  4.59  4.24  4.41  4.35  3.61  3.43  2.44  2.45     3.60  2.68  4.22  4.34  3.16
 30   30     2.64  3.19  3.68  4.34  4.43  4.06  4.24  4.24  3.59  3.51  2.55  2.62     3.59  2.81  4.15  4.18  3.21
 30   40     2.72  3.22  3.62  4.18  4.18  3.81  3.98  4.04  3.49  3.51  2.61  2.73     3.51  2.89  4.00  3.94  3.20
 30   50     2.73  3.19  3.50  3.95  3.87  3.51  3.67  3.78  3.32  3.44  2.60  2.77     3.36  2.90  3.77  3.65  3.12
 30   60     2.69  3.09  3.31  3.65  3.50  3.16  3.31  3.45  3.10  3.29  2.54  2.75     3.15  2.84  3.48  3.30  2.98
 30   70     2.59  2.92  3.05  3.28  3.09  2.78  2.91  3.08  2.83  3.08  2.43  2.66     2.89  2.72  3.14  2.92  2.78
 30   80     2.43  2.69  2.74  2.88  2.65  2.39  2.50  2.67  2.52  2.80  2.26  2.52     2.59  2.54  2.75  2.52  2.53
 30   90     2.22  2.41  2.39  2.45  2.21  2.01  2.09  2.26  2.17  2.47  2.05  2.31     2.25  2.31  2.35  2.12  2.23
 45   10     2.26  2.87  3.52  4.38  4.67  4.35  4.52  4.37  3.54  3.24  2.24  2.18     3.51  2.44  4.19  4.41  3.00
 45   20     2.40  3.00  3.59  4.38  4.59  4.24  4.41  4.33  3.56  3.35  2.36  2.35     3.55  2.59  4.18  4.33  3.09
 45   30     2.50  3.07  3.59  4.30  4.43  4.07  4.24  4.21  3.52  3.38  2.43  2.47     3.52  2.68  4.10  4.17  3.11
 45   40     2.54  3.07  3.52  4.15  4.20  3.84  4.00  4.02  3.41  3.36  2.46  2.54     3.43  2.72  3.95  3.96  3.08
 45   50     2.53  3.01  3.37  3.92  3.90  3.55  3.70  3.76  3.25  3.26  2.43  2.55     3.27  2.70  3.73  3.67  2.98
 45   60     2.46  2.90  3.18  3.63  3.56  3.23  3.37  3.47  3.03  3.10  2.36  2.50     3.07  2.62  3.46  3.35  2.83
 45   70     2.35  2.73  2.93  3.29  3.17  2.87  3.00  3.11  2.77  2.89  2.23  2.40     2.81  2.49  3.13  3.00  2.63
 45   80     2.19  2.50  2.64  2.92  2.78  2.50  2.62  2.75  2.47  2.63  2.06  2.25     2.52  2.31  2.78  2.62  2.39
 45   90     1.98  2.24  2.32  2.53  2.39  2.15  2.25  2.37  2.15  2.32  1.86  2.06     2.22  2.09  2.41  2.26  2.11
 60   10     2.20  2.81  3.48  4.35  4.66  4.35  4.51  4.36  3.51  3.18  2.18  2.11     3.47  2.37  4.16  4.41  2.96
 60   20     2.29  2.89  3.50  4.33  4.57  4.24  4.41  4.30  3.50  3.23  2.26  2.22     3.48  2.47  4.13  4.32  3.00
 60   30     2.33  2.91  3.46  4.24  4.41  4.07  4.24  4.17  3.43  3.23  2.29  2.29     3.42  2.51  4.04  4.16  2.98
 60   40     2.33  2.88  3.37  4.07  4.19  3.85  4.01  3.98  3.31  3.17  2.28  2.31     3.31  2.51  3.88  3.95  2.92
 60   50     2.29  2.80  3.22  3.86  3.91  3.58  3.73  3.74  3.14  3.05  2.22  2.29     3.15  2.46  3.66  3.69  2.80
 60   60     2.20  2.67  3.01  3.58  3.59  3.27  3.41  3.44  2.92  2.88  2.13  2.22     2.94  2.36  3.39  3.37  2.65
 60   70     2.08  2.50  2.78  3.27  3.24  2.94  3.07  3.13  2.67  2.66  2.00  2.10     2.71  2.23  3.10  3.05  2.45
 60   80     1.92  2.28  2.50  2.92  2.87  2.60  2.72  2.79  2.40  2.43  1.84  1.96     2.44  2.05  2.77  2.70  2.22
 60   90     1.72  2.04  2.22  2.57  2.50  2.26  2.36  2.43  2.11  2.15  1.66  1.77     2.15  1.85  2.43  2.35  1.97
 75   10     2.13  2.74  3.42  4.31  4.65  4.35  4.50  4.33  3.47  3.11  2.12  2.03     3.43  2.30  4.13  4.39  2.90
 75   20     2.15  2.76  3.40  4.26  4.55  4.24  4.40  4.26  3.42  3.10  2.14  2.07     3.40  2.33  4.07  4.30  2.89
 75   30     2.14  2.73  3.32  4.15  4.38  4.07  4.23  4.12  3.33  3.04  2.12  2.08     3.31  2.32  3.95  4.14  2.83
 75   40     2.10  2.66  3.20  3.97  4.16  3.85  4.00  3.92  3.19  2.94  2.08  2.06     3.18  2.27  3.78  3.92  2.74
 75   50     2.03  2.56  3.03  3.75  3.90  3.59  3.73  3.68  3.01  2.81  2.00  2.00     3.01  2.19  3.56  3.67  2.60
 75   60     1.92  2.41  2.83  3.49  3.59  3.29  3.43  3.40  2.79  2.63  1.89  1.91     2.80  2.08  3.30  3.38  2.44
 75   70     1.79  2.24  2.60  3.19  3.25  2.97  3.10  3.09  2.55  2.43  1.76  1.79     2.56  1.94  3.01  3.05  2.25
 75   80     1.65  2.05  2.35  2.88  2.91  2.65  2.77  2.78  2.30  2.19  1.61  1.65     2.31  1.78  2.71  2.73  2.03
 75   90     1.47  1.83  2.08  2.55  2.56  2.33  2.43  2.45  2.02  1.96  1.45  1.50     2.05  1.60  2.40  2.41  1.81
 90   10     2.05  2.67  3.36  4.27  4.63  4.34  4.50  4.30  3.43  3.03  2.05  1.95     3.38  2.22  4.09  4.38  2.84
 90   20     2.01  2.62  3.28  4.18  4.52  4.23  4.38  4.20  3.34  2.96  2.01  1.91     3.30  2.18  4.00  4.27  2.77
 90   30     1.94  2.54  3.16  4.04  4.34  4.05  4.20  4.04  3.21  2.84  1.95  1.86     3.18  2.11  3.85  4.10  2.67
 90   40     1.86  2.43  3.00  3.84  4.11  3.83  3.97  3.83  3.05  2.71  1.86  1.79     3.02  2.03  3.65  3.88  2.54
 90   50     1.75  2.29  2.82  3.60  3.84  3.57  3.70  3.58  2.85  2.54  1.76  1.71     2.84  1.92  3.42  3.62  2.39
 90   60     1.65  2.15  2.61  3.35  3.54  3.28  3.40  3.31  2.64  2.36  1.64  1.61     2.63  1.80  3.17  3.33  2.21
 90   70     1.51  1.97  2.39  3.06  3.21  2.97  3.09  3.02  2.41  2.16  1.52  1.49     2.40  1.66  2.89  3.02  2.03
 90   80     1.38  1.80  2.16  2.76  2.88  2.66  2.75  2.70  2.16  1.95  1.38  1.36     2.16  1.51  2.60  2.71  1.83
 90   90     1.24  1.61  1.92  2.47  2.56  2.35  2.44  2.40  1.92  1.74  1.24  1.23     1.93  1.36  2.31  2.40  1.64
105   10     1.97  2.60  3.30  4.23  4.62  4.34  4.49  4.28  3.38  2.96  1.99  1.87     3.34  2.15  4.05  4.37  2.78
105   20     1.86  2.47  3.16  4.10  4.49  4.22  4.36  4.15  3.25  2.81  1.88  1.76     3.21  2.03  3.92  4.24  2.65
105   30     1.74  2.33  2.99  3.91  4.28  4.03  4.16  3.96  3.09  2.64  1.77  1.64     3.05  1.91  3.73  4.05  2.50
105   40     1.62  2.18  2.79  3.69  4.03  3.80  3.92  3.72  2.90  2.46  1.65  1.53     2.86  1.78  3.50  3.81  2.33
105   50     1.50  2.03  2.59  3.43  3.75  3.53  3.64  3.45  2.68  2.27  1.53  1.43     2.65  1.65  3.25  3.54  2.16
105   60     1.38  1.86  2.38  3.15  3.44  3.23  3.33  3.17  2.46  2.08  1.41  1.31     2.43  1.52  2.99  3.25  1.98
105   70     1.26  1.71  2.16  2.88  3.12  2.93  3.02  2.88  2.23  1.88  1.29  1.21     2.21  1.40  2.72  2.94  1.80
105   80     1.14  1.55  1.94  2.60  2.79  2.61  2.70  2.59  2.01  1.71  1.17  1.10     1.99  1.26  2.44  2.63  1.63
105   90     1.03  1.39  1.74  2.31  2.48  2.31  2.39  2.29  1.78  1.51  1.05  1.00     1.77  1.14  2.18  2.33  1.45
120   10     1.90  2.52  3.24  4.19  4.60  4.33  4.48  4.25  3.34  2.89  1.92  1.79     3.29  2.07  4.01  4.36  2.72
120   20     1.72  2.33  3.05  4.01  4.45  4.21  4.34  4.09  3.17  2.67  1.76  1.61     3.12  1.89  3.84  4.21  2.54
120   30     1.55  2.13  2.82  3.78  4.22  4.01  4.13  3.86  2.96  2.45  1.59  1.44     2.91  1.71  3.61  4.00  2.34
120   40     1.40  1.94  2.58  3.51  3.94  3.76  3.86  3.59  2.73  2.22  1.44  1.29     2.69  1.54  3.34  3.74  2.13
120   50     1.27  1.76  2.35  3.22  3.63  3.46  3.55  3.30  2.50  2.00  1.31  1.17     2.46  1.40  3.06  3.44  1.94
120   60     1.15  1.60  2.12  2.93  3.30  3.15  3.23  2.99  2.26  1.80  1.20  1.06     2.23  1.27  2.78  3.12  1.75
120   70     1.05  1.46  1.92  2.64  2.97  2.84  2.90  2.70  2.04  1.63  1.08  0.98     2.02  1.16  2.51  2.81  1.58
120   80     0.95  1.32  1.72  2.38  2.65  2.53  2.59  2.42  1.82  1.46  0.99  0.88     1.81  1.05  2.25  2.51  1.42
120   90     0.86  1.20  1.53  2.13  2.35  2.23  2.29  2.15  1.63  1.31  0.89  0.81     1.62  0.96  2.00  2.22  1.28
135   10     1.84  2.46  3.19  4.16  4.59  4.33  4.47  4.23  3.31  2.83  1.87  1.72     3.25  2.01  3.98  4.34  2.67
135   20     1.60  2.21  2.94  3.94  4.42  4.20  4.32  4.04  3.10  2.55  1.65  1.47     3.04  1.76  3.77  4.19  2.43
135   30     1.38  1.95  2.66  3.65  4.16  3.99  4.09  3.78  2.85  2.26  1.44  1.25     2.79  1.52  3.49  3.95  2.18
135   40     1.20  1.72  2.38  3.32  3.84  3.71  3.79  3.46  2.58  1.99  1.26  1.08     2.53  1.33  3.18  3.66  1.94
135   50     1.07  1.52  2.11  2.99  3.48  3.39  3.44  3.13  2.31  1.75  1.12  0.96     2.27  1.18  2.86  3.32  1.73
135   60     0.97  1.37  1.88  2.67  3.12  3.04  3.09  2.79  2.06  1.55  1.02  0.87     2.03  1.07  2.55  2.97  1.54
135   70     0.89  1.24  1.68  2.38  2.77  2.70  2.74  2.48  1.84  1.39  0.93  0.81     1.82  0.98  2.28  2.64  1.39
135   80     0.82  1.13  1.51  2.13  2.45  2.39  2.43  2.21  1.65  1.25  0.85  0.75     1.63  0.90  2.03  2.34  1.25
135   90     0.76  1.03  1.36  1.90  2.17  2.11  2.14  1.96  1.47  1.14  0.78  0.69     1.46  0.83  1.81  2.07  1.13
150   10     1.79  2.41  3.15  4.13  4.58  4.33  4.47  4.21  3.28  2.78  1.82  1.66     3.22  1.95  3.95  4.34  2.63
150   20     1.50  2.10  2.86  3.87  4.39  4.19  4.31  4.00  3.04  2.45  1.56  1.36     2.97  1.65  3.71  4.17  2.35
150   30     1.23  1.79  2.53  3.54  4.12  3.98  4.07  3.71  2.75  2.10  1.31  1.09     2.68  1.37  3.40  3.92  2.05
150   40     1.03  1.51  2.19  3.16  3.77  3.69  3.75  3.36  2.44  1.77  1.10  0.90     2.39  1.15  3.04  3.60  1.77
150   50     0.93  1.30  1.88  2.76  3.36  3.33  3.37  2.96  2.13  1.50  0.97  0.82     2.11  1.02  2.67  3.22  1.53
150   60     0.87  1.17  1.64  2.39  2.92  2.94  2.95  2.57  1.85  1.33  0.90  0.78     1.86  0.94  2.32  2.82  1.36
150   70     0.82  1.08  1.47  2.09  2.53  2.55  2.55  2.24  1.65  1.20  0.84  0.73     1.65  0.88  2.03  2.45  1.23
150   80     0.77  1.01  1.33  1.86  2.21  2.23  2.23  1.98  1.48  1.11  0.79  0.69     1.47  0.82  1.80  2.14  1.13
150   90     0.72  0.94  1.22  1.68  1.96  1.96  1.96  1.76  1.34  1.02  0.73  0.65     1.33  0.77  1.62  1.89  1.03
165   10     1.76  2.38  3.13  4.11  4.58  4.33  4.47  4.20  3.26  2.75  1.79  1.63     3.20  1.92  3.94  4.33  2.60
165   20     1.43  2.03  2.81  3.83  4.38  4.19  4.31  3.97  3.00  2.39  1.50  1.28     2.93  1.58  3.67  4.16  2.30
165   30     1.12  1.67  2.44  3.48  4.10  3.98  4.07  3.67  2.69  1.99  1.20  0.96     2.62  1.25  3.34  3.90  1.96
165   40     0.94  1.34  2.05  3.06  3.75  3.68  3.75  3.30  2.34  1.60  0.98  0.84     2.30  1.04  2.95  3.58  1.64
165   50     0.91  1.14  1.68  2.59  3.32  3.33  3.36  2.87  1.97  1.30  0.93  0.81     2.02  0.95  2.53  3.19  1.40
165   60     0.86  1.09  1.43  2.12  2.83  2.92  2.91  2.40  1.66  1.18  0.88  0.77     1.75  0.91  2.13  2.74  1.24
165   70     0.82  1.03  1.31  1.80  2.31  2.47  2.42  1.99  1.48  1.11  0.83  0.73     1.52  0.86  1.81  2.29  1.14
165   80     0.77  0.97  1.22  1.62  1.97  2.06  2.03  1.75  1.35  1.05  0.78  0.69     1.35  0.81  1.60  1.94  1.06
165   90     0.72  0.90  1.14  1.48  1.75  1.81  1.79  1.58  1.25  0.98  0.73  0.65     1.23  0.76  1.46  1.72  0.99
180   10     1.75  2.37  3.12  4.10  4.58  4.33  4.47  4.19  3.26  2.74  1.79  1.61     3.19  1.91  3.93  4.33  2.60
180   20     1.40  2.00  2.79  3.81  4.38  4.19  4.31  3.96  2.99  2.36  1.48  1.25     2.91  1.55  3.66  4.16  2.28
180   30     1.08  1.62  2.41  3.45  4.10  3.98  4.07  3.65  2.68  1.95  1.16  0.93     2.59  1.21  3.32  3.90  1.93
180   40     0.94  1.25  1.99  3.02  3.74  3.69  3.75  3.27  2.31  1.52  0.96  0.84     2.27  1.01  2.92  3.57  1.60
180   50     0.91  1.14  1.55  2.54  3.31  3.33  3.36  2.84  1.92  1.22  0.93  0.81     1.99  0.95  2.47  3.18  1.36
180   60     0.86  1.09  1.34  2.03  2.83  2.92  2.92  2.36  1.51  1.17  0.88  0.77     1.72  0.91  2.07  2.73  1.19
180   70     0.82  1.03  1.27  1.61  2.30  2.47  2.43  1.86  1.40  1.11  0.83  0.73     1.49  0.86  1.73  2.25  1.11
180   80     0.77  0.97  1.20  1.47  1.86  2.00  1.95  1.61  1.31  1.05  0.78  0.69     1.30  0.81  1.51  1.85  1.04
180   90     0.72  0.90  1.12  1.38  1.67  1.74  1.72  1.48  1.22  0.98  0.73  0.65     1.19  0.76  1.39  1.65  0.97
             52.4  43.5  30.9  17.0   5.3   1.1   2.6  11.3  23.2  39.1  48.5  55.7     25.8  50.4  17.5   5.1  36.4
             2.93  3.36  3.77  4.44  4.69  4.38  4.54  4.40  3.66  3.67  2.75  2.98     3.80  3.08  4.25  4.43  3.32
             2.70  3.24  3.76  4.40  4.50  4.14  4.31  4.30  3.65  3.60  2.60  2.67     3.66  2.87  4.22  4.25  3.28
             1.09  1.04  1.00  1.01  1.04  1.06  1.05  1.02  1.00  1.02  1.06  1.12     1.04  1.08  1.02  1.04  1.03
             1.30  1.20  1.11  1.02  0.96  0.94  0.95  0.99  1.05  1.17  1.25  1.36     1.11  1.29  1.03  0.96  1.16
temperature   1.3   2.2   5.6  10.8  15.1  18.7  22.6  22.9  19.7  13.9   8.5   3.4     12.1   2.3  10.5  21.4  14.0
diffusedrad  1.21  1.53  1.90  2.26  2.52  2.63  2.59  2.40  2.06  1.68  1.22  1.09     1.93  1.28  2.23  2.54  1.66
snow10cm     0.00  0.00  0.00  0.00  0.00  0.00  0.00  0.00  0.00  0.00  0.00  0.00     0.00  0.00  0.00  0.00  0.00
