2 74296   梼原            33 23.4  132 55.3  415
             1.93  2.61  3.37  4.28  4.59  4.10  4.42  4.24  3.43  2.91  2.25  1.88     3.33  2.14  4.08  4.26  2.86
             2.25  3.03  4.01  5.29  5.36  4.85  5.96  5.07  4.46  3.60  2.66  2.15     3.75  2.40  4.62  5.25  3.21
             1.59  1.66  2.68  3.71  3.78  2.96  3.53  3.19  2.47  2.41  1.81  1.51     2.92  1.70  3.54  3.49  2.35
  0   10     2.16  2.87  3.57  4.38  4.59  4.07  4.39  4.28  3.55  3.15  2.53  2.17     3.48  2.40  4.18  4.24  3.08
  0   20     2.37  3.06  3.70  4.40  4.50  3.96  4.28  4.24  3.62  3.33  2.76  2.42     3.55  2.62  4.20  4.16  3.23
  0   30     2.52  3.20  3.75  4.32  4.33  3.78  4.10  4.12  3.60  3.43  2.94  2.61     3.56  2.77  4.13  4.00  3.32
  0   40     2.61  3.26  3.72  4.16  4.06  3.54  3.83  3.92  3.52  3.46  3.05  2.74     3.49  2.87  3.98  3.76  3.34
  0   50     2.65  3.25  3.61  3.91  3.72  3.23  3.50  3.64  3.36  3.41  3.08  2.81     3.35  2.90  3.75  3.46  3.29
  0   60     2.63  3.17  3.42  3.58  3.32  2.88  3.11  3.30  3.14  3.29  3.05  2.81     3.14  2.87  3.44  3.10  3.16
  0   70     2.55  3.01  3.16  3.18  2.88  2.49  2.69  2.90  2.85  3.10  2.94  2.74     2.88  2.77  3.07  2.69  2.96
  0   80     2.41  2.80  2.84  2.73  2.39  2.09  2.23  2.46  2.52  2.84  2.77  2.61     2.56  2.61  2.65  2.26  2.71
  0   90     2.22  2.52  2.46  2.24  1.90  1.69  1.78  2.00  2.14  2.52  2.53  2.42     2.20  2.39  2.20  1.82  2.40
 15   10     2.15  2.86  3.56  4.38  4.59  4.07  4.39  4.28  3.55  3.14  2.52  2.16     3.47  2.39  4.17  4.24  3.07
 15   20     2.34  3.05  3.67  4.40  4.50  3.96  4.29  4.24  3.60  3.31  2.75  2.40     3.54  2.60  4.19  4.16  3.22
 15   30     2.48  3.17  3.72  4.32  4.32  3.78  4.10  4.12  3.59  3.41  2.91  2.58     3.54  2.75  4.12  4.00  3.30
 15   40     2.57  3.23  3.68  4.16  4.07  3.54  3.84  3.92  3.50  3.43  3.01  2.70     3.47  2.83  3.97  3.77  3.31
 15   50     2.60  3.21  3.57  3.92  3.74  3.24  3.51  3.65  3.34  3.38  3.04  2.76     3.33  2.86  3.74  3.47  3.25
 15   60     2.57  3.12  3.38  3.59  3.35  2.90  3.14  3.31  3.12  3.25  3.00  2.75     3.12  2.82  3.44  3.12  3.12
 15   70     2.49  2.97  3.11  3.21  2.92  2.52  2.72  2.93  2.84  3.05  2.89  2.68     2.86  2.71  3.08  2.73  2.93
 15   80     2.35  2.75  2.79  2.77  2.45  2.13  2.29  2.50  2.51  2.79  2.71  2.55     2.55  2.55  2.67  2.31  2.67
 15   90     2.16  2.47  2.42  2.30  1.98  1.75  1.86  2.06  2.14  2.48  2.48  2.36     2.21  2.33  2.23  1.89  2.37
 30   10     2.13  2.83  3.53  4.37  4.59  4.07  4.39  4.27  3.53  3.12  2.49  2.13     3.45  2.36  4.16  4.24  3.04
 30   20     2.29  2.99  3.63  4.38  4.50  3.96  4.29  4.23  3.57  3.26  2.68  2.33     3.51  2.54  4.17  4.16  3.17
 30   30     2.40  3.09  3.66  4.31  4.34  3.79  4.11  4.12  3.55  3.34  2.82  2.49     3.50  2.66  4.10  4.01  3.24
 30   40     2.47  3.13  3.60  4.15  4.09  3.56  3.86  3.92  3.45  3.35  2.90  2.58     3.42  2.73  3.95  3.78  3.23
 30   50     2.48  3.10  3.48  3.92  3.78  3.28  3.56  3.67  3.29  3.28  2.91  2.62     3.28  2.73  3.73  3.50  3.16
 30   60     2.43  3.00  3.29  3.61  3.41  2.95  3.20  3.34  3.07  3.14  2.85  2.60     3.08  2.68  3.44  3.17  3.02
 30   70     2.34  2.83  3.03  3.25  3.01  2.60  2.81  2.98  2.80  2.95  2.73  2.51     2.82  2.56  3.10  2.80  2.82
 30   80     2.19  2.61  2.72  2.84  2.58  2.24  2.42  2.59  2.48  2.69  2.54  2.37     2.52  2.39  2.72  2.41  2.57
 30   90     2.00  2.34  2.37  2.42  2.16  1.89  2.02  2.19  2.14  2.38  2.31  2.18     2.20  2.17  2.31  2.03  2.28
 45   10     2.08  2.79  3.49  4.35  4.58  4.07  4.39  4.25  3.50  3.08  2.44  2.08     3.42  2.31  4.14  4.24  3.00
 45   20     2.21  2.91  3.56  4.35  4.49  3.96  4.29  4.21  3.53  3.19  2.59  2.23     3.46  2.45  4.13  4.15  3.10
 45   30     2.29  2.98  3.56  4.26  4.34  3.80  4.12  4.09  3.48  3.23  2.68  2.35     3.43  2.54  4.05  4.00  3.13
 45   40     2.32  2.98  3.49  4.12  4.11  3.58  3.88  3.91  3.38  3.22  2.72  2.41     3.34  2.57  3.90  3.79  3.11
 45   50     2.30  2.92  3.35  3.88  3.81  3.31  3.59  3.65  3.21  3.14  2.71  2.42     3.19  2.55  3.68  3.52  3.02
 45   60     2.24  2.81  3.17  3.60  3.48  3.01  3.27  3.36  3.00  2.99  2.63  2.37     2.99  2.47  3.42  3.21  2.87
 45   70     2.13  2.65  2.91  3.26  3.10  2.69  2.91  3.02  2.74  2.79  2.49  2.27     2.75  2.35  3.09  2.87  2.67
 45   80     1.98  2.43  2.62  2.90  2.71  2.34  2.54  2.66  2.44  2.55  2.31  2.12     2.47  2.18  2.74  2.51  2.44
 45   90     1.79  2.17  2.30  2.51  2.33  2.02  2.17  2.30  2.13  2.26  2.09  1.94     2.17  1.97  2.38  2.16  2.16
 60   10     2.03  2.73  3.45  4.32  4.57  4.07  4.38  4.24  3.47  3.02  2.37  2.01     3.39  2.26  4.11  4.23  2.95
 60   20     2.10  2.81  3.47  4.30  4.48  3.96  4.28  4.18  3.46  3.09  2.46  2.12     3.39  2.34  4.08  4.14  3.00
 60   30     2.13  2.82  3.44  4.21  4.32  3.80  4.11  4.06  3.40  3.10  2.51  2.18     3.34  2.38  3.99  3.99  3.00
 60   40     2.13  2.80  3.34  4.04  4.11  3.60  3.89  3.87  3.28  3.05  2.51  2.19     3.23  2.38  3.83  3.79  2.94
 60   50     2.09  2.72  3.20  3.83  3.83  3.34  3.62  3.63  3.11  2.95  2.46  2.17     3.08  2.33  3.62  3.53  2.84
 60   60     2.01  2.59  3.00  3.55  3.51  3.05  3.31  3.35  2.89  2.80  2.37  2.10     2.88  2.23  3.35  3.24  2.69
 60   70     1.89  2.43  2.77  3.25  3.17  2.75  2.98  3.04  2.65  2.60  2.22  1.99     2.65  2.10  3.06  2.92  2.49
 60   80     1.75  2.22  2.49  2.90  2.81  2.43  2.64  2.70  2.37  2.38  2.05  1.85     2.38  1.94  2.73  2.59  2.27
 60   90     1.57  1.99  2.21  2.55  2.44  2.12  2.29  2.36  2.09  2.12  1.85  1.68     2.10  1.75  2.40  2.25  2.02
 75   10     1.97  2.66  3.39  4.28  4.56  4.06  4.38  4.21  3.43  2.96  2.30  1.94     3.35  2.19  4.08  4.22  2.90
 75   20     1.98  2.68  3.37  4.23  4.46  3.96  4.27  4.14  3.38  2.97  2.33  1.98     3.31  2.21  4.02  4.13  2.89
 75   30     1.97  2.65  3.29  4.12  4.30  3.80  4.11  4.00  3.29  2.93  2.31  1.98     3.23  2.20  3.90  3.97  2.85
 75   40     1.93  2.58  3.17  3.94  4.08  3.60  3.88  3.81  3.15  2.85  2.27  1.96     3.10  2.16  3.73  3.76  2.76
 75   50     1.86  2.48  3.00  3.73  3.82  3.35  3.62  3.58  2.98  2.73  2.19  1.90     2.94  2.08  3.52  3.52  2.63
 75   60     1.77  2.35  2.81  3.47  3.52  3.08  3.33  3.31  2.77  2.58  2.08  1.82     2.74  1.98  3.27  3.24  2.48
 75   70     1.65  2.18  2.58  3.16  3.18  2.78  3.01  3.00  2.52  2.39  1.94  1.70     2.51  1.84  2.98  2.93  2.29
 75   80     1.51  1.99  2.33  2.86  2.85  2.48  2.68  2.69  2.28  2.18  1.77  1.57     2.27  1.69  2.68  2.62  2.08
 75   90     1.36  1.78  2.07  2.53  2.51  2.18  2.36  2.38  2.01  1.95  1.60  1.42     2.01  1.52  2.37  2.31  1.85
 90   10     1.90  2.59  3.33  4.24  4.55  4.06  4.37  4.19  3.38  2.89  2.21  1.87     3.30  2.12  4.04  4.21  2.83
 90   20     1.86  2.54  3.25  4.16  4.43  3.96  4.26  4.09  3.30  2.84  2.17  1.83     3.22  2.08  3.95  4.10  2.77
 90   30     1.80  2.46  3.13  4.01  4.26  3.79  4.08  3.94  3.17  2.75  2.11  1.78     3.11  2.01  3.80  3.94  2.68
 90   40     1.72  2.36  2.97  3.82  4.03  3.58  3.86  3.73  3.01  2.63  2.01  1.71     2.95  1.93  3.61  3.72  2.55
 90   50     1.62  2.23  2.79  3.58  3.77  3.34  3.59  3.48  2.82  2.49  1.92  1.63     2.77  1.83  3.38  3.47  2.41
 90   60     1.52  2.09  2.59  3.33  3.47  3.07  3.31  3.22  2.61  2.33  1.78  1.53     2.57  1.71  3.13  3.20  2.24
 90   70     1.40  1.92  2.37  3.05  3.15  2.78  3.00  2.93  2.38  2.15  1.66  1.42     2.35  1.58  2.86  2.90  2.06
 90   80     1.28  1.75  2.14  2.74  2.82  2.48  2.68  2.63  2.13  1.95  1.50  1.29     2.12  1.44  2.57  2.60  1.86
 90   90     1.15  1.57  1.90  2.45  2.51  2.20  2.37  2.34  1.90  1.75  1.36  1.17     1.89  1.30  2.29  2.30  1.67
105   10     1.83  2.52  3.27  4.20  4.53  4.06  4.37  4.17  3.34  2.82  2.14  1.79     3.25  2.05  4.00  4.20  2.77
105   20     1.73  2.40  3.13  4.07  4.40  3.94  4.24  4.04  3.21  2.70  2.02  1.68     3.13  1.94  3.87  4.07  2.65
105   30     1.63  2.26  2.96  3.89  4.20  3.77  4.05  3.85  3.05  2.56  1.90  1.57     2.97  1.82  3.68  3.89  2.50
105   40     1.51  2.12  2.76  3.66  3.96  3.56  3.81  3.62  2.86  2.40  1.77  1.47     2.79  1.70  3.46  3.66  2.34
105   50     1.41  1.97  2.56  3.41  3.68  3.30  3.54  3.36  2.65  2.23  1.63  1.37     2.59  1.58  3.21  3.40  2.17
105   60     1.29  1.81  2.35  3.13  3.38  3.03  3.24  3.09  2.42  2.06  1.51  1.25     2.38  1.45  2.95  3.12  2.00
105   70     1.19  1.66  2.13  2.86  3.06  2.74  2.94  2.81  2.20  1.88  1.38  1.16     2.17  1.34  2.68  2.83  1.82
105   80     1.08  1.50  1.92  2.58  2.74  2.45  2.63  2.52  1.98  1.72  1.25  1.05     1.95  1.21  2.41  2.53  1.65
105   90     0.97  1.36  1.72  2.30  2.43  2.17  2.32  2.23  1.75  1.53  1.13  0.95     1.74  1.10  2.15  2.24  1.47
120   10     1.77  2.45  3.21  4.16  4.52  4.05  4.36  4.14  3.30  2.75  2.06  1.71     3.21  1.98  3.96  4.18  2.70
120   20     1.61  2.26  3.01  3.98  4.36  3.94  4.22  3.98  3.13  2.57  1.87  1.54     3.04  1.81  3.79  4.05  2.52
120   30     1.46  2.07  2.78  3.75  4.14  3.75  4.01  3.77  2.92  2.37  1.69  1.38     2.84  1.64  3.56  3.85  2.33
120   40     1.32  1.88  2.55  3.48  3.87  3.52  3.75  3.50  2.69  2.17  1.52  1.24     2.62  1.48  3.30  3.59  2.13
120   50     1.20  1.71  2.31  3.19  3.56  3.24  3.46  3.21  2.46  1.97  1.38  1.12     2.40  1.35  3.02  3.30  1.93
120   60     1.09  1.56  2.08  2.90  3.23  2.95  3.14  2.92  2.22  1.79  1.25  1.02     2.18  1.22  2.74  3.00  1.75
120   70     1.00  1.42  1.88  2.62  2.91  2.66  2.82  2.63  2.00  1.63  1.13  0.94     1.97  1.12  2.47  2.70  1.59
120   80     0.91  1.28  1.70  2.36  2.60  2.37  2.52  2.36  1.79  1.48  1.03  0.85     1.77  1.01  2.22  2.41  1.43
120   90     0.83  1.16  1.51  2.11  2.30  2.09  2.23  2.10  1.60  1.33  0.93  0.78     1.58  0.92  1.98  2.14  1.29
135   10     1.72  2.39  3.16  4.13  4.50  4.05  4.35  4.12  3.26  2.69  1.99  1.65     3.17  1.92  3.93  4.17  2.65
135   20     1.51  2.14  2.90  3.90  4.34  3.93  4.21  3.93  3.05  2.45  1.74  1.42     2.96  1.69  3.71  4.02  2.41
135   30     1.31  1.89  2.62  3.62  4.09  3.73  3.98  3.68  2.80  2.19  1.50  1.20     2.72  1.47  3.44  3.80  2.17
135   40     1.15  1.66  2.33  3.29  3.77  3.48  3.69  3.38  2.53  1.94  1.30  1.04     2.46  1.28  3.13  3.52  1.92
135   50     1.03  1.47  2.07  2.96  3.42  3.18  3.35  3.05  2.26  1.72  1.15  0.92     2.21  1.14  2.81  3.19  1.71
135   60     0.94  1.32  1.84  2.64  3.06  2.85  3.01  2.72  2.01  1.54  1.03  0.84     1.98  1.03  2.51  2.86  1.53
135   70     0.86  1.20  1.64  2.35  2.71  2.54  2.67  2.42  1.79  1.39  0.94  0.78     1.77  0.95  2.24  2.54  1.38
135   80     0.80  1.09  1.47  2.10  2.40  2.25  2.36  2.15  1.61  1.26  0.86  0.72     1.59  0.87  1.99  2.25  1.24
135   90     0.74  1.01  1.33  1.88  2.13  1.98  2.08  1.91  1.44  1.15  0.79  0.67     1.43  0.80  1.78  1.99  1.13
150   10     1.68  2.34  3.12  4.10  4.50  4.05  4.35  4.10  3.23  2.65  1.94  1.60     3.14  1.87  3.90  4.17  2.61
150   20     1.42  2.04  2.82  3.84  4.31  3.92  4.20  3.90  2.99  2.35  1.63  1.31     2.89  1.59  3.66  4.01  2.32
150   30     1.18  1.73  2.48  3.52  4.04  3.73  3.96  3.62  2.70  2.03  1.34  1.05     2.62  1.32  3.35  3.77  2.02
150   40     1.00  1.46  2.14  3.13  3.70  3.46  3.65  3.28  2.38  1.73  1.10  0.87     2.33  1.11  2.99  3.46  1.74
150   50     0.90  1.26  1.83  2.73  3.29  3.13  3.28  2.89  2.07  1.48  0.96  0.79     2.05  0.98  2.62  3.10  1.50
150   60     0.85  1.13  1.58  2.36  2.87  2.76  2.87  2.52  1.80  1.31  0.88  0.75     1.81  0.91  2.27  2.72  1.33
150   70     0.80  1.05  1.42  2.06  2.48  2.40  2.48  2.19  1.59  1.19  0.83  0.71     1.60  0.85  1.99  2.36  1.20
150   80     0.75  0.97  1.28  1.83  2.17  2.10  2.16  1.93  1.43  1.10  0.78  0.67     1.43  0.80  1.76  2.06  1.10
150   90     0.70  0.91  1.17  1.65  1.91  1.84  1.90  1.72  1.29  1.01  0.73  0.63     1.29  0.75  1.58  1.82  1.01
165   10     1.65  2.31  3.09  4.08  4.49  4.05  4.35  4.09  3.22  2.62  1.91  1.56     3.12  1.84  3.89  4.16  2.58
165   20     1.36  1.97  2.77  3.80  4.31  3.92  4.20  3.87  2.96  2.28  1.56  1.24     2.85  1.52  3.62  4.00  2.27
165   30     1.09  1.62  2.39  3.45  4.03  3.72  3.96  3.58  2.64  1.92  1.21  0.94     2.55  1.22  3.29  3.76  1.92
165   40     0.92  1.29  1.99  3.03  3.68  3.46  3.65  3.22  2.29  1.55  0.95  0.81     2.24  1.01  2.90  3.44  1.60
165   50     0.89  1.10  1.62  2.56  3.26  3.13  3.27  2.81  1.91  1.27  0.89  0.78     1.96  0.92  2.48  3.07  1.36
165   60     0.84  1.04  1.37  2.09  2.78  2.75  2.84  2.35  1.60  1.15  0.86  0.75     1.70  0.88  2.08  2.65  1.20
165   70     0.80  0.99  1.25  1.76  2.27  2.33  2.37  1.94  1.42  1.08  0.81  0.71     1.48  0.83  1.76  2.21  1.10
165   80     0.75  0.94  1.17  1.58  1.93  1.95  1.97  1.71  1.29  1.01  0.77  0.67     1.31  0.79  1.56  1.87  1.02
165   90     0.70  0.88  1.09  1.44  1.71  1.71  1.73  1.54  1.20  0.95  0.72  0.63     1.19  0.73  1.41  1.66  0.95
180   10     1.64  2.29  3.09  4.07  4.49  4.05  4.35  4.08  3.21  2.60  1.90  1.55     3.11  1.83  3.88  4.16  2.57
180   20     1.34  1.95  2.75  3.78  4.30  3.92  4.20  3.86  2.94  2.25  1.53  1.21     2.84  1.50  3.61  4.00  2.24
180   30     1.05  1.57  2.36  3.42  4.03  3.73  3.96  3.56  2.62  1.87  1.17  0.90     2.52  1.17  3.27  3.75  1.89
180   40     0.92  1.21  1.94  2.99  3.68  3.46  3.65  3.20  2.26  1.47  0.93  0.81     2.21  0.98  2.87  3.44  1.55
180   50     0.89  1.09  1.49  2.51  3.25  3.13  3.28  2.78  1.86  1.18  0.89  0.78     1.93  0.92  2.42  3.06  1.31
180   60     0.84  1.04  1.27  2.00  2.78  2.75  2.85  2.32  1.44  1.13  0.86  0.75     1.67  0.88  2.02  2.64  1.14
180   70     0.80  0.99  1.21  1.56  2.26  2.34  2.37  1.83  1.33  1.07  0.81  0.71     1.44  0.83  1.68  2.18  1.07
180   80     0.75  0.94  1.14  1.43  1.82  1.90  1.90  1.58  1.24  1.01  0.77  0.67     1.26  0.79  1.46  1.79  1.01
180   90     0.70  0.88  1.07  1.34  1.63  1.65  1.67  1.45  1.16  0.94  0.72  0.63     1.15  0.73  1.35  1.59  0.94
             51.4  43.5  31.2  16.9   5.0   0.9   2.2  11.0  23.5  38.7  50.2  55.2     25.8  49.8  17.5   4.8  37.3
             2.65  3.26  3.75  4.40  4.60  4.10  4.42  4.28  3.62  3.46  3.08  2.82     3.70  2.90  4.20  4.26  3.34
             2.46  3.15  3.74  4.37  4.41  3.86  4.18  4.18  3.62  3.40  2.87  2.53     3.56  2.71  4.17  4.08  3.30
             1.08  1.03  1.00  1.01  1.04  1.06  1.06  1.02  1.00  1.02  1.07  1.11     1.04  1.08  1.02  1.05  1.03
             1.27  1.21  1.11  1.02  0.96  0.94  0.95  0.99  1.06  1.17  1.28  1.35     1.11  1.28  1.03  0.96  1.17
temperature   2.4   3.4   6.9  12.1  16.4  20.0  23.8  24.0  20.9  15.0   9.6   4.4     13.2   3.4  11.8  22.6  15.2
diffusedrad  1.16  1.46  1.80  2.17  2.43  2.49  2.49  2.33  1.95  1.59  1.21  1.04     1.84  1.22  2.14  2.44  1.58
snow10cm     0.04  0.02  0.00  0.00  0.00  0.00  0.00  0.00  0.00  0.00  0.00  0.01     0.01  0.02  0.00  0.00  0.00
