2 81151   徳佐            34 23.9  131 43.5  310
             1.61  2.27  3.17  4.21  4.70  4.29  4.30  4.39  3.52  3.11  2.08  1.57     3.27  1.82  4.02  4.33  2.90
             1.95  2.99  3.83  5.07  5.52  5.30  5.80  5.38  4.24  3.62  2.59  1.91     3.57  2.28  4.50  5.11  3.27
             1.35  1.46  2.60  3.62  3.94  3.53  3.14  3.43  2.95  2.61  1.53  1.13     3.00  1.39  3.62  3.63  2.63
  0   10     1.75  2.46  3.33  4.31  4.70  4.25  4.27  4.44  3.65  3.39  2.33  1.76     3.39  1.99  4.12  4.32  3.12
  0   20     1.87  2.60  3.44  4.34  4.62  4.15  4.18  4.41  3.72  3.60  2.53  1.92     3.45  2.13  4.13  4.25  3.28
  0   30     1.96  2.69  3.48  4.27  4.45  3.97  4.01  4.30  3.71  3.74  2.68  2.04     3.44  2.23  4.07  4.09  3.38
  0   40     2.01  2.72  3.44  4.11  4.19  3.72  3.76  4.09  3.63  3.78  2.77  2.12     3.36  2.28  3.92  3.86  3.39
  0   50     2.02  2.69  3.34  3.87  3.85  3.40  3.46  3.81  3.47  3.75  2.80  2.15     3.22  2.28  3.69  3.56  3.34
  0   60     1.98  2.61  3.17  3.56  3.44  3.04  3.09  3.46  3.25  3.62  2.76  2.13     3.01  2.24  3.39  3.20  3.21
  0   70     1.91  2.48  2.93  3.18  2.99  2.64  2.69  3.05  2.96  3.42  2.66  2.07     2.75  2.15  3.03  2.79  3.01
  0   80     1.80  2.30  2.64  2.74  2.50  2.22  2.26  2.59  2.62  3.14  2.51  1.96     2.44  2.02  2.63  2.36  2.76
  0   90     1.65  2.07  2.31  2.27  2.00  1.80  1.83  2.11  2.23  2.80  2.30  1.81     2.10  1.85  2.19  1.91  2.44
 15   10     1.75  2.45  3.32  4.31  4.70  4.25  4.27  4.44  3.64  3.38  2.32  1.75     3.38  1.98  4.11  4.32  3.11
 15   20     1.86  2.59  3.42  4.33  4.62  4.15  4.18  4.41  3.70  3.58  2.51  1.91     3.44  2.12  4.12  4.25  3.27
 15   30     1.94  2.67  3.45  4.26  4.45  3.97  4.01  4.29  3.69  3.71  2.65  2.02     3.43  2.21  4.05  4.09  3.35
 15   40     1.99  2.69  3.42  4.11  4.20  3.73  3.77  4.10  3.61  3.75  2.73  2.09     3.35  2.25  3.91  3.87  3.36
 15   50     1.99  2.66  3.31  3.88  3.86  3.42  3.46  3.82  3.45  3.70  2.76  2.11     3.20  2.25  3.68  3.56  3.30
 15   60     1.95  2.58  3.13  3.56  3.47  3.06  3.11  3.47  3.23  3.57  2.72  2.09     3.00  2.21  3.39  3.22  3.17
 15   70     1.88  2.44  2.89  3.20  3.03  2.67  2.72  3.07  2.94  3.37  2.61  2.03     2.74  2.12  3.04  2.82  2.97
 15   80     1.76  2.26  2.61  2.77  2.55  2.26  2.31  2.63  2.61  3.09  2.46  1.92     2.44  1.98  2.64  2.40  2.72
 15   90     1.62  2.03  2.27  2.32  2.07  1.86  1.89  2.17  2.23  2.74  2.24  1.77     2.10  1.81  2.22  1.97  2.41
 30   10     1.73  2.43  3.30  4.30  4.70  4.25  4.27  4.43  3.62  3.35  2.29  1.73     3.37  1.97  4.10  4.32  3.09
 30   20     1.83  2.54  3.38  4.31  4.61  4.15  4.18  4.40  3.67  3.53  2.46  1.86     3.41  2.08  4.10  4.24  3.22
 30   30     1.89  2.61  3.40  4.25  4.46  3.98  4.01  4.28  3.65  3.63  2.57  1.96     3.39  2.15  4.03  4.09  3.28
 30   40     1.92  2.62  3.35  4.09  4.21  3.74  3.78  4.09  3.55  3.65  2.63  2.01     3.30  2.18  3.88  3.87  3.28
 30   50     1.91  2.57  3.23  3.87  3.90  3.45  3.50  3.83  3.39  3.59  2.64  2.02     3.16  2.17  3.67  3.59  3.21
 30   60     1.86  2.48  3.05  3.57  3.52  3.11  3.16  3.49  3.17  3.45  2.58  1.99     2.95  2.11  3.38  3.25  3.07
 30   70     1.78  2.34  2.81  3.22  3.12  2.75  2.79  3.12  2.89  3.24  2.47  1.91     2.70  2.01  3.05  2.89  2.87
 30   80     1.66  2.15  2.53  2.82  2.68  2.37  2.41  2.71  2.58  2.97  2.30  1.80     2.42  1.87  2.68  2.50  2.62
 30   90     1.52  1.93  2.21  2.41  2.24  2.00  2.03  2.29  2.22  2.63  2.09  1.65     2.10  1.70  2.29  2.11  2.31
 45   10     1.70  2.40  3.27  4.28  4.69  4.25  4.27  4.42  3.60  3.30  2.25  1.70     3.34  1.93  4.08  4.31  3.05
 45   20     1.77  2.48  3.32  4.28  4.61  4.15  4.17  4.38  3.62  3.44  2.37  1.80     3.37  2.02  4.07  4.23  3.15
 45   30     1.82  2.52  3.31  4.20  4.45  3.98  4.01  4.25  3.58  3.50  2.45  1.86     3.33  2.07  3.98  4.08  3.18
 45   40     1.82  2.50  3.24  4.05  4.22  3.76  3.79  4.07  3.48  3.50  2.48  1.89     3.23  2.07  3.84  3.88  3.15
 45   50     1.79  2.44  3.11  3.82  3.92  3.48  3.52  3.81  3.31  3.42  2.46  1.88     3.08  2.04  3.62  3.60  3.06
 45   60     1.73  2.34  2.94  3.55  3.58  3.17  3.21  3.51  3.09  3.27  2.38  1.83     2.88  1.97  3.36  3.29  2.91
 45   70     1.64  2.19  2.70  3.21  3.20  2.83  2.87  3.15  2.82  3.07  2.26  1.74     2.64  1.86  3.04  2.95  2.72
 45   80     1.52  2.00  2.44  2.86  2.80  2.47  2.50  2.78  2.52  2.80  2.10  1.63     2.37  1.72  2.70  2.58  2.47
 45   90     1.38  1.80  2.14  2.48  2.40  2.12  2.15  2.40  2.20  2.49  1.89  1.48     2.08  1.55  2.34  2.22  2.19
 60   10     1.67  2.36  3.23  4.25  4.68  4.25  4.26  4.39  3.56  3.24  2.19  1.66     3.31  1.89  4.05  4.30  3.00
 60   20     1.71  2.40  3.24  4.22  4.59  4.15  4.17  4.34  3.55  3.32  2.27  1.72     3.31  1.94  4.02  4.22  3.05
 60   30     1.72  2.40  3.20  4.13  4.43  3.98  4.01  4.21  3.49  3.35  2.30  1.75     3.25  1.96  3.92  4.07  3.05
 60   40     1.70  2.37  3.11  3.97  4.21  3.77  3.79  4.02  3.36  3.30  2.29  1.74     3.14  1.94  3.76  3.86  2.99
 60   50     1.65  2.28  2.97  3.76  3.93  3.51  3.54  3.78  3.20  3.21  2.25  1.71     2.98  1.88  3.56  3.61  2.88
 60   60     1.58  2.17  2.79  3.48  3.60  3.20  3.23  3.48  2.97  3.05  2.15  1.64     2.78  1.79  3.29  3.31  2.73
 60   70     1.48  2.02  2.57  3.19  3.26  2.88  2.91  3.16  2.73  2.84  2.02  1.55     2.55  1.68  3.00  2.99  2.53
 60   80     1.36  1.84  2.31  2.85  2.89  2.55  2.58  2.82  2.44  2.60  1.86  1.43     2.29  1.54  2.68  2.65  2.30
 60   90     1.22  1.65  2.05  2.50  2.51  2.22  2.25  2.45  2.15  2.32  1.68  1.29     2.02  1.39  2.35  2.31  2.05
 75   10     1.63  2.31  3.18  4.21  4.67  4.25  4.25  4.37  3.52  3.17  2.12  1.61     3.27  1.85  4.02  4.29  2.94
 75   20     1.63  2.31  3.15  4.16  4.57  4.14  4.15  4.29  3.47  3.19  2.15  1.62     3.23  1.85  3.96  4.20  2.93
 75   30     1.61  2.27  3.07  4.04  4.40  3.98  3.99  4.15  3.38  3.15  2.13  1.61     3.15  1.83  3.84  4.04  2.89
 75   40     1.56  2.20  2.96  3.87  4.17  3.76  3.77  3.95  3.24  3.08  2.09  1.58     3.02  1.78  3.67  3.83  2.80
 75   50     1.50  2.11  2.80  3.65  3.91  3.51  3.52  3.71  3.05  2.95  2.00  1.52     2.85  1.71  3.45  3.58  2.67
 75   60     1.42  1.98  2.62  3.40  3.60  3.22  3.24  3.43  2.84  2.79  1.91  1.45     2.66  1.61  3.21  3.30  2.51
 75   70     1.31  1.83  2.40  3.10  3.26  2.91  2.93  3.12  2.59  2.59  1.77  1.34     2.43  1.50  2.92  2.99  2.32
 75   80     1.20  1.67  2.17  2.80  2.92  2.60  2.61  2.80  2.34  2.37  1.62  1.24     2.19  1.37  2.63  2.67  2.11
 75   90     1.07  1.49  1.93  2.48  2.57  2.28  2.30  2.47  2.06  2.12  1.46  1.11     1.95  1.23  2.32  2.35  1.88
 90   10     1.58  2.26  3.12  4.17  4.65  4.24  4.25  4.34  3.47  3.09  2.06  1.56     3.23  1.80  3.98  4.28  2.87
 90   20     1.55  2.21  3.05  4.08  4.53  4.13  4.13  4.24  3.38  3.04  2.01  1.52     3.16  1.76  3.89  4.17  2.81
 90   30     1.49  2.13  2.94  3.93  4.35  3.96  3.96  4.07  3.25  2.94  1.95  1.47     3.04  1.70  3.74  4.00  2.71
 90   40     1.43  2.04  2.78  3.74  4.12  3.74  3.75  3.86  3.09  2.82  1.86  1.41     2.89  1.63  3.55  3.78  2.59
 90   50     1.34  1.91  2.62  3.51  3.84  3.49  3.49  3.61  2.89  2.67  1.77  1.33     2.71  1.53  3.32  3.53  2.44
 90   60     1.26  1.79  2.42  3.25  3.54  3.21  3.21  3.33  2.67  2.50  1.65  1.25     2.50  1.43  3.07  3.25  2.27
 90   70     1.15  1.64  2.21  2.98  3.22  2.90  2.91  3.04  2.44  2.31  1.52  1.15     2.29  1.31  2.80  2.95  2.09
 90   80     1.05  1.49  2.00  2.68  2.88  2.59  2.60  2.72  2.19  2.10  1.38  1.05     2.06  1.20  2.52  2.64  1.89
 90   90     0.94  1.33  1.78  2.39  2.56  2.29  2.30  2.42  1.95  1.89  1.25  0.94     1.84  1.07  2.24  2.34  1.70
105   10     1.54  2.21  3.07  4.13  4.63  4.24  4.24  4.31  3.43  3.01  1.99  1.50     3.19  1.75  3.94  4.26  2.81
105   20     1.46  2.11  2.94  4.00  4.50  4.12  4.12  4.18  3.29  2.88  1.88  1.42     3.07  1.67  3.81  4.14  2.68
105   30     1.38  1.99  2.79  3.81  4.29  3.94  3.93  3.98  3.12  2.73  1.76  1.34     2.92  1.57  3.63  3.95  2.54
105   40     1.29  1.86  2.61  3.59  4.03  3.71  3.69  3.74  2.92  2.55  1.65  1.25     2.74  1.47  3.41  3.71  2.37
105   50     1.20  1.73  2.41  3.33  3.74  3.44  3.43  3.47  2.71  2.38  1.53  1.16     2.54  1.36  3.16  3.45  2.20
105   60     1.11  1.59  2.22  3.06  3.44  3.15  3.14  3.18  2.48  2.20  1.40  1.07     2.34  1.26  2.90  3.16  2.03
105   70     1.01  1.46  2.02  2.79  3.12  2.86  2.85  2.89  2.25  2.01  1.29  0.98     2.13  1.15  2.64  2.86  1.85
105   80     0.92  1.32  1.81  2.52  2.79  2.55  2.55  2.60  2.03  1.83  1.16  0.89     1.91  1.04  2.37  2.57  1.67
105   90     0.83  1.18  1.62  2.24  2.47  2.25  2.25  2.31  1.80  1.64  1.05  0.80     1.70  0.94  2.11  2.27  1.50
120   10     1.50  2.15  3.02  4.09  4.62  4.23  4.23  4.29  3.38  2.93  1.92  1.45     3.15  1.70  3.91  4.25  2.74
120   20     1.39  2.01  2.84  3.91  4.45  4.11  4.09  4.12  3.20  2.73  1.75  1.33     2.99  1.58  3.74  4.11  2.56
120   30     1.27  1.85  2.64  3.68  4.22  3.91  3.89  3.88  2.99  2.50  1.59  1.21     2.80  1.44  3.51  3.90  2.36
120   40     1.17  1.69  2.42  3.41  3.94  3.66  3.64  3.61  2.75  2.29  1.44  1.10     2.59  1.32  3.26  3.64  2.16
120   50     1.07  1.54  2.21  3.13  3.62  3.38  3.35  3.31  2.51  2.08  1.30  1.00     2.37  1.21  2.98  3.34  1.96
120   60     0.98  1.41  2.00  2.84  3.29  3.07  3.04  3.00  2.28  1.89  1.19  0.92     2.16  1.10  2.71  3.04  1.78
120   70     0.90  1.28  1.80  2.57  2.96  2.76  2.74  2.70  2.05  1.72  1.08  0.84     1.95  1.01  2.44  2.73  1.62
120   80     0.82  1.16  1.63  2.30  2.64  2.46  2.44  2.42  1.83  1.56  0.98  0.77     1.75  0.91  2.19  2.44  1.46
120   90     0.74  1.05  1.45  2.06  2.34  2.18  2.16  2.15  1.64  1.40  0.89  0.70     1.56  0.83  1.95  2.17  1.31
135   10     1.46  2.11  2.98  4.05  4.60  4.23  4.22  4.26  3.34  2.86  1.86  1.41     3.12  1.66  3.88  4.24  2.69
135   20     1.32  1.92  2.75  3.84  4.42  4.09  4.08  4.06  3.13  2.59  1.64  1.25     2.92  1.49  3.67  4.08  2.45
135   30     1.18  1.72  2.50  3.55  4.16  3.89  3.86  3.79  2.87  2.29  1.43  1.09     2.69  1.33  3.41  3.85  2.20
135   40     1.06  1.54  2.24  3.23  3.83  3.62  3.58  3.47  2.59  2.02  1.25  0.97     2.45  1.19  3.10  3.56  1.95
135   50     0.96  1.38  2.00  2.90  3.47  3.30  3.26  3.13  2.31  1.78  1.11  0.88     2.21  1.08  2.79  3.23  1.74
135   60     0.89  1.25  1.79  2.59  3.10  2.96  2.92  2.79  2.06  1.60  1.00  0.81     1.98  0.98  2.49  2.89  1.55
135   70     0.82  1.14  1.61  2.31  2.75  2.64  2.60  2.48  1.84  1.45  0.92  0.75     1.77  0.90  2.22  2.57  1.40
135   80     0.76  1.04  1.45  2.07  2.44  2.34  2.30  2.21  1.65  1.31  0.84  0.69     1.59  0.83  1.98  2.28  1.27
135   90     0.69  0.95  1.30  1.85  2.16  2.06  2.03  1.96  1.48  1.20  0.78  0.63     1.42  0.76  1.77  2.02  1.15
150   10     1.44  2.08  2.94  4.03  4.59  4.23  4.22  4.24  3.31  2.81  1.82  1.38     3.09  1.63  3.85  4.23  2.65
150   20     1.26  1.85  2.68  3.77  4.40  4.09  4.07  4.02  3.07  2.47  1.54  1.18     2.87  1.43  3.62  4.06  2.36
150   30     1.10  1.61  2.38  3.45  4.12  3.88  3.84  3.72  2.77  2.11  1.29  1.00     2.61  1.24  3.32  3.81  2.06
150   40     0.97  1.40  2.08  3.08  3.76  3.59  3.54  3.36  2.44  1.78  1.08  0.87     2.33  1.08  2.97  3.50  1.77
150   50     0.89  1.24  1.80  2.69  3.34  3.25  3.19  2.96  2.12  1.51  0.96  0.81     2.06  0.98  2.61  3.13  1.53
150   60     0.84  1.13  1.59  2.33  2.90  2.86  2.80  2.56  1.85  1.34  0.89  0.76     1.82  0.91  2.27  2.74  1.36
150   70     0.79  1.04  1.43  2.04  2.51  2.49  2.43  2.23  1.64  1.22  0.83  0.71     1.61  0.85  1.99  2.38  1.23
150   80     0.73  0.97  1.30  1.81  2.20  2.18  2.13  1.97  1.48  1.13  0.78  0.67     1.45  0.79  1.77  2.09  1.13
150   90     0.68  0.89  1.18  1.63  1.95  1.91  1.88  1.76  1.34  1.04  0.72  0.61     1.30  0.73  1.59  1.85  1.03
165   10     1.42  2.05  2.92  4.01  4.59  4.23  4.22  4.23  3.30  2.77  1.79  1.36     3.07  1.61  3.84  4.22  2.62
165   20     1.23  1.80  2.64  3.73  4.39  4.09  4.07  4.00  3.03  2.39  1.48  1.13     2.83  1.39  3.59  4.05  2.30
165   30     1.03  1.53  2.31  3.39  4.10  3.88  3.84  3.68  2.70  1.98  1.18  0.92     2.55  1.16  3.27  3.80  1.95
165   40     0.93  1.28  1.96  2.98  3.73  3.59  3.54  3.30  2.34  1.57  0.96  0.84     2.25  1.02  2.89  3.48  1.62
165   50     0.89  1.14  1.63  2.52  3.30  3.24  3.18  2.86  1.96  1.27  0.92  0.80     1.98  0.94  2.48  3.09  1.38
165   60     0.84  1.08  1.42  2.07  2.81  2.85  2.76  2.38  1.65  1.16  0.87  0.76     1.72  0.89  2.10  2.66  1.23
165   70     0.79  1.02  1.30  1.77  2.29  2.41  2.31  1.97  1.47  1.10  0.82  0.71     1.50  0.84  1.79  2.23  1.13
165   80     0.73  0.95  1.21  1.59  1.96  2.02  1.96  1.74  1.34  1.04  0.77  0.67     1.33  0.78  1.59  1.90  1.05
165   90     0.68  0.88  1.13  1.46  1.75  1.78  1.73  1.57  1.24  0.97  0.72  0.61     1.21  0.72  1.44  1.69  0.98
180   10     1.41  2.05  2.92  4.00  4.59  4.23  4.22  4.22  3.29  2.76  1.78  1.35     3.07  1.60  3.84  4.22  2.61
180   20     1.21  1.78  2.62  3.72  4.39  4.09  4.07  3.98  3.02  2.36  1.46  1.11     2.82  1.37  3.58  4.05  2.28
180   30     1.01  1.50  2.29  3.36  4.10  3.88  3.84  3.67  2.69  1.92  1.14  0.90     2.52  1.14  3.25  3.79  1.92
180   40     0.93  1.23  1.91  2.95  3.73  3.59  3.54  3.28  2.31  1.47  0.95  0.84     2.23  1.00  2.87  3.47  1.58
180   50     0.89  1.14  1.52  2.48  3.30  3.25  3.18  2.84  1.90  1.19  0.92  0.80     1.95  0.94  2.43  3.09  1.34
180   60     0.84  1.08  1.35  1.98  2.81  2.85  2.77  2.35  1.49  1.14  0.87  0.76     1.69  0.89  2.05  2.65  1.17
180   70     0.79  1.02  1.27  1.59  2.28  2.41  2.32  1.84  1.39  1.09  0.82  0.71     1.46  0.84  1.72  2.19  1.10
180   80     0.73  0.95  1.20  1.47  1.86  1.96  1.89  1.61  1.30  1.03  0.77  0.67     1.29  0.78  1.51  1.82  1.03
180   90     0.68  0.88  1.11  1.37  1.67  1.72  1.68  1.48  1.21  0.97  0.72  0.61     1.18  0.72  1.38  1.63  0.97
             46.8  40.6  30.3  17.4   5.8   1.7   3.2  11.9  24.1  40.6  49.4  51.5     23.7  45.9  16.9   5.8  37.5
             2.02  2.72  3.48  4.34  4.71  4.28  4.29  4.44  3.72  3.78  2.80  2.15     3.56  2.29  4.14  4.33  3.40
             1.91  2.64  3.46  4.32  4.57  4.09  4.12  4.38  3.72  3.66  2.59  1.97     3.45  2.17  4.12  4.20  3.33
             1.06  1.03  1.01  1.00  1.03  1.05  1.04  1.01  1.00  1.03  1.08  1.09     1.04  1.06  1.01  1.03  1.04
             1.19  1.16  1.09  1.03  0.97  0.95  0.96  1.00  1.06  1.18  1.25  1.25     1.09  1.20  1.03  0.97  1.16
temperature   1.6   2.4   5.9  11.6  16.4  20.2  24.0  24.7  20.5  14.3   8.9   3.8     12.9   2.6  11.3  23.0  14.6
diffusedrad  1.12  1.46  1.88  2.25  2.52  2.63  2.58  2.39  2.05  1.64  1.21  1.02     1.90  1.20  2.22  2.53  1.64
snow10cm     0.04  0.02  0.01  0.00  0.00  0.00  0.00  0.00  0.00  0.00  0.00  0.01     0.01  0.03  0.00  0.00  0.00
