2 81196   秋吉台          34 14.1  131 18.4  240
             1.95  2.63  3.39  4.39  4.89  4.40  4.37  4.65  3.80  3.37  2.33  1.87     3.50  2.15  4.22  4.47  3.17
             2.42  3.16  4.10  5.28  5.82  5.61  6.27  6.07  4.39  4.00  2.72  2.22     3.89  2.52  4.63  5.45  3.52
             1.66  1.90  2.59  3.75  4.10  3.54  3.15  3.46  2.81  2.79  1.81  1.52     3.15  1.79  3.73  3.66  2.82
  0   10     2.18  2.88  3.59  4.50  4.89  4.36  4.34  4.71  3.96  3.71  2.63  2.16     3.66  2.41  4.33  4.47  3.43
  0   20     2.39  3.08  3.72  4.53  4.80  4.24  4.24  4.68  4.04  3.96  2.89  2.40     3.75  2.63  4.35  4.39  3.63
  0   30     2.54  3.21  3.77  4.46  4.62  4.05  4.06  4.55  4.05  4.13  3.09  2.59     3.76  2.78  4.28  4.22  3.75
  0   40     2.64  3.28  3.74  4.30  4.34  3.79  3.81  4.33  3.96  4.19  3.21  2.73     3.69  2.88  4.13  3.98  3.79
  0   50     2.68  3.27  3.63  4.04  3.98  3.47  3.50  4.03  3.79  4.16  3.26  2.79     3.55  2.92  3.89  3.67  3.74
  0   60     2.67  3.19  3.45  3.71  3.56  3.09  3.13  3.65  3.54  4.03  3.23  2.80     3.34  2.88  3.57  3.29  3.60
  0   70     2.59  3.04  3.19  3.31  3.08  2.68  2.71  3.20  3.23  3.81  3.12  2.73     3.06  2.79  3.19  2.86  3.39
  0   80     2.45  2.82  2.88  2.85  2.56  2.24  2.28  2.71  2.85  3.50  2.95  2.61     2.72  2.63  2.76  2.41  3.10
  0   90     2.27  2.55  2.50  2.34  2.03  1.81  1.84  2.18  2.42  3.12  2.70  2.42     2.35  2.41  2.29  1.94  2.75
 15   10     2.17  2.88  3.57  4.50  4.89  4.36  4.34  4.71  3.95  3.70  2.62  2.15     3.65  2.40  4.32  4.47  3.42
 15   20     2.37  3.06  3.69  4.53  4.80  4.25  4.24  4.67  4.03  3.94  2.87  2.38     3.73  2.60  4.34  4.39  3.61
 15   30     2.51  3.19  3.74  4.46  4.62  4.06  4.07  4.55  4.03  4.09  3.05  2.56     3.74  2.75  4.27  4.23  3.72
 15   40     2.60  3.24  3.70  4.30  4.35  3.80  3.82  4.34  3.94  4.14  3.17  2.68     3.67  2.84  4.12  3.99  3.75
 15   50     2.63  3.23  3.59  4.05  4.00  3.48  3.50  4.04  3.77  4.10  3.21  2.74     3.53  2.87  3.88  3.67  3.69
 15   60     2.61  3.14  3.40  3.72  3.59  3.12  3.15  3.67  3.52  3.97  3.17  2.74     3.31  2.83  3.57  3.31  3.55
 15   70     2.52  2.98  3.14  3.33  3.12  2.71  2.74  3.23  3.21  3.74  3.06  2.67     3.04  2.73  3.20  2.89  3.34
 15   80     2.39  2.77  2.83  2.88  2.62  2.29  2.32  2.75  2.84  3.44  2.88  2.54     2.71  2.56  2.78  2.46  3.05
 15   90     2.20  2.49  2.46  2.40  2.11  1.87  1.90  2.25  2.42  3.05  2.64  2.36     2.35  2.35  2.33  2.01  2.70
 30   10     2.14  2.85  3.55  4.49  4.89  4.36  4.33  4.70  3.93  3.66  2.59  2.11     3.63  2.37  4.31  4.46  3.39
 30   20     2.31  3.01  3.65  4.51  4.80  4.25  4.24  4.66  3.99  3.87  2.80  2.32     3.70  2.54  4.32  4.38  3.56
 30   30     2.42  3.11  3.67  4.44  4.63  4.07  4.07  4.54  3.98  4.00  2.96  2.47     3.70  2.67  4.25  4.23  3.64
 30   40     2.49  3.14  3.62  4.28  4.37  3.82  3.83  4.33  3.88  4.03  3.04  2.56     3.62  2.73  4.09  4.00  3.65
 30   50     2.50  3.11  3.50  4.04  4.05  3.52  3.54  4.05  3.71  3.97  3.06  2.60     3.47  2.74  3.86  3.71  3.58
 30   60     2.46  3.01  3.31  3.73  3.65  3.17  3.20  3.69  3.46  3.83  3.00  2.58     3.26  2.68  3.56  3.35  3.43
 30   70     2.37  2.85  3.05  3.36  3.22  2.79  2.82  3.30  3.15  3.61  2.88  2.50     2.99  2.57  3.21  2.97  3.21
 30   80     2.22  2.62  2.75  2.94  2.76  2.40  2.43  2.85  2.81  3.30  2.69  2.36     2.68  2.40  2.82  2.56  2.93
 30   90     2.03  2.36  2.40  2.51  2.30  2.02  2.04  2.40  2.41  2.93  2.45  2.17     2.34  2.19  2.40  2.15  2.60
 45   10     2.10  2.80  3.51  4.46  4.88  4.35  4.33  4.68  3.90  3.61  2.53  2.06     3.60  2.32  4.29  4.45  3.35
 45   20     2.22  2.93  3.57  4.47  4.79  4.25  4.23  4.64  3.93  3.77  2.70  2.22     3.64  2.46  4.28  4.37  3.47
 45   30     2.30  2.99  3.58  4.39  4.62  4.08  4.07  4.51  3.89  3.85  2.81  2.33     3.62  2.54  4.20  4.22  3.52
 45   40     2.34  2.99  3.51  4.24  4.38  3.84  3.85  4.32  3.79  3.86  2.85  2.39     3.53  2.57  4.04  4.00  3.50
 45   50     2.32  2.94  3.37  4.00  4.07  3.55  3.57  4.04  3.61  3.79  2.84  2.40     3.37  2.55  3.81  3.72  3.41
 45   60     2.26  2.82  3.18  3.71  3.72  3.23  3.25  3.72  3.37  3.62  2.76  2.35     3.17  2.48  3.54  3.40  3.25
 45   70     2.16  2.65  2.93  3.36  3.32  2.88  2.90  3.34  3.08  3.40  2.62  2.25     2.91  2.35  3.20  3.04  3.04
 45   80     2.01  2.43  2.65  2.99  2.90  2.51  2.53  2.94  2.75  3.12  2.44  2.11     2.61  2.18  2.84  2.66  2.77
 45   90     1.82  2.19  2.32  2.59  2.48  2.16  2.17  2.53  2.40  2.77  2.20  1.93     2.30  1.98  2.46  2.29  2.46
 60   10     2.04  2.75  3.46  4.43  4.87  4.35  4.32  4.66  3.85  3.54  2.46  2.00     3.56  2.26  4.25  4.44  3.28
 60   20     2.12  2.82  3.49  4.42  4.78  4.25  4.23  4.60  3.85  3.63  2.57  2.10     3.57  2.35  4.23  4.36  3.35
 60   30     2.15  2.83  3.45  4.32  4.61  4.08  4.06  4.47  3.79  3.67  2.62  2.16     3.52  2.38  4.13  4.20  3.36
 60   40     2.15  2.81  3.36  4.15  4.38  3.85  3.84  4.26  3.66  3.63  2.62  2.17     3.41  2.38  3.96  3.99  3.30
 60   50     2.11  2.73  3.21  3.93  4.09  3.58  3.58  4.01  3.48  3.54  2.58  2.15     3.25  2.33  3.75  3.73  3.20
 60   60     2.02  2.60  3.01  3.65  3.74  3.27  3.28  3.70  3.24  3.37  2.48  2.08     3.04  2.23  3.47  3.42  3.03
 60   70     1.91  2.43  2.78  3.34  3.38  2.94  2.95  3.35  2.97  3.15  2.33  1.97     2.79  2.11  3.17  3.08  2.82
 60   80     1.77  2.22  2.50  2.98  3.00  2.61  2.61  2.99  2.66  2.89  2.15  1.83     2.52  1.94  2.83  2.74  2.57
 60   90     1.59  1.99  2.22  2.62  2.60  2.27  2.28  2.60  2.35  2.57  1.94  1.66     2.22  1.75  2.48  2.38  2.29
 75   10     1.98  2.68  3.40  4.40  4.85  4.35  4.32  4.63  3.81  3.45  2.38  1.93     3.51  2.20  4.22  4.43  3.21
 75   20     2.00  2.69  3.38  4.34  4.75  4.24  4.21  4.55  3.76  3.48  2.42  1.96     3.48  2.21  4.16  4.33  3.22
 75   30     1.99  2.66  3.30  4.23  4.58  4.07  4.05  4.40  3.66  3.45  2.40  1.97     3.40  2.21  4.03  4.17  3.17
 75   40     1.94  2.59  3.18  4.05  4.34  3.85  3.83  4.19  3.51  3.37  2.37  1.94     3.26  2.16  3.86  3.96  3.08
 75   50     1.88  2.49  3.02  3.82  4.06  3.59  3.57  3.93  3.31  3.24  2.28  1.88     3.09  2.08  3.63  3.70  2.94
 75   60     1.78  2.35  2.82  3.55  3.75  3.29  3.29  3.64  3.09  3.07  2.17  1.80     2.88  1.97  3.37  3.41  2.78
 75   70     1.66  2.18  2.59  3.25  3.39  2.98  2.97  3.31  2.81  2.86  2.02  1.68     2.64  1.84  3.08  3.09  2.56
 75   80     1.52  1.99  2.34  2.93  3.03  2.65  2.65  2.97  2.54  2.62  1.86  1.55     2.39  1.69  2.77  2.75  2.34
 75   90     1.36  1.78  2.08  2.59  2.67  2.33  2.33  2.62  2.24  2.34  1.67  1.40     2.12  1.52  2.45  2.43  2.09
 90   10     1.91  2.61  3.34  4.35  4.84  4.34  4.31  4.60  3.75  3.36  2.30  1.85     3.46  2.12  4.18  4.42  3.13
 90   20     1.87  2.55  3.26  4.26  4.72  4.23  4.20  4.49  3.65  3.30  2.25  1.82     3.38  2.08  4.08  4.30  3.07
 90   30     1.80  2.47  3.14  4.11  4.53  4.05  4.02  4.32  3.51  3.20  2.18  1.76     3.26  2.01  3.93  4.13  2.97
 90   40     1.73  2.37  2.98  3.91  4.28  3.83  3.80  4.09  3.34  3.08  2.09  1.70     3.10  1.93  3.72  3.91  2.83
 90   50     1.64  2.23  2.81  3.67  4.00  3.57  3.54  3.82  3.13  2.92  1.98  1.61     2.91  1.82  3.49  3.64  2.68
 90   60     1.53  2.09  2.60  3.40  3.69  3.28  3.25  3.53  2.88  2.73  1.86  1.52     2.70  1.71  3.23  3.35  2.49
 90   70     1.41  1.92  2.38  3.11  3.35  2.97  2.95  3.22  2.64  2.54  1.72  1.40     2.47  1.58  2.95  3.05  2.30
 90   80     1.29  1.75  2.15  2.80  2.99  2.65  2.64  2.89  2.37  2.30  1.56  1.28     2.22  1.44  2.65  2.73  2.08
 90   90     1.16  1.56  1.91  2.50  2.66  2.35  2.33  2.56  2.11  2.08  1.41  1.16     1.98  1.29  2.36  2.41  1.87
105   10     1.84  2.54  3.28  4.31  4.82  4.34  4.30  4.57  3.70  3.26  2.21  1.77     3.41  2.05  4.14  4.40  3.06
105   20     1.74  2.42  3.14  4.17  4.67  4.22  4.17  4.42  3.55  3.12  2.08  1.67     3.28  1.94  4.00  4.27  2.92
105   30     1.63  2.27  2.97  3.97  4.46  4.03  3.99  4.21  3.36  2.95  1.95  1.56     3.11  1.82  3.80  4.08  2.75
105   40     1.52  2.13  2.78  3.74  4.19  3.79  3.75  3.96  3.14  2.76  1.82  1.45     2.92  1.70  3.57  3.83  2.58
105   50     1.41  1.98  2.56  3.48  3.89  3.52  3.48  3.67  2.91  2.57  1.69  1.35     2.71  1.58  3.31  3.56  2.39
105   60     1.30  1.82  2.36  3.20  3.57  3.23  3.19  3.37  2.67  2.38  1.55  1.25     2.49  1.46  3.04  3.26  2.20
105   70     1.19  1.67  2.15  2.91  3.24  2.92  2.88  3.06  2.41  2.18  1.42  1.15     2.27  1.33  2.77  2.96  2.00
105   80     1.08  1.51  1.93  2.63  2.90  2.61  2.58  2.75  2.18  1.99  1.29  1.04     2.04  1.21  2.49  2.65  1.82
105   90     0.97  1.36  1.73  2.34  2.57  2.31  2.28  2.44  1.93  1.79  1.16  0.94     1.82  1.09  2.21  2.34  1.63
120   10     1.78  2.47  3.22  4.26  4.80  4.33  4.29  4.54  3.64  3.17  2.13  1.70     3.36  1.98  4.10  4.39  2.98
120   20     1.62  2.28  3.03  4.08  4.63  4.20  4.15  4.36  3.44  2.94  1.93  1.53     3.18  1.81  3.91  4.24  2.77
120   30     1.47  2.09  2.80  3.83  4.39  4.00  3.95  4.11  3.20  2.69  1.73  1.37     2.97  1.64  3.67  4.02  2.54
120   40     1.33  1.90  2.56  3.55  4.09  3.75  3.69  3.81  2.94  2.45  1.56  1.24     2.74  1.49  3.40  3.75  2.31
120   50     1.21  1.72  2.33  3.25  3.75  3.45  3.40  3.49  2.67  2.22  1.40  1.12     2.50  1.35  3.11  3.45  2.10
120   60     1.10  1.57  2.11  2.96  3.41  3.14  3.09  3.16  2.42  2.02  1.28  1.02     2.27  1.23  2.82  3.13  1.91
120   70     1.00  1.43  1.90  2.67  3.07  2.83  2.78  2.84  2.18  1.83  1.16  0.94     2.05  1.12  2.54  2.81  1.73
120   80     0.92  1.29  1.71  2.39  2.74  2.52  2.48  2.55  1.95  1.67  1.05  0.85     1.84  1.02  2.28  2.51  1.56
120   90     0.83  1.18  1.53  2.15  2.43  2.22  2.19  2.27  1.74  1.50  0.96  0.78     1.65  0.93  2.04  2.23  1.40
135   10     1.73  2.41  3.17  4.23  4.79  4.33  4.28  4.51  3.60  3.09  2.06  1.64     3.32  1.92  4.06  4.38  2.92
135   20     1.51  2.16  2.92  4.00  4.60  4.19  4.14  4.29  3.35  2.77  1.79  1.41     3.09  1.69  3.84  4.21  2.64
135   30     1.31  1.91  2.64  3.70  4.32  3.98  3.92  4.00  3.06  2.44  1.53  1.20     2.83  1.47  3.55  3.96  2.35
135   40     1.16  1.68  2.36  3.36  3.98  3.70  3.63  3.65  2.74  2.14  1.32  1.04     2.56  1.29  3.23  3.66  2.07
135   50     1.04  1.50  2.09  3.01  3.60  3.37  3.30  3.28  2.44  1.88  1.17  0.93     2.30  1.16  2.90  3.32  1.83
135   60     0.95  1.35  1.86  2.69  3.21  3.03  2.96  2.92  2.16  1.67  1.05  0.85     2.06  1.05  2.59  2.97  1.63
135   70     0.87  1.23  1.67  2.39  2.85  2.69  2.63  2.60  1.92  1.51  0.96  0.78     1.84  0.96  2.30  2.64  1.46
135   80     0.81  1.12  1.50  2.14  2.52  2.38  2.33  2.31  1.72  1.38  0.88  0.73     1.65  0.89  2.05  2.34  1.33
135   90     0.74  1.03  1.35  1.91  2.23  2.10  2.06  2.05  1.54  1.25  0.81  0.68     1.48  0.82  1.83  2.07  1.20
150   10     1.68  2.36  3.13  4.20  4.78  4.33  4.28  4.49  3.56  3.02  2.00  1.59     3.29  1.88  4.04  4.37  2.86
150   20     1.43  2.06  2.84  3.93  4.57  4.19  4.13  4.25  3.28  2.63  1.67  1.30     3.02  1.60  3.78  4.19  2.53
150   30     1.19  1.76  2.50  3.59  4.28  3.97  3.90  3.92  2.93  2.23  1.36  1.05     2.72  1.33  3.46  3.93  2.17
150   40     1.01  1.49  2.17  3.19  3.90  3.67  3.59  3.53  2.56  1.85  1.12  0.89     2.41  1.13  3.08  3.60  1.84
150   50     0.92  1.29  1.86  2.77  3.45  3.32  3.23  3.09  2.21  1.55  0.97  0.81     2.12  1.01  2.69  3.21  1.58
150   60     0.87  1.17  1.62  2.40  2.99  2.92  2.83  2.67  1.91  1.36  0.90  0.77     1.87  0.94  2.34  2.80  1.39
150   70     0.82  1.08  1.46  2.09  2.59  2.53  2.46  2.31  1.68  1.24  0.84  0.73     1.65  0.88  2.04  2.43  1.25
150   80     0.77  1.01  1.33  1.86  2.26  2.21  2.15  2.04  1.51  1.15  0.80  0.68     1.48  0.82  1.81  2.13  1.15
150   90     0.72  0.94  1.21  1.67  2.00  1.94  1.89  1.82  1.37  1.07  0.75  0.64     1.33  0.76  1.63  1.88  1.06
165   10     1.66  2.33  3.11  4.18  4.77  4.33  4.28  4.48  3.54  2.98  1.96  1.55     3.26  1.85  4.02  4.36  2.83
165   20     1.37  1.99  2.79  3.89  4.56  4.19  4.13  4.22  3.23  2.54  1.59  1.23     2.98  1.53  3.75  4.18  2.45
165   30     1.09  1.64  2.42  3.52  4.26  3.97  3.89  3.88  2.86  2.07  1.23  0.95     2.65  1.23  3.40  3.91  2.05
165   40     0.94  1.33  2.02  3.08  3.87  3.67  3.59  3.46  2.44  1.61  0.96  0.84     2.32  1.03  2.99  3.58  1.67
165   50     0.91  1.15  1.66  2.60  3.41  3.31  3.22  2.98  2.01  1.27  0.92  0.81     2.02  0.95  2.56  3.17  1.40
165   60     0.86  1.09  1.42  2.11  2.90  2.90  2.80  2.46  1.66  1.15  0.88  0.77     1.75  0.91  2.14  2.72  1.23
165   70     0.82  1.04  1.30  1.80  2.34  2.45  2.34  2.02  1.47  1.09  0.83  0.73     1.52  0.86  1.81  2.27  1.13
165   80     0.77  0.98  1.22  1.61  1.99  2.04  1.97  1.77  1.35  1.03  0.79  0.68     1.35  0.81  1.61  1.93  1.06
165   90     0.72  0.91  1.14  1.48  1.78  1.80  1.74  1.60  1.25  0.98  0.74  0.64     1.23  0.76  1.47  1.71  0.99
180   10     1.65  2.32  3.11  4.17  4.78  4.33  4.28  4.47  3.54  2.96  1.95  1.54     3.26  1.84  4.02  4.36  2.82
180   20     1.34  1.97  2.77  3.87  4.57  4.19  4.13  4.21  3.22  2.50  1.56  1.21     2.96  1.51  3.73  4.18  2.43
180   30     1.05  1.60  2.39  3.49  4.26  3.97  3.90  3.86  2.84  2.00  1.18  0.91     2.62  1.19  3.38  3.91  2.00
180   40     0.94  1.25  1.97  3.05  3.88  3.68  3.59  3.44  2.41  1.49  0.95  0.84     2.29  1.01  2.96  3.57  1.61
180   50     0.91  1.14  1.52  2.55  3.42  3.32  3.23  2.96  1.94  1.17  0.92  0.81     1.99  0.95  2.50  3.17  1.34
180   60     0.86  1.09  1.34  2.02  2.90  2.91  2.81  2.42  1.47  1.12  0.88  0.77     1.72  0.91  2.09  2.71  1.16
180   70     0.82  1.04  1.27  1.60  2.34  2.45  2.35  1.86  1.37  1.08  0.83  0.73     1.48  0.86  1.74  2.22  1.09
180   80     0.77  0.98  1.20  1.47  1.89  1.99  1.91  1.62  1.29  1.03  0.79  0.68     1.30  0.81  1.52  1.84  1.03
180   90     0.72  0.91  1.12  1.38  1.70  1.74  1.69  1.50  1.21  0.97  0.74  0.64     1.19  0.76  1.40  1.64  0.97
             51.9  43.7  31.5  17.6   5.6   1.4   3.0  12.0  25.1  41.8  51.2  55.5     26.6  50.1  17.4   5.8  39.0
             2.68  3.28  3.77  4.53  4.90  4.39  4.36  4.71  4.06  4.19  3.26  2.80     3.91  2.92  4.35  4.47  3.79
             2.50  3.18  3.76  4.49  4.69  4.13  4.13  4.61  4.06  4.08  3.03  2.54     3.77  2.74  4.32  4.29  3.72
             1.07  1.03  1.00  1.01  1.04  1.06  1.06  1.02  1.00  1.03  1.08  1.10     1.04  1.07  1.02  1.05  1.03
             1.28  1.21  1.11  1.02  0.96  0.94  0.95  0.99  1.07  1.21  1.30  1.36     1.12  1.28  1.03  0.96  1.19
temperature   2.8   3.6   7.0  12.4  16.6  20.2  24.0  24.9  21.0  15.4  10.1   5.2     13.6   3.9  12.0  23.0  15.5
diffusedrad  1.19  1.52  1.90  2.26  2.53  2.63  2.58  2.39  2.06  1.66  1.25  1.07     1.92  1.26  2.23  2.53  1.66
snow10cm     0.04  0.02  0.01  0.00  0.00  0.00  0.00  0.00  0.00  0.00  0.00  0.01     0.01  0.02  0.00  0.00  0.00
