2 81486   安下庄          33 54.2  132 17.5    5
             2.31  2.98  3.73  4.68  5.17  4.77  5.20  5.34  4.15  3.42  2.55  2.21     3.88  2.50  4.53  5.11  3.38
             2.70  3.52  4.40  5.69  6.17  5.80  6.98  6.07  5.06  4.02  3.04  2.52     4.21  2.80  5.08  5.98  3.74
             1.93  2.25  2.89  4.08  4.03  3.76  3.90  4.19  3.48  3.03  2.04  1.91     3.52  2.16  3.87  4.33  2.97
  0   10     2.68  3.35  3.98  4.80  5.17  4.72  5.15  5.42  4.35  3.79  2.94  2.64     4.08  2.89  4.65  5.10  3.69
  0   20     3.02  3.63  4.16  4.84  5.07  4.59  5.02  5.38  4.46  4.07  3.27  3.02     4.21  3.22  4.69  5.00  3.93
  0   30     3.27  3.84  4.23  4.76  4.87  4.37  4.78  5.24  4.48  4.25  3.52  3.32     4.25  3.48  4.62  4.79  4.08
  0   40     3.46  3.95  4.22  4.59  4.57  4.06  4.45  4.97  4.39  4.33  3.69  3.54     4.18  3.65  4.46  4.50  4.14
  0   50     3.55  3.97  4.11  4.31  4.17  3.69  4.04  4.60  4.21  4.31  3.76  3.67     4.03  3.73  4.20  4.11  4.09
  0   60     3.56  3.89  3.90  3.94  3.71  3.26  3.56  4.13  3.93  4.18  3.75  3.71     3.79  3.72  3.85  3.65  3.95
  0   70     3.48  3.72  3.61  3.50  3.19  2.78  3.03  3.59  3.57  3.96  3.64  3.65     3.48  3.62  3.43  3.13  3.72
  0   80     3.32  3.46  3.24  2.99  2.61  2.28  2.47  2.98  3.13  3.64  3.44  3.50     3.09  3.43  2.95  2.58  3.40
  0   90     3.07  3.13  2.81  2.44  2.04  1.80  1.91  2.34  2.64  3.23  3.16  3.27     2.65  3.15  2.43  2.02  3.01
 15   10     2.66  3.33  3.96  4.80  5.17  4.72  5.15  5.42  4.34  3.78  2.92  2.63     4.08  2.88  4.65  5.10  3.68
 15   20     2.98  3.61  4.12  4.84  5.08  4.59  5.02  5.38  4.44  4.04  3.24  2.99     4.19  3.19  4.68  5.00  3.91
 15   30     3.22  3.80  4.20  4.76  4.87  4.37  4.79  5.24  4.45  4.21  3.48  3.27     4.22  3.43  4.61  4.80  4.05
 15   40     3.38  3.90  4.17  4.60  4.58  4.08  4.47  4.99  4.37  4.29  3.64  3.48     4.16  3.59  4.45  4.51  4.10
 15   50     3.47  3.91  4.05  4.33  4.20  3.71  4.06  4.62  4.18  4.25  3.71  3.60     4.01  3.66  4.19  4.13  4.05
 15   60     3.46  3.83  3.84  3.97  3.74  3.29  3.60  4.17  3.91  4.12  3.68  3.63     3.77  3.64  3.85  3.69  3.90
 15   70     3.38  3.66  3.55  3.54  3.23  2.83  3.08  3.64  3.55  3.89  3.57  3.56     3.46  3.53  3.44  3.18  3.67
 15   80     3.21  3.40  3.19  3.05  2.69  2.35  2.55  3.06  3.13  3.57  3.37  3.41     3.08  3.34  2.98  2.65  3.36
 15   90     2.96  3.06  2.76  2.52  2.14  1.88  2.02  2.45  2.65  3.17  3.08  3.17     2.66  3.06  2.47  2.12  2.97
 30   10     2.62  3.29  3.93  4.79  5.17  4.72  5.15  5.41  4.31  3.74  2.88  2.58     4.05  2.83  4.63  5.09  3.64
 30   20     2.89  3.53  4.07  4.82  5.07  4.59  5.02  5.37  4.40  3.98  3.16  2.89     4.15  3.11  4.65  5.00  3.85
 30   30     3.09  3.69  4.12  4.75  4.89  4.39  4.81  5.24  4.40  4.12  3.36  3.14     4.17  3.31  4.59  4.81  3.96
 30   40     3.21  3.77  4.07  4.58  4.61  4.11  4.51  4.99  4.29  4.17  3.48  3.30     4.09  3.43  4.42  4.53  3.98
 30   50     3.26  3.76  3.95  4.33  4.26  3.77  4.14  4.66  4.11  4.12  3.52  3.39     3.94  3.47  4.18  4.19  3.92
 30   60     3.23  3.66  3.74  3.99  3.83  3.37  3.70  4.23  3.85  3.98  3.47  3.39     3.70  3.43  3.85  3.77  3.77
 30   70     3.13  3.48  3.45  3.59  3.37  2.95  3.23  3.76  3.50  3.75  3.34  3.31     3.40  3.30  3.47  3.31  3.53
 30   80     2.95  3.21  3.10  3.14  2.87  2.51  2.74  3.22  3.11  3.44  3.13  3.14     3.05  3.10  3.04  2.82  3.22
 30   90     2.70  2.88  2.70  2.66  2.37  2.08  2.26  2.69  2.66  3.05  2.85  2.90     2.65  2.82  2.58  2.34  2.85
 45   10     2.55  3.23  3.89  4.76  5.16  4.72  5.15  5.39  4.27  3.68  2.81  2.51     4.01  2.76  4.61  5.09  3.59
 45   20     2.75  3.42  3.98  4.78  5.07  4.60  5.03  5.35  4.33  3.87  3.03  2.75     4.08  2.98  4.61  4.99  3.74
 45   30     2.90  3.54  4.00  4.70  4.89  4.41  4.82  5.21  4.30  3.97  3.17  2.93     4.07  3.12  4.53  4.81  3.81
 45   40     2.98  3.57  3.94  4.54  4.63  4.15  4.55  4.99  4.19  3.99  3.25  3.05     3.99  3.20  4.37  4.56  3.81
 45   50     2.99  3.53  3.79  4.29  4.30  3.82  4.20  4.66  4.00  3.92  3.25  3.09     3.82  3.20  4.13  4.23  3.73
 45   60     2.93  3.42  3.59  3.99  3.92  3.47  3.80  4.29  3.74  3.77  3.18  3.06     3.60  3.13  3.83  3.85  3.56
 45   70     2.81  3.23  3.31  3.61  3.49  3.07  3.37  3.85  3.42  3.54  3.03  2.95     3.31  2.99  3.47  3.43  3.33
 45   80     2.63  2.96  2.98  3.21  3.04  2.67  2.92  3.37  3.05  3.25  2.83  2.78     2.97  2.79  3.08  2.99  3.04
 45   90     2.38  2.66  2.62  2.77  2.60  2.27  2.48  2.89  2.65  2.89  2.56  2.54     2.61  2.53  2.66  2.55  2.70
 60   10     2.46  3.15  3.83  4.73  5.15  4.72  5.14  5.36  4.22  3.61  2.73  2.41     3.96  2.68  4.57  5.08  3.52
 60   20     2.59  3.28  3.87  4.72  5.06  4.60  5.03  5.31  4.24  3.72  2.86  2.58     3.99  2.81  4.55  4.98  3.61
 60   30     2.67  3.33  3.85  4.63  4.87  4.41  4.83  5.16  4.18  3.78  2.95  2.68     3.94  2.89  4.45  4.80  3.63
 60   40     2.70  3.32  3.75  4.46  4.63  4.17  4.56  4.93  4.04  3.75  2.96  2.73     3.84  2.92  4.28  4.55  3.59
 60   50     2.67  3.25  3.60  4.23  4.33  3.88  4.25  4.65  3.85  3.66  2.93  2.73     3.67  2.88  4.05  4.26  3.48
 60   60     2.58  3.11  3.38  3.92  3.96  3.53  3.87  4.29  3.59  3.50  2.83  2.67     3.44  2.79  3.76  3.90  3.31
 60   70     2.45  2.93  3.13  3.60  3.58  3.17  3.48  3.89  3.30  3.27  2.67  2.54     3.17  2.64  3.44  3.51  3.08
 60   80     2.27  2.69  2.82  3.22  3.17  2.80  3.07  3.46  2.95  3.01  2.48  2.38     2.86  2.45  3.07  3.11  2.82
 60   90     2.04  2.42  2.50  2.83  2.74  2.43  2.66  3.01  2.61  2.69  2.24  2.17     2.53  2.21  2.69  2.70  2.51
 75   10     2.37  3.06  3.75  4.69  5.14  4.72  5.14  5.32  4.17  3.51  2.62  2.31     3.90  2.58  4.53  5.06  3.43
 75   20     2.40  3.10  3.74  4.64  5.03  4.60  5.01  5.24  4.12  3.55  2.68  2.37     3.88  2.63  4.47  4.95  3.45
 75   30     2.42  3.09  3.66  4.53  4.85  4.42  4.82  5.08  4.03  3.54  2.68  2.40     3.79  2.64  4.34  4.77  3.41
 75   40     2.38  3.03  3.54  4.34  4.60  4.17  4.55  4.85  3.87  3.47  2.65  2.39     3.65  2.60  4.16  4.53  3.33
 75   50     2.32  2.93  3.36  4.11  4.31  3.89  4.25  4.56  3.66  3.35  2.56  2.34     3.47  2.53  3.93  4.24  3.19
 75   60     2.21  2.78  3.15  3.83  3.97  3.57  3.91  4.24  3.41  3.18  2.46  2.26     3.25  2.42  3.65  3.90  3.02
 75   70     2.07  2.60  2.90  3.50  3.60  3.22  3.53  3.85  3.12  2.97  2.30  2.13     2.98  2.26  3.33  3.53  2.79
 75   80     1.91  2.38  2.62  3.17  3.22  2.87  3.14  3.46  2.82  2.72  2.11  1.98     2.70  2.09  3.00  3.16  2.55
 75   90     1.71  2.13  2.33  2.81  2.84  2.53  2.76  3.06  2.49  2.45  1.91  1.79     2.40  1.88  2.66  2.78  2.28
 90   10     2.26  2.97  3.68  4.64  5.12  4.72  5.13  5.28  4.10  3.41  2.52  2.19     3.84  2.47  4.48  5.04  3.34
 90   20     2.22  2.91  3.59  4.54  4.99  4.59  4.99  5.17  4.00  3.36  2.47  2.16     3.75  2.43  4.38  4.92  3.28
 90   30     2.14  2.83  3.46  4.39  4.80  4.40  4.79  4.98  3.85  3.27  2.40  2.11     3.62  2.36  4.22  4.72  3.17
 90   40     2.06  2.72  3.29  4.19  4.54  4.16  4.52  4.72  3.66  3.15  2.30  2.04     3.45  2.27  4.00  4.47  3.04
 90   50     1.95  2.58  3.10  3.93  4.24  3.88  4.21  4.42  3.43  3.00  2.20  1.95     3.24  2.16  3.76  4.17  2.88
 90   60     1.84  2.42  2.87  3.66  3.92  3.56  3.88  4.10  3.17  2.81  2.06  1.84     3.01  2.04  3.48  3.85  2.68
 90   70     1.69  2.23  2.63  3.36  3.56  3.23  3.52  3.75  2.90  2.62  1.92  1.72     2.76  1.88  3.18  3.50  2.48
 90   80     1.55  2.05  2.38  3.03  3.19  2.88  3.14  3.37  2.61  2.39  1.74  1.58     2.49  1.73  2.87  3.13  2.25
 90   90     1.39  1.84  2.12  2.71  2.83  2.55  2.78  3.00  2.33  2.16  1.58  1.43     2.23  1.55  2.55  2.78  2.03
105   10     2.16  2.87  3.60  4.59  5.10  4.71  5.12  5.24  4.03  3.31  2.41  2.08     3.77  2.37  4.43  5.03  3.25
105   20     2.02  2.72  3.44  4.44  4.95  4.58  4.97  5.08  3.86  3.17  2.26  1.94     3.62  2.23  4.28  4.87  3.10
105   30     1.88  2.55  3.25  4.24  4.72  4.37  4.74  4.84  3.65  3.00  2.12  1.81     3.43  2.08  4.07  4.65  2.92
105   40     1.74  2.39  3.03  4.00  4.44  4.12  4.45  4.55  3.42  2.81  1.97  1.68     3.22  1.94  3.82  4.37  2.73
105   50     1.61  2.23  2.80  3.72  4.13  3.82  4.13  4.23  3.17  2.62  1.83  1.57     2.99  1.80  3.55  4.06  2.54
105   60     1.48  2.05  2.57  3.42  3.79  3.50  3.78  3.88  2.90  2.44  1.68  1.45     2.75  1.66  3.26  3.72  2.34
105   70     1.35  1.88  2.34  3.13  3.44  3.17  3.43  3.54  2.63  2.23  1.55  1.34     2.50  1.52  2.97  3.38  2.14
105   80     1.23  1.71  2.10  2.83  3.08  2.83  3.06  3.19  2.37  2.04  1.41  1.21     2.26  1.39  2.67  3.03  1.94
105   90     1.11  1.55  1.89  2.52  2.74  2.51  2.71  2.83  2.11  1.84  1.27  1.11     2.02  1.25  2.38  2.68  1.74
120   10     2.06  2.77  3.53  4.54  5.08  4.71  5.11  5.21  3.97  3.21  2.31  1.97     3.70  2.27  4.38  5.01  3.16
120   20     1.83  2.53  3.29  4.34  4.90  4.57  4.93  4.99  3.73  2.97  2.07  1.74     3.49  2.03  4.18  4.83  2.92
120   30     1.62  2.29  3.03  4.08  4.64  4.34  4.68  4.70  3.46  2.71  1.84  1.53     3.25  1.81  3.92  4.57  2.67
120   40     1.44  2.07  2.76  3.78  4.33  4.06  4.37  4.35  3.17  2.47  1.64  1.36     2.98  1.62  3.62  4.26  2.42
120   50     1.29  1.86  2.50  3.46  3.97  3.74  4.01  3.98  2.88  2.24  1.47  1.22     2.72  1.46  3.31  3.91  2.20
120   60     1.17  1.69  2.25  3.15  3.61  3.40  3.63  3.60  2.60  2.03  1.34  1.10     2.46  1.32  3.00  3.54  1.99
120   70     1.06  1.54  2.02  2.84  3.25  3.05  3.26  3.24  2.34  1.85  1.21  1.01     2.22  1.20  2.70  3.19  1.80
120   80     0.96  1.39  1.82  2.55  2.90  2.72  2.91  2.91  2.08  1.69  1.10  0.92     2.00  1.09  2.43  2.85  1.63
120   90     0.88  1.27  1.63  2.29  2.57  2.40  2.57  2.60  1.87  1.53  1.00  0.85     1.79  1.00  2.16  2.52  1.47
135   10     1.98  2.68  3.46  4.50  5.07  4.71  5.10  5.17  3.91  3.12  2.21  1.87     3.65  2.18  4.34  4.99  3.08
135   20     1.67  2.36  3.16  4.24  4.86  4.55  4.92  4.90  3.62  2.79  1.89  1.55     3.38  1.86  4.09  4.79  2.77
135   30     1.39  2.04  2.83  3.91  4.57  4.32  4.63  4.55  3.28  2.44  1.59  1.27     3.07  1.56  3.77  4.50  2.44
135   40     1.17  1.76  2.49  3.55  4.20  4.00  4.27  4.14  2.92  2.13  1.34  1.06     2.75  1.33  3.41  4.14  2.13
135   50     1.02  1.54  2.19  3.17  3.79  3.64  3.86  3.70  2.58  1.86  1.16  0.92     2.45  1.16  3.05  3.73  1.87
135   60     0.92  1.37  1.93  2.82  3.38  3.25  3.44  3.27  2.27  1.65  1.04  0.83     2.18  1.04  2.71  3.32  1.65
135   70     0.84  1.24  1.72  2.51  2.99  2.88  3.04  2.90  2.01  1.49  0.95  0.77     1.95  0.95  2.41  2.94  1.48
135   80     0.78  1.12  1.54  2.25  2.64  2.55  2.68  2.57  1.80  1.36  0.87  0.72     1.74  0.88  2.15  2.60  1.34
135   90     0.72  1.04  1.39  2.01  2.34  2.25  2.36  2.28  1.62  1.25  0.81  0.67     1.56  0.81  1.91  2.30  1.23
150   10     1.91  2.61  3.41  4.46  5.06  4.71  5.10  5.14  3.87  3.05  2.14  1.80     3.61  2.11  4.31  4.98  3.02
150   20     1.53  2.21  3.05  4.16  4.84  4.55  4.91  4.84  3.53  2.63  1.74  1.39     3.28  1.71  4.01  4.77  2.63
150   30     1.19  1.82  2.65  3.78  4.51  4.30  4.61  4.44  3.13  2.20  1.37  1.04     2.92  1.35  3.65  4.45  2.23
150   40     0.94  1.48  2.25  3.35  4.10  3.97  4.21  3.96  2.70  1.81  1.08  0.82     2.56  1.08  3.23  4.05  1.86
150   50     0.83  1.24  1.89  2.89  3.62  3.56  3.74  3.42  2.29  1.50  0.91  0.73     2.22  0.93  2.80  3.58  1.57
150   60     0.78  1.10  1.62  2.48  3.12  3.11  3.23  2.92  1.95  1.30  0.84  0.69     1.93  0.86  2.41  3.09  1.36
150   70     0.74  1.01  1.44  2.15  2.68  2.68  2.77  2.50  1.71  1.18  0.79  0.66     1.69  0.81  2.09  2.65  1.23
150   80     0.70  0.95  1.31  1.91  2.33  2.33  2.39  2.19  1.53  1.10  0.75  0.64     1.51  0.76  1.85  2.30  1.13
150   90     0.67  0.89  1.20  1.72  2.06  2.04  2.10  1.96  1.39  1.03  0.71  0.61     1.37  0.72  1.66  2.03  1.04
165   10     1.87  2.57  3.38  4.44  5.05  4.71  5.10  5.12  3.85  3.00  2.10  1.75     3.58  2.06  4.29  4.98  2.98
165   20     1.44  2.12  2.98  4.11  4.83  4.55  4.91  4.80  3.47  2.53  1.64  1.28     3.22  1.61  3.97  4.75  2.55
165   30     1.03  1.66  2.53  3.70  4.50  4.31  4.61  4.38  3.03  2.03  1.19  0.88     2.82  1.19  3.58  4.43  2.08
165   40     0.82  1.24  2.06  3.21  4.08  3.97  4.22  3.86  2.54  1.53  0.87  0.73     2.43  0.93  3.12  4.02  1.65
165   50     0.80  1.01  1.62  2.67  3.58  3.57  3.74  3.27  2.04  1.18  0.83  0.71     2.08  0.84  2.62  3.52  1.35
165   60     0.77  0.97  1.35  2.14  3.01  3.10  3.19  2.62  1.64  1.05  0.80  0.69     1.78  0.81  2.17  2.97  1.16
165   70     0.74  0.93  1.23  1.79  2.40  2.58  2.59  2.08  1.43  1.00  0.77  0.66     1.52  0.78  1.81  2.42  1.07
165   80     0.70  0.89  1.16  1.60  2.02  2.11  2.12  1.80  1.31  0.96  0.74  0.64     1.34  0.74  1.60  2.01  1.00
165   90     0.67  0.85  1.09  1.48  1.80  1.85  1.86  1.64  1.23  0.92  0.70  0.61     1.22  0.71  1.46  1.78  0.95
180   10     1.85  2.55  3.38  4.42  5.05  4.71  5.11  5.11  3.84  2.98  2.08  1.72     3.57  2.04  4.28  4.98  2.97
180   20     1.40  2.08  2.96  4.09  4.83  4.56  4.92  4.79  3.46  2.48  1.60  1.24     3.20  1.57  3.96  4.75  2.51
180   30     0.98  1.59  2.49  3.66  4.50  4.31  4.62  4.35  3.01  1.95  1.13  0.83     2.78  1.13  3.55  4.43  2.03
180   40     0.82  1.13  1.98  3.17  4.08  3.98  4.23  3.83  2.50  1.40  0.85  0.73     2.39  0.89  3.08  4.01  1.58
180   50     0.80  1.01  1.45  2.62  3.58  3.57  3.75  3.22  1.95  1.05  0.83  0.71     2.04  0.84  2.55  3.52  1.28
180   60     0.77  0.97  1.23  2.02  3.01  3.10  3.21  2.56  1.39  1.02  0.80  0.69     1.73  0.81  2.09  2.96  1.07
180   70     0.74  0.93  1.18  1.55  2.40  2.58  2.61  1.87  1.29  0.98  0.77  0.66     1.46  0.78  1.71  2.36  1.02
180   80     0.70  0.89  1.13  1.42  1.90  2.04  2.03  1.58  1.23  0.95  0.74  0.64     1.27  0.74  1.48  1.89  0.97
180   90     0.67  0.85  1.07  1.34  1.70  1.77  1.78  1.47  1.17  0.91  0.70  0.61     1.17  0.71  1.37  1.67  0.93
             56.0  46.9  33.3  18.0   5.2   0.5   2.0  12.3  26.3  42.8  53.3  59.0     28.8  53.9  18.7   5.4  40.5
             3.57  3.97  4.24  4.84  5.18  4.76  5.19  5.42  4.48  4.34  3.77  3.71     4.46  3.74  4.69  5.11  4.14
             3.25  3.82  4.23  4.78  4.90  4.40  4.81  5.26  4.48  4.23  3.49  3.29     4.25  3.45  4.64  4.82  4.07
             1.10  1.04  1.00  1.01  1.06  1.08  1.08  1.03  1.00  1.03  1.08  1.13     1.05  1.09  1.02  1.06  1.04
             1.41  1.28  1.13  1.02  0.95  0.92  0.93  0.98  1.08  1.23  1.37  1.49     1.15  1.39  1.03  0.94  1.23
temperature   5.7   6.0   8.9  13.7  17.8  21.2  25.1  26.5  23.6  18.5  13.3   8.3     15.7   6.7  13.5  24.3  18.5
diffusedrad  1.13  1.42  1.81  2.16  2.44  2.53  2.48  2.23  1.98  1.52  1.18  1.01     1.82  1.19  2.13  2.41  1.56
snow10cm     0.00  0.00  0.00  0.00  0.00  0.00  0.00  0.00  0.00  0.00  0.00  0.00     0.00  0.00  0.00  0.00  0.00
