1 83137   日田            33 19.3  130 55.7   83
             2.12  2.84  3.45  4.37  4.73  4.31  4.58  4.69  3.78  3.41  2.36  2.01     3.55  2.32  4.19  4.53  3.18
             2.55  3.39  4.23  5.13  5.61  5.17  6.52  5.69  4.72  3.98  2.85  2.40     3.88  2.63  4.74  5.48  3.61
             1.62  2.33  2.49  3.75  3.79  3.21  3.54  3.66  3.17  2.79  1.91  1.69     3.23  1.98  3.57  3.80  2.86
  0   10     2.38  3.13  3.62  4.47  4.73  4.26  4.54  4.74  3.92  3.73  2.66  2.31     3.71  2.61  4.28  4.51  3.44
  0   20     2.62  3.36  3.75  4.49  4.64  4.15  4.43  4.70  4.00  3.96  2.90  2.58     3.80  2.85  4.29  4.43  3.62
  0   30     2.79  3.51  3.79  4.41  4.46  3.96  4.23  4.57  3.99  4.11  3.09  2.78     3.81  3.03  4.22  4.25  3.73
  0   40     2.91  3.58  3.76  4.24  4.19  3.71  3.96  4.34  3.90  4.16  3.20  2.92     3.74  3.13  4.06  4.00  3.75
  0   50     2.96  3.57  3.64  3.99  3.84  3.39  3.62  4.03  3.73  4.12  3.24  2.99     3.59  3.17  3.82  3.68  3.69
  0   60     2.94  3.48  3.45  3.65  3.43  3.02  3.22  3.64  3.48  3.98  3.20  2.99     3.37  3.13  3.51  3.29  3.55
  0   70     2.85  3.31  3.19  3.25  2.96  2.61  2.77  3.19  3.16  3.75  3.09  2.92     3.09  3.03  3.13  2.86  3.33
  0   80     2.70  3.07  2.86  2.79  2.46  2.19  2.31  2.68  2.78  3.44  2.91  2.78     2.75  2.85  2.71  2.39  3.04
  0   90     2.48  2.77  2.48  2.29  1.96  1.77  1.84  2.15  2.36  3.05  2.66  2.57     2.37  2.61  2.24  1.92  2.69
 15   10     2.37  3.12  3.61  4.47  4.73  4.27  4.54  4.74  3.92  3.71  2.65  2.30     3.70  2.60  4.27  4.51  3.42
 15   20     2.59  3.34  3.73  4.49  4.64  4.16  4.43  4.70  3.98  3.94  2.88  2.55     3.79  2.83  4.29  4.43  3.60
 15   30     2.75  3.48  3.77  4.41  4.46  3.97  4.24  4.57  3.97  4.07  3.06  2.74     3.79  2.99  4.21  4.26  3.70
 15   40     2.86  3.54  3.73  4.25  4.20  3.72  3.97  4.35  3.88  4.11  3.16  2.87     3.72  3.09  4.06  4.01  3.72
 15   50     2.89  3.52  3.61  4.00  3.86  3.40  3.63  4.04  3.71  4.06  3.19  2.93     3.57  3.12  3.82  3.69  3.65
 15   60     2.87  3.43  3.42  3.66  3.45  3.04  3.24  3.66  3.46  3.92  3.15  2.92     3.35  3.07  3.51  3.31  3.51
 15   70     2.77  3.25  3.15  3.27  3.00  2.64  2.81  3.22  3.14  3.69  3.03  2.85     3.07  2.96  3.14  2.89  3.28
 15   80     2.62  3.01  2.83  2.83  2.52  2.23  2.36  2.73  2.77  3.37  2.85  2.70     2.74  2.78  2.73  2.44  3.00
 15   90     2.40  2.71  2.45  2.35  2.04  1.83  1.92  2.23  2.36  2.99  2.60  2.50     2.37  2.54  2.28  1.99  2.65
 30   10     2.34  3.09  3.59  4.46  4.73  4.27  4.54  4.73  3.89  3.68  2.61  2.27     3.68  2.56  4.26  4.51  3.39
 30   20     2.52  3.27  3.69  4.47  4.64  4.16  4.43  4.69  3.95  3.87  2.82  2.48     3.75  2.76  4.26  4.42  3.55
 30   30     2.66  3.38  3.71  4.39  4.47  3.98  4.25  4.56  3.92  3.98  2.96  2.64     3.74  2.90  4.19  4.26  3.62
 30   40     2.73  3.43  3.65  4.23  4.21  3.73  3.99  4.35  3.82  4.00  3.04  2.74     3.66  2.97  4.03  4.02  3.62
 30   50     2.75  3.39  3.53  3.99  3.90  3.44  3.67  4.06  3.65  3.93  3.04  2.78     3.51  2.97  3.81  3.72  3.54
 30   60     2.70  3.28  3.33  3.67  3.51  3.10  3.31  3.69  3.40  3.78  2.98  2.75     3.29  2.91  3.50  3.37  3.39
 30   70     2.59  3.10  3.06  3.31  3.10  2.73  2.90  3.29  3.09  3.55  2.85  2.66     3.02  2.78  3.16  2.97  3.16
 30   80     2.43  2.85  2.75  2.89  2.66  2.35  2.49  2.84  2.75  3.24  2.66  2.51     2.70  2.60  2.77  2.56  2.88
 30   90     2.21  2.55  2.39  2.46  2.22  1.98  2.09  2.38  2.36  2.87  2.41  2.30     2.35  2.36  2.36  2.15  2.54
 45   10     2.29  3.04  3.55  4.44  4.72  4.26  4.53  4.71  3.86  3.62  2.56  2.21     3.65  2.51  4.24  4.50  3.35
 45   20     2.43  3.18  3.62  4.44  4.63  4.16  4.43  4.67  3.89  3.77  2.71  2.38     3.69  2.66  4.23  4.42  3.46
 45   30     2.52  3.25  3.61  4.35  4.46  3.99  4.25  4.53  3.85  3.84  2.81  2.50     3.66  2.76  4.14  4.26  3.50
 45   40     2.56  3.26  3.54  4.19  4.23  3.76  4.01  4.33  3.74  3.84  2.86  2.56     3.57  2.79  3.99  4.03  3.48
 45   50     2.54  3.20  3.40  3.95  3.92  3.47  3.71  4.05  3.55  3.75  2.83  2.56     3.41  2.77  3.76  3.75  3.38
 45   60     2.47  3.08  3.20  3.66  3.58  3.15  3.37  3.72  3.31  3.58  2.75  2.50     3.20  2.68  3.48  3.41  3.21
 45   70     2.35  2.89  2.94  3.31  3.19  2.81  3.00  3.34  3.02  3.36  2.60  2.40     2.94  2.55  3.15  3.05  3.00
 45   80     2.19  2.64  2.65  2.94  2.78  2.46  2.62  2.93  2.70  3.06  2.42  2.24     2.63  2.36  2.79  2.67  2.73
 45   90     1.97  2.37  2.32  2.54  2.39  2.11  2.24  2.52  2.34  2.72  2.18  2.04     2.31  2.13  2.42  2.29  2.41
 60   10     2.22  2.97  3.51  4.41  4.71  4.26  4.53  4.69  3.83  3.56  2.49  2.15     3.61  2.45  4.21  4.49  3.29
 60   20     2.31  3.06  3.53  4.38  4.62  4.16  4.42  4.63  3.82  3.64  2.59  2.25     3.62  2.54  4.18  4.41  3.35
 60   30     2.35  3.08  3.49  4.28  4.45  3.99  4.25  4.50  3.75  3.67  2.63  2.31     3.56  2.58  4.07  4.24  3.35
 60   40     2.35  3.05  3.39  4.11  4.22  3.77  4.01  4.28  3.61  3.62  2.62  2.33     3.45  2.58  3.91  4.02  3.29
 60   50     2.30  2.96  3.24  3.89  3.94  3.50  3.74  4.03  3.43  3.52  2.58  2.30     3.29  2.52  3.69  3.76  3.17
 60   60     2.21  2.82  3.03  3.60  3.61  3.20  3.42  3.71  3.19  3.34  2.47  2.22     3.07  2.42  3.42  3.44  3.00
 60   70     2.08  2.64  2.79  3.29  3.26  2.88  3.06  3.36  2.92  3.12  2.32  2.10     2.82  2.27  3.11  3.10  2.79
 60   80     1.92  2.40  2.51  2.94  2.88  2.55  2.71  2.99  2.61  2.85  2.14  1.95     2.54  2.09  2.78  2.75  2.53
 60   90     1.72  2.16  2.22  2.58  2.51  2.22  2.36  2.60  2.30  2.54  1.92  1.76     2.24  1.88  2.44  2.39  2.25
 75   10     2.15  2.90  3.45  4.37  4.70  4.26  4.52  4.67  3.78  3.48  2.41  2.07     3.56  2.37  4.17  4.48  3.22
 75   20     2.17  2.91  3.42  4.31  4.60  4.16  4.41  4.58  3.73  3.49  2.44  2.10     3.53  2.40  4.11  4.38  3.22
 75   30     2.16  2.89  3.34  4.20  4.43  3.99  4.24  4.43  3.63  3.46  2.42  2.11     3.44  2.38  3.99  4.22  3.17
 75   40     2.11  2.81  3.22  4.01  4.19  3.77  4.01  4.22  3.48  3.37  2.38  2.07     3.30  2.33  3.81  4.00  3.08
 75   50     2.04  2.70  3.05  3.78  3.92  3.51  3.73  3.95  3.27  3.23  2.29  2.01     3.12  2.25  3.58  3.73  2.93
 75   60     1.93  2.54  2.84  3.52  3.61  3.22  3.43  3.66  3.05  3.06  2.18  1.92     2.91  2.13  3.32  3.44  2.76
 75   70     1.80  2.36  2.61  3.21  3.27  2.91  3.10  3.33  2.78  2.83  2.02  1.79     2.67  1.98  3.03  3.11  2.54
 75   80     1.65  2.15  2.35  2.89  2.92  2.59  2.76  2.98  2.50  2.59  1.85  1.65     2.41  1.82  2.72  2.77  2.32
 75   90     1.47  1.93  2.09  2.56  2.57  2.28  2.43  2.63  2.21  2.31  1.67  1.49     2.14  1.63  2.41  2.45  2.06
 90   10     2.08  2.82  3.39  4.33  4.68  4.26  4.51  4.64  3.73  3.39  2.33  1.99     3.51  2.29  4.13  4.47  3.15
 90   20     2.03  2.76  3.31  4.23  4.57  4.15  4.40  4.52  3.63  3.33  2.28  1.95     3.43  2.25  4.04  4.36  3.08
 90   30     1.96  2.67  3.18  4.08  4.38  3.98  4.21  4.35  3.49  3.22  2.21  1.89     3.30  2.17  3.88  4.18  2.97
 90   40     1.87  2.56  3.01  3.88  4.14  3.75  3.98  4.12  3.31  3.09  2.11  1.82     3.14  2.08  3.68  3.95  2.84
 90   50     1.77  2.40  2.83  3.64  3.87  3.50  3.70  3.85  3.10  2.93  2.00  1.72     2.94  1.96  3.45  3.68  2.68
 90   60     1.65  2.25  2.62  3.37  3.56  3.21  3.40  3.55  2.86  2.73  1.87  1.62     2.73  1.84  3.19  3.39  2.48
 90   70     1.52  2.07  2.39  3.08  3.24  2.91  3.09  3.24  2.61  2.53  1.73  1.49     2.49  1.69  2.90  3.08  2.29
 90   80     1.39  1.89  2.16  2.77  2.89  2.60  2.76  2.91  2.34  2.29  1.56  1.37     2.24  1.55  2.61  2.75  2.07
 90   90     1.24  1.68  1.92  2.47  2.57  2.30  2.43  2.57  2.08  2.07  1.41  1.23     2.00  1.38  2.32  2.43  1.85
105   10     2.00  2.74  3.33  4.29  4.67  4.25  4.51  4.61  3.68  3.29  2.25  1.91     3.46  2.21  4.09  4.46  3.07
105   20     1.88  2.60  3.19  4.15  4.53  4.14  4.38  4.46  3.53  3.15  2.12  1.79     3.33  2.09  3.96  4.33  2.93
105   30     1.76  2.45  3.01  3.96  4.33  3.95  4.18  4.25  3.34  2.98  1.98  1.68     3.16  1.96  3.77  4.13  2.77
105   40     1.63  2.29  2.81  3.72  4.07  3.72  3.93  4.00  3.13  2.79  1.85  1.55     2.96  1.83  3.53  3.88  2.59
105   50     1.51  2.12  2.59  3.46  3.77  3.46  3.64  3.71  2.90  2.59  1.71  1.45     2.74  1.69  3.28  3.60  2.40
105   60     1.39  1.95  2.38  3.18  3.46  3.17  3.34  3.39  2.65  2.40  1.57  1.33     2.52  1.56  3.01  3.30  2.21
105   70     1.26  1.78  2.17  2.89  3.14  2.87  3.02  3.08  2.40  2.19  1.44  1.22     2.29  1.42  2.73  2.99  2.01
105   80     1.15  1.61  1.94  2.61  2.81  2.56  2.70  2.77  2.16  1.99  1.30  1.11     2.06  1.29  2.45  2.68  1.82
105   90     1.03  1.45  1.74  2.32  2.48  2.26  2.38  2.46  1.92  1.79  1.17  1.00     1.83  1.16  2.18  2.37  1.63
120   10     1.93  2.66  3.27  4.25  4.66  4.25  4.50  4.58  3.63  3.21  2.17  1.83     3.41  2.14  4.06  4.44  3.00
120   20     1.75  2.45  3.07  4.07  4.50  4.13  4.36  4.40  3.43  2.98  1.97  1.64     3.23  1.95  3.88  4.29  2.79
120   30     1.57  2.23  2.84  3.83  4.26  3.93  4.14  4.15  3.19  2.73  1.77  1.47     3.01  1.76  3.64  4.08  2.57
120   40     1.41  2.02  2.60  3.55  3.98  3.68  3.87  3.85  2.94  2.49  1.59  1.32     2.77  1.59  3.37  3.80  2.34
120   50     1.28  1.83  2.36  3.25  3.65  3.40  3.56  3.53  2.67  2.26  1.44  1.20     2.54  1.44  3.09  3.49  2.12
120   60     1.16  1.66  2.13  2.95  3.32  3.09  3.23  3.20  2.42  2.04  1.30  1.08     2.30  1.30  2.80  3.17  1.92
120   70     1.05  1.51  1.92  2.66  2.99  2.78  2.90  2.87  2.17  1.86  1.18  0.99     2.07  1.18  2.52  2.85  1.74
120   80     0.96  1.36  1.72  2.38  2.67  2.48  2.59  2.57  1.94  1.69  1.07  0.90     1.86  1.07  2.26  2.54  1.57
120   90     0.87  1.23  1.54  2.13  2.36  2.19  2.29  2.29  1.73  1.51  0.97  0.82     1.66  0.97  2.01  2.25  1.41
135   10     1.87  2.59  3.22  4.21  4.64  4.25  4.50  4.55  3.58  3.13  2.10  1.76     3.37  2.07  4.03  4.43  2.94
135   20     1.62  2.31  2.97  3.99  4.47  4.12  4.34  4.34  3.34  2.82  1.83  1.51     3.14  1.82  3.81  4.27  2.67
135   30     1.40  2.04  2.68  3.70  4.21  3.91  4.11  4.05  3.06  2.50  1.58  1.28     2.88  1.57  3.53  4.02  2.38
135   40     1.22  1.78  2.39  3.36  3.88  3.64  3.81  3.70  2.75  2.19  1.36  1.11     2.60  1.37  3.21  3.72  2.10
135   50     1.08  1.57  2.12  3.02  3.51  3.33  3.46  3.33  2.45  1.93  1.20  0.99     2.33  1.21  2.88  3.37  1.86
135   60     0.98  1.40  1.88  2.69  3.14  2.99  3.10  2.96  2.17  1.71  1.08  0.90     2.08  1.09  2.57  3.01  1.65
135   70     0.90  1.27  1.68  2.40  2.78  2.66  2.75  2.63  1.93  1.54  0.98  0.82     1.86  1.00  2.29  2.68  1.49
135   80     0.83  1.15  1.51  2.14  2.46  2.35  2.42  2.33  1.72  1.40  0.90  0.77     1.67  0.92  2.04  2.37  1.34
135   90     0.76  1.06  1.35  1.91  2.18  2.07  2.14  2.06  1.54  1.28  0.83  0.71     1.49  0.84  1.81  2.09  1.22
150   10     1.82  2.54  3.18  4.19  4.63  4.25  4.49  4.53  3.55  3.07  2.04  1.71     3.33  2.02  4.00  4.43  2.89
150   20     1.52  2.20  2.88  3.92  4.44  4.12  4.33  4.29  3.28  2.69  1.72  1.40     3.07  1.71  3.75  4.25  2.56
150   30     1.25  1.86  2.55  3.59  4.17  3.90  4.09  3.97  2.94  2.29  1.41  1.13     2.76  1.41  3.44  3.99  2.21
150   40     1.05  1.56  2.20  3.20  3.81  3.62  3.77  3.58  2.58  1.92  1.16  0.94     2.45  1.18  3.07  3.66  1.89
150   50     0.94  1.33  1.89  2.79  3.39  3.28  3.38  3.14  2.23  1.61  1.00  0.85     2.15  1.04  2.69  3.27  1.62
150   60     0.88  1.19  1.64  2.41  2.95  2.89  2.96  2.71  1.92  1.41  0.93  0.80     1.89  0.96  2.33  2.85  1.42
150   70     0.83  1.10  1.46  2.10  2.55  2.51  2.56  2.34  1.70  1.28  0.87  0.76     1.67  0.90  2.04  2.47  1.28
150   80     0.78  1.02  1.33  1.86  2.22  2.19  2.22  2.06  1.52  1.19  0.81  0.71     1.49  0.84  1.80  2.16  1.17
150   90     0.73  0.95  1.21  1.67  1.96  1.92  1.96  1.83  1.38  1.10  0.76  0.67     1.35  0.78  1.62  1.90  1.08
165   10     1.79  2.50  3.16  4.17  4.63  4.25  4.50  4.52  3.53  3.03  2.01  1.67     3.31  1.99  3.99  4.42  2.86
165   20     1.46  2.13  2.83  3.89  4.44  4.12  4.34  4.27  3.23  2.60  1.64  1.32     3.02  1.64  3.72  4.24  2.49
165   30     1.14  1.73  2.46  3.53  4.16  3.91  4.09  3.93  2.87  2.14  1.27  1.01     2.69  1.29  3.38  3.98  2.10
165   40     0.95  1.37  2.06  3.10  3.79  3.62  3.77  3.52  2.47  1.69  1.00  0.87     2.35  1.06  2.98  3.64  1.72
165   50     0.92  1.15  1.68  2.63  3.36  3.28  3.38  3.04  2.04  1.34  0.94  0.84     2.05  0.97  2.55  3.23  1.44
165   60     0.88  1.09  1.43  2.15  2.86  2.88  2.93  2.51  1.69  1.20  0.90  0.80     1.78  0.92  2.15  2.77  1.26
165   70     0.83  1.04  1.30  1.81  2.33  2.44  2.44  2.04  1.49  1.13  0.85  0.76     1.54  0.88  1.82  2.31  1.16
165   80     0.78  0.98  1.21  1.62  1.98  2.03  2.03  1.79  1.36  1.07  0.81  0.71     1.37  0.82  1.60  1.95  1.08
165   90     0.73  0.92  1.13  1.48  1.76  1.78  1.78  1.61  1.26  1.01  0.76  0.67     1.24  0.77  1.46  1.73  1.01
180   10     1.78  2.49  3.15  4.16  4.63  4.25  4.50  4.52  3.53  3.01  2.00  1.66     3.31  1.97  3.98  4.42  2.85
180   20     1.43  2.10  2.81  3.87  4.44  4.12  4.34  4.26  3.22  2.57  1.61  1.30     3.01  1.61  3.71  4.24  2.47
180   30     1.10  1.68  2.43  3.50  4.16  3.91  4.10  3.92  2.86  2.08  1.23  0.97     2.66  1.25  3.36  3.98  2.05
180   40     0.95  1.27  2.00  3.07  3.79  3.63  3.78  3.50  2.44  1.58  0.97  0.87     2.32  1.03  2.96  3.63  1.66
180   50     0.92  1.14  1.55  2.59  3.36  3.28  3.39  3.01  1.99  1.22  0.94  0.84     2.02  0.96  2.50  3.23  1.38
180   60     0.88  1.09  1.33  2.06  2.87  2.89  2.94  2.48  1.51  1.17  0.90  0.80     1.74  0.92  2.09  2.77  1.19
180   70     0.83  1.04  1.27  1.62  2.34  2.45  2.46  1.92  1.39  1.12  0.85  0.76     1.50  0.88  1.74  2.27  1.12
180   80     0.78  0.98  1.19  1.48  1.88  1.99  1.97  1.64  1.30  1.06  0.81  0.71     1.32  0.82  1.52  1.86  1.06
180   90     0.73  0.92  1.12  1.38  1.68  1.73  1.73  1.50  1.22  1.01  0.76  0.67     1.20  0.77  1.39  1.65  1.00
             52.0  43.9  30.7  16.7   4.9   0.9   2.2  11.3  24.1  40.5  50.1  54.9     26.3  50.0  16.9   5.1  37.9
             2.96  3.59  3.79  4.50  4.74  4.30  4.57  4.74  4.01  4.16  3.24  3.00     3.97  3.17  4.30  4.53  3.76
             2.74  3.46  3.79  4.45  4.54  4.04  4.31  4.63  4.01  4.06  3.03  2.71     3.81  2.97  4.26  4.33  3.70
             1.08  1.04  1.00  1.01  1.04  1.06  1.06  1.02  1.00  1.02  1.07  1.11     1.04  1.07  1.02  1.05  1.03
             1.29  1.22  1.10  1.02  0.96  0.94  0.94  0.99  1.06  1.19  1.28  1.35     1.11  1.29  1.03  0.96  1.18
temperature   3.9   5.2   8.8  14.3  19.0  22.8  26.6  27.1  23.3  17.1  11.2   5.9     15.4   5.0  14.0  25.5  17.2
diffusedrad  1.23  1.56  1.91  2.27  2.52  2.62  2.59  2.40  2.08  1.72  1.28  1.13     1.94  1.31  2.24  2.54  1.69
snow10cm     0.01  0.00  0.00  0.00  0.00  0.00  0.00  0.00  0.00  0.00  0.00  0.00     0.00  0.00  0.00  0.00  0.00
