2 83106   院内            33 25.2  131   19   90
             2.11  2.71  3.34  4.32  4.69  4.23  4.55  4.59  3.62  3.16  2.36  2.04     3.48  2.28  4.12  4.45  3.04
             2.50  3.23  4.17  5.21  5.58  5.08  6.77  6.00  4.61  3.83  2.85  2.39     3.99  2.63  4.63  5.76  3.42
             1.75  2.10  2.44  3.74  3.87  3.37  3.50  3.34  2.78  2.69  1.65  1.61     3.23  2.00  3.65  3.75  2.62
  0   10     2.40  3.00  3.53  4.43  4.69  4.18  4.51  4.64  3.77  3.45  2.67  2.39     3.64  2.60  4.22  4.44  3.30
  0   20     2.66  3.22  3.66  4.45  4.60  4.07  4.39  4.60  3.84  3.67  2.94  2.69     3.73  2.86  4.24  4.36  3.48
  0   30     2.86  3.37  3.71  4.37  4.42  3.88  4.20  4.47  3.83  3.81  3.14  2.93     3.75  3.05  4.17  4.18  3.59
  0   40     2.99  3.45  3.68  4.21  4.15  3.63  3.92  4.25  3.75  3.86  3.26  3.10     3.69  3.18  4.01  3.93  3.62
  0   50     3.05  3.44  3.57  3.95  3.80  3.31  3.58  3.94  3.58  3.82  3.31  3.19     3.55  3.23  3.77  3.61  3.57
  0   60     3.04  3.36  3.39  3.62  3.39  2.94  3.17  3.56  3.34  3.69  3.28  3.20     3.33  3.20  3.46  3.23  3.44
  0   70     2.96  3.20  3.13  3.22  2.93  2.54  2.73  3.11  3.04  3.48  3.17  3.14     3.06  3.10  3.09  2.79  3.23
  0   80     2.81  2.97  2.81  2.76  2.43  2.12  2.26  2.62  2.67  3.19  2.99  3.00     2.72  2.93  2.66  2.33  2.95
  0   90     2.59  2.68  2.44  2.26  1.92  1.71  1.79  2.10  2.27  2.84  2.74  2.79     2.34  2.69  2.21  1.87  2.62
 15   10     2.39  2.99  3.52  4.42  4.69  4.18  4.51  4.64  3.76  3.44  2.66  2.37     3.63  2.58  4.21  4.44  3.29
 15   20     2.63  3.20  3.64  4.44  4.60  4.07  4.40  4.60  3.82  3.65  2.91  2.66     3.72  2.83  4.23  4.36  3.46
 15   30     2.81  3.34  3.68  4.37  4.42  3.88  4.20  4.47  3.81  3.78  3.10  2.89     3.73  3.01  4.16  4.19  3.56
 15   40     2.93  3.41  3.65  4.21  4.16  3.64  3.94  4.26  3.73  3.82  3.22  3.04     3.67  3.13  4.00  3.94  3.59
 15   50     2.98  3.40  3.53  3.96  3.82  3.32  3.59  3.95  3.56  3.77  3.26  3.13     3.52  3.17  3.77  3.62  3.53
 15   60     2.96  3.31  3.34  3.63  3.42  2.97  3.21  3.58  3.32  3.64  3.22  3.13     3.31  3.13  3.46  3.25  3.39
 15   70     2.88  3.15  3.08  3.24  2.97  2.57  2.77  3.15  3.02  3.42  3.11  3.06     3.03  3.03  3.10  2.83  3.18
 15   80     2.72  2.91  2.76  2.80  2.49  2.17  2.32  2.67  2.67  3.14  2.92  2.92     2.71  2.85  2.68  2.39  2.91
 15   90     2.50  2.62  2.40  2.32  2.01  1.77  1.87  2.17  2.27  2.78  2.67  2.70     2.34  2.61  2.24  1.94  2.57
 30   10     2.35  2.96  3.50  4.41  4.69  4.18  4.51  4.63  3.74  3.41  2.62  2.33     3.61  2.55  4.20  4.44  3.26
 30   20     2.56  3.14  3.60  4.43  4.60  4.07  4.40  4.59  3.79  3.59  2.85  2.58     3.68  2.76  4.21  4.35  3.41
 30   30     2.71  3.25  3.62  4.35  4.43  3.90  4.22  4.47  3.77  3.70  3.00  2.77     3.68  2.91  4.13  4.19  3.49
 30   40     2.80  3.30  3.57  4.19  4.18  3.65  3.96  4.25  3.67  3.72  3.09  2.90     3.61  3.00  3.98  3.96  3.49
 30   50     2.82  3.27  3.45  3.96  3.86  3.36  3.64  3.97  3.50  3.65  3.11  2.95     3.46  3.01  3.76  3.66  3.42
 30   60     2.78  3.17  3.25  3.64  3.48  3.02  3.27  3.62  3.27  3.52  3.05  2.94     3.25  2.96  3.46  3.31  3.28
 30   70     2.68  3.00  2.99  3.28  3.07  2.66  2.87  3.22  2.97  3.30  2.92  2.85     2.98  2.84  3.11  2.92  3.06
 30   80     2.51  2.76  2.69  2.87  2.63  2.28  2.46  2.78  2.64  3.02  2.73  2.69     2.67  2.65  2.73  2.51  2.79
 30   90     2.29  2.47  2.34  2.44  2.19  1.92  2.05  2.33  2.27  2.67  2.48  2.48     2.33  2.41  2.32  2.10  2.47
 45   10     2.29  2.91  3.46  4.39  4.68  4.18  4.50  4.61  3.71  3.36  2.57  2.27     3.58  2.49  4.18  4.43  3.21
 45   20     2.45  3.05  3.52  4.39  4.59  4.08  4.40  4.57  3.74  3.50  2.73  2.46     3.63  2.65  4.17  4.35  3.33
 45   30     2.56  3.13  3.52  4.31  4.43  3.91  4.22  4.44  3.69  3.57  2.85  2.61     3.60  2.76  4.09  4.19  3.37
 45   40     2.61  3.13  3.45  4.15  4.20  3.68  3.98  4.24  3.59  3.57  2.90  2.69     3.52  2.81  3.94  3.97  3.35
 45   50     2.60  3.08  3.32  3.92  3.89  3.40  3.68  3.97  3.41  3.49  2.88  2.70     3.36  2.79  3.71  3.68  3.26
 45   60     2.54  2.97  3.13  3.63  3.55  3.09  3.34  3.65  3.19  3.33  2.80  2.66     3.16  2.72  3.44  3.36  3.11
 45   70     2.42  2.79  2.88  3.29  3.17  2.75  2.98  3.27  2.91  3.12  2.66  2.55     2.90  2.59  3.11  3.00  2.90
 45   80     2.25  2.56  2.59  2.92  2.76  2.40  2.59  2.87  2.60  2.85  2.47  2.40     2.61  2.40  2.76  2.62  2.64
 45   90     2.04  2.29  2.27  2.52  2.37  2.05  2.21  2.47  2.26  2.54  2.23  2.19     2.29  2.17  2.39  2.25  2.34
 60   10     2.23  2.84  3.41  4.36  4.67  4.18  4.50  4.59  3.67  3.30  2.49  2.20     3.54  2.42  4.15  4.42  3.15
 60   20     2.32  2.93  3.44  4.34  4.58  4.08  4.39  4.54  3.66  3.38  2.60  2.32     3.55  2.52  4.12  4.34  3.21
 60   30     2.37  2.95  3.40  4.25  4.42  3.91  4.22  4.40  3.60  3.41  2.66  2.40     3.50  2.57  4.02  4.18  3.22
 60   40     2.38  2.93  3.31  4.08  4.19  3.69  3.99  4.20  3.47  3.36  2.65  2.43     3.39  2.58  3.86  3.96  3.16
 60   50     2.34  2.85  3.16  3.86  3.91  3.43  3.71  3.95  3.30  3.27  2.61  2.41     3.23  2.54  3.65  3.70  3.06
 60   60     2.25  2.72  2.96  3.58  3.58  3.13  3.39  3.64  3.07  3.11  2.52  2.34     3.02  2.44  3.37  3.39  2.90
 60   70     2.13  2.55  2.73  3.27  3.23  2.82  3.04  3.29  2.81  2.90  2.36  2.22     2.78  2.30  3.08  3.05  2.69
 60   80     1.96  2.33  2.46  2.92  2.86  2.49  2.69  2.93  2.51  2.65  2.19  2.07     2.51  2.12  2.75  2.71  2.45
 60   90     1.76  2.09  2.17  2.56  2.49  2.17  2.34  2.55  2.22  2.36  1.97  1.88     2.21  1.91  2.41  2.36  2.18
 75   10     2.15  2.77  3.36  4.33  4.66  4.18  4.49  4.57  3.62  3.22  2.41  2.11     3.49  2.34  4.11  4.41  3.09
 75   20     2.17  2.79  3.33  4.27  4.56  4.07  4.38  4.49  3.58  3.24  2.45  2.15     3.46  2.37  4.05  4.31  3.09
 75   30     2.17  2.77  3.25  4.16  4.39  3.91  4.21  4.34  3.48  3.21  2.44  2.17     3.38  2.37  3.93  4.15  3.04
 75   40     2.12  2.69  3.14  3.98  4.16  3.69  3.98  4.13  3.34  3.13  2.40  2.15     3.24  2.32  3.76  3.94  2.96
 75   50     2.06  2.59  2.97  3.75  3.90  3.44  3.71  3.88  3.15  3.00  2.31  2.09     3.07  2.25  3.54  3.68  2.82
 75   60     1.95  2.45  2.77  3.49  3.59  3.16  3.41  3.59  2.93  2.85  2.20  2.00     2.87  2.13  3.29  3.39  2.66
 75   70     1.82  2.28  2.55  3.19  3.25  2.85  3.08  3.26  2.67  2.64  2.05  1.88     2.63  1.99  2.99  3.07  2.45
 75   80     1.67  2.08  2.30  2.88  2.90  2.54  2.74  2.92  2.41  2.41  1.88  1.74     2.37  1.83  2.69  2.74  2.24
 75   90     1.49  1.86  2.04  2.55  2.56  2.24  2.41  2.58  2.13  2.16  1.69  1.57     2.11  1.64  2.38  2.41  1.99
 90   10     2.06  2.69  3.29  4.28  4.65  4.17  4.49  4.54  3.58  3.14  2.32  2.02     3.44  2.26  4.08  4.40  3.01
 90   20     2.02  2.63  3.21  4.19  4.53  4.07  4.37  4.43  3.48  3.09  2.28  1.98     3.36  2.21  3.98  4.29  2.95
 90   30     1.95  2.55  3.09  4.04  4.35  3.90  4.19  4.26  3.35  2.99  2.21  1.93     3.23  2.14  3.83  4.12  2.85
 90   40     1.87  2.45  2.93  3.85  4.11  3.68  3.95  4.04  3.18  2.87  2.11  1.86     3.08  2.06  3.63  3.89  2.72
 90   50     1.76  2.31  2.76  3.61  3.84  3.43  3.68  3.77  2.98  2.72  2.01  1.76     2.88  1.94  3.40  3.63  2.57
 90   60     1.66  2.16  2.56  3.34  3.54  3.15  3.39  3.48  2.75  2.54  1.87  1.66     2.67  1.83  3.15  3.34  2.39
 90   70     1.52  1.98  2.34  3.06  3.22  2.86  3.07  3.18  2.51  2.35  1.74  1.54     2.45  1.68  2.87  3.04  2.20
 90   80     1.39  1.81  2.11  2.76  2.87  2.55  2.74  2.85  2.25  2.13  1.58  1.41     2.21  1.54  2.58  2.71  1.99
 90   90     1.24  1.62  1.87  2.46  2.55  2.25  2.42  2.53  2.01  1.93  1.42  1.27     1.97  1.38  2.29  2.40  1.79
105   10     1.98  2.61  3.23  4.24  4.63  4.17  4.48  4.51  3.52  3.05  2.23  1.92     3.38  2.17  4.04  4.39  2.94
105   20     1.86  2.48  3.10  4.10  4.50  4.05  4.35  4.37  3.38  2.92  2.10  1.80     3.25  2.05  3.90  4.26  2.80
105   30     1.74  2.33  2.92  3.92  4.29  3.88  4.15  4.16  3.21  2.76  1.97  1.68     3.09  1.92  3.71  4.06  2.65
105   40     1.61  2.18  2.73  3.69  4.03  3.65  3.90  3.91  3.00  2.59  1.84  1.56     2.89  1.78  3.48  3.82  2.48
105   50     1.49  2.03  2.52  3.43  3.75  3.39  3.62  3.63  2.78  2.41  1.70  1.45     2.68  1.66  3.23  3.55  2.30
105   60     1.37  1.86  2.32  3.15  3.44  3.11  3.31  3.33  2.54  2.23  1.56  1.34     2.46  1.52  2.97  3.25  2.11
105   70     1.25  1.71  2.11  2.87  3.12  2.81  3.00  3.02  2.30  2.04  1.43  1.23     2.24  1.40  2.70  2.94  1.92
105   80     1.14  1.55  1.89  2.59  2.79  2.51  2.69  2.72  2.08  1.86  1.29  1.12     2.02  1.27  2.42  2.64  1.74
105   90     1.02  1.39  1.69  2.31  2.47  2.22  2.37  2.41  1.84  1.67  1.17  1.01     1.80  1.14  2.16  2.33  1.56
120   10     1.90  2.53  3.17  4.20  4.62  4.17  4.47  4.48  3.48  2.97  2.15  1.83     3.33  2.09  4.00  4.37  2.87
120   20     1.71  2.33  2.98  4.02  4.46  4.04  4.33  4.30  3.29  2.76  1.94  1.64     3.15  1.89  3.82  4.22  2.66
120   30     1.53  2.12  2.75  3.78  4.23  3.86  4.11  4.06  3.06  2.53  1.74  1.45     2.94  1.70  3.59  4.01  2.45
120   40     1.37  1.92  2.52  3.50  3.94  3.61  3.84  3.77  2.81  2.31  1.56  1.30     2.71  1.53  3.32  3.74  2.23
120   50     1.24  1.74  2.29  3.21  3.62  3.33  3.53  3.45  2.56  2.10  1.41  1.17     2.47  1.38  3.04  3.44  2.02
120   60     1.12  1.58  2.06  2.92  3.29  3.03  3.21  3.13  2.32  1.90  1.28  1.05     2.24  1.25  2.76  3.12  1.83
120   70     1.01  1.44  1.86  2.63  2.96  2.72  2.88  2.81  2.09  1.73  1.16  0.97     2.02  1.14  2.48  2.80  1.66
120   80     0.92  1.29  1.67  2.36  2.64  2.43  2.57  2.52  1.86  1.57  1.05  0.88     1.81  1.03  2.22  2.50  1.49
120   90     0.84  1.17  1.49  2.11  2.34  2.14  2.27  2.24  1.66  1.41  0.95  0.81     1.62  0.94  1.98  2.22  1.34
135   10     1.84  2.47  3.13  4.16  4.60  4.17  4.46  4.45  3.44  2.90  2.08  1.76     3.29  2.02  3.96  4.36  2.80
135   20     1.58  2.20  2.88  3.94  4.43  4.04  4.31  4.24  3.21  2.62  1.80  1.48     3.06  1.75  3.75  4.20  2.54
135   30     1.34  1.93  2.60  3.65  4.17  3.83  4.08  3.96  2.93  2.31  1.54  1.24     2.80  1.50  3.47  3.96  2.26
135   40     1.16  1.68  2.31  3.31  3.84  3.57  3.77  3.62  2.63  2.03  1.32  1.05     2.52  1.30  3.15  3.65  2.00
135   50     1.02  1.48  2.04  2.97  3.48  3.25  3.42  3.25  2.34  1.79  1.15  0.93     2.26  1.14  2.83  3.31  1.76
135   60     0.92  1.32  1.81  2.65  3.11  2.92  3.06  2.89  2.08  1.59  1.03  0.84     2.02  1.03  2.52  2.96  1.57
135   70     0.84  1.20  1.62  2.36  2.75  2.60  2.72  2.56  1.85  1.44  0.94  0.77     1.80  0.94  2.24  2.63  1.41
135   80     0.78  1.09  1.45  2.11  2.44  2.30  2.40  2.27  1.65  1.30  0.86  0.72     1.61  0.86  2.00  2.32  1.27
135   90     0.72  1.00  1.30  1.88  2.16  2.02  2.11  2.02  1.48  1.19  0.80  0.67     1.45  0.80  1.78  2.05  1.16
150   10     1.78  2.41  3.09  4.13  4.60  4.17  4.46  4.43  3.40  2.84  2.02  1.70     3.25  1.96  3.94  4.36  2.75
150   20     1.47  2.08  2.79  3.87  4.40  4.04  4.30  4.20  3.14  2.49  1.68  1.36     2.98  1.64  3.69  4.18  2.44
150   30     1.19  1.75  2.46  3.54  4.13  3.83  4.06  3.88  2.82  2.12  1.36  1.06     2.68  1.33  3.38  3.92  2.10
150   40     0.97  1.46  2.12  3.15  3.77  3.55  3.73  3.49  2.47  1.77  1.10  0.85     2.37  1.10  3.01  3.59  1.78
150   50     0.86  1.24  1.81  2.74  3.35  3.20  3.34  3.06  2.13  1.49  0.95  0.77     2.08  0.96  2.63  3.20  1.52
150   60     0.81  1.11  1.57  2.36  2.91  2.82  2.92  2.64  1.84  1.31  0.87  0.73     1.82  0.88  2.28  2.79  1.34
150   70     0.77  1.02  1.40  2.06  2.51  2.45  2.52  2.28  1.62  1.19  0.82  0.69     1.61  0.83  1.99  2.42  1.21
150   80     0.72  0.95  1.27  1.82  2.19  2.13  2.19  2.00  1.45  1.10  0.77  0.66     1.44  0.78  1.76  2.11  1.11
150   90     0.68  0.89  1.16  1.64  1.93  1.87  1.92  1.78  1.32  1.02  0.72  0.62     1.30  0.73  1.58  1.86  1.02
165   10     1.75  2.38  3.06  4.12  4.59  4.17  4.47  4.42  3.39  2.81  1.98  1.65     3.23  1.93  3.92  4.35  2.72
165   20     1.40  2.01  2.74  3.83  4.40  4.04  4.31  4.17  3.10  2.41  1.60  1.27     2.94  1.56  3.66  4.17  2.37
165   30     1.06  1.63  2.37  3.47  4.11  3.83  4.06  3.84  2.75  1.98  1.21  0.92     2.60  1.20  3.32  3.91  1.98
165   40     0.87  1.27  1.98  3.04  3.75  3.55  3.73  3.43  2.36  1.56  0.93  0.78     2.27  0.97  2.92  3.57  1.62
165   50     0.84  1.06  1.61  2.57  3.31  3.21  3.34  2.96  1.95  1.24  0.88  0.75     1.98  0.89  2.50  3.17  1.36
165   60     0.81  1.01  1.36  2.09  2.82  2.81  2.89  2.43  1.61  1.11  0.84  0.72     1.71  0.85  2.09  2.71  1.19
165   70     0.77  0.96  1.24  1.76  2.29  2.38  2.39  1.98  1.42  1.05  0.80  0.69     1.48  0.81  1.76  2.25  1.09
165   80     0.72  0.91  1.16  1.57  1.94  1.97  1.98  1.73  1.30  0.99  0.76  0.66     1.31  0.76  1.55  1.90  1.02
165   90     0.68  0.85  1.08  1.44  1.72  1.73  1.74  1.56  1.20  0.94  0.72  0.62     1.19  0.72  1.41  1.68  0.95
180   10     1.74  2.37  3.06  4.11  4.59  4.17  4.47  4.42  3.38  2.79  1.97  1.64     3.22  1.91  3.92  4.35  2.71
180   20     1.37  1.98  2.73  3.81  4.40  4.04  4.31  4.16  3.09  2.37  1.56  1.24     2.92  1.53  3.65  4.17  2.34
180   30     1.02  1.57  2.34  3.44  4.12  3.83  4.07  3.82  2.73  1.92  1.16  0.88     2.58  1.16  3.30  3.91  1.94
180   40     0.87  1.18  1.92  3.01  3.75  3.55  3.75  3.41  2.33  1.45  0.91  0.78     2.24  0.94  2.89  3.57  1.56
180   50     0.84  1.06  1.48  2.52  3.32  3.21  3.35  2.93  1.89  1.13  0.88  0.75     1.95  0.88  2.44  3.16  1.30
180   60     0.81  1.01  1.26  2.00  2.82  2.82  2.90  2.40  1.43  1.08  0.84  0.72     1.68  0.85  2.03  2.71  1.12
180   70     0.77  0.96  1.20  1.56  2.29  2.38  2.41  1.85  1.32  1.04  0.80  0.69     1.44  0.81  1.68  2.21  1.05
180   80     0.72  0.91  1.14  1.43  1.83  1.92  1.92  1.58  1.24  0.99  0.76  0.66     1.26  0.76  1.47  1.81  1.00
180   90     0.68  0.85  1.07  1.33  1.64  1.67  1.68  1.45  1.16  0.93  0.72  0.62     1.15  0.72  1.35  1.60  0.94
             53.6  44.5  31.2  17.0   4.9   0.8   2.1  11.4  24.3  40.6  51.2  56.9     27.1  51.6  17.1   5.0  38.6
             3.06  3.46  3.71  4.45  4.70  4.22  4.54  4.64  3.85  3.86  3.31  3.21     3.92  3.23  4.24  4.45  3.62
             2.81  3.34  3.71  4.40  4.48  3.94  4.26  4.52  3.84  3.78  3.09  2.87     3.75  3.00  4.20  4.24  3.57
             1.09  1.04  1.00  1.01  1.05  1.07  1.07  1.03  1.00  1.02  1.07  1.12     1.05  1.08  1.02  1.05  1.03
             1.33  1.23  1.11  1.02  0.96  0.93  0.94  0.98  1.06  1.20  1.31  1.41     1.12  1.32  1.03  0.95  1.19
temperature   3.8   4.5   7.8  13.2  17.7  21.6  25.5  25.9  22.1  16.1  10.7   5.7     14.6   4.7  12.9  24.3  16.3
diffusedrad  1.14  1.43  1.79  2.17  2.43  2.49  2.47  2.29  1.96  1.57  1.21  1.03     1.83  1.20  2.13  2.42  1.58
snow10cm     0.00  0.00  0.00  0.00  0.00  0.00  0.00  0.00  0.00  0.00  0.00  0.00     0.00  0.00  0.00  0.00  0.00
