2 84012   鰐浦            34 41.9  129 26.7   63
             2.38  3.01  3.57  4.59  5.00  4.46  4.38  4.40  3.51  3.15  2.48  2.19     3.59  2.53  4.38  4.41  3.05
             2.93  3.93  4.49  5.59  5.93  5.99  5.92  5.47  4.23  4.14  3.16  2.65     3.93  3.09  5.04  5.19  3.53
             1.94  1.67  2.44  3.79  4.09  3.84  3.02  3.17  2.90  2.68  1.85  1.65     3.20  2.05  3.73  3.58  2.71
  0   10     2.77  3.37  3.77  4.72  5.00  4.41  4.36  4.45  3.64  3.42  2.84  2.61     3.78  2.92  4.50  4.41  3.30
  0   20     3.12  3.66  3.92  4.76  4.91  4.30  4.27  4.43  3.71  3.64  3.15  2.98     3.90  3.25  4.53  4.33  3.50
  0   30     3.39  3.86  3.99  4.69  4.73  4.11  4.09  4.31  3.71  3.78  3.38  3.27     3.94  3.51  4.47  4.17  3.62
  0   40     3.59  3.97  3.97  4.52  4.45  3.84  3.84  4.11  3.63  3.83  3.54  3.49     3.90  3.68  4.31  3.93  3.67
  0   50     3.69  3.99  3.86  4.26  4.09  3.52  3.53  3.83  3.47  3.80  3.61  3.62     3.77  3.77  4.07  3.63  3.63
  0   60     3.70  3.91  3.67  3.91  3.65  3.13  3.16  3.48  3.25  3.68  3.59  3.65     3.57  3.76  3.74  3.26  3.50
  0   70     3.62  3.75  3.40  3.49  3.15  2.71  2.74  3.06  2.96  3.47  3.49  3.60     3.29  3.66  3.35  2.84  3.31
  0   80     3.46  3.49  3.07  3.00  2.62  2.27  2.30  2.60  2.62  3.19  3.30  3.46     2.95  3.47  2.89  2.39  3.04
  0   90     3.21  3.16  2.67  2.46  2.07  1.83  1.86  2.12  2.24  2.84  3.03  3.23     2.56  3.20  2.40  1.94  2.71
 15   10     2.77  3.36  3.76  4.72  5.00  4.41  4.36  4.45  3.63  3.41  2.83  2.59     3.77  2.90  4.49  4.41  3.29
 15   20     3.11  3.63  3.90  4.75  4.91  4.30  4.27  4.42  3.70  3.63  3.12  2.94     3.89  3.22  4.52  4.33  3.48
 15   30     3.37  3.81  3.96  4.69  4.73  4.11  4.10  4.31  3.69  3.76  3.34  3.21     3.92  3.47  4.46  4.17  3.60
 15   40     3.56  3.91  3.94  4.52  4.46  3.85  3.85  4.11  3.60  3.81  3.48  3.42     3.88  3.63  4.31  3.94  3.63
 15   50     3.66  3.92  3.82  4.26  4.10  3.53  3.54  3.83  3.45  3.77  3.54  3.53     3.75  3.70  4.06  3.63  3.59
 15   60     3.67  3.84  3.63  3.92  3.68  3.16  3.18  3.49  3.22  3.65  3.52  3.56     3.54  3.69  3.74  3.27  3.46
 15   70     3.58  3.66  3.36  3.51  3.19  2.74  2.77  3.09  2.94  3.44  3.41  3.49     3.27  3.58  3.35  2.87  3.26
 15   80     3.42  3.40  3.02  3.03  2.68  2.32  2.35  2.65  2.61  3.16  3.21  3.35     2.93  3.39  2.91  2.44  2.99
 15   90     3.16  3.07  2.63  2.52  2.16  1.89  1.92  2.18  2.24  2.81  2.95  3.11     2.55  3.12  2.44  2.00  2.66
 30   10     2.73  3.31  3.73  4.70  5.00  4.41  4.37  4.44  3.61  3.39  2.79  2.54     3.75  2.86  4.47  4.40  3.26
 30   20     3.03  3.54  3.85  4.73  4.91  4.30  4.27  4.41  3.66  3.57  3.04  2.84     3.85  3.14  4.50  4.33  3.43
 30   30     3.27  3.70  3.88  4.66  4.74  4.12  4.11  4.29  3.64  3.68  3.22  3.07     3.87  3.35  4.43  4.17  3.52
 30   40     3.42  3.77  3.85  4.50  4.47  3.87  3.87  4.10  3.55  3.70  3.33  3.23     3.81  3.48  4.27  3.95  3.53
 30   50     3.50  3.76  3.72  4.25  4.14  3.57  3.58  3.84  3.39  3.65  3.36  3.31     3.67  3.52  4.04  3.66  3.47
 30   60     3.48  3.65  3.52  3.92  3.74  3.21  3.23  3.51  3.17  3.52  3.31  3.31     3.46  3.48  3.73  3.32  3.33
 30   70     3.39  3.47  3.25  3.54  3.30  2.83  2.85  3.13  2.89  3.31  3.19  3.23     3.20  3.36  3.36  2.94  3.13
 30   80     3.21  3.20  2.93  3.09  2.83  2.43  2.46  2.72  2.57  3.02  2.99  3.07     2.88  3.16  2.95  2.54  2.86
 30   90     2.95  2.88  2.55  2.63  2.35  2.04  2.07  2.29  2.22  2.68  2.72  2.83     2.52  2.89  2.51  2.14  2.54
 45   10     2.67  3.25  3.69  4.67  4.99  4.41  4.36  4.42  3.58  3.34  2.72  2.46     3.71  2.79  4.45  4.40  3.21
 45   20     2.91  3.43  3.77  4.68  4.90  4.30  4.28  4.38  3.61  3.48  2.92  2.70     3.78  3.01  4.45  4.32  3.33
 45   30     3.09  3.54  3.78  4.60  4.73  4.12  4.11  4.26  3.57  3.55  3.05  2.87     3.77  3.17  4.37  4.17  3.39
 45   40     3.19  3.56  3.71  4.45  4.49  3.89  3.90  4.08  3.47  3.55  3.12  2.98     3.70  3.24  4.21  3.95  3.38
 45   50     3.22  3.52  3.58  4.20  4.17  3.60  3.62  3.82  3.29  3.47  3.11  3.01     3.55  3.25  3.98  3.68  3.29
 45   60     3.18  3.40  3.38  3.90  3.80  3.27  3.30  3.51  3.08  3.32  3.03  2.98     3.35  3.19  3.69  3.36  3.15
 45   70     3.07  3.21  3.11  3.53  3.40  2.92  2.95  3.17  2.81  3.12  2.89  2.88     3.09  3.05  3.35  3.01  2.94
 45   80     2.88  2.95  2.81  3.14  2.96  2.55  2.58  2.78  2.52  2.85  2.69  2.71     2.79  2.85  2.97  2.64  2.69
 45   90     2.63  2.65  2.46  2.72  2.53  2.18  2.22  2.40  2.19  2.54  2.43  2.48     2.45  2.59  2.57  2.27  2.39
 60   10     2.58  3.17  3.63  4.64  4.97  4.40  4.36  4.40  3.55  3.27  2.64  2.37     3.67  2.71  4.42  4.39  3.15
 60   20     2.74  3.28  3.67  4.62  4.88  4.30  4.27  4.34  3.54  3.36  2.77  2.53     3.69  2.85  4.39  4.30  3.22
 60   30     2.85  3.33  3.63  4.53  4.71  4.12  4.12  4.22  3.48  3.38  2.83  2.62     3.65  2.94  4.29  4.15  3.23
 60   40     2.90  3.32  3.54  4.35  4.47  3.90  3.90  4.03  3.35  3.34  2.84  2.68     3.55  2.97  4.12  3.94  3.18
 60   50     2.89  3.23  3.39  4.13  4.18  3.63  3.65  3.78  3.18  3.25  2.81  2.67     3.40  2.93  3.90  3.69  3.08
 60   60     2.82  3.10  3.19  3.83  3.83  3.31  3.35  3.49  2.96  3.09  2.70  2.60     3.19  2.84  3.62  3.38  2.92
 60   70     2.70  2.91  2.94  3.50  3.45  2.98  3.01  3.16  2.71  2.88  2.55  2.48     2.94  2.70  3.30  3.05  2.72
 60   80     2.52  2.66  2.65  3.13  3.06  2.64  2.68  2.82  2.43  2.64  2.36  2.32     2.66  2.50  2.95  2.71  2.48
 60   90     2.29  2.40  2.34  2.74  2.66  2.29  2.34  2.46  2.14  2.35  2.13  2.10     2.35  2.26  2.58  2.36  2.21
 75   10     2.48  3.08  3.56  4.60  4.96  4.40  4.35  4.38  3.50  3.19  2.55  2.27     3.61  2.61  4.37  4.38  3.08
 75   20     2.55  3.11  3.54  4.54  4.85  4.29  4.26  4.29  3.46  3.21  2.59  2.33     3.59  2.66  4.31  4.28  3.09
 75   30     2.59  3.09  3.46  4.42  4.67  4.12  4.11  4.16  3.36  3.18  2.59  2.36     3.51  2.68  4.19  4.13  3.04
 75   40     2.58  3.02  3.34  4.24  4.43  3.89  3.90  3.96  3.22  3.11  2.55  2.33     3.38  2.64  4.00  3.92  2.96
 75   50     2.53  2.92  3.17  3.99  4.15  3.63  3.64  3.71  3.03  2.97  2.46  2.29     3.21  2.58  3.77  3.66  2.82
 75   60     2.42  2.75  2.96  3.72  3.82  3.33  3.36  3.43  2.83  2.82  2.35  2.20     3.00  2.46  3.50  3.37  2.66
 75   70     2.30  2.58  2.73  3.40  3.46  3.01  3.05  3.12  2.58  2.61  2.19  2.07     2.76  2.31  3.20  3.06  2.46
 75   80     2.13  2.35  2.46  3.06  3.09  2.68  2.72  2.79  2.32  2.39  2.02  1.92     2.49  2.13  2.87  2.73  2.24
 75   90     1.94  2.11  2.19  2.71  2.72  2.36  2.40  2.47  2.05  2.13  1.81  1.73     2.22  1.93  2.54  2.41  2.00
 90   10     2.37  2.98  3.49  4.55  4.94  4.39  4.35  4.35  3.46  3.11  2.45  2.16     3.55  2.50  4.33  4.36  3.01
 90   20     2.35  2.92  3.41  4.45  4.81  4.28  4.25  4.24  3.37  3.06  2.39  2.12     3.47  2.46  4.22  4.25  2.94
 90   30     2.30  2.83  3.28  4.29  4.62  4.10  4.08  4.07  3.23  2.96  2.33  2.06     3.35  2.40  4.06  4.09  2.84
 90   40     2.23  2.72  3.12  4.08  4.37  3.87  3.87  3.86  3.07  2.83  2.23  2.00     3.19  2.31  3.85  3.87  2.71
 90   50     2.14  2.57  2.92  3.83  4.07  3.60  3.61  3.61  2.88  2.69  2.12  1.90     2.99  2.20  3.61  3.61  2.56
 90   60     2.03  2.41  2.71  3.54  3.75  3.31  3.33  3.32  2.65  2.51  1.99  1.80     2.78  2.08  3.34  3.32  2.38
 90   70     1.90  2.22  2.47  3.25  3.41  3.00  3.04  3.03  2.42  2.32  1.84  1.66     2.55  1.93  3.04  3.02  2.19
 90   80     1.76  2.03  2.24  2.93  3.05  2.68  2.73  2.72  2.18  2.11  1.67  1.54     2.30  1.77  2.74  2.71  1.99
 90   90     1.58  1.81  1.98  2.60  2.71  2.36  2.41  2.40  1.93  1.90  1.51  1.39     2.05  1.59  2.43  2.39  1.78
105   10     2.25  2.88  3.42  4.50  4.92  4.39  4.34  4.32  3.41  3.02  2.35  2.05     3.49  2.40  4.28  4.35  2.93
105   20     2.13  2.73  3.27  4.34  4.77  4.26  4.23  4.18  3.28  2.89  2.21  1.91     3.35  2.26  4.13  4.22  2.79
105   30     2.01  2.57  3.09  4.14  4.55  4.07  4.05  3.98  3.10  2.73  2.06  1.78     3.18  2.12  3.92  4.03  2.63
105   40     1.89  2.39  2.88  3.89  4.27  3.83  3.82  3.74  2.90  2.56  1.92  1.65     2.98  1.98  3.68  3.79  2.46
105   50     1.75  2.22  2.66  3.62  3.96  3.55  3.55  3.47  2.69  2.37  1.78  1.53     2.76  1.84  3.41  3.52  2.28
105   60     1.65  2.05  2.44  3.33  3.63  3.25  3.27  3.18  2.46  2.20  1.63  1.42     2.54  1.71  3.13  3.23  2.10
105   70     1.51  1.87  2.22  3.02  3.29  2.94  2.97  2.88  2.23  2.01  1.50  1.30     2.31  1.56  2.84  2.93  1.91
105   80     1.40  1.70  1.99  2.73  2.95  2.63  2.67  2.59  2.01  1.82  1.35  1.19     2.09  1.43  2.56  2.63  1.73
105   90     1.26  1.52  1.78  2.44  2.61  2.32  2.37  2.30  1.78  1.64  1.23  1.08     1.86  1.29  2.28  2.33  1.55
120   10     2.15  2.79  3.36  4.45  4.90  4.38  4.33  4.29  3.37  2.94  2.25  1.94     3.43  2.29  4.24  4.33  2.86
120   20     1.93  2.55  3.14  4.24  4.72  4.25  4.20  4.12  3.19  2.73  2.02  1.71     3.23  2.06  4.04  4.19  2.65
120   30     1.72  2.31  2.89  3.98  4.46  4.04  4.01  3.88  2.97  2.50  1.81  1.51     3.01  1.85  3.78  3.98  2.43
120   40     1.55  2.08  2.64  3.68  4.15  3.78  3.76  3.60  2.73  2.28  1.62  1.34     2.77  1.66  3.49  3.71  2.21
120   50     1.41  1.88  2.39  3.37  3.81  3.48  3.47  3.30  2.49  2.07  1.45  1.21     2.53  1.50  3.19  3.42  2.00
120   60     1.29  1.69  2.16  3.06  3.45  3.16  3.16  2.99  2.25  1.88  1.31  1.09     2.29  1.36  2.89  3.11  1.81
120   70     1.18  1.54  1.94  2.76  3.11  2.84  2.86  2.69  2.03  1.70  1.20  1.00     2.07  1.24  2.60  2.80  1.64
120   80     1.09  1.40  1.74  2.47  2.78  2.53  2.56  2.40  1.82  1.55  1.08  0.91     1.86  1.14  2.33  2.50  1.48
120   90     1.00  1.27  1.56  2.21  2.46  2.24  2.28  2.14  1.62  1.39  0.99  0.84     1.67  1.03  2.08  2.22  1.33
135   10     2.05  2.71  3.30  4.41  4.88  4.38  4.32  4.26  3.33  2.87  2.17  1.85     3.38  2.20  4.20  4.32  2.79
135   20     1.74  2.38  3.02  4.16  4.68  4.24  4.18  4.06  3.11  2.58  1.86  1.53     3.13  1.89  3.95  4.16  2.52
135   30     1.47  2.06  2.71  3.83  4.39  4.01  3.97  3.78  2.85  2.28  1.58  1.26     2.85  1.60  3.65  3.92  2.23
135   40     1.25  1.78  2.40  3.47  4.04  3.73  3.69  3.46  2.56  2.00  1.34  1.06     2.57  1.37  3.30  3.63  1.97
135   50     1.11  1.56  2.12  3.10  3.64  3.39  3.37  3.11  2.29  1.76  1.17  0.93     2.29  1.20  2.95  3.29  1.74
135   60     1.01  1.39  1.87  2.76  3.24  3.04  3.03  2.78  2.04  1.57  1.05  0.85     2.05  1.08  2.62  2.95  1.55
135   70     0.93  1.26  1.67  2.45  2.87  2.70  2.70  2.47  1.82  1.42  0.96  0.78     1.84  0.99  2.33  2.63  1.40
135   80     0.87  1.15  1.51  2.19  2.54  2.39  2.40  2.19  1.63  1.29  0.88  0.73     1.65  0.92  2.08  2.33  1.27
135   90     0.81  1.06  1.35  1.96  2.25  2.11  2.13  1.95  1.46  1.17  0.82  0.68     1.48  0.85  1.85  2.06  1.15
150   10     1.98  2.64  3.26  4.38  4.88  4.38  4.32  4.25  3.30  2.82  2.10  1.78     3.34  2.13  4.17  4.31  2.74
150   20     1.59  2.25  2.93  4.08  4.66  4.23  4.17  4.02  3.05  2.46  1.73  1.39     3.04  1.74  3.89  4.14  2.41
150   30     1.24  1.85  2.56  3.71  4.34  4.00  3.94  3.71  2.75  2.10  1.37  1.05     2.72  1.38  3.54  3.89  2.07
150   40     1.00  1.51  2.19  3.28  3.95  3.70  3.64  3.35  2.42  1.75  1.11  0.84     2.39  1.12  3.14  3.56  1.76
150   50     0.89  1.28  1.85  2.83  3.49  3.33  3.28  2.94  2.10  1.48  0.96  0.76     2.10  0.97  2.73  3.19  1.51
150   60     0.84  1.14  1.61  2.44  3.01  2.92  2.89  2.54  1.83  1.30  0.88  0.72     1.85  0.90  2.35  2.79  1.34
150   70     0.79  1.06  1.44  2.12  2.60  2.54  2.52  2.22  1.62  1.19  0.83  0.69     1.64  0.85  2.05  2.42  1.21
150   80     0.75  0.99  1.31  1.89  2.27  2.21  2.21  1.95  1.46  1.11  0.79  0.66     1.47  0.80  1.82  2.13  1.12
150   90     0.71  0.93  1.20  1.70  2.01  1.95  1.96  1.74  1.32  1.03  0.74  0.63     1.33  0.76  1.64  1.88  1.03
165   10     1.93  2.60  3.23  4.36  4.87  4.38  4.32  4.24  3.28  2.78  2.06  1.73     3.31  2.09  4.15  4.31  2.71
165   20     1.48  2.15  2.87  4.04  4.65  4.23  4.17  4.00  3.01  2.38  1.63  1.28     2.99  1.64  3.85  4.13  2.34
165   30     1.07  1.69  2.46  3.63  4.33  4.00  3.94  3.68  2.68  1.95  1.22  0.90     2.63  1.22  3.48  3.87  1.95
165   40     0.88  1.28  2.02  3.16  3.93  3.70  3.63  3.29  2.32  1.54  0.93  0.78     2.29  0.98  3.04  3.54  1.59
165   50     0.85  1.08  1.62  2.64  3.45  3.33  3.27  2.85  1.93  1.24  0.89  0.75     1.99  0.90  2.57  3.15  1.36
165   60     0.82  1.04  1.38  2.13  2.91  2.91  2.85  2.36  1.63  1.13  0.86  0.72     1.73  0.86  2.14  2.71  1.20
165   70     0.78  0.99  1.27  1.80  2.34  2.45  2.38  1.95  1.45  1.07  0.82  0.69     1.50  0.82  1.80  2.26  1.11
165   80     0.75  0.94  1.19  1.62  2.00  2.04  2.02  1.72  1.33  1.01  0.78  0.66     1.34  0.78  1.60  1.93  1.04
165   90     0.70  0.89  1.11  1.49  1.78  1.80  1.80  1.56  1.23  0.95  0.74  0.63     1.22  0.74  1.46  1.72  0.97
180   10     1.91  2.58  3.22  4.35  4.88  4.38  4.32  4.23  3.28  2.76  2.04  1.71     3.31  2.07  4.15  4.31  2.70
180   20     1.44  2.12  2.85  4.02  4.66  4.24  4.16  3.99  3.00  2.35  1.60  1.25     2.97  1.60  3.84  4.13  2.31
180   30     1.01  1.62  2.42  3.61  4.34  4.01  3.93  3.67  2.67  1.90  1.16  0.84     2.60  1.16  3.46  3.87  1.91
180   40     0.88  1.17  1.96  3.13  3.94  3.71  3.63  3.27  2.29  1.43  0.92  0.78     2.26  0.94  3.01  3.54  1.55
180   50     0.85  1.08  1.47  2.60  3.46  3.34  3.26  2.83  1.88  1.16  0.89  0.75     1.96  0.89  2.51  3.14  1.31
180   60     0.82  1.04  1.29  2.03  2.92  2.92  2.84  2.34  1.48  1.11  0.86  0.72     1.70  0.86  2.08  2.70  1.15
180   70     0.78  0.99  1.23  1.60  2.34  2.46  2.38  1.82  1.38  1.06  0.82  0.69     1.46  0.82  1.73  2.22  1.09
180   80     0.75  0.94  1.17  1.48  1.90  1.99  1.94  1.61  1.29  1.01  0.78  0.66     1.29  0.78  1.51  1.85  1.02
180   90     0.70  0.89  1.10  1.38  1.71  1.75  1.73  1.48  1.20  0.95  0.74  0.63     1.19  0.74  1.40  1.65  0.96
             56.4  47.0  32.8  18.3   5.9   1.7   2.6  12.2  24.4  41.0  53.0  59.1     29.6  54.1  18.5   5.6  40.1
             3.71  3.99  3.99  4.76  5.01  4.44  4.38  4.46  3.72  3.83  3.61  3.65     4.13  3.77  4.53  4.42  3.67
             3.38  3.85  3.99  4.69  4.74  4.11  4.10  4.32  3.71  3.78  3.38  3.26     3.94  3.50  4.47  4.18  3.62
             1.10  1.04  1.00  1.01  1.06  1.08  1.07  1.03  1.00  1.01  1.07  1.12     1.05  1.08  1.02  1.06  1.03
             1.42  1.28  1.12  1.02  0.95  0.92  0.94  0.98  1.06  1.20  1.36  1.49     1.14  1.40  1.03  0.95  1.21
temperature   4.8   5.8   8.8  13.4  17.2  20.5  24.3  25.7  22.2  17.5  12.2   7.3     15.0   6.0  13.1  23.5  17.3
diffusedrad  1.22  1.52  1.89  2.27  2.53  2.63  2.57  2.38  2.04  1.62  1.25  1.07     1.92  1.27  2.23  2.53  1.64
snow10cm     0.00  0.00  0.00  0.00  0.00  0.00  0.00  0.00  0.00  0.00  0.00  0.00     0.00  0.00  0.00  0.00  0.00
