2 84121   芦辺            33   48  129 43.3   97
             2.09  2.81  3.48  4.41  4.81  4.27  4.49  4.70  3.74  3.33  2.37  1.98     3.54  2.29  4.23  4.49  3.15
             2.57  3.51  4.42  5.18  5.86  5.29  6.48  5.64  4.66  4.10  3.11  2.45     3.93  2.66  4.91  5.31  3.64
             1.57  1.83  2.27  3.15  3.68  2.81  3.39  3.48  3.12  2.48  1.78  1.22     2.93  1.64  3.27  3.66  2.57
  0   10     2.38  3.10  3.65  4.53  4.81  4.23  4.45  4.75  3.88  3.65  2.67  2.29     3.70  2.59  4.33  4.48  3.40
  0   20     2.63  3.33  3.79  4.55  4.72  4.12  4.35  4.72  3.96  3.88  2.93  2.56     3.79  2.84  4.35  4.39  3.59
  0   30     2.81  3.49  3.84  4.47  4.54  3.93  4.16  4.58  3.95  4.03  3.13  2.77     3.81  3.02  4.28  4.22  3.70
  0   40     2.94  3.56  3.81  4.30  4.26  3.68  3.90  4.36  3.86  4.09  3.25  2.91     3.74  3.14  4.13  3.98  3.73
  0   50     2.99  3.56  3.70  4.05  3.91  3.37  3.57  4.05  3.70  4.05  3.29  2.99     3.60  3.18  3.89  3.67  3.68
  0   60     2.98  3.47  3.51  3.71  3.49  3.01  3.18  3.67  3.45  3.92  3.26  3.00     3.39  3.15  3.57  3.29  3.54
  0   70     2.90  3.31  3.24  3.31  3.02  2.61  2.75  3.21  3.14  3.70  3.15  2.93     3.11  3.04  3.19  2.86  3.33
  0   80     2.75  3.07  2.91  2.84  2.51  2.19  2.30  2.70  2.77  3.39  2.97  2.79     2.77  2.87  2.75  2.40  3.04
  0   90     2.54  2.77  2.53  2.33  1.99  1.77  1.84  2.18  2.35  3.02  2.72  2.59     2.39  2.63  2.29  1.93  2.70
 15   10     2.37  3.09  3.64  4.52  4.81  4.23  4.45  4.75  3.87  3.64  2.66  2.28     3.69  2.58  4.33  4.48  3.39
 15   20     2.60  3.31  3.77  4.54  4.72  4.12  4.35  4.71  3.94  3.86  2.91  2.53     3.78  2.81  4.34  4.39  3.57
 15   30     2.78  3.45  3.81  4.47  4.54  3.94  4.17  4.59  3.93  3.99  3.09  2.73     3.79  2.99  4.28  4.23  3.67
 15   40     2.90  3.52  3.78  4.31  4.27  3.69  3.91  4.37  3.84  4.04  3.20  2.86     3.72  3.09  4.12  3.99  3.69
 15   50     2.94  3.50  3.66  4.05  3.92  3.38  3.58  4.06  3.67  3.99  3.24  2.93     3.58  3.13  3.88  3.67  3.63
 15   60     2.92  3.41  3.46  3.72  3.52  3.03  3.21  3.68  3.43  3.85  3.20  2.93     3.36  3.09  3.57  3.31  3.49
 15   70     2.84  3.24  3.20  3.33  3.06  2.64  2.78  3.24  3.12  3.63  3.09  2.85     3.08  2.98  3.19  2.89  3.28
 15   80     2.69  3.00  2.87  2.88  2.57  2.23  2.35  2.76  2.76  3.32  2.90  2.71     2.75  2.80  2.77  2.45  2.99
 15   90     2.47  2.70  2.49  2.39  2.08  1.83  1.91  2.25  2.35  2.95  2.65  2.51     2.38  2.56  2.32  2.00  2.65
 30   10     2.34  3.06  3.62  4.51  4.80  4.23  4.45  4.74  3.85  3.60  2.63  2.24     3.67  2.54  4.31  4.47  3.36
 30   20     2.54  3.24  3.72  4.53  4.71  4.12  4.35  4.70  3.90  3.79  2.84  2.46     3.74  2.75  4.32  4.39  3.51
 30   30     2.69  3.36  3.74  4.45  4.55  3.95  4.17  4.58  3.88  3.90  2.99  2.62     3.74  2.89  4.25  4.23  3.59
 30   40     2.78  3.40  3.70  4.29  4.29  3.71  3.92  4.36  3.78  3.93  3.07  2.73     3.66  2.97  4.09  4.00  3.59
 30   50     2.80  3.37  3.57  4.05  3.97  3.42  3.62  4.08  3.61  3.86  3.08  2.77     3.52  2.98  3.86  3.70  3.52
 30   60     2.77  3.26  3.37  3.73  3.58  3.08  3.26  3.71  3.37  3.72  3.02  2.75     3.30  2.92  3.56  3.35  3.37
 30   70     2.67  3.08  3.11  3.36  3.16  2.71  2.87  3.31  3.07  3.49  2.90  2.66     3.03  2.80  3.21  2.96  3.15
 30   80     2.51  2.84  2.79  2.93  2.71  2.34  2.47  2.86  2.73  3.19  2.71  2.51     2.71  2.62  2.81  2.56  2.87
 30   90     2.30  2.54  2.43  2.50  2.26  1.97  2.07  2.40  2.34  2.82  2.46  2.31     2.37  2.38  2.40  2.15  2.54
 45   10     2.29  3.00  3.58  4.49  4.80  4.22  4.45  4.72  3.82  3.55  2.57  2.19     3.64  2.49  4.29  4.46  3.31
 45   20     2.45  3.15  3.65  4.49  4.71  4.12  4.35  4.68  3.85  3.69  2.73  2.35     3.68  2.65  4.28  4.38  3.42
 45   30     2.56  3.22  3.65  4.40  4.54  3.95  4.17  4.55  3.80  3.77  2.84  2.47     3.66  2.75  4.20  4.22  3.47
 45   40     2.61  3.23  3.57  4.24  4.30  3.73  3.94  4.34  3.69  3.76  2.88  2.54     3.57  2.79  4.04  4.00  3.45
 45   50     2.61  3.17  3.44  4.00  3.99  3.45  3.65  4.07  3.51  3.68  2.86  2.54     3.41  2.77  3.81  3.72  3.35
 45   60     2.55  3.05  3.24  3.71  3.64  3.13  3.31  3.73  3.28  3.52  2.78  2.49     3.20  2.70  3.53  3.39  3.19
 45   70     2.44  2.87  2.97  3.36  3.25  2.80  2.96  3.36  2.99  3.29  2.64  2.39     2.94  2.56  3.19  3.04  2.98
 45   80     2.27  2.63  2.68  2.98  2.83  2.44  2.58  2.94  2.67  3.00  2.45  2.24     2.64  2.38  2.83  2.65  2.71
 45   90     2.06  2.35  2.35  2.58  2.43  2.10  2.21  2.53  2.32  2.67  2.21  2.04     2.32  2.15  2.45  2.28  2.40
 60   10     2.23  2.94  3.53  4.46  4.79  4.22  4.44  4.70  3.78  3.48  2.50  2.12     3.60  2.43  4.26  4.45  3.25
 60   20     2.33  3.02  3.56  4.43  4.69  4.12  4.34  4.64  3.77  3.56  2.60  2.22     3.61  2.52  4.23  4.37  3.31
 60   30     2.39  3.05  3.52  4.33  4.52  3.95  4.17  4.50  3.71  3.59  2.65  2.28     3.56  2.57  4.12  4.21  3.32
 60   40     2.40  3.02  3.42  4.16  4.29  3.73  3.94  4.29  3.57  3.54  2.65  2.31     3.44  2.58  3.96  3.99  3.25
 60   50     2.37  2.93  3.27  3.94  4.01  3.47  3.67  4.03  3.39  3.44  2.60  2.28     3.28  2.53  3.74  3.73  3.15
 60   60     2.29  2.80  3.06  3.65  3.67  3.17  3.36  3.72  3.15  3.27  2.50  2.20     3.07  2.43  3.46  3.42  2.97
 60   70     2.17  2.62  2.82  3.33  3.31  2.85  3.01  3.36  2.89  3.05  2.35  2.09     2.82  2.29  3.15  3.08  2.76
 60   80     2.01  2.39  2.54  2.98  2.93  2.53  2.67  3.00  2.59  2.79  2.17  1.94     2.54  2.11  2.82  2.73  2.51
 60   90     1.82  2.14  2.25  2.60  2.55  2.20  2.32  2.61  2.28  2.48  1.94  1.75     2.25  1.90  2.47  2.38  2.23
 75   10     2.15  2.87  3.47  4.42  4.77  4.22  4.43  4.67  3.73  3.40  2.42  2.04     3.55  2.35  4.22  4.44  3.18
 75   20     2.19  2.88  3.44  4.36  4.67  4.11  4.33  4.59  3.68  3.42  2.45  2.07     3.52  2.38  4.16  4.34  3.18
 75   30     2.20  2.85  3.36  4.24  4.50  3.95  4.16  4.44  3.58  3.38  2.44  2.08     3.43  2.38  4.03  4.18  3.13
 75   40     2.16  2.77  3.24  4.06  4.26  3.73  3.93  4.22  3.43  3.30  2.39  2.05     3.29  2.33  3.85  3.96  3.04
 75   50     2.10  2.67  3.07  3.82  3.98  3.48  3.66  3.96  3.23  3.15  2.30  1.99     3.12  2.25  3.62  3.70  2.90
 75   60     2.00  2.51  2.86  3.55  3.67  3.19  3.36  3.66  3.01  2.99  2.19  1.90     2.91  2.14  3.36  3.41  2.73
 75   70     1.88  2.34  2.63  3.24  3.32  2.88  3.04  3.33  2.75  2.77  2.04  1.77     2.67  2.00  3.07  3.09  2.52
 75   80     1.73  2.13  2.37  2.92  2.97  2.57  2.70  2.98  2.47  2.53  1.87  1.64     2.40  1.83  2.75  2.75  2.29
 75   90     1.56  1.91  2.11  2.59  2.61  2.26  2.38  2.63  2.19  2.26  1.68  1.47     2.14  1.65  2.44  2.42  2.04
 90   10     2.08  2.78  3.41  4.38  4.76  4.21  4.42  4.64  3.68  3.31  2.33  1.95     3.50  2.27  4.18  4.43  3.11
 90   20     2.05  2.72  3.32  4.27  4.63  4.11  4.31  4.52  3.59  3.25  2.28  1.92     3.41  2.23  4.08  4.31  3.04
 90   30     1.99  2.63  3.20  4.12  4.45  3.93  4.13  4.35  3.44  3.15  2.21  1.86     3.29  2.16  3.92  4.14  2.93
 90   40     1.92  2.52  3.03  3.92  4.21  3.71  3.90  4.12  3.27  3.01  2.12  1.79     3.13  2.08  3.72  3.91  2.80
 90   50     1.83  2.38  2.85  3.67  3.92  3.46  3.63  3.85  3.06  2.86  2.00  1.69     2.93  1.96  3.48  3.65  2.64
 90   60     1.72  2.22  2.64  3.39  3.61  3.18  3.33  3.55  2.81  2.66  1.87  1.59     2.71  1.85  3.21  3.35  2.45
 90   70     1.59  2.04  2.40  3.11  3.28  2.88  3.02  3.24  2.58  2.47  1.73  1.47     2.48  1.70  2.93  3.05  2.26
 90   80     1.46  1.86  2.17  2.80  2.94  2.57  2.70  2.90  2.31  2.24  1.57  1.35     2.24  1.56  2.64  2.73  2.04
 90   90     1.31  1.66  1.92  2.49  2.60  2.27  2.38  2.57  2.05  2.02  1.41  1.21     1.99  1.39  2.34  2.40  1.83
105   10     2.00  2.70  3.34  4.33  4.74  4.21  4.42  4.61  3.63  3.22  2.25  1.87     3.44  2.19  4.14  4.41  3.03
105   20     1.90  2.57  3.20  4.18  4.60  4.09  4.29  4.46  3.48  3.08  2.12  1.76     3.31  2.07  3.99  4.28  2.89
105   30     1.78  2.41  3.02  3.99  4.39  3.91  4.09  4.25  3.29  2.91  1.98  1.64     3.14  1.95  3.80  4.09  2.73
105   40     1.67  2.25  2.82  3.75  4.12  3.68  3.85  3.99  3.08  2.72  1.84  1.52     2.94  1.81  3.56  3.84  2.55
105   50     1.55  2.09  2.60  3.48  3.82  3.42  3.56  3.70  2.85  2.52  1.71  1.42     2.73  1.69  3.30  3.56  2.36
105   60     1.44  1.92  2.38  3.20  3.50  3.13  3.26  3.39  2.61  2.34  1.56  1.31     2.50  1.56  3.03  3.26  2.17
105   70     1.32  1.75  2.17  2.90  3.18  2.83  2.95  3.07  2.36  2.13  1.44  1.20     2.28  1.42  2.75  2.95  1.98
105   80     1.21  1.59  1.94  2.63  2.85  2.53  2.64  2.77  2.13  1.94  1.29  1.09     2.05  1.30  2.47  2.65  1.78
105   90     1.09  1.42  1.74  2.34  2.52  2.23  2.33  2.46  1.89  1.74  1.17  0.98     1.83  1.16  2.20  2.34  1.60
120   10     1.92  2.62  3.28  4.29  4.72  4.21  4.41  4.58  3.58  3.13  2.16  1.79     3.39  2.11  4.10  4.40  2.96
120   20     1.75  2.42  3.08  4.10  4.56  4.08  4.27  4.39  3.38  2.91  1.96  1.61     3.21  1.92  3.91  4.25  2.75
120   30     1.58  2.20  2.84  3.85  4.32  3.89  4.05  4.14  3.15  2.66  1.76  1.44     2.99  1.74  3.67  4.03  2.52
120   40     1.43  1.99  2.60  3.56  4.02  3.64  3.78  3.84  2.89  2.42  1.58  1.29     2.75  1.57  3.40  3.76  2.30
120   50     1.31  1.80  2.36  3.26  3.69  3.36  3.48  3.52  2.63  2.20  1.42  1.16     2.52  1.42  3.10  3.45  2.08
120   60     1.20  1.63  2.13  2.96  3.35  3.05  3.16  3.19  2.38  1.99  1.29  1.06     2.28  1.29  2.81  3.13  1.89
120   70     1.09  1.48  1.91  2.67  3.01  2.75  2.84  2.86  2.14  1.80  1.17  0.96     2.06  1.18  2.53  2.82  1.71
120   80     1.00  1.34  1.72  2.39  2.69  2.45  2.53  2.56  1.92  1.64  1.06  0.88     1.85  1.07  2.27  2.51  1.54
120   90     0.91  1.21  1.54  2.14  2.38  2.16  2.24  2.28  1.70  1.47  0.96  0.80     1.65  0.97  2.02  2.23  1.38
135   10     1.85  2.56  3.23  4.25  4.71  4.20  4.40  4.55  3.54  3.06  2.09  1.72     3.35  2.04  4.06  4.39  2.90
135   20     1.62  2.28  2.97  4.02  4.52  4.07  4.25  4.33  3.30  2.75  1.82  1.47     3.12  1.79  3.84  4.22  2.62
135   30     1.40  2.00  2.68  3.72  4.26  3.87  4.02  4.04  3.01  2.43  1.56  1.25     2.85  1.55  3.55  3.98  2.34
135   40     1.22  1.75  2.38  3.38  3.92  3.60  3.72  3.69  2.71  2.13  1.34  1.08     2.58  1.35  3.23  3.67  2.06
135   50     1.09  1.54  2.11  3.02  3.54  3.28  3.38  3.31  2.41  1.87  1.18  0.95     2.31  1.20  2.89  3.33  1.82
135   60     1.00  1.37  1.87  2.69  3.16  2.95  3.03  2.95  2.13  1.66  1.06  0.87     2.06  1.08  2.58  2.98  1.62
135   70     0.92  1.25  1.67  2.40  2.80  2.62  2.69  2.61  1.90  1.50  0.97  0.80     1.84  0.99  2.29  2.64  1.46
135   80     0.85  1.13  1.50  2.14  2.48  2.32  2.37  2.32  1.70  1.37  0.89  0.74     1.65  0.91  2.04  2.34  1.32
135   90     0.78  1.04  1.34  1.91  2.19  2.05  2.09  2.06  1.52  1.24  0.82  0.69     1.48  0.83  1.81  2.06  1.19
150   10     1.80  2.50  3.19  4.22  4.70  4.20  4.40  4.53  3.51  3.00  2.04  1.67     3.31  1.99  4.04  4.38  2.85
150   20     1.51  2.16  2.89  3.95  4.50  4.07  4.24  4.29  3.23  2.63  1.70  1.36     3.04  1.68  3.78  4.20  2.52
150   30     1.24  1.82  2.54  3.61  4.21  3.86  4.00  3.96  2.90  2.23  1.39  1.09     2.74  1.39  3.45  3.94  2.17
150   40     1.04  1.52  2.19  3.21  3.84  3.58  3.69  3.56  2.54  1.86  1.14  0.90     2.42  1.16  3.08  3.61  1.85
150   50     0.94  1.30  1.87  2.79  3.41  3.24  3.31  3.12  2.19  1.57  0.98  0.82     2.13  1.02  2.69  3.22  1.58
150   60     0.88  1.16  1.62  2.41  2.96  2.85  2.89  2.69  1.90  1.38  0.91  0.78     1.87  0.94  2.33  2.81  1.39
150   70     0.83  1.07  1.45  2.09  2.56  2.48  2.51  2.33  1.67  1.25  0.85  0.73     1.65  0.88  2.03  2.44  1.26
150   80     0.77  1.00  1.32  1.86  2.23  2.16  2.18  2.04  1.50  1.16  0.80  0.69     1.48  0.82  1.80  2.13  1.15
150   90     0.72  0.93  1.20  1.67  1.97  1.90  1.92  1.82  1.36  1.07  0.75  0.65     1.33  0.77  1.62  1.88  1.06
165   10     1.77  2.46  3.17  4.20  4.70  4.20  4.40  4.52  3.49  2.96  2.00  1.63     3.29  1.96  4.02  4.38  2.81
165   20     1.44  2.09  2.83  3.91  4.50  4.07  4.24  4.26  3.19  2.54  1.62  1.28     3.00  1.60  3.75  4.19  2.45
165   30     1.12  1.69  2.45  3.54  4.20  3.86  4.00  3.92  2.83  2.08  1.25  0.97     2.66  1.26  3.40  3.93  2.06
165   40     0.95  1.33  2.04  3.11  3.83  3.58  3.69  3.50  2.43  1.64  0.97  0.84     2.33  1.04  2.99  3.59  1.68
165   50     0.91  1.13  1.66  2.62  3.38  3.24  3.30  3.02  2.01  1.30  0.92  0.81     2.02  0.95  2.55  3.19  1.41
165   60     0.87  1.07  1.41  2.13  2.87  2.84  2.87  2.48  1.67  1.17  0.88  0.78     1.75  0.91  2.14  2.73  1.24
165   70     0.82  1.02  1.29  1.80  2.33  2.41  2.39  2.03  1.47  1.11  0.84  0.73     1.52  0.86  1.81  2.27  1.14
165   80     0.77  0.96  1.20  1.62  1.98  2.01  2.00  1.77  1.35  1.05  0.79  0.69     1.35  0.81  1.60  1.93  1.07
165   90     0.72  0.90  1.12  1.48  1.76  1.77  1.76  1.60  1.25  1.00  0.75  0.65     1.23  0.76  1.46  1.71  1.00
180   10     1.76  2.45  3.16  4.20  4.70  4.21  4.41  4.52  3.48  2.94  1.99  1.62     3.29  1.94  4.02  4.38  2.81
180   20     1.41  2.06  2.82  3.90  4.50  4.07  4.25  4.25  3.18  2.50  1.59  1.25     2.98  1.57  3.74  4.19  2.42
180   30     1.08  1.64  2.42  3.52  4.21  3.86  4.01  3.91  2.81  2.02  1.20  0.93     2.63  1.22  3.38  3.93  2.01
180   40     0.95  1.24  1.99  3.08  3.83  3.58  3.70  3.48  2.40  1.53  0.96  0.84     2.30  1.01  2.96  3.59  1.63
180   50     0.91  1.12  1.52  2.58  3.39  3.24  3.32  2.99  1.95  1.20  0.92  0.81     2.00  0.95  2.50  3.19  1.36
180   60     0.87  1.07  1.32  2.05  2.88  2.85  2.88  2.46  1.49  1.15  0.88  0.78     1.72  0.91  2.08  2.73  1.18
180   70     0.82  1.02  1.25  1.61  2.34  2.42  2.40  1.89  1.38  1.10  0.84  0.73     1.48  0.86  1.73  2.24  1.11
180   80     0.77  0.96  1.18  1.48  1.88  1.96  1.94  1.63  1.30  1.05  0.79  0.69     1.30  0.81  1.52  1.84  1.05
180   90     0.72  0.90  1.11  1.38  1.69  1.72  1.71  1.50  1.22  0.99  0.75  0.65     1.19  0.76  1.39  1.64  0.98
             53.1  44.5  31.4  17.2   5.2   1.3   2.6  11.7  24.4  40.9  50.9  55.8     26.8  50.8  17.4   5.6  38.5
             2.99  3.57  3.84  4.55  4.82  4.26  4.48  4.75  3.97  4.09  3.29  3.00     3.97  3.18  4.35  4.49  3.73
             2.76  3.44  3.83  4.51  4.60  4.00  4.23  4.64  3.96  4.00  3.07  2.71     3.81  2.97  4.31  4.29  3.68
             1.08  1.04  1.00  1.01  1.05  1.06  1.06  1.02  1.00  1.02  1.07  1.11     1.04  1.08  1.02  1.05  1.03
             1.32  1.22  1.10  1.02  0.96  0.94  0.94  0.99  1.06  1.20  1.30  1.37     1.12  1.30  1.03  0.96  1.19
temperature   5.9   6.6   9.4  13.6  17.4  20.7  24.7  26.0  22.9  18.4  13.5   8.5     15.6   7.0  13.5  23.8  18.3
diffusedrad  1.21  1.53  1.90  2.27  2.53  2.62  2.58  2.40  2.07  1.69  1.27  1.10     1.93  1.28  2.23  2.53  1.67
snow10cm     0.00  0.00  0.00  0.00  0.00  0.00  0.00  0.00  0.00  0.00  0.00  0.00     0.00  0.00  0.00  0.00  0.00
