2 85166   白石            33 10.9  130    8    4
             2.15  2.87  3.51  4.42  4.83  4.30  4.69  4.94  4.01  3.58  2.54  2.11     3.66  2.37  4.25  4.64  3.38
             2.61  3.54  4.16  5.17  5.62  5.40  6.11  6.19  4.77  4.23  3.16  2.54     3.99  2.73  4.75  5.71  3.70
             1.71  2.21  2.61  3.66  4.00  3.45  3.78  3.86  3.45  2.99  2.09  1.56     3.31  1.96  3.74  3.93  2.96
  0   10     2.45  3.16  3.69  4.53  4.82  4.26  4.64  5.00  4.18  3.93  2.88  2.44     3.83  2.68  4.34  4.63  3.66
  0   20     2.70  3.39  3.81  4.54  4.72  4.14  4.53  4.96  4.27  4.19  3.17  2.73     3.93  2.94  4.36  4.54  3.88
  0   30     2.89  3.54  3.86  4.46  4.54  3.96  4.32  4.81  4.26  4.36  3.38  2.95     3.94  3.13  4.29  4.36  4.00
  0   40     3.01  3.61  3.83  4.29  4.26  3.70  4.04  4.57  4.17  4.42  3.52  3.11     3.88  3.24  4.13  4.10  4.04
  0   50     3.06  3.60  3.71  4.03  3.90  3.38  3.69  4.24  3.98  4.38  3.57  3.19     3.73  3.29  3.88  3.77  3.98
  0   60     3.05  3.51  3.52  3.69  3.48  3.01  3.27  3.82  3.72  4.24  3.54  3.19     3.50  3.25  3.56  3.37  3.83
  0   70     2.96  3.34  3.25  3.28  3.00  2.60  2.81  3.33  3.37  4.00  3.42  3.12     3.21  3.14  3.18  2.92  3.60
  0   80     2.81  3.10  2.91  2.81  2.49  2.18  2.33  2.79  2.96  3.67  3.22  2.98     2.85  2.96  2.74  2.43  3.28
  0   90     2.59  2.79  2.52  2.30  1.97  1.76  1.85  2.22  2.50  3.25  2.95  2.76     2.46  2.71  2.27  1.95  2.90
 15   10     2.44  3.15  3.68  4.52  4.82  4.26  4.64  4.99  4.17  3.92  2.87  2.43     3.82  2.67  4.34  4.63  3.65
 15   20     2.68  3.37  3.80  4.54  4.73  4.15  4.53  4.95  4.25  4.16  3.14  2.70     3.92  2.91  4.35  4.54  3.85
 15   30     2.86  3.51  3.84  4.46  4.54  3.96  4.33  4.82  4.24  4.32  3.34  2.91     3.93  3.09  4.28  4.37  3.97
 15   40     2.97  3.57  3.80  4.29  4.27  3.71  4.05  4.58  4.14  4.37  3.47  3.05     3.86  3.20  4.12  4.11  3.99
 15   50     3.02  3.55  3.67  4.04  3.92  3.39  3.70  4.24  3.96  4.32  3.51  3.13     3.70  3.23  3.88  3.78  3.93
 15   60     2.99  3.45  3.47  3.70  3.51  3.03  3.30  3.84  3.69  4.17  3.47  3.12     3.48  3.19  3.56  3.39  3.77
 15   70     2.90  3.28  3.20  3.31  3.04  2.64  2.85  3.37  3.35  3.92  3.35  3.04     3.19  3.08  3.18  2.95  3.54
 15   80     2.74  3.03  2.87  2.85  2.55  2.23  2.39  2.85  2.95  3.59  3.14  2.89     2.84  2.89  2.76  2.49  3.23
 15   90     2.53  2.72  2.49  2.37  2.06  1.82  1.93  2.31  2.50  3.18  2.87  2.68     2.46  2.64  2.31  2.02  2.85
 30   10     2.41  3.12  3.65  4.51  4.82  4.26  4.64  4.98  4.14  3.88  2.83  2.39     3.80  2.64  4.33  4.63  3.62
 30   20     2.62  3.30  3.75  4.52  4.72  4.15  4.53  4.94  4.21  4.09  3.06  2.62     3.88  2.85  4.33  4.54  3.79
 30   30     2.77  3.41  3.77  4.44  4.55  3.97  4.34  4.81  4.19  4.22  3.23  2.80     3.87  2.99  4.25  4.37  3.88
 30   40     2.85  3.45  3.72  4.27  4.29  3.73  4.08  4.58  4.08  4.25  3.33  2.91     3.79  3.07  4.09  4.13  3.88
 30   50     2.88  3.42  3.59  4.03  3.96  3.43  3.75  4.27  3.89  4.18  3.34  2.96     3.64  3.08  3.86  3.82  3.80
 30   60     2.84  3.31  3.38  3.71  3.57  3.09  3.37  3.88  3.63  4.02  3.28  2.93     3.42  3.02  3.55  3.45  3.64
 30   70     2.73  3.12  3.11  3.34  3.15  2.72  2.95  3.45  3.30  3.77  3.14  2.84     3.13  2.90  3.20  3.04  3.40
 30   80     2.57  2.87  2.80  2.91  2.70  2.34  2.53  2.97  2.93  3.44  2.93  2.68     2.81  2.70  2.80  2.61  3.10
 30   90     2.35  2.57  2.43  2.48  2.25  1.97  2.11  2.48  2.51  3.05  2.66  2.46     2.44  2.46  2.38  2.19  2.74
 45   10     2.36  3.06  3.61  4.49  4.81  4.26  4.64  4.96  4.11  3.82  2.77  2.33     3.77  2.58  4.30  4.62  3.56
 45   20     2.52  3.21  3.68  4.48  4.72  4.15  4.53  4.92  4.14  3.99  2.94  2.51     3.82  2.75  4.29  4.53  3.69
 45   30     2.63  3.28  3.68  4.39  4.54  3.98  4.34  4.78  4.10  4.07  3.07  2.64     3.79  2.85  4.21  4.37  3.74
 45   40     2.68  3.28  3.60  4.23  4.31  3.75  4.10  4.56  3.98  4.07  3.12  2.71     3.70  2.89  4.05  4.14  3.72
 45   50     2.67  3.22  3.46  3.99  3.99  3.46  3.79  4.27  3.79  3.98  3.10  2.71     3.54  2.87  3.81  3.84  3.62
 45   60     2.62  3.10  3.25  3.70  3.64  3.15  3.44  3.91  3.54  3.80  3.01  2.66     3.32  2.79  3.53  3.50  3.45
 45   70     2.50  2.90  2.99  3.34  3.25  2.80  3.06  3.51  3.22  3.57  2.86  2.55     3.05  2.65  3.19  3.13  3.22
 45   80     2.33  2.66  2.69  2.96  2.83  2.45  2.66  3.07  2.88  3.25  2.65  2.39     2.73  2.46  2.83  2.73  2.93
 45   90     2.11  2.38  2.35  2.56  2.42  2.10  2.27  2.64  2.49  2.89  2.39  2.17     2.40  2.22  2.45  2.34  2.59
 60   10     2.29  3.00  3.56  4.46  4.80  4.25  4.63  4.94  4.06  3.75  2.69  2.25     3.73  2.52  4.27  4.61  3.50
 60   20     2.40  3.08  3.59  4.43  4.71  4.15  4.53  4.88  4.06  3.84  2.80  2.37     3.74  2.62  4.24  4.52  3.57
 60   30     2.46  3.10  3.55  4.33  4.54  3.98  4.35  4.74  3.99  3.88  2.86  2.44     3.68  2.67  4.14  4.36  3.58
 60   40     2.47  3.07  3.45  4.15  4.30  3.76  4.10  4.51  3.85  3.83  2.86  2.46     3.57  2.67  3.97  4.12  3.51
 60   50     2.43  2.98  3.29  3.93  4.01  3.50  3.82  4.24  3.66  3.72  2.81  2.43     3.40  2.61  3.74  3.85  3.40
 60   60     2.35  2.84  3.08  3.64  3.67  3.19  3.49  3.91  3.40  3.54  2.70  2.35     3.18  2.51  3.47  3.53  3.21
 60   70     2.23  2.65  2.84  3.32  3.31  2.87  3.13  3.53  3.12  3.30  2.54  2.23     2.92  2.37  3.16  3.17  2.98
 60   80     2.06  2.42  2.56  2.97  2.93  2.54  2.77  3.14  2.79  3.02  2.34  2.07     2.63  2.18  2.82  2.82  2.72
 60   90     1.86  2.17  2.25  2.60  2.55  2.21  2.41  2.74  2.45  2.69  2.10  1.87     2.32  1.97  2.47  2.45  2.42
 75   10     2.22  2.92  3.50  4.42  4.79  4.25  4.63  4.92  4.01  3.66  2.60  2.17     3.67  2.44  4.24  4.60  3.42
 75   20     2.26  2.93  3.48  4.36  4.68  4.15  4.51  4.83  3.96  3.68  2.63  2.21     3.64  2.47  4.17  4.50  3.42
 75   30     2.26  2.91  3.39  4.24  4.51  3.98  4.34  4.67  3.85  3.64  2.62  2.22     3.55  2.46  4.05  4.33  3.37
 75   40     2.23  2.82  3.27  4.06  4.27  3.76  4.10  4.45  3.69  3.56  2.58  2.18     3.41  2.41  3.87  4.10  3.28
 75   50     2.16  2.72  3.10  3.81  3.99  3.50  3.82  4.16  3.48  3.41  2.48  2.12     3.23  2.33  3.63  3.83  3.12
 75   60     2.06  2.56  2.88  3.55  3.68  3.21  3.51  3.86  3.24  3.23  2.36  2.02     3.01  2.21  3.37  3.52  2.94
 75   70     1.93  2.38  2.65  3.24  3.33  2.90  3.17  3.50  2.96  2.99  2.20  1.89     2.76  2.07  3.07  3.19  2.71
 75   80     1.78  2.16  2.39  2.91  2.97  2.58  2.81  3.13  2.66  2.74  2.02  1.75     2.49  1.90  2.76  2.84  2.47
 75   90     1.60  1.94  2.12  2.58  2.62  2.27  2.48  2.77  2.35  2.45  1.81  1.57     2.21  1.70  2.44  2.51  2.20
 90   10     2.14  2.84  3.44  4.38  4.77  4.25  4.62  4.88  3.95  3.56  2.50  2.08     3.62  2.36  4.20  4.59  3.34
 90   20     2.11  2.78  3.36  4.28  4.65  4.14  4.50  4.76  3.85  3.50  2.45  2.04     3.54  2.31  4.10  4.47  3.27
 90   30     2.05  2.69  3.23  4.13  4.47  3.97  4.31  4.58  3.70  3.39  2.38  1.98     3.40  2.24  3.94  4.29  3.15
 90   40     1.98  2.57  3.06  3.92  4.22  3.74  4.07  4.34  3.51  3.25  2.27  1.90     3.24  2.15  3.74  4.05  3.01
 90   50     1.88  2.42  2.88  3.68  3.94  3.48  3.78  4.05  3.29  3.08  2.15  1.80     3.04  2.03  3.50  3.77  2.84
 90   60     1.77  2.27  2.66  3.40  3.63  3.20  3.48  3.74  3.03  2.87  2.01  1.70     2.81  1.91  3.23  3.47  2.64
 90   70     1.64  2.08  2.43  3.11  3.29  2.90  3.15  3.41  2.77  2.66  1.86  1.56     2.57  1.76  2.94  3.15  2.43
 90   80     1.50  1.89  2.19  2.80  2.94  2.59  2.82  3.06  2.48  2.42  1.69  1.43     2.32  1.61  2.65  2.82  2.20
 90   90     1.35  1.69  1.94  2.49  2.61  2.29  2.48  2.71  2.21  2.18  1.52  1.29     2.06  1.44  2.35  2.49  1.97
105   10     2.06  2.76  3.38  4.34  4.76  4.25  4.62  4.85  3.90  3.46  2.41  1.99     3.56  2.27  4.16  4.57  3.25
105   20     1.96  2.62  3.23  4.19  4.62  4.13  4.48  4.69  3.74  3.31  2.27  1.87     3.43  2.15  4.02  4.43  3.10
105   30     1.84  2.46  3.06  4.00  4.41  3.95  4.28  4.47  3.53  3.12  2.12  1.75     3.25  2.02  3.82  4.23  2.92
105   40     1.72  2.30  2.85  3.76  4.14  3.71  4.02  4.20  3.30  2.92  1.97  1.62     3.04  1.88  3.59  3.98  2.73
105   50     1.60  2.13  2.63  3.50  3.84  3.45  3.72  3.90  3.06  2.71  1.82  1.50     2.82  1.75  3.32  3.69  2.53
105   60     1.49  1.96  2.41  3.21  3.52  3.16  3.41  3.57  2.80  2.51  1.67  1.38     2.59  1.61  3.05  3.38  2.33
105   70     1.36  1.79  2.19  2.92  3.19  2.86  3.09  3.24  2.52  2.29  1.53  1.27     2.35  1.47  2.77  3.06  2.12
105   80     1.25  1.62  1.96  2.63  2.86  2.55  2.76  2.91  2.27  2.08  1.38  1.15     2.12  1.34  2.48  2.74  1.91
105   90     1.12  1.45  1.76  2.34  2.53  2.25  2.44  2.59  2.02  1.88  1.25  1.04     1.89  1.20  2.21  2.42  1.72
120   10     1.98  2.68  3.32  4.29  4.75  4.24  4.61  4.82  3.84  3.36  2.32  1.91     3.51  2.19  4.12  4.56  3.17
120   20     1.81  2.47  3.12  4.11  4.58  4.12  4.46  4.63  3.62  3.12  2.09  1.71     3.32  2.00  3.94  4.40  2.94
120   30     1.64  2.25  2.88  3.86  4.34  3.93  4.24  4.36  3.36  2.85  1.88  1.52     3.09  1.80  3.69  4.17  2.70
120   40     1.48  2.04  2.63  3.58  4.05  3.68  3.96  4.04  3.09  2.59  1.68  1.36     2.85  1.63  3.42  3.89  2.45
120   50     1.35  1.84  2.39  3.28  3.72  3.39  3.64  3.70  2.80  2.35  1.50  1.23     2.60  1.47  3.13  3.58  2.22
120   60     1.23  1.67  2.15  2.98  3.37  3.08  3.30  3.35  2.53  2.12  1.37  1.11     2.36  1.34  2.84  3.24  2.01
120   70     1.12  1.51  1.93  2.68  3.04  2.77  2.96  3.01  2.27  1.92  1.24  1.01     2.12  1.22  2.55  2.91  1.81
120   80     1.03  1.36  1.74  2.40  2.71  2.47  2.64  2.69  2.03  1.75  1.12  0.92     1.91  1.11  2.28  2.60  1.63
120   90     0.93  1.23  1.55  2.15  2.40  2.18  2.33  2.39  1.81  1.57  1.02  0.84     1.70  1.00  2.03  2.30  1.46
135   10     1.92  2.61  3.27  4.26  4.73  4.24  4.60  4.79  3.79  3.28  2.24  1.83     3.46  2.12  4.09  4.54  3.10
135   20     1.67  2.33  3.01  4.03  4.55  4.11  4.44  4.56  3.52  2.95  1.94  1.56     3.22  1.86  3.86  4.37  2.80
135   30     1.45  2.05  2.72  3.73  4.28  3.90  4.20  4.25  3.21  2.60  1.65  1.32     2.95  1.60  3.58  4.12  2.49
135   40     1.26  1.79  2.42  3.40  3.95  3.64  3.89  3.87  2.88  2.27  1.42  1.13     2.66  1.39  3.25  3.80  2.19
135   50     1.13  1.57  2.14  3.04  3.57  3.32  3.53  3.47  2.54  1.98  1.23  1.00     2.38  1.23  2.92  3.44  1.92
135   60     1.02  1.41  1.90  2.71  3.19  2.98  3.16  3.09  2.25  1.76  1.10  0.91     2.12  1.11  2.60  3.08  1.70
135   70     0.94  1.27  1.69  2.41  2.83  2.65  2.80  2.73  1.99  1.58  1.01  0.83     1.90  1.01  2.31  2.73  1.53
135   80     0.87  1.15  1.52  2.15  2.50  2.35  2.47  2.42  1.78  1.44  0.92  0.77     1.70  0.93  2.06  2.41  1.38
135   90     0.80  1.06  1.36  1.92  2.21  2.07  2.17  2.15  1.60  1.31  0.85  0.71     1.52  0.86  1.83  2.13  1.25
150   10     1.86  2.56  3.23  4.23  4.72  4.24  4.60  4.77  3.75  3.21  2.18  1.77     3.43  2.06  4.06  4.54  3.05
150   20     1.56  2.22  2.92  3.96  4.53  4.11  4.44  4.51  3.45  2.80  1.81  1.44     3.15  1.74  3.81  4.35  2.69
150   30     1.28  1.87  2.58  3.63  4.24  3.90  4.18  4.16  3.08  2.37  1.46  1.15     2.83  1.43  3.48  4.08  2.30
150   40     1.07  1.56  2.22  3.23  3.87  3.62  3.85  3.74  2.69  1.97  1.18  0.94     2.50  1.19  3.11  3.73  1.94
150   50     0.96  1.34  1.90  2.81  3.44  3.27  3.45  3.27  2.30  1.64  1.01  0.85     2.19  1.05  2.72  3.33  1.65
150   60     0.90  1.19  1.65  2.43  2.99  2.89  3.01  2.81  1.97  1.43  0.93  0.80     1.92  0.96  2.36  2.90  1.44
150   70     0.84  1.10  1.47  2.11  2.58  2.51  2.60  2.42  1.73  1.29  0.87  0.76     1.69  0.90  2.05  2.51  1.30
150   80     0.79  1.02  1.33  1.87  2.25  2.19  2.25  2.12  1.54  1.20  0.82  0.72     1.51  0.84  1.82  2.19  1.19
150   90     0.74  0.95  1.21  1.68  1.98  1.92  1.98  1.88  1.40  1.11  0.77  0.67     1.36  0.79  1.63  1.93  1.10
165   10     1.83  2.52  3.21  4.21  4.72  4.24  4.60  4.76  3.74  3.17  2.13  1.73     3.41  2.03  4.05  4.53  3.01
165   20     1.49  2.14  2.87  3.93  4.52  4.11  4.44  4.49  3.40  2.70  1.72  1.36     3.10  1.66  3.77  4.34  2.61
165   30     1.16  1.74  2.49  3.56  4.23  3.90  4.19  4.12  3.00  2.21  1.31  1.02     2.74  1.31  3.43  4.07  2.17
165   40     0.97  1.37  2.08  3.13  3.86  3.62  3.86  3.67  2.55  1.71  1.00  0.87     2.39  1.07  3.02  3.71  1.75
165   50     0.93  1.15  1.69  2.65  3.41  3.28  3.45  3.15  2.09  1.34  0.93  0.83     2.08  0.97  2.58  3.29  1.45
165   60     0.89  1.09  1.43  2.16  2.91  2.88  2.99  2.58  1.70  1.19  0.90  0.80     1.79  0.93  2.17  2.82  1.26
165   70     0.84  1.04  1.30  1.82  2.36  2.44  2.48  2.09  1.49  1.12  0.85  0.76     1.55  0.88  1.83  2.34  1.16
165   80     0.79  0.98  1.21  1.63  2.00  2.03  2.05  1.81  1.36  1.07  0.81  0.72     1.37  0.83  1.61  1.97  1.08
165   90     0.73  0.92  1.14  1.49  1.77  1.78  1.80  1.64  1.27  1.02  0.77  0.67     1.25  0.78  1.46  1.74  1.02
180   10     1.81  2.51  3.20  4.21  4.72  4.24  4.61  4.75  3.73  3.15  2.12  1.72     3.40  2.01  4.04  4.53  3.00
180   20     1.46  2.11  2.86  3.91  4.53  4.11  4.45  4.47  3.39  2.67  1.69  1.33     3.08  1.63  3.77  4.34  2.58
180   30     1.12  1.69  2.46  3.54  4.24  3.90  4.20  4.10  2.98  2.14  1.25  0.97     2.72  1.26  3.41  4.07  2.12
180   40     0.97  1.28  2.02  3.10  3.87  3.63  3.87  3.65  2.52  1.59  0.96  0.87     2.36  1.04  3.00  3.71  1.69
180   50     0.93  1.14  1.56  2.61  3.42  3.28  3.47  3.13  2.02  1.20  0.93  0.83     2.04  0.97  2.53  3.29  1.39
180   60     0.89  1.09  1.33  2.08  2.92  2.89  3.01  2.56  1.50  1.16  0.90  0.80     1.76  0.93  2.11  2.82  1.18
180   70     0.84  1.04  1.27  1.62  2.37  2.45  2.50  1.95  1.37  1.11  0.85  0.76     1.51  0.88  1.75  2.30  1.11
180   80     0.79  0.98  1.20  1.49  1.90  1.99  1.99  1.65  1.29  1.06  0.81  0.72     1.32  0.83  1.53  1.88  1.06
180   90     0.73  0.92  1.12  1.39  1.69  1.73  1.75  1.52  1.22  1.01  0.77  0.67     1.21  0.78  1.40  1.66  1.00
             52.6  43.9  30.8  16.7   4.7   0.8   1.9  11.3  24.8  41.1  51.1  55.6     26.8  50.5  16.8   5.2  38.8
             3.07  3.62  3.86  4.55  4.83  4.29  4.68  5.00  4.28  4.42  3.57  3.20     4.11  3.29  4.37  4.64  4.04
             2.83  3.50  3.86  4.50  4.61  4.02  4.40  4.87  4.27  4.32  3.32  2.89     3.95  3.07  4.32  4.43  3.97
             1.08  1.03  1.00  1.01  1.05  1.07  1.06  1.03  1.00  1.02  1.08  1.11     1.05  1.08  1.02  1.05  1.03
             1.32  1.22  1.10  1.02  0.95  0.93  0.94  0.99  1.06  1.21  1.31  1.37     1.12  1.30  1.02  0.95  1.19
temperature   4.8   5.9   9.2  14.3  18.9  22.9  26.8  27.3  23.5  17.5  12.0   6.8     15.8   5.8  14.1  25.7  17.7
diffusedrad  1.24  1.56  1.92  2.27  2.53  2.62  2.59  2.40  2.08  1.73  1.31  1.14     1.95  1.31  2.24  2.54  1.71
snow10cm     0.00  0.00  0.00  0.00  0.00  0.00  0.00  0.00  0.00  0.00  0.00  0.00     0.00  0.00  0.00  0.00  0.00
