2 86236   甲佐            32 38.7  130 48.5   35
             2.15  2.84  3.42  4.30  4.63  4.20  4.81  4.84  3.97  3.44  2.50  2.12     3.60  2.37  4.12  4.62  3.31
             2.49  3.28  4.16  5.00  5.42  5.35  6.32  5.48  5.13  4.04  3.09  2.52     3.90  2.65  4.60  5.42  3.75
             1.79  2.07  2.44  3.78  3.79  3.27  3.89  3.97  3.24  2.79  2.01  1.66     3.41  1.98  3.60  4.01  2.99
  0   10     2.44  3.15  3.59  4.40  4.62  4.14  4.76  4.89  4.14  3.79  2.84  2.48     3.77  2.69  4.20  4.60  3.59
  0   20     2.69  3.38  3.72  4.41  4.53  4.03  4.63  4.85  4.23  4.04  3.12  2.79     3.87  2.95  4.22  4.50  3.80
  0   30     2.88  3.54  3.76  4.33  4.34  3.84  4.41  4.70  4.22  4.21  3.34  3.03     3.88  3.15  4.14  4.32  3.92
  0   40     3.01  3.62  3.73  4.16  4.07  3.58  4.11  4.46  4.13  4.27  3.47  3.20     3.82  3.28  3.99  4.05  3.96
  0   50     3.06  3.62  3.61  3.90  3.73  3.26  3.73  4.13  3.94  4.23  3.52  3.29     3.67  3.32  3.75  3.71  3.90
  0   60     3.05  3.53  3.42  3.57  3.32  2.89  3.29  3.71  3.67  4.09  3.49  3.30     3.44  3.29  3.44  3.30  3.75
  0   70     2.96  3.36  3.15  3.16  2.86  2.49  2.80  3.23  3.33  3.86  3.38  3.23     3.15  3.18  3.06  2.84  3.52
  0   80     2.80  3.11  2.83  2.71  2.37  2.07  2.30  2.69  2.91  3.54  3.18  3.08     2.80  3.00  2.63  2.35  3.21
  0   90     2.58  2.80  2.44  2.21  1.87  1.66  1.80  2.13  2.45  3.13  2.91  2.86     2.40  2.75  2.18  1.86  2.83
 15   10     2.42  3.14  3.58  4.40  4.62  4.15  4.76  4.89  4.13  3.77  2.82  2.46     3.76  2.67  4.20  4.60  3.57
 15   20     2.66  3.36  3.70  4.41  4.53  4.03  4.63  4.85  4.21  4.02  3.10  2.76     3.85  2.93  4.21  4.50  3.77
 15   30     2.84  3.51  3.74  4.33  4.34  3.84  4.42  4.71  4.20  4.17  3.30  2.99     3.87  3.11  4.14  4.32  3.89
 15   40     2.95  3.58  3.70  4.16  4.08  3.59  4.12  4.47  4.10  4.22  3.42  3.14     3.80  3.22  3.98  4.06  3.92
 15   50     2.99  3.57  3.58  3.91  3.74  3.27  3.75  4.14  3.92  4.17  3.47  3.22     3.64  3.26  3.74  3.72  3.85
 15   60     2.97  3.47  3.38  3.58  3.35  2.92  3.32  3.74  3.65  4.03  3.43  3.23     3.42  3.22  3.44  3.33  3.70
 15   70     2.87  3.30  3.12  3.19  2.90  2.53  2.85  3.27  3.30  3.79  3.30  3.15     3.13  3.11  3.07  2.88  3.46
 15   80     2.71  3.05  2.79  2.75  2.43  2.12  2.37  2.75  2.91  3.46  3.10  3.00     2.79  2.92  2.66  2.41  3.16
 15   90     2.49  2.73  2.41  2.28  1.96  1.73  1.89  2.22  2.46  3.06  2.83  2.77     2.40  2.67  2.22  1.95  2.78
 30   10     2.38  3.10  3.56  4.38  4.62  4.15  4.76  4.88  4.10  3.73  2.78  2.42     3.74  2.64  4.19  4.60  3.54
 30   20     2.59  3.29  3.66  4.39  4.53  4.03  4.64  4.84  4.17  3.95  3.02  2.68     3.81  2.85  4.19  4.50  3.71
 30   30     2.73  3.41  3.67  4.31  4.36  3.86  4.43  4.70  4.15  4.08  3.19  2.87     3.81  3.00  4.12  4.33  3.80
 30   40     2.81  3.46  3.62  4.14  4.10  3.61  4.15  4.47  4.04  4.11  3.28  2.99     3.73  3.09  3.96  4.08  3.81
 30   50     2.83  3.43  3.50  3.91  3.79  3.32  3.81  4.17  3.85  4.04  3.30  3.04     3.58  3.10  3.73  3.77  3.73
 30   60     2.78  3.32  3.30  3.59  3.41  2.98  3.41  3.78  3.59  3.89  3.24  3.02     3.36  3.04  3.43  3.39  3.57
 30   70     2.68  3.13  3.03  3.23  3.00  2.61  2.97  3.36  3.26  3.65  3.10  2.93     3.08  2.91  3.09  2.98  3.34
 30   80     2.51  2.88  2.72  2.82  2.57  2.24  2.53  2.89  2.89  3.33  2.89  2.77     2.75  2.72  2.70  2.55  3.04
 30   90     2.28  2.58  2.36  2.39  2.14  1.88  2.10  2.41  2.47  2.94  2.62  2.54     2.39  2.46  2.30  2.13  2.68
 45   10     2.33  3.05  3.52  4.36  4.61  4.15  4.76  4.87  4.07  3.68  2.72  2.36     3.71  2.58  4.17  4.59  3.49
 45   20     2.48  3.20  3.58  4.36  4.52  4.04  4.64  4.82  4.11  3.85  2.90  2.56     3.75  2.75  4.16  4.50  3.62
 45   30     2.58  3.28  3.58  4.27  4.35  3.87  4.44  4.68  4.06  3.92  3.02  2.70     3.73  2.85  4.07  4.33  3.67
 45   40     2.63  3.29  3.51  4.11  4.12  3.64  4.19  4.47  3.95  3.93  3.08  2.78     3.64  2.90  3.92  4.10  3.65
 45   50     2.61  3.23  3.37  3.87  3.82  3.36  3.86  4.17  3.75  3.85  3.06  2.79     3.48  2.88  3.69  3.80  3.56
 45   60     2.54  3.11  3.17  3.59  3.48  3.05  3.49  3.83  3.50  3.68  2.97  2.74     3.26  2.80  3.41  3.46  3.39
 45   70     2.42  2.92  2.91  3.24  3.10  2.71  3.10  3.43  3.19  3.45  2.82  2.63     3.00  2.66  3.09  3.08  3.16
 45   80     2.25  2.67  2.62  2.87  2.70  2.36  2.69  3.00  2.85  3.15  2.62  2.46     2.69  2.46  2.73  2.69  2.87
 45   90     2.03  2.39  2.29  2.49  2.31  2.02  2.29  2.58  2.46  2.80  2.36  2.24     2.36  2.22  2.36  2.30  2.54
 60   10     2.26  2.98  3.47  4.34  4.61  4.15  4.75  4.84  4.02  3.61  2.65  2.28     3.66  2.51  4.14  4.58  3.43
 60   20     2.35  3.07  3.49  4.31  4.51  4.04  4.64  4.78  4.02  3.70  2.76  2.41     3.67  2.61  4.11  4.49  3.50
 60   30     2.40  3.10  3.46  4.21  4.35  3.88  4.45  4.64  3.96  3.75  2.82  2.48     3.62  2.66  4.00  4.32  3.51
 60   40     2.40  3.08  3.36  4.04  4.12  3.66  4.20  4.42  3.81  3.70  2.82  2.51     3.51  2.66  3.84  4.09  3.44
 60   50     2.36  2.99  3.21  3.82  3.85  3.40  3.90  4.16  3.63  3.60  2.77  2.49     3.35  2.61  3.63  3.82  3.33
 60   60     2.26  2.85  3.01  3.54  3.52  3.10  3.56  3.83  3.37  3.43  2.67  2.41     3.13  2.51  3.36  3.50  3.16
 60   70     2.13  2.67  2.77  3.23  3.17  2.78  3.19  3.46  3.09  3.20  2.50  2.29     2.87  2.36  3.06  3.14  2.93
 60   80     1.97  2.43  2.49  2.89  2.81  2.46  2.82  3.08  2.76  2.93  2.31  2.13     2.59  2.17  2.73  2.79  2.67
 60   90     1.76  2.18  2.20  2.52  2.44  2.14  2.45  2.68  2.43  2.61  2.08  1.93     2.29  1.96  2.39  2.42  2.37
 75   10     2.18  2.90  3.41  4.30  4.59  4.15  4.75  4.82  3.97  3.52  2.55  2.19     3.61  2.43  4.10  4.57  3.35
 75   20     2.21  2.92  3.39  4.24  4.49  4.04  4.63  4.73  3.92  3.55  2.59  2.24     3.58  2.45  4.04  4.47  3.35
 75   30     2.20  2.90  3.31  4.13  4.33  3.88  4.45  4.58  3.82  3.52  2.58  2.25     3.49  2.45  3.92  4.30  3.31
 75   40     2.15  2.82  3.19  3.95  4.10  3.66  4.20  4.36  3.66  3.44  2.54  2.22     3.36  2.40  3.74  4.07  3.21
 75   50     2.08  2.72  3.02  3.72  3.83  3.41  3.91  4.09  3.45  3.30  2.44  2.16     3.18  2.32  3.52  3.80  3.06
 75   60     1.97  2.56  2.82  3.46  3.53  3.13  3.59  3.78  3.22  3.13  2.33  2.07     2.96  2.20  3.27  3.50  2.89
 75   70     1.83  2.38  2.59  3.16  3.19  2.83  3.25  3.44  2.93  2.90  2.17  1.93     2.72  2.05  2.98  3.17  2.67
 75   80     1.68  2.17  2.33  2.84  2.85  2.52  2.88  3.08  2.64  2.66  1.99  1.79     2.45  1.88  2.67  2.82  2.43
 75   90     1.50  1.95  2.07  2.52  2.51  2.21  2.54  2.72  2.33  2.38  1.79  1.61     2.18  1.69  2.37  2.49  2.17
 90   10     2.10  2.82  3.35  4.26  4.58  4.14  4.74  4.79  3.92  3.42  2.46  2.10     3.56  2.34  4.07  4.56  3.27
 90   20     2.05  2.76  3.27  4.17  4.47  4.04  4.62  4.67  3.81  3.37  2.41  2.06     3.47  2.29  3.97  4.44  3.20
 90   30     1.98  2.67  3.15  4.02  4.29  3.87  4.42  4.49  3.66  3.27  2.34  2.00     3.35  2.22  3.82  4.26  3.09
 90   40     1.90  2.56  2.98  3.82  4.05  3.65  4.18  4.26  3.48  3.13  2.23  1.92     3.18  2.13  3.62  4.03  2.95
 90   50     1.79  2.41  2.80  3.58  3.78  3.40  3.88  3.98  3.26  2.98  2.12  1.82     2.98  2.01  3.39  3.75  2.79
 90   60     1.67  2.26  2.59  3.32  3.48  3.13  3.57  3.67  3.00  2.78  1.98  1.72     2.77  1.88  3.13  3.46  2.59
 90   70     1.53  2.07  2.37  3.04  3.17  2.83  3.24  3.35  2.75  2.58  1.83  1.59     2.53  1.73  2.86  3.14  2.39
 90   80     1.40  1.90  2.14  2.73  2.83  2.52  2.89  3.01  2.46  2.34  1.66  1.46     2.28  1.58  2.57  2.81  2.15
 90   90     1.25  1.69  1.89  2.43  2.51  2.23  2.55  2.67  2.19  2.12  1.50  1.31     2.03  1.42  2.28  2.48  1.94
105   10     2.02  2.74  3.29  4.22  4.57  4.14  4.74  4.75  3.86  3.33  2.37  2.00     3.50  2.25  4.03  4.54  3.18
105   20     1.90  2.60  3.15  4.08  4.44  4.03  4.60  4.61  3.70  3.18  2.22  1.88     3.37  2.13  3.89  4.41  3.03
105   30     1.77  2.44  2.98  3.90  4.24  3.85  4.39  4.39  3.50  3.00  2.08  1.75     3.19  1.99  3.70  4.21  2.86
105   40     1.64  2.28  2.78  3.67  3.98  3.63  4.12  4.13  3.27  2.81  1.94  1.62     2.99  1.85  3.48  3.96  2.67
105   50     1.51  2.12  2.56  3.41  3.69  3.37  3.82  3.83  3.03  2.62  1.79  1.50     2.77  1.71  3.22  3.67  2.48
105   60     1.39  1.94  2.35  3.13  3.39  3.08  3.50  3.51  2.77  2.42  1.64  1.38     2.54  1.57  2.96  3.36  2.28
105   70     1.26  1.78  2.13  2.85  3.08  2.79  3.17  3.19  2.50  2.21  1.50  1.27     2.31  1.44  2.69  3.05  2.07
105   80     1.15  1.61  1.91  2.57  2.75  2.49  2.83  2.87  2.26  2.02  1.36  1.15     2.08  1.30  2.41  2.73  1.88
105   90     1.03  1.44  1.71  2.29  2.43  2.20  2.50  2.54  2.00  1.81  1.23  1.04     1.85  1.17  2.15  2.41  1.68
120   10     1.94  2.65  3.23  4.18  4.56  4.14  4.73  4.73  3.80  3.23  2.27  1.91     3.45  2.17  3.99  4.53  3.10
120   20     1.75  2.44  3.03  4.00  4.40  4.02  4.58  4.54  3.59  2.99  2.05  1.70     3.26  1.97  3.81  4.38  2.88
120   30     1.57  2.22  2.80  3.77  4.17  3.83  4.35  4.28  3.33  2.74  1.84  1.51     3.03  1.77  3.58  4.15  2.63
120   40     1.40  2.00  2.56  3.49  3.90  3.59  4.06  3.97  3.05  2.49  1.64  1.35     2.79  1.59  3.32  3.87  2.39
120   50     1.26  1.81  2.32  3.20  3.58  3.31  3.73  3.63  2.77  2.25  1.47  1.21     2.55  1.43  3.03  3.56  2.17
120   60     1.14  1.64  2.09  2.91  3.25  3.01  3.38  3.29  2.50  2.04  1.33  1.09     2.31  1.29  2.75  3.23  1.96
120   70     1.03  1.49  1.88  2.62  2.93  2.71  3.04  2.96  2.25  1.85  1.21  1.00     2.08  1.17  2.48  2.90  1.77
120   80     0.94  1.34  1.69  2.35  2.61  2.41  2.70  2.65  2.00  1.68  1.09  0.90     1.86  1.06  2.22  2.59  1.59
120   90     0.85  1.22  1.50  2.10  2.31  2.13  2.39  2.36  1.79  1.51  0.99  0.83     1.66  0.96  1.97  2.29  1.43
135   10     1.88  2.58  3.18  4.15  4.54  4.14  4.72  4.70  3.75  3.15  2.20  1.83     3.40  2.10  3.96  4.52  3.03
135   20     1.62  2.30  2.93  3.93  4.37  4.01  4.56  4.48  3.49  2.82  1.90  1.55     3.16  1.82  3.74  4.35  2.73
135   30     1.38  2.01  2.64  3.64  4.12  3.81  4.31  4.17  3.18  2.48  1.61  1.29     2.89  1.56  3.47  4.10  2.42
135   40     1.19  1.75  2.35  3.31  3.81  3.55  3.99  3.81  2.84  2.16  1.38  1.09     2.60  1.34  3.15  3.78  2.13
135   50     1.04  1.53  2.07  2.97  3.45  3.24  3.62  3.42  2.51  1.89  1.20  0.96     2.33  1.18  2.83  3.42  1.87
135   60     0.94  1.36  1.83  2.65  3.08  2.91  3.23  3.03  2.22  1.67  1.07  0.86     2.07  1.05  2.52  3.06  1.65
135   70     0.86  1.23  1.63  2.36  2.73  2.59  2.86  2.68  1.96  1.50  0.97  0.79     1.85  0.96  2.24  2.71  1.48
135   80     0.79  1.11  1.46  2.10  2.41  2.28  2.52  2.38  1.75  1.36  0.89  0.74     1.65  0.88  1.99  2.39  1.33
135   90     0.73  1.02  1.31  1.87  2.13  2.01  2.21  2.10  1.57  1.24  0.82  0.69     1.48  0.81  1.77  2.11  1.21
150   10     1.83  2.53  3.14  4.12  4.54  4.14  4.73  4.68  3.72  3.08  2.13  1.77     3.37  2.04  3.93  4.51  2.98
150   20     1.51  2.18  2.84  3.86  4.35  4.01  4.56  4.43  3.41  2.68  1.76  1.42     3.09  1.70  3.69  4.33  2.62
150   30     1.22  1.83  2.50  3.54  4.09  3.81  4.29  4.09  3.04  2.26  1.42  1.10     2.77  1.38  3.38  4.06  2.24
150   40     1.01  1.51  2.15  3.16  3.74  3.53  3.95  3.67  2.65  1.87  1.14  0.88     2.44  1.13  3.01  3.72  1.88
150   50     0.89  1.27  1.83  2.75  3.33  3.19  3.53  3.21  2.26  1.54  0.97  0.78     2.13  0.98  2.64  3.31  1.59
150   60     0.83  1.13  1.58  2.37  2.89  2.81  3.07  2.76  1.93  1.34  0.88  0.74     1.86  0.90  2.28  2.88  1.38
150   70     0.78  1.04  1.41  2.06  2.50  2.44  2.63  2.37  1.69  1.21  0.83  0.70     1.64  0.84  1.99  2.48  1.24
150   80     0.73  0.97  1.27  1.82  2.17  2.12  2.28  2.07  1.51  1.12  0.78  0.67     1.46  0.79  1.75  2.16  1.14
150   90     0.69  0.90  1.16  1.64  1.92  1.86  2.00  1.84  1.36  1.04  0.74  0.63     1.31  0.74  1.57  1.90  1.05
165   10     1.79  2.49  3.12  4.10  4.54  4.14  4.73  4.67  3.70  3.04  2.09  1.73     3.34  2.00  3.92  4.51  2.94
165   20     1.44  2.10  2.79  3.83  4.35  4.02  4.56  4.40  3.36  2.58  1.68  1.33     3.04  1.62  3.65  4.33  2.54
165   30     1.10  1.69  2.41  3.47  4.08  3.81  4.30  4.04  2.96  2.10  1.27  0.96     2.68  1.25  3.32  4.05  2.11
165   40     0.89  1.31  2.01  3.06  3.72  3.54  3.95  3.61  2.52  1.61  0.95  0.79     2.33  1.00  2.93  3.70  1.69
165   50     0.86  1.07  1.62  2.59  3.30  3.20  3.53  3.10  2.05  1.24  0.88  0.77     2.02  0.90  2.50  3.28  1.39
165   60     0.82  1.02  1.36  2.11  2.82  2.81  3.04  2.54  1.66  1.09  0.85  0.74     1.74  0.86  2.09  2.80  1.20
165   70     0.78  0.97  1.23  1.77  2.29  2.38  2.51  2.04  1.44  1.03  0.81  0.70     1.50  0.82  1.76  2.31  1.09
165   80     0.73  0.92  1.15  1.57  1.93  1.96  2.05  1.76  1.31  0.98  0.77  0.67     1.32  0.78  1.55  1.93  1.02
165   90     0.69  0.87  1.08  1.44  1.71  1.72  1.79  1.59  1.22  0.94  0.73  0.63     1.20  0.73  1.41  1.70  0.96
180   10     1.78  2.48  3.11  4.09  4.54  4.14  4.73  4.66  3.69  3.02  2.08  1.71     3.34  1.99  3.91  4.51  2.93
180   20     1.41  2.07  2.77  3.81  4.35  4.02  4.57  4.39  3.35  2.54  1.65  1.29     3.02  1.59  3.65  4.33  2.51
180   30     1.06  1.64  2.38  3.45  4.08  3.82  4.32  4.03  2.94  2.03  1.21  0.92     2.65  1.20  3.30  4.05  2.06
180   40     0.89  1.21  1.95  3.02  3.73  3.54  3.97  3.58  2.48  1.49  0.91  0.79     2.30  0.96  2.90  3.70  1.63
180   50     0.86  1.06  1.50  2.55  3.30  3.21  3.55  3.07  1.98  1.09  0.88  0.77     1.98  0.90  2.45  3.28  1.32
180   60     0.82  1.02  1.25  2.03  2.82  2.82  3.07  2.51  1.46  1.05  0.85  0.74     1.70  0.86  2.04  2.80  1.12
180   70     0.78  0.97  1.19  1.56  2.30  2.38  2.53  1.91  1.31  1.01  0.81  0.70     1.46  0.82  1.69  2.27  1.04
180   80     0.73  0.92  1.13  1.43  1.83  1.93  1.99  1.59  1.24  0.97  0.77  0.67     1.27  0.78  1.46  1.83  0.99
180   90     0.69  0.87  1.06  1.33  1.63  1.66  1.73  1.46  1.17  0.93  0.73  0.63     1.16  0.73  1.34  1.62  0.94
             52.7  44.4  30.8  16.3   4.3   0.1   1.2  10.9  24.7  41.2  51.1  56.4     27.0  51.0  16.7   4.5  38.7
             3.07  3.63  3.76  4.42  4.64  4.19  4.80  4.89  4.24  4.27  3.53  3.31     4.06  3.32  4.22  4.61  3.96
             2.83  3.50  3.76  4.36  4.41  3.90  4.48  4.76  4.23  4.17  3.28  2.96     3.89  3.10  4.18  4.38  3.89
             1.08  1.04  1.00  1.01  1.05  1.07  1.07  1.03  1.00  1.02  1.08  1.12     1.05  1.08  1.02  1.06  1.03
             1.32  1.23  1.10  1.01  0.95  0.93  0.93  0.98  1.07  1.21  1.31  1.40     1.12  1.31  1.02  0.95  1.20
temperature   5.1   6.3   9.8  14.8  19.2  22.9  26.4  26.9  23.7  18.0  12.5   7.3     16.1   6.2  14.6  25.4  18.1
diffusedrad  1.17  1.46  1.80  2.17  2.42  2.45  2.46  2.27  1.98  1.56  1.23  1.06     1.83  1.23  2.13  2.40  1.59
snow10cm     0.00  0.00  0.00  0.00  0.00  0.00  0.00  0.00  0.00  0.00  0.00  0.00     0.00  0.00  0.00  0.00  0.00
