1 87141   延岡            32 34.9  131 39.4   19
             2.82  3.41  3.80  4.53  4.68  4.20  4.97  4.82  3.87  3.45  2.76  2.61     3.83  2.95  4.34  4.66  3.36
             3.20  3.98  4.56  5.25  5.65  5.28  6.37  5.64  5.38  4.12  3.28  2.99     4.06  3.19  4.88  5.48  3.87
             2.42  2.56  2.60  3.85  3.70  3.15  3.44  3.77  2.95  2.89  2.25  2.07     3.58  2.66  3.76  3.87  3.00
  0   10     3.33  3.85  4.04  4.63  4.68  4.16  4.91  4.87  4.03  3.79  3.17  3.16     4.05  3.45  4.45  4.64  3.66
  0   20     3.79  4.20  4.21  4.65  4.58  4.04  4.78  4.82  4.11  4.05  3.53  3.64     4.20  3.88  4.48  4.54  3.90
  0   30     4.14  4.45  4.28  4.57  4.39  3.85  4.54  4.68  4.10  4.21  3.80  4.03     4.25  4.21  4.41  4.36  4.04
  0   40     4.40  4.59  4.25  4.39  4.12  3.59  4.22  4.43  4.01  4.27  3.98  4.31     4.21  4.43  4.25  4.08  4.09
  0   50     4.54  4.62  4.13  4.11  3.77  3.27  3.83  4.10  3.83  4.23  4.05  4.48     4.08  4.54  4.00  3.73  4.04
  0   60     4.57  4.53  3.91  3.75  3.35  2.90  3.37  3.69  3.56  4.09  4.03  4.53     3.86  4.54  3.67  3.32  3.90
  0   70     4.47  4.33  3.61  3.32  2.88  2.49  2.86  3.20  3.23  3.86  3.90  4.46     3.55  4.42  3.27  2.85  3.66
  0   80     4.26  4.02  3.23  2.83  2.38  2.07  2.33  2.67  2.83  3.54  3.69  4.28     3.18  4.19  2.81  2.36  3.35
  0   90     3.94  3.62  2.79  2.30  1.88  1.66  1.81  2.12  2.38  3.13  3.37  3.98     2.75  3.85  2.32  1.86  2.96
 15   10     3.30  3.84  4.02  4.63  4.68  4.16  4.92  4.87  4.02  3.78  3.16  3.14     4.04  3.43  4.45  4.65  3.65
 15   20     3.73  4.17  4.17  4.65  4.58  4.04  4.78  4.82  4.09  4.02  3.50  3.60     4.18  3.83  4.47  4.55  3.87
 15   30     4.06  4.41  4.24  4.57  4.39  3.85  4.56  4.68  4.08  4.17  3.75  3.96     4.23  4.14  4.40  4.36  4.00
 15   40     4.29  4.53  4.20  4.39  4.13  3.60  4.25  4.44  3.99  4.23  3.92  4.22     4.18  4.35  4.24  4.09  4.04
 15   50     4.42  4.55  4.07  4.13  3.78  3.28  3.85  4.11  3.81  4.18  3.99  4.38     4.04  4.45  3.99  3.75  3.99
 15   60     4.42  4.45  3.85  3.77  3.38  2.92  3.41  3.71  3.54  4.03  3.95  4.42     3.82  4.43  3.67  3.35  3.84
 15   70     4.32  4.24  3.55  3.36  2.93  2.53  2.91  3.25  3.21  3.79  3.82  4.34     3.52  4.30  3.28  2.90  3.61
 15   80     4.10  3.93  3.17  2.88  2.45  2.12  2.41  2.74  2.83  3.47  3.60  4.15     3.15  4.06  2.84  2.42  3.30
 15   90     3.78  3.53  2.74  2.38  1.97  1.73  1.91  2.21  2.39  3.07  3.29  3.85     2.74  3.72  2.36  1.95  2.92
 30   10     3.24  3.79  3.99  4.62  4.68  4.16  4.92  4.86  3.99  3.74  3.11  3.08     4.01  3.37  4.43  4.64  3.62
 30   20     3.60  4.08  4.12  4.63  4.58  4.04  4.79  4.81  4.06  3.96  3.41  3.48     4.13  3.72  4.45  4.55  3.81
 30   30     3.88  4.27  4.16  4.56  4.41  3.87  4.58  4.68  4.04  4.08  3.62  3.79     4.16  3.98  4.37  4.37  3.91
 30   40     4.05  4.37  4.11  4.38  4.15  3.62  4.28  4.45  3.93  4.12  3.75  4.00     4.10  4.14  4.21  4.12  3.93
 30   50     4.13  4.36  3.97  4.13  3.83  3.33  3.92  4.15  3.75  4.05  3.79  4.11     3.96  4.20  3.98  3.80  3.86
 30   60     4.10  4.24  3.75  3.80  3.45  2.98  3.51  3.76  3.49  3.90  3.73  4.11     3.73  4.15  3.67  3.42  3.71
 30   70     3.97  4.03  3.45  3.41  3.04  2.62  3.05  3.34  3.17  3.66  3.58  4.01     3.44  4.00  3.30  3.00  3.47
 30   80     3.74  3.71  3.10  2.97  2.60  2.25  2.59  2.87  2.81  3.34  3.34  3.81     3.09  3.75  2.89  2.57  3.17
 30   90     3.42  3.32  2.68  2.52  2.16  1.88  2.14  2.40  2.40  2.95  3.04  3.50     2.70  3.41  2.45  2.14  2.80
 45   10     3.14  3.71  3.95  4.60  4.67  4.16  4.91  4.84  3.96  3.68  3.04  2.99     3.97  3.28  4.41  4.64  3.56
 45   20     3.42  3.94  4.03  4.60  4.58  4.05  4.79  4.79  4.00  3.85  3.27  3.29     4.05  3.55  4.40  4.54  3.71
 45   30     3.62  4.09  4.04  4.51  4.41  3.88  4.59  4.65  3.95  3.93  3.42  3.53     4.05  3.75  4.32  4.37  3.77
 45   40     3.73  4.13  3.97  4.35  4.17  3.65  4.32  4.44  3.84  3.94  3.50  3.68     3.98  3.85  4.17  4.14  3.76
 45   50     3.75  4.08  3.82  4.10  3.87  3.37  3.98  4.15  3.65  3.86  3.50  3.73     3.82  3.86  3.93  3.83  3.67
 45   60     3.69  3.95  3.61  3.80  3.52  3.06  3.60  3.81  3.41  3.69  3.41  3.69     3.60  3.78  3.64  3.49  3.50
 45   70     3.54  3.73  3.31  3.43  3.14  2.72  3.19  3.41  3.11  3.47  3.24  3.56     3.32  3.61  3.29  3.11  3.27
 45   80     3.31  3.42  2.98  3.04  2.73  2.37  2.77  2.99  2.77  3.17  3.02  3.36     2.99  3.36  2.92  2.71  2.98
 45   90     2.99  3.07  2.61  2.63  2.34  2.03  2.35  2.57  2.40  2.81  2.72  3.07     2.63  3.04  2.53  2.31  2.65
 60   10     3.02  3.62  3.89  4.57  4.66  4.16  4.91  4.82  3.92  3.61  2.94  2.86     3.92  3.17  4.37  4.63  3.49
 60   20     3.20  3.77  3.92  4.55  4.57  4.05  4.79  4.76  3.92  3.71  3.09  3.08     3.95  3.35  4.35  4.54  3.57
 60   30     3.31  3.83  3.89  4.45  4.40  3.88  4.60  4.62  3.85  3.75  3.18  3.21     3.92  3.45  4.25  4.37  3.59
 60   40     3.36  3.83  3.79  4.28  4.17  3.67  4.34  4.40  3.71  3.71  3.19  3.28     3.81  3.49  4.08  4.14  3.54
 60   50     3.33  3.75  3.63  4.05  3.90  3.41  4.03  4.14  3.53  3.61  3.15  3.29     3.65  3.46  3.86  3.86  3.43
 60   60     3.22  3.60  3.41  3.75  3.56  3.11  3.68  3.81  3.28  3.45  3.04  3.21     3.43  3.34  3.57  3.53  3.26
 60   70     3.06  3.38  3.14  3.43  3.21  2.79  3.29  3.45  3.01  3.21  2.86  3.06     3.16  3.17  3.26  3.18  3.03
 60   80     2.84  3.10  2.83  3.06  2.85  2.47  2.91  3.07  2.69  2.95  2.65  2.87     2.86  2.93  2.91  2.81  2.76
 60   90     2.55  2.79  2.50  2.68  2.47  2.15  2.52  2.67  2.37  2.62  2.39  2.60     2.53  2.65  2.55  2.45  2.46
 75   10     2.89  3.51  3.81  4.53  4.65  4.16  4.91  4.79  3.87  3.53  2.83  2.73     3.85  3.05  4.33  4.62  3.41
 75   20     2.95  3.56  3.79  4.48  4.55  4.05  4.79  4.71  3.82  3.55  2.89  2.82     3.83  3.11  4.28  4.52  3.42
 75   30     2.97  3.55  3.71  4.36  4.38  3.89  4.59  4.56  3.73  3.53  2.88  2.86     3.75  3.13  4.15  4.35  3.38
 75   40     2.93  3.48  3.58  4.18  4.15  3.67  4.34  4.34  3.57  3.45  2.85  2.85     3.62  3.09  3.97  4.12  3.29
 75   50     2.86  3.37  3.40  3.94  3.88  3.42  4.05  4.07  3.37  3.32  2.76  2.79     3.44  3.01  3.74  3.85  3.15
 75   60     2.73  3.20  3.18  3.67  3.58  3.14  3.72  3.77  3.13  3.15  2.64  2.70     3.22  2.87  3.48  3.54  2.97
 75   70     2.56  2.99  2.92  3.35  3.23  2.83  3.36  3.43  2.86  2.92  2.46  2.54     2.95  2.69  3.17  3.21  2.75
 75   80     2.36  2.74  2.64  3.02  2.89  2.52  2.98  3.07  2.58  2.68  2.26  2.36     2.67  2.48  2.85  2.86  2.51
 75   90     2.11  2.46  2.34  2.68  2.55  2.22  2.62  2.71  2.27  2.40  2.04  2.14     2.38  2.23  2.52  2.52  2.24
 90   10     2.75  3.39  3.74  4.49  4.64  4.16  4.90  4.76  3.82  3.43  2.72  2.59     3.78  2.91  4.29  4.61  3.32
 90   20     2.69  3.33  3.65  4.39  4.53  4.05  4.77  4.65  3.72  3.38  2.67  2.54     3.70  2.85  4.19  4.49  3.25
 90   30     2.60  3.23  3.51  4.24  4.34  3.88  4.57  4.48  3.58  3.27  2.59  2.49     3.57  2.77  4.03  4.31  3.15
 90   40     2.50  3.11  3.34  4.04  4.11  3.66  4.32  4.25  3.40  3.15  2.48  2.40     3.40  2.67  3.83  4.08  3.01
 90   50     2.37  2.94  3.14  3.79  3.84  3.41  4.02  3.97  3.18  2.99  2.36  2.29     3.19  2.53  3.59  3.80  2.84
 90   60     2.23  2.77  2.91  3.52  3.54  3.14  3.70  3.67  2.94  2.79  2.21  2.17     2.96  2.39  3.32  3.50  2.65
 90   70     2.05  2.55  2.66  3.22  3.21  2.84  3.35  3.34  2.68  2.60  2.05  2.02     2.71  2.21  3.03  3.18  2.44
 90   80     1.89  2.34  2.40  2.90  2.87  2.53  2.99  3.00  2.40  2.36  1.86  1.86     2.45  2.03  2.73  2.84  2.21
 90   90     1.69  2.10  2.13  2.59  2.55  2.24  2.64  2.66  2.14  2.13  1.69  1.69     2.19  1.82  2.42  2.52  1.99
105   10     2.61  3.27  3.66  4.44  4.63  4.15  4.90  4.73  3.76  3.33  2.60  2.44     3.71  2.78  4.24  4.59  3.23
105   20     2.43  3.10  3.50  4.30  4.49  4.04  4.75  4.59  3.61  3.19  2.44  2.28     3.56  2.60  4.10  4.46  3.08
105   30     2.25  2.90  3.30  4.11  4.29  3.86  4.54  4.38  3.42  3.01  2.28  2.11     3.37  2.42  3.90  4.26  2.90
105   40     2.06  2.71  3.08  3.87  4.03  3.64  4.26  4.12  3.20  2.82  2.12  1.95     3.15  2.24  3.66  4.00  2.71
105   50     1.90  2.52  2.84  3.60  3.75  3.38  3.95  3.82  2.96  2.63  1.96  1.81     2.93  2.08  3.40  3.72  2.52
105   60     1.75  2.31  2.61  3.31  3.44  3.10  3.62  3.50  2.71  2.44  1.80  1.67     2.69  1.91  3.12  3.40  2.31
105   70     1.59  2.13  2.37  3.02  3.12  2.80  3.28  3.18  2.45  2.22  1.65  1.54     2.45  1.75  2.84  3.09  2.11
105   80     1.45  1.93  2.13  2.73  2.79  2.50  2.93  2.86  2.21  2.03  1.49  1.40     2.20  1.59  2.55  2.77  1.91
105   90     1.30  1.74  1.90  2.43  2.47  2.21  2.59  2.54  1.96  1.83  1.35  1.28     1.97  1.44  2.27  2.44  1.71
120   10     2.48  3.15  3.59  4.40  4.61  4.15  4.89  4.70  3.71  3.24  2.49  2.31     3.64  2.65  4.20  4.58  3.15
120   20     2.18  2.87  3.36  4.21  4.46  4.03  4.73  4.52  3.50  3.00  2.23  2.01     3.42  2.35  4.01  4.43  2.91
120   30     1.90  2.58  3.09  3.96  4.23  3.85  4.50  4.26  3.26  2.75  1.98  1.75     3.17  2.08  3.76  4.20  2.66
120   40     1.66  2.31  2.81  3.67  3.95  3.60  4.20  3.96  2.99  2.50  1.76  1.54     2.91  1.84  3.48  3.92  2.42
120   50     1.47  2.08  2.54  3.37  3.63  3.32  3.86  3.63  2.72  2.26  1.57  1.36     2.65  1.64  3.18  3.60  2.19
120   60     1.31  1.88  2.28  3.06  3.30  3.02  3.50  3.28  2.46  2.04  1.42  1.22     2.40  1.47  2.88  3.27  1.97
120   70     1.18  1.71  2.05  2.76  2.97  2.72  3.14  2.95  2.21  1.86  1.28  1.12     2.16  1.33  2.59  2.94  1.78
120   80     1.07  1.53  1.85  2.48  2.65  2.42  2.79  2.65  1.97  1.69  1.17  1.01     1.94  1.21  2.32  2.62  1.61
120   90     0.98  1.40  1.64  2.22  2.34  2.13  2.47  2.36  1.76  1.52  1.06  0.94     1.74  1.11  2.07  2.32  1.45
135   10     2.37  3.05  3.53  4.36  4.60  4.15  4.88  4.68  3.66  3.15  2.39  2.19     3.59  2.53  4.16  4.57  3.07
135   20     1.95  2.66  3.22  4.13  4.43  4.03  4.72  4.46  3.41  2.83  2.04  1.78     3.30  2.13  3.93  4.40  2.76
135   30     1.58  2.28  2.88  3.82  4.18  3.83  4.46  4.16  3.11  2.49  1.71  1.42     2.99  1.76  3.63  4.15  2.44
135   40     1.28  1.94  2.54  3.47  3.85  3.56  4.12  3.80  2.79  2.17  1.43  1.15     2.68  1.46  3.29  3.83  2.13
135   50     1.09  1.67  2.23  3.11  3.49  3.25  3.73  3.41  2.47  1.90  1.23  0.97     2.38  1.25  2.94  3.46  1.87
135   60     0.96  1.47  1.96  2.77  3.12  2.92  3.33  3.03  2.19  1.68  1.09  0.87     2.11  1.10  2.62  3.09  1.65
135   70     0.87  1.32  1.74  2.46  2.76  2.59  2.94  2.68  1.94  1.51  0.99  0.80     1.88  1.00  2.32  2.74  1.48
135   80     0.81  1.20  1.56  2.19  2.44  2.29  2.59  2.37  1.73  1.37  0.91  0.75     1.69  0.92  2.07  2.42  1.34
135   90     0.76  1.12  1.40  1.96  2.16  2.02  2.28  2.11  1.55  1.25  0.84  0.71     1.51  0.86  1.84  2.13  1.22
150   10     2.28  2.97  3.48  4.33  4.59  4.15  4.88  4.66  3.63  3.09  2.32  2.09     3.54  2.44  4.13  4.57  3.01
150   20     1.76  2.48  3.12  4.05  4.41  4.02  4.71  4.41  3.34  2.68  1.88  1.58     3.20  1.94  3.86  4.38  2.63
150   30     1.30  2.01  2.71  3.71  4.14  3.82  4.43  4.07  2.99  2.26  1.47  1.13     2.84  1.48  3.52  4.11  2.24
150   40     0.97  1.60  2.30  3.29  3.78  3.54  4.07  3.66  2.60  1.87  1.14  0.83     2.47  1.13  3.13  3.76  1.87
150   50     0.80  1.29  1.93  2.86  3.37  3.21  3.64  3.20  2.23  1.55  0.95  0.70     2.14  0.93  2.72  3.35  1.58
150   60     0.74  1.13  1.64  2.45  2.93  2.82  3.15  2.75  1.91  1.34  0.85  0.67     1.87  0.85  2.34  2.91  1.37
150   70     0.72  1.03  1.45  2.13  2.52  2.45  2.70  2.37  1.67  1.21  0.80  0.65     1.64  0.80  2.04  2.51  1.23
150   80     0.69  0.97  1.31  1.88  2.19  2.13  2.34  2.08  1.50  1.12  0.77  0.63     1.47  0.77  1.80  2.18  1.13
150   90     0.67  0.92  1.20  1.69  1.94  1.87  2.04  1.85  1.35  1.04  0.73  0.61     1.33  0.74  1.61  1.92  1.04
165   10     2.22  2.91  3.45  4.31  4.59  4.15  4.89  4.64  3.61  3.04  2.27  2.02     3.51  2.38  4.12  4.56  2.97
165   20     1.64  2.37  3.05  4.01  4.41  4.03  4.72  4.38  3.29  2.59  1.77  1.44     3.14  1.81  3.82  4.38  2.55
165   30     1.09  1.81  2.60  3.63  4.13  3.82  4.44  4.03  2.91  2.10  1.28  0.92     2.73  1.27  3.45  4.10  2.10
165   40     0.76  1.30  2.12  3.18  3.77  3.55  4.08  3.60  2.48  1.62  0.91  0.69     2.34  0.92  3.02  3.74  1.67
165   50     0.75  0.99  1.66  2.67  3.34  3.21  3.64  3.09  2.03  1.24  0.83  0.67     2.01  0.80  2.56  3.31  1.37
165   60     0.73  0.95  1.36  2.15  2.85  2.82  3.13  2.54  1.65  1.09  0.81  0.66     1.73  0.78  2.12  2.83  1.18
165   70     0.71  0.92  1.23  1.79  2.31  2.38  2.57  2.04  1.44  1.03  0.78  0.65     1.49  0.76  1.78  2.33  1.08
165   80     0.69  0.89  1.16  1.59  1.94  1.97  2.09  1.76  1.31  0.98  0.75  0.63     1.31  0.74  1.56  1.94  1.02
165   90     0.67  0.86  1.09  1.46  1.72  1.72  1.82  1.59  1.22  0.94  0.72  0.61     1.20  0.72  1.42  1.71  0.96
180   10     2.20  2.89  3.44  4.30  4.59  4.15  4.89  4.64  3.60  3.02  2.25  2.00     3.50  2.36  4.11  4.56  2.96
180   20     1.58  2.32  3.03  3.99  4.41  4.03  4.72  4.37  3.28  2.54  1.73  1.39     3.12  1.76  3.81  4.37  2.52
180   30     1.01  1.73  2.56  3.60  4.13  3.83  4.46  4.01  2.89  2.03  1.21  0.84     2.69  1.19  3.43  4.10  2.04
180   40     0.76  1.16  2.05  3.14  3.77  3.55  4.10  3.57  2.45  1.49  0.85  0.69     2.30  0.87  2.99  3.74  1.60
180   50     0.75  0.97  1.50  2.62  3.34  3.21  3.66  3.06  1.97  1.09  0.83  0.67     1.97  0.80  2.49  3.31  1.29
180   60     0.73  0.95  1.22  2.06  2.85  2.82  3.15  2.50  1.46  1.05  0.81  0.66     1.69  0.78  2.04  2.83  1.11
180   70     0.71  0.92  1.18  1.56  2.32  2.39  2.59  1.91  1.31  1.01  0.78  0.65     1.44  0.76  1.68  2.30  1.03
180   80     0.69  0.89  1.12  1.43  1.84  1.93  2.01  1.59  1.24  0.97  0.75  0.63     1.26  0.74  1.46  1.84  0.99
180   90     0.67  0.86  1.07  1.34  1.64  1.66  1.75  1.46  1.17  0.93  0.72  0.61     1.16  0.72  1.35  1.62  0.94
             57.0  47.3  32.3  16.6   4.2   0.1   1.0  10.8  24.3  41.2  52.7  59.4     30.8  54.7  18.2   4.3  40.0
             4.57  4.62  4.28  4.66  4.69  4.20  4.96  4.87  4.12  4.27  4.06  4.53     4.48  4.56  4.48  4.66  4.09
             4.17  4.46  4.28  4.56  4.38  3.83  4.52  4.66  4.10  4.22  3.82  4.05     4.25  4.23  4.40  4.34  4.04
             1.10  1.04  1.00  1.02  1.07  1.10  1.10  1.05  1.00  1.01  1.06  1.12     1.06  1.08  1.03  1.08  1.03
             1.48  1.31  1.13  1.01  0.94  0.91  0.91  0.97  1.06  1.22  1.38  1.55     1.16  1.45  1.02  0.93  1.22
temperature   6.6   7.6  10.7  15.3  19.1  22.3  26.1  26.6  23.8  18.6  13.5   8.5     16.6   7.6  15.0  25.0  18.6
diffusedrad  1.14  1.44  1.80  2.15  2.41  2.45  2.45  2.27  1.97  1.56  1.21  1.02     1.82  1.20  2.12  2.39  1.58
snow10cm     0.00  0.00  0.00  0.00  0.00  0.00  0.00  0.00  0.00  0.00  0.00  0.00     0.00  0.00  0.00  0.00  0.00
