2 87331   西都            32  3.7  131 24.8    8
             2.73  3.29  3.66  4.36  4.59  3.98  4.91  4.76  3.82  3.43  2.73  2.56     3.74  2.86  4.20  4.55  3.33
             3.18  3.94  4.51  5.26  5.71  4.83  6.80  5.68  5.21  4.08  3.25  3.00     4.06  3.16  4.99  5.43  3.83
             2.34  2.31  2.42  3.61  3.60  2.81  3.26  3.91  3.10  2.60  2.10  1.93     3.47  2.49  3.61  3.65  2.87
  0   10     3.20  3.69  3.88  4.45  4.58  3.94  4.85  4.80  3.97  3.77  3.12  3.07     3.94  3.32  4.30  4.53  3.62
  0   20     3.61  4.01  4.02  4.46  4.48  3.83  4.71  4.75  4.05  4.01  3.46  3.51     4.08  3.71  4.32  4.43  3.84
  0   30     3.94  4.23  4.08  4.38  4.30  3.65  4.48  4.60  4.04  4.16  3.71  3.86     4.12  4.01  4.25  4.24  3.97
  0   40     4.16  4.34  4.05  4.20  4.03  3.40  4.16  4.36  3.94  4.22  3.87  4.11     4.07  4.21  4.09  3.98  4.01
  0   50     4.28  4.36  3.92  3.93  3.68  3.11  3.77  4.03  3.75  4.17  3.93  4.26     3.93  4.30  3.85  3.64  3.95
  0   60     4.29  4.26  3.71  3.59  3.27  2.76  3.31  3.62  3.49  4.03  3.90  4.30     3.71  4.28  3.52  3.23  3.81
  0   70     4.19  4.06  3.42  3.18  2.82  2.38  2.81  3.14  3.16  3.79  3.78  4.22     3.41  4.16  3.14  2.78  3.58
  0   80     3.99  3.77  3.06  2.71  2.33  1.99  2.29  2.62  2.77  3.47  3.56  4.04     3.05  3.93  2.70  2.30  3.26
  0   90     3.68  3.39  2.63  2.20  1.84  1.61  1.78  2.08  2.33  3.07  3.25  3.75     2.63  3.61  2.23  1.82  2.88
 15   10     3.17  3.68  3.86  4.45  4.58  3.94  4.85  4.80  3.96  3.75  3.11  3.05     3.93  3.30  4.30  4.53  3.61
 15   20     3.56  3.98  4.00  4.46  4.49  3.83  4.71  4.75  4.03  3.98  3.43  3.46     4.06  3.67  4.31  4.43  3.81
 15   30     3.86  4.18  4.04  4.38  4.30  3.65  4.49  4.61  4.02  4.13  3.66  3.80     4.09  3.95  4.24  4.25  3.94
 15   40     4.07  4.29  4.00  4.21  4.04  3.42  4.18  4.37  3.92  4.17  3.81  4.03     4.04  4.13  4.08  3.99  3.97
 15   50     4.17  4.29  3.87  3.94  3.70  3.12  3.79  4.04  3.73  4.12  3.87  4.17     3.90  4.21  3.84  3.65  3.91
 15   60     4.16  4.19  3.66  3.60  3.30  2.79  3.35  3.65  3.48  3.96  3.83  4.19     3.68  4.18  3.52  3.26  3.76
 15   70     4.05  3.99  3.36  3.21  2.86  2.42  2.86  3.19  3.14  3.73  3.70  4.11     3.38  4.05  3.14  2.82  3.52
 15   80     3.84  3.69  3.00  2.75  2.39  2.04  2.36  2.69  2.77  3.40  3.47  3.92     3.03  3.82  2.72  2.36  3.21
 15   90     3.53  3.31  2.59  2.27  1.93  1.67  1.88  2.17  2.34  3.00  3.17  3.63     2.62  3.49  2.26  1.90  2.84
 30   10     3.12  3.63  3.83  4.44  4.58  3.94  4.85  4.79  3.94  3.72  3.06  2.99     3.91  3.25  4.28  4.53  3.57
 30   20     3.44  3.89  3.94  4.45  4.49  3.83  4.72  4.74  4.00  3.92  3.34  3.35     4.01  3.56  4.29  4.43  3.75
 30   30     3.69  4.06  3.97  4.36  4.31  3.67  4.51  4.61  3.97  4.04  3.54  3.63     4.03  3.79  4.22  4.26  3.85
 30   40     3.84  4.14  3.92  4.19  4.06  3.43  4.22  4.38  3.86  4.06  3.65  3.83     3.96  3.94  4.05  4.01  3.86
 30   50     3.90  4.12  3.78  3.95  3.75  3.16  3.86  4.08  3.68  3.99  3.68  3.92     3.82  3.98  3.83  3.70  3.78
 30   60     3.86  4.00  3.56  3.63  3.37  2.84  3.45  3.70  3.43  3.83  3.61  3.91     3.60  3.92  3.52  3.33  3.63
 30   70     3.73  3.79  3.27  3.25  2.96  2.50  3.00  3.28  3.10  3.60  3.46  3.80     3.31  3.77  3.16  2.92  3.39
 30   80     3.51  3.48  2.93  2.83  2.54  2.15  2.54  2.82  2.75  3.28  3.23  3.60     2.97  3.53  2.77  2.50  3.09
 30   90     3.20  3.11  2.54  2.40  2.11  1.81  2.10  2.35  2.35  2.89  2.93  3.31     2.59  3.21  2.35  2.09  2.72
 45   10     3.03  3.57  3.79  4.42  4.58  3.94  4.85  4.78  3.91  3.66  2.99  2.90     3.87  3.17  4.26  4.52  3.52
 45   20     3.28  3.77  3.86  4.42  4.49  3.84  4.73  4.73  3.94  3.82  3.20  3.18     3.94  3.41  4.25  4.43  3.66
 45   30     3.46  3.89  3.87  4.32  4.32  3.67  4.52  4.58  3.89  3.89  3.35  3.40     3.93  3.58  4.17  4.26  3.71
 45   40     3.55  3.92  3.79  4.16  4.08  3.46  4.26  4.37  3.78  3.90  3.42  3.52     3.85  3.67  4.01  4.03  3.70
 45   50     3.56  3.86  3.64  3.92  3.78  3.19  3.92  4.08  3.59  3.81  3.40  3.56     3.69  3.66  3.78  3.73  3.60
 45   60     3.49  3.73  3.43  3.63  3.44  2.90  3.54  3.74  3.35  3.64  3.31  3.52     3.48  3.58  3.50  3.40  3.43
 45   70     3.34  3.52  3.15  3.28  3.07  2.58  3.14  3.35  3.05  3.41  3.14  3.38     3.20  3.41  3.16  3.03  3.20
 45   80     3.11  3.22  2.83  2.90  2.67  2.25  2.72  2.93  2.71  3.11  2.92  3.18     2.88  3.17  2.80  2.64  2.91
 45   90     2.81  2.88  2.47  2.51  2.29  1.93  2.31  2.52  2.35  2.76  2.63  2.90     2.53  2.87  2.42  2.25  2.58
 60   10     2.92  3.48  3.73  4.39  4.57  3.94  4.85  4.75  3.87  3.59  2.90  2.79     3.82  3.06  4.23  4.51  3.46
 60   20     3.08  3.61  3.76  4.37  4.48  3.84  4.73  4.69  3.87  3.68  3.04  2.98     3.84  3.22  4.20  4.42  3.53
 60   30     3.17  3.66  3.73  4.27  4.31  3.68  4.54  4.55  3.80  3.72  3.11  3.10     3.80  3.31  4.10  4.26  3.54
 60   40     3.21  3.65  3.63  4.09  4.09  3.48  4.28  4.33  3.66  3.67  3.12  3.15     3.70  3.34  3.94  4.03  3.48
 60   50     3.17  3.56  3.47  3.87  3.81  3.23  3.97  4.07  3.47  3.57  3.07  3.15     3.54  3.29  3.72  3.76  3.37
 60   60     3.05  3.40  3.25  3.58  3.48  2.95  3.62  3.75  3.23  3.40  2.96  3.07     3.31  3.18  3.44  3.44  3.19
 60   70     2.90  3.20  2.99  3.27  3.14  2.65  3.24  3.39  2.96  3.17  2.78  2.92     3.05  3.00  3.13  3.09  2.97
 60   80     2.68  2.92  2.69  2.92  2.78  2.34  2.86  3.02  2.64  2.90  2.57  2.73     2.75  2.77  2.80  2.74  2.70
 60   90     2.41  2.62  2.38  2.56  2.42  2.04  2.48  2.62  2.32  2.58  2.31  2.47     2.43  2.50  2.45  2.38  2.40
 75   10     2.80  3.38  3.67  4.36  4.56  3.94  4.84  4.73  3.83  3.51  2.80  2.67     3.76  2.95  4.20  4.50  3.38
 75   20     2.84  3.42  3.65  4.30  4.46  3.84  4.72  4.65  3.77  3.53  2.85  2.74     3.73  3.00  4.14  4.40  3.38
 75   30     2.86  3.40  3.56  4.18  4.29  3.69  4.53  4.50  3.67  3.50  2.84  2.77     3.65  3.01  4.01  4.24  3.34
 75   40     2.81  3.33  3.43  4.00  4.06  3.48  4.28  4.28  3.52  3.42  2.80  2.76     3.51  2.96  3.83  4.01  3.25
 75   50     2.74  3.21  3.25  3.77  3.80  3.24  3.99  4.01  3.32  3.28  2.70  2.69     3.33  2.88  3.61  3.75  3.10
 75   60     2.60  3.04  3.04  3.51  3.50  2.98  3.66  3.71  3.09  3.11  2.58  2.59     3.12  2.75  3.35  3.45  2.92
 75   70     2.44  2.84  2.79  3.20  3.16  2.69  3.31  3.37  2.81  2.88  2.40  2.43     2.86  2.57  3.05  3.12  2.70
 75   80     2.24  2.59  2.52  2.88  2.83  2.39  2.94  3.02  2.54  2.64  2.20  2.26     2.59  2.36  2.74  2.78  2.46
 75   90     2.00  2.32  2.23  2.56  2.49  2.11  2.58  2.67  2.24  2.36  1.98  2.04     2.30  2.12  2.43  2.45  2.19
 90   10     2.67  3.27  3.60  4.32  4.55  3.94  4.84  4.70  3.77  3.42  2.69  2.53     3.69  2.83  4.16  4.49  3.29
 90   20     2.61  3.20  3.52  4.23  4.44  3.84  4.71  4.59  3.68  3.36  2.63  2.48     3.61  2.77  4.06  4.38  3.22
 90   30     2.52  3.11  3.38  4.08  4.26  3.68  4.52  4.42  3.53  3.25  2.56  2.42     3.48  2.69  3.91  4.21  3.12
 90   40     2.42  2.99  3.21  3.88  4.03  3.47  4.26  4.19  3.35  3.13  2.44  2.34     3.31  2.58  3.70  3.97  2.97
 90   50     2.28  2.82  3.02  3.64  3.76  3.23  3.96  3.91  3.14  2.97  2.33  2.23     3.11  2.44  3.47  3.70  2.81
 90   60     2.15  2.65  2.79  3.37  3.46  2.97  3.65  3.61  2.90  2.77  2.17  2.11     2.88  2.30  3.21  3.41  2.61
 90   70     1.97  2.44  2.55  3.09  3.14  2.69  3.31  3.29  2.65  2.57  2.01  1.96     2.64  2.12  2.93  3.10  2.41
 90   80     1.81  2.23  2.30  2.78  2.81  2.40  2.95  2.96  2.37  2.33  1.82  1.79     2.38  1.95  2.63  2.77  2.17
 90   90     1.61  1.99  2.04  2.48  2.49  2.13  2.61  2.62  2.11  2.10  1.65  1.63     2.12  1.74  2.34  2.45  1.96
105   10     2.54  3.16  3.53  4.28  4.54  3.94  4.84  4.67  3.72  3.32  2.58  2.40     3.63  2.70  4.12  4.48  3.21
105   20     2.37  2.99  3.38  4.14  4.41  3.83  4.70  4.53  3.57  3.18  2.42  2.24     3.48  2.53  3.98  4.35  3.06
105   30     2.19  2.81  3.19  3.96  4.21  3.66  4.48  4.32  3.38  3.00  2.26  2.07     3.29  2.36  3.79  4.16  2.88
105   40     2.01  2.62  2.97  3.73  3.96  3.45  4.21  4.07  3.17  2.81  2.10  1.92     3.09  2.19  3.55  3.91  2.69
105   50     1.86  2.43  2.74  3.46  3.68  3.21  3.91  3.77  2.93  2.62  1.94  1.78     2.86  2.02  3.29  3.63  2.50
105   60     1.70  2.23  2.52  3.18  3.37  2.94  3.58  3.45  2.68  2.42  1.78  1.63     2.62  1.86  3.02  3.32  2.29
105   70     1.55  2.05  2.28  2.90  3.06  2.66  3.24  3.14  2.42  2.21  1.63  1.51     2.39  1.70  2.75  3.01  2.09
105   80     1.41  1.86  2.05  2.62  2.74  2.37  2.90  2.82  2.18  2.02  1.47  1.36     2.15  1.54  2.47  2.70  1.89
105   90     1.26  1.67  1.83  2.33  2.42  2.10  2.55  2.50  1.94  1.81  1.33  1.24     1.92  1.39  2.19  2.38  1.69
120   10     2.42  3.05  3.46  4.24  4.53  3.94  4.83  4.65  3.67  3.23  2.47  2.27     3.56  2.58  4.08  4.47  3.13
120   20     2.14  2.79  3.25  4.06  4.38  3.83  4.68  4.47  3.47  3.00  2.22  1.99     3.36  2.31  3.89  4.32  2.90
120   30     1.87  2.52  2.99  3.83  4.16  3.65  4.44  4.22  3.23  2.75  1.97  1.74     3.11  2.04  3.66  4.11  2.65
120   40     1.65  2.26  2.73  3.55  3.88  3.42  4.15  3.92  2.97  2.50  1.75  1.53     2.86  1.81  3.39  3.83  2.41
120   50     1.46  2.03  2.47  3.25  3.57  3.16  3.81  3.59  2.70  2.26  1.57  1.36     2.60  1.61  3.10  3.52  2.18
120   60     1.30  1.84  2.22  2.95  3.24  2.88  3.46  3.25  2.44  2.04  1.42  1.21     2.35  1.45  2.80  3.19  1.97
120   70     1.17  1.66  2.00  2.66  2.92  2.59  3.11  2.92  2.19  1.86  1.28  1.11     2.12  1.31  2.52  2.87  1.77
120   80     1.06  1.49  1.79  2.39  2.60  2.30  2.77  2.62  1.95  1.68  1.16  1.01     1.90  1.19  2.26  2.56  1.60
120   90     0.97  1.36  1.59  2.14  2.30  2.03  2.44  2.33  1.74  1.52  1.05  0.93     1.70  1.09  2.01  2.27  1.44
135   10     2.32  2.96  3.41  4.21  4.51  3.94  4.83  4.62  3.63  3.15  2.38  2.16     3.51  2.48  4.04  4.46  3.05
135   20     1.93  2.60  3.13  3.98  4.35  3.82  4.66  4.41  3.38  2.83  2.04  1.77     3.24  2.10  3.82  4.30  2.75
135   30     1.58  2.24  2.81  3.70  4.11  3.63  4.41  4.12  3.09  2.50  1.72  1.43     2.94  1.75  3.54  4.05  2.44
135   40     1.30  1.92  2.49  3.36  3.79  3.39  4.08  3.77  2.77  2.18  1.45  1.17     2.64  1.46  3.21  3.75  2.13
135   50     1.11  1.66  2.19  3.02  3.44  3.10  3.70  3.38  2.46  1.91  1.25  1.00     2.35  1.25  2.88  3.39  1.87
135   60     0.97  1.46  1.93  2.69  3.07  2.79  3.30  3.00  2.17  1.69  1.10  0.88     2.09  1.11  2.56  3.03  1.66
135   70     0.88  1.31  1.71  2.39  2.72  2.48  2.92  2.66  1.93  1.52  1.00  0.81     1.86  1.00  2.27  2.69  1.48
135   80     0.82  1.19  1.53  2.13  2.41  2.19  2.57  2.36  1.72  1.37  0.91  0.76     1.66  0.92  2.02  2.37  1.34
135   90     0.76  1.10  1.37  1.90  2.13  1.93  2.26  2.09  1.54  1.26  0.85  0.71     1.49  0.86  1.80  2.09  1.21
150   10     2.24  2.88  3.37  4.18  4.51  3.94  4.83  4.61  3.59  3.09  2.31  2.07     3.47  2.40  4.02  4.46  3.00
150   20     1.76  2.44  3.03  3.92  4.33  3.82  4.66  4.37  3.31  2.69  1.89  1.59     3.15  1.93  3.76  4.28  2.63
150   30     1.33  2.00  2.65  3.59  4.07  3.63  4.39  4.04  2.97  2.28  1.49  1.16     2.80  1.50  3.44  4.02  2.25
150   40     1.01  1.61  2.26  3.21  3.73  3.38  4.04  3.64  2.60  1.89  1.17  0.87     2.45  1.16  3.06  3.68  1.89
150   50     0.84  1.31  1.91  2.79  3.32  3.06  3.61  3.19  2.23  1.57  0.97  0.73     2.13  0.96  2.68  3.29  1.59
150   60     0.78  1.15  1.63  2.40  2.89  2.71  3.14  2.75  1.91  1.36  0.87  0.70     1.86  0.87  2.31  2.86  1.38
150   70     0.74  1.05  1.44  2.09  2.50  2.36  2.69  2.36  1.67  1.23  0.82  0.67     1.63  0.82  2.01  2.47  1.24
150   80     0.71  0.98  1.30  1.84  2.17  2.05  2.32  2.07  1.49  1.13  0.78  0.65     1.46  0.78  1.77  2.15  1.14
150   90     0.69  0.93  1.19  1.66  1.91  1.80  2.03  1.84  1.35  1.05  0.75  0.63     1.32  0.75  1.59  1.89  1.05
165   10     2.19  2.83  3.34  4.16  4.51  3.94  4.83  4.59  3.58  3.04  2.26  2.01     3.44  2.34  4.00  4.45  2.96
165   20     1.65  2.34  2.97  3.88  4.33  3.82  4.67  4.34  3.27  2.60  1.78  1.46     3.09  1.81  3.73  4.28  2.55
165   30     1.14  1.82  2.55  3.53  4.06  3.63  4.40  4.00  2.90  2.13  1.31  0.97     2.70  1.31  3.38  4.01  2.11
165   40     0.80  1.34  2.10  3.10  3.71  3.38  4.05  3.58  2.48  1.65  0.94  0.72     2.32  0.95  2.97  3.67  1.69
165   50     0.78  1.03  1.67  2.63  3.29  3.07  3.61  3.09  2.04  1.27  0.85  0.71     2.00  0.84  2.53  3.25  1.39
165   60     0.76  0.98  1.38  2.13  2.82  2.70  3.12  2.54  1.66  1.11  0.83  0.69     1.73  0.81  2.11  2.79  1.20
165   70     0.74  0.94  1.24  1.78  2.30  2.30  2.57  2.04  1.44  1.05  0.80  0.67     1.49  0.78  1.77  2.30  1.10
165   80     0.71  0.91  1.16  1.58  1.93  1.91  2.08  1.76  1.31  1.00  0.77  0.65     1.31  0.76  1.55  1.92  1.03
165   90     0.69  0.87  1.09  1.44  1.70  1.67  1.81  1.59  1.22  0.95  0.73  0.63     1.20  0.73  1.41  1.69  0.97
180   10     2.17  2.82  3.33  4.15  4.51  3.94  4.84  4.59  3.57  3.03  2.25  1.98     3.43  2.32  4.00  4.45  2.95
180   20     1.60  2.29  2.95  3.86  4.33  3.82  4.67  4.33  3.25  2.56  1.74  1.42     3.07  1.77  3.72  4.28  2.52
180   30     1.06  1.74  2.52  3.50  4.06  3.64  4.41  3.98  2.88  2.06  1.24  0.89     2.67  1.23  3.36  4.01  2.06
180   40     0.80  1.21  2.04  3.07  3.72  3.38  4.06  3.55  2.45  1.53  0.88  0.72     2.28  0.91  2.94  3.67  1.62
180   50     0.78  1.01  1.53  2.58  3.30  3.07  3.63  3.06  1.98  1.11  0.85  0.71     1.97  0.83  2.47  3.25  1.31
180   60     0.76  0.98  1.24  2.06  2.83  2.71  3.14  2.51  1.49  1.07  0.83  0.69     1.69  0.81  2.04  2.79  1.13
180   70     0.74  0.94  1.19  1.56  2.31  2.31  2.59  1.93  1.32  1.03  0.80  0.67     1.45  0.78  1.69  2.27  1.05
180   80     0.71  0.91  1.13  1.42  1.83  1.88  2.02  1.59  1.24  0.99  0.77  0.65     1.26  0.76  1.46  1.83  1.00
180   90     0.69  0.87  1.07  1.33  1.63  1.61  1.74  1.46  1.17  0.94  0.73  0.63     1.16  0.73  1.34  1.61  0.95
             55.9  46.1  31.3  15.9   3.8   0.0   0.6  10.3  23.7  40.4  51.8  58.4     29.8  53.6  17.0   4.0  39.2
             4.30  4.36  4.08  4.47  4.60  3.98  4.89  4.80  4.05  4.22  3.94  4.30     4.33  4.31  4.33  4.55  4.01
             3.93  4.22  4.08  4.38  4.30  3.65  4.48  4.61  4.04  4.16  3.70  3.85     4.12  4.00  4.25  4.25  3.97
             1.09  1.03  1.00  1.02  1.07  1.09  1.09  1.04  1.00  1.01  1.06  1.12     1.05  1.08  1.03  1.07  1.03
             1.43  1.28  1.11  1.00  0.94  0.91  0.91  0.97  1.06  1.21  1.36  1.50     1.14  1.41  1.02  0.93  1.21
temperature   6.7   8.0  11.3  16.0  19.7  22.9  26.8  27.1  24.3  19.1  13.7   8.5     17.0   7.7  15.7  25.6  19.0
diffusedrad  1.17  1.46  1.80  2.15  2.40  2.41  2.44  2.28  1.97  1.58  1.23  1.05     1.83  1.23  2.12  2.38  1.59
snow10cm     0.00  0.00  0.00  0.00  0.00  0.00  0.00  0.00  0.00  0.00  0.00  0.00     0.00  0.00  0.00  0.00  0.00
