1 87426   都城            31 43.8  131  4.8  154
             2.69  3.21  3.55  4.22  4.46  3.85  4.70  4.59  3.79  3.47  2.73  2.52     3.65  2.80  4.08  4.38  3.33
             3.04  3.86  4.44  5.02  5.28  4.55  5.93  5.38  5.10  4.18  3.25  2.93     3.95  3.12  4.72  5.05  3.78
             2.34  2.30  2.20  3.49  3.40  2.94  3.28  3.91  3.25  2.58  2.14  2.06     3.40  2.46  3.40  3.65  2.88
  0   10     3.17  3.58  3.73  4.31  4.45  3.80  4.65  4.63  3.93  3.80  3.10  2.99     3.85  3.25  4.16  4.36  3.61
  0   20     3.57  3.87  3.86  4.32  4.35  3.69  4.52  4.58  4.00  4.05  3.43  3.40     3.97  3.62  4.18  4.26  3.83
  0   30     3.89  4.07  3.91  4.23  4.17  3.52  4.30  4.43  3.99  4.20  3.67  3.73     4.01  3.90  4.10  4.08  3.95
  0   40     4.11  4.17  3.87  4.06  3.91  3.29  4.00  4.20  3.89  4.25  3.82  3.97     3.96  4.08  3.94  3.83  3.99
  0   50     4.23  4.18  3.74  3.80  3.57  3.01  3.63  3.88  3.70  4.20  3.88  4.10     3.83  4.17  3.71  3.50  3.93
  0   60     4.24  4.08  3.54  3.47  3.18  2.68  3.19  3.49  3.44  4.05  3.85  4.13     3.61  4.15  3.39  3.12  3.78
  0   70     4.14  3.88  3.25  3.07  2.74  2.32  2.72  3.04  3.12  3.81  3.71  4.05     3.32  4.03  3.02  2.69  3.55
  0   80     3.94  3.60  2.91  2.62  2.27  1.94  2.23  2.54  2.73  3.48  3.50  3.87     2.97  3.80  2.60  2.24  3.23
  0   90     3.64  3.23  2.50  2.13  1.80  1.58  1.74  2.02  2.29  3.08  3.19  3.59     2.57  3.49  2.15  1.78  2.85
 15   10     3.15  3.57  3.72  4.31  4.45  3.80  4.65  4.62  3.92  3.79  3.09  2.97     3.84  3.23  4.16  4.36  3.60
 15   20     3.54  3.85  3.84  4.31  4.35  3.70  4.52  4.57  3.99  4.02  3.40  3.36     3.95  3.58  4.17  4.26  3.80
 15   30     3.84  4.03  3.88  4.23  4.17  3.53  4.31  4.44  3.97  4.16  3.63  3.67     3.99  3.85  4.10  4.09  3.92
 15   40     4.05  4.12  3.84  4.06  3.92  3.30  4.01  4.21  3.87  4.20  3.77  3.89     3.94  4.02  3.94  3.84  3.94
 15   50     4.16  4.12  3.71  3.81  3.59  3.02  3.65  3.89  3.68  4.14  3.82  4.01     3.80  4.09  3.70  3.52  3.88
 15   60     4.16  4.01  3.50  3.48  3.21  2.70  3.23  3.51  3.42  3.99  3.77  4.03     3.58  4.07  3.40  3.15  3.73
 15   70     4.06  3.81  3.21  3.10  2.78  2.35  2.77  3.08  3.10  3.75  3.64  3.94     3.30  3.94  3.03  2.73  3.49
 15   80     3.85  3.52  2.87  2.66  2.33  1.98  2.29  2.60  2.72  3.42  3.41  3.75     2.95  3.71  2.62  2.29  3.18
 15   90     3.55  3.15  2.48  2.20  1.88  1.63  1.83  2.10  2.30  3.01  3.11  3.47     2.56  3.39  2.19  1.86  2.81
 30   10     3.10  3.53  3.70  4.30  4.45  3.80  4.65  4.62  3.90  3.75  3.04  2.92     3.81  3.18  4.15  4.36  3.57
 30   20     3.44  3.76  3.80  4.30  4.35  3.70  4.53  4.57  3.95  3.96  3.31  3.26     3.91  3.49  4.15  4.26  3.74
 30   30     3.70  3.92  3.81  4.22  4.18  3.54  4.32  4.43  3.92  4.07  3.50  3.52     3.93  3.71  4.07  4.10  3.83
 30   40     3.87  3.98  3.76  4.05  3.94  3.32  4.05  4.21  3.81  4.09  3.61  3.69     3.86  3.85  3.91  3.86  3.84
 30   50     3.94  3.95  3.62  3.81  3.63  3.05  3.71  3.92  3.63  4.02  3.63  3.77     3.72  3.89  3.69  3.56  3.76
 30   60     3.92  3.83  3.41  3.50  3.27  2.75  3.32  3.56  3.38  3.86  3.56  3.76     3.51  3.84  3.39  3.21  3.60
 30   70     3.80  3.62  3.13  3.14  2.88  2.42  2.89  3.15  3.06  3.62  3.41  3.65     3.23  3.69  3.05  2.82  3.36
 30   80     3.58  3.32  2.80  2.73  2.47  2.08  2.46  2.72  2.71  3.29  3.18  3.45     2.90  3.45  2.67  2.42  3.06
 30   90     3.28  2.97  2.42  2.32  2.06  1.76  2.04  2.27  2.32  2.90  2.87  3.16     2.53  3.14  2.27  2.02  2.70
 45   10     3.02  3.46  3.66  4.28  4.44  3.80  4.65  4.60  3.87  3.70  2.98  2.83     3.77  3.11  4.13  4.35  3.52
 45   20     3.30  3.65  3.72  4.27  4.35  3.70  4.53  4.55  3.90  3.86  3.18  3.10     3.84  3.35  4.12  4.26  3.65
 45   30     3.50  3.75  3.72  4.18  4.18  3.54  4.33  4.41  3.85  3.92  3.31  3.29     3.83  3.52  4.03  4.10  3.69
 45   40     3.61  3.77  3.64  4.02  3.96  3.34  4.08  4.21  3.73  3.93  3.38  3.41     3.76  3.60  3.87  3.88  3.68
 45   50     3.64  3.71  3.49  3.78  3.67  3.09  3.76  3.93  3.54  3.84  3.36  3.44     3.60  3.60  3.65  3.59  3.58
 45   60     3.59  3.58  3.29  3.50  3.34  2.80  3.40  3.60  3.30  3.66  3.27  3.39     3.39  3.52  3.37  3.27  3.41
 45   70     3.45  3.37  3.01  3.16  2.97  2.50  3.02  3.22  3.00  3.43  3.10  3.25     3.12  3.36  3.05  2.91  3.17
 45   80     3.23  3.08  2.71  2.80  2.59  2.18  2.62  2.82  2.67  3.12  2.87  3.05     2.81  3.12  2.70  2.54  2.89
 45   90     2.94  2.75  2.36  2.42  2.22  1.88  2.23  2.42  2.31  2.77  2.59  2.78     2.47  2.83  2.33  2.18  2.56
 60   10     2.92  3.38  3.61  4.26  4.44  3.80  4.65  4.58  3.84  3.63  2.89  2.73     3.73  3.01  4.10  4.34  3.45
 60   20     3.11  3.50  3.63  4.23  4.34  3.71  4.53  4.52  3.83  3.72  3.02  2.90     3.75  3.17  4.07  4.25  3.52
 60   30     3.23  3.53  3.59  4.13  4.18  3.55  4.35  4.38  3.75  3.75  3.09  3.01     3.71  3.26  3.97  4.09  3.53
 60   40     3.29  3.52  3.49  3.96  3.96  3.35  4.10  4.17  3.61  3.70  3.09  3.06     3.61  3.29  3.80  3.87  3.47
 60   50     3.28  3.43  3.33  3.74  3.69  3.12  3.81  3.91  3.43  3.60  3.04  3.05     3.45  3.25  3.59  3.61  3.36
 60   60     3.19  3.27  3.12  3.46  3.38  2.84  3.47  3.60  3.18  3.42  2.92  2.96     3.23  3.14  3.32  3.31  3.18
 60   70     3.05  3.07  2.87  3.15  3.04  2.55  3.11  3.25  2.92  3.19  2.74  2.81     2.98  2.98  3.02  2.97  2.95
 60   80     2.84  2.79  2.58  2.82  2.69  2.26  2.75  2.90  2.60  2.91  2.54  2.62     2.69  2.75  2.70  2.63  2.68
 60   90     2.58  2.51  2.28  2.46  2.34  1.97  2.38  2.52  2.29  2.59  2.27  2.37     2.38  2.49  2.36  2.29  2.38
 75   10     2.81  3.29  3.55  4.23  4.43  3.80  4.64  4.56  3.79  3.54  2.79  2.61     3.67  2.90  4.07  4.34  3.37
 75   20     2.89  3.32  3.52  4.17  4.33  3.71  4.53  4.48  3.74  3.56  2.83  2.68     3.65  2.96  4.00  4.24  3.38
 75   30     2.94  3.30  3.43  4.05  4.17  3.56  4.35  4.33  3.64  3.53  2.82  2.70     3.57  2.98  3.88  4.08  3.33
 75   40     2.91  3.22  3.31  3.87  3.94  3.36  4.10  4.12  3.48  3.45  2.78  2.68     3.44  2.94  3.71  3.86  3.23
 75   50     2.87  3.10  3.13  3.64  3.69  3.13  3.82  3.86  3.28  3.31  2.67  2.61     3.26  2.86  3.49  3.60  3.09
 75   60     2.75  2.93  2.92  3.39  3.39  2.87  3.51  3.57  3.05  3.13  2.55  2.51     3.05  2.73  3.23  3.32  2.91
 75   70     2.61  2.73  2.68  3.09  3.06  2.59  3.17  3.24  2.78  2.90  2.38  2.35     2.80  2.56  2.94  3.00  2.68
 75   80     2.42  2.49  2.42  2.78  2.74  2.31  2.81  2.90  2.50  2.65  2.18  2.18     2.53  2.36  2.64  2.67  2.44
 75   90     2.19  2.23  2.14  2.46  2.41  2.03  2.48  2.56  2.21  2.37  1.96  1.97     2.25  2.13  2.34  2.36  2.18
 90   10     2.69  3.19  3.48  4.19  4.42  3.80  4.64  4.54  3.74  3.45  2.68  2.49     3.61  2.79  4.03  4.33  3.29
 90   20     2.66  3.12  3.40  4.10  4.31  3.70  4.52  4.43  3.64  3.39  2.63  2.44     3.53  2.74  3.93  4.22  3.22
 90   30     2.60  3.03  3.27  3.95  4.13  3.55  4.33  4.26  3.50  3.29  2.54  2.37     3.40  2.67  3.78  4.05  3.11
 90   40     2.53  2.90  3.10  3.76  3.91  3.35  4.09  4.04  3.32  3.15  2.43  2.29     3.24  2.57  3.59  3.82  2.97
 90   50     2.42  2.73  2.91  3.52  3.64  3.12  3.80  3.77  3.11  2.99  2.31  2.17     3.04  2.44  3.36  3.56  2.80
 90   60     2.30  2.57  2.69  3.26  3.36  2.87  3.50  3.48  2.86  2.79  2.15  2.05     2.82  2.31  3.10  3.28  2.60
 90   70     2.14  2.35  2.46  2.98  3.05  2.60  3.17  3.17  2.62  2.59  2.00  1.90     2.59  2.13  2.83  2.98  2.40
 90   80     1.99  2.16  2.22  2.68  2.72  2.32  2.83  2.84  2.34  2.34  1.81  1.74     2.33  1.96  2.54  2.66  2.16
 90   90     1.80  1.92  1.97  2.39  2.41  2.05  2.50  2.52  2.09  2.12  1.63  1.58     2.08  1.76  2.25  2.35  1.95
105   10     2.56  3.08  3.42  4.15  4.41  3.80  4.64  4.51  3.69  3.36  2.57  2.36     3.54  2.67  3.99  4.32  3.21
105   20     2.42  2.92  3.27  4.02  4.28  3.70  4.50  4.37  3.54  3.21  2.42  2.20     3.40  2.52  3.86  4.19  3.06
105   30     2.27  2.74  3.09  3.84  4.09  3.54  4.30  4.17  3.35  3.03  2.26  2.04     3.23  2.35  3.67  4.00  2.88
105   40     2.12  2.56  2.88  3.61  3.85  3.33  4.04  3.92  3.14  2.84  2.10  1.89     3.02  2.19  3.45  3.77  2.69
105   50     1.99  2.37  2.66  3.36  3.57  3.10  3.75  3.64  2.90  2.64  1.93  1.75     2.81  2.04  3.19  3.50  2.49
105   60     1.85  2.18  2.44  3.08  3.27  2.84  3.43  3.33  2.66  2.44  1.77  1.61     2.58  1.88  2.93  3.20  2.29
105   70     1.71  1.99  2.21  2.81  2.97  2.57  3.11  3.03  2.40  2.23  1.62  1.48     2.34  1.73  2.66  2.90  2.08
105   80     1.57  1.80  1.98  2.53  2.66  2.29  2.78  2.72  2.16  2.03  1.47  1.34     2.11  1.57  2.39  2.60  1.89
105   90     1.43  1.62  1.77  2.25  2.35  2.02  2.45  2.41  1.92  1.82  1.32  1.22     1.88  1.42  2.12  2.29  1.69
120   10     2.43  2.98  3.36  4.11  4.39  3.80  4.63  4.49  3.64  3.27  2.47  2.24     3.48  2.55  3.96  4.31  3.13
120   20     2.18  2.73  3.15  3.94  4.25  3.69  4.49  4.32  3.44  3.03  2.22  1.97     3.29  2.29  3.78  4.17  2.90
120   30     1.95  2.47  2.91  3.72  4.04  3.53  4.27  4.08  3.21  2.77  1.98  1.73     3.05  2.05  3.55  3.96  2.65
120   40     1.74  2.22  2.65  3.45  3.77  3.31  3.99  3.79  2.95  2.52  1.76  1.52     2.81  1.83  3.29  3.69  2.41
120   50     1.57  2.00  2.40  3.16  3.47  3.05  3.67  3.47  2.68  2.28  1.58  1.35     2.56  1.64  3.01  3.40  2.18
120   60     1.43  1.80  2.16  2.87  3.15  2.78  3.33  3.15  2.42  2.06  1.42  1.21     2.31  1.48  2.73  3.09  1.97
120   70     1.31  1.63  1.94  2.59  2.84  2.50  2.99  2.83  2.17  1.87  1.28  1.11     2.09  1.35  2.45  2.77  1.77
120   80     1.20  1.47  1.74  2.32  2.53  2.23  2.66  2.53  1.94  1.70  1.16  1.00     1.87  1.22  2.20  2.47  1.60
120   90     1.10  1.34  1.55  2.07  2.24  1.96  2.35  2.25  1.73  1.52  1.05  0.92     1.67  1.12  1.95  2.19  1.44
135   10     2.33  2.90  3.30  4.08  4.38  3.80  4.63  4.46  3.60  3.19  2.38  2.13     3.43  2.45  3.92  4.30  3.06
135   20     1.97  2.55  3.04  3.88  4.23  3.69  4.48  4.26  3.36  2.86  2.04  1.76     3.18  2.10  3.71  4.14  2.75
135   30     1.64  2.21  2.74  3.60  3.99  3.51  4.24  3.98  3.07  2.53  1.73  1.44     2.89  1.76  3.44  3.91  2.44
135   40     1.38  1.90  2.43  3.28  3.69  3.28  3.93  3.65  2.76  2.21  1.46  1.18     2.60  1.49  3.13  3.62  2.14
135   50     1.19  1.65  2.14  2.95  3.35  3.00  3.56  3.29  2.45  1.93  1.26  1.01     2.31  1.28  2.81  3.29  1.88
135   60     1.07  1.46  1.89  2.63  3.00  2.70  3.19  2.92  2.17  1.71  1.11  0.90     2.06  1.14  2.50  2.94  1.66
135   70     0.98  1.31  1.68  2.34  2.66  2.40  2.82  2.59  1.92  1.53  1.00  0.82     1.84  1.04  2.22  2.60  1.49
135   80     0.92  1.18  1.50  2.08  2.35  2.13  2.48  2.29  1.71  1.38  0.92  0.77     1.64  0.95  1.98  2.30  1.34
135   90     0.85  1.09  1.35  1.85  2.08  1.87  2.19  2.03  1.53  1.26  0.85  0.72     1.47  0.89  1.76  2.03  1.22
150   10     2.24  2.83  3.26  4.06  4.38  3.80  4.63  4.45  3.57  3.12  2.31  2.05     3.39  2.37  3.90  4.29  3.00
150   20     1.79  2.41  2.95  3.81  4.21  3.69  4.47  4.22  3.29  2.73  1.90  1.59     3.09  1.93  3.66  4.13  2.64
150   30     1.37  1.98  2.59  3.50  3.96  3.51  4.22  3.92  2.96  2.31  1.51  1.18     2.75  1.51  3.35  3.88  2.26
150   40     1.06  1.61  2.22  3.13  3.63  3.27  3.89  3.54  2.59  1.92  1.19  0.90     2.41  1.19  3.00  3.56  1.90
150   50     0.89  1.33  1.89  2.74  3.25  2.97  3.49  3.11  2.23  1.59  0.99  0.76     2.10  0.99  2.63  3.19  1.60
150   60     0.82  1.16  1.62  2.36  2.83  2.63  3.04  2.69  1.91  1.37  0.89  0.72     1.84  0.90  2.27  2.79  1.39
150   70     0.79  1.06  1.43  2.05  2.45  2.29  2.61  2.31  1.67  1.23  0.83  0.69     1.62  0.85  1.98  2.41  1.25
150   80     0.75  0.99  1.29  1.81  2.13  2.00  2.26  2.03  1.49  1.14  0.79  0.67     1.45  0.80  1.74  2.10  1.14
150   90     0.72  0.93  1.18  1.63  1.87  1.75  1.97  1.80  1.35  1.06  0.75  0.64     1.30  0.76  1.56  1.84  1.05
165   10     2.18  2.78  3.24  4.04  4.38  3.80  4.63  4.43  3.55  3.08  2.27  1.99     3.36  2.32  3.89  4.29  2.96
165   20     1.66  2.31  2.89  3.78  4.21  3.69  4.48  4.20  3.25  2.63  1.80  1.47     3.03  1.81  3.63  4.12  2.56
165   30     1.17  1.82  2.50  3.44  3.95  3.51  4.23  3.88  2.89  2.15  1.34  1.00     2.66  1.33  3.30  3.87  2.13
165   40     0.84  1.36  2.07  3.04  3.62  3.27  3.90  3.48  2.48  1.67  0.96  0.75     2.29  0.98  2.91  3.55  1.71
165   50     0.81  1.06  1.66  2.59  3.22  2.97  3.49  3.02  2.05  1.28  0.87  0.73     1.98  0.87  2.49  3.16  1.40
165   60     0.79  1.00  1.38  2.12  2.77  2.63  3.02  2.50  1.67  1.11  0.84  0.71     1.71  0.83  2.09  2.72  1.21
165   70     0.76  0.96  1.24  1.77  2.27  2.25  2.51  2.02  1.45  1.05  0.81  0.69     1.48  0.81  1.76  2.26  1.10
165   80     0.74  0.92  1.16  1.56  1.91  1.87  2.04  1.75  1.32  1.00  0.78  0.67     1.31  0.78  1.54  1.89  1.03
165   90     0.71  0.88  1.08  1.43  1.68  1.63  1.78  1.57  1.22  0.96  0.74  0.64     1.19  0.74  1.40  1.66  0.97
180   10     2.16  2.77  3.23  4.03  4.38  3.80  4.64  4.43  3.54  3.06  2.25  1.97     3.36  2.30  3.88  4.29  2.95
180   20     1.61  2.27  2.88  3.77  4.21  3.69  4.49  4.19  3.24  2.59  1.76  1.43     3.01  1.77  3.62  4.12  2.53
180   30     1.10  1.75  2.47  3.42  3.96  3.52  4.24  3.86  2.87  2.09  1.27  0.93     2.62  1.26  3.28  3.87  2.07
180   40     0.84  1.24  2.02  3.01  3.63  3.27  3.91  3.46  2.45  1.55  0.89  0.75     2.25  0.94  2.88  3.55  1.63
180   50     0.81  1.03  1.54  2.55  3.23  2.98  3.51  3.00  1.99  1.11  0.87  0.73     1.95  0.86  2.44  3.16  1.32
180   60     0.79  1.00  1.24  2.05  2.77  2.63  3.04  2.48  1.51  1.07  0.84  0.71     1.68  0.83  2.02  2.72  1.14
180   70     0.76  0.96  1.19  1.57  2.28  2.25  2.53  1.93  1.32  1.03  0.81  0.69     1.44  0.81  1.68  2.24  1.06
180   80     0.74  0.92  1.13  1.42  1.81  1.85  1.99  1.59  1.25  0.99  0.78  0.67     1.26  0.78  1.45  1.81  1.00
180   90     0.71  0.88  1.07  1.33  1.61  1.58  1.72  1.46  1.17  0.95  0.74  0.64     1.15  0.74  1.33  1.58  0.95
             56.0  45.3  30.4  15.4   3.6   0.0   0.5   9.9  23.3  40.2  51.3  57.6     29.5  53.1  16.4   3.8  38.8
             4.25  4.19  3.91  4.33  4.47  3.84  4.69  4.63  4.01  4.25  3.88  4.13     4.21  4.17  4.18  4.38  3.99
             3.87  4.06  3.91  4.24  4.18  3.53  4.31  4.44  3.99  4.19  3.66  3.72     4.01  3.89  4.11  4.09  3.95
             1.10  1.03  1.00  1.02  1.07  1.09  1.09  1.04  1.01  1.01  1.06  1.11     1.05  1.08  1.03  1.07  1.03
             1.44  1.26  1.10  1.00  0.94  0.92  0.92  0.97  1.05  1.21  1.34  1.48     1.14  1.39  1.01  0.93  1.20
temperature   5.8   7.3  10.6  15.4  19.4  22.7  26.5  26.6  23.8  18.6  13.1   7.8     16.5   7.0  15.1  25.3  18.5
diffusedrad  1.19  1.48  1.80  2.15  2.39  2.39  2.45  2.29  1.98  1.59  1.25  1.07     1.84  1.25  2.12  2.38  1.60
snow10cm     0.00  0.00  0.00  0.00  0.00  0.00  0.00  0.00  0.00  0.00  0.00  0.00     0.00  0.00  0.00  0.00  0.00
