1 88061   阿久根          32  1.6  130   12   40
             2.09  2.76  3.48  4.36  4.72  4.16  5.13  5.16  4.31  3.61  2.58  2.10     3.71  2.32  4.19  4.81  3.50
             2.44  3.40  4.23  4.98  5.59  5.14  6.40  5.87  5.35  4.22  3.16  2.50     3.95  2.56  4.69  5.41  3.92
             1.70  2.07  2.29  3.71  3.58  3.04  4.01  4.24  3.45  2.92  2.20  1.64     3.41  1.95  3.53  3.93  3.09
  0   10     2.37  3.04  3.66  4.46  4.70  4.10  5.06  5.21  4.49  3.98  2.93  2.44     3.87  2.62  4.27  4.79  3.80
  0   20     2.61  3.25  3.78  4.47  4.60  3.98  4.91  5.16  4.59  4.25  3.22  2.72     3.96  2.86  4.28  4.69  4.02
  0   30     2.78  3.38  3.83  4.38  4.41  3.79  4.66  4.99  4.59  4.42  3.44  2.94     3.97  3.04  4.21  4.48  4.15
  0   40     2.89  3.44  3.79  4.20  4.13  3.53  4.33  4.72  4.49  4.49  3.57  3.10     3.89  3.14  4.04  4.20  4.18
  0   50     2.94  3.43  3.67  3.94  3.77  3.22  3.92  4.36  4.28  4.45  3.62  3.18     3.73  3.18  3.79  3.83  4.12
  0   60     2.91  3.34  3.47  3.60  3.34  2.85  3.43  3.90  3.98  4.30  3.59  3.18     3.49  3.14  3.47  3.39  3.96
  0   70     2.82  3.17  3.20  3.18  2.87  2.45  2.90  3.37  3.60  4.05  3.46  3.10     3.18  3.03  3.08  2.90  3.70
  0   80     2.67  2.93  2.86  2.71  2.37  2.03  2.34  2.78  3.14  3.71  3.26  2.95     2.81  2.85  2.65  2.39  3.37
  0   90     2.45  2.63  2.47  2.20  1.86  1.63  1.80  2.18  2.62  3.28  2.97  2.73     2.40  2.61  2.18  1.87  2.96
 15   10     2.36  3.02  3.65  4.46  4.70  4.11  5.06  5.21  4.48  3.96  2.91  2.42     3.86  2.60  4.27  4.79  3.78
 15   20     2.59  3.22  3.77  4.46  4.60  3.99  4.92  5.16  4.57  4.22  3.19  2.69     3.95  2.83  4.28  4.69  3.99
 15   30     2.75  3.35  3.81  4.38  4.41  3.80  4.68  5.00  4.57  4.38  3.40  2.90     3.95  3.00  4.20  4.49  4.11
 15   40     2.85  3.40  3.76  4.21  4.14  3.54  4.35  4.74  4.46  4.43  3.52  3.04     3.87  3.10  4.04  4.21  4.14
 15   50     2.89  3.38  3.63  3.95  3.78  3.23  3.94  4.37  4.25  4.38  3.56  3.11     3.71  3.13  3.79  3.85  4.07
 15   60     2.86  3.28  3.43  3.61  3.38  2.87  3.47  3.94  3.96  4.22  3.52  3.11     3.47  3.08  3.47  3.43  3.90
 15   70     2.77  3.11  3.15  3.21  2.91  2.48  2.96  3.42  3.58  3.97  3.39  3.02     3.17  2.97  3.09  2.95  3.65
 15   80     2.61  2.87  2.82  2.75  2.44  2.08  2.42  2.87  3.13  3.63  3.18  2.87     2.81  2.78  2.67  2.46  3.31
 15   90     2.40  2.56  2.43  2.28  1.95  1.69  1.91  2.29  2.63  3.20  2.89  2.65     2.41  2.54  2.22  1.96  2.91
 30   10     2.33  2.99  3.62  4.45  4.70  4.11  5.06  5.20  4.45  3.92  2.87  2.38     3.84  2.57  4.26  4.79  3.75
 30   20     2.53  3.16  3.72  4.45  4.60  3.99  4.92  5.15  4.53  4.15  3.11  2.62     3.91  2.77  4.26  4.69  3.93
 30   30     2.66  3.26  3.74  4.37  4.42  3.81  4.70  5.00  4.51  4.28  3.28  2.79     3.90  2.91  4.18  4.50  4.02
 30   40     2.74  3.30  3.68  4.20  4.16  3.57  4.39  4.75  4.38  4.31  3.38  2.90     3.81  2.98  4.01  4.24  4.02
 30   50     2.76  3.25  3.55  3.95  3.84  3.27  4.01  4.42  4.19  4.24  3.39  2.94     3.65  2.98  3.78  3.90  3.94
 30   60     2.71  3.14  3.34  3.63  3.45  2.94  3.58  4.00  3.90  4.08  3.32  2.91     3.42  2.92  3.47  3.51  3.77
 30   70     2.61  2.96  3.07  3.25  3.03  2.57  3.10  3.53  3.53  3.83  3.17  2.81     3.12  2.79  3.12  3.07  3.51
 30   80     2.44  2.71  2.75  2.83  2.59  2.21  2.62  3.03  3.12  3.49  2.96  2.65     2.78  2.60  2.72  2.62  3.19
 30   90     2.23  2.42  2.38  2.40  2.15  1.85  2.16  2.51  2.66  3.08  2.68  2.43     2.41  2.36  2.31  2.17  2.80
 45   10     2.29  2.94  3.59  4.43  4.70  4.11  5.06  5.18  4.41  3.86  2.81  2.32     3.81  2.52  4.24  4.78  3.69
 45   20     2.44  3.07  3.65  4.42  4.60  4.00  4.93  5.13  4.46  4.03  2.99  2.50     3.85  2.67  4.22  4.69  3.83
 45   30     2.54  3.14  3.64  4.33  4.42  3.82  4.71  4.98  4.41  4.12  3.11  2.63     3.82  2.77  4.13  4.50  3.88
 45   40     2.58  3.14  3.56  4.16  4.18  3.60  4.43  4.75  4.29  4.13  3.17  2.70     3.72  2.80  3.97  4.26  3.86
 45   50     2.57  3.07  3.42  3.92  3.88  3.32  4.08  4.43  4.07  4.04  3.14  2.70     3.55  2.78  3.74  3.94  3.75
 45   60     2.51  2.95  3.22  3.63  3.52  3.00  3.68  4.05  3.80  3.86  3.05  2.65     3.33  2.70  3.46  3.58  3.57
 45   70     2.39  2.76  2.95  3.27  3.14  2.67  3.26  3.63  3.46  3.62  2.89  2.53     3.05  2.56  3.12  3.19  3.32
 45   80     2.22  2.52  2.65  2.90  2.73  2.33  2.82  3.16  3.08  3.30  2.68  2.37     2.73  2.37  2.76  2.77  3.02
 45   90     2.01  2.25  2.31  2.50  2.33  2.00  2.39  2.71  2.66  2.93  2.41  2.15     2.39  2.14  2.38  2.37  2.67
 60   10     2.23  2.88  3.54  4.40  4.69  4.11  5.06  5.16  4.36  3.78  2.73  2.25     3.77  2.45  4.21  4.77  3.63
 60   20     2.32  2.96  3.56  4.37  4.59  4.00  4.93  5.09  4.36  3.88  2.85  2.37     3.77  2.55  4.17  4.67  3.70
 60   30     2.37  2.97  3.52  4.27  4.42  3.83  4.73  4.94  4.29  3.93  2.90  2.43     3.72  2.59  4.07  4.50  3.71
 60   40     2.38  2.94  3.42  4.09  4.19  3.62  4.45  4.70  4.14  3.88  2.90  2.45     3.60  2.59  3.90  4.26  3.64
 60   50     2.34  2.85  3.26  3.87  3.90  3.36  4.14  4.42  3.94  3.78  2.85  2.42     3.43  2.54  3.68  3.97  3.52
 60   60     2.25  2.71  3.05  3.58  3.57  3.06  3.77  4.07  3.66  3.60  2.73  2.34     3.20  2.44  3.40  3.63  3.33
 60   70     2.13  2.53  2.81  3.26  3.21  2.75  3.37  3.67  3.35  3.36  2.57  2.21     2.94  2.29  3.09  3.26  3.09
 60   80     1.97  2.30  2.53  2.92  2.85  2.43  2.97  3.26  2.99  3.07  2.37  2.05     2.64  2.11  2.76  2.89  2.81
 60   90     1.78  2.06  2.23  2.55  2.47  2.11  2.57  2.84  2.63  2.73  2.12  1.85     2.33  1.90  2.41  2.51  2.50
 75   10     2.16  2.81  3.48  4.37  4.68  4.11  5.05  5.13  4.30  3.69  2.64  2.17     3.71  2.38  4.17  4.76  3.54
 75   20     2.19  2.82  3.45  4.30  4.57  4.00  4.93  5.04  4.25  3.72  2.67  2.20     3.68  2.40  4.11  4.66  3.55
 75   30     2.19  2.79  3.37  4.18  4.40  3.84  4.73  4.88  4.14  3.68  2.66  2.21     3.59  2.40  3.98  4.48  3.49
 75   40     2.15  2.71  3.24  4.00  4.17  3.62  4.46  4.64  3.97  3.61  2.61  2.17     3.45  2.35  3.80  4.24  3.40
 75   50     2.09  2.60  3.07  3.77  3.89  3.37  4.15  4.35  3.74  3.46  2.51  2.11     3.26  2.27  3.58  3.96  3.24
 75   60     1.98  2.45  2.86  3.50  3.59  3.10  3.81  4.03  3.48  3.28  2.39  2.01     3.04  2.15  3.32  3.65  3.05
 75   70     1.86  2.27  2.62  3.20  3.24  2.79  3.44  3.66  3.18  3.04  2.22  1.88     2.78  2.00  3.02  3.30  2.81
 75   80     1.71  2.06  2.36  2.87  2.89  2.48  3.05  3.27  2.86  2.79  2.04  1.73     2.51  1.84  2.71  2.93  2.56
 75   90     1.54  1.85  2.10  2.55  2.55  2.19  2.68  2.89  2.53  2.49  1.83  1.56     2.23  1.65  2.40  2.59  2.28
 90   10     2.08  2.74  3.41  4.33  4.67  4.11  5.05  5.10  4.24  3.59  2.54  2.08     3.66  2.30  4.14  4.75  3.46
 90   20     2.05  2.68  3.33  4.23  4.55  4.00  4.92  4.97  4.13  3.53  2.48  2.03     3.58  2.25  4.04  4.63  3.38
 90   30     1.99  2.59  3.20  4.08  4.37  3.83  4.71  4.79  3.96  3.42  2.41  1.97     3.44  2.18  3.88  4.44  3.26
 90   40     1.92  2.47  3.03  3.88  4.13  3.62  4.44  4.54  3.76  3.28  2.30  1.89     3.27  2.10  3.68  4.20  3.11
 90   50     1.82  2.33  2.85  3.63  3.85  3.37  4.13  4.24  3.52  3.12  2.18  1.79     3.07  1.98  3.44  3.91  2.94
 90   60     1.71  2.18  2.64  3.36  3.54  3.09  3.79  3.91  3.24  2.90  2.03  1.69     2.84  1.86  3.18  3.60  2.73
 90   70     1.58  1.99  2.40  3.08  3.22  2.80  3.44  3.57  2.97  2.70  1.88  1.55     2.60  1.71  2.90  3.27  2.52
 90   80     1.45  1.82  2.17  2.77  2.88  2.50  3.07  3.20  2.66  2.45  1.70  1.42     2.34  1.56  2.61  2.92  2.27
 90   90     1.30  1.62  1.92  2.46  2.55  2.21  2.70  2.83  2.37  2.21  1.53  1.28     2.08  1.40  2.31  2.58  2.04
105   10     2.00  2.66  3.35  4.29  4.65  4.10  5.05  5.06  4.17  3.48  2.44  1.99     3.61  2.22  4.10  4.74  3.37
105   20     1.91  2.53  3.21  4.14  4.52  3.99  4.90  4.90  4.00  3.33  2.30  1.86     3.47  2.10  3.96  4.60  3.21
105   30     1.79  2.38  3.03  3.96  4.32  3.82  4.67  4.67  3.77  3.14  2.15  1.74     3.29  1.97  3.77  4.39  3.02
105   40     1.67  2.22  2.83  3.72  4.06  3.59  4.39  4.39  3.53  2.94  2.00  1.61     3.08  1.83  3.53  4.13  2.82
105   50     1.56  2.06  2.60  3.46  3.76  3.34  4.06  4.07  3.26  2.73  1.84  1.49     2.85  1.70  3.27  3.82  2.61
105   60     1.44  1.89  2.39  3.18  3.45  3.06  3.72  3.73  2.98  2.53  1.69  1.37     2.62  1.57  3.01  3.50  2.40
105   70     1.32  1.72  2.17  2.89  3.13  2.76  3.37  3.39  2.69  2.31  1.54  1.26     2.38  1.43  2.73  3.17  2.18
105   80     1.21  1.56  1.94  2.61  2.80  2.47  3.01  3.05  2.42  2.10  1.39  1.14     2.14  1.30  2.45  2.84  1.97
105   90     1.09  1.39  1.74  2.32  2.47  2.18  2.65  2.70  2.15  1.89  1.25  1.03     1.91  1.17  2.18  2.51  1.77
120   10     1.93  2.59  3.29  4.25  4.64  4.10  5.04  5.03  4.11  3.38  2.35  1.90     3.55  2.14  4.06  4.72  3.28
120   20     1.76  2.39  3.09  4.06  4.49  3.98  4.88  4.83  3.87  3.13  2.12  1.70     3.36  1.95  3.88  4.57  3.04
120   30     1.60  2.18  2.85  3.83  4.25  3.80  4.63  4.55  3.58  2.86  1.89  1.51     3.13  1.76  3.65  4.33  2.78
120   40     1.45  1.97  2.61  3.55  3.97  3.56  4.32  4.22  3.28  2.59  1.69  1.35     2.88  1.59  3.37  4.03  2.52
120   50     1.32  1.78  2.36  3.25  3.65  3.28  3.96  3.86  2.97  2.34  1.51  1.21     2.63  1.44  3.09  3.70  2.28
120   60     1.20  1.61  2.12  2.95  3.31  2.99  3.59  3.49  2.67  2.11  1.37  1.09     2.38  1.30  2.79  3.36  2.05
120   70     1.09  1.46  1.91  2.65  2.98  2.68  3.22  3.13  2.40  1.92  1.24  1.00     2.14  1.18  2.51  3.01  1.85
120   80     1.00  1.31  1.71  2.38  2.66  2.39  2.87  2.80  2.13  1.74  1.12  0.90     1.92  1.07  2.25  2.69  1.66
120   90     0.91  1.19  1.52  2.13  2.35  2.11  2.53  2.49  1.90  1.56  1.01  0.83     1.71  0.97  2.00  2.38  1.49
135   10     1.87  2.52  3.24  4.21  4.63  4.10  5.04  5.00  4.06  3.29  2.27  1.83     3.50  2.07  4.03  4.71  3.21
135   20     1.64  2.26  2.98  3.99  4.46  3.98  4.86  4.76  3.76  2.95  1.96  1.55     3.26  1.82  3.81  4.54  2.89
135   30     1.42  1.99  2.69  3.70  4.21  3.78  4.59  4.43  3.41  2.59  1.67  1.31     2.98  1.57  3.53  4.27  2.55
135   40     1.24  1.74  2.39  3.37  3.88  3.53  4.24  4.04  3.04  2.25  1.42  1.11     2.69  1.36  3.21  3.94  2.23
135   50     1.10  1.53  2.11  3.02  3.51  3.22  3.84  3.62  2.67  1.95  1.23  0.98     2.40  1.20  2.88  3.56  1.95
135   60     1.00  1.36  1.86  2.69  3.14  2.89  3.42  3.20  2.34  1.72  1.09  0.88     2.13  1.08  2.56  3.17  1.72
135   70     0.91  1.23  1.66  2.38  2.78  2.57  3.02  2.83  2.07  1.54  0.99  0.81     1.90  0.98  2.27  2.80  1.53
135   80     0.84  1.11  1.48  2.12  2.45  2.27  2.65  2.50  1.84  1.40  0.90  0.75     1.69  0.90  2.02  2.47  1.38
135   90     0.77  1.02  1.33  1.89  2.17  1.99  2.33  2.21  1.64  1.27  0.84  0.69     1.51  0.83  1.79  2.18  1.25
150   10     1.82  2.47  3.20  4.18  4.63  4.10  5.04  4.98  4.01  3.23  2.21  1.77     3.47  2.02  4.00  4.71  3.15
150   20     1.53  2.15  2.90  3.92  4.44  3.98  4.86  4.71  3.67  2.80  1.83  1.44     3.19  1.71  3.75  4.52  2.76
150   30     1.26  1.82  2.55  3.60  4.17  3.78  4.58  4.34  3.26  2.35  1.47  1.13     2.86  1.41  3.44  4.23  2.36
150   40     1.05  1.52  2.19  3.21  3.81  3.51  4.20  3.89  2.81  1.93  1.17  0.92     2.52  1.17  3.07  3.87  1.97
150   50     0.93  1.29  1.86  2.79  3.39  3.18  3.75  3.39  2.38  1.58  0.99  0.81     2.19  1.01  2.68  3.44  1.65
150   60     0.87  1.15  1.60  2.40  2.95  2.80  3.24  2.89  2.01  1.36  0.90  0.76     1.91  0.93  2.32  2.98  1.42
150   70     0.81  1.05  1.42  2.08  2.54  2.43  2.77  2.47  1.74  1.22  0.84  0.72     1.68  0.86  2.01  2.56  1.27
150   80     0.77  0.98  1.28  1.84  2.20  2.11  2.38  2.15  1.55  1.13  0.80  0.69     1.49  0.81  1.77  2.21  1.16
150   90     0.71  0.91  1.17  1.65  1.94  1.84  2.08  1.91  1.41  1.05  0.75  0.65     1.34  0.76  1.59  1.95  1.07
165   10     1.78  2.44  3.18  4.17  4.63  4.11  5.05  4.97  3.99  3.18  2.16  1.73     3.45  1.98  3.99  4.71  3.11
165   20     1.46  2.08  2.84  3.89  4.44  3.98  4.87  4.68  3.61  2.69  1.74  1.35     3.14  1.63  3.72  4.51  2.68
165   30     1.15  1.70  2.46  3.53  4.16  3.79  4.59  4.30  3.17  2.17  1.31  1.00     2.78  1.28  3.38  4.22  2.22
165   40     0.93  1.34  2.05  3.11  3.80  3.52  4.21  3.82  2.66  1.66  0.97  0.82     2.41  1.03  2.98  3.85  1.76
165   50     0.89  1.11  1.65  2.63  3.37  3.18  3.75  3.27  2.14  1.25  0.89  0.79     2.08  0.93  2.55  3.40  1.43
165   60     0.85  1.04  1.37  2.14  2.88  2.80  3.23  2.65  1.69  1.08  0.86  0.76     1.78  0.89  2.13  2.89  1.21
165   70     0.81  0.99  1.24  1.78  2.34  2.37  2.64  2.09  1.45  1.02  0.82  0.72     1.52  0.84  1.79  2.37  1.10
165   80     0.76  0.94  1.15  1.58  1.95  1.95  2.12  1.80  1.32  0.98  0.78  0.69     1.34  0.79  1.56  1.96  1.03
165   90     0.71  0.88  1.08  1.44  1.72  1.70  1.85  1.62  1.23  0.94  0.74  0.65     1.21  0.74  1.41  1.72  0.97
180   10     1.77  2.43  3.17  4.16  4.63  4.11  5.05  4.96  3.99  3.16  2.15  1.71     3.44  1.97  3.98  4.71  3.10
180   20     1.43  2.05  2.83  3.87  4.44  3.99  4.88  4.67  3.61  2.65  1.70  1.32     3.12  1.60  3.71  4.51  2.65
180   30     1.11  1.65  2.43  3.51  4.17  3.79  4.61  4.28  3.15  2.10  1.25  0.95     2.75  1.24  3.37  4.23  2.17
180   40     0.93  1.26  1.99  3.08  3.81  3.52  4.24  3.80  2.63  1.53  0.92  0.82     2.38  1.00  2.96  3.85  1.69
180   50     0.89  1.09  1.53  2.59  3.38  3.19  3.78  3.24  2.06  1.07  0.89  0.79     2.04  0.93  2.50  3.41  1.34
180   60     0.85  1.04  1.25  2.07  2.89  2.81  3.26  2.62  1.48  1.04  0.86  0.76     1.74  0.89  2.07  2.90  1.12
180   70     0.81  0.99  1.19  1.57  2.35  2.38  2.68  1.97  1.29  1.00  0.82  0.72     1.48  0.84  1.71  2.34  1.04
180   80     0.76  0.94  1.13  1.43  1.85  1.93  2.06  1.60  1.23  0.97  0.78  0.69     1.28  0.79  1.47  1.87  0.99
180   90     0.71  0.88  1.07  1.33  1.65  1.64  1.78  1.47  1.17  0.93  0.74  0.65     1.17  0.74  1.35  1.63  0.95
             51.6  42.9  30.4  15.8   3.7  -0.3   0.3  10.5  24.9  41.2  50.8  55.2     25.7  49.8  16.2   4.0  38.3
             2.94  3.45  3.83  4.48  4.72  4.15  5.11  5.21  4.61  4.49  3.62  3.19     4.15  3.18  4.29  4.81  4.19
             2.71  3.33  3.82  4.43  4.50  3.88  4.78  5.08  4.61  4.36  3.35  2.86     3.98  2.97  4.25  4.58  4.11
             1.08  1.04  1.00  1.01  1.05  1.07  1.07  1.03  1.00  1.03  1.08  1.12     1.05  1.08  1.02  1.05  1.04
             1.30  1.21  1.10  1.02  0.95  0.93  0.93  0.98  1.07  1.21  1.30  1.36     1.11  1.29  1.02  0.95  1.19
temperature   7.6   8.4  11.2  15.6  19.2  22.5  26.4  27.1  24.4  19.6  14.7   9.9     17.2   8.6  15.3  25.3  19.6
diffusedrad  1.19  1.48  1.80  2.16  2.41  2.42  2.44  2.24  1.98  1.56  1.25  1.08     1.83  1.25  2.12  2.37  1.60
snow10cm     0.00  0.00  0.00  0.00  0.00  0.00  0.00  0.00  0.00  0.00  0.00  0.00     0.00  0.00  0.00  0.00  0.00
