2 88442   鹿屋            31 23.4  130 51.8   80
             2.51  3.09  3.50  4.31  4.63  3.94  5.03  4.95  4.09  3.55  2.72  2.44     3.73  2.68  4.15  4.64  3.46
             2.78  3.78  4.44  5.21  5.56  4.80  6.55  5.68  5.20  4.32  3.30  2.85     4.05  2.93  4.88  5.37  3.84
             1.97  1.68  1.54  3.57  3.34  2.97  3.83  4.17  3.45  2.86  2.16  1.73     3.36  1.98  3.40  4.03  2.94
  0   10     2.92  3.42  3.67  4.40  4.61  3.89  4.96  4.99  4.25  3.89  3.09  2.88     3.92  3.07  4.23  4.62  3.75
  0   20     3.25  3.68  3.80  4.40  4.51  3.78  4.81  4.94  4.34  4.15  3.40  3.26     4.03  3.40  4.24  4.51  3.96
  0   30     3.52  3.86  3.84  4.31  4.32  3.60  4.57  4.78  4.32  4.30  3.64  3.56     4.05  3.64  4.16  4.31  4.09
  0   40     3.69  3.94  3.80  4.13  4.04  3.35  4.23  4.51  4.22  4.36  3.79  3.77     3.98  3.80  3.99  4.03  4.12
  0   50     3.78  3.94  3.67  3.86  3.69  3.06  3.83  4.16  4.02  4.30  3.84  3.88     3.84  3.87  3.74  3.68  4.05
  0   60     3.77  3.84  3.47  3.52  3.27  2.71  3.35  3.73  3.73  4.15  3.80  3.90     3.60  3.84  3.42  3.26  3.89
  0   70     3.67  3.65  3.19  3.11  2.81  2.34  2.83  3.22  3.37  3.90  3.67  3.82     3.30  3.71  3.04  2.79  3.65
  0   80     3.48  3.37  2.85  2.65  2.31  1.95  2.29  2.66  2.94  3.56  3.45  3.64     2.93  3.50  2.60  2.30  3.31
  0   90     3.21  3.02  2.45  2.15  1.81  1.58  1.76  2.09  2.45  3.15  3.14  3.37     2.52  3.20  2.14  1.81  2.91
 15   10     2.90  3.41  3.66  4.40  4.62  3.89  4.96  4.99  4.24  3.88  3.08  2.86     3.91  3.06  4.22  4.62  3.73
 15   20     3.23  3.66  3.78  4.40  4.51  3.78  4.82  4.93  4.32  4.12  3.38  3.22     4.01  3.37  4.23  4.51  3.94
 15   30     3.48  3.82  3.82  4.31  4.32  3.60  4.58  4.78  4.30  4.26  3.60  3.50     4.03  3.60  4.15  4.32  4.05
 15   40     3.64  3.90  3.77  4.14  4.05  3.36  4.25  4.53  4.19  4.30  3.73  3.70     3.96  3.75  3.99  4.05  4.08
 15   50     3.72  3.88  3.64  3.88  3.70  3.07  3.85  4.18  3.99  4.24  3.77  3.80     3.81  3.80  3.74  3.70  4.00
 15   60     3.71  3.77  3.43  3.54  3.30  2.74  3.39  3.76  3.71  4.09  3.73  3.81     3.58  3.76  3.42  3.29  3.84
 15   70     3.60  3.58  3.15  3.14  2.85  2.37  2.88  3.27  3.35  3.83  3.59  3.72     3.28  3.63  3.05  2.84  3.59
 15   80     3.41  3.30  2.81  2.69  2.38  2.00  2.37  2.74  2.93  3.49  3.36  3.54     2.92  3.42  2.63  2.37  3.26
 15   90     3.13  2.95  2.42  2.22  1.91  1.63  1.86  2.19  2.47  3.08  3.06  3.27     2.52  3.12  2.18  1.90  2.87
 30   10     2.86  3.37  3.64  4.38  4.61  3.89  4.96  4.98  4.22  3.84  3.03  2.81     3.88  3.02  4.21  4.61  3.70
 30   20     3.14  3.59  3.74  4.39  4.51  3.78  4.83  4.93  4.28  4.05  3.29  3.13     3.97  3.29  4.21  4.51  3.88
 30   30     3.36  3.72  3.75  4.30  4.33  3.62  4.60  4.78  4.25  4.17  3.48  3.36     3.98  3.48  4.13  4.33  3.97
 30   40     3.49  3.77  3.69  4.12  4.07  3.38  4.30  4.54  4.13  4.19  3.58  3.52     3.90  3.59  3.96  4.07  3.96
 30   50     3.53  3.73  3.56  3.88  3.75  3.11  3.92  4.22  3.93  4.11  3.59  3.58     3.74  3.62  3.73  3.75  3.88
 30   60     3.50  3.61  3.35  3.56  3.37  2.79  3.50  3.82  3.66  3.95  3.52  3.56     3.52  3.56  3.42  3.37  3.71
 30   70     3.38  3.40  3.07  3.19  2.96  2.45  3.03  3.37  3.31  3.70  3.36  3.45     3.22  3.41  3.07  2.95  3.46
 30   80     3.18  3.12  2.75  2.77  2.53  2.11  2.56  2.89  2.92  3.37  3.13  3.25     2.88  3.18  2.68  2.52  3.14
 30   90     2.90  2.78  2.37  2.35  2.10  1.77  2.11  2.40  2.49  2.96  2.83  2.98     2.50  2.89  2.27  2.10  2.76
 45   10     2.79  3.31  3.60  4.37  4.61  3.89  4.96  4.97  4.18  3.79  2.97  2.74     3.85  2.95  4.19  4.61  3.65
 45   20     3.02  3.48  3.66  4.36  4.51  3.79  4.84  4.92  4.22  3.95  3.16  2.97     3.91  3.16  4.18  4.51  3.78
 45   30     3.18  3.57  3.66  4.26  4.34  3.62  4.62  4.76  4.16  4.02  3.29  3.15     3.89  3.30  4.09  4.34  3.83
 45   40     3.26  3.58  3.58  4.10  4.10  3.41  4.34  4.54  4.04  4.02  3.35  3.25     3.80  3.36  3.92  4.10  3.81
 45   50     3.27  3.51  3.43  3.85  3.79  3.15  4.00  4.23  3.83  3.93  3.33  3.27     3.63  3.35  3.69  3.79  3.70
 45   60     3.21  3.38  3.22  3.56  3.45  2.85  3.60  3.87  3.58  3.75  3.23  3.21     3.41  3.27  3.41  3.44  3.52
 45   70     3.08  3.17  2.95  3.21  3.07  2.54  3.19  3.47  3.25  3.51  3.06  3.08     3.13  3.11  3.08  3.06  3.27
 45   80     2.88  2.90  2.66  2.84  2.67  2.22  2.76  3.02  2.89  3.19  2.84  2.89     2.81  2.89  2.72  2.67  2.97
 45   90     2.61  2.59  2.31  2.46  2.28  1.90  2.34  2.59  2.50  2.83  2.55  2.62     2.46  2.61  2.35  2.28  2.63
 60   10     2.71  3.24  3.55  4.34  4.60  3.89  4.96  4.95  4.14  3.71  2.88  2.64     3.80  2.86  4.17  4.60  3.58
 60   20     2.86  3.34  3.57  4.31  4.51  3.79  4.84  4.88  4.13  3.81  3.00  2.80     3.82  3.00  4.13  4.50  3.65
 60   30     2.95  3.37  3.53  4.21  4.34  3.63  4.64  4.73  4.06  3.84  3.07  2.89     3.77  3.07  4.03  4.34  3.66
 60   40     2.99  3.34  3.43  4.03  4.11  3.43  4.37  4.50  3.91  3.79  3.06  2.93     3.66  3.09  3.86  4.10  3.59
 60   50     2.96  3.25  3.27  3.81  3.83  3.18  4.05  4.23  3.71  3.68  3.01  2.91     3.49  3.04  3.64  3.82  3.47
 60   60     2.87  3.10  3.06  3.52  3.50  2.90  3.69  3.89  3.44  3.50  2.90  2.82     3.27  2.93  3.36  3.50  3.28
 60   70     2.73  2.90  2.81  3.21  3.15  2.61  3.30  3.51  3.16  3.26  2.71  2.67     3.00  2.77  3.06  3.14  3.04
 60   80     2.54  2.64  2.53  2.87  2.79  2.31  2.91  3.12  2.82  2.98  2.51  2.49     2.71  2.55  2.73  2.78  2.77
 60   90     2.29  2.36  2.23  2.51  2.42  2.01  2.52  2.72  2.48  2.65  2.25  2.25     2.39  2.30  2.39  2.42  2.46
 75   10     2.61  3.15  3.50  4.31  4.59  3.89  4.96  4.92  4.09  3.63  2.78  2.53     3.75  2.77  4.13  4.59  3.50
 75   20     2.67  3.17  3.47  4.25  4.49  3.79  4.84  4.84  4.03  3.65  2.82  2.59     3.72  2.81  4.07  4.49  3.50
 75   30     2.70  3.15  3.38  4.13  4.32  3.64  4.64  4.68  3.93  3.61  2.81  2.61     3.63  2.82  3.94  4.32  3.45
 75   40     2.67  3.07  3.26  3.95  4.09  3.44  4.38  4.45  3.76  3.53  2.76  2.58     3.49  2.77  3.77  4.09  3.35
 75   50     2.61  2.95  3.08  3.71  3.82  3.20  4.08  4.17  3.54  3.38  2.65  2.51     3.31  2.69  3.54  3.81  3.19
 75   60     2.50  2.78  2.87  3.45  3.52  2.94  3.74  3.86  3.30  3.20  2.53  2.40     3.09  2.56  3.28  3.51  3.01
 75   70     2.35  2.59  2.63  3.15  3.18  2.65  3.38  3.50  3.00  2.97  2.35  2.25     2.83  2.40  2.99  3.18  2.77
 75   80     2.17  2.36  2.37  2.83  2.84  2.36  2.99  3.13  2.71  2.72  2.16  2.08     2.56  2.20  2.68  2.83  2.53
 75   90     1.96  2.11  2.11  2.51  2.50  2.08  2.63  2.77  2.39  2.42  1.94  1.87     2.27  1.98  2.37  2.49  2.25
 90   10     2.50  3.06  3.43  4.27  4.59  3.89  4.96  4.90  4.03  3.53  2.67  2.41     3.69  2.66  4.10  4.58  3.41
 90   20     2.47  2.99  3.35  4.18  4.47  3.79  4.83  4.78  3.92  3.47  2.62  2.36     3.60  2.61  4.00  4.47  3.34
 90   30     2.41  2.90  3.22  4.03  4.29  3.64  4.63  4.60  3.77  3.36  2.54  2.30     3.47  2.54  3.85  4.29  3.22
 90   40     2.34  2.78  3.05  3.83  4.05  3.43  4.37  4.36  3.58  3.23  2.42  2.21     3.30  2.44  3.65  4.05  3.08
 90   50     2.23  2.62  2.87  3.59  3.78  3.20  4.06  4.07  3.35  3.06  2.30  2.10     3.10  2.31  3.41  3.77  2.90
 90   60     2.11  2.45  2.65  3.32  3.48  2.94  3.73  3.76  3.09  2.85  2.14  1.98     2.88  2.18  3.15  3.48  2.69
 90   70     1.96  2.25  2.42  3.04  3.16  2.66  3.38  3.43  2.82  2.65  1.99  1.83     2.63  2.01  2.87  3.16  2.48
 90   80     1.81  2.05  2.18  2.73  2.82  2.37  3.02  3.07  2.53  2.40  1.80  1.67     2.37  1.85  2.58  2.82  2.24
 90   90     1.63  1.83  1.93  2.43  2.50  2.10  2.66  2.72  2.25  2.16  1.62  1.51     2.11  1.65  2.29  2.49  2.01
105   10     2.40  2.97  3.37  4.23  4.57  3.89  4.96  4.87  3.97  3.43  2.57  2.30     3.63  2.55  4.06  4.57  3.33
105   20     2.27  2.82  3.23  4.10  4.44  3.79  4.82  4.72  3.81  3.28  2.42  2.15     3.49  2.41  3.92  4.44  3.17
105   30     2.13  2.64  3.05  3.91  4.25  3.62  4.60  4.50  3.60  3.10  2.26  1.99     3.31  2.25  3.73  4.24  2.99
105   40     1.99  2.47  2.84  3.68  3.99  3.42  4.32  4.23  3.37  2.90  2.10  1.84     3.10  2.10  3.51  3.99  2.79
105   50     1.86  2.29  2.62  3.42  3.71  3.17  4.00  3.92  3.12  2.70  1.93  1.71     2.87  1.95  3.25  3.70  2.58
105   60     1.73  2.09  2.40  3.14  3.40  2.91  3.67  3.59  2.85  2.49  1.77  1.56     2.63  1.79  2.98  3.39  2.37
105   70     1.59  1.92  2.18  2.86  3.08  2.63  3.32  3.27  2.57  2.27  1.62  1.44     2.40  1.65  2.71  3.07  2.15
105   80     1.46  1.73  1.95  2.58  2.76  2.35  2.96  2.94  2.32  2.07  1.46  1.30     2.16  1.50  2.43  2.75  1.95
105   90     1.32  1.56  1.75  2.29  2.44  2.07  2.61  2.60  2.06  1.86  1.32  1.18     1.92  1.35  2.16  2.43  1.74
120   10     2.29  2.88  3.31  4.20  4.56  3.89  4.95  4.84  3.92  3.34  2.47  2.19     3.57  2.45  4.02  4.56  3.24
120   20     2.07  2.64  3.11  4.02  4.41  3.78  4.80  4.65  3.70  3.10  2.22  1.93     3.37  2.21  3.85  4.41  3.01
120   30     1.86  2.40  2.87  3.79  4.19  3.61  4.56  4.39  3.44  2.84  1.98  1.70     3.13  1.98  3.62  4.19  2.75
120   40     1.67  2.16  2.62  3.52  3.92  3.39  4.26  4.08  3.15  2.57  1.77  1.50     2.88  1.78  3.35  3.91  2.50
120   50     1.51  1.94  2.37  3.22  3.60  3.13  3.91  3.73  2.86  2.33  1.58  1.34     2.63  1.60  3.07  3.59  2.26
120   60     1.36  1.76  2.13  2.92  3.27  2.85  3.55  3.38  2.58  2.10  1.43  1.20     2.38  1.44  2.78  3.26  2.03
120   70     1.25  1.59  1.92  2.63  2.94  2.56  3.18  3.04  2.31  1.91  1.28  1.09     2.14  1.31  2.50  2.93  1.83
120   80     1.14  1.42  1.72  2.36  2.62  2.28  2.83  2.71  2.06  1.73  1.16  0.99     1.92  1.19  2.23  2.61  1.65
120   90     1.04  1.29  1.53  2.11  2.32  2.01  2.50  2.42  1.84  1.55  1.05  0.91     1.71  1.08  1.99  2.31  1.48
135   10     2.20  2.80  3.26  4.16  4.55  3.89  4.95  4.82  3.87  3.26  2.38  2.09     3.52  2.36  3.99  4.55  3.17
135   20     1.89  2.48  3.00  3.95  4.39  3.78  4.79  4.59  3.60  2.93  2.05  1.74     3.27  2.04  3.78  4.39  2.86
135   30     1.60  2.16  2.71  3.67  4.14  3.60  4.53  4.28  3.28  2.58  1.74  1.43     2.98  1.73  3.51  4.14  2.53
135   40     1.35  1.87  2.40  3.34  3.83  3.36  4.19  3.92  2.94  2.25  1.47  1.18     2.68  1.47  3.19  3.82  2.22
135   50     1.18  1.63  2.12  3.00  3.47  3.08  3.79  3.52  2.60  1.96  1.27  1.02     2.39  1.28  2.86  3.46  1.94
135   60     1.06  1.44  1.87  2.67  3.10  2.76  3.38  3.12  2.29  1.73  1.12  0.91     2.12  1.14  2.55  3.09  1.71
135   70     0.97  1.29  1.66  2.37  2.75  2.46  2.99  2.75  2.02  1.55  1.01  0.83     1.89  1.03  2.26  2.73  1.53
135   80     0.91  1.17  1.48  2.11  2.43  2.17  2.63  2.43  1.79  1.40  0.93  0.77     1.69  0.95  2.01  2.41  1.38
135   90     0.84  1.08  1.33  1.88  2.14  1.91  2.31  2.15  1.60  1.28  0.86  0.72     1.51  0.88  1.78  2.12  1.25
150   10     2.13  2.73  3.22  4.14  4.55  3.89  4.95  4.80  3.83  3.19  2.31  2.01     3.48  2.29  3.97  4.55  3.11
150   20     1.74  2.35  2.91  3.89  4.37  3.78  4.78  4.55  3.52  2.78  1.91  1.59     3.18  1.89  3.73  4.37  2.74
150   30     1.37  1.96  2.57  3.57  4.11  3.60  4.51  4.20  3.15  2.35  1.52  1.20     2.84  1.51  3.42  4.10  2.34
150   40     1.09  1.60  2.21  3.19  3.77  3.35  4.15  3.78  2.74  1.95  1.21  0.92     2.50  1.21  3.06  3.76  1.96
150   50     0.93  1.33  1.88  2.79  3.36  3.04  3.71  3.31  2.34  1.61  1.00  0.79     2.17  1.02  2.67  3.35  1.65
150   60     0.86  1.17  1.61  2.40  2.93  2.69  3.22  2.84  1.99  1.38  0.90  0.74     1.89  0.92  2.31  2.92  1.42
150   70     0.81  1.07  1.42  2.08  2.52  2.34  2.75  2.43  1.73  1.24  0.84  0.71     1.66  0.86  2.01  2.51  1.27
150   80     0.77  1.00  1.28  1.83  2.19  2.03  2.37  2.12  1.54  1.15  0.80  0.68     1.48  0.81  1.77  2.17  1.16
150   90     0.73  0.93  1.17  1.64  1.92  1.78  2.06  1.88  1.39  1.06  0.76  0.65     1.33  0.77  1.58  1.91  1.07
165   10     2.08  2.69  3.20  4.12  4.55  3.90  4.96  4.78  3.81  3.15  2.27  1.96     3.46  2.24  3.96  4.55  3.08
165   20     1.63  2.26  2.86  3.85  4.37  3.79  4.79  4.52  3.47  2.69  1.81  1.47     3.13  1.79  3.69  4.37  2.66
165   30     1.20  1.81  2.48  3.51  4.11  3.60  4.52  4.16  3.07  2.19  1.36  1.03     2.75  1.35  3.36  4.10  2.21
165   40     0.90  1.38  2.06  3.09  3.76  3.35  4.16  3.72  2.61  1.70  0.98  0.78     2.37  1.02  2.97  3.74  1.76
165   50     0.86  1.09  1.66  2.63  3.34  3.04  3.72  3.20  2.13  1.29  0.88  0.76     2.05  0.90  2.54  3.32  1.43
165   60     0.83  1.02  1.37  2.15  2.86  2.69  3.21  2.63  1.70  1.11  0.85  0.73     1.76  0.86  2.13  2.84  1.22
165   70     0.80  0.98  1.23  1.78  2.34  2.29  2.64  2.09  1.46  1.05  0.82  0.71     1.51  0.83  1.78  2.34  1.11
165   80     0.76  0.93  1.15  1.57  1.94  1.90  2.12  1.79  1.33  1.00  0.79  0.68     1.33  0.79  1.55  1.93  1.04
165   90     0.72  0.89  1.08  1.43  1.71  1.65  1.84  1.61  1.23  0.96  0.75  0.65     1.21  0.75  1.41  1.70  0.98
180   10     2.06  2.68  3.19  4.11  4.55  3.90  4.96  4.78  3.81  3.13  2.26  1.94     3.45  2.23  3.95  4.55  3.07
180   20     1.59  2.23  2.85  3.84  4.38  3.79  4.80  4.51  3.46  2.65  1.77  1.44     3.11  1.75  3.69  4.37  2.63
180   30     1.14  1.75  2.45  3.48  4.11  3.61  4.54  4.14  3.05  2.12  1.29  0.96     2.72  1.28  3.35  4.10  2.15
180   40     0.89  1.27  2.01  3.06  3.76  3.36  4.18  3.69  2.58  1.58  0.91  0.78     2.34  0.98  2.94  3.75  1.69
180   50     0.86  1.06  1.54  2.59  3.35  3.05  3.74  3.17  2.06  1.10  0.88  0.76     2.01  0.89  2.49  3.32  1.35
180   60     0.83  1.02  1.24  2.08  2.87  2.70  3.23  2.60  1.52  1.07  0.85  0.73     1.73  0.86  2.06  2.84  1.15
180   70     0.80  0.98  1.18  1.57  2.35  2.30  2.67  1.98  1.31  1.03  0.82  0.71     1.47  0.83  1.70  2.32  1.05
180   80     0.76  0.93  1.12  1.42  1.85  1.88  2.07  1.60  1.24  0.99  0.79  0.68     1.28  0.79  1.46  1.85  1.01
180   90     0.72  0.89  1.06  1.33  1.63  1.60  1.77  1.46  1.18  0.95  0.75  0.65     1.17  0.75  1.34  1.61  0.96
             54.3  44.2  30.0  15.2   3.3  -0.5  -0.1   9.9  23.8  40.2  50.8  56.7     27.8  51.9  15.8   3.5  38.2
             3.79  3.95  3.84  4.41  4.64  3.93  5.02  4.99  4.34  4.36  3.84  3.91     4.25  3.87  4.24  4.64  4.12
             3.46  3.83  3.84  4.34  4.37  3.64  4.63  4.82  4.33  4.28  3.59  3.50     4.05  3.60  4.18  4.36  4.07
             1.10  1.03  1.00  1.02  1.06  1.08  1.08  1.04  1.00  1.02  1.07  1.12     1.05  1.08  1.03  1.07  1.03
             1.38  1.24  1.10  1.01  0.94  0.92  0.92  0.97  1.06  1.21  1.32  1.43     1.13  1.35  1.02  0.94  1.19
temperature   7.2   8.4  11.5  15.9  19.7  22.9  26.9  27.1  24.6  19.4  14.1   9.0     17.2   8.2  15.7  25.6  19.4
diffusedrad  1.21  1.49  1.78  2.14  2.40  2.38  2.43  2.25  1.98  1.59  1.26  1.09     1.83  1.26  2.11  2.35  1.61
snow10cm     0.00  0.00  0.00  0.00  0.00  0.00  0.00  0.00  0.00  0.00  0.00  0.00     0.00  0.00  0.00  0.00  0.00
