1 88836   名瀬            28 22.7  129 29.7    3
             1.76  2.15  2.76  3.61  4.15  4.14  5.39  4.67  3.95  3.06  2.29  1.85     3.32  1.92  3.51  4.73  3.10
             2.22  2.99  3.65  4.60  5.04  5.39  5.83  5.67  4.67  3.56  2.91  2.29     3.56  2.23  3.99  5.48  3.59
             1.56  1.69  2.09  3.03  3.53  3.38  4.41  4.15  3.30  2.70  1.93  1.62     3.20  1.66  3.19  4.28  2.82
  0   10     1.88  2.26  2.82  3.65  4.11  4.08  5.28  4.68  4.06  3.24  2.45  2.00     3.38  2.05  3.53  4.68  3.25
  0   20     1.96  2.32  2.85  3.63  4.01  3.95  5.09  4.61  4.09  3.35  2.59  2.13     3.38  2.14  3.50  4.55  3.34
  0   30     2.01  2.35  2.83  3.53  3.84  3.75  4.79  4.43  4.05  3.40  2.67  2.21     3.32  2.19  3.40  4.32  3.37
  0   40     2.02  2.33  2.76  3.37  3.60  3.48  4.41  4.18  3.92  3.37  2.70  2.25     3.20  2.20  3.24  4.02  3.33
  0   50     2.00  2.26  2.64  3.15  3.29  3.16  3.94  3.84  3.71  3.28  2.67  2.24     3.02  2.17  3.03  3.65  3.22
  0   60     1.93  2.16  2.47  2.88  2.94  2.79  3.40  3.43  3.43  3.12  2.59  2.19     2.78  2.09  2.76  3.21  3.05
  0   70     1.83  2.02  2.26  2.56  2.54  2.40  2.84  2.95  3.08  2.90  2.46  2.09     2.49  1.98  2.46  2.73  2.81
  0   80     1.70  1.84  2.02  2.20  2.13  1.99  2.24  2.45  2.68  2.62  2.28  1.95     2.17  1.83  2.12  2.23  2.52
  0   90     1.54  1.64  1.75  1.83  1.72  1.62  1.69  1.93  2.24  2.30  2.05  1.78     1.84  1.65  1.76  1.75  2.20
 15   10     1.87  2.25  2.81  3.65  4.11  4.08  5.28  4.68  4.05  3.23  2.44  2.00     3.37  2.04  3.53  4.68  3.24
 15   20     1.95  2.31  2.84  3.62  4.01  3.95  5.09  4.61  4.08  3.33  2.57  2.12     3.38  2.13  3.49  4.55  3.33
 15   30     2.00  2.33  2.82  3.53  3.84  3.75  4.81  4.44  4.03  3.37  2.65  2.19     3.31  2.17  3.40  4.34  3.35
 15   40     2.01  2.31  2.75  3.37  3.60  3.49  4.43  4.19  3.90  3.34  2.67  2.23     3.19  2.18  3.24  4.04  3.31
 15   50     1.98  2.24  2.62  3.15  3.30  3.18  3.98  3.85  3.69  3.24  2.64  2.21     3.01  2.14  3.02  3.67  3.19
 15   60     1.91  2.14  2.45  2.88  2.96  2.82  3.46  3.45  3.41  3.08  2.56  2.15     2.77  2.07  2.76  3.25  3.01
 15   70     1.81  1.99  2.25  2.57  2.57  2.44  2.91  3.00  3.07  2.86  2.42  2.06     2.49  1.95  2.46  2.78  2.78
 15   80     1.67  1.81  2.00  2.22  2.17  2.05  2.35  2.52  2.68  2.58  2.23  1.92     2.18  1.80  2.13  2.31  2.50
 15   90     1.51  1.61  1.73  1.86  1.78  1.68  1.83  2.03  2.25  2.26  2.01  1.74     1.86  1.62  1.79  1.85  2.17
 30   10     1.86  2.24  2.80  3.64  4.11  4.08  5.28  4.68  4.03  3.21  2.42  1.98     3.36  2.03  3.52  4.68  3.22
 30   20     1.93  2.29  2.82  3.61  4.02  3.96  5.11  4.61  4.05  3.29  2.53  2.08     3.36  2.10  3.48  4.56  3.29
 30   30     1.96  2.30  2.79  3.51  3.85  3.77  4.84  4.44  3.99  3.32  2.59  2.14     3.29  2.13  3.38  4.35  3.30
 30   40     1.96  2.26  2.71  3.36  3.62  3.52  4.50  4.20  3.85  3.27  2.60  2.16     3.17  2.13  3.23  4.07  3.24
 30   50     1.92  2.19  2.58  3.14  3.33  3.22  4.07  3.88  3.65  3.16  2.55  2.13     2.98  2.08  3.02  3.72  3.12
 30   60     1.84  2.08  2.41  2.88  3.00  2.89  3.60  3.51  3.37  2.99  2.45  2.06     2.76  1.99  2.76  3.33  2.94
 30   70     1.73  1.93  2.20  2.58  2.64  2.53  3.10  3.09  3.04  2.77  2.31  1.96     2.49  1.87  2.47  2.90  2.71
 30   80     1.60  1.75  1.96  2.26  2.28  2.17  2.59  2.65  2.67  2.49  2.12  1.81     2.19  1.72  2.17  2.47  2.43
 30   90     1.43  1.54  1.70  1.92  1.92  1.83  2.12  2.21  2.28  2.19  1.89  1.64     1.89  1.54  1.85  2.05  2.12
 45   10     1.84  2.22  2.78  3.63  4.11  4.09  5.29  4.67  4.00  3.17  2.39  1.95     3.35  2.00  3.51  4.68  3.19
 45   20     1.89  2.25  2.79  3.59  4.02  3.97  5.13  4.59  4.00  3.23  2.47  2.02     3.33  2.05  3.46  4.56  3.23
 45   30     1.90  2.24  2.74  3.49  3.85  3.79  4.88  4.44  3.93  3.23  2.50  2.06     3.25  2.07  3.36  4.37  3.22
 45   40     1.88  2.19  2.65  3.33  3.63  3.55  4.56  4.20  3.79  3.17  2.48  2.05     3.12  2.04  3.21  4.10  3.15
 45   50     1.82  2.11  2.52  3.12  3.36  3.27  4.18  3.91  3.57  3.05  2.42  2.01     2.94  1.98  3.00  3.79  3.01
 45   60     1.74  1.99  2.34  2.87  3.05  2.95  3.74  3.56  3.31  2.87  2.30  1.93     2.72  1.88  2.75  3.42  2.83
 45   70     1.62  1.83  2.14  2.59  2.72  2.62  3.29  3.18  2.99  2.65  2.15  1.81     2.47  1.75  2.48  3.03  2.60
 45   80     1.48  1.66  1.91  2.28  2.38  2.29  2.83  2.77  2.66  2.38  1.96  1.66     2.19  1.60  2.19  2.63  2.33
 45   90     1.32  1.46  1.67  1.98  2.05  1.97  2.40  2.37  2.30  2.10  1.75  1.49     1.91  1.43  1.90  2.25  2.05
 60   10     1.81  2.19  2.76  3.62  4.11  4.09  5.29  4.66  3.97  3.13  2.35  1.91     3.33  1.97  3.50  4.68  3.15
 60   20     1.83  2.20  2.75  3.56  4.01  3.98  5.14  4.57  3.94  3.15  2.39  1.95     3.29  1.99  3.44  4.57  3.16
 60   30     1.82  2.17  2.68  3.46  3.85  3.81  4.92  4.42  3.85  3.12  2.38  1.96     3.20  1.98  3.33  4.38  3.12
 60   40     1.78  2.10  2.58  3.29  3.64  3.58  4.61  4.19  3.69  3.03  2.33  1.92     3.06  1.94  3.17  4.13  3.02
 60   50     1.71  2.00  2.44  3.09  3.38  3.31  4.26  3.91  3.48  2.90  2.25  1.86     2.88  1.86  2.97  3.83  2.88
 60   60     1.61  1.88  2.26  2.84  3.09  3.02  3.87  3.59  3.22  2.72  2.13  1.76     2.67  1.75  2.73  3.49  2.69
 60   70     1.50  1.73  2.06  2.57  2.77  2.70  3.45  3.22  2.93  2.50  1.97  1.64     2.42  1.62  2.47  3.13  2.47
 60   80     1.36  1.56  1.85  2.29  2.46  2.39  3.02  2.86  2.61  2.26  1.79  1.50     2.16  1.47  2.20  2.76  2.22
 60   90     1.21  1.38  1.63  2.00  2.15  2.08  2.62  2.49  2.28  2.00  1.59  1.33     1.90  1.31  1.93  2.40  1.96
 75   10     1.78  2.16  2.73  3.60  4.10  4.09  5.30  4.64  3.93  3.09  2.30  1.87     3.30  1.94  3.48  4.68  3.11
 75   20     1.77  2.14  2.69  3.53  4.01  3.98  5.16  4.54  3.87  3.06  2.29  1.87     3.24  1.93  3.41  4.56  3.08
 75   30     1.73  2.09  2.61  3.41  3.85  3.82  4.94  4.38  3.75  2.99  2.25  1.84     3.14  1.89  3.29  4.38  3.00
 75   40     1.67  2.00  2.49  3.24  3.64  3.60  4.65  4.16  3.58  2.88  2.17  1.78     2.99  1.82  3.12  4.14  2.88
 75   50     1.59  1.89  2.34  3.03  3.38  3.34  4.31  3.88  3.35  2.73  2.06  1.70     2.80  1.73  2.92  3.84  2.71
 75   60     1.48  1.76  2.17  2.80  3.11  3.06  3.95  3.58  3.11  2.55  1.94  1.59     2.59  1.61  2.69  3.53  2.53
 75   70     1.36  1.61  1.98  2.54  2.81  2.76  3.56  3.24  2.82  2.33  1.78  1.47     2.36  1.48  2.44  3.19  2.31
 75   80     1.23  1.45  1.77  2.27  2.50  2.45  3.15  2.88  2.53  2.11  1.61  1.33     2.11  1.34  2.18  2.83  2.08
 75   90     1.09  1.29  1.57  2.00  2.20  2.16  2.76  2.54  2.23  1.86  1.43  1.18     1.86  1.19  1.92  2.49  1.84
 90   10     1.74  2.13  2.71  3.58  4.10  4.10  5.30  4.62  3.89  3.03  2.25  1.83     3.27  1.90  3.46  4.67  3.06
 90   20     1.70  2.08  2.64  3.49  4.00  3.99  5.16  4.50  3.79  2.96  2.19  1.78     3.19  1.85  3.38  4.55  2.98
 90   30     1.64  2.00  2.53  3.35  3.83  3.83  4.94  4.33  3.63  2.85  2.11  1.72     3.06  1.78  3.24  4.37  2.87
 90   40     1.55  1.90  2.40  3.18  3.62  3.61  4.66  4.10  3.44  2.71  2.00  1.63     2.90  1.69  3.06  4.12  2.72
 90   50     1.45  1.77  2.24  2.96  3.37  3.35  4.33  3.82  3.21  2.54  1.88  1.53     2.70  1.59  2.86  3.83  2.54
 90   60     1.35  1.64  2.06  2.72  3.09  3.08  3.97  3.51  2.95  2.35  1.74  1.42     2.49  1.47  2.63  3.52  2.34
 90   70     1.23  1.49  1.87  2.48  2.80  2.79  3.59  3.19  2.68  2.15  1.59  1.30     2.26  1.34  2.38  3.19  2.14
 90   80     1.11  1.34  1.68  2.22  2.50  2.48  3.20  2.86  2.40  1.93  1.43  1.17     2.03  1.21  2.13  2.85  1.92
 90   90     0.98  1.19  1.49  1.96  2.21  2.19  2.81  2.52  2.12  1.72  1.28  1.04     1.79  1.07  1.88  2.51  1.71
105   10     1.71  2.10  2.68  3.56  4.09  4.10  5.31  4.60  3.85  2.98  2.19  1.78     3.25  1.86  3.44  4.67  3.01
105   20     1.63  2.02  2.58  3.45  3.98  4.00  5.16  4.46  3.70  2.86  2.09  1.69     3.14  1.78  3.34  4.54  2.88
105   30     1.54  1.91  2.45  3.29  3.81  3.83  4.93  4.26  3.51  2.71  1.97  1.59     2.98  1.68  3.19  4.34  2.73
105   40     1.44  1.79  2.30  3.10  3.59  3.60  4.64  4.01  3.29  2.53  1.84  1.48     2.80  1.57  2.99  4.08  2.55
105   50     1.33  1.65  2.13  2.87  3.33  3.35  4.29  3.72  3.04  2.34  1.69  1.37     2.59  1.45  2.77  3.78  2.36
105   60     1.22  1.51  1.95  2.63  3.05  3.06  3.93  3.40  2.77  2.15  1.55  1.25     2.37  1.33  2.54  3.46  2.16
105   70     1.11  1.37  1.76  2.38  2.76  2.77  3.55  3.08  2.50  1.94  1.41  1.14     2.15  1.21  2.30  3.13  1.95
105   80     1.00  1.23  1.58  2.13  2.46  2.47  3.17  2.76  2.24  1.75  1.26  1.03     1.92  1.09  2.06  2.80  1.75
105   90     0.89  1.10  1.40  1.89  2.17  2.17  2.79  2.44  1.98  1.56  1.13  0.92     1.70  0.97  1.82  2.47  1.56
120   10     1.67  2.07  2.65  3.54  4.09  4.10  5.31  4.58  3.81  2.93  2.15  1.74     3.22  1.83  3.43  4.67  2.96
120   20     1.57  1.96  2.53  3.41  3.97  4.00  5.16  4.42  3.62  2.76  1.99  1.61     3.08  1.71  3.30  4.53  2.79
120   30     1.45  1.82  2.37  3.23  3.78  3.82  4.91  4.19  3.39  2.56  1.83  1.48     2.90  1.59  3.13  4.31  2.59
120   40     1.34  1.68  2.20  3.01  3.54  3.59  4.59  3.90  3.12  2.35  1.67  1.35     2.69  1.45  2.92  4.03  2.38
120   50     1.22  1.53  2.01  2.77  3.27  3.32  4.22  3.58  2.85  2.13  1.52  1.22     2.47  1.33  2.68  3.71  2.17
120   60     1.11  1.40  1.82  2.51  2.97  3.02  3.83  3.24  2.57  1.93  1.37  1.11     2.24  1.21  2.44  3.36  1.96
120   70     1.01  1.26  1.64  2.26  2.67  2.71  3.43  2.91  2.30  1.74  1.24  1.01     2.02  1.09  2.19  3.02  1.76
120   80     0.91  1.13  1.47  2.02  2.38  2.41  3.04  2.59  2.04  1.57  1.12  0.91     1.80  0.98  1.96  2.68  1.57
120   90     0.82  1.01  1.31  1.79  2.10  2.12  2.67  2.29  1.81  1.40  1.00  0.82     1.60  0.89  1.73  2.36  1.40
135   10     1.65  2.04  2.63  3.52  4.09  4.11  5.32  4.57  3.77  2.88  2.10  1.70     3.20  1.80  3.41  4.66  2.92
135   20     1.51  1.90  2.48  3.38  3.96  4.00  5.15  4.38  3.55  2.67  1.91  1.54     3.04  1.65  3.27  4.51  2.71
135   30     1.37  1.74  2.30  3.17  3.76  3.82  4.90  4.12  3.27  2.43  1.71  1.37     2.83  1.50  3.08  4.28  2.47
135   40     1.24  1.58  2.10  2.93  3.50  3.58  4.54  3.79  2.96  2.17  1.52  1.23     2.60  1.35  2.84  3.97  2.22
135   50     1.12  1.43  1.90  2.65  3.20  3.28  4.12  3.42  2.65  1.94  1.35  1.10     2.35  1.22  2.58  3.61  1.98
135   60     1.02  1.29  1.70  2.38  2.88  2.96  3.68  3.05  2.34  1.73  1.22  1.00     2.10  1.10  2.32  3.23  1.76
135   70     0.93  1.17  1.52  2.12  2.56  2.63  3.24  2.69  2.07  1.55  1.10  0.92     1.88  1.00  2.07  2.85  1.58
135   80     0.85  1.05  1.36  1.88  2.26  2.32  2.84  2.37  1.84  1.39  1.00  0.84     1.67  0.91  1.83  2.51  1.41
135   90     0.77  0.95  1.22  1.67  1.98  2.03  2.48  2.09  1.63  1.25  0.91  0.76     1.48  0.83  1.62  2.20  1.27
150   10     1.63  2.02  2.61  3.51  4.08  4.11  5.32  4.56  3.75  2.85  2.07  1.67     3.18  1.77  3.40  4.66  2.89
150   20     1.47  1.86  2.44  3.35  3.95  4.00  5.16  4.35  3.49  2.60  1.84  1.48     3.00  1.60  3.25  4.50  2.64
150   30     1.31  1.68  2.24  3.13  3.75  3.82  4.89  4.07  3.18  2.31  1.60  1.29     2.77  1.43  3.04  4.26  2.36
150   40     1.16  1.50  2.02  2.86  3.47  3.58  4.52  3.70  2.82  2.02  1.39  1.12     2.51  1.26  2.78  3.93  2.08
150   50     1.04  1.33  1.79  2.55  3.14  3.26  4.06  3.28  2.46  1.75  1.22  1.01     2.24  1.13  2.50  3.53  1.81
150   60     0.96  1.20  1.58  2.25  2.78  2.90  3.53  2.84  2.12  1.53  1.11  0.93     1.98  1.03  2.20  3.09  1.59
150   70     0.90  1.10  1.41  1.97  2.42  2.53  3.01  2.44  1.84  1.38  1.02  0.87     1.74  0.95  1.93  2.66  1.41
150   80     0.83  1.00  1.27  1.74  2.10  2.19  2.57  2.12  1.63  1.26  0.95  0.81     1.54  0.88  1.70  2.29  1.28
150   90     0.76  0.92  1.15  1.54  1.84  1.91  2.22  1.87  1.46  1.15  0.87  0.74     1.37  0.81  1.51  2.00  1.16
165   10     1.61  2.01  2.60  3.50  4.08  4.11  5.32  4.55  3.73  2.83  2.05  1.65     3.17  1.76  3.40  4.66  2.87
165   20     1.44  1.84  2.42  3.33  3.95  4.01  5.16  4.34  3.46  2.55  1.80  1.44     2.98  1.57  3.23  4.50  2.60
165   30     1.26  1.64  2.21  3.10  3.74  3.83  4.89  4.04  3.12  2.23  1.53  1.22     2.73  1.37  3.02  4.25  2.30
165   40     1.09  1.43  1.96  2.81  3.46  3.59  4.52  3.66  2.73  1.90  1.28  1.04     2.46  1.19  2.75  3.92  1.97
165   50     1.02  1.25  1.70  2.49  3.13  3.27  4.06  3.21  2.31  1.58  1.13  0.98     2.18  1.08  2.44  3.51  1.68
165   60     0.96  1.15  1.47  2.13  2.74  2.91  3.51  2.71  1.90  1.38  1.08  0.93     1.91  1.01  2.12  3.04  1.45
165   70     0.89  1.07  1.33  1.81  2.32  2.51  2.91  2.19  1.62  1.28  1.01  0.87     1.65  0.95  1.82  2.53  1.30
165   80     0.83  0.99  1.22  1.60  1.94  2.07  2.29  1.85  1.46  1.19  0.94  0.81     1.43  0.88  1.58  2.07  1.20
165   90     0.76  0.91  1.12  1.44  1.69  1.77  1.94  1.64  1.34  1.11  0.87  0.74     1.28  0.80  1.42  1.78  1.11
180   10     1.61  2.00  2.60  3.50  4.08  4.12  5.32  4.54  3.73  2.82  2.04  1.65     3.17  1.75  3.39  4.66  2.86
180   20     1.43  1.83  2.42  3.33  3.94  4.01  5.16  4.33  3.45  2.53  1.78  1.43     2.97  1.56  3.23  4.50  2.59
180   30     1.24  1.62  2.19  3.09  3.73  3.84  4.89  4.03  3.11  2.20  1.50  1.20     2.72  1.35  3.01  4.25  2.27
180   40     1.07  1.40  1.94  2.80  3.46  3.59  4.52  3.65  2.71  1.84  1.23  1.03     2.44  1.17  2.73  3.92  1.93
180   50     1.02  1.22  1.66  2.47  3.12  3.29  4.06  3.20  2.27  1.48  1.13  0.98     2.16  1.07  2.42  3.51  1.63
180   60     0.96  1.15  1.39  2.11  2.74  2.92  3.51  2.69  1.80  1.35  1.08  0.93     1.89  1.01  2.08  3.04  1.41
180   70     0.89  1.07  1.30  1.72  2.31  2.52  2.91  2.15  1.48  1.27  1.01  0.87     1.63  0.95  1.78  2.52  1.25
180   80     0.83  0.99  1.21  1.51  1.87  2.08  2.26  1.69  1.39  1.19  0.94  0.81     1.40  0.88  1.53  2.01  1.17
180   90     0.76  0.91  1.11  1.39  1.62  1.72  1.80  1.52  1.30  1.10  0.87  0.74     1.24  0.80  1.37  1.68  1.09
             38.0  30.4  21.5  11.1   2.2  -2.3  -1.6   7.1  19.6  31.5  40.2  43.3     15.8  37.3  10.3   1.1  29.0
             2.03  2.35  2.85  3.65  4.14  4.14  5.36  4.69  4.09  3.40  2.70  2.25     3.47  2.20  3.53  4.72  3.37
             1.93  2.30  2.84  3.65  4.06  4.01  5.18  4.65  4.09  3.31  2.54  2.08     3.39  2.10  3.52  4.62  3.31
             1.05  1.02  1.00  1.00  1.02  1.03  1.03  1.01  1.00  1.03  1.06  1.08     1.03  1.05  1.01  1.03  1.03
             1.10  1.07  1.03  1.01  0.98  0.97  0.96  1.00  1.04  1.08  1.11  1.12     1.04  1.10  1.01  0.98  1.08
temperature  14.8  15.1  17.0  19.8  22.7  26.0  28.7  28.4  26.8  23.7  20.2  16.5     21.6  15.5  19.8  27.7  23.6
diffusedrad  1.26  1.52  1.88  2.31  2.57  2.58  2.52  2.41  2.21  1.86  1.48  1.25     1.99  1.34  2.25  2.50  1.85
snow10cm     0.00  0.00  0.00  0.00  0.00  0.00  0.00  0.00  0.00  0.00  0.00  0.00     0.00  0.00  0.00  0.00  0.00
