2 91021   奥              26 50.1  128 16.3  232
             2.15  2.59  3.25  4.15  4.63  4.99  5.82  5.17  4.39  3.50  2.56  2.20     3.78  2.31  4.01  5.33  3.48
             2.64  3.49  4.27  5.23  5.52  5.91  6.41  5.80  5.30  4.10  3.09  2.71     3.98  2.74  4.72  5.84  3.96
             1.70  1.79  2.07  3.41  4.07  3.36  4.85  4.47  3.63  2.65  1.93  1.80     3.63  1.93  3.51  4.54  3.11
  0   10     2.32  2.73  3.35  4.20  4.57  4.87  5.68  5.18  4.51  3.73  2.76  2.41     3.86  2.49  4.04  5.24  3.67
  0   20     2.45  2.83  3.40  4.16  4.44  4.67  5.43  5.08  4.56  3.87  2.92  2.57     3.87  2.62  4.00  5.06  3.78
  0   30     2.53  2.87  3.38  4.04  4.23  4.39  5.08  4.86  4.50  3.93  3.02  2.68     3.79  2.69  3.88  4.78  3.82
  0   40     2.56  2.85  3.30  3.85  3.94  4.03  4.64  4.56  4.35  3.91  3.05  2.73     3.65  2.71  3.69  4.41  3.77
  0   50     2.53  2.78  3.15  3.58  3.58  3.60  4.10  4.16  4.10  3.81  3.02  2.73     3.43  2.68  3.44  3.95  3.64
  0   60     2.46  2.66  2.94  3.25  3.16  3.11  3.48  3.67  3.77  3.62  2.93  2.67     3.14  2.60  3.12  3.42  3.44
  0   70     2.34  2.48  2.68  2.86  2.70  2.61  2.84  3.12  3.37  3.36  2.77  2.55     2.81  2.46  2.75  2.86  3.16
  0   80     2.17  2.27  2.38  2.43  2.22  2.09  2.18  2.54  2.90  3.03  2.56  2.38     2.43  2.27  2.35  2.27  2.83
  0   90     1.96  2.01  2.04  1.98  1.76  1.63  1.59  1.93  2.38  2.64  2.30  2.17     2.03  2.04  1.93  1.72  2.44
 15   10     2.31  2.72  3.35  4.20  4.58  4.87  5.68  5.18  4.50  3.71  2.76  2.40     3.86  2.48  4.04  5.24  3.66
 15   20     2.44  2.81  3.39  4.16  4.45  4.68  5.45  5.08  4.54  3.85  2.91  2.56     3.86  2.60  4.00  5.07  3.76
 15   30     2.51  2.85  3.37  4.04  4.24  4.41  5.11  4.88  4.48  3.90  3.00  2.66     3.79  2.67  3.88  4.80  3.79
 15   40     2.53  2.83  3.28  3.85  3.95  4.05  4.66  4.57  4.33  3.87  3.03  2.71     3.64  2.69  3.69  4.43  3.74
 15   50     2.50  2.76  3.13  3.58  3.60  3.63  4.15  4.18  4.08  3.76  2.99  2.70     3.42  2.65  3.44  3.99  3.61
 15   60     2.43  2.63  2.93  3.26  3.19  3.16  3.55  3.71  3.75  3.56  2.89  2.63     3.14  2.56  3.13  3.48  3.40
 15   70     2.30  2.45  2.67  2.88  2.75  2.67  2.94  3.19  3.35  3.30  2.74  2.51     2.81  2.42  2.77  2.93  3.13
 15   80     2.13  2.23  2.37  2.47  2.29  2.18  2.32  2.63  2.90  2.97  2.53  2.34     2.44  2.23  2.38  2.38  2.80
 15   90     1.92  1.97  2.03  2.04  1.85  1.73  1.75  2.08  2.40  2.58  2.27  2.13     2.06  2.01  1.98  1.85  2.42
 30   10     2.29  2.70  3.33  4.19  4.58  4.88  5.68  5.17  4.48  3.69  2.73  2.38     3.84  2.46  4.03  5.24  3.63
 30   20     2.40  2.78  3.37  4.15  4.45  4.70  5.47  5.08  4.50  3.80  2.86  2.51     3.84  2.56  3.99  5.09  3.72
 30   30     2.45  2.80  3.34  4.03  4.25  4.44  5.15  4.88  4.43  3.83  2.93  2.60     3.76  2.62  3.87  4.82  3.73
 30   40     2.46  2.77  3.24  3.84  3.98  4.11  4.75  4.60  4.27  3.78  2.94  2.63     3.62  2.62  3.69  4.49  3.67
 30   50     2.42  2.68  3.09  3.58  3.64  3.71  4.27  4.23  4.03  3.66  2.89  2.60     3.40  2.57  3.44  4.07  3.53
 30   60     2.33  2.54  2.88  3.27  3.27  3.29  3.74  3.80  3.71  3.46  2.78  2.52     3.13  2.46  3.14  3.61  3.32
 30   70     2.20  2.36  2.63  2.92  2.85  2.83  3.18  3.31  3.33  3.20  2.62  2.39     2.82  2.32  2.80  3.11  3.05
 30   80     2.02  2.14  2.34  2.53  2.44  2.38  2.63  2.82  2.90  2.87  2.40  2.22     2.47  2.13  2.44  2.61  2.73
 30   90     1.81  1.88  2.02  2.15  2.04  1.97  2.12  2.33  2.46  2.50  2.15  2.00     2.12  1.90  2.07  2.14  2.37
 45   10     2.26  2.67  3.31  4.18  4.57  4.88  5.69  5.17  4.45  3.65  2.70  2.34     3.82  2.43  4.02  5.25  3.60
 45   20     2.34  2.73  3.33  4.13  4.46  4.72  5.50  5.07  4.45  3.72  2.79  2.44     3.81  2.50  3.97  5.10  3.65
 45   30     2.37  2.72  3.28  4.01  4.27  4.48  5.21  4.89  4.36  3.73  2.83  2.50     3.72  2.53  3.85  4.86  3.64
 45   40     2.35  2.67  3.17  3.82  4.01  4.17  4.84  4.62  4.20  3.66  2.82  2.50     3.57  2.51  3.67  4.54  3.56
 45   50     2.29  2.57  3.02  3.57  3.70  3.82  4.42  4.28  3.95  3.52  2.75  2.45     3.36  2.44  3.43  4.17  3.41
 45   60     2.19  2.43  2.81  3.27  3.34  3.42  3.93  3.88  3.65  3.32  2.62  2.35     3.10  2.32  3.14  3.74  3.20
 45   70     2.05  2.24  2.56  2.94  2.97  3.00  3.42  3.45  3.29  3.06  2.45  2.22     2.81  2.17  2.83  3.29  2.94
 45   80     1.87  2.03  2.29  2.59  2.59  2.60  2.93  3.00  2.91  2.75  2.24  2.04     2.48  1.98  2.49  2.84  2.63
 45   90     1.67  1.78  2.00  2.23  2.21  2.21  2.47  2.55  2.51  2.42  1.99  1.82     2.16  1.76  2.15  2.41  2.31
 60   10     2.23  2.64  3.28  4.16  4.57  4.89  5.70  5.16  4.41  3.60  2.65  2.30     3.80  2.39  4.01  5.25  3.55
 60   20     2.26  2.66  3.27  4.10  4.46  4.75  5.52  5.05  4.37  3.63  2.70  2.35     3.76  2.42  3.94  5.11  3.57
 60   30     2.26  2.62  3.21  3.97  4.28  4.52  5.27  4.88  4.27  3.60  2.70  2.37     3.66  2.42  3.82  4.89  3.52
 60   40     2.22  2.55  3.09  3.78  4.03  4.24  4.93  4.62  4.09  3.49  2.65  2.34     3.50  2.37  3.63  4.59  3.41
 60   50     2.13  2.43  2.92  3.54  3.74  3.91  4.53  4.30  3.85  3.35  2.57  2.27     3.29  2.28  3.40  4.25  3.26
 60   60     2.02  2.29  2.72  3.26  3.41  3.54  4.11  3.94  3.56  3.13  2.43  2.15     3.05  2.15  3.13  3.86  3.04
 60   70     1.88  2.10  2.48  2.94  3.05  3.16  3.65  3.53  3.23  2.89  2.25  2.01     2.77  2.00  2.83  3.45  2.79
 60   80     1.70  1.90  2.23  2.62  2.70  2.77  3.18  3.12  2.88  2.60  2.05  1.84     2.46  1.81  2.52  3.02  2.51
 60   90     1.52  1.68  1.96  2.29  2.35  2.40  2.74  2.72  2.50  2.30  1.82  1.64     2.16  1.61  2.20  2.62  2.21
 75   10     2.18  2.60  3.25  4.14  4.57  4.91  5.71  5.14  4.37  3.54  2.59  2.24     3.77  2.34  3.99  5.25  3.50
 75   20     2.17  2.58  3.21  4.06  4.46  4.77  5.55  5.03  4.29  3.52  2.60  2.25     3.71  2.33  3.91  5.11  3.47
 75   30     2.14  2.52  3.12  3.92  4.28  4.56  5.31  4.84  4.15  3.44  2.55  2.22     3.59  2.29  3.77  4.90  3.38
 75   40     2.06  2.41  2.98  3.73  4.04  4.29  4.99  4.60  3.96  3.31  2.48  2.16     3.42  2.21  3.58  4.63  3.25
 75   50     1.97  2.29  2.81  3.48  3.75  3.97  4.62  4.28  3.71  3.13  2.36  2.06     3.20  2.11  3.35  4.29  3.07
 75   60     1.84  2.12  2.60  3.21  3.45  3.63  4.22  3.94  3.43  2.93  2.22  1.94     2.96  1.97  3.09  3.93  2.86
 75   70     1.70  1.95  2.38  2.92  3.11  3.27  3.80  3.57  3.12  2.68  2.04  1.79     2.69  1.81  2.80  3.55  2.61
 75   80     1.53  1.75  2.13  2.60  2.76  2.89  3.36  3.18  2.78  2.43  1.86  1.63     2.41  1.64  2.50  3.14  2.36
 75   90     1.37  1.56  1.89  2.30  2.43  2.53  2.92  2.79  2.46  2.15  1.65  1.45     2.13  1.46  2.21  2.75  2.08
 90   10     2.13  2.55  3.21  4.12  4.57  4.92  5.72  5.13  4.32  3.47  2.53  2.19     3.74  2.29  3.97  5.25  3.44
 90   20     2.08  2.49  3.14  4.02  4.45  4.79  5.57  4.99  4.20  3.39  2.48  2.14     3.64  2.23  3.87  5.11  3.36
 90   30     2.00  2.39  3.02  3.86  4.27  4.58  5.33  4.79  4.02  3.26  2.40  2.06     3.50  2.15  3.72  4.90  3.23
 90   40     1.91  2.27  2.86  3.65  4.03  4.32  5.02  4.54  3.80  3.10  2.28  1.97     3.31  2.05  3.52  4.63  3.06
 90   50     1.79  2.12  2.68  3.41  3.75  4.01  4.66  4.23  3.55  2.91  2.15  1.85     3.09  1.92  3.28  4.30  2.87
 90   60     1.66  1.96  2.47  3.13  3.44  3.67  4.26  3.88  3.25  2.68  1.99  1.72     2.84  1.78  3.02  3.94  2.64
 90   70     1.51  1.79  2.25  2.85  3.12  3.32  3.86  3.53  2.96  2.46  1.83  1.58     2.59  1.63  2.74  3.57  2.42
 90   80     1.37  1.61  2.03  2.55  2.78  2.96  3.44  3.16  2.65  2.21  1.65  1.43     2.32  1.47  2.45  3.18  2.17
 90   90     1.21  1.43  1.79  2.25  2.45  2.60  3.01  2.78  2.33  1.97  1.47  1.27     2.05  1.30  2.16  2.80  1.93
105   10     2.08  2.51  3.17  4.09  4.57  4.93  5.73  5.11  4.27  3.40  2.47  2.13     3.71  2.24  3.95  5.25  3.38
105   20     1.99  2.40  3.06  3.97  4.45  4.80  5.58  4.95  4.10  3.26  2.36  2.03     3.58  2.14  3.83  5.11  3.24
105   30     1.87  2.27  2.92  3.79  4.25  4.60  5.33  4.72  3.88  3.08  2.23  1.91     3.40  2.02  3.65  4.88  3.06
105   40     1.74  2.12  2.73  3.56  4.00  4.32  5.01  4.44  3.62  2.87  2.08  1.78     3.19  1.88  3.43  4.59  2.86
105   50     1.62  1.96  2.53  3.30  3.71  4.01  4.63  4.12  3.34  2.66  1.93  1.65     2.95  1.74  3.18  4.25  2.64
105   60     1.48  1.79  2.32  3.02  3.40  3.67  4.23  3.76  3.04  2.44  1.77  1.51     2.70  1.59  2.91  3.89  2.42
105   70     1.34  1.63  2.10  2.73  3.07  3.31  3.82  3.40  2.74  2.20  1.61  1.38     2.44  1.45  2.64  3.51  2.18
105   80     1.21  1.46  1.88  2.45  2.74  2.95  3.41  3.05  2.45  1.98  1.45  1.24     2.19  1.30  2.36  3.14  1.96
105   90     1.08  1.29  1.68  2.17  2.41  2.59  3.00  2.69  2.17  1.77  1.30  1.11     1.94  1.16  2.09  2.76  1.75
120   10     2.04  2.47  3.14  4.07  4.57  4.94  5.74  5.08  4.22  3.34  2.42  2.07     3.67  2.19  3.93  5.25  3.33
120   20     1.90  2.32  2.99  3.92  4.44  4.81  5.58  4.91  4.00  3.14  2.25  1.92     3.52  2.05  3.78  5.10  3.13
120   30     1.75  2.15  2.81  3.71  4.23  4.60  5.32  4.65  3.73  2.90  2.07  1.76     3.31  1.89  3.58  4.86  2.90
120   40     1.60  1.97  2.60  3.46  3.96  4.32  4.97  4.32  3.43  2.65  1.89  1.60     3.06  1.72  3.34  4.54  2.66
120   50     1.45  1.79  2.37  3.17  3.65  3.99  4.57  3.96  3.12  2.40  1.72  1.45     2.80  1.56  3.07  4.17  2.41
120   60     1.31  1.63  2.15  2.88  3.31  3.62  4.13  3.58  2.80  2.16  1.55  1.32     2.54  1.42  2.78  3.78  2.17
120   70     1.19  1.47  1.94  2.58  2.98  3.25  3.70  3.21  2.50  1.95  1.40  1.20     2.28  1.28  2.50  3.38  1.95
120   80     1.08  1.31  1.74  2.30  2.64  2.88  3.27  2.85  2.21  1.74  1.27  1.08     2.03  1.16  2.23  3.00  1.74
120   90     0.96  1.18  1.54  2.04  2.33  2.52  2.87  2.52  1.96  1.55  1.14  0.98     1.80  1.04  1.97  2.64  1.55
135   10     2.00  2.43  3.11  4.05  4.56  4.95  5.75  5.07  4.18  3.29  2.37  2.02     3.65  2.15  3.91  5.25  3.28
135   20     1.82  2.25  2.93  3.88  4.42  4.82  5.58  4.87  3.92  3.02  2.15  1.82     3.46  1.96  3.74  5.09  3.03
135   30     1.63  2.04  2.71  3.64  4.21  4.61  5.31  4.57  3.60  2.73  1.92  1.62     3.21  1.76  3.52  4.83  2.75
135   40     1.46  1.83  2.46  3.35  3.92  4.30  4.93  4.20  3.24  2.43  1.70  1.44     2.94  1.58  3.24  4.48  2.46
135   50     1.30  1.64  2.21  3.03  3.57  3.94  4.47  3.78  2.88  2.15  1.52  1.28     2.65  1.41  2.94  4.06  2.18
135   60     1.18  1.47  1.98  2.71  3.20  3.53  3.98  3.36  2.53  1.90  1.36  1.16     2.36  1.27  2.63  3.62  1.93
135   70     1.07  1.32  1.77  2.40  2.84  3.12  3.49  2.95  2.22  1.69  1.23  1.06     2.10  1.15  2.34  3.19  1.71
135   80     0.98  1.19  1.58  2.13  2.50  2.73  3.04  2.59  1.96  1.51  1.12  0.97     1.86  1.04  2.07  2.79  1.53
135   90     0.89  1.08  1.41  1.88  2.19  2.39  2.65  2.27  1.73  1.36  1.02  0.88     1.65  0.95  1.83  2.44  1.37
150   10     1.96  2.40  3.09  4.04  4.56  4.95  5.76  5.06  4.15  3.24  2.32  1.98     3.63  2.12  3.89  5.26  3.24
150   20     1.75  2.19  2.88  3.84  4.42  4.84  5.60  4.83  3.86  2.93  2.07  1.75     3.41  1.90  3.71  5.09  2.95
150   30     1.54  1.95  2.63  3.58  4.19  4.62  5.31  4.51  3.49  2.58  1.80  1.50     3.14  1.66  3.47  4.81  2.62
150   40     1.33  1.71  2.35  3.26  3.88  4.31  4.90  4.09  3.07  2.23  1.54  1.29     2.83  1.44  3.17  4.43  2.28
150   50     1.18  1.50  2.06  2.90  3.51  3.92  4.40  3.62  2.64  1.90  1.34  1.14     2.51  1.27  2.83  3.98  1.96
150   60     1.08  1.33  1.81  2.54  3.09  3.46  3.82  3.12  2.25  1.64  1.21  1.05     2.20  1.16  2.48  3.46  1.70
150   70     1.00  1.21  1.60  2.20  2.67  2.98  3.24  2.65  1.93  1.46  1.12  0.98     1.92  1.07  2.16  2.96  1.50
150   80     0.93  1.11  1.44  1.93  2.31  2.54  2.73  2.28  1.69  1.33  1.03  0.91     1.69  0.98  1.89  2.52  1.35
150   90     0.86  1.01  1.30  1.71  2.01  2.19  2.34  1.99  1.51  1.21  0.95  0.84     1.50  0.90  1.67  2.18  1.23
165   10     1.94  2.38  3.07  4.03  4.56  4.96  5.77  5.05  4.14  3.21  2.30  1.96     3.61  2.10  3.89  5.26  3.22
165   20     1.71  2.15  2.85  3.82  4.42  4.84  5.61  4.82  3.81  2.87  2.01  1.69     3.38  1.85  3.69  5.09  2.90
165   30     1.47  1.89  2.57  3.55  4.19  4.63  5.33  4.48  3.42  2.48  1.71  1.42     3.09  1.59  3.44  4.81  2.54
165   40     1.24  1.62  2.26  3.21  3.88  4.32  4.92  4.05  2.97  2.07  1.41  1.18     2.76  1.35  3.12  4.43  2.15
165   50     1.13  1.38  1.94  2.82  3.49  3.93  4.41  3.54  2.47  1.69  1.22  1.10     2.43  1.20  2.75  3.96  1.79
165   60     1.06  1.24  1.65  2.39  3.05  3.47  3.81  2.96  1.99  1.42  1.16  1.04     2.10  1.12  2.36  3.41  1.52
165   70     1.00  1.17  1.46  1.99  2.57  2.94  3.14  2.35  1.65  1.31  1.09  0.98     1.80  1.05  2.01  2.81  1.35
165   80     0.93  1.08  1.34  1.74  2.10  2.38  2.42  1.94  1.46  1.23  1.02  0.91     1.54  0.97  1.72  2.25  1.24
165   90     0.85  1.00  1.23  1.56  1.82  1.97  2.00  1.70  1.35  1.15  0.94  0.84     1.37  0.90  1.53  1.89  1.15
180   10     1.94  2.38  3.06  4.02  4.56  4.96  5.77  5.05  4.13  3.21  2.29  1.95     3.61  2.09  3.88  5.26  3.21
180   20     1.70  2.14  2.83  3.82  4.42  4.84  5.62  4.81  3.81  2.85  1.99  1.67     3.38  1.84  3.69  5.09  2.88
180   30     1.44  1.87  2.55  3.54  4.18  4.63  5.33  4.47  3.41  2.44  1.67  1.39     3.08  1.56  3.42  4.81  2.51
180   40     1.20  1.57  2.23  3.20  3.87  4.33  4.93  4.04  2.95  2.00  1.36  1.15     2.74  1.31  3.10  4.43  2.10
180   50     1.13  1.31  1.88  2.80  3.49  3.93  4.42  3.53  2.43  1.56  1.22  1.10     2.40  1.18  2.72  3.96  1.74
180   60     1.06  1.24  1.52  2.37  3.05  3.47  3.83  2.95  1.88  1.36  1.16  1.04     2.08  1.12  2.31  3.42  1.47
180   70     1.00  1.17  1.41  1.90  2.56  2.95  3.15  2.33  1.44  1.29  1.09  0.98     1.77  1.05  1.96  2.81  1.27
180   80     0.93  1.08  1.31  1.61  2.05  2.38  2.43  1.75  1.36  1.22  1.02  0.91     1.50  0.97  1.66  2.19  1.20
180   90     0.85  1.00  1.21  1.48  1.71  1.87  1.86  1.55  1.29  1.14  0.94  0.84     1.31  0.90  1.47  1.76  1.12
             40.6  32.6  22.3  10.5   0.8  -4.1  -3.5   5.8  19.5  32.4  40.3  44.3     15.7  39.1  10.0  -0.6  29.3
             2.56  2.87  3.40  4.20  4.61  4.97  5.80  5.19  4.56  3.94  3.05  2.74     3.99  2.72  4.04  5.31  3.82
             2.40  2.79  3.39  4.19  4.51  4.77  5.55  5.14  4.55  3.82  2.86  2.51     3.87  2.57  4.03  5.15  3.74
             1.07  1.03  1.00  1.00  1.02  1.04  1.05  1.01  1.00  1.03  1.07  1.09     1.03  1.06  1.01  1.03  1.03
             1.12  1.08  1.04  1.01  0.97  0.96  0.95  0.99  1.04  1.09  1.12  1.14     1.04  1.11  1.01  0.97  1.08
temperature  14.5  14.6  16.4  18.9  21.6  24.6  26.7  26.5  25.3  22.8  19.8  16.3     20.7  15.1  19.0  25.9  22.6
diffusedrad  1.43  1.69  2.05  2.46  2.66  2.65  2.37  2.38  2.19  1.95  1.60  1.42     2.07  1.51  2.39  2.47  1.91
snow10cm     0.00  0.00  0.00  0.00  0.00  0.00  0.00  0.00  0.00  0.00  0.00  0.00     0.00  0.00  0.00  0.00  0.00
