2 91181   渡嘉敷          26 12.6  127 21.8  220
             2.31  2.73  3.27  4.00  4.43  4.75  5.72  5.32  4.75  3.97  2.90  2.48     3.88  2.51  3.90  5.26  3.87
             2.79  3.82  4.16  4.83  5.57  5.65  6.36  6.08  5.53  4.58  3.64  3.07     4.08  2.94  4.62  5.71  4.37
             1.85  1.69  2.00  3.32  3.60  3.47  5.00  4.54  3.91  3.14  2.19  1.71     3.69  1.99  3.18  4.61  3.31
  0   10     2.50  2.89  3.37  4.03  4.38  4.64  5.58  5.32  4.91  4.23  3.17  2.75     3.98  2.71  3.93  5.18  4.10
  0   20     2.65  3.00  3.41  3.99  4.26  4.45  5.34  5.21  4.96  4.42  3.38  2.96     4.00  2.87  3.89  5.00  4.25
  0   30     2.74  3.05  3.39  3.88  4.05  4.19  4.99  4.98  4.89  4.51  3.51  3.11     3.94  2.97  3.77  4.72  4.31
  0   40     2.78  3.04  3.30  3.69  3.78  3.86  4.55  4.65  4.72  4.50  3.57  3.20     3.80  3.00  3.59  4.35  4.26
  0   50     2.76  2.96  3.15  3.43  3.44  3.45  4.02  4.23  4.44  4.39  3.55  3.21     3.59  2.98  3.34  3.90  4.13
  0   60     2.68  2.83  2.94  3.11  3.04  3.00  3.42  3.72  4.07  4.17  3.45  3.15     3.30  2.89  3.03  3.38  3.90
  0   70     2.55  2.64  2.68  2.75  2.61  2.53  2.79  3.14  3.61  3.87  3.28  3.02     2.96  2.74  2.68  2.82  3.59
  0   80     2.37  2.41  2.37  2.34  2.16  2.04  2.14  2.54  3.09  3.48  3.04  2.83     2.57  2.53  2.29  2.24  3.20
  0   90     2.14  2.13  2.03  1.91  1.72  1.61  1.58  1.91  2.51  3.02  2.73  2.57     2.15  2.28  1.89  1.70  2.75
 15   10     2.50  2.88  3.36  4.03  4.38  4.64  5.58  5.32  4.90  4.22  3.16  2.74     3.98  2.71  3.92  5.18  4.09
 15   20     2.64  2.98  3.40  3.99  4.26  4.46  5.35  5.21  4.95  4.41  3.36  2.94     4.00  2.85  3.88  5.01  4.24
 15   30     2.72  3.02  3.38  3.88  4.06  4.21  5.02  5.00  4.89  4.49  3.49  3.09     3.94  2.94  3.77  4.74  4.29
 15   40     2.75  3.01  3.29  3.69  3.79  3.87  4.58  4.67  4.73  4.47  3.54  3.16     3.79  2.97  3.59  4.37  4.25
 15   50     2.72  2.93  3.13  3.43  3.46  3.48  4.07  4.26  4.46  4.35  3.52  3.17     3.58  2.94  3.34  3.94  4.11
 15   60     2.64  2.79  2.92  3.12  3.07  3.04  3.49  3.77  4.09  4.14  3.41  3.10     3.30  2.85  3.04  3.43  3.88
 15   70     2.50  2.60  2.67  2.76  2.65  2.58  2.88  3.22  3.65  3.83  3.24  2.97     2.96  2.69  2.69  2.89  3.57
 15   80     2.32  2.37  2.36  2.37  2.22  2.12  2.28  2.63  3.14  3.43  2.99  2.78     2.58  2.49  2.32  2.35  3.19
 15   90     2.09  2.09  2.02  1.97  1.81  1.70  1.73  2.06  2.59  2.97  2.68  2.52     2.19  2.23  1.93  1.83  2.75
 30   10     2.48  2.86  3.35  4.03  4.38  4.64  5.58  5.32  4.88  4.19  3.13  2.71     3.96  2.68  3.92  5.18  4.07
 30   20     2.59  2.94  3.38  3.98  4.27  4.48  5.38  5.21  4.93  4.35  3.31  2.89     3.98  2.81  3.88  5.02  4.19
 30   30     2.66  2.97  3.34  3.86  4.07  4.23  5.06  5.00  4.86  4.41  3.41  3.00     3.91  2.88  3.76  4.76  4.23
 30   40     2.67  2.94  3.25  3.68  3.81  3.92  4.66  4.71  4.70  4.36  3.44  3.06     3.77  2.89  3.58  4.43  4.17
 30   50     2.63  2.85  3.09  3.43  3.49  3.55  4.19  4.31  4.45  4.23  3.39  3.04     3.55  2.84  3.34  4.02  4.02
 30   60     2.53  2.70  2.88  3.13  3.14  3.15  3.67  3.87  4.09  4.01  3.27  2.96     3.28  2.73  3.05  3.56  3.79
 30   70     2.39  2.50  2.62  2.79  2.75  2.73  3.12  3.36  3.69  3.70  3.09  2.82     2.96  2.57  2.72  3.07  3.49
 30   80     2.20  2.27  2.33  2.43  2.35  2.31  2.58  2.84  3.21  3.32  2.84  2.61     2.61  2.36  2.37  2.58  3.12
 30   90     1.97  1.99  2.01  2.06  1.97  1.92  2.09  2.34  2.72  2.89  2.53  2.36     2.24  2.11  2.02  2.12  2.71
 45   10     2.44  2.83  3.33  4.01  4.38  4.65  5.59  5.31  4.86  4.14  3.08  2.66     3.94  2.64  3.91  5.18  4.03
 45   20     2.52  2.88  3.34  3.96  4.27  4.50  5.40  5.21  4.88  4.25  3.21  2.80     3.94  2.74  3.86  5.03  4.11
 45   30     2.56  2.88  3.29  3.84  4.09  4.27  5.12  5.01  4.81  4.27  3.28  2.88     3.86  2.77  3.74  4.80  4.12
 45   40     2.55  2.83  3.18  3.66  3.84  3.98  4.74  4.72  4.65  4.21  3.28  2.90     3.71  2.76  3.56  4.48  4.05
 45   50     2.48  2.73  3.02  3.42  3.54  3.64  4.33  4.38  4.40  4.06  3.21  2.85     3.50  2.69  3.33  4.12  3.89
 45   60     2.37  2.57  2.81  3.13  3.20  3.27  3.86  3.96  4.08  3.83  3.07  2.75     3.24  2.57  3.05  3.69  3.66
 45   70     2.22  2.37  2.56  2.82  2.85  2.87  3.35  3.51  3.70  3.54  2.88  2.60     2.94  2.40  2.74  3.25  3.37
 45   80     2.03  2.15  2.29  2.48  2.48  2.49  2.87  3.05  3.27  3.18  2.63  2.39     2.61  2.19  2.42  2.80  3.03
 45   90     1.81  1.89  2.00  2.13  2.13  2.13  2.42  2.59  2.84  2.79  2.34  2.14     2.27  1.95  2.09  2.38  2.66
 60   10     2.40  2.79  3.30  4.00  4.38  4.66  5.61  5.30  4.82  4.08  3.02  2.60     3.91  2.60  3.89  5.19  3.97
 60   20     2.44  2.81  3.29  3.93  4.27  4.52  5.42  5.19  4.81  4.13  3.10  2.69     3.88  2.65  3.83  5.04  4.01
 60   30     2.44  2.78  3.21  3.81  4.10  4.31  5.17  5.00  4.73  4.11  3.12  2.71     3.79  2.64  3.71  4.83  3.98
 60   40     2.40  2.70  3.10  3.62  3.86  4.04  4.84  4.74  4.55  4.00  3.08  2.69     3.63  2.60  3.53  4.54  3.88
 60   50     2.31  2.58  2.93  3.39  3.58  3.72  4.44  4.40  4.32  3.84  2.98  2.63     3.43  2.50  3.30  4.19  3.71
 60   60     2.19  2.42  2.73  3.12  3.27  3.38  4.02  4.03  4.01  3.60  2.83  2.50     3.17  2.37  3.04  3.81  3.48
 60   70     2.03  2.23  2.48  2.81  2.92  3.01  3.57  3.61  3.66  3.33  2.64  2.35     2.89  2.20  2.74  3.40  3.21
 60   80     1.84  2.01  2.23  2.50  2.58  2.64  3.11  3.18  3.29  2.99  2.41  2.15     2.58  2.00  2.44  2.98  2.90
 60   90     1.64  1.77  1.96  2.19  2.25  2.29  2.68  2.77  2.88  2.65  2.14  1.92     2.26  1.78  2.13  2.58  2.56
 75   10     2.35  2.74  3.27  3.98  4.38  4.67  5.62  5.29  4.77  4.00  2.95  2.54     3.88  2.54  3.88  5.19  3.91
 75   20     2.34  2.72  3.22  3.90  4.27  4.54  5.45  5.17  4.73  3.98  2.96  2.55     3.82  2.54  3.80  5.05  3.89
 75   30     2.30  2.66  3.13  3.76  4.10  4.34  5.21  4.97  4.61  3.90  2.93  2.53     3.70  2.50  3.66  4.84  3.81
 75   40     2.22  2.55  2.99  3.58  3.87  4.08  4.90  4.72  4.43  3.77  2.85  2.47     3.54  2.41  3.48  4.57  3.68
 75   50     2.12  2.42  2.82  3.34  3.59  3.78  4.53  4.40  4.18  3.57  2.72  2.37     3.32  2.30  3.25  4.24  3.49
 75   60     1.98  2.25  2.61  3.08  3.30  3.46  4.13  4.04  3.89  3.35  2.57  2.24     3.07  2.15  3.00  3.87  3.27
 75   70     1.83  2.06  2.39  2.79  2.98  3.11  3.72  3.66  3.57  3.07  2.37  2.07     2.80  1.99  2.72  3.50  3.00
 75   80     1.65  1.85  2.14  2.49  2.64  2.76  3.29  3.25  3.21  2.78  2.16  1.89     2.51  1.80  2.42  3.10  2.72
 75   90     1.48  1.65  1.89  2.20  2.32  2.41  2.86  2.85  2.85  2.46  1.92  1.69     2.21  1.60  2.14  2.71  2.41
 90   10     2.29  2.69  3.23  3.96  4.38  4.68  5.63  5.27  4.72  3.91  2.87  2.46     3.84  2.48  3.86  5.19  3.84
 90   20     2.24  2.63  3.15  3.86  4.27  4.55  5.47  5.13  4.63  3.83  2.82  2.41     3.75  2.42  3.76  5.05  3.76
 90   30     2.15  2.52  3.04  3.71  4.09  4.36  5.24  4.92  4.46  3.68  2.73  2.33     3.60  2.34  3.61  4.84  3.62
 90   40     2.05  2.40  2.87  3.51  3.86  4.11  4.93  4.66  4.25  3.50  2.60  2.23     3.42  2.23  3.42  4.57  3.45
 90   50     1.92  2.24  2.69  3.27  3.59  3.81  4.58  4.34  4.00  3.29  2.45  2.10     3.19  2.09  3.18  4.24  3.25
 90   60     1.78  2.07  2.48  3.00  3.29  3.50  4.18  3.98  3.70  3.04  2.28  1.96     2.94  1.94  2.93  3.88  3.00
 90   70     1.63  1.88  2.25  2.73  2.98  3.16  3.78  3.62  3.39  2.79  2.09  1.80     2.67  1.77  2.65  3.52  2.76
 90   80     1.47  1.70  2.03  2.44  2.66  2.81  3.37  3.24  3.06  2.51  1.90  1.64     2.40  1.60  2.38  3.14  2.49
 90   90     1.30  1.50  1.80  2.15  2.34  2.47  2.95  2.85  2.72  2.24  1.69  1.46     2.12  1.42  2.10  2.76  2.22
105   10     2.23  2.65  3.19  3.94  4.38  4.69  5.64  5.25  4.66  3.83  2.80  2.39     3.80  2.42  3.84  5.19  3.76
105   20     2.13  2.53  3.08  3.82  4.26  4.57  5.49  5.09  4.51  3.66  2.66  2.27     3.67  2.31  3.72  5.05  3.61
105   30     2.01  2.39  2.93  3.64  4.08  4.38  5.24  4.86  4.30  3.45  2.51  2.13     3.49  2.17  3.55  4.83  3.42
105   40     1.87  2.23  2.75  3.43  3.84  4.12  4.93  4.57  4.04  3.21  2.35  1.99     3.28  2.03  3.34  4.54  3.20
105   50     1.73  2.06  2.54  3.18  3.56  3.82  4.56  4.23  3.76  2.97  2.17  1.84     3.03  1.88  3.09  4.20  2.97
105   60     1.58  1.88  2.33  2.91  3.26  3.50  4.16  3.86  3.46  2.72  1.99  1.69     2.78  1.72  2.83  3.84  2.72
105   70     1.43  1.70  2.11  2.63  2.94  3.15  3.75  3.49  3.14  2.46  1.81  1.54     2.51  1.56  2.56  3.47  2.47
105   80     1.29  1.53  1.89  2.35  2.63  2.81  3.35  3.13  2.84  2.21  1.63  1.39     2.25  1.41  2.29  3.09  2.23
105   90     1.15  1.36  1.68  2.08  2.31  2.47  2.94  2.76  2.53  1.97  1.47  1.25     2.00  1.25  2.03  2.73  1.99
120   10     2.18  2.60  3.16  3.92  4.38  4.70  5.65  5.23  4.61  3.75  2.72  2.31     3.77  2.37  3.82  5.19  3.69
120   20     2.03  2.44  3.01  3.78  4.25  4.58  5.50  5.04  4.39  3.50  2.52  2.13     3.60  2.20  3.68  5.04  3.47
120   30     1.87  2.26  2.83  3.58  4.06  4.38  5.24  4.78  4.12  3.22  2.30  1.94     3.38  2.02  3.49  4.80  3.21
120   40     1.70  2.06  2.62  3.34  3.80  4.12  4.89  4.45  3.81  2.92  2.09  1.76     3.13  1.84  3.25  4.49  2.94
120   50     1.54  1.88  2.39  3.06  3.51  3.80  4.50  4.07  3.49  2.63  1.89  1.59     2.86  1.67  2.99  4.12  2.67
120   60     1.39  1.70  2.16  2.78  3.19  3.46  4.07  3.67  3.16  2.36  1.71  1.44     2.59  1.51  2.71  3.73  2.41
120   70     1.26  1.53  1.95  2.49  2.86  3.10  3.64  3.29  2.84  2.12  1.54  1.30     2.33  1.36  2.43  3.34  2.17
120   80     1.14  1.37  1.75  2.22  2.54  2.75  3.22  2.92  2.54  1.90  1.39  1.18     2.08  1.23  2.17  2.96  1.94
120   90     1.02  1.22  1.55  1.97  2.24  2.41  2.83  2.58  2.27  1.68  1.25  1.06     1.84  1.10  1.92  2.61  1.74
135   10     2.14  2.56  3.13  3.90  4.38  4.71  5.66  5.21  4.55  3.68  2.65  2.25     3.73  2.32  3.80  5.19  3.63
135   20     1.94  2.36  2.95  3.74  4.25  4.59  5.50  5.00  4.28  3.35  2.39  2.01     3.53  2.10  3.65  5.03  3.34
135   30     1.74  2.14  2.73  3.52  4.04  4.39  5.23  4.70  3.95  2.99  2.11  1.76     3.27  1.88  3.43  4.77  3.02
135   40     1.54  1.91  2.48  3.24  3.77  4.11  4.86  4.31  3.58  2.63  1.85  1.54     2.99  1.67  3.17  4.43  2.69
135   50     1.37  1.71  2.23  2.94  3.44  3.77  4.41  3.88  3.19  2.30  1.63  1.36     2.69  1.48  2.87  4.02  2.37
135   60     1.24  1.52  2.00  2.63  3.09  3.38  3.93  3.44  2.82  2.01  1.45  1.22     2.39  1.33  2.57  3.59  2.09
135   70     1.12  1.36  1.78  2.33  2.74  2.99  3.45  3.02  2.49  1.78  1.31  1.11     2.12  1.20  2.29  3.15  1.86
135   80     1.02  1.23  1.59  2.06  2.41  2.63  3.01  2.64  2.21  1.59  1.19  1.02     1.88  1.09  2.02  2.76  1.66
135   90     0.93  1.11  1.42  1.82  2.12  2.29  2.61  2.32  1.97  1.43  1.09  0.93     1.67  0.99  1.78  2.41  1.50
150   10     2.10  2.53  3.10  3.89  4.38  4.71  5.67  5.20  4.51  3.62  2.60  2.20     3.71  2.28  3.79  5.20  3.58
150   20     1.87  2.29  2.90  3.71  4.24  4.60  5.51  4.97  4.20  3.23  2.28  1.91     3.48  2.02  3.62  5.03  3.24
150   30     1.63  2.04  2.65  3.47  4.03  4.40  5.24  4.64  3.80  2.80  1.95  1.61     3.19  1.76  3.38  4.76  2.85
150   40     1.40  1.78  2.37  3.17  3.74  4.12  4.84  4.21  3.35  2.37  1.64  1.35     2.86  1.51  3.09  4.39  2.45
150   50     1.23  1.55  2.08  2.83  3.39  3.75  4.36  3.71  2.88  1.98  1.40  1.17     2.53  1.32  2.77  3.94  2.09
150   60     1.12  1.37  1.83  2.48  3.00  3.33  3.79  3.19  2.46  1.67  1.24  1.07     2.21  1.19  2.43  3.44  1.79
150   70     1.04  1.24  1.61  2.15  2.60  2.87  3.22  2.71  2.10  1.47  1.14  1.00     1.93  1.10  2.12  2.93  1.57
150   80     0.97  1.13  1.44  1.89  2.25  2.46  2.71  2.31  1.85  1.33  1.06  0.94     1.70  1.01  1.86  2.50  1.41
150   90     0.89  1.04  1.31  1.67  1.96  2.12  2.32  2.02  1.66  1.22  0.99  0.87     1.51  0.93  1.65  2.15  1.29
165   10     2.08  2.51  3.09  3.88  4.38  4.72  5.68  5.20  4.49  3.58  2.57  2.17     3.69  2.25  3.78  5.20  3.55
165   20     1.82  2.25  2.87  3.69  4.24  4.61  5.53  4.96  4.13  3.15  2.21  1.83     3.44  1.97  3.60  5.03  3.17
165   30     1.55  1.97  2.60  3.44  4.03  4.41  5.26  4.61  3.70  2.67  1.83  1.50     3.13  1.67  3.35  4.76  2.73
165   40     1.29  1.67  2.29  3.12  3.74  4.13  4.87  4.17  3.19  2.17  1.47  1.21     2.78  1.39  3.05  4.39  2.27
165   50     1.16  1.41  1.96  2.75  3.38  3.77  4.38  3.63  2.65  1.69  1.22  1.11     2.43  1.23  2.70  3.93  1.85
165   60     1.10  1.26  1.66  2.35  2.97  3.34  3.79  3.04  2.11  1.37  1.16  1.05     2.10  1.14  2.33  3.39  1.55
165   70     1.03  1.18  1.47  1.97  2.51  2.85  3.14  2.39  1.72  1.25  1.10  0.99     1.80  1.07  1.98  2.79  1.36
165   80     0.96  1.10  1.35  1.71  2.06  2.33  2.43  1.95  1.53  1.19  1.03  0.93     1.55  1.00  1.71  2.24  1.25
165   90     0.89  1.02  1.24  1.53  1.78  1.93  2.00  1.70  1.41  1.13  0.97  0.87     1.37  0.93  1.52  1.88  1.17
180   10     2.07  2.50  3.08  3.88  4.38  4.72  5.68  5.20  4.48  3.57  2.56  2.16     3.69  2.24  3.78  5.20  3.54
180   20     1.80  2.24  2.85  3.69  4.24  4.62  5.54  4.96  4.12  3.12  2.18  1.81     3.43  1.95  3.60  5.04  3.14
180   30     1.52  1.94  2.58  3.43  4.03  4.42  5.27  4.61  3.67  2.62  1.78  1.46     3.11  1.64  3.34  4.77  2.69
180   40     1.25  1.63  2.26  3.11  3.74  4.13  4.88  4.16  3.14  2.07  1.40  1.16     2.74  1.35  3.04  4.39  2.20
180   50     1.16  1.34  1.91  2.74  3.38  3.77  4.39  3.63  2.56  1.53  1.22  1.11     2.40  1.20  2.67  3.93  1.77
180   60     1.10  1.26  1.54  2.33  2.97  3.35  3.81  3.03  1.94  1.28  1.16  1.05     2.07  1.14  2.28  3.40  1.46
180   70     1.03  1.18  1.41  1.90  2.51  2.86  3.16  2.38  1.42  1.23  1.10  0.99     1.76  1.07  1.94  2.80  1.25
180   80     0.96  1.10  1.32  1.60  2.03  2.34  2.45  1.75  1.34  1.17  1.03  0.93     1.50  1.00  1.65  2.18  1.18
180   90     0.89  1.02  1.22  1.47  1.69  1.85  1.87  1.54  1.28  1.12  0.97  0.87     1.31  0.93  1.46  1.75  1.12
             41.3  33.1  21.8   9.9   0.5  -4.2  -3.9   5.3  19.4  33.9  42.5  46.7     17.6  40.7   9.8  -0.8  30.7
             2.78  3.05  3.41  4.03  4.42  4.73  5.70  5.34  4.96  4.52  3.57  3.21     4.14  3.00  3.93  5.25  4.31
             2.62  2.98  3.41  4.01  4.30  4.51  5.41  5.25  4.95  4.38  3.33  2.92     4.00  2.84  3.90  5.05  4.22
             1.06  1.02  1.00  1.00  1.03  1.05  1.05  1.02  1.00  1.03  1.07  1.10     1.04  1.06  1.01  1.04  1.04
             1.13  1.09  1.04  1.00  0.97  0.95  0.95  0.99  1.04  1.10  1.15  1.18     1.05  1.13  1.01  0.96  1.10
temperature  15.3  15.4  17.0  19.5  22.0  24.7  26.7  26.6  25.5  23.2  20.3  17.1     21.1  15.9  19.5  26.0  23.0
diffusedrad  1.50  1.73  2.06  2.44  2.65  2.67  2.41  2.33  2.15  1.92  1.65  1.47     2.08  1.56  2.38  2.47  1.91
snow10cm     0.00  0.00  0.00  0.00  0.00  0.00  0.00  0.00  0.00  0.00  0.00  0.00     0.00  0.00  0.00  0.00  0.00
