1 94017   与那国島        24   28  123  0.6   30
             2.00  2.31  2.93  3.67  4.49  5.18  6.02  5.50  4.66  3.64  2.63  2.12     3.76  2.14  3.70  5.57  3.64
             2.82  3.25  4.01  4.55  5.80  6.31  6.86  6.13  5.72  4.58  3.38  2.52     3.95  2.61  4.50  6.05  4.27
             1.56  1.55  2.07  2.78  3.50  4.39  5.30  4.75  3.67  3.00  2.12  1.78     3.56  1.79  3.02  5.02  3.17
  0   10     2.09  2.41  3.00  3.67  4.42  5.05  5.84  5.46  4.78  3.83  2.81  2.27     3.80  2.26  3.70  5.45  3.81
  0   20     2.17  2.47  3.02  3.63  4.28  4.82  5.56  5.33  4.81  3.96  2.94  2.37     3.78  2.34  3.65  5.24  3.90
  0   30     2.21  2.48  2.99  3.51  4.06  4.49  5.16  5.07  4.73  4.00  3.01  2.43     3.68  2.37  3.52  4.91  3.92
  0   40     2.20  2.44  2.90  3.34  3.77  4.09  4.64  4.71  4.55  3.96  3.02  2.44     3.50  2.36  3.34  4.48  3.85
  0   50     2.16  2.36  2.75  3.10  3.42  3.61  4.06  4.24  4.27  3.84  2.97  2.41     3.27  2.31  3.09  3.97  3.69
  0   60     2.08  2.23  2.56  2.81  3.01  3.09  3.41  3.70  3.90  3.63  2.86  2.33     2.97  2.21  2.79  3.40  3.46
  0   70     1.95  2.08  2.33  2.48  2.56  2.54  2.70  3.10  3.45  3.35  2.69  2.20     2.62  2.08  2.46  2.78  3.16
  0   80     1.80  1.88  2.07  2.12  2.10  1.99  2.02  2.45  2.93  3.00  2.47  2.04     2.24  1.91  2.10  2.15  2.80
  0   90     1.62  1.66  1.77  1.74  1.66  1.55  1.44  1.81  2.37  2.59  2.21  1.84     1.86  1.70  1.73  1.60  2.39
 15   10     2.09  2.41  3.00  3.67  4.42  5.05  5.85  5.46  4.78  3.82  2.80  2.26     3.80  2.25  3.70  5.45  3.80
 15   20     2.16  2.46  3.02  3.62  4.29  4.83  5.58  5.33  4.81  3.94  2.93  2.36     3.78  2.33  3.64  5.24  3.89
 15   30     2.19  2.46  2.98  3.51  4.07  4.51  5.18  5.08  4.73  3.98  2.99  2.41     3.67  2.36  3.52  4.92  3.90
 15   40     2.19  2.42  2.89  3.33  3.79  4.12  4.70  4.73  4.55  3.93  2.99  2.42     3.50  2.34  3.34  4.52  3.82
 15   50     2.14  2.34  2.74  3.10  3.44  3.66  4.12  4.29  4.27  3.79  2.94  2.38     3.27  2.29  3.09  4.02  3.67
 15   60     2.05  2.22  2.55  2.82  3.04  3.15  3.50  3.76  3.91  3.58  2.82  2.30     2.97  2.19  2.80  3.47  3.44
 15   70     1.93  2.05  2.32  2.49  2.61  2.62  2.83  3.19  3.47  3.30  2.65  2.17     2.63  2.05  2.47  2.88  3.14
 15   80     1.77  1.86  2.05  2.15  2.17  2.10  2.17  2.58  2.97  2.95  2.43  2.00     2.27  1.88  2.12  2.28  2.78
 15   90     1.59  1.64  1.76  1.79  1.75  1.65  1.61  1.99  2.44  2.54  2.17  1.80     1.90  1.68  1.77  1.75  2.38
 30   10     2.07  2.40  2.99  3.67  4.42  5.07  5.88  5.46  4.76  3.79  2.78  2.25     3.79  2.24  3.69  5.47  3.78
 30   20     2.13  2.44  3.00  3.61  4.29  4.86  5.62  5.32  4.78  3.89  2.88  2.33     3.76  2.30  3.63  5.27  3.85
 30   30     2.16  2.43  2.95  3.50  4.09  4.57  5.28  5.09  4.70  3.90  2.93  2.37     3.66  2.32  3.51  4.98  3.84
 30   40     2.14  2.38  2.85  3.32  3.81  4.20  4.82  4.76  4.52  3.84  2.92  2.36     3.50  2.29  3.33  4.59  3.76
 30   50     2.08  2.29  2.70  3.09  3.48  3.78  4.32  4.35  4.25  3.70  2.85  2.31     3.27  2.23  3.09  4.15  3.60
 30   60     1.99  2.16  2.51  2.82  3.11  3.31  3.74  3.87  3.91  3.48  2.72  2.22     2.99  2.12  2.81  3.64  3.37
 30   70     1.86  1.99  2.28  2.51  2.72  2.83  3.15  3.35  3.49  3.19  2.54  2.08     2.67  1.98  2.50  3.11  3.08
 30   80     1.70  1.80  2.02  2.19  2.32  2.36  2.57  2.81  3.04  2.86  2.32  1.91     2.32  1.80  2.17  2.58  2.74
 30   90     1.51  1.58  1.75  1.86  1.94  1.94  2.06  2.29  2.56  2.47  2.05  1.71     1.98  1.60  1.85  2.10  2.36
 45   10     2.05  2.38  2.98  3.66  4.42  5.09  5.90  5.45  4.74  3.75  2.75  2.22     3.78  2.22  3.69  5.48  3.75
 45   20     2.09  2.40  2.97  3.60  4.30  4.90  5.68  5.32  4.74  3.81  2.82  2.28     3.74  2.26  3.62  5.30  3.79
 45   30     2.10  2.38  2.91  3.48  4.10  4.64  5.38  5.10  4.65  3.81  2.84  2.29     3.64  2.25  3.50  5.04  3.76
 45   40     2.06  2.31  2.80  3.31  3.84  4.31  4.99  4.79  4.46  3.72  2.80  2.26     3.47  2.21  3.32  4.70  3.66
 45   50     1.99  2.21  2.65  3.08  3.54  3.93  4.52  4.41  4.21  3.56  2.71  2.20     3.25  2.13  3.09  4.29  3.49
 45   60     1.89  2.07  2.45  2.82  3.19  3.51  4.03  3.98  3.88  3.34  2.57  2.09     2.99  2.02  2.82  3.84  3.26
 45   70     1.75  1.91  2.23  2.53  2.82  3.08  3.51  3.50  3.51  3.06  2.39  1.95     2.69  1.87  2.53  3.37  2.98
 45   80     1.59  1.72  1.99  2.23  2.45  2.65  3.00  3.02  3.09  2.74  2.16  1.77     2.37  1.69  2.22  2.89  2.67
 45   90     1.41  1.51  1.73  1.93  2.10  2.25  2.52  2.56  2.66  2.39  1.92  1.58     2.05  1.50  1.92  2.44  2.32
 60   10     2.03  2.35  2.96  3.65  4.43  5.11  5.93  5.44  4.70  3.70  2.71  2.19     3.77  2.19  3.68  5.49  3.70
 60   20     2.04  2.35  2.93  3.58  4.30  4.95  5.75  5.31  4.68  3.72  2.74  2.21     3.71  2.20  3.60  5.34  3.71
 60   30     2.02  2.31  2.85  3.45  4.12  4.72  5.48  5.09  4.56  3.67  2.72  2.20     3.60  2.17  3.47  5.09  3.65
 60   40     1.96  2.23  2.74  3.28  3.88  4.42  5.14  4.81  4.39  3.56  2.66  2.15     3.44  2.11  3.30  4.79  3.54
 60   50     1.88  2.12  2.58  3.06  3.58  4.07  4.74  4.46  4.13  3.39  2.55  2.06     3.22  2.02  3.07  4.42  3.35
 60   60     1.77  1.98  2.39  2.81  3.26  3.69  4.28  4.05  3.83  3.17  2.40  1.94     2.96  1.89  2.82  4.01  3.13
 60   70     1.63  1.81  2.17  2.54  2.92  3.30  3.82  3.63  3.47  2.90  2.21  1.79     2.68  1.74  2.54  3.59  2.86
 60   80     1.47  1.63  1.94  2.25  2.57  2.90  3.36  3.19  3.10  2.61  2.00  1.62     2.38  1.57  2.25  3.15  2.57
 60   90     1.30  1.43  1.71  1.97  2.23  2.51  2.90  2.75  2.71  2.29  1.77  1.44     2.09  1.39  1.97  2.72  2.26
 75   10     1.99  2.33  2.93  3.63  4.43  5.13  5.96  5.43  4.66  3.64  2.66  2.15     3.74  2.15  3.66  5.50  3.65
 75   20     1.98  2.30  2.88  3.55  4.31  4.99  5.80  5.29  4.60  3.61  2.64  2.13     3.67  2.13  3.58  5.36  3.62
 75   30     1.93  2.23  2.79  3.42  4.13  4.78  5.56  5.08  4.46  3.52  2.59  2.09     3.55  2.08  3.44  5.14  3.52
 75   40     1.86  2.14  2.66  3.24  3.89  4.51  5.26  4.80  4.27  3.38  2.49  2.01     3.38  2.00  3.26  4.86  3.38
 75   50     1.76  2.01  2.50  3.03  3.61  4.19  4.90  4.47  4.02  3.19  2.37  1.91     3.16  1.89  3.05  4.52  3.19
 75   60     1.64  1.87  2.30  2.78  3.30  3.83  4.49  4.08  3.71  2.96  2.21  1.78     2.91  1.76  2.79  4.13  2.96
 75   70     1.50  1.70  2.10  2.52  2.98  3.46  4.05  3.68  3.39  2.71  2.03  1.63     2.65  1.61  2.53  3.73  2.71
 75   80     1.35  1.53  1.88  2.25  2.65  3.08  3.61  3.28  3.04  2.43  1.83  1.47     2.37  1.45  2.26  3.33  2.43
 75   90     1.20  1.35  1.65  1.97  2.31  2.71  3.18  2.86  2.68  2.16  1.62  1.31     2.08  1.28  1.98  2.92  2.15
 90   10     1.96  2.29  2.90  3.62  4.43  5.15  5.98  5.41  4.61  3.58  2.61  2.10     3.72  2.12  3.65  5.51  3.60
 90   20     1.91  2.24  2.83  3.52  4.31  5.03  5.85  5.26  4.51  3.49  2.54  2.05     3.63  2.07  3.56  5.38  3.51
 90   30     1.84  2.15  2.72  3.38  4.13  4.83  5.62  5.04  4.34  3.36  2.45  1.97     3.48  1.99  3.41  5.16  3.38
 90   40     1.74  2.04  2.57  3.19  3.90  4.58  5.34  4.75  4.11  3.17  2.32  1.87     3.30  1.88  3.22  4.89  3.20
 90   50     1.63  1.90  2.40  2.97  3.62  4.27  4.99  4.42  3.85  2.97  2.17  1.75     3.08  1.76  3.00  4.56  3.00
 90   60     1.50  1.75  2.21  2.73  3.31  3.92  4.60  4.05  3.56  2.74  2.01  1.62     2.83  1.62  2.75  4.19  2.77
 90   70     1.37  1.59  2.00  2.47  2.99  3.56  4.17  3.65  3.23  2.48  1.83  1.47     2.57  1.48  2.49  3.79  2.51
 90   80     1.23  1.43  1.79  2.21  2.67  3.19  3.75  3.27  2.91  2.24  1.65  1.33     2.31  1.33  2.23  3.40  2.27
 90   90     1.10  1.27  1.59  1.95  2.35  2.82  3.33  2.88  2.58  1.98  1.46  1.18     2.04  1.18  1.96  3.01  2.00
105   10     1.93  2.26  2.88  3.60  4.43  5.17  6.00  5.40  4.56  3.52  2.55  2.06     3.70  2.08  3.64  5.52  3.54
105   20     1.85  2.18  2.78  3.49  4.31  5.06  5.88  5.23  4.41  3.37  2.44  1.97     3.58  2.00  3.53  5.39  3.40
105   30     1.75  2.07  2.64  3.33  4.12  4.87  5.66  4.97  4.20  3.18  2.30  1.86     3.41  1.89  3.37  5.17  3.22
105   40     1.63  1.93  2.48  3.13  3.88  4.61  5.37  4.67  3.93  2.96  2.15  1.73     3.21  1.76  3.16  4.88  3.01
105   50     1.50  1.79  2.29  2.90  3.60  4.30  5.01  4.32  3.64  2.72  1.98  1.60     2.97  1.63  2.93  4.54  2.78
105   60     1.38  1.64  2.10  2.66  3.28  3.94  4.61  3.94  3.34  2.49  1.80  1.47     2.72  1.49  2.68  4.16  2.54
105   70     1.25  1.48  1.90  2.40  2.96  3.58  4.18  3.54  3.02  2.25  1.64  1.32     2.46  1.35  2.42  3.77  2.30
105   80     1.12  1.33  1.70  2.14  2.64  3.21  3.76  3.15  2.70  2.00  1.47  1.19     2.20  1.22  2.16  3.38  2.06
105   90     1.00  1.18  1.50  1.89  2.33  2.84  3.34  2.79  2.41  1.79  1.31  1.06     1.95  1.08  1.91  2.99  1.84
120   10     1.89  2.24  2.85  3.59  4.43  5.18  6.02  5.38  4.51  3.46  2.50  2.02     3.67  2.05  3.62  5.53  3.49
120   20     1.78  2.12  2.73  3.46  4.31  5.09  5.90  5.19  4.31  3.25  2.34  1.89     3.53  1.93  3.50  5.39  3.30
120   30     1.66  1.99  2.57  3.28  4.11  4.89  5.68  4.91  4.04  3.00  2.16  1.75     3.34  1.80  3.32  5.16  3.07
120   40     1.52  1.83  2.39  3.07  3.85  4.62  5.35  4.56  3.73  2.74  1.97  1.60     3.10  1.65  3.10  4.84  2.81
120   50     1.39  1.67  2.19  2.82  3.55  4.29  4.96  4.17  3.40  2.48  1.79  1.46     2.85  1.51  2.85  4.47  2.56
120   60     1.26  1.52  1.98  2.56  3.22  3.92  4.52  3.76  3.07  2.22  1.62  1.32     2.58  1.37  2.59  4.07  2.30
120   70     1.14  1.37  1.78  2.30  2.89  3.53  4.08  3.35  2.75  1.99  1.46  1.20     2.32  1.24  2.32  3.65  2.07
120   80     1.03  1.23  1.59  2.04  2.56  3.15  3.64  2.95  2.45  1.78  1.30  1.08     2.07  1.11  2.06  3.25  1.84
120   90     0.92  1.09  1.41  1.80  2.25  2.77  3.22  2.60  2.16  1.58  1.17  0.97     1.83  0.99  1.82  2.87  1.64
135   10     1.87  2.21  2.83  3.58  4.43  5.20  6.03  5.37  4.47  3.40  2.46  1.99     3.65  2.02  3.61  5.53  3.44
135   20     1.73  2.07  2.69  3.44  4.31  5.10  5.92  5.15  4.22  3.14  2.25  1.83     3.49  1.88  3.48  5.39  3.20
135   30     1.58  1.91  2.50  3.24  4.10  4.91  5.67  4.84  3.89  2.84  2.03  1.65     3.26  1.71  3.28  5.14  2.92
135   40     1.43  1.74  2.30  3.00  3.83  4.62  5.32  4.44  3.52  2.53  1.81  1.48     3.00  1.55  3.04  4.79  2.62
135   50     1.28  1.57  2.08  2.73  3.50  4.25  4.88  3.99  3.14  2.23  1.62  1.33     2.72  1.40  2.77  4.37  2.33
135   60     1.16  1.41  1.86  2.45  3.14  3.84  4.38  3.52  2.77  1.96  1.45  1.21     2.43  1.26  2.48  3.91  2.06
135   70     1.06  1.27  1.66  2.17  2.78  3.41  3.87  3.08  2.43  1.74  1.30  1.10     2.16  1.14  2.21  3.45  1.83
135   80     0.96  1.14  1.48  1.92  2.44  3.00  3.40  2.68  2.15  1.55  1.18  1.00     1.91  1.04  1.95  3.03  1.62
135   90     0.87  1.03  1.32  1.70  2.13  2.62  2.98  2.34  1.91  1.38  1.07  0.91     1.69  0.94  1.72  2.65  1.45
150   10     1.85  2.19  2.82  3.56  4.43  5.21  6.04  5.36  4.44  3.36  2.42  1.96     3.64  2.00  3.61  5.54  3.41
150   20     1.69  2.04  2.65  3.42  4.31  5.12  5.93  5.13  4.14  3.06  2.18  1.77     3.45  1.83  3.46  5.39  3.13
150   30     1.51  1.85  2.45  3.21  4.09  4.92  5.67  4.79  3.77  2.70  1.92  1.57     3.21  1.65  3.25  5.13  2.80
150   40     1.34  1.66  2.22  2.95  3.81  4.62  5.29  4.35  3.34  2.34  1.67  1.38     2.91  1.46  2.99  4.76  2.45
150   50     1.20  1.47  1.97  2.65  3.46  4.23  4.80  3.83  2.88  1.99  1.46  1.23     2.60  1.30  2.69  4.29  2.11
150   60     1.10  1.31  1.74  2.33  3.06  3.77  4.21  3.29  2.45  1.70  1.30  1.13     2.28  1.18  2.38  3.76  1.82
150   70     1.01  1.19  1.54  2.04  2.65  3.26  3.60  2.77  2.09  1.50  1.20  1.05     1.99  1.09  2.08  3.21  1.60
150   80     0.93  1.09  1.38  1.79  2.28  2.78  3.05  2.35  1.83  1.36  1.10  0.97     1.74  1.00  1.81  2.73  1.43
150   90     0.85  0.99  1.24  1.58  1.97  2.40  2.62  2.03  1.63  1.24  1.01  0.89     1.54  0.91  1.60  2.35  1.29
165   10     1.83  2.18  2.81  3.56  4.44  5.21  6.05  5.37  4.42  3.34  2.40  1.94     3.63  1.99  3.60  5.54  3.39
165   20     1.66  2.01  2.63  3.40  4.31  5.13  5.94  5.13  4.09  3.00  2.14  1.74     3.43  1.80  3.45  5.40  3.08
165   30     1.47  1.81  2.42  3.19  4.10  4.94  5.69  4.78  3.69  2.61  1.85  1.51     3.17  1.60  3.23  5.14  2.72
165   40     1.28  1.60  2.16  2.92  3.81  4.64  5.31  4.32  3.21  2.19  1.56  1.30     2.86  1.39  2.96  4.76  2.32
165   50     1.15  1.39  1.89  2.60  3.46  4.25  4.81  3.77  2.68  1.78  1.33  1.19     2.52  1.24  2.65  4.28  1.93
165   60     1.08  1.25  1.63  2.25  3.04  3.77  4.21  3.15  2.16  1.48  1.25  1.12     2.20  1.15  2.31  3.71  1.63
165   70     1.01  1.16  1.44  1.90  2.58  3.23  3.51  2.48  1.75  1.33  1.17  1.05     1.88  1.07  1.97  3.08  1.42
165   80     0.93  1.07  1.31  1.65  2.10  2.64  2.75  1.97  1.53  1.25  1.09  0.97     1.61  0.99  1.69  2.45  1.29
165   90     0.85  0.98  1.20  1.47  1.79  2.14  2.22  1.69  1.40  1.17  1.01  0.89     1.40  0.91  1.49  2.02  1.19
180   10     1.83  2.18  2.80  3.56  4.44  5.21  6.05  5.37  4.41  3.33  2.39  1.94     3.63  1.98  3.60  5.55  3.38
180   20     1.65  2.00  2.63  3.40  4.31  5.13  5.94  5.14  4.07  2.98  2.12  1.72     3.42  1.79  3.45  5.41  3.06
180   30     1.45  1.80  2.40  3.18  4.11  4.93  5.70  4.80  3.65  2.58  1.82  1.49     3.16  1.58  3.23  5.14  2.68
180   40     1.25  1.57  2.15  2.91  3.82  4.64  5.32  4.35  3.16  2.13  1.51  1.27     2.84  1.36  2.96  4.77  2.27
180   50     1.15  1.34  1.86  2.59  3.46  4.25  4.81  3.81  2.62  1.67  1.32  1.19     2.50  1.23  2.64  4.29  1.87
180   60     1.08  1.24  1.55  2.23  3.05  3.77  4.21  3.19  2.03  1.39  1.25  1.12     2.18  1.15  2.28  3.72  1.55
180   70     1.01  1.16  1.39  1.86  2.59  3.23  3.51  2.52  1.45  1.32  1.17  1.05     1.85  1.07  1.95  3.09  1.31
180   80     0.93  1.07  1.29  1.55  2.10  2.63  2.75  1.81  1.35  1.24  1.09  0.97     1.57  0.99  1.65  2.40  1.23
180   90     0.85  0.98  1.19  1.41  1.71  2.03  2.05  1.55  1.29  1.17  1.01  0.89     1.34  0.91  1.44  1.88  1.15
             34.2  27.0  18.5   8.4  -0.9  -7.5  -7.4   3.6  17.8  30.2  36.6  37.6     11.7  32.9   7.2  -3.8  26.5
             2.21  2.48  3.03  3.67  4.47  5.21  6.06  5.49  4.81  4.00  3.02  2.44     3.91  2.37  3.70  5.57  3.92
             2.11  2.42  3.01  3.67  4.40  5.01  5.80  5.45  4.79  3.86  2.84  2.29     3.80  2.27  3.69  5.42  3.83
             1.05  1.02  1.01  1.00  1.02  1.04  1.04  1.01  1.00  1.04  1.06  1.07     1.03  1.05  1.01  1.03  1.03
             1.05  1.04  1.03  1.00  0.98  0.97  0.96  0.99  1.03  1.06  1.08  1.08     1.02  1.06  1.00  0.97  1.06
temperature  18.3  18.7  20.4  22.9  25.3  27.5  28.8  28.5  27.3  25.4  22.8  19.8     23.8  18.9  22.9  28.3  25.2
diffusedrad  1.44  1.64  1.99  2.37  2.63  2.60  2.24  2.27  2.19  2.00  1.70  1.49     2.05  1.52  2.33  2.37  1.96
snow10cm     0.00  0.00  0.00  0.00  0.00  0.00  0.00  0.00  0.00  0.00  0.00  0.00     0.00  0.00  0.00  0.00  0.00
